mq_name;tag;stunde;qualitaet;q_kfz_mq_hr;v_kfz_mq_hr;q_pkw_mq_hr;v_pkw_mq_hr;q_lkw_mq_hr;v_lkw_mq_hr
TE001;01.01.2024;0;1.0;127;63;126;63;1;70
TE001;01.01.2024;1;1.0;455;60;455;60;0;-1
TE001;01.01.2024;2;1.0;475;61;475;61;0;-1
TE001;01.01.2024;3;1.0;285;64;284;64;1;69
TE001;01.01.2024;4;1.0;167;75;159;75;8;74
TE001;01.01.2024;5;1.0;115;67;111;67;3;71
TE001;01.01.2024;6;1.0;97;77;93;77;4;76
TE001;01.01.2024;7;1.0;102;66;93;65;9;68
TE001;01.01.2024;8;1.0;197;71;188;70;9;81
TE001;01.01.2024;9;1.0;412;58;399;58;13;68
TE001;01.01.2024;10;1.0;874;49;859;49;15;57
TE001;01.01.2024;12;1.0;2087;39;2071;39;15;61
TE001;01.01.2024;14;1.0;2039;38;2031;38;8;58
TE001;01.01.2024;15;1.0;1677;37;1666;37;11;53
TE001;01.01.2024;16;1.0;1283;55;1270;55;13;78
TE001;01.01.2024;17;1.0;1022;55;1015;55;7;81
TE001;01.01.2024;18;1.0;715;64;706;64;9;72
TE001;01.01.2024;19;1.0;495;70;486;70;9;71
TE001;01.01.2024;20;1.0;403;67;396;67;7;77
TE001;01.01.2024;21;1.0;316;58;301;58;14;67
TE001;01.01.2024;22;1.0;235;52;222;51;13;60
TE001;01.01.2024;23;1.0;161;53;153;53;8;62
TE001;02.01.2024;0;1.0;96;71;84;69;12;84
TE001;02.01.2024;1;1.0;66;55;53;51;13;72
TE001;02.01.2024;2;1.0;73;59;62;58;11;69
TE001;02.01.2024;3;1.0;110;63;70;62;39;67
TE001;02.01.2024;4;1.0;171;65;138;63;33;72
TE001;02.01.2024;5;1.0;425;69;358;68;67;73
TE001;02.01.2024;6;1.0;703;64;643;64;60;72
TE001;02.01.2024;7;1.0;942;59;861;58;81;72
TE001;02.01.2024;8;1.0;964;63;866;62;98;71
TE001;02.01.2024;9;1.0;1061;63;979;62;82;70
TE001;02.01.2024;10;1.0;1110;64;910;69;201;41
TE001;02.01.2024;11;1.0;1156;61;1057;61;99;60
TE001;02.01.2024;12;1.0;1362;48;1266;47;96;62
TE001;02.01.2024;13;1.0;1459;50;1379;48;80;70
TE001;02.01.2024;14;1.0;1402;49;1341;49;61;60
TE001;02.01.2024;15;1.0;1249;60;1174;60;75;57
TE001;02.01.2024;16;1.0;1207;54;1144;54;63;57
TE001;02.01.2024;17;1.0;1265;46;1226;46;39;60
TE001;02.01.2024;18;1.0;961;45;923;45;38;47
TE001;02.01.2024;19;1.0;669;56;642;57;27;43
TE001;02.01.2024;20;1.0;492;61;477;61;15;60
TE001;02.01.2024;21;1.0;466;50;403;56;63;11
TE001;02.01.2024;22;1.0;444;48;361;57;83;8
TE001;02.01.2024;23;1.0;368;31;296;38;72;3
TE001;03.01.2024;0;1.0;137;42;111;51;26;3
TE001;03.01.2024;1;1.0;103;52;85;60;18;12
TE001;03.01.2024;3;1.0;127;52;95;58;32;34
TE001;03.01.2024;4;1.0;205;48;180;50;24;39
TE001;03.01.2024;5;1.0;470;54;451;53;20;65
TE001;03.01.2024;6;1.0;866;65;798;64;67;77
TE001;03.01.2024;7;1.0;1095;52;997;49;98;75
TE001;03.01.2024;8;1.0;1212;25;1167;24;45;51
TE001;03.01.2024;9;1.0;1159;22;1109;20;50;78
TE001;03.01.2024;10;1.0;1487;46;1337;47;150;40
TE001;03.01.2024;11;1.0;1700;51;1587;50;113;76
TE001;03.01.2024;12;1.0;1725;40;1639;39;86;65
TE001;03.01.2024;13;1.0;1856;39;1766;38;89;65
TE001;03.01.2024;14;1.0;2085;31;2030;30;55;55
TE001;03.01.2024;15;1.0;1751;56;1686;55;65;81
TE001;03.01.2024;16;1.0;1727;53;1678;52;49;79
TE001;03.01.2024;17;1.0;1614;45;1585;45;29;74
TE001;03.01.2024;18;1.0;1266;50;1223;50;43;70
TE001;03.01.2024;19;1.0;982;55;938;54;44;73
TE001;03.01.2024;20;1.0;759;45;744;45;15;61
TE001;03.01.2024;21;1.0;636;45;623;45;13;57
TE001;03.01.2024;22;1.0;496;52;483;51;13;71
TE001;03.01.2024;23;1.0;307;64;295;63;12;78
TE001;04.01.2024;2;1.0;84;74;76;73;8;82
TE001;04.01.2024;3;1.0;116;73;91;72;25;79
TE001;04.01.2024;4;1.0;163;71;108;69;55;76
TE001;04.01.2024;5;1.0;410;66;365;65;45;77
TE001;04.01.2024;6;1.0;717;63;651;62;66;75
TE001;04.01.2024;7;1.0;851;68;747;68;103;70
TE001;04.01.2024;8;1.0;1126;60;823;72;303;27
TE001;04.01.2024;9;1.0;1276;56;821;72;455;24
TE001;04.01.2024;10;1.0;1243;58;877;72;366;26
TE001;04.01.2024;11;1.0;1221;57;903;66;318;30
TE001;04.01.2024;12;1.0;1251;59;1135;58;116;71
TE001;04.01.2024;13;1.0;1220;64;1113;63;107;69
TE001;04.01.2024;14;1.0;1234;64;1136;64;98;70
TE001;04.01.2024;15;1.0;1572;55;1490;54;82;69
TE001;04.01.2024;16;1.0;1600;51;1529;51;71;69
TE001;04.01.2024;17;1.0;1386;56;1340;55;46;70
TE001;05.01.2024;6;1.0;643;71;572;71;71;73
TE001;05.01.2024;7;1.0;736;68;658;68;78;68
TE001;05.01.2024;10;1.0;1061;68;940;67;121;70
TE001;05.01.2024;11;1.0;1077;71;964;71;113;70
TE001;05.01.2024;13;1.0;1320;60;1220;59;100;68
TE001;05.01.2024;14;1.0;1367;64;1277;64;91;69
TE001;05.01.2024;15;1.0;1388;58;1210;63;179;28
TE001;05.01.2024;17;1.0;1211;55;1127;56;84;36
TE001;05.01.2024;18;1.0;1041;54;787;67;254;13
TE001;05.01.2024;19;1.0;834;58;582;76;252;18
TE001;05.01.2024;20;1.0;651;62;501;75;150;16
TE001;05.01.2024;21;1.0;567;63;418;80;149;17
TE001;05.01.2024;22;1.0;468;57;361;70;106;15
TE001;05.01.2024;23;1.0;374;63;283;76;91;21
TE001;06.01.2024;0;1.0;212;72;187;77;25;38
TE001;06.01.2024;1;1.0;160;71;134;75;26;46
TE001;06.01.2024;2;1.0;99;78;81;80;18;71
TE001;06.01.2024;3;1.0;108;74;75;75;33;72
TE001;06.01.2024;4;1.0;118;71;104;70;14;79
TE001;06.01.2024;5;1.0;183;72;161;72;22;74
TE001;06.01.2024;6;1.0;258;72;228;71;30;78
TE001;06.01.2024;7;1.0;396;68;354;67;42;72
TE001;06.01.2024;8;1.0;649;63;611;63;38;66
TE001;06.01.2024;9;1.0;966;62;926;62;40;53
TE001;06.01.2024;10;1.0;1140;60;1118;60;22;69
TE001;06.01.2024;11;1.0;1362;58;1338;58;24;71
TE001;06.01.2024;12;1.0;1417;55;1385;54;32;70
TE001;06.01.2024;13;1.0;1282;61;1243;62;39;40
TE001;06.01.2024;14;1.0;1320;60;1293;60;26;61
TE001;06.01.2024;15;1.0;1185;62;1163;62;22;47
TE001;06.01.2024;16;1.0;1073;62;1056;62;17;64
TE001;06.01.2024;17;1.0;858;66;810;69;48;14
TE001;06.01.2024;18;1.0;864;64;825;65;38;26
TE001;06.01.2024;19;1.0;690;66;672;66;18;76
TE001;06.01.2024;20;1.0;591;66;579;66;12;61
TE001;06.01.2024;21;1.0;451;71;434;72;17;54
TE001;06.01.2024;22;1.0;549;60;541;60;7;43
TE001;06.01.2024;23;1.0;356;66;353;66;3;52
TE001;07.01.2024;0;1.0;238;70;237;70;1;3
TE001;07.01.2024;1;1.0;161;74;155;75;6;48
TE001;07.01.2024;2;1.0;121;77;120;77;1;85
TE001;07.01.2024;3;1.0;95;68;94;68;1;3
TE001;07.01.2024;4;1.0;80;68;77;68;3;78
TE001;07.01.2024;5;1.0;99;73;96;73;3;73
TE001;07.01.2024;6;1.0;164;74;150;74;14;73
TE001;07.01.2024;7;1.0;210;74;197;74;13;73
TE001;07.01.2024;8;1.0;381;72;372;72;9;74
TE001;07.01.2024;9;1.0;622;72;602;73;19;61
TE001;07.01.2024;10;1.0;998;65;972;66;26;38
TE001;07.01.2024;11;1.0;1272;62;1241;63;31;32
TE001;07.01.2024;12;1.0;1363;60;1343;60;20;48
TE001;07.01.2024;13;1.0;1337;57;1308;57;29;24
TE001;07.01.2024;14;1.0;1292;56;1218;58;74;20
TE001;07.01.2024;15;1.0;1222;57;1192;58;30;19
TE001;07.01.2024;16;1.0;1050;58;994;60;56;12
TE001;07.01.2024;17;1.0;880;66;852;66;28;43
TE001;07.01.2024;20;1.0;535;69;506;71;29;41
TE001;07.01.2024;21;1.0;461;71;443;71;18;75
TE001;07.01.2024;22;1.0;381;74;351;74;30;74
TE001;07.01.2024;23;1.0;207;74;179;74;28;74
TE001;08.01.2024;0;1.0;125;75;101;75;24;74
TE001;08.01.2024;1;1.0;79;73;59;73;20;72
TE001;08.01.2024;2;1.0;95;73;64;73;31;71
TE001;08.01.2024;3;1.0;126;75;81;75;45;73
TE001;08.01.2024;4;1.0;251;76;184;76;67;75
TE001;08.01.2024;5;1.0;474;76;410;76;64;76
TE001;08.01.2024;6;1.0;715;74;636;74;79;74
TE001;08.01.2024;7;1.0;887;72;827;72;60;71
TE001;08.01.2024;8;1.0;925;73;832;73;93;74
TE001;08.01.2024;9;1.0;768;78;651;78;117;78
TE001;08.01.2024;10;1.0;708;79;592;79;116;79
TE001;08.01.2024;11;1.0;718;78;598;78;120;78
TE001;08.01.2024;12;1.0;779;75;672;75;107;75
TE001;08.01.2024;13;1.0;815;78;712;78;103;78
TE001;08.01.2024;14;1.0;901;83;798;83;103;83
TE001;08.01.2024;15;1.0;1110;75;1024;74;86;76
TE001;08.01.2024;16;1.0;1042;72;978;72;64;71
TE001;08.01.2024;17;1.0;976;70;919;70;57;70
TE001;08.01.2024;18;1.0;866;72;811;72;55;72
TE001;08.01.2024;19;1.0;641;71;590;71;51;71
TE001;08.01.2024;20;1.0;487;72;446;72;41;72
TE001;08.01.2024;21;1.0;368;72;343;72;25;71
TE001;08.01.2024;22;1.0;364;76;332;76;32;75
TE001;08.01.2024;23;1.0;180;77;160;77;20;78
TE001;09.01.2024;0;1.0;118;75;89;75;29;75
TE001;09.01.2024;1;1.0;78;77;58;77;20;75
TE001;09.01.2024;2;1.0;77;73;56;73;21;74
TE001;09.01.2024;3;1.0;109;74;73;75;36;73
TE001;09.01.2024;4;1.0;202;74;144;74;58;75
TE001;09.01.2024;5;1.0;445;74;378;74;67;74
TE001;09.01.2024;6;1.0;777;75;689;75;88;75
TE001;09.01.2024;7;1.0;974;70;848;70;126;71
TE001;09.01.2024;8;1.0;1064;71;953;71;111;71
TE001;09.01.2024;9;1.0;934;74;816;74;118;74
TE001;09.01.2024;10;1.0;857;78;695;78;162;79
TE001;09.01.2024;11;1.0;1063;73;893;71;170;80
TE001;09.01.2024;12;1.0;953;77;776;77;177;77
TE001;09.01.2024;13;1.0;1356;64;1183;62;173;82
TE001;09.01.2024;14;1.0;1121;84;983;84;138;82
TE001;09.01.2024;15;1.0;1208;79;1081;79;127;81
TE001;09.01.2024;16;1.0;1259;69;1165;69;94;70
TE001;09.01.2024;17;1.0;1069;70;1022;70;47;69
TE001;09.01.2024;18;1.0;965;72;929;72;36;72
TE001;09.01.2024;19;1.0;809;73;765;73;44;73
TE001;09.01.2024;20;1.0;646;72;587;72;59;72
TE001;09.01.2024;21;1.0;519;74;478;74;41;73
TE001;09.01.2024;22;1.0;392;74;367;74;25;73
TE001;09.01.2024;23;1.0;192;77;170;77;22;77
TE001;10.01.2024;0;1.0;124;74;102;74;22;75
TE001;10.01.2024;1;1.0;93;76;65;77;28;75
TE001;10.01.2024;2;1.0;83;76;59;77;24;73
TE001;10.01.2024;3;1.0;117;70;70;70;47;69
TE001;10.01.2024;4;1.0;189;74;132;74;57;75
TE001;10.01.2024;5;1.0;483;80;397;80;86;80
TE001;10.01.2024;6;1.0;832;75;724;75;108;75
TE001;10.01.2024;7;1.0;1063;74;934;74;129;74
TE001;10.01.2024;8;1.0;1108;71;973;71;135;72
TE001;10.01.2024;9;1.0;941;83;799;83;142;83
TE001;10.01.2024;10;1.0;892;68;702;69;189;67
TE001;10.01.2024;11;1.0;1122;62;938;61;185;73
TE001;10.01.2024;12;1.0;1359;59;1181;56;178;78
TE001;10.01.2024;13;1.0;1256;72;1100;71;156;78
TE001;10.01.2024;14;1.0;1366;62;1247;61;119;78
TE001;10.01.2024;16;1.0;1294;70;1207;70;87;70
TE001;10.01.2024;17;1.0;1228;69;1157;69;71;69
TE001;10.01.2024;18;1.0;1097;69;1041;69;56;69
TE001;10.01.2024;19;1.0;849;70;799;70;50;70
TE001;10.01.2024;20;1.0;660;71;611;71;49;71
TE001;10.01.2024;21;1.0;546;73;513;73;33;73
TE001;10.01.2024;22;1.0;432;74;406;74;26;74
TE001;10.01.2024;23;1.0;315;73;293;73;22;74
TE001;11.01.2024;0;1.0;150;75;131;75;19;76
TE001;11.01.2024;1;1.0;96;79;77;79;19;80
TE001;11.01.2024;2;1.0;84;78;52;78;32;78
TE001;11.01.2024;3;1.0;108;75;61;75;47;75
TE001;11.01.2024;4;1.0;184;82;126;82;58;83
TE001;11.01.2024;5;1.0;456;85;388;85;68;85
TE001;11.01.2024;6;1.0;729;83;622;83;107;82
TE001;11.01.2024;7;1.0;958;82;840;82;118;83
TE001;11.01.2024;8;1.0;1023;75;912;75;111;76
TE001;11.01.2024;9;1.0;934;81;830;81;104;82
TE001;11.01.2024;10;1.0;927;83;789;83;138;83
TE001;11.01.2024;11;1.0;905;75;763;75;143;76
TE001;11.01.2024;12;1.0;1047;81;912;81;135;82
TE001;11.01.2024;13;1.0;1145;80;1044;80;101;80
TE001;11.01.2024;14;1.0;1207;72;1128;72;79;72
TE001;11.01.2024;15;1.0;1191;77;1115;77;76;78
TE001;11.01.2024;16;1.0;1107;74;1063;74;44;73
TE001;11.01.2024;17;1.0;1017;68;970;68;47;68
TE001;11.01.2024;18;1.0;982;70;965;70;17;74
TE001;11.01.2024;19;1.0;816;77;797;77;19;75
TE001;11.01.2024;20;1.0;571;82;558;82;13;82
TE001;11.01.2024;21;1.0;455;74;440;74;15;78
TE001;11.01.2024;22;1.0;412;85;401;85;11;85
TE001;11.01.2024;23;1.0;294;69;286;69;8;77
TE001;12.01.2024;0;1.0;124;79;119;78;5;82
TE001;12.01.2024;5;1.0;401;89;372;89;29;89
TE001;12.01.2024;6;1.0;656;83;607;83;49;83
TE001;12.01.2024;15;1.0;1295;69;1225;69;70;69
TE001;12.01.2024;16;1.0;1229;67;1176;67;53;68
TE001;12.01.2024;17;1.0;1160;60;1115;60;45;54
TE001;12.01.2024;18;1.0;921;67;885;67;36;66
TE001;12.01.2024;19;1.0;660;74;625;74;35;74
TE001;12.01.2024;20;1.0;524;76;491;75;33;76
TE001;12.01.2024;21;1.0;443;81;426;81;17;78
TE001;12.01.2024;22;1.0;420;85;406;85;14;85
TE001;12.01.2024;23;1.0;363;86;351;86;12;88
TE001;13.01.2024;0;1.0;238;93;231;93;7;88
TE001;13.01.2024;1;1.0;148;67;140;67;7;77
TE001;13.01.2024;2;1.0;135;66;128;66;7;61
TE001;13.01.2024;4;1.0;113;73;109;73;4;68
TE001;13.01.2024;5;1.0;187;70;178;70;9;77
TE001;13.01.2024;6;1.0;319;55;317;55;2;82
TE001;13.01.2024;7;1.0;476;64;450;63;26;83
TE001;13.01.2024;8;1.0;748;64;728;63;20;77
TE001;13.01.2024;9;1.0;1028;63;1010;63;18;76
TE001;13.01.2024;10;1.0;1062;59;1038;58;24;72
TE001;13.01.2024;11;1.0;1211;66;1199;65;12;83
TE001;13.01.2024;12;1.0;1144;52;1133;52;11;58
TE001;13.01.2024;13;1.0;1366;55;1353;54;13;75
TE001;13.01.2024;14;1.0;1101;72;1034;76;67;13
TE001;13.01.2024;15;1.0;1205;60;1194;60;11;77
TE001;13.01.2024;16;1.0;1024;59;1013;58;11;74
TE001;13.01.2024;17;1.0;1111;37;1103;37;8;41
TE001;13.01.2024;18;1.0;1037;52;1028;52;9;77
TE001;13.01.2024;19;1.0;899;53;891;53;8;67
TE001;13.01.2024;20;1.0;750;49;746;49;4;62
TE001;13.01.2024;21;1.0;610;52;597;52;13;72
TE001;13.01.2024;22;1.0;508;53;502;53;6;72
TE001;13.01.2024;23;1.0;510;62;506;62;4;32
TE001;14.01.2024;0;1.0;363;67;352;68;11;16
TE001;14.01.2024;1;1.0;232;71;188;86;44;5
TE001;14.01.2024;2;1.0;103;67;96;70;7;33
TE001;14.01.2024;3;1.0;98;60;75;76;23;7
TE001;14.01.2024;4;1.0;91;66;74;79;17;7
TE001;14.01.2024;5;1.0;118;71;99;82;19;12
TE001;14.01.2024;6;1.0;168;54;131;65;37;17
TE001;14.01.2024;7;1.0;165;62;147;68;18;17
TE001;14.01.2024;8;1.0;427;62;378;69;49;15
TE001;14.01.2024;11;1.0;1284;69;1260;69;24;57
TE001;14.01.2024;12;1.0;1297;64;1276;64;21;28
TE001;14.01.2024;13;1.0;1344;59;1333;59;11;62
TE001;14.01.2024;14;1.0;1334;55;1328;55;6;64
TE001;14.01.2024;15;1.0;1008;77;999;77;9;79
TE001;14.01.2024;16;1.0;1138;60;1112;61;26;12
TE001;14.01.2024;17;1.0;1050;55;1027;55;23;50
TE001;14.01.2024;18;1.0;975;64;969;64;6;82
TE001;14.01.2024;19;1.0;704;54;684;54;20;70
TE001;14.01.2024;20;1.0;620;58;608;58;12;80
TE001;14.01.2024;21;1.0;408;61;388;61;19;56
TE001;14.01.2024;22;1.0;457;54;292;75;165;16
TE001;14.01.2024;23;1.0;400;53;364;55;36;32
TE001;15.01.2024;0;1.0;101;66;88;65;13;73
TE001;15.01.2024;1;1.0;79;70;67;69;12;73
TE001;15.01.2024;2;1.0;68;69;43;66;25;73
TE001;15.01.2024;4;1.0;215;53;141;63;74;37
TE001;15.01.2024;5;1.0;463;73;373;78;90;50
TE001;15.01.2024;6;1.0;683;72;630;72;53;71
TE001;15.01.2024;7;1.0;834;80;778;80;56;78
TE001;15.01.2024;8;1.0;886;82;823;83;63;77
TE001;15.01.2024;9;1.0;780;83;715;83;65;81
TE001;15.01.2024;10;1.0;821;79;741;79;81;77
TE001;15.01.2024;12;1.0;990;70;902;70;88;79
TE001;15.01.2024;13;1.0;1180;57;1054;55;126;72
TE001;15.01.2024;14;1.0;1551;51;1434;49;117;76
TE001;15.01.2024;15;1.0;1365;62;1185;60;180;78
TE001;15.01.2024;16;1.0;1258;65;1154;64;104;76
TE001;15.01.2024;17;1.0;1307;52;1217;52;90;61
TE001;15.01.2024;18;1.0;1207;52;1092;53;115;37
TE001;15.01.2024;19;1.0;699;65;631;65;68;63
TE001;15.01.2024;20;1.0;569;63;425;76;144;24
TE001;15.01.2024;21;1.0;466;64;428;65;38;57
TE001;15.01.2024;22;1.0;404;73;368;74;35;61
TE001;15.01.2024;23;1.0;253;77;218;79;35;69
TE001;16.01.2024;0;1.0;113;72;89;73;24;66
TE001;16.01.2024;1;1.0;70;62;45;66;25;58
TE001;16.01.2024;2;1.0;84;54;62;56;22;48
TE001;16.01.2024;3;1.0;126;59;88;61;38;53
TE001;16.01.2024;4;1.0;161;54;123;54;38;53
TE001;16.01.2024;5;1.0;346;63;274;63;72;62
TE001;16.01.2024;6;1.0;630;62;542;62;88;63
TE001;16.01.2024;7;1.0;820;69;707;69;113;69
TE001;16.01.2024;8;1.0;964;70;840;70;124;71
TE001;16.01.2024;10;1.0;941;67;764;69;177;59
TE001;16.01.2024;11;1.0;901;68;762;66;140;73
TE001;16.01.2024;12;1.0;924;77;785;77;139;76
TE001;16.01.2024;13;1.0;1031;63;904;61;128;71
TE001;16.01.2024;14;1.0;1649;51;1522;49;127;76
TE001;16.01.2024;15;1.0;1482;60;1378;59;104;79
TE001;16.01.2024;16;1.0;1386;55;1285;54;101;66
TE001;16.01.2024;17;1.0;1176;54;1107;53;69;69
TE001;16.01.2024;18;1.0;1030;66;955;66;74;74
TE001;16.01.2024;19;1.0;752;74;679;75;73;64
TE001;16.01.2024;20;1.0;603;67;549;69;54;48
TE001;16.01.2024;21;1.0;473;69;412;73;61;44
TE001;16.01.2024;22;1.0;382;76;339;79;43;53
TE001;17.01.2024;0;1.0;147;74;109;74;38;74
TE001;17.01.2024;1;1.0;97;74;62;76;35;73
TE001;17.01.2024;2;1.0;95;73;68;72;27;73
TE001;17.01.2024;3;1.0;117;71;71;72;46;70
TE001;17.01.2024;4;1.0;163;74;117;74;46;73
TE001;17.01.2024;5;1.0;442;73;372;73;70;73
TE001;17.01.2024;6;1.0;751;70;662;70;89;71
TE001;17.01.2024;7;1.0;961;69;850;69;111;69
TE001;17.01.2024;8;1.0;1020;69;906;69;114;68
TE001;17.01.2024;9;1.0;954;72;811;72;143;72
TE001;17.01.2024;11;1.0;1287;58;1102;55;185;75
TE001;17.01.2024;12;1.0;1404;57;1217;53;187;82
TE001;17.01.2024;13;1.0;1241;56;1112;53;129;77
TE001;17.01.2024;14;1.0;1551;54;1331;56;220;44
TE001;17.01.2024;15;1.0;1795;51;1499;55;296;27
TE001;17.01.2024;16;1.0;1637;55;1566;54;71;70
TE001;17.01.2024;17;1.0;1064;71;989;71;75;71
TE001;17.01.2024;20;1.0;525;66;485;66;40;62
TE001;17.01.2024;21;1.0;433;66;387;68;46;42
TE001;17.01.2024;22;1.0;385;68;337;71;49;44
TE001;17.01.2024;23;1.0;192;80;170;80;22;77
TE001;18.01.2024;0;1.0;100;77;76;79;24;72
TE001;18.01.2024;1;1.0;72;74;55;73;17;76
TE001;18.01.2024;2;1.0;64;76;41;76;23;77
TE001;18.01.2024;3;1.0;117;67;74;69;43;62
TE001;18.01.2024;4;1.0;151;80;95;81;56;80
TE001;18.01.2024;5;1.0;380;77;303;78;77;75
TE001;18.01.2024;6;1.0;683;74;596;74;87;73
TE001;18.01.2024;7;1.0;942;70;836;71;105;69
TE001;18.01.2024;8;1.0;1100;71;991;71;109;72
TE001;18.01.2024;9;1.0;965;75;813;75;152;74
TE001;18.01.2024;12;1.0;1267;67;1101;67;166;70
TE001;18.01.2024;13;1.0;1535;52;1384;51;151;68
TE001;18.01.2024;14;1.0;1657;54;1516;52;142;75
TE001;18.01.2024;15;1.0;1593;60;1496;58;98;79
TE001;18.01.2024;16;1.0;1225;63;1139;63;86;63
TE001;19.01.2024;7;1.0;899;83;798;83;101;82
TE001;19.01.2024;8;1.0;978;85;834;85;144;86
TE001;19.01.2024;9;1.0;1034;76;888;75;146;81
TE001;19.01.2024;10;1.0;1229;63;1061;63;168;61
TE001;19.01.2024;11;1.0;1629;54;1482;52;147;81
TE001;19.01.2024;12;1.0;1576;48;1470;46;106;76
TE001;19.01.2024;13;1.0;1517;53;1415;51;102;76
TE001;19.01.2024;14;1.0;1788;50;1696;48;92;76
TE001;19.01.2024;15;1.0;1887;51;1752;48;135;84
TE001;19.01.2024;17;1.0;1054;67;992;67;62;65
TE001;19.01.2024;18;1.0;1035;63;980;63;55;65
TE001;19.01.2024;19;1.0;821;62;765;62;56;60
TE001;19.01.2024;20;1.0;568;69;523;71;45;45
TE001;19.01.2024;22;1.0;443;75;416;76;27;50
TE001;19.01.2024;23;1.0;392;72;364;74;28;33
TE001;20.01.2024;0;1.0;233;70;196;77;36;36
TE001;20.01.2024;1;1.0;124;80;113;83;11;46
TE001;20.01.2024;2;1.0;112;72;92;74;20;64
TE001;20.01.2024;3;1.0;78;70;55;73;23;63
TE001;20.01.2024;4;1.0;113;69;91;70;21;69
TE001;20.01.2024;5;1.0;224;69;198;69;26;68
TE001;20.01.2024;6;1.0;302;61;266;61;36;55
TE001;20.01.2024;7;1.0;451;75;404;76;47;72
TE001;20.01.2024;8;1.0;831;55;783;56;48;40
TE001;20.01.2024;9;1.0;1011;62;851;72;160;8
TE001;20.01.2024;10;1.0;972;69;957;69;15;65
TE001;20.01.2024;11;1.0;1295;59;1038;71;257;11
TE001;20.01.2024;12;1.0;1250;54;1227;54;23;72
TE001;20.01.2024;13;1.0;1392;57;1368;56;24;77
TE001;20.01.2024;14;1.0;1489;53;1477;53;12;78
TE001;20.01.2024;15;1.0;1478;47;1462;47;16;69
TE001;20.01.2024;16;1.0;1025;66;974;66;51;57
TE001;20.01.2024;17;1.0;1077;60;1042;60;35;66
TE001;20.01.2024;18;1.0;1193;54;1082;58;112;15
TE001;20.01.2024;19;1.0;927;53;890;54;37;29
TE001;20.01.2024;20;1.0;742;54;585;67;157;8
TE001;20.01.2024;21;1.0;555;64;538;64;17;48
TE001;20.01.2024;22;1.0;487;72;481;72;6;73
TE001;20.01.2024;23;1.0;434;72;431;72;3;70
TE001;21.01.2024;0;1.0;323;71;315;71;8;70
TE001;21.01.2024;1;1.0;166;73;162;73;4;76
TE001;21.01.2024;2;1.0;125;74;119;74;6;76
TE001;21.01.2024;3;1.0;81;74;78;74;3;75
TE001;21.01.2024;4;1.0;71;73;69;73;2;72
TE001;21.01.2024;5;1.0;104;73;100;73;4;69
TE001;21.01.2024;6;1.0;152;74;144;74;8;77
TE001;21.01.2024;7;1.0;207;74;198;74;9;71
TE001;21.01.2024;8;1.0;371;72;359;72;12;72
TE001;21.01.2024;10;1.0;1090;62;1055;63;35;44
TE001;21.01.2024;11;1.0;1073;62;1064;62;9;66
TE001;21.01.2024;12;1.0;1468;55;1442;55;26;71
TE001;21.01.2024;13;1.0;1656;58;1635;58;21;87
TE001;21.01.2024;14;1.0;1443;58;1433;58;10;75
TE001;21.01.2024;15;1.0;1517;47;1499;46;18;66
TE001;21.01.2024;16;1.0;1601;62;1572;62;29;88
TE001;21.01.2024;17;1.0;1581;55;1555;55;26;89
TE001;21.01.2024;18;1.0;1096;62;1090;62;7;73
TE001;21.01.2024;19;1.0;638;64;630;64;8;65
TE001;21.01.2024;20;1.0;601;64;598;64;3;67
TE001;21.01.2024;21;1.0;403;52;394;52;9;57
TE001;21.01.2024;22;1.0;392;58;386;58;6;82
TE001;21.01.2024;23;1.0;215;52;209;52;6;66
TE001;22.01.2024;0;1.0;111;66;109;66;2;90
TE001;22.01.2024;3;1.0;125;51;111;50;13;64
TE001;22.01.2024;4;1.0;231;71;177;72;54;67
TE001;22.01.2024;6;1.0;1234;55;953;64;281;25
TE001;22.01.2024;7;1.0;1769;45;980;71;789;12
TE001;22.01.2024;8;1.0;1868;45;1012;74;856;10
TE001;22.01.2024;9;1.0;1237;41;1150;41;87;42
TE001;22.01.2024;10;1.0;1425;45;1389;45;36;63
TE001;22.01.2024;11;1.0;1582;47;1427;45;155;70
TE001;22.01.2024;12;1.0;1784;49;1626;46;158;78
TE001;22.01.2024;13;1.0;1809;47;1685;45;124;75
TE001;22.01.2024;14;1.0;2160;45;2051;44;109;77
TE001;22.01.2024;15;1.0;2572;40;2475;39;97;74
TE001;22.01.2024;16;1.0;2403;39;2311;38;92;71
TE001;22.01.2024;17;1.0;1811;41;1758;40;53;65
TE001;22.01.2024;18;1.0;1463;59;1391;59;73;55
TE001;22.01.2024;19;1.0;1239;44;1185;43;54;67
TE001;22.01.2024;20;1.0;701;61;672;60;29;75
TE001;22.01.2024;21;1.0;620;45;592;44;28;61
TE001;22.01.2024;22;1.0;518;57;496;56;22;76
TE001;22.01.2024;23;1.0;321;51;317;51;4;60
TE001;23.01.2024;0;1.0;198;54;189;53;9;67
TE001;23.01.2024;1;1.0;115;57;99;55;16;63
TE001;23.01.2024;3;1.0;98;59;70;53;27;74
TE001;23.01.2024;6;1.0;990;55;921;53;69;74
TE001;23.01.2024;9;1.0;1392;44;1353;44;39;51
TE001;23.01.2024;12;1.0;1366;47;1154;50;211;34
TE001;23.01.2024;13;1.0;1674;55;1007;80;668;16
TE001;23.01.2024;14;1.0;2066;46;1204;73;862;9
TE001;23.01.2024;15;1.0;2258;56;1281;90;977;11
TE001;23.01.2024;16;1.0;2002;60;1278;86;724;13
TE001;23.01.2024;17;1.0;1991;45;1130;72;861;9
TE001;23.01.2024;18;1.0;2010;40;1060;70;950;7
TE001;23.01.2024;19;1.0;878;64;738;71;140;29
TE001;23.01.2024;20;1.0;799;57;768;56;31;74
TE001;23.01.2024;21;1.0;614;66;575;65;39;75
TE001;23.01.2024;22;1.0;414;68;393;68;21;73
TE001;23.01.2024;23;1.0;342;68;321;67;21;74
TE001;24.01.2024;0;1.0;144;74;117;74;27;74
TE001;24.01.2024;1;1.0;80;55;72;55;8;55
TE001;24.01.2024;2;1.0;86;60;81;62;5;15
TE001;24.01.2024;3;1.0;124;57;100;66;24;18
TE001;24.01.2024;4;1.0;226;58;166;66;60;35
TE001;24.01.2024;5;1.0;650;55;560;56;91;49
TE001;24.01.2024;6;1.0;1270;54;1099;55;171;47
TE001;24.01.2024;7;1.0;1770;38;1706;37;64;61
TE001;24.01.2024;8;1.0;1582;47;1532;46;50;76
TE001;24.01.2024;9;1.0;1613;43;1557;42;56;64
TE001;24.01.2024;10;1.0;1448;39;1357;38;91;54
TE001;24.01.2024;11;1.0;1776;44;1644;41;132;69
TE001;24.01.2024;12;1.0;1944;45;1794;43;150;76
TE001;24.01.2024;13;1.0;1962;39;1873;38;89;64
TE001;24.01.2024;14;1.0;2485;33;2431;32;55;59
TE001;24.01.2024;15;1.0;2471;39;2431;38;40;68
TE001;24.01.2024;16;1.0;2003;48;1925;46;78;76
TE001;24.01.2024;17;1.0;1902;48;1844;47;58;74
TE001;24.01.2024;18;1.0;1583;51;1540;51;43;66
TE001;24.01.2024;19;1.0;1081;53;1040;53;41;68
TE001;24.01.2024;20;1.0;743;61;714;61;29;76
TE001;24.01.2024;21;1.0;747;54;731;54;15;75
TE001;24.01.2024;22;1.0;578;54;559;54;19;67
TE001;24.01.2024;23;1.0;378;50;353;49;25;68
TE001;25.01.2024;1;1.0;88;63;80;62;8;74
TE001;25.01.2024;2;1.0;96;59;89;59;7;67
TE001;25.01.2024;3;1.0;118;50;115;49;4;52
TE001;25.01.2024;4;1.0;222;60;206;59;16;73
TE001;25.01.2024;5;1.0;640;59;600;58;40;77
TE001;25.01.2024;6;1.0;1308;48;1236;46;72;72
TE001;25.01.2024;7;1.0;1573;48;1495;46;78;73
TE001;25.01.2024;8;1.0;1800;45;1721;44;79;69
TE001;25.01.2024;9;1.0;1678;52;1591;51;87;78
TE001;25.01.2024;10;1.0;1649;54;1539;52;110;80
TE001;25.01.2024;13;1.0;1848;51;1731;50;118;74
TE001;25.01.2024;14;1.0;1754;58;1626;56;128;76
TE001;25.01.2024;15;1.0;1872;52;1769;51;103;69
TE001;25.01.2024;16;1.0;1851;50;1746;49;105;67
TE001;25.01.2024;17;1.0;1718;47;1623;47;95;64
TE001;25.01.2024;18;1.0;1567;53;1497;53;70;66
TE001;25.01.2024;19;1.0;1069;66;1010;66;59;72
TE001;25.01.2024;20;1.0;738;73;700;73;38;75
TE001;25.01.2024;21;1.0;645;68;608;68;37;77
TE001;25.01.2024;22;1.0;765;62;738;61;27;75
TE001;25.01.2024;23;1.0;498;63;481;62;17;73
TE001;26.01.2024;0;1.0;191;72;166;71;25;74
TE001;26.01.2024;1;1.0;121;74;97;74;24;74
TE001;26.01.2024;2;1.0;100;76;77;76;23;78
TE001;26.01.2024;3;1.0;113;75;78;75;35;75
TE001;26.01.2024;4;1.0;218;75;160;76;58;75
TE001;26.01.2024;5;1.0;496;73;423;73;73;73
TE001;26.01.2024;6;1.0;999;60;910;59;89;70
TE001;26.01.2024;7;1.0;1048;69;943;69;105;69
TE001;26.01.2024;8;1.0;1424;59;1294;58;130;71
TE001;26.01.2024;9;1.0;1677;48;1563;46;114;70
TE001;26.01.2024;10;1.0;1525;52;1427;51;98;68
TE001;26.01.2024;11;1.0;1560;48;1501;48;59;56
TE001;26.01.2024;12;1.0;2037;40;1934;39;104;59
TE001;26.01.2024;13;1.0;1322;47;1298;47;24;48
TE001;26.01.2024;14;1.0;1626;46;1609;46;17;35
TE001;26.01.2024;15;1.0;2072;32;2064;31;8;54
TE001;26.01.2024;16;1.0;1865;46;1799;45;66;78
TE001;26.01.2024;17;1.0;2252;41;2210;40;42;78
TE001;26.01.2024;18;1.0;1643;44;1608;44;35;71
TE001;26.01.2024;19;1.0;1432;45;1395;44;37;74
TE001;26.01.2024;20;1.0;1008;55;970;55;38;76
TE001;26.01.2024;21;1.0;648;60;619;59;29;70
TE001;26.01.2024;22;1.0;677;56;657;55;20;74
TE001;26.01.2024;23;1.0;592;63;570;63;22;76
TE001;27.01.2024;0;1.0;301;70;280;69;21;77
TE001;27.01.2024;1;1.0;208;72;197;72;11;78
TE001;27.01.2024;2;1.0;153;72;130;72;23;76
TE001;27.01.2024;3;1.0;127;70;107;68;20;80
TE001;27.01.2024;4;1.0;203;66;184;65;19;75
TE001;27.01.2024;5;1.0;303;62;278;61;25;74
TE001;27.01.2024;6;1.0;396;61;369;60;27;75
TE001;27.01.2024;7;1.0;663;57;618;56;45;74
TE001;27.01.2024;8;1.0;1019;56;990;56;29;74
TE001;27.01.2024;9;1.0;1426;55;1404;55;22;83
TE001;27.01.2024;10;1.0;1241;77;1220;77;21;80
TE001;27.01.2024;11;1.0;1781;54;1769;54;12;65
TE001;27.01.2024;13;1.0;1637;58;1615;58;22;80
TE001;27.01.2024;14;1.0;1858;53;1825;53;33;79
TE001;27.01.2024;15;1.0;1790;52;1769;51;21;82
TE001;27.01.2024;16;1.0;1452;54;1412;54;40;72
TE001;27.01.2024;17;1.0;1096;69;1072;68;24;70
TE001;27.01.2024;18;1.0;1198;63;1181;63;17;65
TE001;27.01.2024;21;1.0;562;73;550;73;12;73
TE001;27.01.2024;22;1.0;614;72;609;72;5;71
TE001;27.01.2024;23;1.0;558;73;553;73;5;71
TE001;28.01.2024;0;1.0;352;72;346;72;6;73
TE001;28.01.2024;1;1.0;262;75;256;75;6;73
TE001;28.01.2024;2;1.0;165;72;162;72;3;72
TE001;28.01.2024;3;1.0;117;69;112;70;4;76
TE001;28.01.2024;4;1.0;104;73;103;73;1;75
TE001;28.01.2024;5;1.0;136;74;126;74;10;76
TE001;28.01.2024;6;1.0;198;72;187;72;11;71
TE001;28.01.2024;7;1.0;268;73;257;73;11;73
TE001;28.01.2024;8;1.0;520;73;505;73;15;73
TE001;28.01.2024;9;1.0;876;71;845;71;31;71
TE001;28.01.2024;10;1.0;1703;53;1674;52;29;75
TE001;28.01.2024;11;1.0;2200;43;2186;43;14;69
TE001;28.01.2024;12;1.0;2154;43;2136;43;18;67
TE001;28.01.2024;13;1.0;1977;46;1962;46;15;70
TE001;28.01.2024;14;1.0;1695;43;1675;43;20;68
TE001;28.01.2024;15;1.0;1755;48;1733;48;22;72
TE001;28.01.2024;16;1.0;1849;47;1822;46;27;71
TE001;28.01.2024;17;1.0;1163;68;1144;68;19;66
TE001;28.01.2024;18;1.0;1211;64;1185;64;25;63
TE001;28.01.2024;19;1.0;899;70;887;70;12;70
TE001;28.01.2024;20;1.0;685;72;664;72;21;69
TE001;28.01.2024;21;1.0;485;73;462;73;23;72
TE001;28.01.2024;22;1.0;389;72;362;72;27;72
TE001;28.01.2024;23;1.0;250;74;228;74;22;74
TE001;29.01.2024;0;1.0;128;75;104;75;24;75
TE001;29.01.2024;1;1.0;81;72;63;72;18;73
TE001;29.01.2024;2;1.0;87;73;54;74;33;71
TE001;29.01.2024;3;1.0;128;74;85;75;43;72
TE001;29.01.2024;4;1.0;201;75;144;75;57;75
TE001;29.01.2024;5;1.0;492;73;419;73;73;74
TE001;29.01.2024;6;1.0;899;70;810;70;89;70
TE001;29.01.2024;7;1.0;1076;69;961;69;115;70
TE001;29.01.2024;8;1.0;1281;64;1159;64;122;69
TE001;29.01.2024;9;1.0;1851;46;1687;43;164;74
TE001;29.01.2024;10;1.0;1931;50;1799;48;132;81
TE001;29.01.2024;11;1.0;1592;53;1431;51;161;72
TE001;29.01.2024;12;1.0;1446;61;1265;58;181;81
TE001;29.01.2024;13;1.0;1484;60;1340;58;144;80
TE001;29.01.2024;14;1.0;1841;57;1757;56;84;83
TE001;29.01.2024;15;1.0;2011;52;1916;51;95;74
TE001;29.01.2024;16;1.0;2120;46;2046;45;74;71
TE001;29.01.2024;17;1.0;1223;68;1153;68;70;69
TE001;29.01.2024;18;1.0;1202;66;1146;66;56;69
TE001;29.01.2024;19;1.0;822;71;765;71;57;71
TE001;29.01.2024;20;1.0;576;72;520;72;56;73
TE001;29.01.2024;21;1.0;477;74;453;74;24;74
TE001;29.01.2024;22;1.0;402;73;382;73;20;73
TE001;29.01.2024;23;1.0;278;75;256;75;22;76
TE001;30.01.2024;0;1.0;109;75;89;76;20;72
TE001;30.01.2024;1;1.0;91;74;72;74;19;73
TE001;30.01.2024;2;1.0;81;75;53;75;28;75
TE001;30.01.2024;3;1.0;112;73;66;74;46;71
TE001;30.01.2024;4;1.0;162;75;117;75;45;76
TE001;30.01.2024;5;1.0;474;73;407;73;67;73
TE001;30.01.2024;6;1.0;847;71;748;71;99;71
TE001;30.01.2024;7;1.0;1376;55;1247;54;129;69
TE001;30.01.2024;8;1.0;1364;55;1255;53;109;70
TE001;30.01.2024;9;1.0;1304;39;1196;37;108;67
TE001;30.01.2024;10;1.0;1355;47;1246;45;109;70
TE001;30.01.2024;11;1.0;1537;55;1388;52;149;79
TE001;30.01.2024;12;1.0;1512;42;1384;40;128;63
TE001;30.01.2024;13;1.0;1781;43;1684;41;97;65
TE001;30.01.2024;14;1.0;2241;34;2189;34;52;53
TE001;30.01.2024;15;1.0;2369;36;2342;36;27;67
TE001;30.01.2024;16;1.0;1855;62;1783;61;72;83
TE001;30.01.2024;17;1.0;1476;53;1396;52;80;72
TE001;30.01.2024;18;1.0;1362;52;1294;51;68;70
TE001;30.01.2024;19;1.0;1063;58;1026;57;37;75
TE001;30.01.2024;20;1.0;597;79;588;79;9;60
TE001;30.01.2024;21;1.0;700;49;693;49;8;68
TE001;30.01.2024;22;1.0;509;55;494;55;15;71
TE001;30.01.2024;23;1.0;276;59;259;58;17;76
TE001;31.01.2024;0;1.0;147;67;134;66;13;75
TE001;31.01.2024;1;1.0;100;50;84;50;16;52
TE001;31.01.2024;2;1.0;112;69;80;66;32;77
TE001;31.01.2024;5;1.0;428;67;405;67;23;69
TE001;31.01.2024;6;1.0;1010;56;935;55;75;70
TE001;31.01.2024;7;1.0;1513;50;1408;48;105;74
TE001;31.01.2024;8;1.0;1546;51;1444;50;102;69
TE001;31.01.2024;9;1.0;1342;25;1259;23;83;42
TE001;31.01.2024;10;1.0;1380;9;1329;9;51;16
TE001;31.01.2024;11;1.0;1374;14;1302;14;72;28
TE001;31.01.2024;12;1.0;1213;26;1128;24;85;49
TE001;31.01.2024;13;1.0;1203;62;1069;61;134;71
TE001;31.01.2024;14;1.0;1411;62;1287;61;124;72
TE001;31.01.2024;15;1.0;1634;57;1516;56;118;71
TE001;31.01.2024;16;1.0;1605;59;1526;58;79;72
TE001;31.01.2024;17;1.0;1398;60;1334;59;64;70
TE001;31.01.2024;18;1.0;1152;64;1106;63;46;72
TE001;31.01.2024;19;1.0;927;66;871;66;56;73
TE001;31.01.2024;20;1.0;701;68;648;67;53;77
TE001;31.01.2024;21;1.0;591;62;569;60;22;74
TE001;31.01.2024;22;1.0;582;61;554;60;28;77
TE001;31.01.2024;23;1.0;820;54;804;53;16;76
TE002;01.01.2024;0;1.0;126;68;123;68;3;73
TE002;01.01.2024;1;1.0;389;68;389;68;0;-1
TE002;01.01.2024;2;1.0;380;67;380;67;0;-1
TE002;01.01.2024;3;1.0;279;66;275;66;4;78
TE002;01.01.2024;4;1.0;151;64;147;64;4;64
TE002;01.01.2024;5;1.0;160;63;157;63;3;72
TE002;01.01.2024;6;1.0;112;70;108;69;4;74
TE002;01.01.2024;7;1.0;129;74;121;74;8;80
TE002;01.01.2024;8;1.0;108;66;99;65;9;75
TE002;01.01.2024;9;1.0;208;79;203;80;5;78
TE002;01.01.2024;10;1.0;371;78;360;78;11;78
TE002;01.01.2024;11;1.0;592;78;583;78;9;79
TE002;01.01.2024;12;1.0;1024;73;1008;73;16;72
TE002;01.01.2024;13;1.0;1459;73;1443;73;16;75
TE002;01.01.2024;14;1.0;1802;70;1780;70;22;73
TE002;01.01.2024;15;1.0;2126;69;2106;69;20;68
TE002;01.01.2024;16;1.0;2271;67;2242;67;29;67
TE002;01.01.2024;17;1.0;2250;66;2218;66;32;67
TE002;01.01.2024;18;1.0;1770;70;1724;70;46;73
TE002;01.01.2024;19;1.0;1357;59;1283;59;74;61
TE002;01.01.2024;20;1.0;1245;68;1191;68;54;70
TE002;01.01.2024;21;1.0;807;78;786;78;21;81
TE002;01.01.2024;22;1.0;409;70;387;70;22;62
TE002;01.01.2024;23;1.0;250;61;212;61;37;63
TE002;02.01.2024;0;1.0;215;63;202;63;13;62
TE002;02.01.2024;1;1.0;179;73;150;73;29;72
TE002;02.01.2024;2;1.0;112;57;97;57;15;61
TE002;02.01.2024;3;1.0;117;60;89;59;28;60
TE002;02.01.2024;4;1.0;249;66;188;67;61;67
TE002;02.01.2024;5;1.0;798;66;730;66;68;65
TE002;02.01.2024;6;1.0;1372;66;1281;67;91;64
TE002;02.01.2024;7;1.0;1720;67;1615;67;105;69
TE002;02.01.2024;8;1.0;1735;75;1601;74;134;78
TE002;02.01.2024;9;1.0;1487;70;1374;70;113;66
TE002;02.01.2024;10;1.0;1475;74;1346;74;129;77
TE002;02.01.2024;11;1.0;1672;68;1561;68;110;68
TE002;02.01.2024;12;1.0;1854;74;1734;73;120;77
TE002;02.01.2024;13;1.0;2005;74;1906;74;99;74
TE002;02.01.2024;14;1.0;1989;69;1831;69;158;68
TE002;02.01.2024;15;1.0;2227;70;1902;70;325;71
TE002;02.01.2024;16;1.0;2172;69;1899;69;273;68
TE002;02.01.2024;17;1.0;2101;78;1926;78;175;78
TE002;02.01.2024;19;1.0;1464;63;1247;63;217;65
TE002;02.01.2024;20;1.0;1114;72;838;72;275;74
TE002;02.01.2024;21;1.0;868;78;641;78;227;78
TE002;02.01.2024;22;1.0;593;75;363;75;230;77
TE002;02.01.2024;23;1.0;405;79;242;80;163;79
TE002;03.01.2024;0;1.0;290;71;182;69;108;73
TE002;03.01.2024;1;1.0;174;57;128;57;46;57
TE002;03.01.2024;2;1.0;127;51;104;53;23;44
TE002;03.01.2024;3;1.0;164;64;126;64;38;69
TE002;03.01.2024;4;1.0;301;68;224;69;77;67
TE002;03.01.2024;5;1.0;894;65;783;66;111;65
TE002;03.01.2024;6;1.0;1524;71;1384;72;140;71
TE002;03.01.2024;7;1.0;1982;73;1801;73;181;73
TE002;03.01.2024;8;1.0;1982;68;1838;68;144;66
TE002;03.01.2024;9;1.0;1499;70;1377;70;122;68
TE002;03.01.2024;10;1.0;1329;69;1230;69;99;68
TE002;03.01.2024;11;1.0;1300;69;1196;69;104;64
TE002;03.01.2024;12;1.0;1026;63;933;63;93;55
TE002;03.01.2024;13;1.0;1220;63;1156;64;64;57
TE002;03.01.2024;14;1.0;1152;69;1084;69;68;68
TE002;03.01.2024;15;1.0;1742;67;1591;66;151;68
TE002;03.01.2024;16;1.0;1827;72;1740;72;87;72
TE002;03.01.2024;17;1.0;1955;71;1875;71;80;71
TE002;03.01.2024;18;1.0;1575;63;1526;63;50;65
TE002;03.01.2024;19;1.0;1231;70;1183;70;48;71
TE002;03.01.2024;20;1.0;626;63;604;63;21;68
TE002;03.01.2024;21;1.0;545;63;484;63;61;60
TE002;03.01.2024;22;1.0;542;69;496;70;46;68
TE002;03.01.2024;23;1.0;325;72;302;71;23;72
TE002;04.01.2024;0;1.0;231;59;201;60;30;58
TE002;04.01.2024;1;1.0;180;65;146;64;34;63
TE002;04.01.2024;2;1.0;155;64;123;64;32;66
TE002;04.01.2024;3;1.0;186;68;145;67;41;70
TE002;04.01.2024;5;1.0;860;72;733;72;127;70
TE002;04.01.2024;6;1.0;1547;75;1370;75;177;77
TE002;04.01.2024;7;1.0;2158;70;1949;70;209;71
TE002;04.01.2024;8;1.0;1686;75;1225;74;461;76
TE002;04.01.2024;9;1.0;1585;74;1321;74;264;74
TE002;04.01.2024;10;1.0;1527;78;1328;78;199;78
TE002;04.01.2024;11;1.0;1717;71;1546;71;171;68
TE002;04.01.2024;12;1.0;1753;76;1619;76;134;75
TE002;04.01.2024;13;1.0;1778;78;1638;78;140;78
TE002;04.01.2024;14;1.0;1738;76;1640;76;98;78
TE002;04.01.2024;15;1.0;1788;75;1716;75;72;73
TE002;04.01.2024;16;1.0;1882;74;1801;74;81;72
TE002;04.01.2024;17;1.0;1900;72;1845;72;55;70
TE002;04.01.2024;18;1.0;1742;71;1663;71;79;72
TE002;04.01.2024;19;1.0;1164;72;1116;72;48;71
TE002;04.01.2024;20;1.0;874;75;829;75;45;78
TE002;04.01.2024;21;1.0;750;66;700;66;50;66
TE002;04.01.2024;22;1.0;538;80;498;80;40;79
TE002;04.01.2024;23;1.0;366;80;322;80;44;80
TE002;05.01.2024;0;1.0;260;75;208;75;52;75
TE002;05.01.2024;1;1.0;178;76;128;77;49;77
TE002;05.01.2024;3;1.0;196;72;130;72;66;72
TE002;05.01.2024;4;1.0;287;71;185;70;101;73
TE002;05.01.2024;5;1.0;812;80;662;81;150;79
TE002;05.01.2024;6;1.0;1455;80;1285;80;170;79
TE002;05.01.2024;7;1.0;1640;75;1467;75;173;75
TE002;05.01.2024;8;1.0;1737;80;1676;80;61;81
TE002;05.01.2024;9;1.0;1716;79;1574;79;142;81
TE002;05.01.2024;10;1.0;1470;77;1327;77;143;78
TE002;05.01.2024;11;1.0;1618;70;1515;71;103;68
TE002;05.01.2024;12;1.0;1656;71;1557;71;99;69
TE002;05.01.2024;13;1.0;1703;78;1606;78;97;78
TE002;05.01.2024;14;1.0;1793;77;1714;77;79;80
TE002;05.01.2024;15;1.0;1768;75;1691;75;77;75
TE002;05.01.2024;16;1.0;1902;71;1837;71;65;67
TE002;05.01.2024;17;1.0;1827;75;1732;75;95;75
TE002;05.01.2024;18;1.0;1601;77;1553;77;48;78
TE002;05.01.2024;19;1.0;1227;78;1180;78;47;77
TE002;05.01.2024;20;1.0;972;82;915;82;57;81
TE002;05.01.2024;21;1.0;803;84;751;84;52;84
TE002;05.01.2024;22;1.0;649;84;617;84;32;83
TE002;05.01.2024;23;1.0;476;72;447;72;28;71
TE002;06.01.2024;0;1.0;327;65;306;65;20;69
TE002;06.01.2024;1;1.0;223;75;190;75;33;75
TE002;06.01.2024;3;1.0;187;69;154;69;33;69
TE002;06.01.2024;4;1.0;187;77;133;76;54;77
TE002;06.01.2024;5;1.0;284;81;209;82;75;79
TE002;06.01.2024;6;1.0;274;64;232;64;43;63
TE002;06.01.2024;7;1.0;340;77;293;77;47;76
TE002;06.01.2024;8;1.0;518;73;480;73;37;71
TE002;06.01.2024;9;1.0;1040;75;985;75;55;72
TE002;06.01.2024;10;1.0;1500;75;1441;75;59;74
TE002;06.01.2024;11;1.0;1542;75;1504;75;38;73
TE002;06.01.2024;12;1.0;1866;76;1814;76;52;75
TE002;06.01.2024;13;1.0;1993;76;1955;76;38;75
TE002;06.01.2024;14;1.0;2120;74;2072;74;48;75
TE002;06.01.2024;15;1.0;2014;73;1977;73;37;70
TE002;06.01.2024;16;1.0;1948;72;1911;72;37;73
TE002;06.01.2024;17;1.0;1971;70;1928;70;43;67
TE002;06.01.2024;18;1.0;1703;72;1662;72;41;69
TE002;06.01.2024;19;1.0;1333;68;1278;68;55;69
TE002;06.01.2024;20;1.0;962;72;930;72;32;72
TE002;06.01.2024;21;1.0;848;76;816;76;32;76
TE002;06.01.2024;22;1.0;716;75;695;75;21;77
TE002;06.01.2024;23;1.0;535;75;520;75;15;75
TE002;07.01.2024;0;1.0;349;80;332;80;17;85
TE002;07.01.2024;1;1.0;252;75;244;75;8;72
TE002;07.01.2024;2;1.0;162;65;154;65;8;68
TE002;07.01.2024;3;1.0;135;77;123;77;12;80
TE002;07.01.2024;4;1.0;102;70;91;70;11;76
TE002;07.01.2024;5;1.0;119;60;112;60;7;59
TE002;07.01.2024;6;1.0;157;57;148;57;9;55
TE002;07.01.2024;7;1.0;169;73;158;73;11;75
TE002;07.01.2024;8;1.0;267;79;253;79;14;80
TE002;07.01.2024;9;1.0;518;82;497;82;21;82
TE002;07.01.2024;10;1.0;794;77;773;77;21;77
TE002;07.01.2024;11;1.0;1067;74;1035;74;32;75
TE002;07.01.2024;12;1.0;1309;78;1274;78;35;78
TE002;07.01.2024;13;1.0;1723;76;1694;76;29;77
TE002;07.01.2024;14;1.0;1880;74;1854;74;26;74
TE002;07.01.2024;15;1.0;2026;72;2000;72;26;71
TE002;07.01.2024;16;1.0;2126;71;2094;71;32;72
TE002;07.01.2024;17;1.0;2101;69;2060;69;41;71
TE002;07.01.2024;18;1.0;1746;71;1715;71;31;71
TE002;07.01.2024;19;1.0;1444;75;1412;75;32;75
TE002;07.01.2024;20;1.0;1224;76;1184;76;40;74
TE002;07.01.2024;21;1.0;909;66;888;66;21;67
TE002;07.01.2024;22;1.0;529;62;510;62;19;60
TE002;07.01.2024;23;1.0;307;68;276;68;31;71
TE002;08.01.2024;0;1.0;251;66;214;66;37;66
TE002;08.01.2024;1;1.0;135;46;121;45;14;46
TE002;08.01.2024;2;1.0;124;63;91;61;33;65
TE002;08.01.2024;3;1.0;147;67;109;67;38;68
TE002;08.01.2024;4;1.0;278;60;234;59;44;60
TE002;08.01.2024;5;1.0;1025;61;961;61;64;57
TE002;08.01.2024;6;1.0;1551;61;1439;61;112;57
TE002;08.01.2024;7;1.0;1122;58;1043;59;79;53
TE002;08.01.2024;8;1.0;1089;60;1021;60;68;55
TE002;08.01.2024;9;1.0;890;57;828;58;62;51
TE002;08.01.2024;10;1.0;683;53;640;54;43;43
TE002;08.01.2024;11;1.0;766;61;726;61;40;57
TE002;08.01.2024;12;1.0;804;64;661;63;143;69
TE002;08.01.2024;13;1.0;1012;74;850;74;162;73
TE002;08.01.2024;14;1.0;1242;73;1164;73;78;73
TE002;08.01.2024;15;1.0;1398;64;1325;64;73;62
TE002;08.01.2024;16;1.0;1498;66;1427;66;71;67
TE002;08.01.2024;17;1.0;1513;63;1453;63;60;62
TE002;08.01.2024;18;1.0;1365;63;1308;63;57;62
TE002;08.01.2024;19;1.0;967;62;925;62;42;60
TE002;08.01.2024;20;1.0;663;64;624;64;39;64
TE002;08.01.2024;21;1.0;537;64;501;64;36;63
TE002;08.01.2024;22;1.0;451;61;413;61;38;59
TE002;08.01.2024;23;1.0;277;61;238;61;39;61
TE002;09.01.2024;0;1.0;216;61;183;61;33;61
TE002;09.01.2024;1;1.0;147;65;110;64;37;68
TE002;09.01.2024;2;1.0;152;60;109;60;43;60
TE002;09.01.2024;3;1.0;180;70;119;70;61;71
TE002;09.01.2024;4;1.0;320;64;242;64;78;64
TE002;09.01.2024;5;1.0;1109;63;1005;63;104;61
TE002;09.01.2024;6;1.0;2240;63;2076;63;164;62
TE002;09.01.2024;7;1.0;2821;62;2597;62;224;64
TE002;09.01.2024;8;1.0;2806;62;2604;62;202;64
TE002;09.01.2024;9;1.0;1919;62;1769;62;150;64
TE002;09.01.2024;10;1.0;1665;59;1540;59;125;56
TE002;09.01.2024;11;1.0;1556;61;1437;61;119;59
TE002;09.01.2024;12;1.0;1055;63;1010;63;45;59
TE002;09.01.2024;13;1.0;1415;69;1319;69;96;71
TE002;09.01.2024;14;1.0;1534;67;1438;67;96;69
TE002;09.01.2024;15;1.0;1784;65;1670;66;114;66
TE002;09.01.2024;16;1.0;1829;63;1712;63;117;62
TE002;09.01.2024;17;1.0;1868;62;1773;62;95;61
TE002;09.01.2024;18;1.0;1710;64;1528;64;182;61
TE002;09.01.2024;19;1.0;1085;62;904;62;181;60
TE002;09.01.2024;20;1.0;803;63;708;63;95;61
TE002;09.01.2024;21;1.0;716;62;607;63;109;61
TE002;09.01.2024;22;1.0;578;61;476;62;102;61
TE002;09.01.2024;23;1.0;345;61;231;63;114;58
TE002;10.01.2024;0;1.0;185;68;130;67;55;69
TE002;10.01.2024;1;1.0;164;68;109;68;54;67
TE002;10.01.2024;2;1.0;168;66;95;67;73;65
TE002;10.01.2024;3;1.0;183;84;114;84;69;84
TE002;10.01.2024;4;1.0;376;77;272;77;104;79
TE002;10.01.2024;5;1.0;1257;75;1095;74;162;80
TE002;10.01.2024;6;1.0;2341;69;2126;68;215;74
TE002;10.01.2024;7;1.0;2752;60;2545;59;207;68
TE002;10.01.2024;8;1.0;2391;57;1734;56;657;63
TE002;10.01.2024;9;1.0;1678;68;1514;68;164;72
TE002;10.01.2024;10;1.0;1612;64;1477;63;135;62
TE002;10.01.2024;11;1.0;1611;67;1454;67;157;67
TE002;10.01.2024;12;1.0;911;69;832;69;79;75
TE002;10.01.2024;13;1.0;1009;67;947;67;62;66
TE002;10.01.2024;14;1.0;1508;66;1391;66;117;66
TE002;10.01.2024;15;1.0;1739;60;1618;60;121;60
TE002;10.01.2024;16;1.0;1802;69;1657;69;145;69
TE002;10.01.2024;17;1.0;1372;68;1166;67;206;71
TE002;10.01.2024;18;1.0;1428;64;1279;63;149;67
TE002;10.01.2024;19;1.0;1115;60;1020;61;95;56
TE002;10.01.2024;20;1.0;970;72;889;71;81;74
TE002;10.01.2024;21;1.0;764;61;699;61;65;60
TE002;10.01.2024;22;1.0;465;66;400;66;65;66
TE002;10.01.2024;23;1.0;347;72;307;72;40;76
TE002;11.01.2024;0;1.0;224;81;176;80;48;82
TE002;11.01.2024;1;1.0;135;81;75;80;60;83
TE002;11.01.2024;2;1.0;117;80;68;78;49;83
TE002;11.01.2024;3;1.0;168;82;91;81;77;83
TE002;11.01.2024;4;1.0;280;84;180;84;100;84
TE002;11.01.2024;5;1.0;1259;75;1018;75;241;75
TE002;11.01.2024;6;1.0;2261;76;1562;74;699;79
TE002;11.01.2024;7;1.0;2812;64;2629;64;183;65
TE002;11.01.2024;8;1.0;2051;71;1908;70;143;72
TE002;11.01.2024;10;1.0;1685;68;1535;68;150;64
TE002;11.01.2024;11;1.0;1698;66;1566;65;133;65
TE002;11.01.2024;12;1.0;1690;80;1575;80;115;79
TE002;11.01.2024;13;1.0;1812;83;1659;83;153;85
TE002;11.01.2024;14;1.0;1772;81;1670;81;102;81
TE002;11.01.2024;15;1.0;1753;85;1683;85;70;85
TE002;11.01.2024;16;1.0;1906;82;1849;82;57;85
TE002;11.01.2024;17;1.0;1761;79;1720;79;41;81
TE002;11.01.2024;18;1.0;1637;79;1600;79;37;81
TE002;11.01.2024;19;1.0;1242;75;1198;75;44;73
TE002;11.01.2024;20;1.0;1021;68;989;68;32;63
TE002;11.01.2024;21;1.0;582;76;557;76;25;77
TE002;11.01.2024;22;1.0;639;76;566;76;72;73
TE002;11.01.2024;23;1.0;364;70;353;70;10;70
TE002;12.01.2024;0;1.0;242;89;221;89;21;90
TE002;12.01.2024;1;1.0;172;80;157;80;15;80
TE002;12.01.2024;2;1.0;226;80;189;80;37;81
TE002;12.01.2024;5;1.0;1085;84;973;84;112;81
TE002;12.01.2024;6;1.0;1938;84;1763;84;175;87
TE002;12.01.2024;7;1.0;2480;68;2330;68;149;63
TE002;12.01.2024;8;1.0;2340;65;2211;65;130;64
TE002;12.01.2024;9;1.0;1916;72;1770;72;145;70
TE002;12.01.2024;10;1.0;1665;84;1563;84;102;84
TE002;12.01.2024;11;1.0;1527;73;1444;74;82;68
TE002;12.01.2024;13;1.0;1910;73;1819;73;91;74
TE002;12.01.2024;14;1.0;2114;67;2052;66;62;64
TE002;12.01.2024;15;1.0;1881;75;1810;76;71;76
TE002;12.01.2024;16;1.0;2029;78;1978;78;51;78
TE002;12.01.2024;17;1.0;2243;79;2146;79;97;82
TE002;12.01.2024;18;1.0;2131;75;2094;75;37;74
TE002;12.01.2024;20;1.0;1153;85;1101;85;52;85
TE002;12.01.2024;21;1.0;819;79;758;79;62;78
TE002;12.01.2024;23;1.0;496;77;471;77;25;76
TE002;13.01.2024;0;1.0;332;91;308;92;24;90
TE002;13.01.2024;4;1.0;156;72;114;72;42;74
TE002;13.01.2024;6;1.0;251;82;188;81;63;83
TE002;13.01.2024;7;1.0;385;81;277;81;108;82
TE002;13.01.2024;8;1.0;451;86;384;85;67;89
TE002;13.01.2024;9;1.0;968;79;884;79;84;81
TE002;13.01.2024;10;1.0;1411;80;1328;80;83;82
TE002;13.01.2024;11;1.0;1686;59;1662;59;24;63
TE002;13.01.2024;12;1.0;1842;64;1802;64;40;58
TE002;13.01.2024;13;1.0;1918;59;1848;59;70;55
TE002;13.01.2024;14;1.0;1823;67;1766;67;57;71
TE002;13.01.2024;15;1.0;1553;66;1452;67;101;51
TE002;13.01.2024;16;1.0;1523;67;1435;68;89;59
TE002;13.01.2024;18;1.0;1486;71;1377;71;109;84
TE002;13.01.2024;20;1.0;844;81;773;80;71;82
TE002;13.01.2024;22;1.0;648;82;623;82;25;89
TE002;13.01.2024;23;1.0;417;84;347;84;70;89
TE002;14.01.2024;2;1.0;135;85;104;85;31;86
TE002;14.01.2024;3;1.0;93;79;76;79;17;82
TE002;14.01.2024;6;1.0;72;55;71;54;1;53
TE002;14.01.2024;7;1.0;112;57;97;56;15;61
TE002;14.01.2024;8;1.0;258;72;236;71;22;76
TE002;14.01.2024;9;1.0;599;71;561;71;38;73
TE002;14.01.2024;10;1.0;762;65;741;64;21;63
TE002;14.01.2024;11;1.0;1061;79;1021;79;40;78
TE002;14.01.2024;12;1.0;1378;76;1335;76;43;73
TE002;14.01.2024;13;1.0;1518;72;1432;72;85;73
TE002;14.01.2024;14;1.0;1551;72;1503;72;48;74
TE002;14.01.2024;15;1.0;2052;78;1973;78;79;83
TE002;14.01.2024;17;1.0;1975;70;1922;70;53;75
TE002;14.01.2024;18;1.0;1772;73;1720;72;52;72
TE002;14.01.2024;19;1.0;1463;79;1419;79;44;83
TE002;14.01.2024;20;1.0;1159;75;1113;75;46;79
TE002;14.01.2024;21;1.0;803;82;763;82;40;80
TE002;14.01.2024;22;1.0;644;60;620;60;24;58
TE002;14.01.2024;23;1.0;392;67;377;67;15;72
TE002;15.01.2024;1;1.0;202;63;173;63;29;63
TE002;15.01.2024;3;1.0;149;83;118;83;31;83
TE002;15.01.2024;4;1.0;437;69;374;70;63;67
TE002;15.01.2024;5;1.0;666;65;593;65;73;61
TE002;15.01.2024;7;1.0;1581;50;1239;44;342;69
TE002;15.01.2024;8;1.0;1720;66;1560;66;160;67
TE002;15.01.2024;9;1.0;1448;71;1255;71;193;70
TE002;15.01.2024;10;1.0;1347;77;1169;77;178;80
TE002;15.01.2024;11;1.0;1053;73;942;73;111;72
TE002;15.01.2024;12;1.0;974;68;869;69;105;62
TE002;15.01.2024;13;1.0;1011;71;893;72;118;62
TE002;15.01.2024;14;1.0;1458;83;1281;82;177;87
TE002;15.01.2024;15;1.0;1338;77;1192;77;146;82
TE002;15.01.2024;16;1.0;1653;70;1583;70;70;70
TE002;15.01.2024;17;1.0;1427;62;1372;62;55;61
TE002;15.01.2024;18;1.0;1455;75;1416;75;39;73
TE002;15.01.2024;20;1.0;673;73;626;74;47;72
TE002;15.01.2024;21;1.0;612;69;574;68;38;70
TE002;15.01.2024;23;1.0;208;58;175;56;32;62
TE002;16.01.2024;1;1.0;148;59;142;59;6;56
TE002;16.01.2024;2;1.0;69;37;63;38;6;34
TE002;16.01.2024;3;1.0;45;37;31;37;14;39
TE002;16.01.2024;4;1.0;316;53;288;53;27;63
TE002;16.01.2024;5;1.0;942;67;862;67;80;69
TE002;16.01.2024;6;1.0;1773;59;1625;59;148;67
TE002;16.01.2024;7;1.0;2270;49;1928;47;342;63
TE002;16.01.2024;8;1.0;2077;35;1959;35;118;36
TE002;16.01.2024;9;1.0;2059;36;1843;33;216;57
TE002;16.01.2024;10;1.0;1610;35;1603;34;7;77
TE002;16.01.2024;11;1.0;1658;61;1576;60;82;71
TE002;16.01.2024;12;1.0;1582;80;1499;80;83;83
TE002;16.01.2024;13;1.0;1588;77;1498;77;90;79
TE002;16.01.2024;14;1.0;1539;74;1449;73;90;79
TE002;16.01.2024;15;1.0;1584;73;1502;73;82;77
TE002;16.01.2024;16;1.0;1680;71;1629;71;51;69
TE002;16.01.2024;17;1.0;1177;63;1117;63;61;68
TE002;16.01.2024;18;1.0;1476;69;1440;69;36;74
TE002;16.01.2024;19;1.0;1115;70;1063;69;52;75
TE002;16.01.2024;20;1.0;762;64;719;64;44;63
TE002;16.01.2024;21;1.0;685;80;647;80;38;82
TE002;16.01.2024;22;1.0;474;75;448;75;26;77
TE002;16.01.2024;23;1.0;284;63;259;62;25;70
TE002;17.01.2024;0;1.0;220;77;169;77;51;79
TE002;17.01.2024;1;1.0;168;78;125;80;43;73
TE002;17.01.2024;2;1.0;161;88;90;89;71;87
TE002;17.01.2024;3;1.0;187;84;108;84;79;85
TE002;17.01.2024;4;1.0;343;60;262;60;81;59
TE002;17.01.2024;5;1.0;1063;68;902;67;161;71
TE002;17.01.2024;6;1.0;2142;66;1954;65;188;73
TE002;17.01.2024;7;1.0;2842;57;2578;57;264;61
TE002;17.01.2024;8;1.0;2468;45;2249;45;219;50
TE002;17.01.2024;9;1.0;1967;69;1753;68;214;73
TE002;17.01.2024;10;1.0;1712;64;1562;64;150;65
TE002;17.01.2024;11;1.0;1616;70;1470;70;146;71
TE002;17.01.2024;12;1.0;1598;62;1466;62;132;61
TE002;17.01.2024;13;1.0;1619;68;1495;68;124;71
TE002;17.01.2024;14;1.0;1532;60;1439;60;93;56
TE002;17.01.2024;15;1.0;1674;71;1567;71;107;70
TE002;17.01.2024;16;1.0;1830;78;1740;78;90;80
TE002;17.01.2024;17;1.0;1895;72;1829;72;66;68
TE002;17.01.2024;18;1.0;1541;70;1486;70;55;69
TE002;17.01.2024;19;1.0;1026;81;993;81;33;81
TE002;17.01.2024;20;1.0;763;74;744;74;19;76
TE002;17.01.2024;21;1.0;640;79;601;79;39;81
TE002;17.01.2024;23;1.0;359;79;328;79;31;78
TE002;18.01.2024;0;1.0;213;67;202;67;11;66
TE002;18.01.2024;5;1.0;1017;73;904;72;113;75
TE002;18.01.2024;6;1.0;2112;80;1961;79;151;84
TE002;18.01.2024;7;1.0;2724;67;2484;67;240;69
TE002;18.01.2024;8;1.0;2381;38;2221;38;160;39
TE002;18.01.2024;9;1.0;1982;65;1821;66;161;66
TE002;18.01.2024;10;1.0;1729;60;1610;60;119;55
TE002;18.01.2024;11;1.0;1675;70;1547;70;128;71
TE002;18.01.2024;12;1.0;1716;66;1597;66;119;64
TE002;18.01.2024;13;1.0;1762;68;1632;67;130;71
TE002;18.01.2024;14;1.0;1790;69;1629;69;161;71
TE002;18.01.2024;15;1.0;1736;66;1660;66;76;67
TE002;18.01.2024;16;1.0;2044;68;1879;67;166;77
TE002;18.01.2024;17;1.0;1846;70;1772;69;74;75
TE002;18.01.2024;18;1.0;2074;62;1998;62;76;65
TE002;18.01.2024;19;1.0;1306;65;1249;65;57;68
TE002;18.01.2024;20;1.0;999;69;943;69;56;74
TE002;18.01.2024;21;1.0;706;68;662;68;44;70
TE002;18.01.2024;22;1.0;608;73;588;73;20;80
TE002;18.01.2024;23;1.0;397;56;346;55;51;58
TE002;19.01.2024;0;1.0;208;70;176;69;32;69
TE002;19.01.2024;1;1.0;157;78;113;77;44;79
TE002;19.01.2024;2;1.0;185;74;138;74;47;76
TE002;19.01.2024;3;1.0;220;51;162;51;58;51
TE002;19.01.2024;4;1.0;363;63;295;64;68;63
TE002;19.01.2024;5;1.0;963;64;860;64;103;64
TE002;19.01.2024;6;1.0;1846;65;1696;65;150;60
TE002;19.01.2024;7;1.0;2401;57;2249;57;152;53
TE002;19.01.2024;8;1.0;2468;65;2267;65;201;73
TE002;19.01.2024;9;1.0;1784;65;1605;65;179;68
TE002;19.01.2024;10;1.0;1548;65;1432;65;116;62
TE002;19.01.2024;11;1.0;1420;61;1332;61;88;61
TE002;19.01.2024;12;1.0;1671;70;1517;70;154;75
TE002;19.01.2024;13;1.0;1678;72;1557;72;121;76
TE002;19.01.2024;14;1.0;1802;63;1669;63;133;62
TE002;19.01.2024;15;1.0;1574;64;1358;65;216;62
TE002;19.01.2024;16;1.0;1506;61;1354;63;152;47
TE002;19.01.2024;17;1.0;1873;65;1635;66;238;67
TE002;19.01.2024;18;1.0;2008;79;1654;77;354;87
TE002;19.01.2024;19;1.0;1282;58;1106;59;176;55
TE002;19.01.2024;20;1.0;936;55;797;56;139;49
TE002;19.01.2024;21;1.0;415;54;344;57;71;39
TE002;19.01.2024;22;1.0;618;55;578;55;39;55
TE002;19.01.2024;23;1.0;226;78;151;75;75;85
TE002;20.01.2024;0;1.0;146;86;89;85;57;87
TE002;20.01.2024;1;1.0;100;35;90;34;10;38
TE002;20.01.2024;2;1.0;131;45;121;45;10;41
TE002;20.01.2024;3;1.0;114;34;98;35;16;31
TE002;20.01.2024;5;1.0;87;48;77;49;10;46
TE002;20.01.2024;7;1.0;182;67;127;67;55;68
TE002;20.01.2024;8;1.0;446;57;405;57;41;50
TE002;20.01.2024;10;1.0;1225;77;997;76;228;81
TE002;20.01.2024;11;1.0;1411;73;1143;72;268;77
TE002;20.01.2024;12;1.0;1071;61;1008;62;63;49
TE002;20.01.2024;13;1.0;1342;61;1219;61;123;52
TE002;20.01.2024;14;1.0;1342;64;1216;64;126;57
TE002;20.01.2024;15;1.0;956;65;877;66;79;59
TE002;20.01.2024;17;1.0;1409;59;1266;60;143;50
TE002;20.01.2024;18;1.0;1193;60;1029;61;164;51
TE002;20.01.2024;20;1.0;649;73;450;71;199;75
TE002;20.01.2024;21;1.0;627;79;531;78;96;86
TE002;20.01.2024;22;1.0;524;72;439;70;85;76
TE002;20.01.2024;23;1.0;205;54;198;55;7;45
TE002;21.01.2024;0;1.0;202;61;192;60;10;70
TE002;21.01.2024;1;1.0;164;78;153;78;11;82
TE002;21.01.2024;2;1.0;132;77;115;76;17;82
TE002;21.01.2024;3;1.0;84;55;79;54;5;60
TE002;21.01.2024;4;1.0;88;81;79;81;9;78
TE002;21.01.2024;5;1.0;156;96;137;96;19;90
TE002;21.01.2024;6;1.0;153;92;137;92;16;90
TE002;21.01.2024;7;1.0;163;57;151;58;12;55
TE002;21.01.2024;8;1.0;473;66;460;66;13;62
TE002;21.01.2024;9;1.0;934;57;909;57;25;59
TE002;21.01.2024;10;1.0;475;72;460;72;15;75
TE002;21.01.2024;11;1.0;959;67;929;67;30;64
TE002;21.01.2024;12;1.0;1130;78;1020;77;110;86
TE002;21.01.2024;13;1.0;1193;68;1148;68;45;70
TE002;21.01.2024;14;1.0;1139;68;1103;68;36;73
TE002;21.01.2024;15;1.0;1264;68;1200;67;64;81
TE002;21.01.2024;16;1.0;1074;64;1061;64;13;56
TE002;21.01.2024;17;1.0;1541;63;1482;63;59;56
TE002;21.01.2024;18;1.0;1405;73;1380;73;25;71
TE002;21.01.2024;19;1.0;1022;68;952;68;70;62
TE002;21.01.2024;20;1.0;746;59;701;59;45;55
TE002;21.01.2024;21;1.0;459;63;421;63;38;62
TE002;21.01.2024;22;1.0;452;67;423;67;29;68
TE002;21.01.2024;23;1.0;307;63;280;63;26;64
TE002;22.01.2024;0;1.0;164;60;149;60;15;57
TE002;22.01.2024;1;1.0;96;40;85;42;11;31
TE002;22.01.2024;2;1.0;95;56;73;54;23;61
TE002;22.01.2024;3;1.0;103;54;70;54;33;53
TE002;22.01.2024;4;1.0;260;71;179;70;81;73
TE002;22.01.2024;5;1.0;1082;76;946;76;136;75
TE002;22.01.2024;6;1.0;2167;73;1983;73;184;71
TE002;22.01.2024;7;1.0;2518;60;2223;60;295;59
TE002;22.01.2024;8;1.0;2219;65;2030;65;189;64
TE002;22.01.2024;9;1.0;2040;71;1522;70;518;73
TE002;22.01.2024;10;1.0;1593;73;1078;71;515;78
TE002;22.01.2024;11;1.0;956;76;815;75;141;84
TE002;22.01.2024;13;1.0;1391;74;1236;74;155;76
TE002;22.01.2024;14;1.0;1228;68;1088;69;140;61
TE002;22.01.2024;15;1.0;1448;71;1347;71;101;66
TE002;22.01.2024;17;1.0;984;59;921;60;63;47
TE002;22.01.2024;18;1.0;1071;72;953;72;118;77
TE002;22.01.2024;19;1.0;823;74;765;74;58;81
TE002;22.01.2024;20;1.0;795;62;756;62;39;60
TE002;22.01.2024;21;1.0;573;77;531;77;42;78
TE002;22.01.2024;22;1.0;408;51;363;50;45;47
TE002;22.01.2024;23;1.0;227;56;201;55;26;57
TE002;23.01.2024;0;1.0;180;68;156;68;24;68
TE002;23.01.2024;3;1.0;145;61;111;61;34;58
TE002;23.01.2024;4;1.0;282;70;225;70;57;70
TE002;23.01.2024;5;1.0;1156;67;1029;68;127;64
TE002;23.01.2024;6;1.0;2362;63;2147;63;215;61
TE002;23.01.2024;7;1.0;2430;59;2229;59;201;60
TE002;23.01.2024;8;1.0;1785;47;1553;46;231;46
TE002;23.01.2024;9;1.0;1993;58;1751;58;242;58
TE002;23.01.2024;10;1.0;1654;71;1519;71;135;70
TE002;23.01.2024;11;1.0;1935;70;1815;70;120;70
TE002;23.01.2024;12;1.0;1317;65;1248;65;69;63
TE002;23.01.2024;14;1.0;1711;66;1600;66;111;65
TE002;23.01.2024;15;1.0;1630;67;1534;67;96;62
TE002;23.01.2024;16;1.0;2040;61;1978;61;62;55
TE002;23.01.2024;17;1.0;1395;68;1303;69;92;65
TE002;23.01.2024;18;1.0;1518;63;1432;63;86;59
TE002;23.01.2024;19;1.0;1071;64;982;64;89;61
TE002;23.01.2024;20;1.0;792;64;727;64;65;63
TE002;23.01.2024;21;1.0;619;62;577;63;42;63
TE002;23.01.2024;22;1.0;390;68;362;68;28;69
TE002;23.01.2024;23;1.0;241;73;185;72;56;73
TE002;24.01.2024;4;1.0;309;54;229;54;80;56
TE002;24.01.2024;5;1.0;956;67;858;67;98;61
TE002;24.01.2024;6;1.0;2005;68;1855;69;150;59
TE002;24.01.2024;8;1.0;2289;36;2041;36;248;41
TE002;24.01.2024;10;1.0;1328;66;1242;66;86;65
TE002;24.01.2024;11;1.0;1768;66;1613;66;155;62
TE002;24.01.2024;12;1.0;1912;72;1765;72;147;73
TE002;24.01.2024;13;1.0;1869;68;1737;68;132;69
TE002;24.01.2024;14;1.0;1798;68;1716;68;82;68
TE002;24.01.2024;15;1.0;1818;61;1756;61;62;55
TE002;24.01.2024;16;1.0;1849;73;1762;73;87;76
TE002;24.01.2024;17;1.0;1853;72;1799;72;54;73
TE002;24.01.2024;18;1.0;1677;64;1639;65;38;65
TE002;24.01.2024;19;1.0;1427;69;1383;69;44;68
TE002;24.01.2024;20;1.0;870;68;834;68;36;72
TE002;24.01.2024;21;1.0;858;75;802;75;56;75
TE002;24.01.2024;22;1.0;578;71;548;71;30;70
TE002;24.01.2024;23;1.0;371;74;338;74;33;75
TE002;25.01.2024;0;1.0;238;73;197;73;41;73
TE002;25.01.2024;1;1.0;134;69;111;69;23;69
TE002;25.01.2024;2;1.0;99;61;66;61;33;61
TE002;25.01.2024;4;1.0;158;72;116;72;42;72
TE002;25.01.2024;5;1.0;746;65;689;67;56;46
TE002;25.01.2024;6;1.0;2119;70;1949;71;170;67
TE002;25.01.2024;7;1.0;2219;56;2092;57;127;55
TE002;25.01.2024;8;1.0;932;19;901;19;31;18
TE002;25.01.2024;9;1.0;2187;45;2026;45;161;48
TE002;25.01.2024;10;1.0;2053;71;1883;72;170;71
TE002;25.01.2024;12;1.0;944;68;877;68;67;72
TE002;25.01.2024;13;1.0;1341;66;1258;66;83;69
TE002;25.01.2024;14;1.0;1634;63;1556;63;79;63
TE002;25.01.2024;15;1.0;2254;63;2145;63;109;64
TE002;25.01.2024;16;1.0;2112;65;2035;65;77;66
TE002;25.01.2024;17;1.0;2139;63;2069;63;70;65
TE002;25.01.2024;18;1.0;1433;71;1264;71;169;74
TE002;25.01.2024;19;1.0;1223;76;1094;75;129;81
TE002;25.01.2024;20;1.0;1037;67;976;67;61;70
TE002;25.01.2024;21;1.0;653;74;557;73;96;72
TE002;25.01.2024;22;1.0;741;56;689;55;52;59
TE002;25.01.2024;23;1.0;403;68;359;68;44;67
TE002;26.01.2024;0;1.0;264;64;225;63;39;66
TE002;26.01.2024;1;1.0;124;53;104;53;19;54
TE002;26.01.2024;2;1.0;170;61;122;62;48;61
TE002;26.01.2024;3;1.0;136;52;109;52;27;51
TE002;26.01.2024;4;1.0;386;56;308;57;77;55
TE002;26.01.2024;5;1.0;1108;73;968;73;140;75
TE002;26.01.2024;6;1.0;2105;70;1920;70;185;72
TE002;26.01.2024;7;1.0;2718;59;2517;60;200;55
TE002;26.01.2024;8;1.0;2737;71;2518;71;219;71
TE002;26.01.2024;9;1.0;2732;71;2515;72;217;67
TE002;26.01.2024;10;1.0;2096;74;1964;75;132;69
TE002;26.01.2024;11;1.0;2133;70;1968;71;165;69
TE002;26.01.2024;12;1.0;1892;60;1776;60;116;60
TE002;26.01.2024;14;1.0;2422;75;1947;75;476;72
TE002;26.01.2024;15;1.0;2106;78;1840;77;266;80
TE002;26.01.2024;16;1.0;1902;64;1802;64;100;65
TE002;26.01.2024;17;1.0;2531;62;2472;62;59;61
TE002;26.01.2024;18;1.0;2138;67;2067;67;71;67
TE002;26.01.2024;19;1.0;1762;68;1724;68;38;67
TE002;26.01.2024;20;1.0;1435;68;1397;68;38;68
TE002;26.01.2024;21;1.0;1030;65;992;65;38;63
TE002;26.01.2024;22;1.0;857;68;825;68;32;68
TE002;26.01.2024;23;1.0;557;63;538;63;19;71
TE002;27.01.2024;0;1.0;384;76;358;75;26;78
TE002;27.01.2024;1;1.0;247;70;219;70;28;70
TE002;27.01.2024;2;1.0;204;66;165;66;39;66
TE002;27.01.2024;3;1.0;172;66;139;66;33;62
TE002;27.01.2024;4;1.0;190;64;156;64;35;63
TE002;27.01.2024;5;1.0;286;63;232;62;55;62
TE002;27.01.2024;6;1.0;335;72;304;71;31;71
TE002;27.01.2024;7;1.0;469;73;443;73;26;75
TE002;27.01.2024;8;1.0;969;73;933;73;36;76
TE002;27.01.2024;9;1.0;2003;72;1886;72;117;72
TE002;27.01.2024;10;1.0;2091;75;1987;75;104;76
TE002;27.01.2024;11;1.0;2242;71;2175;71;67;69
TE002;27.01.2024;12;1.0;2475;69;2422;69;53;70
TE002;27.01.2024;13;1.0;1780;64;1756;64;24;55
TE002;27.01.2024;14;1.0;932;67;923;67;9;67
TE002;27.01.2024;15;1.0;1495;68;1409;69;86;45
TE002;27.01.2024;18;1.0;1913;69;1876;69;37;69
TE002;27.01.2024;19;1.0;1425;66;1401;66;24;63
TE002;27.01.2024;20;1.0;1258;65;1238;65;20;63
TE002;27.01.2024;21;1.0;822;64;806;64;16;62
TE002;27.01.2024;22;1.0;560;66;551;66;9;67
TE002;27.01.2024;23;1.0;588;52;583;52;5;59
TE002;28.01.2024;0;1.0;156;50;150;50;6;35
TE002;28.01.2024;1;1.0;90;32;89;32;1;38
TE002;28.01.2024;2;1.0;99;45;98;45;1;55
TE002;28.01.2024;3;1.0;59;33;57;33;1;22
TE002;28.01.2024;4;1.0;63;27;62;27;1;32
TE002;28.01.2024;5;1.0;141;56;137;56;4;51
TE002;28.01.2024;6;1.0;157;64;151;64;6;67
TE002;28.01.2024;7;1.0;205;60;200;60;5;60
TE002;28.01.2024;8;1.0;528;55;510;55;18;51
TE002;28.01.2024;9;1.0;1142;62;1108;62;34;60
TE002;28.01.2024;10;1.0;1467;65;1436;65;31;65
TE002;28.01.2024;11;1.0;1319;65;1291;65;28;62
TE002;28.01.2024;12;1.0;1132;62;1097;63;35;58
TE002;28.01.2024;13;1.0;1643;63;1601;63;42;58
TE002;28.01.2024;14;1.0;1805;64;1712;64;93;60
TE002;28.01.2024;15;1.0;2013;63;1958;63;55;56
TE002;28.01.2024;16;1.0;2518;62;2360;63;158;58
TE002;28.01.2024;17;1.0;2654;54;2318;52;336;67
TE002;28.01.2024;18;1.0;1755;71;1526;70;230;73
TE002;28.01.2024;19;1.0;1327;67;1137;66;190;68
TE002;28.01.2024;20;1.0;1024;76;801;75;223;83
TE002;28.01.2024;21;1.0;606;72;459;69;147;81
TE002;28.01.2024;22;1.0;651;62;596;62;55;59
TE002;28.01.2024;23;1.0;385;64;352;64;33;65
TE002;29.01.2024;0;1.0;286;50;246;49;40;51
TE002;29.01.2024;2;1.0;154;87;112;88;42;86
TE002;29.01.2024;3;1.0;146;59;102;61;44;57
TE002;29.01.2024;4;1.0;321;62;257;62;64;63
TE002;29.01.2024;5;1.0;1236;64;1127;64;109;61
TE002;29.01.2024;6;1.0;2664;62;2506;63;158;60
TE002;29.01.2024;7;1.0;3083;60;2906;59;177;58
TE002;29.01.2024;8;1.0;2327;62;2180;62;147;60
TE002;29.01.2024;9;1.0;1666;69;1508;69;158;68
TE002;29.01.2024;10;1.0;1353;60;1233;59;120;71
TE002;29.01.2024;11;1.0;1275;60;1145;61;130;52
TE002;29.01.2024;12;1.0;1038;64;963;65;75;58
TE002;29.01.2024;13;1.0;1287;63;1185;64;102;56
TE002;29.01.2024;14;1.0;1187;66;1118;67;69;58
TE002;29.01.2024;15;1.0;1454;62;1372;63;82;55
TE002;29.01.2024;16;1.0;1599;66;1525;67;74;65
TE002;29.01.2024;17;1.0;1725;65;1642;65;83;60
TE002;29.01.2024;18;1.0;1539;64;1472;65;67;64
TE002;29.01.2024;19;1.0;1212;68;1099;68;113;68
TE002;29.01.2024;20;1.0;871;67;820;67;51;68
TE002;29.01.2024;22;1.0;477;77;406;76;71;75
TE002;29.01.2024;23;1.0;258;67;229;67;29;69
TE002;30.01.2024;0;1.0;162;52;142;52;21;53
TE002;30.01.2024;1;1.0;108;52;93;51;15;54
TE002;30.01.2024;2;1.0;100;46;84;46;16;46
TE002;30.01.2024;3;1.0;138;46;108;46;30;47
TE002;30.01.2024;5;1.0;1038;65;946;65;92;61
TE002;30.01.2024;6;1.0;2354;64;2189;64;165;63
TE002;30.01.2024;7;1.0;3042;61;2831;61;211;61
TE002;30.01.2024;8;1.0;2793;61;2611;61;182;59
TE002;30.01.2024;9;1.0;1924;66;1763;66;161;64
TE002;30.01.2024;10;1.0;1729;68;1583;68;146;66
TE002;30.01.2024;11;1.0;1442;65;1335;65;107;64
TE002;30.01.2024;12;1.0;1350;66;1255;66;95;63
TE002;30.01.2024;13;1.0;1688;67;1566;67;122;65
TE002;30.01.2024;14;1.0;1809;70;1682;70;127;74
TE002;30.01.2024;15;1.0;1646;67;1573;67;73;65
TE002;30.01.2024;16;1.0;1826;65;1745;65;81;68
TE002;30.01.2024;17;1.0;1931;54;1873;53;58;61
TE002;30.01.2024;18;1.0;1443;64;1385;64;59;61
TE002;30.01.2024;19;1.0;1085;66;1051;66;34;67
TE002;30.01.2024;20;1.0;809;77;779;77;30;78
TE002;30.01.2024;21;1.0;664;77;616;77;48;78
TE002;30.01.2024;22;1.0;540;70;510;70;30;67
TE002;30.01.2024;23;1.0;275;70;244;70;31;71
TE002;31.01.2024;0;1.0;207;64;170;64;37;62
TE002;31.01.2024;1;1.0;72;54;52;54;20;56
TE002;31.01.2024;2;1.0;50;60;32;59;18;63
TE002;31.01.2024;5;1.0;565;66;528;68;37;39
TE002;31.01.2024;6;1.0;1816;66;1650;67;166;59
TE002;31.01.2024;7;1.0;2433;63;2267;63;166;52
TE002;31.01.2024;9;1.0;1858;74;1700;74;158;76
TE002;31.01.2024;11;1.0;1533;70;1377;70;156;70
TE002;31.01.2024;12;1.0;1561;77;1339;76;222;81
TE002;31.01.2024;13;1.0;1261;70;1178;71;83;65
TE002;31.01.2024;14;1.0;1146;74;1087;74;60;68
TE002;31.01.2024;15;1.0;1861;70;1732;70;129;69
TE002;31.01.2024;16;1.0;1921;75;1824;75;97;77
TE002;31.01.2024;17;1.0;2238;69;2124;70;114;71
TE002;31.01.2024;18;1.0;2066;72;1945;72;121;76
TE002;31.01.2024;19;1.0;1377;70;1307;70;70;69
TE002;31.01.2024;22;1.0;403;68;259;69;143;66
TE002;31.01.2024;23;1.0;182;82;110;79;72;86
TE004;01.01.2024;0;1.0;79;46;51;46;28;47
TE004;01.01.2024;1;1.0;178;47;135;46;43;49
TE004;01.01.2024;2;1.0;184;48;156;49;28;45
TE004;01.01.2024;3;1.0;113;51;90;50;23;52
TE004;01.01.2024;4;1.0;76;50;71;50;5;47
TE004;01.01.2024;5;1.0;60;52;54;51;6;54
TE004;01.01.2024;6;1.0;56;56;48;55;8;60
TE004;01.01.2024;7;1.0;58;53;52;53;6;52
TE004;01.01.2024;8;1.0;55;49;50;49;5;58
TE004;01.01.2024;9;1.0;98;53;81;53;17;57
TE004;01.01.2024;10;1.0;131;49;118;50;13;49
TE004;01.01.2024;11;1.0;158;48;129;49;29;48
TE004;01.01.2024;12;1.0;217;50;97;50;120;50
TE004;01.01.2024;13;1.0;264;48;155;48;109;48
TE004;01.01.2024;14;1.0;292;42;233;42;59;42
TE004;01.01.2024;15;1.0;338;46;260;47;78;47
TE004;01.01.2024;16;1.0;301;48;216;48;85;49
TE004;01.01.2024;17;1.0;273;44;238;44;36;44
TE004;01.01.2024;18;1.0;220;47;167;47;53;46
TE004;01.01.2024;19;1.0;170;50;129;50;41;48
TE004;01.01.2024;20;1.0;176;50;151;50;25;48
TE004;01.01.2024;21;1.0;134;52;119;52;15;52
TE004;01.01.2024;22;1.0;98;50;78;50;20;53
TE004;01.01.2024;23;1.0;74;51;57;50;17;54
TE004;02.01.2024;0;1.0;42;51;33;51;9;48
TE004;02.01.2024;1;1.0;19;51;17;51;2;46
TE004;02.01.2024;2;1.0;27;52;22;52;5;51
TE004;02.01.2024;3;1.0;19;52;17;52;2;58
TE004;02.01.2024;4;1.0;45;57;42;57;3;58
TE004;02.01.2024;5;1.0;107;50;98;50;9;52
TE004;02.01.2024;6;1.0;175;46;152;45;23;48
TE004;02.01.2024;7;1.0;241;51;210;51;31;53
TE004;02.01.2024;8;1.0;309;48;267;47;42;50
TE004;02.01.2024;9;1.0;372;47;302;48;70;47
TE004;02.01.2024;10;1.0;481;44;335;45;146;43
TE004;02.01.2024;11;1.0;516;38;357;37;160;38
TE004;02.01.2024;12;1.0;537;38;333;37;204;39
TE004;02.01.2024;13;1.0;560;45;409;45;151;45
TE004;02.01.2024;14;1.0;574;43;520;43;54;40
TE004;02.01.2024;15;1.0;611;43;489;43;122;43
TE004;02.01.2024;16;1.0;590;42;513;42;77;43
TE004;02.01.2024;17;1.0;565;44;487;44;78;45
TE004;02.01.2024;18;1.0;528;47;326;47;202;46
TE004;02.01.2024;19;1.0;405;48;306;48;99;47
TE004;02.01.2024;20;1.0;289;51;232;51;57;51
TE004;02.01.2024;21;1.0;210;51;169;51;41;51
TE004;02.01.2024;22;1.0;168;51;108;52;60;50
TE004;02.01.2024;23;1.0;101;48;68;49;33;46
TE004;03.01.2024;0;1.0;78;48;58;48;21;47
TE004;03.01.2024;1;1.0;28;43;18;44;8;53
TE004;03.01.2024;2;1.0;15;54;13;54;2;50
TE004;03.01.2024;3;1.0;12;50;8;50;4;49
TE004;03.01.2024;4;1.0;42;49;31;51;11;44
TE004;03.01.2024;5;1.0;97;51;80;51;17;51
TE004;03.01.2024;6;1.0;211;48;169;48;42;48
TE004;03.01.2024;7;1.0;253;47;158;47;95;48
TE004;03.01.2024;8;1.0;375;44;240;44;135;46
TE004;03.01.2024;9;1.0;436;42;270;43;166;43
TE004;03.01.2024;10;1.0;468;35;313;35;155;35
TE004;03.01.2024;11;1.0;501;44;354;44;147;43
TE004;03.01.2024;12;1.0;551;43;341;43;210;43
TE004;03.01.2024;13;1.0;617;40;482;40;135;41
TE004;03.01.2024;14;1.0;622;40;457;40;165;40
TE004;03.01.2024;15;1.0;607;41;331;41;276;41
TE004;03.01.2024;16;1.0;610;42;414;42;196;42
TE004;03.01.2024;17;1.0;606;41;423;40;183;42
TE004;03.01.2024;18;1.0;532;45;359;45;173;45
TE004;03.01.2024;19;1.0;403;45;266;46;137;45
TE004;03.01.2024;20;1.0;306;46;199;46;107;46
TE004;03.01.2024;21;1.0;218;51;153;51;65;50
TE004;03.01.2024;22;1.0;171;49;83;50;88;47
TE004;03.01.2024;23;1.0;110;49;61;49;49;49
TE004;04.01.2024;0;1.0;69;48;36;51;33;44
TE004;04.01.2024;1;1.0;24;53;11;51;13;55
TE004;04.01.2024;2;1.0;26;56;18;56;8;58
TE004;04.01.2024;3;1.0;23;57;13;54;10;62
TE004;04.01.2024;4;1.0;33;57;24;57;9;58
TE004;04.01.2024;5;1.0;99;57;74;57;25;55
TE004;04.01.2024;6;1.0;154;54;110;54;44;54
TE004;04.01.2024;7;1.0;270;51;183;51;87;52
TE004;04.01.2024;8;1.0;382;47;302;47;80;47
TE004;04.01.2024;9;1.0;445;42;384;42;61;42
TE004;04.01.2024;10;1.0;530;39;477;39;53;38
TE004;04.01.2024;11;1.0;577;41;473;41;104;41
TE004;04.01.2024;12;1.0;589;42;391;41;198;43
TE004;04.01.2024;13;1.0;571;44;319;44;252;44
TE004;04.01.2024;14;1.0;610;43;365;43;245;42
TE004;04.01.2024;15;1.0;650;39;559;39;91;39
TE004;04.01.2024;16;1.0;644;38;527;38;117;37
TE004;04.01.2024;17;1.0;616;40;580;40;36;41
TE004;04.01.2024;18;1.0;581;43;543;43;38;42
TE004;04.01.2024;19;1.0;491;46;436;46;55;46
TE004;04.01.2024;20;1.0;296;50;267;50;29;49
TE004;04.01.2024;21;1.0;223;48;172;48;51;50
TE004;04.01.2024;22;1.0;176;53;154;53;22;54
TE004;04.01.2024;23;1.0;122;55;112;55;10;52
TE004;05.01.2024;0;1.0;57;54;51;53;6;55
TE004;05.01.2024;1;1.0;41;56;38;56;3;60
TE004;05.01.2024;2;1.0;23;69;18;68;5;75
TE004;05.01.2024;3;1.0;14;58;9;56;5;62
TE004;05.01.2024;4;1.0;39;56;29;56;10;59
TE004;05.01.2024;5;1.0;109;56;80;56;29;56
TE004;05.01.2024;6;1.0;182;53;153;53;29;51
TE004;05.01.2024;7;1.0;250;51;212;51;38;51
TE004;05.01.2024;8;1.0;388;48;278;48;110;49
TE004;05.01.2024;9;1.0;408;40;339;40;69;39
TE004;05.01.2024;10;1.0;475;43;438;43;37;43
TE004;05.01.2024;11;1.0;639;38;542;38;97;38
TE004;05.01.2024;12;1.0;634;41;549;41;85;42
TE004;05.01.2024;13;1.0;650;42;605;42;45;41
TE004;05.01.2024;14;1.0;623;39;517;39;106;39
TE004;05.01.2024;15;1.0;662;42;525;42;137;41
TE004;05.01.2024;16;1.0;578;40;478;40;100;40
TE004;05.01.2024;17;1.0;543;46;522;46;21;47
TE004;05.01.2024;18;1.0;559;45;547;45;12;46
TE004;05.01.2024;19;1.0;410;47;404;47;6;46
TE004;05.01.2024;20;1.0;321;49;309;49;12;48
TE004;05.01.2024;21;1.0;268;51;259;51;9;51
TE004;05.01.2024;22;1.0;203;52;188;52;15;53
TE004;05.01.2024;23;1.0;165;54;164;54;1;57
TE004;06.01.2024;0;1.0;88;54;80;54;8;55
TE004;06.01.2024;1;1.0;52;58;49;58;3;64
TE004;06.01.2024;2;1.0;33;56;27;55;6;62
TE004;06.01.2024;3;1.0;29;62;27;60;2;80
TE004;06.01.2024;4;1.0;36;60;27;58;9;65
TE004;06.01.2024;5;1.0;61;59;47;60;14;59
TE004;06.01.2024;6;1.0;89;58;71;59;18;56
TE004;06.01.2024;7;1.0;103;53;98;53;5;54
TE004;06.01.2024;8;1.0;167;53;148;54;19;52
TE004;06.01.2024;9;1.0;261;49;225;49;36;48
TE004;06.01.2024;10;1.0;438;46;399;46;39;45
TE004;06.01.2024;11;1.0;517;46;464;45;53;45
TE004;06.01.2024;12;1.0;542;43;505;43;37;43
TE004;06.01.2024;13;1.0;615;44;561;45;54;45
TE004;06.01.2024;14;1.0;636;44;608;44;28;44
TE004;06.01.2024;15;1.0;597;45;558;45;39;45
TE004;06.01.2024;16;1.0;573;45;545;45;28;45
TE004;06.01.2024;17;1.0;505;46;478;46;27;46
TE004;06.01.2024;18;1.0;459;46;415;46;44;47
TE004;06.01.2024;19;1.0;363;47;329;47;34;46
TE004;06.01.2024;20;1.0;299;50;283;50;16;50
TE004;06.01.2024;21;1.0;257;52;241;52;16;53
TE004;06.01.2024;22;1.0;189;56;186;56;3;56
TE004;06.01.2024;23;1.0;133;55;117;55;16;52
TE004;07.01.2024;0;1.0;91;57;86;57;5;55
TE004;07.01.2024;1;1.0;62;57;56;57;6;56
TE004;07.01.2024;2;1.0;47;55;42;54;5;59
TE004;07.01.2024;3;1.0;28;54;25;54;3;57
TE004;07.01.2024;4;1.0;26;52;25;52;1;42
TE004;07.01.2024;5;1.0;31;51;24;50;7;53
TE004;07.01.2024;6;1.0;40;50;32;51;8;43
TE004;07.01.2024;7;1.0;57;53;49;53;8;56
TE004;07.01.2024;8;1.0;86;53;75;53;11;53
TE004;07.01.2024;9;1.0;177;53;148;53;29;51
TE004;07.01.2024;10;1.0;254;50;229;50;25;52
TE004;07.01.2024;11;1.0;310;49;276;50;34;49
TE004;07.01.2024;12;1.0;327;50;319;50;8;51
TE004;07.01.2024;13;1.0;403;51;375;50;28;52
TE004;07.01.2024;14;1.0;426;48;380;49;46;49
TE004;07.01.2024;15;1.0;413;49;362;49;51;50
TE004;07.01.2024;16;1.0;359;50;344;50;15;50
TE004;07.01.2024;17;1.0;369;49;331;49;38;50
TE004;07.01.2024;18;1.0;324;50;299;50;25;48
TE004;07.01.2024;19;1.0;289;52;276;52;13;50
TE004;07.01.2024;20;1.0;204;52;191;52;13;52
TE004;07.01.2024;21;1.0;123;52;107;52;16;57
TE004;07.01.2024;22;1.0;113;51;100;51;13;51
TE004;07.01.2024;23;1.0;73;54;56;53;17;56
TE004;08.01.2024;0;1.0;46;57;38;57;8;58
TE004;08.01.2024;1;1.0;26;42;21;43;4;45
TE004;08.01.2024;2;1.0;16;52;14;51;2;59
TE004;08.01.2024;3;1.0;15;58;12;56;3;65
TE004;08.01.2024;4;1.0;44;49;34;48;10;52
TE004;08.01.2024;5;1.0;107;54;93;54;14;56
TE004;08.01.2024;6;1.0;206;47;167;47;39;46
TE004;08.01.2024;7;1.0;464;45;422;45;42;47
TE004;08.01.2024;8;1.0;553;42;484;42;69;42
TE004;08.01.2024;9;1.0;517;42;414;42;103;41
TE004;08.01.2024;10;1.0;539;41;438;41;101;42
TE004;08.01.2024;11;1.0;551;39;478;39;73;41
TE004;08.01.2024;12;1.0;575;37;497;37;78;38
TE004;08.01.2024;13;1.0;625;32;582;32;43;31
TE004;09.01.2024;12;1.0;601;38;549;38;52;40
TE004;10.01.2024;8;1.0;570;37;521;37;49;39
TE004;10.01.2024;9;1.0;490;45;444;45;46;46
TE004;10.01.2024;10;1.0;529;39;477;39;52;40
TE004;10.01.2024;11;1.0;559;41;516;41;43;42
TE004;10.01.2024;12;1.0;649;39;597;39;52;40
TE004;11.01.2024;5;1.0;145;57;139;57;6;52
TE004;11.01.2024;6;1.0;220;54;207;54;13;54
TE004;11.01.2024;7;1.0;448;46;434;46;14;50
TE004;11.01.2024;8;1.0;496;42;465;42;31;45
TE004;11.01.2024;9;1.0;568;44;525;44;43;45
TE004;11.01.2024;10;1.0;568;43;526;43;42;43
TE004;11.01.2024;11;1.0;605;39;566;39;39;38
TE004;11.01.2024;12;1.0;592;39;534;39;58;40
TE004;11.01.2024;13;1.0;654;40;612;40;42;40
TE004;11.01.2024;14;1.0;600;31;554;31;46;27
TE004;11.01.2024;15;1.0;694;26;645;25;49;29
TE004;11.01.2024;16;1.0;676;23;646;23;30;21
TE004;11.01.2024;17;1.0;639;25;629;25;10;25
TE004;11.01.2024;18;1.0;593;27;568;27;25;21
TE004;11.01.2024;19;1.0;542;46;517;46;25;45
TE004;11.01.2024;20;1.0;338;51;322;50;16;52
TE004;11.01.2024;21;1.0;274;52;260;52;14;52
TE004;11.01.2024;22;1.0;217;53;201;53;16;52
TE004;11.01.2024;23;1.0;146;54;144;54;2;57
TE004;12.01.2024;0;1.0;56;55;53;55;3;52
TE004;12.01.2024;1;1.0;30;56;28;56;2;54
TE004;12.01.2024;2;1.0;25;55;25;55;0;-1
TE004;12.01.2024;3;1.0;15;57;14;54;1;98
TE004;12.01.2024;4;1.0;44;58;44;58;0;-1
TE004;12.01.2024;5;1.0;117;55;116;55;1;55
TE004;12.01.2024;6;1.0;220;56;207;56;13;58
TE004;12.01.2024;7;1.0;449;48;433;48;16;48
TE004;12.01.2024;8;1.0;542;43;513;43;29;43
TE004;12.01.2024;9;1.0;507;43;465;43;42;41
TE004;12.01.2024;10;1.0;544;40;514;40;30;42
TE004;12.01.2024;11;1.0;611;34;591;35;20;27
TE004;12.01.2024;12;1.0;617;38;586;38;31;39
TE004;12.01.2024;13;1.0;691;39;654;39;37;37
TE004;12.01.2024;14;1.0;642;28;593;28;49;25
TE004;12.01.2024;15;1.0;683;36;650;36;33;41
TE004;12.01.2024;16;1.0;660;35;637;35;23;33
TE004;12.01.2024;17;1.0;639;41;620;41;19;39
TE004;12.01.2024;18;1.0;632;44;584;44;48;45
TE004;12.01.2024;19;1.0;469;47;437;47;32;46
TE004;12.01.2024;20;1.0;336;50;322;50;14;50
TE004;12.01.2024;21;1.0;247;53;239;53;8;51
TE004;12.01.2024;22;1.0;256;52;248;52;8;52
TE004;12.01.2024;23;1.0;159;56;141;56;18;56
TE004;13.01.2024;0;1.0;107;55;104;55;3;60
TE004;13.01.2024;1;1.0;63;58;57;58;6;58
TE004;13.01.2024;2;1.0;38;58;34;58;4;60
TE004;13.01.2024;3;1.0;30;59;29;59;1;58
TE004;13.01.2024;4;1.0;18;59;16;59;2;60
TE004;13.01.2024;5;1.0;60;57;59;57;1;58
TE004;13.01.2024;6;1.0;87;56;85;57;2;51
TE004;13.01.2024;7;1.0;124;56;109;55;15;56
TE004;13.01.2024;8;1.0;201;55;169;54;32;59
TE004;13.01.2024;9;1.0;347;51;309;51;38;52
TE004;13.01.2024;10;1.0;515;45;419;45;96;44
TE004;13.01.2024;11;1.0;633;42;486;43;147;41
TE004;13.01.2024;12;1.0;670;44;584;44;86;43
TE004;13.01.2024;13;1.0;682;43;609;43;73;43
TE004;13.01.2024;14;1.0;598;44;516;44;82;44
TE004;13.01.2024;15;1.0;631;45;489;45;142;46
TE004;13.01.2024;16;1.0;557;46;478;46;79;47
TE004;13.01.2024;17;1.0;474;46;364;46;110;45
TE004;13.01.2024;18;1.0;451;50;341;51;110;49
TE004;13.01.2024;19;1.0;363;50;347;50;16;51
TE004;13.01.2024;20;1.0;259;52;235;52;24;53
TE004;13.01.2024;21;1.0;216;52;202;52;14;53
TE004;13.01.2024;22;1.0;196;56;186;56;10;57
TE004;13.01.2024;23;1.0;143;55;125;55;18;57
TE004;14.01.2024;0;1.0;105;53;63;54;42;53
TE004;14.01.2024;1;1.0;62;61;30;61;32;62
TE004;14.01.2024;2;1.0;36;53;16;55;20;51
TE004;14.01.2024;3;1.0;33;52;29;52;4;51
TE004;14.01.2024;4;1.0;25;55;22;55;3;59
TE004;14.01.2024;5;1.0;41;53;36;54;5;48
TE004;14.01.2024;6;1.0;40;57;36;57;4;52
TE004;14.01.2024;7;1.0;55;54;50;54;5;52
TE004;14.01.2024;8;1.0;93;53;80;53;13;53
TE004;14.01.2024;9;1.0;171;52;134;53;37;52
TE004;14.01.2024;10;1.0;244;52;204;53;40;50
TE004;14.01.2024;11;1.0;352;50;290;49;62;52
TE004;14.01.2024;12;1.0;401;50;341;50;60;51
TE004;14.01.2024;13;1.0;458;48;360;48;98;48
TE004;14.01.2024;14;1.0;454;50;371;50;83;49
TE004;14.01.2024;15;1.0;429;50;373;50;56;50
TE004;14.01.2024;16;1.0;393;49;325;49;68;50
TE004;14.01.2024;17;1.0;350;51;330;51;20;51
TE004;14.01.2024;18;1.0;358;50;343;50;15;49
TE004;14.01.2024;19;1.0;268;52;237;52;31;52
TE004;14.01.2024;20;1.0;176;55;165;55;11;54
TE004;14.01.2024;21;1.0;150;52;143;53;7;50
TE004;14.01.2024;22;1.0;122;56;111;56;11;54
TE004;14.01.2024;23;1.0;97;58;88;58;9;56
TE004;15.01.2024;0;1.0;49;59;43;59;6;58
TE004;15.01.2024;1;1.0;25;66;22;62;3;89
TE004;15.01.2024;2;1.0;20;58;18;59;2;52
TE004;15.01.2024;3;1.0;20;56;17;56;3;59
TE004;15.01.2024;4;1.0;32;56;27;58;5;47
TE004;15.01.2024;5;1.0;106;57;97;57;9;65
TE004;15.01.2024;6;1.0;193;53;171;53;22;50
TE004;15.01.2024;7;1.0;417;48;349;48;68;45
TE004;15.01.2024;8;1.0;510;46;434;46;76;46
TE004;15.01.2024;9;1.0;536;45;420;45;116;45
TE004;15.01.2024;10;1.0;540;44;422;44;118;44
TE004;15.01.2024;11;1.0;550;43;470;42;80;43
TE004;15.01.2024;12;1.0;597;44;415;44;182;44
TE004;15.01.2024;13;1.0;605;43;403;43;202;43
TE004;15.01.2024;14;1.0;542;27;470;26;72;31
TE004;15.01.2024;15;1.0;611;28;549;28;62;29
TE004;15.01.2024;16;1.0;571;21;496;22;74;18
TE004;15.01.2024;17;1.0;671;36;656;36;15;39
TE004;15.01.2024;18;1.0;636;41;610;41;26;39
TE004;15.01.2024;19;1.0;483;48;467;48;16;48
TE004;15.01.2024;20;1.0;341;48;328;48;13;49
TE004;15.01.2024;21;1.0;237;49;217;50;20;48
TE004;15.01.2024;22;1.0;186;52;175;52;11;53
TE004;15.01.2024;23;1.0;100;54;89;54;11;52
TE004;16.01.2024;0;1.0;46;54;40;52;6;66
TE004;16.01.2024;1;1.0;20;52;19;54;1;35
TE004;16.01.2024;2;1.0;18;53;15;52;3;59
TE004;16.01.2024;3;1.0;25;53;23;53;2;54
TE004;16.01.2024;4;1.0;54;52;48;52;6;49
TE004;16.01.2024;5;1.0;121;49;112;50;9;46
TE004;16.01.2024;6;1.0;208;40;192;41;16;40
TE004;16.01.2024;7;1.0;437;40;417;40;20;37
TE004;16.01.2024;8;1.0;528;40;518;40;10;40
TE004;16.01.2024;9;1.0;511;42;485;42;26;42
TE004;16.01.2024;10;1.0;542;41;514;41;28;39
TE004;16.01.2024;11;1.0;560;40;525;40;35;41
TE004;16.01.2024;12;1.0;574;37;558;37;16;38
TE004;16.01.2024;13;1.0;623;41;568;41;55;41
TE004;16.01.2024;14;1.0;640;37;598;37;42;38
TE004;16.01.2024;15;1.0;705;40;671;40;34;42
TE004;16.01.2024;16;1.0;623;18;579;18;45;22
TE004;16.01.2024;17;1.0;692;35;663;35;29;32
TE004;16.01.2024;18;1.0;730;38;686;38;44;37
TE004;16.01.2024;19;1.0;532;46;492;46;40;46
TE004;16.01.2024;21;1.0;274;51;261;52;13;48
TE004;16.01.2024;22;1.0;190;54;177;54;13;48
TE004;16.01.2024;23;1.0;118;57;106;56;12;61
TE004;17.01.2024;0;1.0;47;52;39;53;8;48
TE004;17.01.2024;1;1.0;25;50;21;50;4;54
TE004;17.01.2024;2;1.0;21;50;21;50;0;-1
TE004;17.01.2024;3;1.0;19;62;16;63;3;57
TE004;17.01.2024;4;1.0;66;52;64;52;2;54
TE004;28.01.2024;9;1.0;218;35;205;36;12;35
TE004;28.01.2024;10;1.0;298;48;250;48;48;46
TE004;28.01.2024;11;1.0;375;46;325;46;50;48
TE004;28.01.2024;12;1.0;464;48;441;47;23;48
TE004;28.01.2024;13;1.0;494;46;423;46;71;46
TE004;28.01.2024;14;1.0;498;46;376;46;122;46
TE004;28.01.2024;15;1.0;533;44;364;44;169;44
TE004;28.01.2024;16;1.0;461;44;305;44;156;44
TE004;28.01.2024;17;1.0;388;44;275;45;113;44
TE004;28.01.2024;18;1.0;357;45;260;44;97;46
TE004;28.01.2024;19;1.0;282;48;155;49;127;47
TE004;28.01.2024;20;1.0;247;48;208;48;39;49
TE004;28.01.2024;21;1.0;192;49;145;49;47;48
TE004;28.01.2024;22;1.0;126;52;98;53;28;49
TE004;28.01.2024;23;1.0;78;52;58;52;20;53
TE004;29.01.2024;0;1.0;40;53;27;51;13;57
TE004;29.01.2024;1;1.0;18;52;17;51;1;72
TE004;29.01.2024;2;1.0;18;51;12;49;6;54
TE004;29.01.2024;3;1.0;20;59;11;56;9;62
TE004;29.01.2024;4;1.0;45;53;39;52;6;54
TE004;29.01.2024;5;1.0;129;51;110;51;19;50
TE004;29.01.2024;6;1.0;218;49;176;49;42;48
TE004;29.01.2024;7;1.0;471;45;390;45;81;45
TE004;29.01.2024;8;1.0;568;44;432;44;136;44
TE004;29.01.2024;9;1.0;542;42;450;42;92;43
TE004;29.01.2024;10;1.0;554;39;501;39;53;39
TE004;29.01.2024;11;1.0;634;37;553;37;81;38
TE004;29.01.2024;12;1.0;660;38;619;38;41;38
TE004;29.01.2024;20;1.0;345;46;269;46;76;45
TE004;29.01.2024;21;1.0;268;47;226;47;42;48
TE004;29.01.2024;22;1.0;189;51;156;51;33;52
TE004;29.01.2024;23;1.0;119;51;95;51;24;50
TE004;30.01.2024;0;1.0;37;53;28;52;9;55
TE004;30.01.2024;1;1.0;23;53;22;55;1;25
TE004;30.01.2024;2;1.0;15;51;13;51;2;57
TE004;30.01.2024;3;1.0;23;48;21;47;2;60
TE004;30.01.2024;4;1.0;52;59;48;59;4;64
TE004;30.01.2024;5;1.0;132;54;112;54;20;54
TE004;30.01.2024;6;1.0;217;52;177;52;40;51
TE004;30.01.2024;7;1.0;461;45;359;45;102;44
TE004;30.01.2024;8;1.0;554;45;411;45;143;45
TE004;30.01.2024;9;1.0;578;43;377;43;201;43
TE004;30.01.2024;10;1.0;621;41;459;41;162;41
TE004;30.01.2024;11;1.0;607;40;406;40;201;40
TE004;30.01.2024;12;1.0;595;40;398;40;197;41
TE004;30.01.2024;13;1.0;606;40;405;40;201;40
TE004;30.01.2024;14;1.0;660;40;374;40;286;40
TE004;30.01.2024;15;1.0;631;32;376;31;255;34
TE004;30.01.2024;16;1.0;616;33;437;33;179;35
TE004;30.01.2024;17;1.0;670;36;473;36;197;35
TE004;30.01.2024;18;1.0;719;41;546;41;173;42
TE004;30.01.2024;19;1.0;514;46;394;46;120;47
TE004;30.01.2024;20;1.0;368;49;296;50;72;47
TE004;30.01.2024;21;1.0;295;49;234;50;61;47
TE004;30.01.2024;22;1.0;196;52;122;52;74;50
TE004;30.01.2024;23;1.0;134;51;93;51;41;50
TE004;31.01.2024;0;1.0;61;53;37;51;25;54
TE004;31.01.2024;1;1.0;25;59;16;55;9;64
TE004;31.01.2024;2;1.0;19;57;14;55;5;60
TE004;31.01.2024;3;1.0;22;54;13;53;9;56
TE004;31.01.2024;4;1.0;49;54;42;54;7;55
TE004;31.01.2024;5;1.0;129;55;107;55;22;57
TE004;31.01.2024;6;1.0;235;51;165;52;70;50
TE004;31.01.2024;7;1.0;435;45;267;46;168;45
TE004;31.01.2024;8;1.0;514;49;408;49;106;47
TE004;31.01.2024;9;1.0;521;46;343;45;178;46
TE004;31.01.2024;10;1.0;543;42;271;42;272;43
TE004;31.01.2024;11;1.0;577;41;374;40;203;42
TE004;31.01.2024;12;1.0;632;38;425;39;207;38
TE004;31.01.2024;13;1.0;606;42;378;41;228;44
TE004;31.01.2024;14;1.0;583;36;329;35;253;36
TE004;31.01.2024;15;1.0;666;33;467;34;199;33
TE004;31.01.2024;16;1.0;693;37;475;37;218;37
TE004;31.01.2024;17;1.0;671;40;440;40;231;40
TE004;31.01.2024;18;1.0;650;44;484;44;166;42
TE004;31.01.2024;19;1.0;492;47;353;47;139;47
TE004;31.01.2024;20;1.0;327;50;269;50;58;47
TE004;31.01.2024;21;1.0;248;52;213;53;35;50
TE004;31.01.2024;22;1.0;180;53;151;53;29;53
TE004;31.01.2024;23;1.0;167;55;119;56;48;52
TE005;03.01.2024;13;1.0;960;46;937;46;23;45
TE005;03.01.2024;14;1.0;1001;45;908;45;93;45
TE005;03.01.2024;15;1.0;1019;44;986;44;33;43
TE005;03.01.2024;16;1.0;924;43;898;43;26;43
TE005;03.01.2024;17;1.0;930;44;899;44;31;46
TE005;03.01.2024;18;1.0;831;46;816;46;15;46
TE005;03.01.2024;19;1.0;631;46;617;46;14;46
TE005;03.01.2024;20;1.0;418;48;365;48;53;47
TE005;03.01.2024;21;1.0;289;50;182;50;107;49
TE005;03.01.2024;22;1.0;259;48;237;48;22;47
TE005;03.01.2024;23;1.0;170;52;152;52;18;53
TE005;04.01.2024;0;1.0;118;57;100;57;18;56
TE005;04.01.2024;1;1.0;42;59;40;59;2;66
TE005;04.01.2024;2;1.0;33;55;31;55;2;54
TE005;04.01.2024;3;1.0;43;62;40;62;3;70
TE005;04.01.2024;4;1.0;78;63;68;63;10;60
TE005;04.01.2024;5;1.0;263;58;242;58;21;57
TE005;04.01.2024;6;1.0;438;56;397;56;41;56
TE005;04.01.2024;7;1.0;771;54;746;54;25;56
TE005;04.01.2024;8;1.0;921;47;873;47;48;47
TE005;04.01.2024;9;1.0;949;47;898;47;51;48
TE005;04.01.2024;10;1.0;908;47;862;47;46;47
TE005;04.01.2024;11;1.0;952;48;924;48;28;48
TE005;04.01.2024;12;1.0;990;48;946;48;44;49
TE005;04.01.2024;13;1.0;999;46;967;46;32;48
TE005;04.01.2024;14;1.0;1050;46;1001;46;49;47
TE005;04.01.2024;15;1.0;1078;46;921;46;157;45
TE006;08.01.2024;7;1.0;750;30;697;29;53;33
TE006;08.01.2024;8;1.0;722;33;676;33;46;30
TE006;08.01.2024;9;1.0;659;36;626;36;33;36
TE006;08.01.2024;12;1.0;626;32;599;32;27;31
TE006;08.01.2024;13;1.0;600;35;563;36;37;34
TE006;08.01.2024;14;1.0;660;32;622;32;38;32
TE006;08.01.2024;15;1.0;685;30;639;29;46;31
TE006;08.01.2024;16;1.0;661;34;616;34;45;36
TE006;08.01.2024;17;1.0;610;30;588;30;22;28
TE006;08.01.2024;18;1.0;549;34;519;34;30;32
TE006;08.01.2024;19;1.0;445;36;415;36;30;34
TE006;08.01.2024;20;1.0;311;42;290;42;21;42
TE006;08.01.2024;21;1.0;212;44;186;45;26;41
TE006;08.01.2024;22;1.0;213;46;181;46;32;46
TE006;08.01.2024;23;1.0;125;47;97;48;28;46
TE006;09.01.2024;0;1.0;41;46;31;48;10;38
TE006;09.01.2024;1;1.0;34;53;27;54;7;47
TE006;09.01.2024;2;1.0;31;50;28;49;3;56
TE006;09.01.2024;3;1.0;40;50;33;50;7;50
TE006;09.01.2024;4;1.0;67;49;56;50;11;49
TE006;09.01.2024;5;1.0;238;46;217;47;21;44
TE006;09.01.2024;6;1.0;511;40;491;40;20;39
TE006;09.01.2024;7;1.0;703;31;666;30;37;30
TE006;09.01.2024;8;1.0;730;33;694;33;36;34
TE006;09.01.2024;9;1.0;632;32;603;32;29;30
TE006;09.01.2024;10;1.0;606;33;581;33;25;33
TE006;09.01.2024;11;1.0;609;27;585;27;24;26
TE006;09.01.2024;12;1.0;593;32;557;32;36;31
TE006;09.01.2024;13;1.0;633;36;586;36;47;36
TE006;09.01.2024;14;1.0;632;29;599;29;33;31
TE006;09.01.2024;15;1.0;691;27;658;27;33;26
TE006;09.01.2024;16;1.0;650;32;620;32;30;30
TE006;09.01.2024;17;1.0;658;31;632;31;26;30
TE006;09.01.2024;18;1.0;564;28;542;28;22;27
TE006;09.01.2024;19;1.0;454;38;435;38;19;38
TE006;09.01.2024;20;1.0;352;42;330;42;22;40
TE006;09.01.2024;21;1.0;263;45;228;45;35;46
TE006;09.01.2024;22;1.0;218;47;195;47;23;44
TE006;09.01.2024;23;1.0;107;48;78;48;29;46
TE006;10.01.2024;0;1.0;70;51;50;51;20;51
TE006;10.01.2024;1;1.0;26;53;19;51;7;60
TE006;10.01.2024;2;1.0;39;51;33;49;6;60
TE006;10.01.2024;3;1.0;37;54;31;54;6;58
TE006;10.01.2024;4;1.0;65;53;55;53;10;54
TE006;10.01.2024;5;1.0;259;47;236;46;23;48
TE006;10.01.2024;6;1.0;474;37;444;37;30;37
TE006;10.01.2024;7;1.0;768;31;736;31;32;30
TE006;10.01.2024;8;1.0;699;28;666;28;33;28
TE006;10.01.2024;9;1.0;660;33;637;33;23;30
TE006;10.01.2024;10;1.0;593;35;571;35;22;37
TE006;10.01.2024;11;1.0;677;30;639;30;38;29
TE006;10.01.2024;12;1.0;619;30;568;30;51;32
TE006;10.01.2024;13;1.0;599;33;563;33;36;33
TE006;10.01.2024;14;1.0;655;31;628;30;27;30
TE006;10.01.2024;15;1.0;678;27;640;27;38;28
TE006;10.01.2024;16;1.0;679;30;646;30;33;31
TE006;10.01.2024;17;1.0;713;29;695;29;18;30
TE006;10.01.2024;18;1.0;561;28;542;28;19;29
TE006;10.01.2024;19;1.0;490;37;470;37;20;37
TE006;10.01.2024;20;1.0;335;42;315;41;20;43
TE006;10.01.2024;21;1.0;258;45;241;45;17;45
TE006;10.01.2024;22;1.0;242;44;227;44;15;38
TE006;10.01.2024;23;1.0;122;46;105;47;17;44
TE006;11.01.2024;0;1.0;86;50;69;51;17;51
TE006;11.01.2024;1;1.0;42;54;34;54;8;52
TE006;11.01.2024;2;1.0;23;49;17;49;6;50
TE006;11.01.2024;3;1.0;36;47;33;47;3;45
TE006;11.01.2024;4;1.0;75;49;64;49;11;53
TE006;11.01.2024;5;1.0;256;50;241;51;15;48
TE006;11.01.2024;6;1.0;466;43;444;43;22;43
TE006;11.01.2024;7;1.0;711;33;692;33;19;35
TE006;11.01.2024;8;1.0;643;23;637;23;5;25
TE006;11.01.2024;9;1.0;608;28;592;28;16;29
TE006;11.01.2024;10;1.0;607;36;592;36;15;34
TE006;11.01.2024;11;1.0;649;32;633;32;16;32
TE006;11.01.2024;12;1.0;629;32;610;32;19;33
TE006;11.01.2024;13;1.0;562;35;547;35;15;37
TE006;11.01.2024;14;1.0;627;34;617;34;10;38
TE006;11.01.2024;15;1.0;664;28;651;28;13;29
TE006;11.01.2024;16;1.0;636;31;623;31;13;35
TE006;11.01.2024;17;1.0;617;36;606;36;11;35
TE006;11.01.2024;18;1.0;587;33;579;33;8;30
TE006;11.01.2024;19;1.0;431;41;423;41;8;39
TE006;11.01.2024;20;1.0;364;42;358;42;6;46
TE006;11.01.2024;21;1.0;279;45;272;45;7;46
TE006;11.01.2024;22;1.0;212;48;197;49;15;38
TE006;11.01.2024;23;1.0;144;47;138;47;6;42
TE006;12.01.2024;0;1.0;95;51;92;51;3;56
TE006;12.01.2024;1;1.0;26;51;24;52;2;41
TE006;12.01.2024;2;1.0;37;54;33;55;4;46
TE006;12.01.2024;3;1.0;29;51;27;51;2;56
TE006;12.01.2024;4;1.0;69;55;55;55;14;54
TE006;12.01.2024;5;1.0;237;48;225;48;12;44
TE006;12.01.2024;6;1.0;350;39;338;39;12;36
TE006;12.01.2024;7;1.0;637;28;621;28;16;30
TE006;12.01.2024;8;1.0;687;28;678;28;9;22
TE006;12.01.2024;9;1.0;600;30;590;30;10;31
TE006;12.01.2024;10;1.0;591;32;575;32;16;31
TE006;12.01.2024;11;1.0;579;31;568;31;11;33
TE006;12.01.2024;12;1.0;606;30;597;30;9;30
TE006;12.01.2024;13;1.0;613;34;606;34;7;31
TE006;12.01.2024;14;1.0;585;29;578;29;7;31
TE006;12.01.2024;15;1.0;634;25;618;25;16;24
TE006;12.01.2024;16;1.0;612;24;600;24;12;22
TE006;12.01.2024;17;1.0;572;30;559;30;13;30
TE006;12.01.2024;18;1.0;596;31;586;31;10;27
TE006;12.01.2024;19;1.0;474;38;468;38;6;36
TE006;12.01.2024;20;1.0;353;45;348;45;5;41
TE006;12.01.2024;21;1.0;281;48;272;48;9;40
TE006;12.01.2024;22;1.0;256;50;247;50;9;49
TE006;12.01.2024;23;1.0;177;47;160;47;17;47
TE006;13.01.2024;0;1.0;128;50;116;50;12;50
TE006;13.01.2024;1;1.0;80;54;77;54;3;53
TE006;13.01.2024;2;1.0;61;52;59;52;2;46
TE006;13.01.2024;3;1.0;38;51;35;52;3;50
TE006;13.01.2024;4;1.0;47;56;43;56;4;61
TE006;13.01.2024;5;1.0;92;53;86;53;6;49
TE006;13.01.2024;6;1.0;111;48;106;48;5;49
TE006;13.01.2024;7;1.0;183;44;168;44;15;43
TE006;13.01.2024;8;1.0;295;44;281;44;14;43
TE006;13.01.2024;9;1.0;441;39;425;39;16;40
TE006;13.01.2024;10;1.0;416;35;410;35;6;30
TE006;13.01.2024;11;1.0;600;32;590;32;10;32
TE006;13.01.2024;12;1.0;569;33;552;33;17;32
TE006;13.01.2024;13;1.0;605;32;591;31;14;31
TE006;13.01.2024;14;1.0;608;33;601;33;7;35
TE006;13.01.2024;15;1.0;576;34;561;34;15;37
TE006;13.01.2024;16;1.0;517;35;501;35;16;34
TE006;13.01.2024;17;1.0;526;37;510;37;16;37
TE006;13.01.2024;18;1.0;508;39;494;39;14;36
TE006;13.01.2024;19;1.0;415;42;400;42;15;41
TE006;13.01.2024;20;1.0;284;47;271;47;13;44
TE006;13.01.2024;21;1.0;237;48;224;48;13;48
TE006;13.01.2024;22;1.0;216;49;200;49;16;48
TE006;13.01.2024;23;1.0;145;51;129;51;16;48
TE006;14.01.2024;0;1.0;126;51;117;51;9;52
TE006;14.01.2024;1;1.0;90;52;89;52;1;53
TE006;14.01.2024;2;1.0;73;53;70;53;3;52
TE006;14.01.2024;3;1.0;53;52;49;52;4;50
TE006;14.01.2024;4;1.0;41;47;38;48;3;40
TE006;14.01.2024;5;1.0;54;51;52;51;2;44
TE006;14.01.2024;6;1.0;64;50;61;49;3;49
TE006;14.01.2024;7;1.0;103;46;94;46;9;44
TE006;14.01.2024;8;1.0;155;47;147;47;8;47
TE006;14.01.2024;9;1.0;303;44;288;44;15;44
TE006;14.01.2024;10;1.0;428;40;415;40;13;41
TE006;14.01.2024;11;1.0;452;42;440;42;12;42
TE006;14.01.2024;12;1.0;543;42;523;42;20;41
TE006;14.01.2024;13;1.0;577;38;567;38;10;39
TE006;14.01.2024;14;1.0;573;38;558;38;15;38
TE006;14.01.2024;15;1.0;553;39;538;39;15;39
TE006;14.01.2024;16;1.0;517;39;502;39;15;38
TE006;14.01.2024;17;1.0;472;43;467;43;5;42
TE006;14.01.2024;18;1.0;411;44;407;44;4;47
TE006;14.01.2024;19;1.0;300;46;289;46;11;44
TE006;14.01.2024;20;1.0;240;48;225;48;15;47
TE006;14.01.2024;21;1.0;200;48;188;48;12;42
TE006;14.01.2024;22;1.0;158;45;147;45;11;44
TE006;14.01.2024;23;1.0;82;47;77;48;5;45
TE006;15.01.2024;0;1.0;68;47;65;46;3;54
TE006;15.01.2024;1;1.0;33;51;32;51;1;56
TE006;15.01.2024;2;1.0;37;46;34;46;3;44
TE006;15.01.2024;3;1.0;34;47;30;48;4;40
TE006;15.01.2024;4;1.0;69;48;61;49;8;47
TE006;15.01.2024;5;1.0;306;45;295;45;11;47
TE006;15.01.2024;6;1.0;581;35;560;35;21;33
TE006;15.01.2024;7;1.0;640;28;624;28;16;28
TE006;15.01.2024;8;1.0;669;30;647;30;22;29
TE006;15.01.2024;9;1.0;587;35;569;35;18;36
TE006;15.01.2024;10;1.0;533;38;513;38;20;34
TE006;15.01.2024;11;1.0;592;36;572;36;20;34
TE006;15.01.2024;12;1.0;568;35;545;35;23;36
TE006;15.01.2024;13;1.0;559;35;544;35;15;36
TE006;15.01.2024;14;1.0;544;33;523;33;21;31
TE006;15.01.2024;15;1.0;619;27;604;27;15;28
TE006;15.01.2024;16;1.0;546;24;532;25;14;17
TE006;15.01.2024;17;1.0;579;34;568;34;11;36
TE006;15.01.2024;18;1.0;534;35;515;35;19;35
TE006;15.01.2024;19;1.0;411;44;399;44;12;44
TE006;15.01.2024;20;1.0;300;46;290;46;10;47
TE006;15.01.2024;21;1.0;235;47;221;47;14;47
TE006;15.01.2024;22;1.0;186;48;172;49;14;48
TE006;15.01.2024;23;1.0;115;50;100;51;15;48
TE006;16.01.2024;0;1.0;53;48;45;47;8;50
TE006;16.01.2024;1;1.0;27;53;23;52;4;54
TE006;16.01.2024;2;1.0;29;47;23;48;6;43
TE006;16.01.2024;3;1.0;37;42;36;42;1;47
TE006;16.01.2024;4;1.0;77;43;75;43;2;53
TE006;16.01.2024;5;1.0;286;38;272;38;14;36
TE006;16.01.2024;6;1.0;495;34;476;34;19;31
TE006;16.01.2024;7;1.0;632;29;612;29;20;31
TE006;16.01.2024;8;1.0;624;25;615;25;9;34
TE006;16.01.2024;9;1.0;631;28;616;28;15;24
TE006;16.01.2024;10;1.0;610;36;600;36;10;38
TE006;16.01.2024;11;1.0;628;30;611;30;17;31
TE006;16.01.2024;12;1.0;627;36;596;36;31;33
TE006;16.01.2024;13;1.0;605;37;582;37;23;34
TE006;16.01.2024;14;1.0;610;34;588;34;22;32
TE006;16.01.2024;15;1.0;684;32;660;32;24;30
TE006;16.01.2024;16;1.0;637;30;625;30;12;28
TE006;16.01.2024;17;1.0;644;33;631;33;13;32
TE006;16.01.2024;18;1.0;597;35;587;35;10;35
TE006;16.01.2024;19;1.0;443;42;426;42;17;40
TE006;16.01.2024;20;1.0;319;45;310;45;9;44
TE006;16.01.2024;21;1.0;281;48;264;48;17;46
TE006;16.01.2024;22;1.0;208;49;189;50;19;46
TE006;16.01.2024;23;1.0;136;49;118;49;18;50
TE006;17.01.2024;0;1.0;57;49;39;49;18;49
TE006;17.01.2024;1;1.0;45;51;38;51;7;50
TE006;17.01.2024;2;1.0;30;49;26;48;4;56
TE006;17.01.2024;3;1.0;41;48;36;48;5;50
TE006;17.01.2024;4;1.0;91;51;73;50;18;53
TE006;17.01.2024;5;1.0;216;45;204;45;12;47
TE006;17.01.2024;6;1.0;433;26;420;26;13;26
TE006;17.01.2024;7;1.0;704;32;670;32;34;37
TE006;17.01.2024;8;1.0;675;26;654;26;21;24
TE006;17.01.2024;9;1.0;629;32;598;32;31;34
TE006;17.01.2024;10;1.0;593;37;554;36;39;37
TE006;17.01.2024;11;1.0;625;33;599;32;26;32
TE006;17.01.2024;12;1.0;563;35;524;35;39;34
TE006;17.01.2024;13;1.0;626;33;593;33;33;35
TE006;17.01.2024;14;1.0;614;31;583;31;31;33
TE006;17.01.2024;15;1.0;676;31;655;31;21;33
TE006;17.01.2024;16;1.0;628;34;604;34;24;36
TE006;17.01.2024;17;1.0;631;31;610;31;21;29
TE006;17.01.2024;18;1.0;577;37;564;37;13;36
TE006;17.01.2024;19;1.0;445;40;436;40;9;38
TE006;17.01.2024;20;1.0;319;44;313;44;6;45
TE006;17.01.2024;21;1.0;248;46;243;46;5;42
TE006;17.01.2024;22;1.0;215;49;204;49;11;50
TE006;17.01.2024;23;1.0;140;49;133;49;7;52
TE006;18.01.2024;0;1.0;85;45;76;45;9;42
TE006;18.01.2024;1;1.0;40;46;37;46;3;47
TE006;18.01.2024;2;1.0;58;48;58;48;0;-1
TE006;18.01.2024;3;1.0;55;50;52;50;3;54
TE006;18.01.2024;4;1.0;79;54;75;54;4;60
TE006;18.01.2024;5;1.0;289;48;279;48;10;55
TE006;18.01.2024;6;1.0;514;42;482;42;32;42
TE006;18.01.2024;7;1.0;719;37;702;36;17;39
TE006;18.01.2024;8;1.0;696;31;669;31;27;29
TE006;18.01.2024;9;1.0;654;38;636;38;18;41
TE006;18.01.2024;10;1.0;636;36;614;36;22;38
TE006;18.01.2024;11;1.0;613;32;587;32;26;31
TE006;18.01.2024;12;1.0;576;39;553;39;23;40
TE006;18.01.2024;13;1.0;629;33;591;33;37;34
TE006;18.01.2024;14;1.0;638;33;590;33;48;30
TE006;18.01.2024;15;1.0;724;32;697;32;27;31
TE006;18.01.2024;16;1.0;674;30;643;30;31;30
TE006;18.01.2024;17;1.0;652;35;630;35;22;34
TE006;18.01.2024;18;1.0;589;35;574;35;15;36
TE006;18.01.2024;19;1.0;499;36;479;36;20;36
TE006;18.01.2024;20;1.0;331;42;314;42;17;40
TE006;18.01.2024;21;1.0;250;47;237;47;13;46
TE006;18.01.2024;22;1.0;211;46;202;46;9;47
TE006;18.01.2024;23;1.0;119;45;108;46;11;45
TE006;19.01.2024;0;1.0;106;47;93;47;13;44
TE006;19.01.2024;1;1.0;60;48;58;48;2;46
TE006;19.01.2024;2;1.0;29;50;24;48;5;57
TE006;19.01.2024;3;1.0;44;47;43;47;1;43
TE006;19.01.2024;4;1.0;80;49;73;49;7;48
TE006;19.01.2024;5;1.0;253;44;244;44;9;44
TE006;19.01.2024;6;1.0;385;35;367;35;18;34
TE006;19.01.2024;7;1.0;660;33;635;33;25;35
TE006;19.01.2024;8;1.0;766;33;749;33;17;32
TE006;19.01.2024;9;1.0;632;31;611;31;21;31
TE006;19.01.2024;10;1.0;654;31;619;31;35;31
TE006;19.01.2024;11;1.0;671;29;622;30;49;27
TE006;19.01.2024;12;1.0;620;29;592;29;28;25
TE006;19.01.2024;13;1.0;679;34;641;34;38;34
TE006;19.01.2024;14;1.0;637;29;579;29;58;32
TE006;19.01.2024;15;1.0;604;25;583;25;21;27
TE006;19.01.2024;16;1.0;610;32;584;33;26;29
TE006;19.01.2024;17;1.0;634;32;622;32;12;32
TE006;19.01.2024;18;1.0;656;31;639;31;17;32
TE006;19.01.2024;19;1.0;464;37;449;37;15;36
TE006;19.01.2024;20;1.0;359;41;338;41;21;39
TE006;19.01.2024;21;1.0;317;43;299;43;18;40
TE006;19.01.2024;22;1.0;243;44;232;44;11;44
TE006;19.01.2024;23;1.0;183;47;172;47;11;43
TE006;20.01.2024;0;1.0;136;44;126;44;10;44
TE006;20.01.2024;1;1.0;71;49;66;49;5;48
TE006;20.01.2024;2;1.0;49;49;45;49;4;49
TE006;20.01.2024;3;1.0;46;50;45;50;1;43
TE006;20.01.2024;4;1.0;40;50;36;50;4;50
TE006;20.01.2024;5;1.0;99;47;90;47;9;45
TE006;20.01.2024;6;1.0;127;46;110;45;17;46
TE006;20.01.2024;7;1.0;202;41;175;41;27;40
TE006;20.01.2024;8;1.0;351;41;326;41;25;42
TE006;20.01.2024;9;1.0;479;41;457;41;22;40
TE006;20.01.2024;10;1.0;546;39;523;39;23;39
TE006;20.01.2024;11;1.0;617;35;592;35;25;35
TE006;20.01.2024;12;1.0;681;29;661;29;20;30
TE006;20.01.2024;13;1.0;609;29;576;29;33;29
TE006;20.01.2024;14;1.0;616;26;594;26;22;21
TE006;20.01.2024;15;1.0;631;31;622;31;9;34
TE006;20.01.2024;16;1.0;574;35;557;35;17;34
TE006;20.01.2024;17;1.0;566;32;554;33;12;32
TE006;20.01.2024;18;1.0;508;37;486;37;22;38
TE006;20.01.2024;19;1.0;436;39;418;39;18;40
TE006;20.01.2024;20;1.0;290;45;267;45;23;45
TE006;20.01.2024;21;1.0;282;46;263;46;19;46
TE006;20.01.2024;22;1.0;254;46;237;46;17;45
TE006;20.01.2024;23;1.0;166;48;150;47;16;49
TE006;21.01.2024;0;1.0;138;49;122;49;16;49
TE006;21.01.2024;1;1.0;83;50;80;50;3;49
TE006;21.01.2024;2;1.0;67;52;62;52;5;52
TE006;21.01.2024;3;1.0;53;56;48;56;5;56
TE006;21.01.2024;4;1.0;46;51;40;51;6;52
TE006;21.01.2024;5;1.0;58;52;55;52;3;52
TE006;21.01.2024;6;1.0;70;50;64;50;6;45
TE006;21.01.2024;7;1.0;105;47;92;47;13;45
TE006;21.01.2024;8;1.0;199;46;183;46;16;47
TE006;21.01.2024;9;1.0;319;41;300;41;19;43
TE006;21.01.2024;10;1.0;427;42;405;42;22;41
TE006;21.01.2024;11;1.0;503;40;488;40;15;39
TE006;21.01.2024;12;1.0;528;39;511;39;17;39
TE006;21.01.2024;13;1.0;555;39;535;39;20;38
TE006;21.01.2024;14;1.0;562;41;540;41;22;41
TE006;21.01.2024;15;1.0;505;41;489;41;16;41
TE006;21.01.2024;16;1.0;473;40;460;40;13;39
TE006;21.01.2024;17;1.0;466;38;447;38;19;37
TE006;21.01.2024;18;1.0;405;42;395;42;10;40
TE006;21.01.2024;19;1.0;358;43;347;43;11;42
TE006;21.01.2024;20;1.0;252;46;235;46;17;45
TE006;21.01.2024;21;1.0;204;48;187;48;17;45
TE006;21.01.2024;22;1.0;170;47;157;47;13;47
TE006;21.01.2024;23;1.0;93;47;79;47;14;43
TE006;22.01.2024;0;1.0;70;47;65;47;5;48
TE006;22.01.2024;1;1.0;30;48;26;47;4;51
TE006;22.01.2024;2;1.0;24;42;23;42;1;46
TE006;22.01.2024;3;1.0;28;45;24;44;4;47
TE006;22.01.2024;4;1.0;49;45;42;43;7;56
TE006;22.01.2024;5;1.0;238;49;222;49;16;51
TE006;22.01.2024;6;1.0;462;40;413;40;49;38
TE006;22.01.2024;7;1.0;640;29;596;29;44;30
TE006;22.01.2024;8;1.0;675;26;623;26;52;23
TE006;22.01.2024;9;1.0;642;31;631;31;11;31
TE006;22.01.2024;10;1.0;538;33;513;33;25;31
TE006;22.01.2024;11;1.0;622;28;590;28;32;29
TE006;22.01.2024;12;1.0;636;31;577;32;59;31
TE006;22.01.2024;13;1.0;574;33;517;34;57;31
TE006;22.01.2024;14;1.0;638;35;595;35;43;34
TE006;22.01.2024;15;1.0;706;31;631;31;75;29
TE006;22.01.2024;16;1.0;634;29;602;29;32;33
TE006;22.01.2024;17;1.0;578;39;558;39;20;36
TE006;22.01.2024;18;1.0;590;36;563;36;27;37
TE006;22.01.2024;19;1.0;431;38;415;38;16;38
TE006;22.01.2024;20;1.0;308;42;294;42;14;43
TE006;22.01.2024;21;1.0;240;47;218;47;22;45
TE006;22.01.2024;22;1.0;191;46;175;47;16;39
TE006;22.01.2024;23;1.0;114;48;98;48;16;46
TE006;23.01.2024;0;1.0;79;44;69;44;10;43
TE006;23.01.2024;1;1.0;33;50;28;50;5;47
TE006;23.01.2024;2;1.0;38;48;32;48;6;45
TE006;23.01.2024;3;1.0;35;51;33;51;2;48
TE006;23.01.2024;4;1.0;73;50;63;51;10;49
TE006;23.01.2024;5;1.0;264;46;254;46;10;50
TE006;23.01.2024;6;1.0;511;44;501;44;10;41
TE006;23.01.2024;7;1.0;698;34;675;34;23;38
TE006;23.01.2024;8;1.0;740;30;711;30;29;29
TE006;23.01.2024;9;1.0;725;34;682;34;43;34
TE006;23.01.2024;10;1.0;685;33;644;33;41;31
TE006;23.01.2024;11;1.0;633;33;595;33;38;31
TE006;23.01.2024;12;1.0;640;34;586;34;54;34
TE006;23.01.2024;13;1.0;626;36;604;36;22;36
TE006;23.01.2024;14;1.0;615;31;573;31;42;27
TE006;23.01.2024;15;1.0;679;31;650;31;29;29
TE006;23.01.2024;16;1.0;698;30;681;30;17;29
TE006;23.01.2024;17;1.0;660;31;635;31;25;27
TE006;23.01.2024;18;1.0;654;29;629;29;25;29
TE006;23.01.2024;19;1.0;466;35;437;35;29;33
TE006;23.01.2024;20;1.0;377;42;351;42;26;40
TE006;23.01.2024;21;1.0;276;46;248;46;28;43
TE006;23.01.2024;22;1.0;216;46;201;46;15;42
TE006;23.01.2024;23;1.0;101;48;91;49;10;41
TE006;24.01.2024;0;1.0;76;49;72;50;4;45
TE006;24.01.2024;1;1.0;44;54;44;54;0;-1
TE006;24.01.2024;2;1.0;63;48;60;48;3;51
TE006;24.01.2024;3;1.0;44;50;39;50;5;48
TE006;24.01.2024;4;1.0;64;53;52;53;12;56
TE006;24.01.2024;5;1.0;242;48;223;48;19;43
TE006;24.01.2024;6;1.0;453;38;431;38;22;39
TE006;24.01.2024;7;1.0;696;33;657;33;39;33
TE006;24.01.2024;8;1.0;633;26;605;26;28;27
TE006;24.01.2024;9;1.0;605;27;574;27;31;28
TE006;24.01.2024;10;1.0;668;32;659;32;9;31
TE006;24.01.2024;11;1.0;614;33;572;33;42;34
TE006;24.01.2024;12;1.0;590;31;548;31;42;30
TE006;24.01.2024;13;1.0;581;29;524;29;57;30
TE006;24.01.2024;14;1.0;641;28;567;28;74;26
TE006;24.01.2024;15;1.0;668;26;639;26;29;23
TE006;24.01.2024;16;1.0;668;31;628;31;40;30
TE006;24.01.2024;17;1.0;612;31;590;31;22;32
TE006;24.01.2024;18;1.0;595;32;576;32;19;33
TE006;24.01.2024;19;1.0;453;38;431;38;22;39
TE006;24.01.2024;20;1.0;343;42;332;42;11;40
TE006;24.01.2024;21;1.0;220;47;203;48;17;45
TE006;24.01.2024;22;1.0;207;44;186;44;21;43
TE006;24.01.2024;23;1.0;148;45;127;45;21;45
TE006;25.01.2024;0;1.0;81;42;69;41;12;41
TE006;25.01.2024;1;1.0;38;48;33;49;5;44
TE006;25.01.2024;2;1.0;26;53;23;53;3;57
TE006;25.01.2024;3;1.0;28;48;24;49;4;46
TE006;25.01.2024;4;1.0;70;49;56;51;14;46
TE006;25.01.2024;5;1.0;252;48;233;48;19;47
TE006;25.01.2024;6;1.0;531;39;497;39;34;39
TE006;25.01.2024;7;1.0;771;35;737;36;34;35
TE006;25.01.2024;8;1.0;640;26;618;26;22;29
TE006;25.01.2024;9;1.0;601;29;579;29;22;31
TE006;25.01.2024;10;1.0;587;34;568;34;18;37
TE006;25.01.2024;11;1.0;624;30;598;30;26;33
TE006;25.01.2024;12;1.0;670;33;638;33;32;31
TE006;25.01.2024;13;1.0;635;30;604;30;31;28
TE006;25.01.2024;14;1.0;663;32;620;32;43;32
TE006;25.01.2024;15;1.0;701;27;682;27;19;30
TE006;25.01.2024;16;1.0;686;28;666;28;19;27
TE006;25.01.2024;17;1.0;689;34;674;34;15;33
TE006;25.01.2024;18;1.0;628;30;613;30;15;27
TE006;25.01.2024;19;1.0;500;40;480;41;20;40
TE006;25.01.2024;20;1.0;351;44;344;44;7;40
TE006;25.01.2024;21;1.0;259;45;238;45;21;43
TE006;25.01.2024;22;1.0;239;45;205;45;34;45
TE006;25.01.2024;23;1.0;138;44;114;45;24;43
TE006;26.01.2024;0;1.0;84;35;67;36;17;32
TE006;26.01.2024;1;1.0;25;43;21;40;4;55
TE006;26.01.2024;2;1.0;38;50;32;50;6;51
TE006;26.01.2024;3;1.0;43;48;38;47;5;50
TE006;26.01.2024;4;1.0;96;48;81;49;15;37
TE006;26.01.2024;5;1.0;216;48;200;48;16;49
TE006;26.01.2024;6;1.0;428;39;400;39;28;37
TE006;26.01.2024;7;1.0;677;31;628;31;49;31
TE006;26.01.2024;8;1.0;776;33;747;33;29;30
TE006;26.01.2024;9;1.0;694;35;672;35;22;35
TE006;26.01.2024;10;1.0;668;35;642;35;26;35
TE006;26.01.2024;11;1.0;637;29;611;29;26;29
TE006;26.01.2024;12;1.0;597;28;570;28;27;28
TE006;26.01.2024;13;1.0;620;34;613;34;7;35
TE006;26.01.2024;14;1.0;629;34;623;34;6;33
TE006;26.01.2024;15;1.0;619;27;603;27;16;24
TE006;26.01.2024;16;1.0;645;31;627;31;18;30
TE006;26.01.2024;17;1.0;599;34;586;33;13;31
TE006;26.01.2024;18;1.0;624;33;601;33;23;29
TE006;26.01.2024;19;1.0;499;42;478;42;21;39
TE006;26.01.2024;20;1.0;385;42;360;42;25;42
TE006;26.01.2024;21;1.0;351;46;323;46;28;45
TE006;26.01.2024;22;1.0;268;43;241;43;27;42
TE006;26.01.2024;23;1.0;215;43;194;44;21;41
TE006;27.01.2024;0;1.0;149;45;131;45;18;42
TE006;27.01.2024;1;1.0;88;48;84;48;4;48
TE006;27.01.2024;2;1.0;74;50;71;49;3;51
TE006;27.01.2024;3;1.0;46;45;41;46;5;40
TE006;27.01.2024;4;1.0;75;48;66;48;9;40
TE006;27.01.2024;5;1.0;94;48;82;48;12;46
TE006;27.01.2024;6;1.0;120;46;109;46;11;43
TE006;27.01.2024;7;1.0;187;42;169;42;18;42
TE006;27.01.2024;8;1.0;331;40;317;40;14;40
TE006;27.01.2024;9;1.0;462;35;438;35;24;39
TE006;27.01.2024;10;1.0;600;35;575;35;25;33
TE006;27.01.2024;11;1.0;611;32;593;32;18;33
TE006;27.01.2024;12;1.0;668;31;649;31;19;33
TE006;27.01.2024;13;1.0;653;26;619;26;34;25
TE006;27.01.2024;14;1.0;658;31;624;31;34;30
TE006;27.01.2024;15;1.0;649;28;620;28;29;28
TE006;27.01.2024;16;1.0;538;30;509;30;29;28
TE006;27.01.2024;17;1.0;643;29;616;29;27;28
TE006;27.01.2024;18;1.0;605;30;583;30;22;29
TE006;27.01.2024;19;1.0;433;35;412;35;21;34
TE006;27.01.2024;20;1.0;318;41;300;41;18;40
TE006;27.01.2024;21;1.0;333;42;321;42;12;42
TE006;27.01.2024;22;1.0;271;42;251;43;20;41
TE006;27.01.2024;23;1.0;244;42;212;42;32;43
TE006;28.01.2024;0;1.0;153;48;131;48;22;48
TE006;28.01.2024;1;1.0;103;50;96;50;7;53
TE006;28.01.2024;2;1.0;97;47;88;48;9;44
TE006;28.01.2024;3;1.0;49;49;45;49;4;48
TE006;28.01.2024;4;1.0;59;47;56;48;3;45
TE006;28.01.2024;5;1.0;66;47;59;47;7;46
TE006;28.01.2024;6;1.0;79;49;74;49;5;48
TE006;28.01.2024;7;1.0;121;43;109;42;12;43
TE006;28.01.2024;8;1.0;195;42;189;42;6;43
TE006;28.01.2024;9;1.0;409;36;398;36;11;41
TE006;28.01.2024;10;1.0;490;36;473;36;17;36
TE006;28.01.2024;11;1.0;554;37;530;37;24;37
TE006;28.01.2024;12;1.0;591;33;566;33;25;34
TE006;28.01.2024;13;1.0;627;33;605;33;22;30
TE006;28.01.2024;14;1.0;611;34;583;34;28;34
TE006;28.01.2024;15;1.0;629;35;593;35;36;31
TE006;28.01.2024;16;1.0;542;37;512;37;30;34
TE006;28.01.2024;17;1.0;552;35;530;35;22;35
TE006;28.01.2024;18;1.0;469;37;451;37;18;37
TE006;28.01.2024;19;1.0;366;40;347;40;19;41
TE006;28.01.2024;20;1.0;275;41;261;41;14;40
TE006;28.01.2024;21;1.0;241;44;233;44;8;44
TE006;28.01.2024;22;1.0;193;45;178;45;15;43
TE006;28.01.2024;23;1.0;92;45;71;45;21;44
TE006;29.01.2024;0;1.0;78;47;59;47;19;46
TE006;29.01.2024;1;1.0;23;49;17;48;6;52
TE006;29.01.2024;2;1.0;41;54;37;53;4;66
TE006;29.01.2024;3;1.0;34;51;31;50;3;59
TE006;29.01.2024;4;1.0;67;51;64;50;3;68
TE006;29.01.2024;5;1.0;237;48;218;47;19;50
TE006;29.01.2024;6;1.0;451;36;432;36;19;37
TE006;29.01.2024;7;1.0;715;33;683;33;32;32
TE006;29.01.2024;8;1.0;743;28;700;28;43;27
TE006;29.01.2024;9;1.0;651;30;626;30;25;31
TE006;29.01.2024;10;1.0;637;32;584;32;53;31
TE006;29.01.2024;11;1.0;686;33;630;33;56;34
TE006;29.01.2024;12;1.0;692;30;616;30;76;29
TE006;29.01.2024;13;1.0;696;35;643;35;53;35
TE006;29.01.2024;14;1.0;680;32;620;32;60;32
TE006;29.01.2024;15;1.0;702;26;649;25;53;27
TE006;29.01.2024;16;1.0;703;32;665;32;38;30
TE006;29.01.2024;17;1.0;642;28;613;28;29;30
TE006;29.01.2024;18;1.0;618;31;586;31;32;30
TE006;29.01.2024;19;1.0;446;37;425;37;21;37
TE006;29.01.2024;20;1.0;318;40;296;40;22;39
TE006;29.01.2024;21;1.0;240;44;214;44;26;43
TE006;29.01.2024;22;1.0;183;46;151;46;32;46
TE006;29.01.2024;23;1.0;111;46;88;46;23;44
TE006;30.01.2024;0;1.0;47;47;37;48;10;43
TE006;30.01.2024;1;1.0;38;54;18;56;20;52
TE006;30.01.2024;2;1.0;37;48;28;48;9;46
TE006;30.01.2024;3;1.0;39;58;30;57;9;57
TE006;30.01.2024;4;1.0;69;49;59;49;10;52
TE006;30.01.2024;5;1.0;252;46;225;46;27;44
TE006;30.01.2024;6;1.0;504;38;462;38;42;39
TE006;30.01.2024;7;1.0;734;35;699;35;35;35
TE006;30.01.2024;8;1.0;717;30;683;30;34;29
TE006;30.01.2024;9;1.0;608;30;577;29;31;31
TE006;30.01.2024;10;1.0;613;28;581;28;32;31
TE006;30.01.2024;11;1.0;672;34;621;34;51;35
TE006;30.01.2024;12;1.0;605;35;549;34;56;35
TE006;30.01.2024;13;1.0;652;33;599;33;53;35
TE006;30.01.2024;14;1.0;636;30;615;29;21;32
TE006;30.01.2024;15;1.0;600;24;565;24;35;22
TE006;30.01.2024;16;1.0;634;28;611;29;23;25
TE006;30.01.2024;17;1.0;645;28;625;28;20;24
TE006;30.01.2024;18;1.0;613;32;595;32;18;30
TE006;30.01.2024;19;1.0;479;40;463;40;16;41
TE006;30.01.2024;20;1.0;360;43;348;43;12;42
TE006;30.01.2024;21;1.0;288;46;274;46;14;45
TE006;30.01.2024;22;1.0;200;47;184;47;16;47
TE006;30.01.2024;23;1.0;111;44;90;44;21;44
TE006;31.01.2024;0;1.0;105;46;95;47;10;39
TE006;31.01.2024;1;1.0;40;50;26;50;14;49
TE006;31.01.2024;2;1.0;47;49;35;50;12;47
TE006;31.01.2024;3;1.0;22;48;17;47;5;47
TE006;31.01.2024;4;1.0;81;50;64;49;17;52
TE006;31.01.2024;5;1.0;245;48;230;48;15;47
TE006;31.01.2024;6;1.0;439;37;412;37;27;35
TE006;31.01.2024;7;1.0;711;35;680;35;31;33
TE006;31.01.2024;8;1.0;679;32;661;32;18;36
TE006;31.01.2024;9;1.0;669;33;650;33;19;33
TE006;31.01.2024;10;1.0;580;33;548;33;32;34
TE006;31.01.2024;11;1.0;643;28;627;28;16;30
TE006;31.01.2024;12;1.0;626;27;588;28;38;22
TE006;31.01.2024;13;1.0;593;36;549;36;44;36
TE006;31.01.2024;14;1.0;626;28;596;28;30;30
TE006;31.01.2024;15;1.0;728;31;694;31;34;29
TE006;31.01.2024;16;1.0;664;30;641;30;23;34
TE006;31.01.2024;17;1.0;652;32;632;32;20;32
TE006;31.01.2024;18;1.0;651;32;634;32;16;33
TE006;31.01.2024;19;1.0;485;33;463;33;22;33
TE006;31.01.2024;20;1.0;372;44;361;44;11;43
TE006;31.01.2024;21;1.0;224;48;218;48;6;49
TE006;31.01.2024;22;1.0;196;47;182;47;14;44
TE006;31.01.2024;23;1.0;170;50;156;51;14;48
TE009;01.01.2024;0;1.0;79;57;71;57;9;54
TE009;01.01.2024;1;1.0;207;50;204;49;3;51
TE009;01.01.2024;2;1.0;229;57;227;57;2;47
TE009;01.01.2024;3;1.0;152;57;148;57;4;53
TE009;01.01.2024;4;1.0;118;58;114;58;4;59
TE009;01.01.2024;5;1.0;94;59;92;59;2;62
TE009;01.01.2024;6;1.0;89;67;84;68;5;61
TE009;01.01.2024;7;1.0;62;68;57;69;5;55
TE009;01.01.2024;8;1.0;49;53;45;53;4;46
TE009;01.01.2024;9;1.0;80;60;73;61;7;51
TE009;01.01.2024;10;1.0;140;61;131;61;9;64
TE009;01.01.2024;11;1.0;170;60;161;60;9;62
TE009;01.01.2024;12;1.0;259;60;247;60;12;60
TE009;01.01.2024;13;1.0;304;54;291;54;13;51
TE009;01.01.2024;14;1.0;358;59;348;59;10;60
TE009;01.01.2024;15;1.0;404;57;389;57;15;57
TE009;01.01.2024;16;1.0;398;53;384;53;14;56
TE009;01.01.2024;17;1.0;360;47;350;47;11;46
TE009;01.01.2024;18;1.0;320;57;311;57;10;57
TE009;01.01.2024;19;1.0;284;55;274;55;10;54
TE009;01.01.2024;20;1.0;254;55;236;55;16;55
TE009;01.01.2024;21;1.0;194;59;182;59;12;57
TE009;01.01.2024;22;1.0;154;64;145;63;9;63
TE009;01.01.2024;23;1.0;97;56;89;55;8;55
TE009;02.01.2024;0;1.0;88;60;73;60;15;59
TE009;02.01.2024;1;1.0;58;66;48;67;10;63
TE009;02.01.2024;2;1.0;43;54;34;54;9;54
TE009;02.01.2024;3;1.0;60;55;43;55;17;57
TE009;02.01.2024;4;1.0;115;62;77;62;38;62
TE009;02.01.2024;5;1.0;330;62;294;61;36;62
TE009;02.01.2024;6;1.0;519;52;474;52;45;53
TE009;02.01.2024;7;1.0;638;52;585;52;53;54
TE009;02.01.2024;8;1.0;562;52;516;52;46;53
TE009;02.01.2024;9;1.0;609;54;557;54;52;57
TE009;02.01.2024;10;1.0;556;54;521;54;35;55
TE009;02.01.2024;11;1.0;581;56;547;56;34;57
TE009;02.01.2024;12;1.0;612;55;585;55;27;57
TE009;02.01.2024;13;1.0;637;55;610;55;27;55
TE009;02.01.2024;14;1.0;737;48;719;48;18;48
TE009;02.01.2024;15;1.0;795;43;774;43;22;47
TE009;02.01.2024;16;1.0;676;49;654;49;23;50
TE009;02.01.2024;17;1.0;673;49;657;49;16;52
TE009;02.01.2024;18;1.0;527;57;515;57;12;57
TE009;02.01.2024;19;1.0;395;62;387;62;8;63
TE009;02.01.2024;20;1.0;316;62;306;62;10;65
TE009;02.01.2024;21;1.0;241;63;236;63;5;65
TE009;02.01.2024;22;1.0;212;64;200;63;12;70
TE009;02.01.2024;23;1.0;109;64;105;64;4;61
TE009;03.01.2024;0;1.0;104;61;94;60;10;65
TE009;03.01.2024;1;1.0;55;59;50;59;5;63
TE009;03.01.2024;2;1.0;58;58;53;58;5;54
TE009;03.01.2024;3;1.0;78;58;67;58;11;55
TE009;03.01.2024;4;1.0;162;59;143;59;19;59
TE009;03.01.2024;5;1.0;324;56;310;56;14;57
TE009;03.01.2024;6;1.0;582;50;546;50;36;50
TE009;03.01.2024;7;1.0;694;47;641;47;53;47
TE009;03.01.2024;8;1.0;631;49;585;49;46;50
TE009;03.01.2024;9;1.0;650;48;589;48;61;48
TE009;03.01.2024;10;1.0;691;46;627;47;63;47
TE009;03.01.2024;11;1.0;699;47;639;47;60;48
TE009;03.01.2024;12;1.0;711;50;650;50;61;53
TE009;03.01.2024;13;1.0;721;51;676;51;45;52
TE009;03.01.2024;14;1.0;799;50;742;50;57;50
TE009;03.01.2024;15;1.0;790;49;750;49;40;50
TE009;03.01.2024;16;1.0;779;49;740;49;39;50
TE009;03.01.2024;17;1.0;754;52;715;52;39;54
TE009;03.01.2024;18;1.0;578;51;563;51;15;54
TE009;03.01.2024;19;1.0;456;55;437;55;19;59
TE009;03.01.2024;20;1.0;329;57;313;57;16;56
TE009;03.01.2024;21;1.0;283;57;266;57;17;56
TE009;03.01.2024;22;1.0;239;61;223;61;16;66
TE009;03.01.2024;23;1.0;120;56;110;55;11;53
TE009;04.01.2024;0;1.0;87;67;77;68;10;66
TE009;04.01.2024;1;1.0;61;62;52;62;9;63
TE009;04.01.2024;2;1.0;46;59;39;59;7;62
TE009;04.01.2024;3;1.0;71;63;56;62;15;68
TE009;04.01.2024;4;1.0;114;63;97;63;17;60
TE009;04.01.2024;5;1.0;321;64;292;64;29;64
TE009;04.01.2024;6;1.0;524;51;504;51;21;50
TE009;04.01.2024;7;1.0;795;44;762;44;32;46
TE009;04.01.2024;8;1.0;787;45;714;44;74;45
TE009;04.01.2024;9;1.0;724;51;643;51;81;52
TE009;04.01.2024;10;1.0;742;50;650;50;92;50
TE009;04.01.2024;11;1.0;694;51;624;51;70;53
TE009;04.01.2024;12;1.0;674;48;633;48;41;47
TE009;04.01.2024;13;1.0;724;49;675;49;49;48
TE009;04.01.2024;14;1.0;806;50;766;50;40;51
TE009;04.01.2024;15;1.0;872;50;824;50;48;51
TE009;04.01.2024;16;1.0;788;50;733;50;55;52
TE009;04.01.2024;17;1.0;732;50;701;50;31;52
TE009;04.01.2024;18;1.0;591;54;561;54;30;53
TE009;04.01.2024;19;1.0;464;57;435;57;29;59
TE009;04.01.2024;20;1.0;317;57;304;57;13;57
TE009;04.01.2024;21;1.0;302;61;279;61;23;62
TE009;04.01.2024;22;1.0;238;59;220;60;18;56
TE009;04.01.2024;23;1.0;130;52;119;52;10;62
TE009;05.01.2024;0;1.0;102;57;88;57;14;53
TE009;05.01.2024;1;1.0;72;54;53;53;19;56
TE009;05.01.2024;2;1.0;50;58;38;57;12;62
TE009;05.01.2024;3;1.0;78;56;57;54;22;56
TE009;05.01.2024;4;1.0;140;56;99;55;40;59
TE009;05.01.2024;5;1.0;303;54;271;54;32;55
TE009;05.01.2024;6;1.0;582;48;515;48;67;47
TE009;05.01.2024;7;1.0;670;47;594;47;77;47
TE009;05.01.2024;8;1.0;575;49;557;49;17;48
TE009;05.01.2024;9;1.0;630;55;609;55;21;55
TE009;05.01.2024;10;1.0;683;54;651;54;32;52
TE009;05.01.2024;11;1.0;750;54;707;54;43;55
TE009;05.01.2024;12;1.0;756;49;689;49;67;49
TE009;05.01.2024;13;1.0;671;52;628;52;43;52
TE009;05.01.2024;14;1.0;810;52;765;52;45;55
TE009;05.01.2024;15;1.0;842;52;798;52;44;52
TE009;05.01.2024;16;1.0;755;52;706;52;49;50
TE009;05.01.2024;17;1.0;699;54;677;54;22;53
TE009;05.01.2024;18;1.0;620;58;597;58;23;57
TE009;05.01.2024;19;1.0;472;59;459;59;13;59
TE009;05.01.2024;20;1.0;362;60;351;60;11;64
TE009;05.01.2024;21;1.0;324;59;309;59;15;56
TE009;05.01.2024;22;1.0;281;63;267;62;14;63
TE009;05.01.2024;23;1.0;180;56;169;56;11;56
TE009;06.01.2024;0;1.0;122;61;111;61;11;58
TE009;06.01.2024;1;1.0;109;62;100;63;9;48
TE009;06.01.2024;2;1.0;59;63;51;64;8;60
TE009;06.01.2024;3;1.0;65;62;51;63;14;60
TE009;06.01.2024;4;1.0;87;66;65;66;22;66
TE009;06.01.2024;5;1.0;113;59;82;60;30;59
TE009;06.01.2024;6;1.0;113;58;93;58;19;57
TE009;06.01.2024;7;1.0;155;62;136;62;19;62
TE009;06.01.2024;8;1.0;243;59;213;60;30;60
TE009;06.01.2024;9;1.0;440;54;412;54;28;54
TE009;06.01.2024;10;1.0;491;58;468;58;23;58
TE009;06.01.2024;11;1.0;597;58;577;58;20;57
TE009;06.01.2024;12;1.0;650;58;621;58;29;59
TE009;06.01.2024;13;1.0;661;58;641;58;20;60
TE009;06.01.2024;14;1.0;709;58;690;58;19;60
TE009;06.01.2024;15;1.0;688;58;673;58;15;59
TE009;06.01.2024;16;1.0;629;59;607;59;22;57
TE009;06.01.2024;17;1.0;605;58;592;57;13;59
TE009;06.01.2024;18;1.0;490;59;473;59;17;60
TE009;06.01.2024;19;1.0;391;61;381;61;10;52
TE009;06.01.2024;20;1.0;342;62;330;62;12;63
TE009;06.01.2024;21;1.0;275;61;264;61;11;59
TE009;06.01.2024;22;1.0;230;62;219;62;11;65
TE009;06.01.2024;23;1.0;197;62;185;62;12;61
TE009;07.01.2024;0;1.0;123;66;116;66;7;66
TE009;07.01.2024;1;1.0;106;62;104;62;2;48
TE009;07.01.2024;2;1.0;79;60;73;61;6;55
TE009;07.01.2024;3;1.0;41;59;34;58;7;61
TE009;07.01.2024;4;1.0;44;61;40;60;4;61
TE009;07.01.2024;5;1.0;61;53;59;53;2;54
TE009;07.01.2024;6;1.0;60;48;51;49;9;49
TE009;07.01.2024;7;1.0;92;56;82;56;11;53
TE009;07.01.2024;8;1.0;137;61;127;61;10;65
TE009;07.01.2024;9;1.0;305;64;293;64;12;66
TE009;07.01.2024;10;1.0;328;63;313;63;15;65
TE009;07.01.2024;11;1.0;434;62;420;62;14;59
TE009;07.01.2024;12;1.0;462;62;450;62;12;63
TE009;07.01.2024;13;1.0;511;61;494;61;17;61
TE009;07.01.2024;14;1.0;515;63;501;63;14;65
TE009;07.01.2024;15;1.0;485;66;469;66;16;63
TE009;07.01.2024;16;1.0;482;61;469;61;13;62
TE009;07.01.2024;17;1.0;481;61;468;61;13;61
TE009;07.01.2024;18;1.0;397;61;377;61;20;62
TE009;07.01.2024;19;1.0;352;63;337;63;15;66
TE009;07.01.2024;20;1.0;290;58;276;58;14;56
TE009;07.01.2024;21;1.0;201;51;183;51;18;54
TE009;07.01.2024;22;1.0;147;54;133;55;13;50
TE009;07.01.2024;23;1.0;94;53;83;53;11;55
TE009;08.01.2024;0;1.0;73;50;62;50;11;51
TE009;08.01.2024;1;1.0;69;58;55;58;14;56
TE009;08.01.2024;2;1.0;49;61;39;60;10;66
TE009;08.01.2024;3;1.0;71;64;53;64;18;63
TE009;08.01.2024;4;1.0;154;53;104;54;50;53
TE009;08.01.2024;15;1.0;894;48;855;48;39;49
TE009;08.01.2024;16;1.0;832;44;796;44;35;47
TE009;08.01.2024;17;1.0;725;49;702;49;23;49
TE009;08.01.2024;18;1.0;588;53;566;53;22;53
TE009;08.01.2024;19;1.0;462;56;441;56;21;56
TE009;09.01.2024;8;1.0;846;41;772;41;74;41
TE009;09.01.2024;9;1.0;773;46;689;46;85;47
TE009;09.01.2024;10;1.0;707;50;650;50;57;51
TE009;09.01.2024;11;1.0;711;45;660;45;52;46
TE009;09.01.2024;12;1.0;734;50;676;49;58;50
TE009;09.01.2024;13;1.0;796;48;743;48;53;50
TE009;09.01.2024;14;1.0;893;42;847;42;46;43
TE009;09.01.2024;15;1.0;952;47;899;47;53;49
TE009;09.01.2024;16;1.0;913;47;884;47;29;47
TE009;09.01.2024;17;1.0;795;50;767;50;28;51
TE009;09.01.2024;18;1.0;656;52;623;52;33;52
TE009;09.01.2024;19;1.0;448;57;432;57;16;58
TE009;09.01.2024;20;1.0;358;56;337;56;21;57
TE009;09.01.2024;21;1.0;281;60;265;60;16;58
TE009;09.01.2024;22;1.0;268;58;253;58;15;58
TE009;09.01.2024;23;1.0;116;61;105;61;11;63
TE009;10.01.2024;0;1.0;87;56;73;57;14;51
TE009;10.01.2024;1;1.0;68;55;58;54;11;51
TE009;10.01.2024;2;1.0;58;51;43;51;14;51
TE009;10.01.2024;3;1.0;82;57;58;57;23;58
TE009;10.01.2024;4;1.0;146;58;107;57;39;58
TE009;10.01.2024;5;1.0;389;56;352;57;37;57
TE009;10.01.2024;6;1.0;847;47;793;47;53;48
TE009;10.01.2024;7;1.0;941;43;871;43;70;44
TE009;10.01.2024;8;1.0;799;48;744;48;55;49
TE009;10.01.2024;9;1.0;851;50;789;50;62;50
TE009;10.01.2024;10;1.0;781;50;710;50;71;51
TE009;10.01.2024;11;1.0;763;48;699;48;64;49
TE009;10.01.2024;12;1.0;764;48;709;48;55;47
TE009;10.01.2024;13;1.0;758;48;712;48;46;48
TE009;10.01.2024;14;1.0;947;44;912;44;35;44
TE009;10.01.2024;15;1.0;870;47;823;47;47;47
TE009;10.01.2024;16;1.0;884;43;842;43;42;44
TE009;10.01.2024;17;1.0;873;43;842;43;30;43
TE009;10.01.2024;18;1.0;736;46;711;46;26;46
TE009;10.01.2024;19;1.0;551;45;521;45;30;43
TE009;10.01.2024;20;1.0;367;57;345;57;22;57
TE009;10.01.2024;21;1.0;332;58;308;58;24;56
TE009;10.01.2024;22;1.0;260;60;234;59;26;65
TE009;10.01.2024;23;1.0;118;42;100;42;18;39
TE009;11.01.2024;0;1.0;98;56;77;57;21;53
TE009;11.01.2024;1;1.0;66;60;56;61;10;59
TE009;11.01.2024;2;1.0;55;58;43;59;12;57
TE009;11.01.2024;3;1.0;73;62;51;62;22;62
TE009;11.01.2024;4;1.0;158;61;110;61;48;61
TE009;11.01.2024;5;1.0;412;66;378;66;34;69
TE009;11.01.2024;6;1.0;759;55;734;55;25;54
TE009;11.01.2024;7;1.0;864;49;838;49;26;48
TE009;11.01.2024;8;1.0;789;46;750;46;41;45
TE009;11.01.2024;9;1.0;697;54;669;54;28;54
TE009;11.01.2024;10;1.0;740;52;706;52;34;52
TE009;11.01.2024;11;1.0;747;49;702;49;45;52
TE009;11.01.2024;12;1.0;660;48;632;48;28;50
TE009;11.01.2024;13;1.0;725;53;704;53;21;54
TE009;11.01.2024;14;1.0;852;47;830;47;22;46
TE009;11.01.2024;15;1.0;912;34;888;34;24;36
TE009;11.01.2024;16;1.0;841;47;824;47;17;47
TE009;11.01.2024;19;1.0;514;45;493;45;21;46
TE009;11.01.2024;20;1.0;357;63;340;63;17;68
TE009;11.01.2024;21;1.0;324;46;306;46;18;44
TE009;11.01.2024;22;1.0;298;63;276;63;22;63
TE009;11.01.2024;23;1.0;134;52;125;52;9;52
TE009;12.01.2024;0;1.0;119;68;100;68;19;66
TE009;12.01.2024;1;1.0;71;57;60;57;11;56
TE009;12.01.2024;2;1.0;85;58;74;58;11;53
TE009;12.01.2024;3;1.0;104;64;90;65;16;57
TE009;12.01.2024;4;1.0;146;73;130;72;16;74
TE009;12.01.2024;5;1.0;358;69;330;69;28;70
TE009;12.01.2024;6;1.0;529;43;516;43;13;45
TE009;12.01.2024;7;1.0;628;48;603;48;25;50
TE009;12.01.2024;9;1.0;545;51;528;51;16;51
TE009;12.01.2024;10;1.0;575;40;543;40;32;41
TE009;12.01.2024;11;1.0;718;44;688;45;30;46
TE009;12.01.2024;12;1.0;629;39;601;39;28;39
TE009;12.01.2024;13;1.0;721;39;698;39;23;38
TE009;12.01.2024;14;1.0;754;41;736;41;18;42
TE009;12.01.2024;15;1.0;702;53;684;53;18;53
TE009;12.01.2024;16;1.0;660;50;639;50;20;53
TE009;12.01.2024;17;1.0;597;45;587;45;11;42
TE009;12.01.2024;18;1.0;622;48;609;48;13;48
TE009;12.01.2024;19;1.0;523;56;509;56;14;57
TE009;12.01.2024;20;1.0;383;62;367;62;16;63
TE009;12.01.2024;21;1.0;300;63;288;63;12;62
TE009;12.01.2024;22;1.0;287;60;277;60;10;56
TE009;12.01.2024;23;1.0;188;59;175;60;13;55
TE009;13.01.2024;0;1.0;128;66;118;66;10;63
TE009;13.01.2024;1;1.0;89;67;85;68;4;60
TE009;13.01.2024;2;1.0;47;57;40;57;7;61
TE009;13.01.2024;3;1.0;71;62;61;61;10;65
TE009;13.01.2024;4;1.0;80;57;74;56;6;62
TE009;13.01.2024;5;1.0;119;64;100;65;18;64
TE009;13.01.2024;6;1.0;113;66;108;66;5;63
TE009;13.01.2024;7;1.0;150;64;146;64;4;63
TE009;13.01.2024;8;1.0;231;60;222;60;7;63
TE009;13.01.2024;9;1.0;400;64;390;64;10;66
TE009;13.01.2024;10;1.0;526;59;510;59;16;59
TE009;13.01.2024;11;1.0;670;50;654;50;16;51
TE009;13.01.2024;12;1.0;671;55;663;56;8;51
TE009;13.01.2024;13;1.0;786;48;773;48;13;49
TE009;13.01.2024;14;1.0;728;53;710;53;17;53
TE009;13.01.2024;15;1.0;678;61;668;61;10;59
TE009;13.01.2024;16;1.0;674;50;665;50;9;52
TE009;13.01.2024;17;1.0;613;57;604;57;9;56
TE009;13.01.2024;18;1.0;485;57;475;57;9;55
TE009;13.01.2024;19;1.0;424;54;417;54;7;60
TE009;13.01.2024;20;1.0;347;66;337;66;10;66
TE009;13.01.2024;21;1.0;225;60;214;60;11;61
TE009;13.01.2024;22;1.0;239;58;227;59;12;58
TE009;13.01.2024;23;1.0;219;58;209;58;10;58
TE009;14.01.2024;0;1.0;129;62;122;62;7;58
TE009;14.01.2024;1;1.0;77;51;76;51;1;57
TE009;14.01.2024;2;1.0;75;52;67;52;8;55
TE009;14.01.2024;3;1.0;55;52;48;53;6;56
TE009;14.01.2024;4;1.0;42;63;39;61;3;81
TE009;14.01.2024;5;1.0;58;60;51;60;6;63
TE009;14.01.2024;6;1.0;73;63;64;62;8;78
TE009;14.01.2024;7;1.0;87;65;77;66;9;64
TE009;14.01.2024;8;1.0;135;70;130;70;5;71
TE009;14.01.2024;9;1.0;280;55;274;55;6;60
TE009;14.01.2024;10;1.0;385;65;371;65;14;69
TE009;14.01.2024;11;1.0;459;64;444;64;15;65
TE009;14.01.2024;12;1.0;541;55;522;55;19;59
TE009;14.01.2024;13;1.0;527;58;518;58;9;59
TE009;14.01.2024;14;1.0;575;57;560;57;15;58
TE009;14.01.2024;15;1.0;520;66;502;66;18;70
TE009;14.01.2024;16;1.0;516;44;507;44;9;45
TE009;14.01.2024;17;1.0;483;55;472;55;11;55
TE009;14.01.2024;18;1.0;418;63;406;63;12;63
TE009;14.01.2024;19;1.0;365;56;356;56;9;54
TE009;14.01.2024;20;1.0;229;61;222;61;7;60
TE009;14.01.2024;22;1.0;170;56;160;56;10;57
TE009;14.01.2024;23;1.0;95;54;86;55;8;58
TE009;15.01.2024;0;1.0;96;50;86;50;10;46
TE009;15.01.2024;1;1.0;46;59;43;59;3;61
TE009;15.01.2024;2;1.0;49;51;44;52;5;49
TE009;15.01.2024;3;1.0;112;38;98;39;13;36
TE009;15.01.2024;4;1.0;152;63;131;62;21;64
TE009;15.01.2024;5;1.0;388;61;363;62;24;60
TE009;15.01.2024;7;1.0;926;51;894;51;32;52
TE009;15.01.2024;8;1.0;800;47;751;47;49;48
TE009;15.01.2024;9;1.0;946;50;902;49;44;51
TE009;15.01.2024;10;1.0;705;53;667;53;38;54
TE009;15.01.2024;11;1.0;707;55;684;55;23;56
TE009;15.01.2024;12;1.0;718;53;692;53;26;53
TE009;15.01.2024;13;1.0;653;52;627;52;26;52
TE009;15.01.2024;14;1.0;831;49;799;49;32;49
TE009;15.01.2024;15;1.0;871;49;839;49;32;50
TE009;15.01.2024;16;1.0;798;49;773;49;25;49
TE009;15.01.2024;17;1.0;769;52;744;52;25;53
TE009;15.01.2024;18;1.0;642;55;619;55;23;55
TE009;15.01.2024;19;1.0;438;59;426;59;12;60
TE009;15.01.2024;20;1.0;294;55;279;55;15;54
TE009;15.01.2024;21;1.0;272;54;257;54;15;55
TE009;15.01.2024;22;1.0;218;52;205;52;13;53
TE009;15.01.2024;23;1.0;122;51;111;51;11;50
TE009;16.01.2024;0;1.0;89;58;77;56;13;60
TE009;16.01.2024;1;1.0;65;63;63;62;2;69
TE009;16.01.2024;2;1.0;44;56;36;55;8;59
TE009;16.01.2024;3;1.0;59;47;39;48;20;45
TE009;16.01.2024;4;1.0;122;58;96;58;26;57
TE009;16.01.2024;5;1.0;362;54;336;54;26;56
TE009;16.01.2024;6;1.0;662;51;622;51;40;52
TE009;16.01.2024;7;1.0;835;38;814;38;21;39
TE009;16.01.2024;8;1.0;771;47;758;47;13;49
TE009;16.01.2024;9;1.0;673;51;662;51;11;54
TE009;16.01.2024;10;1.0;684;51;667;51;17;52
TE009;16.01.2024;11;1.0;741;45;699;45;40;48
TE009;16.01.2024;12;1.0;718;47;671;47;47;47
TE009;16.01.2024;13;1.0;723;51;680;51;43;53
TE009;16.01.2024;14;1.0;854;49;816;49;38;50
TE009;16.01.2024;15;1.0;909;50;876;50;33;51
TE009;16.01.2024;16;1.0;839;46;816;46;23;50
TE009;16.01.2024;17;1.0;747;52;731;52;16;54
TE009;16.01.2024;18;1.0;683;54;665;54;18;52
TE009;16.01.2024;19;1.0;529;58;513;58;16;57
TE009;16.01.2024;20;1.0;348;55;336;55;12;56
TE009;16.01.2024;21;1.0;284;56;273;56;11;53
TE009;16.01.2024;22;1.0;237;55;224;55;13;57
TE009;16.01.2024;23;1.0;134;54;128;54;6;57
TE009;17.01.2024;0;1.0;104;62;86;61;18;62
TE009;17.01.2024;1;1.0;76;56;64;56;12;56
TE009;17.01.2024;2;1.0;59;61;43;61;16;61
TE009;17.01.2024;3;1.0;83;56;63;56;20;58
TE009;17.01.2024;4;1.0;157;60;123;60;34;60
TE009;17.01.2024;5;1.0;390;61;345;61;45;61
TE009;17.01.2024;6;1.0;743;50;674;49;69;51
TE009;17.01.2024;7;1.0;896;48;822;48;74;49
TE009;17.01.2024;8;1.0;894;47;821;47;73;48
TE009;17.01.2024;9;1.0;767;46;706;46;61;45
TE009;17.01.2024;10;1.0;738;51;681;51;57;50
TE009;17.01.2024;11;1.0;728;54;673;54;55;55
TE009;17.01.2024;12;1.0;733;51;674;51;59;52
TE009;17.01.2024;13;1.0;724;52;681;52;43;53
TE009;17.01.2024;14;1.0;900;44;857;44;43;45
TE009;17.01.2024;15;1.0;897;43;865;43;32;44
TE009;17.01.2024;16;1.0;852;49;830;49;22;53
TE009;17.01.2024;17;1.0;810;48;792;48;18;47
TE009;17.01.2024;18;1.0;668;54;650;54;18;55
TE009;17.01.2024;19;1.0;464;59;454;59;10;57
TE009;17.01.2024;20;1.0;345;60;329;60;16;60
TE009;17.01.2024;21;1.0;301;55;291;55;11;52
TE009;17.01.2024;22;1.0;227;56;220;56;7;52
TE009;17.01.2024;23;1.0;126;53;120;53;7;50
TE009;18.01.2024;0;1.0;102;53;93;53;9;54
TE009;18.01.2024;1;1.0;64;59;59;58;5;63
TE009;18.01.2024;2;1.0;90;53;79;53;11;54
TE009;18.01.2024;3;1.0;96;61;91;61;5;62
TE009;18.01.2024;4;1.0;164;66;138;66;26;68
TE009;18.01.2024;5;1.0;391;65;371;65;20;66
TE009;18.01.2024;6;1.0;709;54;671;54;38;56
TE009;18.01.2024;7;1.0;892;51;845;51;47;52
TE009;18.01.2024;8;1.0;797;49;746;49;51;49
TE009;18.01.2024;9;1.0;682;52;636;52;46;52
TE009;18.01.2024;10;1.0;774;51;712;51;62;50
TE009;18.01.2024;11;1.0;725;52;665;52;60;54
TE009;18.01.2024;12;1.0;704;51;655;51;49;51
TE009;18.01.2024;13;1.0;705;51;659;51;46;53
TE009;18.01.2024;14;1.0;897;47;849;47;48;47
TE009;18.01.2024;15;1.0;865;47;824;47;41;47
TE009;18.01.2024;16;1.0;842;44;806;44;35;43
TE009;18.01.2024;17;1.0;812;48;781;48;31;49
TE009;18.01.2024;18;1.0;673;53;660;54;13;54
TE009;18.01.2024;19;1.0;537;50;518;50;18;51
TE009;18.01.2024;20;1.0;399;51;383;51;16;54
TE009;18.01.2024;21;1.0;292;54;279;54;13;54
TE009;18.01.2024;22;1.0;272;55;259;55;13;55
TE009;18.01.2024;23;1.0;124;58;112;59;12;54
TE009;19.01.2024;0;1.0;115;59;100;59;15;56
TE009;19.01.2024;1;1.0;61;51;52;50;10;48
TE009;19.01.2024;2;1.0;59;59;48;59;11;56
TE009;19.01.2024;3;1.0;76;61;60;61;16;62
TE009;19.01.2024;4;1.0;152;58;124;59;27;58
TE009;19.01.2024;5;1.0;377;62;354;62;23;63
TE009;19.01.2024;6;1.0;640;53;599;53;41;54
TE009;19.01.2024;7;1.0;804;50;747;50;57;49
TE009;19.01.2024;8;1.0;893;49;852;49;41;50
TE009;19.01.2024;9;1.0;806;48;765;47;41;50
TE009;19.01.2024;10;1.0;719;52;679;52;40;50
TE009;19.01.2024;11;1.0;830;48;767;48;63;47
TE009;19.01.2024;12;1.0;798;45;752;45;47;45
TE009;19.01.2024;13;1.0;831;48;777;48;54;48
TE009;19.01.2024;14;1.0;910;46;868;45;42;47
TE009;19.01.2024;15;1.0;828;48;787;48;41;49
TE009;19.01.2024;16;1.0;764;53;740;53;24;53
TE009;19.01.2024;17;1.0;801;53;774;53;27;56
TE009;19.01.2024;18;1.0;679;56;663;56;16;56
TE009;19.01.2024;19;1.0;523;50;503;50;19;52
TE009;19.01.2024;20;1.0;384;52;369;52;15;55
TE009;19.01.2024;21;1.0;317;57;304;57;13;57
TE009;19.01.2024;22;1.0;292;58;281;58;11;56
TE009;19.01.2024;23;1.0;187;62;180;62;7;64
TE009;20.01.2024;0;1.0;149;56;134;56;15;55
TE009;20.01.2024;1;1.0;78;61;73;61;5;60
TE009;20.01.2024;2;1.0;70;56;58;57;12;53
TE009;20.01.2024;3;1.0;71;59;61;59;10;62
TE009;20.01.2024;4;1.0;93;67;76;66;17;67
TE009;20.01.2024;5;1.0;131;65;124;65;7;67
TE009;20.01.2024;6;1.0;112;61;100;61;12;62
TE009;20.01.2024;7;1.0;186;60;169;61;17;59
TE009;20.01.2024;8;1.0;312;64;294;63;18;64
TE009;20.01.2024;9;1.0;433;65;410;65;23;65
TE009;20.01.2024;10;1.0;628;62;609;62;19;64
TE009;20.01.2024;11;1.0;662;56;630;56;32;61
TE009;20.01.2024;12;1.0;754;54;729;54;24;56
TE009;20.01.2024;13;1.0;747;50;729;51;16;50
TE009;20.01.2024;14;1.0;756;56;731;56;25;57
TE009;20.01.2024;15;1.0;722;61;706;61;16;60
TE009;20.01.2024;16;1.0;676;57;655;57;21;59
TE009;20.01.2024;17;1.0;666;54;653;54;13;55
TE009;20.01.2024;18;1.0;572;56;552;56;20;55
TE009;20.01.2024;19;1.0;468;56;457;56;11;58
TE009;20.01.2024;20;1.0;345;61;331;61;14;62
TE009;20.01.2024;21;1.0;288;59;276;60;12;59
TE009;20.01.2024;22;1.0;245;60;234;60;11;60
TE009;20.01.2024;23;1.0;194;54;184;54;9;58
TE009;21.01.2024;0;1.0;133;56;126;56;7;53
TE009;21.01.2024;1;1.0;110;56;107;56;3;53
TE009;21.01.2024;2;1.0;60;61;50;61;10;62
TE009;21.01.2024;3;1.0;67;54;57;53;9;66
TE009;21.01.2024;4;1.0;50;60;45;58;5;70
TE009;21.01.2024;5;1.0;68;52;65;52;2;64
TE009;21.01.2024;6;1.0;79;58;71;58;8;62
TE009;21.01.2024;7;1.0;90;55;78;56;11;54
TE009;21.01.2024;8;1.0;154;62;142;62;12;60
TE009;21.01.2024;9;1.0;355;62;347;62;8;66
TE009;21.01.2024;10;1.0;384;64;367;64;17;66
TE009;21.01.2024;11;1.0;479;63;467;63;12;67
TE009;21.01.2024;12;1.0;559;60;548;60;11;68
TE009;21.01.2024;13;1.0;574;60;548;60;26;62
TE009;21.01.2024;14;1.0;564;52;546;52;18;57
TE009;21.01.2024;15;1.0;550;60;532;60;18;65
TE009;21.01.2024;16;1.0;512;60;492;60;20;61
TE009;21.01.2024;17;1.0;516;59;499;59;17;60
TE009;21.01.2024;18;1.0;433;64;414;64;19;67
TE009;21.01.2024;19;1.0;344;63;329;63;15;63
TE009;21.01.2024;20;1.0;275;63;263;63;12;67
TE009;21.01.2024;21;1.0;210;59;199;59;11;58
TE009;21.01.2024;22;1.0;152;60;138;60;14;60
TE009;21.01.2024;23;1.0;88;60;81;60;7;61
TE009;22.01.2024;0;1.0;64;60;51;60;13;58
TE009;22.01.2024;1;1.0;64;52;57;53;7;51
TE009;22.01.2024;2;1.0;42;53;36;54;5;61
TE009;22.01.2024;3;1.0;64;53;52;53;11;55
TE009;22.01.2024;4;1.0;156;61;132;61;24;61
TE009;22.01.2024;5;1.0;354;58;323;59;31;58
TE009;22.01.2024;6;1.0;729;47;661;47;68;47
TE009;22.01.2024;7;1.0;918;44;814;44;104;43
TE009;22.01.2024;8;1.0;853;47;753;47;100;48
TE009;22.01.2024;9;1.0;742;51;672;51;70;53
TE009;22.01.2024;10;1.0;753;53;693;52;60;55
TE009;22.01.2024;11;1.0;757;51;677;51;80;51
TE009;22.01.2024;12;1.0;722;51;652;51;70;50
TE009;22.01.2024;13;1.0;727;51;648;51;79;50
TE009;22.01.2024;14;1.0;927;48;839;49;88;48
TE009;22.01.2024;15;1.0;926;47;846;47;80;47
TE009;22.01.2024;16;1.0;867;49;809;49;58;49
TE009;22.01.2024;17;1.0;734;53;691;52;43;57
TE009;22.01.2024;18;1.0;654;56;626;56;28;57
TE009;22.01.2024;19;1.0;473;53;443;53;29;57
TE009;22.01.2024;20;1.0;310;52;299;51;11;50
TE009;22.01.2024;21;1.0;271;56;257;56;14;56
TE009;22.01.2024;22;1.0;248;56;233;56;15;57
TE009;22.01.2024;23;1.0;102;57;93;57;9;56
TE009;23.01.2024;0;1.0;87;54;75;54;12;55
TE009;23.01.2024;1;1.0;50;58;43;58;7;59
TE009;23.01.2024;2;1.0;59;63;52;63;7;69
TE009;23.01.2024;3;1.0;56;65;41;65;15;64
TE009;23.01.2024;4;1.0;143;65;121;65;22;67
TE009;23.01.2024;5;1.0;384;62;360;62;24;63
TE009;23.01.2024;6;1.0;752;52;719;52;33;53
TE009;23.01.2024;7;1.0;841;44;805;44;36;44
TE009;23.01.2024;8;1.0;809;49;756;48;53;48
TE009;23.01.2024;9;1.0;769;50;684;50;85;51
TE009;23.01.2024;10;1.0;830;51;745;51;85;52
TE009;23.01.2024;11;1.0;823;50;715;50;108;51
TE009;23.01.2024;12;1.0;818;50;753;50;65;51
TE009;23.01.2024;13;1.0;820;52;749;52;71;51
TE009;23.01.2024;14;1.0;932;50;863;49;69;52
TE009;23.01.2024;15;1.0;911;44;852;43;59;46
TE009;23.01.2024;16;1.0;932;47;891;47;41;48
TE009;23.01.2024;17;1.0;800;47;770;48;30;49
TE009;23.01.2024;18;1.0;710;50;679;50;31;50
TE009;23.01.2024;19;1.0;542;48;525;48;17;48
TE009;23.01.2024;20;1.0;379;50;362;50;16;53
TE009;23.01.2024;21;1.0;292;47;278;48;14;48
TE009;23.01.2024;22;1.0;263;62;249;62;14;64
TE009;23.01.2024;23;1.0;102;64;93;63;9;72
TE009;24.01.2024;0;1.0;89;63;81;63;8;69
TE009;24.01.2024;1;1.0;52;66;49;66;3;70
TE009;24.01.2024;2;1.0;54;66;50;66;4;58
TE009;24.01.2024;3;1.0;81;59;66;60;15;56
TE009;24.01.2024;4;1.0;164;62;132;61;32;63
TE009;24.01.2024;5;1.0;439;59;411;59;28;58
TE009;24.01.2024;6;1.0;806;51;713;51;93;52
TE009;24.01.2024;7;1.0;913;46;843;46;70;46
TE009;24.01.2024;8;1.0;837;47;778;47;59;49
TE009;24.01.2024;9;1.0;790;49;718;48;72;49
TE009;24.01.2024;10;1.0;770;52;733;52;37;52
TE009;24.01.2024;11;1.0;771;48;688;48;83;46
TE009;24.01.2024;12;1.0;786;51;693;51;93;50
TE009;24.01.2024;13;1.0;785;50;712;50;73;50
TE009;24.01.2024;14;1.0;899;44;842;44;57;44
TE009;24.01.2024;15;1.0;881;41;836;40;45;42
TE009;24.01.2024;16;1.0;946;43;897;43;49;44
TE009;24.01.2024;17;1.0;841;39;806;39;35;41
TE009;24.01.2024;18;1.0;696;49;677;49;20;49
TE009;24.01.2024;19;1.0;513;54;489;54;24;54
TE009;24.01.2024;20;1.0;387;54;370;54;17;53
TE009;24.01.2024;21;1.0;317;56;301;56;16;56
TE009;24.01.2024;22;1.0;295;55;280;55;15;53
TE009;24.01.2024;23;1.0;111;56;104;56;7;53
TE009;25.01.2024;0;1.0;92;56;75;57;17;53
TE009;25.01.2024;1;1.0;67;57;60;57;7;58
TE009;25.01.2024;2;1.0;45;54;41;55;4;56
TE009;25.01.2024;3;1.0;71;57;59;58;12;55
TE009;25.01.2024;4;1.0;165;60;142;60;23;59
TE009;25.01.2024;5;1.0;412;60;389;60;23;58
TE009;25.01.2024;6;1.0;826;53;780;52;46;53
TE009;25.01.2024;7;1.0;912;47;860;47;52;48
TE009;25.01.2024;8;1.0;794;49;748;49;46;51
TE009;25.01.2024;9;1.0;767;50;706;50;61;50
TE009;25.01.2024;10;1.0;744;49;700;49;44;50
TE009;25.01.2024;11;1.0;826;47;778;47;48;48
TE009;25.01.2024;12;1.0;754;50;695;50;59;51
TE009;25.01.2024;13;1.0;787;50;755;50;32;50
TE009;25.01.2024;14;1.0;914;39;857;39;57;40
TE009;25.01.2024;15;1.0;886;40;841;40;45;42
TE009;25.01.2024;16;1.0;906;42;869;42;37;47
TE009;25.01.2024;17;1.0;850;52;820;52;30;53
TE009;25.01.2024;18;1.0;772;56;749;56;23;58
TE009;25.01.2024;19;1.0;598;60;579;60;19;59
TE009;25.01.2024;20;1.0;407;61;382;61;25;61
TE009;25.01.2024;21;1.0;339;61;315;61;24;64
TE009;25.01.2024;22;1.0;313;54;292;54;21;56
TE009;25.01.2024;23;1.0;152;56;141;56;11;54
TE009;26.01.2024;0;1.0;119;56;99;56;20;55
TE009;26.01.2024;1;1.0;66;56;55;55;11;62
TE009;26.01.2024;2;1.0;48;53;37;53;11;53
TE009;26.01.2024;3;1.0;65;60;43;59;22;62
TE009;26.01.2024;4;1.0;160;63;122;63;38;62
TE009;26.01.2024;5;1.0;382;66;328;65;54;69
TE009;26.01.2024;6;1.0;780;49;720;49;60;51
TE009;26.01.2024;7;1.0;850;42;756;42;94;44
TE009;26.01.2024;8;1.0;783;46;718;46;64;48
TE009;26.01.2024;9;1.0;855;48;808;48;48;50
TE009;26.01.2024;10;1.0;797;49;757;49;40;49
TE009;26.01.2024;11;1.0;842;53;793;53;49;53
TE009;26.01.2024;12;1.0;773;47;717;47;57;49
TE009;26.01.2024;13;1.0;830;44;791;44;39;44
TE009;26.01.2024;14;1.0;889;46;864;46;25;46
TE009;26.01.2024;15;1.0;805;50;785;50;20;48
TE009;26.01.2024;16;1.0;869;47;847;47;22;47
TE009;26.01.2024;17;1.0;802;42;778;42;24;42
TE009;26.01.2024;18;1.0;729;56;709;56;20;57
TE009;26.01.2024;19;1.0;515;57;494;57;21;57
TE009;26.01.2024;20;1.0;400;56;379;56;21;53
TE009;26.01.2024;21;1.0;326;51;299;51;28;46
TE009;26.01.2024;22;1.0;305;56;286;55;19;53
TE009;26.01.2024;23;1.0;197;59;185;59;12;60
TE009;27.01.2024;0;1.0;152;52;138;52;14;50
TE009;27.01.2024;1;1.0;101;55;86;56;15;52
TE009;27.01.2024;2;1.0;67;51;52;50;15;54
TE009;27.01.2024;3;1.0;90;59;70;57;21;61
TE009;27.01.2024;4;1.0;106;53;76;55;29;51
TE009;27.01.2024;5;1.0;125;51;107;51;18;52
TE009;27.01.2024;6;1.0;137;64;116;65;21;64
TE009;27.01.2024;7;1.0;198;61;173;60;25;61
TE009;27.01.2024;8;1.0;305;68;286;68;19;70
TE009;27.01.2024;9;1.0;502;63;483;63;19;66
TE009;27.01.2024;10;1.0;650;62;619;62;31;64
TE009;27.01.2024;11;1.0;769;58;744;58;25;61
TE009;27.01.2024;12;1.0;814;60;789;60;25;61
TE009;27.01.2024;13;1.0;836;57;809;57;27;58
TE009;27.01.2024;14;1.0;837;52;813;52;24;52
TE009;27.01.2024;15;1.0;777;52;751;52;26;52
TE009;27.01.2024;16;1.0;744;52;728;52;16;53
TE009;27.01.2024;17;1.0;764;50;739;50;25;51
TE009;27.01.2024;18;1.0;645;51;625;51;20;50
TE009;27.01.2024;19;1.0;489;53;476;53;13;51
TE009;27.01.2024;20;1.0;378;53;354;53;24;53
TE009;27.01.2024;21;1.0;325;53;310;53;15;53
TE009;27.01.2024;22;1.0;287;54;271;54;16;54
TE009;27.01.2024;23;1.0;231;49;218;49;13;49
TE009;28.01.2024;0;1.0;132;50;116;49;16;52
TE009;28.01.2024;1;1.0;92;51;86;51;5;57
TE009;28.01.2024;2;1.0;72;59;58;59;14;57
TE009;28.01.2024;3;1.0;67;50;60;51;6;56
TE009;28.01.2024;4;1.0;56;64;47;65;9;59
TE009;28.01.2024;5;1.0;71;59;59;59;12;61
TE009;28.01.2024;6;1.0;86;61;72;61;14;63
TE009;28.01.2024;7;1.0;109;60;92;60;17;62
TE009;28.01.2024;8;1.0;178;57;164;57;14;55
TE009;28.01.2024;9;1.0;391;58;376;58;15;56
TE009;28.01.2024;10;1.0;444;57;428;57;16;56
TE009;28.01.2024;11;1.0;555;54;536;54;19;55
TE009;28.01.2024;12;1.0;704;55;685;55;19;54
TE009;28.01.2024;13;1.0;716;54;697;54;19;56
TE009;28.01.2024;14;1.0;758;54;740;54;18;54
TE009;28.01.2024;15;1.0;632;56;613;56;19;52
TE009;28.01.2024;16;1.0;659;62;634;62;25;66
TE009;28.01.2024;17;1.0;563;59;536;58;27;62
TE009;28.01.2024;18;1.0;449;50;425;50;23;50
TE009;28.01.2024;19;1.0;444;50;428;50;16;50
TE009;28.01.2024;20;1.0;314;50;294;49;19;53
TE009;28.01.2024;21;1.0;249;51;230;51;19;52
TE009;28.01.2024;22;1.0;170;58;156;58;14;58
TE009;28.01.2024;23;1.0;104;55;91;55;13;56
TE009;29.01.2024;0;1.0;76;57;55;57;21;58
TE009;29.01.2024;1;1.0;78;55;68;56;10;54
TE009;29.01.2024;2;1.0;42;64;34;64;8;60
TE009;29.01.2024;3;1.0;55;64;39;62;16;66
TE009;29.01.2024;4;1.0;157;60;126;60;31;59
TE009;29.01.2024;5;1.0;422;56;375;56;47;57
TE009;29.01.2024;6;1.0;791;46;735;46;56;48
TE009;29.01.2024;7;1.0;945;44;882;44;63;44
TE009;29.01.2024;8;1.0;834;47;777;47;57;48
TE009;29.01.2024;9;1.0;826;48;750;48;76;47
TE009;29.01.2024;10;1.0;812;47;723;47;89;47
TE009;29.01.2024;11;1.0;807;50;707;49;100;50
TE009;29.01.2024;12;1.0;762;44;701;43;61;44
TE009;29.01.2024;13;1.0;756;44;700;44;55;43
TE009;29.01.2024;14;1.0;847;39;786;39;63;36
TE009;29.01.2024;15;1.0;764;34;695;34;69;29
TE009;29.01.2024;16;1.0;879;44;835;44;44;43
TE009;29.01.2024;17;1.0;812;45;777;45;35;43
TE009;29.01.2024;18;1.0;657;52;635;52;22;52
TE009;29.01.2024;19;1.0;460;55;437;55;23;56
TE009;29.01.2024;20;1.0;349;55;332;55;17;56
TE009;29.01.2024;21;1.0;297;55;282;55;15;56
TE009;29.01.2024;22;1.0;253;57;232;56;21;57
TE009;29.01.2024;23;1.0;111;61;101;61;10;53
TE009;30.01.2024;0;1.0;65;62;47;61;18;64
TE009;30.01.2024;1;1.0;47;55;44;55;3;54
TE009;30.01.2024;2;1.0;54;64;47;63;7;62
TE009;30.01.2024;3;1.0;68;65;42;64;26;68
TE009;30.01.2024;4;1.0;132;62;89;61;43;64
TE009;30.01.2024;5;1.0;399;60;367;60;32;63
TE009;30.01.2024;6;1.0;766;44;709;44;58;45
TE009;30.01.2024;7;1.0;920;41;858;41;62;42
TE009;30.01.2024;8;1.0;835;46;778;46;58;48
TE009;30.01.2024;9;1.0;818;46;751;46;67;48
TE009;30.01.2024;10;1.0;748;45;661;45;88;43
TE009;30.01.2024;11;1.0;741;45;661;45;80;46
TE009;30.01.2024;12;1.0;816;49;749;49;67;48
TE009;30.01.2024;13;1.0;804;50;750;50;54;51
TE009;30.01.2024;14;1.0;900;46;851;46;49;48
TE009;30.01.2024;15;1.0;960;49;902;48;58;49
TE009;30.01.2024;16;1.0;904;46;854;46;50;48
TE009;30.01.2024;17;1.0;813;45;772;45;41;45
TE009;30.01.2024;18;1.0;696;54;673;54;23;54
TE009;30.01.2024;19;1.0;488;61;472;61;16;65
TE009;30.01.2024;20;1.0;362;60;346;60;16;61
TE009;30.01.2024;21;1.0;285;62;271;62;14;63
TE009;30.01.2024;22;1.0;299;60;278;60;21;62
TE009;30.01.2024;23;1.0;105;54;95;54;10;52
TE009;31.01.2024;0;1.0;89;55;74;55;15;50
TE009;31.01.2024;1;1.0;53;56;45;57;8;55
TE009;31.01.2024;2;1.0;46;62;41;61;5;69
TE009;31.01.2024;3;1.0;70;61;55;61;15;60
TE009;31.01.2024;4;1.0;143;61;112;61;31;63
TE009;31.01.2024;5;1.0;366;65;330;65;36;65
TE009;31.01.2024;6;1.0;751;53;685;53;66;55
TE009;31.01.2024;7;1.0;876;47;818;47;58;51
TE009;31.01.2024;8;1.0;775;52;723;52;52;54
TE009;31.01.2024;9;1.0;795;48;736;47;59;47
TE009;31.01.2024;10;1.0;740;50;657;50;83;50
TE009;31.01.2024;11;1.0;829;50;760;50;69;51
TE009;31.01.2024;12;1.0;762;50;690;50;72;50
TE009;31.01.2024;13;1.0;770;51;699;51;71;51
TE009;31.01.2024;14;1.0;940;48;886;48;54;48
TE009;31.01.2024;15;1.0;893;44;838;44;55;45
TE009;31.01.2024;16;1.0;869;48;818;48;51;47
TE009;31.01.2024;17;1.0;853;52;803;52;50;51
TE009;31.01.2024;18;1.0;732;52;697;52;35;52
TE009;31.01.2024;19;1.0;505;54;487;55;17;53
TE009;31.01.2024;20;1.0;384;60;367;60;17;60
TE009;31.01.2024;21;1.0;281;56;266;56;15;55
TE010;01.01.2024;0;1.0;50;43;48;43;2;41
TE010;01.01.2024;1;1.0;152;36;151;36;1;37
TE010;01.01.2024;2;1.0;151;37;148;37;3;36
TE010;01.01.2024;3;1.0;118;41;115;41;3;38
TE010;01.01.2024;4;1.0;73;41;70;41;3;40
TE010;01.01.2024;5;1.0;47;45;45;45;2;36
TE010;01.01.2024;6;1.0;52;44;48;45;4;42
TE010;01.01.2024;7;1.0;55;40;52;41;3;38
TE010;01.01.2024;8;1.0;51;41;48;41;3;32
TE010;01.01.2024;9;1.0;65;40;59;41;6;34
TE010;01.01.2024;10;1.0;82;38;73;38;9;35
TE010;01.01.2024;11;1.0;170;35;163;35;7;35
TE010;01.01.2024;12;1.0;168;30;158;30;10;28
TE010;01.01.2024;13;1.0;218;37;206;37;12;35
TE010;01.01.2024;14;1.0;242;36;234;36;8;36
TE010;01.01.2024;15;1.0;250;35;239;35;11;34
TE010;01.01.2024;16;1.0;196;38;185;38;11;39
TE010;01.01.2024;17;1.0;183;38;175;38;8;36
TE010;01.01.2024;18;1.0;175;38;167;38;8;37
TE010;01.01.2024;19;1.0;146;39;141;39;5;43
TE010;01.01.2024;20;1.0;124;40;117;40;7;40
TE010;01.01.2024;21;1.0;91;43;85;43;6;42
TE010;01.01.2024;22;1.0;73;45;66;46;7;42
TE010;01.01.2024;23;1.0;53;45;49;45;4;41
TE010;02.01.2024;0;1.0;46;45;44;46;2;36
TE010;02.01.2024;1;1.0;28;49;25;49;3;48
TE010;02.01.2024;2;1.0;30;46;26;45;4;50
TE010;02.01.2024;3;1.0;30;40;24;41;6;37
TE010;02.01.2024;4;1.0;61;41;51;42;10;36
TE010;02.01.2024;5;1.0;126;39;101;39;25;38
TE010;02.01.2024;6;1.0;230;40;203;40;27;39
TE010;02.01.2024;7;1.0;271;36;256;36;14;36
TE010;02.01.2024;8;1.0;311;37;295;37;16;36
TE010;02.01.2024;9;1.0;309;34;297;34;12;30
TE010;02.01.2024;10;1.0;298;36;283;36;15;36
TE010;02.01.2024;11;1.0;361;33;343;33;19;32
TE010;02.01.2024;12;1.0;384;34;363;34;21;33
TE010;02.01.2024;13;1.0;355;33;346;33;9;32
TE010;02.01.2024;14;1.0;423;36;409;36;14;36
TE010;02.01.2024;15;1.0;441;36;433;37;8;35
TE010;02.01.2024;16;1.0;427;32;421;32;6;32
TE010;02.01.2024;17;1.0;407;34;397;34;10;34
TE010;02.01.2024;18;1.0;317;39;309;39;8;39
TE010;02.01.2024;19;1.0;220;40;210;40;10;41
TE010;02.01.2024;20;1.0;169;39;159;39;10;40
TE010;02.01.2024;21;1.0;133;30;121;30;12;30
TE010;02.01.2024;22;1.0;123;37;113;37;10;34
TE010;02.01.2024;23;1.0;101;37;97;37;4;36
TE010;03.01.2024;1;1.0;35;35;30;35;5;38
TE010;03.01.2024;2;1.0;37;36;34;36;4;31
TE010;03.01.2024;3;1.0;35;31;27;31;8;30
TE010;03.01.2024;5;1.0;161;33;145;33;16;32
TE010;03.01.2024;6;1.0;245;28;214;28;31;28
TE010;03.01.2024;7;1.0;331;26;300;26;31;27
TE010;03.01.2024;8;1.0;341;29;319;29;22;30
TE010;03.01.2024;9;1.0;363;25;332;25;31;25
TE010;03.01.2024;11;1.0;353;25;315;24;39;25
TE010;03.01.2024;12;1.0;385;26;348;26;37;25
TE010;03.01.2024;13;1.0;445;26;409;26;36;28
TE010;03.01.2024;14;1.0;452;25;409;25;43;25
TE010;03.01.2024;15;1.0;452;27;431;27;22;27
TE010;03.01.2024;16;1.0;467;26;449;26;17;26
TE010;03.01.2024;18;1.0;357;26;341;26;16;26
TE010;03.01.2024;19;1.0;260;27;235;27;25;28
TE010;03.01.2024;20;1.0;167;37;151;38;16;35
TE010;03.01.2024;21;1.0;174;31;154;31;20;29
TE010;03.01.2024;22;1.0;170;31;157;31;13;30
TE010;03.01.2024;23;1.0;78;34;74;34;4;32
TE010;04.01.2024;0;1.0;58;37;53;38;4;40
TE010;04.01.2024;1;1.0;36;39;33;40;3;33
TE010;04.01.2024;2;1.0;22;39;19;39;3;38
TE010;04.01.2024;3;1.0;38;45;33;44;5;46
TE010;04.01.2024;4;1.0;59;38;53;39;5;40
TE010;04.01.2024;5;1.0;178;39;168;39;10;35
TE010;04.01.2024;6;1.0;266;35;256;35;10;36
TE010;04.01.2024;7;1.0;342;32;326;32;16;32
TE010;04.01.2024;8;1.0;356;34;321;34;35;33
TE010;04.01.2024;9;1.0;350;30;312;30;38;30
TE010;04.01.2024;10;1.0;364;29;323;29;41;29
TE010;04.01.2024;11;1.0;372;32;333;32;39;32
TE010;04.01.2024;12;1.0;408;35;379;35;29;35
TE010;04.01.2024;13;1.0;433;30;406;30;28;29
TE010;04.01.2024;14;1.0;416;33;382;33;34;33
TE010;04.01.2024;15;1.0;462;28;444;28;18;28
TE010;04.01.2024;16;1.0;459;32;453;32;7;30
TE010;04.01.2024;17;1.0;446;36;421;36;25;36
TE010;04.01.2024;18;1.0;355;34;339;34;15;35
TE010;04.01.2024;19;1.0;263;33;247;33;16;34
TE010;04.01.2024;20;1.0;220;32;206;32;13;32
TE010;04.01.2024;21;1.0;160;30;147;30;13;30
TE010;04.01.2024;22;1.0;163;33;150;33;13;32
TE010;04.01.2024;23;1.0;96;32;91;32;5;30
TE010;05.01.2024;0;1.0;55;38;52;39;2;40
TE010;05.01.2024;2;1.0;42;38;36;39;6;30
TE010;05.01.2024;3;1.0;36;42;29;42;7;41
TE010;05.01.2024;4;1.0;70;46;56;46;14;47
TE010;05.01.2024;5;1.0;156;34;116;34;40;32
TE010;05.01.2024;6;1.0;263;35;229;35;34;36
TE010;05.01.2024;7;1.0;312;35;263;35;49;35
TE010;05.01.2024;8;1.0;292;36;279;36;13;37
TE010;05.01.2024;9;1.0;320;35;309;35;11;34
TE010;05.01.2024;10;1.0;388;33;352;34;36;33
TE010;05.01.2024;11;1.0;407;33;371;32;36;33
TE010;05.01.2024;12;1.0;415;36;372;36;43;36
TE010;05.01.2024;13;1.0;446;29;416;29;30;30
TE010;05.01.2024;14;1.0;456;33;434;33;22;32
TE010;05.01.2024;15;1.0;503;30;483;30;20;27
TE010;05.01.2024;16;1.0;414;36;401;36;13;36
TE010;05.01.2024;17;1.0;415;33;400;33;14;33
TE010;05.01.2024;18;1.0;331;38;320;38;11;39
TE010;05.01.2024;19;1.0;268;39;256;39;12;40
TE010;05.01.2024;20;1.0;201;41;189;41;12;39
TE010;05.01.2024;21;1.0;187;33;178;33;10;32
TE010;05.01.2024;22;1.0;159;41;148;41;11;40
TE010;05.01.2024;23;1.0;123;41;118;41;5;41
TE010;06.01.2024;0;1.0;77;44;74;44;3;37
TE010;06.01.2024;1;1.0;88;46;84;46;4;41
TE010;06.01.2024;2;1.0;56;47;53;47;3;41
TE010;06.01.2024;3;1.0;38;48;33;49;5;41
TE010;06.01.2024;4;1.0;37;44;33;43;4;46
TE010;06.01.2024;5;1.0;54;46;47;47;7;40
TE010;06.01.2024;6;1.0;87;44;81;44;6;44
TE010;06.01.2024;7;1.0;118;38;107;38;11;38
TE010;06.01.2024;8;1.0;134;40;120;40;14;42
TE010;06.01.2024;9;1.0;252;35;239;35;13;34
TE010;06.01.2024;10;1.0;308;37;293;37;15;36
TE010;06.01.2024;11;1.0;344;27;324;27;20;28
TE010;06.01.2024;12;1.0;384;34;370;34;14;36
TE010;06.01.2024;13;1.0;414;31;397;31;17;30
TE010;06.01.2024;14;1.0;407;38;395;38;12;38
TE010;06.01.2024;15;1.0;368;30;358;30;11;29
TE010;06.01.2024;16;1.0;346;31;332;31;13;31
TE010;06.01.2024;17;1.0;327;30;317;30;9;31
TE010;06.01.2024;18;1.0;280;40;270;40;10;39
TE010;06.01.2024;19;1.0;224;40;214;40;10;39
TE010;06.01.2024;20;1.0;196;40;185;40;11;39
TE010;06.01.2024;21;1.0;160;41;149;41;11;40
TE010;06.01.2024;22;1.0;135;39;125;39;10;37
TE010;06.01.2024;23;1.0;132;37;128;37;4;41
TE010;07.01.2024;0;1.0;91;41;87;42;3;46
TE010;07.01.2024;1;1.0;71;40;69;40;2;38
TE010;07.01.2024;2;1.0;51;49;49;50;2;36
TE010;07.01.2024;3;1.0;39;48;36;48;3;48
TE010;07.01.2024;4;1.0;29;47;27;47;2;48
TE010;07.01.2024;6;1.0;43;37;37;38;5;40
TE010;07.01.2024;7;1.0;48;37;43;36;5;43
TE010;07.01.2024;8;1.0;88;38;84;38;4;31
TE010;07.01.2024;10;1.0;215;36;206;36;9;35
TE010;07.01.2024;11;1.0;245;39;236;39;9;39
TE010;07.01.2024;12;1.0;273;38;265;38;8;39
TE010;07.01.2024;13;1.0;275;38;266;38;9;38
TE010;07.01.2024;14;1.0;296;38;288;38;8;38
TE010;07.01.2024;15;1.0;296;39;286;39;10;37
TE010;07.01.2024;16;1.0;241;39;232;39;9;39
TE010;07.01.2024;17;1.0;250;39;243;39;7;37
TE010;07.01.2024;18;1.0;231;36;219;36;12;35
TE010;07.01.2024;19;1.0;176;37;164;37;12;36
TE010;07.01.2024;20;1.0;149;38;137;38;12;37
TE010;07.01.2024;21;1.0;124;43;111;43;13;39
TE010;07.01.2024;22;1.0;107;38;98;39;9;37
TE010;07.01.2024;23;1.0;66;45;57;45;9;43
TE010;08.01.2024;0;1.0;52;45;46;45;6;43
TE010;08.01.2024;1;1.0;38;43;35;43;3;42
TE010;08.01.2024;2;1.0;27;47;25;47;2;48
TE010;08.01.2024;3;1.0;43;45;35;45;8;47
TE010;08.01.2024;4;1.0;79;42;67;43;12;41
TE010;08.01.2024;5;1.0;170;41;144;41;26;41
TE010;08.01.2024;6;1.0;305;38;282;38;23;39
TE010;08.01.2024;7;1.0;428;34;393;34;35;34
TE010;08.01.2024;8;1.0;345;37;327;37;18;38
TE010;08.01.2024;9;1.0;340;35;311;35;29;35
TE010;08.01.2024;10;1.0;354;35;335;35;19;35
TE010;08.01.2024;11;1.0;358;32;340;32;17;33
TE010;08.01.2024;12;1.0;395;33;372;33;23;32
TE010;08.01.2024;13;1.0;363;30;333;30;31;29
TE010;08.01.2024;14;1.0;383;30;357;30;26;30
TE010;08.01.2024;15;1.0;421;21;398;21;23;21
TE010;08.01.2024;16;1.0;431;31;418;31;13;28
TE010;08.01.2024;17;1.0;398;35;378;35;20;36
TE010;08.01.2024;18;1.0;344;34;333;34;11;33
TE010;08.01.2024;19;1.0;257;37;243;37;14;37
TE010;08.01.2024;20;1.0;203;37;193;37;10;36
TE010;08.01.2024;21;1.0;204;39;191;39;13;36
TE010;08.01.2024;22;1.0;146;39;135;39;11;39
TE010;08.01.2024;23;1.0;82;40;72;40;10;42
TE010;09.01.2024;0;1.0;66;43;59;42;7;48
TE010;09.01.2024;1;1.0;35;46;30;46;5;43
TE010;09.01.2024;2;1.0;29;45;26;44;3;54
TE010;09.01.2024;3;1.0;43;44;36;45;7;39
TE010;09.01.2024;4;1.0;71;44;61;44;10;45
TE010;09.01.2024;5;1.0;194;42;173;42;21;43
TE010;09.01.2024;6;1.0;302;39;274;39;28;40
TE010;09.01.2024;7;1.0;441;36;413;36;28;37
TE010;09.01.2024;8;1.0;438;36;412;36;26;37
TE010;09.01.2024;9;1.0;411;37;379;37;32;37
TE010;09.01.2024;10;1.0;373;34;345;34;28;33
TE010;09.01.2024;11;1.0;362;32;345;31;17;33
TE010;09.01.2024;12;1.0;410;32;394;32;16;32
TE010;09.01.2024;13;1.0;421;33;395;33;26;33
TE010;09.01.2024;14;1.0;417;22;394;22;23;23
TE010;09.01.2024;15;1.0;347;14;332;14;15;14
TE010;09.01.2024;16;1.0;431;17;411;17;20;17
TE010;09.01.2024;17;1.0;507;31;488;31;19;32
TE010;09.01.2024;18;1.0;420;32;406;32;14;32
TE010;09.01.2024;19;1.0;354;37;340;37;14;37
TE010;09.01.2024;20;1.0;247;37;233;37;14;36
TE010;09.01.2024;21;1.0;192;40;181;40;11;40
TE010;09.01.2024;22;1.0;146;40;137;40;9;39
TE010;09.01.2024;23;1.0;100;40;94;40;6;36
TE010;10.01.2024;0;1.0;51;42;49;42;2;33
TE010;10.01.2024;1;1.0;39;44;35;44;4;40
TE010;10.01.2024;2;1.0;31;49;29;49;2;40
TE010;10.01.2024;3;1.0;52;44;41;45;11;40
TE010;10.01.2024;4;1.0;79;43;67;44;12;41
TE010;10.01.2024;5;1.0;201;43;185;43;16;43
TE010;10.01.2024;6;1.0;342;39;311;39;31;39
TE010;10.01.2024;7;1.0;396;34;379;34;17;35
TE010;10.01.2024;8;1.0;436;27;410;27;26;27
TE010;10.01.2024;9;1.0;401;36;372;36;29;35
TE010;10.01.2024;10;1.0;419;35;396;35;23;34
TE010;10.01.2024;11;1.0;448;30;415;30;34;29
TE010;10.01.2024;12;1.0;418;31;397;31;21;30
TE010;10.01.2024;13;1.0;468;29;443;30;25;28
TE010;10.01.2024;14;1.0;433;21;417;21;16;19
TE010;10.01.2024;15;1.0;387;17;367;17;20;19
TE010;10.01.2024;16;1.0;499;36;433;33;66;57
TE010;10.01.2024;17;1.0;516;33;495;33;21;32
TE010;10.01.2024;18;1.0;440;35;423;35;17;36
TE010;10.01.2024;19;1.0;303;37;286;37;17;37
TE010;10.01.2024;20;1.0;229;37;214;37;15;37
TE010;10.01.2024;21;1.0;200;38;186;38;14;37
TE010;10.01.2024;22;1.0;173;37;155;37;18;38
TE010;10.01.2024;23;1.0;127;31;120;31;7;33
TE010;11.01.2024;0;1.0;41;41;35;41;6;40
TE010;11.01.2024;1;1.0;47;44;44;44;3;41
TE010;11.01.2024;2;1.0;30;47;25;47;5;43
TE010;11.01.2024;3;1.0;53;40;44;40;10;38
TE010;11.01.2024;4;1.0;74;47;67;47;7;48
TE010;11.01.2024;5;1.0;193;41;182;41;11;40
TE010;11.01.2024;6;1.0;327;39;314;39;13;38
TE010;11.01.2024;7;1.0;402;37;391;37;11;36
TE010;11.01.2024;8;1.0;463;32;446;32;16;32
TE010;11.01.2024;9;1.0;387;36;370;36;17;36
TE010;11.01.2024;10;1.0;383;30;366;30;17;30
TE010;11.01.2024;11;1.0;418;35;396;35;22;36
TE010;11.01.2024;12;1.0;409;31;390;30;19;31
TE010;11.01.2024;13;1.0;424;31;412;31;12;32
TE010;11.01.2024;14;1.0;463;21;455;21;8;24
TE010;11.01.2024;15;1.0;557;21;547;21;11;17
TE010;11.01.2024;16;1.0;469;20;465;20;4;21
TE010;11.01.2024;17;1.0;532;28;520;28;12;27
TE010;11.01.2024;18;1.0;454;34;441;34;13;32
TE010;11.01.2024;19;1.0;310;38;300;38;10;38
TE010;11.01.2024;20;1.0;236;38;221;38;15;39
TE010;11.01.2024;21;1.0;193;38;181;38;12;36
TE010;11.01.2024;22;1.0;165;30;157;30;8;30
TE010;11.01.2024;23;1.0;96;35;89;35;7;35
TE010;12.01.2024;0;1.0;57;33;53;34;4;32
TE010;12.01.2024;1;1.0;43;33;42;33;1;49
TE010;12.01.2024;2;1.0;32;32;28;31;4;36
TE010;12.01.2024;3;1.0;55;42;49;43;5;41
TE010;12.01.2024;4;1.0;78;41;67;42;11;39
TE010;12.01.2024;5;1.0;178;40;167;40;11;39
TE010;12.01.2024;7;1.0;310;28;298;28;12;30
TE010;12.01.2024;9;1.0;252;27;239;27;13;28
TE010;12.01.2024;10;1.0;237;38;224;38;13;37
TE010;12.01.2024;11;1.0;262;30;252;30;10;28
TE010;12.01.2024;12;1.0;308;34;297;34;11;33
TE010;12.01.2024;13;1.0;308;32;296;32;12;32
TE010;12.01.2024;14;1.0;362;34;352;34;10;34
TE010;12.01.2024;15;1.0;344;37;335;37;9;36
TE010;12.01.2024;16;1.0;294;37;292;37;2;38
TE010;12.01.2024;17;1.0;287;35;276;35;11;35
TE010;12.01.2024;18;1.0;344;37;334;37;10;39
TE010;12.01.2024;19;1.0;275;36;265;36;10;35
TE010;12.01.2024;20;1.0;243;39;234;39;9;38
TE010;12.01.2024;21;1.0;189;40;180;40;9;42
TE010;12.01.2024;22;1.0;162;40;153;40;9;39
TE010;12.01.2024;23;1.0;124;33;119;33;5;30
TE010;13.01.2024;0;1.0;95;44;91;44;4;38
TE010;13.01.2024;1;1.0;57;45;54;45;3;42
TE010;13.01.2024;2;1.0;46;44;42;45;4;42
TE010;13.01.2024;3;1.0;33;44;29;45;3;49
TE010;13.01.2024;4;1.0;39;33;37;33;1;49
TE010;13.01.2024;5;1.0;58;40;55;41;3;31
TE010;13.01.2024;6;1.0;112;44;109;44;3;42
TE010;13.01.2024;7;1.0;101;43;97;43;4;42
TE010;13.01.2024;8;1.0;128;38;122;38;5;40
TE010;13.01.2024;9;1.0;260;39;252;39;8;38
TE010;13.01.2024;10;1.0;302;36;295;36;7;36
TE010;13.01.2024;11;1.0;351;33;339;33;12;33
TE010;13.01.2024;12;1.0;420;37;408;37;12;37
TE010;13.01.2024;13;1.0;397;33;387;33;10;32
TE010;13.01.2024;14;1.0;379;34;367;34;12;33
TE010;13.01.2024;15;1.0;364;38;354;38;10;38
TE010;13.01.2024;16;1.0;339;38;328;38;11;37
TE010;13.01.2024;17;1.0;290;37;279;37;11;37
TE010;13.01.2024;18;1.0;291;40;282;40;9;38
TE010;13.01.2024;19;1.0;221;36;214;36;8;35
TE010;13.01.2024;20;1.0;185;40;176;41;9;39
TE010;13.01.2024;21;1.0;161;42;152;43;9;40
TE010;13.01.2024;22;1.0;142;39;134;39;8;34
TE010;13.01.2024;23;1.0;148;42;142;42;6;42
TE010;14.01.2024;0;1.0;101;45;98;45;3;49
TE010;14.01.2024;1;1.0;82;43;80;43;2;49
TE010;14.01.2024;2;1.0;50;46;48;45;2;49
TE010;14.01.2024;3;1.0;50;40;48;40;2;40
TE010;14.01.2024;4;1.0;29;43;26;45;2;40
TE010;14.01.2024;5;1.0;32;42;29;44;2;40
TE010;14.01.2024;6;1.0;56;45;53;45;3;44
TE010;14.01.2024;7;1.0;56;38;52;38;3;42
TE010;14.01.2024;8;1.0;80;41;77;41;3;42
TE010;14.01.2024;9;1.0;145;39;141;39;4;42
TE010;14.01.2024;10;1.0;228;39;220;39;8;38
TE010;14.01.2024;11;1.0;278;40;268;40;10;39
TE010;14.01.2024;12;1.0;321;35;313;35;8;34
TE010;14.01.2024;13;1.0;339;37;328;37;11;38
TE010;14.01.2024;14;1.0;368;35;359;35;9;34
TE010;14.01.2024;15;1.0;284;39;273;39;11;39
TE010;14.01.2024;16;1.0;264;39;254;39;10;38
TE010;14.01.2024;17;1.0;271;39;266;39;5;39
TE010;14.01.2024;18;1.0;227;37;218;38;9;36
TE010;14.01.2024;19;1.0;203;36;192;36;11;33
TE010;14.01.2024;20;1.0;164;38;157;38;7;31
TE010;14.01.2024;21;1.0;128;34;121;34;7;34
TE010;14.01.2024;22;1.0;104;43;97;43;7;41
TE010;14.01.2024;23;1.0;88;41;85;41;3;38
TE010;15.01.2024;0;1.0;36;49;34;49;2;38
TE010;15.01.2024;1;1.0;36;50;34;51;2;38
TE010;15.01.2024;2;1.0;35;44;34;44;1;38
TE010;15.01.2024;3;1.0;31;50;26;52;5;42
TE010;15.01.2024;4;1.0;66;44;59;43;7;46
TE010;15.01.2024;5;1.0;198;44;186;44;12;45
TE010;15.01.2024;6;1.0;328;37;313;37;15;38
TE010;15.01.2024;7;1.0;427;37;412;37;15;37
TE010;15.01.2024;8;1.0;415;33;401;33;13;26
TE010;15.01.2024;9;1.0;352;37;334;37;18;36
TE010;15.01.2024;10;1.0;360;37;345;37;15;38
TE010;15.01.2024;11;1.0;359;37;337;37;22;38
TE010;15.01.2024;12;1.0;407;37;374;37;33;37
TE010;15.01.2024;13;1.0;404;30;379;30;25;32
TE010;15.01.2024;14;1.0;379;20;355;19;24;26
TE010;15.01.2024;15;1.0;277;13;262;13;15;11
TE010;15.01.2024;16;1.0;401;26;385;26;16;24
TE010;15.01.2024;17;1.0;379;34;363;35;15;34
TE010;15.01.2024;18;1.0;333;35;315;35;17;37
TE010;15.01.2024;19;1.0;274;36;265;36;9;35
TE010;15.01.2024;20;1.0;209;37;200;37;10;35
TE010;15.01.2024;21;1.0;178;40;169;40;9;39
TE010;15.01.2024;22;1.0;144;41;134;41;10;41
TE010;15.01.2024;23;1.0;108;43;102;43;6;43
TE010;16.01.2024;0;1.0;42;47;37;47;5;49
TE010;16.01.2024;1;1.0;30;45;28;46;2;38
TE010;16.01.2024;2;1.0;39;41;39;41;0;-1
TE010;16.01.2024;3;1.0;29;43;20;42;9;43
TE010;16.01.2024;4;1.0;73;42;64;43;9;39
TE010;16.01.2024;5;1.0;220;39;191;39;29;37
TE010;16.01.2024;6;1.0;333;36;299;36;34;36
TE010;16.01.2024;7;1.0;412;32;384;32;28;32
TE010;16.01.2024;8;1.0;473;32;468;32;5;33
TE010;16.01.2024;9;1.0;435;34;423;34;12;36
TE010;16.01.2024;10;1.0;362;35;351;35;11;34
TE010;16.01.2024;11;1.0;423;37;404;37;19;37
TE010;16.01.2024;12;1.0;416;37;396;37;20;36
TE010;16.01.2024;13;1.0;413;29;384;29;29;27
TE010;16.01.2024;14;1.0;465;25;445;25;20;26
TE010;16.01.2024;15;1.0;375;18;359;18;16;18
TE010;16.01.2024;16;1.0;369;24;358;24;11;22
TE010;16.01.2024;17;1.0;475;35;464;35;11;36
TE010;16.01.2024;18;1.0;417;36;406;36;11;35
TE010;16.01.2024;19;1.0;332;38;319;38;13;36
TE010;16.01.2024;20;1.0;208;40;197;40;11;39
TE010;16.01.2024;21;1.0;185;37;176;37;10;36
TE010;16.01.2024;22;1.0;142;42;133;42;9;41
TE010;16.01.2024;23;1.0;115;38;105;38;10;36
TE010;17.01.2024;0;1.0;50;45;48;45;2;36
TE010;17.01.2024;1;1.0;38;44;36;45;2;37
TE010;17.01.2024;2;1.0;45;42;42;42;3;44
TE010;17.01.2024;3;1.0;47;43;36;43;11;44
TE010;17.01.2024;4;1.0;82;44;73;44;9;43
TE010;17.01.2024;5;1.0;216;43;193;43;23;43
TE010;17.01.2024;6;1.0;347;39;321;39;26;39
TE010;17.01.2024;7;1.0;405;36;368;36;37;37
TE010;17.01.2024;8;1.0;451;37;404;37;47;37
TE010;17.01.2024;9;1.0;378;37;333;37;45;36
TE010;17.01.2024;10;1.0;368;36;336;37;32;36
TE010;17.01.2024;11;1.0;410;36;380;36;30;35
TE010;17.01.2024;12;1.0;459;35;407;35;52;36
TE010;17.01.2024;13;1.0;412;37;375;37;37;36
TE010;17.01.2024;14;1.0;484;29;448;29;36;30
TE010;17.01.2024;15;1.0;431;21;419;21;12;20
TE010;17.01.2024;16;1.0;480;29;466;29;14;28
TE010;17.01.2024;17;1.0;419;33;405;33;14;32
TE010;17.01.2024;18;1.0;418;34;407;34;11;34
TE010;17.01.2024;19;1.0;277;35;266;35;11;35
TE010;17.01.2024;20;1.0;199;39;190;39;9;38
TE010;17.01.2024;21;1.0;161;41;152;41;9;39
TE010;17.01.2024;22;1.0;136;41;125;42;11;40
TE010;17.01.2024;23;1.0;101;43;97;43;4;42
TE010;18.01.2024;0;1.0;57;47;54;48;3;41
TE010;18.01.2024;1;1.0;45;48;43;49;2;41
TE010;18.01.2024;2;1.0;23;45;22;45;1;41
TE010;18.01.2024;3;1.0;40;44;37;44;3;46
TE010;18.01.2024;4;1.0;85;43;78;43;7;42
TE010;18.01.2024;5;1.0;223;43;207;43;16;45
TE010;18.01.2024;6;1.0;326;41;305;41;21;42
TE010;18.01.2024;7;1.0;424;37;406;37;18;37
TE010;18.01.2024;8;1.0;466;38;447;38;19;38
TE010;18.01.2024;9;1.0;401;34;377;34;24;35
TE010;18.01.2024;10;1.0;379;34;343;34;36;34
TE010;18.01.2024;11;1.0;417;34;383;34;34;33
TE010;18.01.2024;12;1.0;435;33;398;33;37;32
TE010;18.01.2024;13;1.0;400;34;358;34;43;34
TE010;18.01.2024;14;1.0;418;25;397;26;21;21
TE010;18.01.2024;15;1.0;358;17;339;17;19;18
TE010;18.01.2024;16;1.0;400;25;389;25;11;20
TE010;18.01.2024;17;1.0;482;35;461;35;21;35
TE010;18.01.2024;18;1.0;387;36;374;36;13;36
TE010;18.01.2024;19;1.0;314;38;300;38;14;35
TE010;18.01.2024;20;1.0;220;38;211;38;9;38
TE010;18.01.2024;21;1.0;187;38;176;38;11;38
TE010;18.01.2024;22;1.0;165;39;156;39;9;38
TE010;18.01.2024;23;1.0;112;40;106;41;6;37
TE010;19.01.2024;0;1.0;55;45;52;45;3;39
TE010;19.01.2024;1;1.0;32;45;30;46;2;30
TE010;19.01.2024;2;1.0;31;50;29;51;2;36
TE010;19.01.2024;3;1.0;42;46;38;46;4;43
TE010;19.01.2024;4;1.0;79;43;72;43;7;44
TE010;19.01.2024;5;1.0;199;40;189;40;10;42
TE010;19.01.2024;6;1.0;302;38;286;38;16;37
TE010;19.01.2024;7;1.0;368;37;352;37;16;38
TE010;19.01.2024;8;1.0;452;35;433;35;19;34
TE010;19.01.2024;9;1.0;368;29;347;29;22;29
TE010;19.01.2024;10;1.0;393;31;373;31;20;30
TE010;19.01.2024;11;1.0;423;31;406;31;17;32
TE010;19.01.2024;12;1.0;484;32;452;32;32;31
TE010;19.01.2024;13;1.0;491;31;464;31;27;32
TE010;19.01.2024;14;1.0;448;24;427;24;21;23
TE010;19.01.2024;15;1.0;479;20;460;20;19;22
TE010;19.01.2024;16;1.0;399;22;387;22;12;19
TE010;19.01.2024;17;1.0;417;34;405;34;12;34
TE010;19.01.2024;18;1.0;370;36;359;36;11;36
TE010;19.01.2024;19;1.0;318;33;303;34;15;32
TE010;19.01.2024;20;1.0;199;35;185;35;14;35
TE010;19.01.2024;21;1.0;163;36;153;36;10;35
TE010;19.01.2024;22;1.0;151;36;140;36;11;37
TE010;19.01.2024;23;1.0;138;38;134;38;4;38
TE010;20.01.2024;0;1.0;85;39;82;39;3;34
TE010;20.01.2024;1;1.0;52;40;50;40;2;34
TE010;20.01.2024;2;1.0;62;42;60;42;2;34
TE010;20.01.2024;3;1.0;33;40;28;41;5;38
TE010;20.01.2024;4;1.0;47;43;46;43;1;37
TE010;20.01.2024;5;1.0;65;40;59;41;6;35
TE010;20.01.2024;6;1.0;89;38;87;38;2;36
TE010;20.01.2024;7;1.0;149;36;145;36;4;36
TE010;20.01.2024;8;1.0;190;36;180;36;10;35
TE010;20.01.2024;9;1.0;282;35;270;35;12;33
TE010;20.01.2024;10;1.0;343;31;333;31;10;30
TE010;20.01.2024;11;1.0;415;31;401;31;13;31
TE010;20.01.2024;12;1.0;388;30;377;30;11;29
TE010;20.01.2024;13;1.0;429;30;415;30;14;31
TE010;20.01.2024;14;1.0;436;33;422;33;14;31
TE010;20.01.2024;15;1.0;393;33;380;33;13;31
TE010;20.01.2024;16;1.0;353;33;344;33;9;34
TE010;20.01.2024;17;1.0;315;33;303;33;12;32
TE010;20.01.2024;18;1.0;328;35;317;35;11;36
TE010;20.01.2024;19;1.0;266;33;259;33;7;34
TE010;20.01.2024;20;1.0;197;36;188;36;9;35
TE010;20.01.2024;21;1.0;155;36;146;36;9;36
TE010;20.01.2024;22;1.0;135;36;126;36;9;35
TE010;20.01.2024;23;1.0;168;36;164;36;4;34
TE010;21.01.2024;0;1.0;99;38;96;37;3;41
TE010;21.01.2024;1;1.0;82;41;80;41;2;34
TE010;21.01.2024;2;1.0;54;41;52;41;2;34
TE010;21.01.2024;3;1.0;54;46;52;46;2;34
TE010;21.01.2024;4;1.0;21;41;19;42;2;35
TE010;21.01.2024;5;1.0;36;42;33;41;3;52
TE010;21.01.2024;6;1.0;43;43;37;43;6;40
TE010;21.01.2024;7;1.0;53;40;50;40;3;43
TE010;21.01.2024;8;1.0;76;39;73;39;3;42
TE010;21.01.2024;9;1.0;168;36;164;36;4;41
TE010;21.01.2024;10;1.0;235;34;225;34;10;34
TE010;21.01.2024;11;1.0;301;34;292;34;9;33
TE010;21.01.2024;12;1.0;316;35;307;35;9;35
TE010;21.01.2024;13;1.0;310;33;298;33;12;29
TE010;21.01.2024;14;1.0;331;37;319;37;12;38
TE010;21.01.2024;15;1.0;289;36;278;36;11;35
TE010;21.01.2024;16;1.0;252;36;243;36;9;36
TE010;21.01.2024;17;1.0;237;36;227;36;10;36
TE010;21.01.2024;18;1.0;251;36;241;36;10;36
TE010;21.01.2024;19;1.0;180;38;171;38;9;40
TE010;21.01.2024;20;1.0;148;37;141;37;7;37
TE010;21.01.2024;21;1.0;131;39;124;39;7;39
TE010;21.01.2024;22;1.0;91;39;85;40;6;34
TE010;21.01.2024;23;1.0;58;40;54;41;4;33
TE010;22.01.2024;0;1.0;51;43;49;43;2;32
TE010;22.01.2024;1;1.0;29;43;26;44;3;30
TE010;22.01.2024;2;1.0;29;39;27;40;2;35
TE010;22.01.2024;3;1.0;49;43;42;42;7;46
TE010;22.01.2024;4;1.0;76;39;66;40;10;38
TE010;22.01.2024;5;1.0;211;36;195;36;15;40
TE010;22.01.2024;6;1.0;326;33;295;33;32;32
TE010;22.01.2024;7;1.0;436;30;369;31;68;27
TE010;22.01.2024;8;1.0;446;32;394;32;52;33
TE010;22.01.2024;9;1.0;398;34;372;34;26;32
TE010;22.01.2024;10;1.0;396;35;378;35;18;35
TE010;22.01.2024;11;1.0;356;34;301;34;55;34
TE010;22.01.2024;12;1.0;394;34;343;35;51;34
TE010;22.01.2024;13;1.0;413;34;386;34;27;33
TE010;22.01.2024;14;1.0;413;27;380;27;33;27
TE010;22.01.2024;15;1.0;290;18;257;18;33;16
TE010;22.01.2024;16;1.0;376;16;343;17;34;12
TE010;22.01.2024;18;1.0;412;32;383;32;29;32
TE010;22.01.2024;19;1.0;278;34;261;34;17;36
TE010;22.01.2024;20;1.0;171;38;159;38;12;38
TE010;22.01.2024;21;1.0;174;39;164;39;10;38
TE010;22.01.2024;22;1.0;132;38;120;37;12;37
TE010;22.01.2024;23;1.0;86;41;80;41;6;42
TE010;23.01.2024;0;1.0;50;42;48;42;2;42
TE010;23.01.2024;1;1.0;33;39;29;40;4;37
TE010;23.01.2024;2;1.0;29;44;26;43;3;46
TE010;23.01.2024;3;1.0;31;42;29;41;2;51
TE010;23.01.2024;4;1.0;63;38;55;38;8;38
TE010;23.01.2024;5;1.0;193;38;183;38;10;39
TE010;23.01.2024;6;1.0;315;38;299;38;16;38
TE010;23.01.2024;7;1.0;436;35;417;35;19;36
TE010;23.01.2024;8;1.0;399;26;379;26;20;25
TE010;23.01.2024;9;1.0;379;34;344;34;35;33
TE010;23.01.2024;10;1.0;433;35;391;35;42;34
TE010;23.01.2024;11;1.0;421;34;367;34;54;34
TE010;23.01.2024;12;1.0;445;34;411;34;34;34
TE010;23.01.2024;13;1.0;440;35;418;35;22;36
TE010;23.01.2024;14;1.0;453;24;418;25;35;23
TE010;23.01.2024;15;1.0;316;13;296;13;20;12
TE010;23.01.2024;16;1.0;365;16;338;16;27;14
TE010;23.01.2024;17;1.0;485;32;470;32;15;31
TE010;23.01.2024;18;1.0;416;32;399;32;17;32
TE010;23.01.2024;19;1.0;317;32;300;32;17;31
TE010;23.01.2024;20;1.0;206;34;195;34;11;34
TE010;23.01.2024;21;1.0;189;32;178;32;11;31
TE010;23.01.2024;23;1.0;89;41;84;41;5;40
TE010;24.01.2024;0;1.0;40;48;38;49;2;38
TE010;24.01.2024;1;1.0;33;44;31;45;2;36
TE010;24.01.2024;2;1.0;31;44;30;44;1;37
TE010;24.01.2024;3;1.0;48;47;45;47;3;37
TE010;24.01.2024;4;1.0;82;41;71;41;11;40
TE010;24.01.2024;5;1.0;228;40;204;40;24;40
TE010;24.01.2024;6;1.0;334;37;300;37;34;36
TE010;24.01.2024;7;1.0;443;32;398;32;45;32
TE010;24.01.2024;8;1.0;507;30;470;30;37;31
TE010;24.01.2024;9;1.0;422;33;378;33;44;33
TE010;24.01.2024;10;1.0;403;33;375;33;27;33
TE010;24.01.2024;11;1.0;427;32;383;32;44;32
TE010;24.01.2024;12;1.0;414;34;370;34;44;34
TE010;24.01.2024;13;1.0;422;33;376;33;46;33
TE010;24.01.2024;14;1.0;310;18;272;18;38;20
TE010;24.01.2024;15;1.0;319;17;287;18;32;18
TE010;24.01.2024;16;1.0;382;23;347;23;35;23
TE010;24.01.2024;17;1.0;497;32;445;32;52;31
TE010;24.01.2024;18;1.0;465;34;432;34;33;33
TE010;24.01.2024;19;1.0;348;36;329;36;19;36
TE010;24.01.2024;20;1.0;253;37;234;37;19;37
TE010;24.01.2024;21;1.0;182;32;170;33;12;31
TE010;24.01.2024;22;1.0;149;37;134;37;15;38
TE010;24.01.2024;23;1.0;117;38;107;38;10;35
TE010;25.01.2024;0;1.0;53;40;47;40;6;38
TE010;25.01.2024;1;1.0;50;41;44;41;6;41
TE010;25.01.2024;2;1.0;32;43;30;43;2;31
TE010;25.01.2024;3;1.0;44;39;35;39;9;38
TE010;25.01.2024;4;1.0;87;38;69;38;19;38
TE010;25.01.2024;5;1.0;196;35;172;35;24;34
TE010;25.01.2024;6;1.0;328;33;304;33;24;33
TE010;25.01.2024;7;1.0;466;31;437;31;29;29
TE010;25.01.2024;8;1.0;383;25;356;25;27;27
TE010;25.01.2024;9;1.0;345;34;306;34;39;33
TE010;25.01.2024;10;1.0;416;34;388;34;28;34
TE010;25.01.2024;11;1.0;441;32;408;32;33;33
TE010;25.01.2024;12;1.0;442;24;388;23;53;27
TE010;25.01.2024;13;1.0;365;29;339;29;26;32
TE010;25.01.2024;14;1.0;390;19;356;18;34;20
TE010;25.01.2024;15;1.0;333;17;321;17;12;16
TE010;25.01.2024;16;1.0;323;15;300;15;23;11
TE010;25.01.2024;17;1.0;437;27;424;27;13;24
TE010;25.01.2024;18;1.0;478;36;464;36;14;35
TE010;25.01.2024;19;1.0;347;37;333;37;14;36
TE010;25.01.2024;20;1.0;247;39;232;39;15;38
TE010;25.01.2024;21;1.0;206;39;189;39;17;39
TE010;25.01.2024;22;1.0;181;34;161;34;20;34
TE010;25.01.2024;23;1.0;129;36;121;36;8;34
TE010;26.01.2024;0;1.0;55;39;49;39;6;38
TE010;26.01.2024;1;1.0;40;33;38;33;2;34
TE010;26.01.2024;2;1.0;41;36;40;36;1;35
TE010;26.01.2024;3;1.0;56;39;46;40;10;37
TE010;26.01.2024;4;1.0;78;39;69;39;9;35
TE010;26.01.2024;5;1.0;193;40;162;40;31;40
TE010;26.01.2024;6;1.0;353;40;315;41;38;40
TE010;26.01.2024;7;1.0;429;35;387;35;42;35
TE010;26.01.2024;8;1.0;419;32;386;32;33;32
TE010;26.01.2024;9;1.0;372;38;347;38;25;37
TE010;26.01.2024;10;1.0;436;36;407;36;29;38
TE010;26.01.2024;11;1.0;485;34;443;34;42;33
TE010;26.01.2024;12;1.0;500;30;466;30;34;29
TE010;26.01.2024;13;1.0;405;23;387;23;18;30
TE010;26.01.2024;14;1.0;376;18;360;18;16;17
TE010;26.01.2024;15;1.0;351;21;299;19;52;30
TE010;26.01.2024;16;1.0;449;31;427;31;22;30
TE010;26.01.2024;17;1.0;470;32;448;32;22;32
TE010;26.01.2024;18;1.0;431;36;406;36;25;37
TE010;26.01.2024;19;1.0;308;37;295;37;13;37
TE010;26.01.2024;20;1.0;248;36;234;36;14;35
TE010;26.01.2024;21;1.0;163;37;146;37;17;36
TE010;26.01.2024;22;1.0;173;35;160;35;13;34
TE010;26.01.2024;23;1.0;162;38;150;38;12;38
TE010;27.01.2024;0;1.0;96;41;89;41;7;38
TE010;27.01.2024;1;1.0;57;42;50;43;7;35
TE010;27.01.2024;2;1.0;64;42;56;42;8;41
TE010;27.01.2024;3;1.0;58;42;50;42;8;43
TE010;27.01.2024;4;1.0;49;42;42;42;7;42
TE010;27.01.2024;5;1.0;69;38;58;38;11;36
TE010;27.01.2024;6;1.0;99;43;93;43;6;42
TE010;27.01.2024;7;1.0;126;40;119;40;7;39
TE010;27.01.2024;8;1.0;232;40;216;40;16;39
TE010;27.01.2024;9;1.0;303;37;285;37;18;36
TE010;27.01.2024;10;1.0;387;35;356;36;31;35
TE010;27.01.2024;11;1.0;445;36;426;36;19;36
TE010;27.01.2024;12;1.0;439;36;421;36;18;35
TE010;27.01.2024;13;1.0;406;36;393;36;13;35
TE010;27.01.2024;14;1.0;467;33;438;33;29;32
TE010;27.01.2024;15;1.0;427;35;412;35;15;34
TE010;27.01.2024;16;1.0;390;34;377;33;13;34
TE010;27.01.2024;17;1.0;387;34;372;34;15;33
TE010;27.01.2024;18;1.0;291;31;276;31;15;32
TE010;27.01.2024;19;1.0;299;32;288;32;11;32
TE010;27.01.2024;20;1.0;224;32;208;32;15;33
TE010;27.01.2024;21;1.0;182;35;170;35;12;34
TE010;27.01.2024;22;1.0;197;35;185;35;12;34
TE010;27.01.2024;23;1.0;176;37;164;38;12;37
TE010;28.01.2024;0;1.0;99;40;93;41;6;36
TE010;28.01.2024;1;1.0;83;41;80;41;3;43
TE010;28.01.2024;2;1.0;60;43;52;44;8;39
TE010;28.01.2024;3;1.0;52;40;45;39;7;42
TE010;28.01.2024;4;1.0;42;47;39;47;3;40
TE010;28.01.2024;5;1.0;43;42;36;43;7;39
TE010;28.01.2024;6;1.0;52;43;45;42;7;47
TE010;28.01.2024;7;1.0;65;37;60;37;5;38
TE010;28.01.2024;8;1.0;111;35;101;35;10;34
TE010;28.01.2024;9;1.0;154;34;146;34;8;32
TE010;28.01.2024;10;1.0;282;36;270;36;12;34
TE010;28.01.2024;11;1.0;376;35;360;35;16;35
TE010;28.01.2024;12;1.0;426;36;409;36;17;36
TE010;28.01.2024;13;1.0;411;36;395;36;16;36
TE010;28.01.2024;14;1.0;420;37;385;37;35;38
TE010;28.01.2024;15;1.0;344;35;317;35;27;37
TE010;28.01.2024;16;1.0;293;36;280;36;13;34
TE010;28.01.2024;17;1.0;333;36;316;36;17;37
TE010;28.01.2024;18;1.0;273;36;255;36;18;38
TE010;28.01.2024;19;1.0;214;34;204;34;10;33
TE010;28.01.2024;20;1.0;206;35;196;35;10;36
TE010;28.01.2024;21;1.0;147;36;134;36;13;35
TE010;28.01.2024;22;1.0;106;37;98;37;8;34
TE010;28.01.2024;23;1.0;79;38;70;39;9;35
TE010;29.01.2024;0;1.0;39;37;36;38;3;31
TE010;29.01.2024;1;1.0;38;39;36;39;2;34
TE010;29.01.2024;2;1.0;22;43;20;44;2;30
TE010;29.01.2024;3;1.0;48;36;44;36;4;27
TE010;29.01.2024;4;1.0;71;33;63;34;8;27
TE010;29.01.2024;5;1.0;214;35;200;35;14;32
TE010;29.01.2024;6;1.0;365;39;350;39;15;38
TE010;29.01.2024;7;1.0;477;32;454;32;23;32
TE010;29.01.2024;8;1.0;424;33;400;33;24;32
TE010;29.01.2024;9;1.0;386;34;354;34;32;35
TE010;29.01.2024;10;1.0;402;36;355;36;47;35
TE010;29.01.2024;11;1.0;418;34;374;34;44;34
TE010;29.01.2024;12;1.0;454;35;405;35;49;36
TE010;29.01.2024;13;1.0;429;35;366;35;63;34
TE010;29.01.2024;14;1.0;330;23;296;23;34;20
TE010;29.01.2024;15;1.0;422;29;373;29;49;29
TE010;29.01.2024;16;1.0;424;22;394;22;30;23
TE010;29.01.2024;17;1.0;454;29;430;30;24;28
TE010;29.01.2024;18;1.0;416;34;404;34;12;33
TE010;29.01.2024;19;1.0;323;33;311;33;12;34
TE010;29.01.2024;20;1.0;231;34;216;34;15;35
TE010;29.01.2024;21;1.0;189;36;172;36;17;34
TE010;29.01.2024;22;1.0;146;37;136;37;10;33
TE010;29.01.2024;23;1.0;85;36;79;36;6;37
TE010;30.01.2024;0;1.0;38;39;36;39;2;49
TE010;30.01.2024;1;1.0;33;37;30;37;3;35
TE010;30.01.2024;2;1.0;25;43;22;44;3;39
TE010;30.01.2024;3;1.0;48;42;42;42;6;40
TE010;30.01.2024;4;1.0;71;39;62;39;9;37
TE010;30.01.2024;5;1.0;189;38;175;38;14;39
TE010;30.01.2024;6;1.0;371;38;353;37;18;37
TE010;30.01.2024;7;1.0;455;33;428;33;27;33
TE010;30.01.2024;8;1.0;434;32;415;32;19;33
TE010;30.01.2024;9;1.0;461;33;436;33;25;32
TE010;30.01.2024;10;1.0;425;32;398;33;27;32
TE010;30.01.2024;11;1.0;444;34;403;34;41;34
TE010;30.01.2024;12;1.0;420;34;383;34;37;36
TE010;30.01.2024;13;1.0;395;31;366;32;29;30
TE010;30.01.2024;14;1.0;377;22;341;21;36;23
TE010;30.01.2024;15;1.0;277;12;260;12;17;14
TE010;30.01.2024;16;1.0;404;23;388;23;16;24
TE010;30.01.2024;17;1.0;484;30;464;30;20;28
TE010;30.01.2024;18;1.0;429;33;410;33;19;33
TE010;30.01.2024;19;1.0;327;36;312;36;15;36
TE010;30.01.2024;20;1.0;237;36;224;36;13;36
TE010;30.01.2024;21;1.0;191;38;176;38;15;37
TE010;30.01.2024;22;1.0;147;37;134;37;13;36
TE010;30.01.2024;23;1.0;90;40;84;40;6;41
TE010;31.01.2024;0;1.0;45;43;43;43;2;45
TE010;31.01.2024;1;1.0;29;42;25;43;4;39
TE010;31.01.2024;2;1.0;26;40;22;41;4;34
TE010;31.01.2024;3;1.0;44;42;35;44;9;36
TE010;31.01.2024;4;1.0;68;40;63;41;5;36
TE010;31.01.2024;5;1.0;197;40;181;40;16;37
TE010;31.01.2024;6;1.0;373;34;348;34;25;34
TE010;31.01.2024;7;1.0;437;34;406;34;31;35
TE010;31.01.2024;8;1.0;391;36;367;36;24;37
TE010;31.01.2024;9;1.0;378;36;355;36;23;37
TE010;31.01.2024;10;1.0;375;34;338;35;37;34
TE010;31.01.2024;11;1.0;445;35;407;35;38;35
TE010;31.01.2024;12;1.0;439;36;393;36;46;35
TE010;31.01.2024;13;1.0;458;34;419;34;39;35
TE010;31.01.2024;14;1.0;452;28;410;28;42;28
TE010;31.01.2024;15;1.0;367;16;348;16;19;16
TE010;31.01.2024;16;1.0;307;16;297;16;10;14
TE010;31.01.2024;17;1.0;445;30;428;30;17;28
TE010;31.01.2024;18;1.0;442;36;429;36;13;35
TE010;31.01.2024;19;1.0;345;37;332;37;13;37
TE010;31.01.2024;20;1.0;228;38;217;38;11;38
TE010;31.01.2024;21;1.0;166;41;154;41;12;41
TE010;31.01.2024;22;1.0;162;39;153;39;9;39
TE010;31.01.2024;23;1.0;94;39;91;39;3;38
TE011;01.01.2024;0;1.0;36;40;33;40;3;33
TE011;01.01.2024;1;1.0;175;47;175;47;0;-1
TE011;01.01.2024;2;1.0;174;47;174;47;0;-1
TE011;01.01.2024;3;1.0;121;48;121;48;0;-1
TE011;01.01.2024;4;1.0;83;44;82;44;1;45
TE011;01.01.2024;5;1.0;69;50;68;50;1;45
TE011;01.01.2024;6;1.0;50;56;48;56;2;50
TE011;01.01.2024;7;1.0;35;49;33;48;2;51
TE011;01.01.2024;8;1.0;26;53;21;52;5;55
TE011;01.01.2024;9;1.0;68;50;64;51;4;45
TE011;01.01.2024;10;1.0;128;55;122;55;6;57
TE011;01.01.2024;11;1.0;216;52;208;52;8;49
TE011;01.01.2024;12;1.0;336;51;329;51;7;48
TE011;01.01.2024;13;1.0;428;52;423;52;5;51
TE011;01.01.2024;14;1.0;434;50;429;50;5;54
TE011;01.01.2024;15;1.0;540;50;534;50;6;52
TE011;01.01.2024;16;1.0;547;46;539;46;8;47
TE011;01.01.2024;17;1.0;510;48;504;49;6;48
TE011;01.01.2024;18;1.0;366;53;363;53;3;53
TE011;01.01.2024;19;1.0;290;54;286;54;4;50
TE011;01.01.2024;20;1.0;207;46;204;46;3;53
TE011;01.01.2024;21;1.0;177;53;176;52;1;58
TE011;01.01.2024;22;1.0;116;54;112;53;4;54
TE011;01.01.2024;23;1.0;67;52;64;52;3;48
TE011;02.01.2024;0;1.0;37;51;34;51;3;52
TE011;02.01.2024;1;1.0;40;55;37;55;3;52
TE011;02.01.2024;2;1.0;27;54;23;53;4;63
TE011;02.01.2024;3;1.0;45;50;37;51;8;50
TE011;02.01.2024;4;1.0;162;54;137;54;25;53
TE011;02.01.2024;5;1.0;500;51;475;52;25;50
TE011;02.01.2024;6;1.0;651;53;618;52;33;53
TE011;02.01.2024;7;1.0;770;48;730;48;40;48
TE011;02.01.2024;8;1.0;642;50;625;50;17;50
TE011;02.01.2024;9;1.0;604;49;581;49;23;49
TE011;02.01.2024;10;1.0;452;55;429;55;23;54
TE011;02.01.2024;11;1.0;523;50;506;50;17;51
TE011;02.01.2024;12;1.0;563;45;548;45;15;47
TE011;02.01.2024;13;1.0;595;43;578;43;16;42
TE011;02.01.2024;14;1.0;640;48;616;48;24;50
TE011;02.01.2024;15;1.0;735;52;717;51;18;54
TE011;02.01.2024;16;1.0;732;49;721;49;11;52
TE011;02.01.2024;17;1.0;719;51;711;51;8;51
TE011;02.01.2024;18;1.0;538;55;533;55;5;54
TE011;02.01.2024;19;1.0;362;57;359;57;3;57
TE011;02.01.2024;20;1.0;235;56;232;56;3;56
TE011;02.01.2024;21;1.0;228;55;225;55;3;57
TE011;02.01.2024;22;1.0;185;55;180;56;5;50
TE011;02.01.2024;23;1.0;93;55;84;55;9;58
TE011;03.01.2024;0;1.0;68;58;57;56;11;65
TE011;03.01.2024;1;1.0;40;58;33;58;7;60
TE011;03.01.2024;2;1.0;44;52;40;52;4;52
TE011;03.01.2024;3;1.0;54;54;44;55;10;52
TE011;03.01.2024;4;1.0;163;54;141;54;22;53
TE011;03.01.2024;5;1.0;542;49;510;49;32;51
TE011;03.01.2024;6;1.0;731;50;689;50;42;51
TE011;03.01.2024;7;1.0;797;49;744;49;53;51
TE011;03.01.2024;8;1.0;784;43;733;43;51;45
TE011;03.01.2024;9;1.0;592;44;531;43;60;46
TE011;03.01.2024;10;1.0;609;49;559;49;50;49
TE011;03.01.2024;11;1.0;547;45;509;45;38;45
TE011;03.01.2024;12;1.0;621;46;592;46;29;46
TE011;03.01.2024;13;1.0;674;46;652;46;22;45
TE011;03.01.2024;14;1.0;661;45;634;45;27;46
TE011;03.01.2024;15;1.0;745;35;721;35;24;35
TE011;03.01.2024;16;1.0;752;40;733;40;19;41
TE011;03.01.2024;17;1.0;796;45;785;45;11;44
TE011;03.01.2024;18;1.0;554;47;543;47;11;46
TE011;03.01.2024;19;1.0;383;49;372;49;11;48
TE011;03.01.2024;20;1.0;256;52;241;52;15;50
TE011;03.01.2024;21;1.0;249;53;241;53;8;52
TE011;03.01.2024;22;1.0;217;52;206;52;11;49
TE011;03.01.2024;23;1.0;104;51;99;52;5;46
TE011;04.01.2024;0;1.0;50;52;49;52;1;45
TE011;04.01.2024;1;1.0;62;53;54;53;8;51
TE011;04.01.2024;2;1.0;37;54;35;54;2;56
TE011;04.01.2024;3;1.0;57;52;48;53;9;45
TE011;04.01.2024;4;1.0;168;61;165;61;3;61
TE011;04.01.2024;5;1.0;502;59;485;58;17;60
TE011;04.01.2024;6;1.0;809;56;788;56;21;56
TE011;04.01.2024;7;1.0;888;48;851;48;37;50
TE011;04.01.2024;8;1.0;772;47;705;47;67;46
TE011;04.01.2024;9;1.0;738;46;651;47;87;48
TE011;04.01.2024;10;1.0;527;52;462;51;65;51
TE011;04.01.2024;11;1.0;627;49;540;49;87;50
TE011;04.01.2024;12;1.0;610;50;567;50;43;49
TE011;04.01.2024;13;1.0;600;50;547;50;53;48
TE011;04.01.2024;14;1.0;678;50;636;50;42;49
TE011;04.01.2024;15;1.0;736;34;694;35;42;32
TE011;04.01.2024;16;1.0;673;26;631;26;42;20
TE011;04.01.2024;17;1.0;739;50;714;50;25;50
TE011;04.01.2024;18;1.0;619;51;598;51;21;50
TE011;04.01.2024;19;1.0;366;52;349;52;17;50
TE011;04.01.2024;20;1.0;287;52;277;52;10;52
TE011;04.01.2024;21;1.0;230;53;224;53;6;54
TE011;04.01.2024;22;1.0;181;55;166;55;15;55
TE011;04.01.2024;23;1.0;91;54;86;54;5;55
TE011;05.01.2024;0;1.0;50;57;39;57;11;55
TE011;05.01.2024;1;1.0;42;54;32;53;10;58
TE011;05.01.2024;2;1.0;47;56;40;56;7;53
TE011;05.01.2024;3;1.0;50;59;36;61;14;57
TE011;05.01.2024;4;1.0;167;54;124;55;43;53
TE011;05.01.2024;5;1.0;520;56;459;56;61;56
TE011;05.01.2024;6;1.0;652;51;580;51;72;50
TE011;05.01.2024;7;1.0;764;51;679;51;85;49
TE011;05.01.2024;8;1.0;651;48;626;49;25;46
TE011;05.01.2024;9;1.0;629;50;605;50;24;45
TE011;05.01.2024;10;1.0;614;50;560;50;54;49
TE011;05.01.2024;11;1.0;544;45;494;46;50;46
TE011;05.01.2024;12;1.0;612;46;556;46;56;42
TE011;05.01.2024;13;1.0;607;50;569;50;38;50
TE011;05.01.2024;14;1.0;662;47;625;47;37;46
TE011;05.01.2024;15;1.0;726;41;672;40;54;44
TE011;05.01.2024;16;1.0;726;48;697;48;29;47
TE011;05.01.2024;17;1.0;729;51;706;51;23;51
TE011;05.01.2024;18;1.0;597;53;583;53;14;52
TE011;05.01.2024;19;1.0;382;53;366;53;16;53
TE011;05.01.2024;20;1.0;332;54;324;54;8;56
TE011;05.01.2024;21;1.0;264;58;250;58;14;57
TE011;05.01.2024;22;1.0;209;59;199;59;10;56
TE011;05.01.2024;23;1.0;135;57;133;57;2;60
TE011;06.01.2024;0;1.0;99;58;94;58;5;62
TE011;06.01.2024;1;1.0;73;51;70;50;3;56
TE011;06.01.2024;2;1.0;48;45;43;45;5;44
TE011;06.01.2024;3;1.0;56;52;53;53;3;47
TE011;06.01.2024;4;1.0;82;53;59;52;23;57
TE011;06.01.2024;5;1.0;133;59;105;58;28;58
TE011;06.01.2024;6;1.0;105;57;85;58;20;55
TE011;06.01.2024;7;1.0;150;57;129;57;21;57
TE011;06.01.2024;8;1.0;203;57;181;57;22;58
TE011;06.01.2024;9;1.0;325;54;298;53;27;56
TE011;06.01.2024;10;1.0;437;51;422;51;15;52
TE011;06.01.2024;11;1.0;534;53;515;53;19;54
TE011;06.01.2024;12;1.0;558;51;543;50;15;52
TE011;06.01.2024;13;1.0;605;52;589;52;16;52
TE011;06.01.2024;14;1.0;609;50;584;50;25;51
TE011;06.01.2024;15;1.0;605;52;597;52;8;53
TE011;06.01.2024;16;1.0;581;50;566;50;15;49
TE011;06.01.2024;17;1.0;571;52;560;52;11;52
TE011;06.01.2024;18;1.0;447;51;440;51;7;52
TE011;06.01.2024;19;1.0;350;54;339;54;11;53
TE011;06.01.2024;20;1.0;295;54;292;54;3;56
TE011;06.01.2024;21;1.0;270;53;268;53;2;52
TE011;06.01.2024;22;1.0;200;54;192;54;8;49
TE011;06.01.2024;23;1.0;158;56;151;56;7;55
TE011;07.01.2024;0;1.0;101;56;95;56;6;53
TE011;07.01.2024;1;1.0;64;57;63;57;1;56
TE011;07.01.2024;2;1.0;43;54;43;54;0;-1
TE011;07.01.2024;3;1.0;23;57;22;56;1;59
TE011;07.01.2024;4;1.0;25;53;24;53;1;59
TE011;07.01.2024;5;1.0;56;49;54;49;2;51
TE011;07.01.2024;6;1.0;42;49;40;49;2;45
TE011;07.01.2024;7;1.0;57;50;52;49;5;48
TE011;07.01.2024;8;1.0;88;58;85;58;3;53
TE011;07.01.2024;9;1.0;226;59;218;59;8;49
TE011;07.01.2024;10;1.0;271;56;268;56;3;62
TE011;07.01.2024;11;1.0;299;56;292;56;7;58
TE011;07.01.2024;12;1.0;455;53;448;53;7;55
TE011;07.01.2024;13;1.0;507;54;497;54;10;56
TE011;07.01.2024;14;1.0;588;53;584;54;4;52
TE011;07.01.2024;15;1.0;589;54;583;54;6;54
TE011;07.01.2024;16;1.0;578;55;570;55;8;57
TE011;07.01.2024;17;1.0;542;52;535;52;7;54
TE011;07.01.2024;18;1.0;404;51;399;51;5;56
TE011;07.01.2024;19;1.0;341;57;337;57;4;55
TE011;07.01.2024;20;1.0;263;57;255;56;8;57
TE011;07.01.2024;21;1.0;187;51;175;51;12;52
TE011;07.01.2024;22;1.0;118;49;112;49;6;51
TE011;07.01.2024;23;1.0;86;49;79;49;7;47
TE011;08.01.2024;0;1.0;57;50;51;50;6;57
TE011;08.01.2024;1;1.0;41;48;31;49;10;47
TE011;08.01.2024;2;1.0;48;51;42;50;6;54
TE011;08.01.2024;3;1.0;57;48;45;47;12;51
TE011;08.01.2024;4;1.0;191;50;151;50;40;51
TE011;08.01.2024;5;1.0;599;49;562;49;37;48
TE011;08.01.2024;6;1.0;754;47;725;47;29;48
TE011;08.01.2024;7;1.0;379;38;354;38;25;36
TE011;08.01.2024;8;1.0;726;33;695;33;31;31
TE011;08.01.2024;9;1.0;563;39;533;39;30;38
TE011;08.01.2024;10;1.0;430;35;406;36;24;34
TE011;08.01.2024;11;1.0;480;41;454;41;26;37
TE011;08.01.2024;12;1.0;486;39;456;40;30;38
TE011;08.01.2024;13;1.0;501;41;468;41;33;40
TE011;08.01.2024;14;1.0;575;42;538;42;37;41
TE011;08.01.2024;15;1.0;581;41;556;41;25;42
TE011;08.01.2024;16;1.0;637;30;609;31;28;30
TE011;08.01.2024;17;1.0;694;37;670;38;24;30
TE011;08.01.2024;18;1.0;529;44;509;44;20;40
TE011;08.01.2024;19;1.0;371;45;355;45;16;46
TE011;08.01.2024;20;1.0;259;47;253;47;6;48
TE011;08.01.2024;21;1.0;215;46;211;47;4;46
TE011;08.01.2024;22;1.0;229;47;222;47;7;46
TE011;08.01.2024;23;1.0;79;48;73;48;6;48
TE011;09.01.2024;0;1.0;56;48;51;48;5;46
TE011;09.01.2024;1;1.0;36;52;32;52;4;44
TE011;09.01.2024;2;1.0;41;52;37;51;4;54
TE011;09.01.2024;3;1.0;96;54;88;54;8;52
TE011;09.01.2024;4;1.0;191;52;171;52;20;54
TE011;09.01.2024;5;1.0;606;47;582;47;24;50
TE011;09.01.2024;6;1.0;960;45;920;45;40;45
TE011;09.01.2024;7;1.0;988;38;939;38;49;39
TE011;09.01.2024;8;1.0;720;17;670;18;50;15
TE011;09.01.2024;9;1.0;759;29;682;29;77;28
TE011;09.01.2024;10;1.0;611;41;571;41;40;43
TE011;09.01.2024;11;1.0;561;40;523;40;38;40
TE011;09.01.2024;12;1.0;553;41;511;41;42;41
TE011;09.01.2024;13;1.0;644;41;593;42;51;40
TE011;09.01.2024;14;1.0;730;29;679;29;51;31
TE011;09.01.2024;15;1.0;554;15;517;15;37;16
TE011;09.01.2024;16;1.0;532;12;507;12;25;12
TE011;09.01.2024;17;1.0;732;30;703;31;29;24
TE011;09.01.2024;18;1.0;642;45;624;45;18;44
TE011;09.01.2024;19;1.0;381;47;368;47;13;47
TE011;09.01.2024;20;1.0;276;47;269;47;7;40
TE011;09.01.2024;21;1.0;244;51;237;51;7;52
TE011;09.01.2024;22;1.0;238;51;225;51;13;52
TE011;09.01.2024;23;1.0;101;49;94;50;7;44
TE011;10.01.2024;0;1.0;57;53;54;53;3;45
TE011;10.01.2024;1;1.0;41;54;38;54;3;49
TE011;10.01.2024;2;1.0;51;53;46;54;5;45
TE011;10.01.2024;3;1.0;63;58;56;59;7;54
TE011;10.01.2024;4;1.0;173;56;156;56;17;56
TE011;10.01.2024;5;1.0;675;51;649;51;26;50
TE011;10.01.2024;6;1.0;1015;48;975;48;40;51
TE011;10.01.2024;7;1.0;1002;25;956;25;46;27
TE011;10.01.2024;8;1.0;704;16;659;15;45;16
TE011;10.01.2024;9;1.0;744;36;678;36;66;31
TE011;10.01.2024;10;1.0;638;40;605;40;33;39
TE011;10.01.2024;11;1.0;605;39;578;39;27;40
TE011;10.01.2024;12;1.0;581;38;547;38;34;38
TE011;10.01.2024;13;1.0;631;40;588;40;43;41
TE011;10.01.2024;14;1.0;630;32;591;32;39;33
TE011;10.01.2024;15;1.0;661;14;616;14;45;14
TE011;10.01.2024;16;1.0;590;14;559;14;31;14
TE011;10.01.2024;17;1.0;817;32;780;32;37;25
TE011;10.01.2024;18;1.0;716;43;702;43;14;42
TE011;10.01.2024;19;1.0;426;45;414;45;12;46
TE011;10.01.2024;20;1.0;306;47;296;47;10;46
TE011;10.01.2024;21;1.0;256;50;248;50;8;49
TE011;10.01.2024;22;1.0;248;50;236;50;12;50
TE011;10.01.2024;23;1.0;88;52;83;52;5;55
TE011;11.01.2024;0;1.0;61;48;56;49;5;46
TE011;11.01.2024;1;1.0;49;53;45;54;4;52
TE011;11.01.2024;2;1.0;31;53;27;53;4;50
TE011;11.01.2024;3;1.0;62;59;58;59;4;59
TE011;11.01.2024;4;1.0;198;57;186;58;12;56
TE011;11.01.2024;5;1.0;638;56;615;56;23;56
TE011;11.01.2024;6;1.0;974;51;946;51;28;53
TE011;11.01.2024;7;1.0;830;17;804;17;26;18
TE011;11.01.2024;8;1.0;610;16;594;16;16;12
TE011;11.01.2024;9;1.0;470;17;454;17;16;14
TE011;11.01.2024;10;1.0;591;43;545;43;46;45
TE011;11.01.2024;11;1.0;630;45;569;45;60;44
TE011;11.01.2024;12;1.0;593;49;559;49;34;49
TE011;11.01.2024;13;1.0;679;42;646;42;33;40
TE011;11.01.2024;14;1.0;704;43;670;43;34;42
TE011;11.01.2024;15;1.0;789;39;758;39;31;40
TE011;11.01.2024;16;1.0;886;48;868;48;18;47
TE011;11.01.2024;17;1.0;856;41;847;41;9;42
TE011;11.01.2024;18;1.0;712;48;709;48;3;48
TE011;11.01.2024;19;1.0;432;53;428;53;4;52
TE011;11.01.2024;20;1.0;299;53;293;53;6;50
TE011;11.01.2024;21;1.0;266;58;260;58;6;60
TE011;11.01.2024;22;1.0;215;57;210;56;5;61
TE011;11.01.2024;23;1.0;86;58;78;58;8;54
TE011;12.01.2024;0;1.0;63;57;58;57;5;58
TE011;12.01.2024;1;1.0;25;56;22;56;3;57
TE011;12.01.2024;2;1.0;40;58;32;59;8;58
TE011;12.01.2024;3;1.0;65;63;59;63;6;62
TE011;12.01.2024;4;1.0;168;59;162;59;6;64
TE011;12.01.2024;5;1.0;575;56;567;56;8;55
TE011;12.01.2024;6;1.0;355;56;349;56;6;58
TE011;12.01.2024;7;1.0;83;47;79;46;4;51
TE011;12.01.2024;8;1.0;73;45;69;45;4;42
TE011;12.01.2024;9;1.0;69;44;67;44;2;53
TE011;12.01.2024;10;1.0;60;49;55;49;5;54
TE011;12.01.2024;11;1.0;76;43;74;43;2;44
TE011;12.01.2024;12;1.0;71;31;68;31;3;25
TE011;12.01.2024;13;1.0;77;38;73;39;4;34
TE011;12.01.2024;14;1.0;85;46;83;46;2;36
TE011;12.01.2024;15;1.0;61;50;59;50;2;46
TE011;12.01.2024;16;1.0;117;49;112;49;5;50
TE011;12.01.2024;17;1.0;245;50;240;50;5;52
TE011;12.01.2024;18;1.0;503;53;497;53;6;55
TE011;12.01.2024;19;1.0;399;55;392;55;7;53
TE011;12.01.2024;20;1.0;311;54;307;54;4;51
TE011;12.01.2024;21;1.0;252;55;248;55;4;50
TE011;12.01.2024;22;1.0;216;57;213;57;3;49
TE011;12.01.2024;23;1.0;143;54;136;55;7;52
TE011;13.01.2024;0;1.0;63;57;57;57;6;63
TE011;13.01.2024;1;1.0;56;56;52;56;4;55
TE011;13.01.2024;2;1.0;44;58;40;58;4;58
TE011;13.01.2024;3;1.0;43;58;43;58;0;-1
TE011;13.01.2024;4;1.0;72;57;70;57;2;50
TE011;13.01.2024;5;1.0;141;59;133;59;8;60
TE011;13.01.2024;6;1.0;120;58;116;58;4;58
TE011;13.01.2024;7;1.0;151;58;143;58;8;56
TE011;13.01.2024;8;1.0;191;60;187;60;4;60
TE011;13.01.2024;9;1.0;332;56;326;56;6;58
TE011;13.01.2024;10;1.0;437;51;427;51;10;50
TE011;13.01.2024;11;1.0;502;52;490;52;12;51
TE011;13.01.2024;12;1.0;598;50;584;50;14;49
TE011;13.01.2024;13;1.0;624;52;611;52;13;50
TE011;13.01.2024;14;1.0;660;52;646;52;14;53
TE011;13.01.2024;15;1.0;635;50;627;50;8;48
TE011;13.01.2024;16;1.0;573;49;566;49;7;53
TE011;13.01.2024;17;1.0;509;52;507;52;2;52
TE011;13.01.2024;18;1.0;453;54;451;54;2;53
TE011;13.01.2024;19;1.0;323;56;317;56;6;54
TE011;13.01.2024;20;1.0;263;53;260;53;3;54
TE011;13.01.2024;21;1.0;186;59;182;59;4;58
TE011;13.01.2024;22;1.0;205;56;201;56;4;56
TE011;13.01.2024;23;1.0;148;55;141;55;7;52
TE011;14.01.2024;0;1.0;80;57;74;57;6;53
TE011;14.01.2024;1;1.0;52;60;52;60;0;-1
TE011;14.01.2024;2;1.0;57;49;57;49;0;-1
TE011;14.01.2024;3;1.0;32;48;31;48;1;35
TE011;14.01.2024;4;1.0;32;55;31;55;1;66
TE011;14.01.2024;5;1.0;78;54;75;54;3;59
TE011;14.01.2024;6;1.0;49;58;48;58;1;64
TE011;14.01.2024;7;1.0;46;57;43;57;3;63
TE011;14.01.2024;8;1.0;105;60;101;59;4;63
TE011;14.01.2024;9;1.0;214;59;208;58;6;56
TE011;14.01.2024;10;1.0;313;57;310;57;3;55
TE011;14.01.2024;11;1.0;376;55;367;55;9;53
TE011;14.01.2024;12;1.0;421;51;416;51;5;50
TE011;14.01.2024;13;1.0;524;53;518;53;6;55
TE011;14.01.2024;14;1.0;617;50;609;50;8;49
TE011;14.01.2024;15;1.0;629;53;622;53;7;53
TE011;14.01.2024;16;1.0;596;50;591;50;5;48
TE011;14.01.2024;17;1.0;555;54;547;54;8;52
TE011;14.01.2024;18;1.0;424;56;422;56;2;59
TE011;14.01.2024;19;1.0;343;57;338;58;5;53
TE011;14.01.2024;20;1.0;278;57;273;57;5;56
TE011;14.01.2024;21;1.0;203;59;197;59;6;58
TE011;14.01.2024;22;1.0;141;61;137;61;4;60
TE011;14.01.2024;23;1.0;68;58;57;59;11;57
TE011;15.01.2024;0;1.0;64;56;61;57;3;57
TE011;15.01.2024;1;1.0;26;47;25;46;1;52
TE011;15.01.2024;2;1.0;40;56;35;55;5;61
TE011;15.01.2024;3;1.0;66;41;63;40;3;66
TE011;15.01.2024;4;1.0;178;58;162;58;16;58
TE011;15.01.2024;5;1.0;625;53;603;53;22;60
TE011;15.01.2024;6;1.0;1047;46;1021;46;26;46
TE011;15.01.2024;7;1.0;918;25;889;25;29;29
TE011;15.01.2024;8;1.0;774;23;758;24;16;15
TE011;15.01.2024;9;1.0;567;16;543;16;24;15
TE011;15.01.2024;10;1.0;461;46;438;46;23;50
TE011;15.01.2024;11;1.0;498;50;460;50;38;52
TE011;15.01.2024;12;1.0;554;46;513;46;41;49
TE011;15.01.2024;13;1.0;606;47;565;47;41;48
TE011;15.01.2024;14;1.0;658;46;603;46;55;47
TE011;15.01.2024;15;1.0;604;22;579;22;25;24
TE011;15.01.2024;16;1.0;657;31;632;31;26;30
TE011;15.01.2024;17;1.0;701;50;678;50;23;49
TE011;15.01.2024;18;1.0;548;53;538;53;10;54
TE011;15.01.2024;19;1.0;358;52;345;52;13;50
TE011;15.01.2024;20;1.0;250;52;243;52;7;48
TE011;15.01.2024;21;1.0;245;55;236;55;9;56
TE011;15.01.2024;22;1.0;181;57;171;57;10;55
TE011;15.01.2024;23;1.0;93;57;83;57;10;56
TE011;16.01.2024;0;1.0;53;56;46;56;7;51
TE011;16.01.2024;1;1.0;55;56;51;57;4;52
TE011;16.01.2024;2;1.0;29;59;25;62;4;41
TE011;16.01.2024;3;1.0;33;48;22;47;11;50
TE011;16.01.2024;4;1.0;160;53;131;53;29;54
TE011;16.01.2024;5;1.0;534;47;496;47;38;46
TE011;16.01.2024;6;1.0;884;36;825;36;59;39
TE011;16.01.2024;7;1.0;723;12;697;12;26;14
TE011;16.01.2024;8;1.0;654;13;644;13;10;11
TE011;16.01.2024;9;1.0;527;12;516;12;11;13
TE011;16.01.2024;10;1.0;642;28;626;28;16;24
TE011;16.01.2024;11;1.0;610;46;557;47;53;43
TE011;16.01.2024;12;1.0;548;48;508;48;40;46
TE011;16.01.2024;13;1.0;667;45;608;46;59;45
TE011;16.01.2024;14;1.0;680;34;644;33;36;34
TE011;16.01.2024;15;1.0;633;21;606;21;27;24
TE011;16.01.2024;16;1.0;682;27;655;27;27;24
TE011;16.01.2024;17;1.0;797;37;774;37;23;37
TE011;16.01.2024;18;1.0;642;44;623;44;19;45
TE011;16.01.2024;19;1.0;423;47;413;47;10;46
TE011;16.01.2024;20;1.0;284;49;276;49;8;46
TE011;16.01.2024;21;1.0;251;51;242;51;9;50
TE011;16.01.2024;22;1.0;210;53;198;53;12;50
TE011;16.01.2024;23;1.0;100;55;92;55;8;54
TE011;17.01.2024;0;1.0;61;54;53;54;8;54
TE011;17.01.2024;1;1.0;47;56;40;56;7;54
TE011;17.01.2024;2;1.0;54;52;47;51;7;54
TE011;17.01.2024;3;1.0;63;55;57;55;6;57
TE011;17.01.2024;4;1.0;185;56;153;56;32;53
TE011;17.01.2024;5;1.0;608;52;566;52;42;52
TE011;17.01.2024;6;1.0;938;48;876;48;62;48
TE011;17.01.2024;7;1.0;950;26;862;26;88;26
TE011;17.01.2024;8;1.0;800;22;733;22;67;22
TE011;17.01.2024;9;1.0;802;42;707;42;95;41
TE011;17.01.2024;10;1.0;596;44;530;44;66;44
TE011;17.01.2024;11;1.0;558;43;490;43;68;43
TE011;17.01.2024;12;1.0;593;46;536;46;57;47
TE011;17.01.2024;13;1.0;646;44;583;44;63;47
TE011;17.01.2024;14;1.0;630;36;578;36;52;43
TE011;17.01.2024;15;1.0;602;18;566;18;36;16
TE011;17.01.2024;16;1.0;753;45;727;46;26;43
TE011;17.01.2024;17;1.0;747;47;724;47;23;47
TE011;17.01.2024;18;1.0;614;48;604;48;10;49
TE011;17.01.2024;19;1.0;393;53;386;53;7;51
TE011;17.01.2024;20;1.0;255;54;250;54;5;58
TE011;17.01.2024;21;1.0;242;53;239;53;3;51
TE011;17.01.2024;22;1.0;191;55;187;55;4;51
TE011;17.01.2024;23;1.0;93;55;90;55;3;59
TE011;18.01.2024;0;1.0;45;57;41;57;4;58
TE011;18.01.2024;1;1.0;55;55;51;55;4;68
TE011;18.01.2024;2;1.0;50;62;47;62;3;59
TE011;18.01.2024;3;1.0;57;60;54;60;3;62
TE011;18.01.2024;4;1.0;156;61;132;61;24;62
TE011;18.01.2024;5;1.0;598;58;573;58;25;59
TE011;18.01.2024;6;1.0;951;55;903;55;48;57
TE011;18.01.2024;7;1.0;1022;43;976;43;46;46
TE011;18.01.2024;8;1.0;850;44;804;44;46;44
TE011;18.01.2024;9;1.0;727;36;652;36;75;38
TE011;18.01.2024;10;1.0;532;47;463;46;69;47
TE011;18.01.2024;11;1.0;576;49;507;49;69;49
TE011;18.01.2024;12;1.0;586;45;528;45;58;45
TE011;18.01.2024;13;1.0;585;45;519;45;66;44
TE011;18.01.2024;14;1.0;703;44;663;44;40;43
TE011;18.01.2024;15;1.0;533;21;499;21;34;19
TE011;18.01.2024;16;1.0;645;13;601;13;44;13
TE011;18.01.2024;17;1.0;738;35;704;36;34;28
TE011;18.01.2024;18;1.0;650;39;631;39;19;35
TE011;18.01.2024;19;1.0;439;49;418;49;21;50
TE011;18.01.2024;20;1.0;305;50;295;51;10;51
TE011;18.01.2024;21;1.0;257;52;251;52;6;52
TE011;18.01.2024;22;1.0;237;54;229;54;8;58
TE011;18.01.2024;23;1.0;90;55;82;55;8;54
TE011;19.01.2024;0;1.0;48;53;42;54;6;48
TE011;19.01.2024;1;1.0;47;54;46;54;1;52
TE011;19.01.2024;2;1.0;41;54;34;54;7;52
TE011;19.01.2024;3;1.0;46;46;44;45;2;58
TE011;19.01.2024;4;1.0;159;52;150;52;9;49
TE011;19.01.2024;5;1.0;580;45;560;45;20;43
TE011;19.01.2024;6;1.0;853;48;808;48;45;48
TE011;19.01.2024;7;1.0;935;32;894;32;41;32
TE011;19.01.2024;8;1.0;783;34;754;34;29;30
TE011;19.01.2024;9;1.0;687;41;660;41;27;41
TE011;19.01.2024;10;1.0;630;42;604;42;26;43
TE011;19.01.2024;11;1.0;601;42;562;42;39;42
TE011;19.01.2024;12;1.0;612;35;557;35;55;32
TE011;19.01.2024;13;1.0;577;28;525;28;52;28
TE011;19.01.2024;14;1.0;561;17;507;17;54;18
TE011;19.01.2024;15;1.0;651;15;614;15;37;14
TE011;19.01.2024;16;1.0;673;28;644;28;29;28
TE011;19.01.2024;17;1.0;769;45;755;45;14;45
TE011;19.01.2024;18;1.0;618;48;609;48;9;50
TE011;19.01.2024;19;1.0;449;44;433;44;16;44
TE011;19.01.2024;20;1.0;328;41;320;41;8;43
TE011;19.01.2024;21;1.0;284;46;276;47;8;46
TE011;19.01.2024;22;1.0;241;45;237;45;4;40
TE011;19.01.2024;23;1.0;137;46;131;46;6;43
TE011;20.01.2024;0;1.0;82;47;78;47;4;46
TE011;20.01.2024;1;1.0;59;45;58;45;1;46
TE011;20.01.2024;2;1.0;53;48;51;49;2;39
TE011;20.01.2024;3;1.0;47;40;44;41;2;49
TE011;20.01.2024;4;1.0;88;52;82;53;6;46
TE011;20.01.2024;5;1.0;153;49;148;49;5;50
TE011;20.01.2024;6;1.0;106;54;99;54;7;53
TE011;20.01.2024;7;1.0;185;49;172;49;13;51
TE011;20.01.2024;8;1.0;233;49;219;49;14;44
TE011;20.01.2024;9;1.0;376;45;368;45;8;41
TE011;20.01.2024;10;1.0;489;47;477;47;12;46
TE011;20.01.2024;11;1.0;576;44;562;44;14;44
TE011;20.01.2024;12;1.0;578;45;560;45;18;43
TE011;20.01.2024;13;1.0;644;45;632;45;12;45
TE011;20.01.2024;14;1.0;665;41;649;41;16;42
TE011;20.01.2024;15;1.0;652;44;641;44;11;45
TE011;20.01.2024;16;1.0;677;43;669;43;8;43
TE011;20.01.2024;17;1.0;600;44;589;44;11;45
TE011;20.01.2024;18;1.0;467;46;458;46;9;44
TE011;20.01.2024;19;1.0;430;46;424;46;6;46
TE011;20.01.2024;20;1.0;280;47;275;47;5;47
TE011;20.01.2024;21;1.0;192;49;188;49;4;48
TE011;20.01.2024;22;1.0;196;49;190;49;6;47
TE011;20.01.2024;23;1.0;147;49;144;49;3;50
TE011;21.01.2024;0;1.0;121;50;118;50;3;46
TE011;21.01.2024;1;1.0;62;53;62;53;0;-1
TE011;21.01.2024;2;1.0;31;59;31;59;0;-1
TE011;21.01.2024;3;1.0;31;52;31;52;0;-1
TE011;21.01.2024;4;1.0;26;54;25;54;1;48
TE011;21.01.2024;5;1.0;68;55;66;56;2;42
TE011;21.01.2024;6;1.0;52;61;51;61;1;48
TE011;21.01.2024;7;1.0;51;61;48;61;3;56
TE011;21.01.2024;8;1.0;102;51;96;51;6;50
TE011;21.01.2024;9;1.0;223;42;216;42;6;49
TE011;21.01.2024;10;1.0;261;47;257;47;4;48
TE011;21.01.2024;11;1.0;382;48;376;48;6;48
TE011;21.01.2024;12;1.0;462;45;456;45;6;40
TE011;21.01.2024;13;1.0;535;42;529;42;6;43
TE011;21.01.2024;14;1.0;551;43;545;43;6;45
TE011;21.01.2024;15;1.0;544;42;536;42;8;44
TE011;21.01.2024;16;1.0;518;45;514;45;4;40
TE011;21.01.2024;17;1.0;588;43;581;43;7;46
TE011;21.01.2024;18;1.0;507;49;500;49;7;50
TE011;21.01.2024;19;1.0;349;52;345;52;4;45
TE011;21.01.2024;20;1.0;262;50;259;50;3;48
TE011;21.01.2024;21;1.0;200;52;193;52;7;50
TE011;21.01.2024;22;1.0;128;53;120;54;8;50
TE011;21.01.2024;23;1.0;72;51;68;52;4;47
TE011;22.01.2024;0;1.0;51;51;45;51;6;48
TE011;22.01.2024;1;1.0;33;52;31;53;2;40
TE011;22.01.2024;2;1.0;29;52;24;52;5;51
TE011;22.01.2024;3;1.0;45;55;38;56;7;57
TE011;22.01.2024;4;1.0;181;57;150;57;31;56
TE011;22.01.2024;5;1.0;619;53;586;53;33;52
TE011;22.01.2024;6;1.0;966;50;886;50;80;50
TE011;22.01.2024;7;1.0;941;36;855;36;86;38
TE011;22.01.2024;8;1.0;773;18;729;18;44;18
TE011;22.01.2024;9;1.0;726;43;682;43;44;42
TE011;22.01.2024;10;1.0;571;47;553;47;18;47
TE011;22.01.2024;11;1.0;553;48;520;48;33;49
TE011;22.01.2024;12;1.0;589;47;544;47;45;46
TE011;22.01.2024;13;1.0;648;42;578;42;70;41
TE011;22.01.2024;14;1.0;587;35;542;35;45;37
TE011;22.01.2024;15;1.0;521;14;488;14;33;12
TE011;22.01.2024;16;1.0;605;23;587;23;18;33
TE011;22.01.2024;17;1.0;725;40;706;40;19;38
TE011;22.01.2024;18;1.0;703;47;678;47;25;49
TE011;22.01.2024;19;1.0;402;49;393;49;9;46
TE011;22.01.2024;20;1.0;313;50;307;50;6;46
TE011;22.01.2024;21;1.0;242;51;235;51;7;51
TE011;22.01.2024;22;1.0;205;51;201;51;4;54
TE011;22.01.2024;23;1.0;65;50;60;51;5;39
TE011;23.01.2024;0;1.0;71;50;64;50;7;45
TE011;23.01.2024;1;1.0;48;56;40;56;8;54
TE011;23.01.2024;2;1.0;28;55;25;54;3;54
TE011;23.01.2024;3;1.0;44;54;39;54;5;56
TE011;23.01.2024;4;1.0;199;54;185;54;14;53
TE011;23.01.2024;5;1.0;613;51;592;51;21;48
TE011;23.01.2024;6;1.0;915;43;874;43;41;42
TE011;23.01.2024;7;1.0;790;20;767;20;23;21
TE011;23.01.2024;8;1.0;645;14;630;14;17;14
TE011;23.01.2024;9;1.0;626;22;595;22;31;24
TE011;23.01.2024;10;1.0;602;46;532;46;70;45
TE011;23.01.2024;11;1.0;595;43;562;43;33;41
TE011;23.01.2024;12;1.0;593;44;558;43;35;44
TE011;23.01.2024;13;1.0;674;42;630;42;44;41
TE011;23.01.2024;14;1.0;581;31;557;31;24;25
TE011;23.01.2024;15;1.0;564;15;535;15;29;14
TE011;23.01.2024;16;1.0;549;15;517;15;32;14
TE011;23.01.2024;17;1.0;586;14;560;14;26;13
TE011;23.01.2024;18;1.0;680;35;661;35;19;30
TE011;23.01.2024;19;1.0;431;46;416;46;15;46
TE011;23.01.2024;20;1.0;312;46;304;46;8;45
TE011;23.01.2024;21;1.0;278;48;270;48;8;47
TE011;23.01.2024;22;1.0;209;49;204;50;5;45
TE011;23.01.2024;23;1.0;89;54;84;55;5;43
TE011;24.01.2024;0;1.0;57;54;54;54;3;54
TE011;24.01.2024;1;1.0;36;58;35;58;1;50
TE011;24.01.2024;2;1.0;34;56;31;56;3;56
TE011;24.01.2024;3;1.0;56;57;54;57;2;56
TE011;24.01.2024;4;1.0;195;56;159;56;36;56
TE011;24.01.2024;5;1.0;668;52;627;52;41;51
TE011;24.01.2024;6;1.0;1073;48;995;48;78;50
TE011;24.01.2024;7;1.0;653;16;626;16;27;23
TE011;24.01.2024;8;1.0;724;18;691;17;33;20
TE011;24.01.2024;9;1.0;782;39;728;39;54;38
TE011;24.01.2024;10;1.0;637;48;591;47;46;48
TE011;24.01.2024;11;1.0;595;45;537;45;58;45
TE011;24.01.2024;12;1.0;657;46;596;47;61;45
TE011;24.01.2024;13;1.0;683;41;634;41;49;41
TE011;24.01.2024;14;1.0;560;27;526;27;34;30
TE011;24.01.2024;15;1.0;513;14;480;14;33;14
TE011;24.01.2024;16;1.0;553;15;534;15;19;16
TE011;24.01.2024;17;1.0;671;20;645;20;26;16
TE011;24.01.2024;18;1.0;675;45;668;45;7;46
TE011;24.01.2024;19;1.0;438;46;432;46;6;46
TE011;24.01.2024;20;1.0;305;50;298;50;7;46
TE011;24.01.2024;21;1.0;317;53;308;53;9;52
TE011;24.01.2024;22;1.0;229;53;222;53;7;54
TE011;24.01.2024;23;1.0;92;53;81;54;11;48
TE011;25.01.2024;0;1.0;63;53;54;53;9;52
TE011;25.01.2024;1;1.0;30;54;27;54;3;53
TE011;25.01.2024;2;1.0;31;47;26;46;5;48
TE011;25.01.2024;3;1.0;71;48;65;48;6;46
TE011;25.01.2024;4;1.0;159;53;126;53;33;52
TE011;25.01.2024;5;1.0;694;50;682;50;12;51
TE011;25.01.2024;6;1.0;989;40;954;40;35;47
TE011;25.01.2024;7;1.0;840;24;816;24;24;26
TE011;25.01.2024;8;1.0;577;14;568;14;9;15
TE011;25.01.2024;9;1.0;578;21;552;21;26;29
TE011;25.01.2024;10;1.0;563;46;522;46;41;46
TE011;25.01.2024;11;1.0;628;43;586;43;42;44
TE011;25.01.2024;12;1.0;594;35;546;35;48;37
TE011;25.01.2024;13;1.0;496;12;464;12;32;12
TE011;25.01.2024;14;1.0;489;13;457;13;32;13
TE011;25.01.2024;15;1.0;481;15;452;15;29;15
TE011;25.01.2024;16;1.0;521;14;495;14;26;12
TE011;25.01.2024;17;1.0;684;24;656;24;28;22
TE011;25.01.2024;18;1.0;774;45;757;45;17;44
TE011;25.01.2024;19;1.0;548;51;525;51;23;48
TE011;25.01.2024;20;1.0;337;50;328;50;9;47
TE011;25.01.2024;21;1.0;316;52;302;52;14;50
TE011;25.01.2024;22;1.0;240;48;229;48;11;47
TE011;25.01.2024;23;1.0;103;47;94;48;9;43
TE011;26.01.2024;0;1.0;53;49;43;50;10;46
TE011;26.01.2024;1;1.0;41;47;39;47;2;39
TE011;26.01.2024;2;1.0;51;45;47;45;4;44
TE011;26.01.2024;3;1.0;63;49;59;49;4;46
TE011;26.01.2024;5;1.0;614;54;565;54;49;54
TE011;26.01.2024;6;1.0;908;51;824;52;84;52
TE011;26.01.2024;7;1.0;971;34;890;34;81;34
TE011;26.01.2024;8;1.0;736;27;679;27;57;27
TE011;26.01.2024;9;1.0;708;46;633;46;75;47
TE011;26.01.2024;10;1.0;604;48;543;49;61;46
TE011;26.01.2024;11;1.0;594;47;564;47;30;47
TE011;26.01.2024;12;1.0;631;38;598;38;34;37
TE011;26.01.2024;13;1.0;685;26;656;26;29;27
TE011;26.01.2024;14;1.0;460;13;442;13;18;14
TE011;26.01.2024;15;1.0;517;18;504;18;13;18
TE011;26.01.2024;16;1.0;665;27;647;27;18;21
TE011;26.01.2024;17;1.0;762;42;741;42;21;41
TE011;26.01.2024;18;1.0;710;49;705;49;5;53
TE011;26.01.2024;19;1.0;526;46;518;46;8;46
TE011;26.01.2024;20;1.0;329;48;320;48;9;46
TE011;26.01.2024;21;1.0;280;48;273;48;7;47
TE011;26.01.2024;22;1.0;249;38;242;38;8;36
TE011;26.01.2024;23;1.0;162;50;156;50;6;49
TE011;27.01.2024;0;1.0;98;50;94;50;4;51
TE011;27.01.2024;1;1.0;68;53;65;53;3;51
TE011;27.01.2024;2;1.0;46;51;45;51;1;50
TE011;27.01.2024;3;1.0;56;54;50;53;6;60
TE011;27.01.2024;4;1.0;93;50;88;50;5;43
TE011;27.01.2024;5;1.0;148;50;139;51;9;47
TE011;27.01.2024;6;1.0;138;52;128;52;10;52
TE011;27.01.2024;7;1.0;195;52;180;52;15;48
TE011;27.01.2024;8;1.0;250;50;240;50;10;47
TE011;27.01.2024;9;1.0;397;46;390;46;7;47
TE011;27.01.2024;10;1.0;544;48;530;48;14;47
TE011;27.01.2024;11;1.0;605;49;592;49;13;51
TE011;27.01.2024;12;1.0;740;48;732;48;8;47
TE011;27.01.2024;13;1.0;706;47;698;47;8;47
TE011;27.01.2024;14;1.0;656;41;645;41;11;44
TE011;27.01.2024;15;1.0;731;39;719;39;12;38
TE011;27.01.2024;16;1.0;705;41;696;41;9;39
TE011;27.01.2024;17;1.0;705;44;691;44;14;44
TE011;27.01.2024;18;1.0;567;44;561;44;6;40
TE011;27.01.2024;19;1.0;433;45;426;45;7;42
TE011;27.01.2024;20;1.0;315;46;306;46;9;39
TE011;27.01.2024;21;1.0;269;48;265;48;4;44
TE011;27.01.2024;22;1.0;230;43;226;43;4;44
TE011;27.01.2024;23;1.0;163;45;158;45;5;40
TE011;28.01.2024;0;1.0;83;35;83;35;0;-1
TE011;28.01.2024;1;1.0;59;49;59;49;0;-1
TE011;28.01.2024;2;1.0;43;49;43;49;0;-1
TE011;28.01.2024;3;1.0;32;47;32;47;0;-1
TE011;28.01.2024;4;1.0;29;48;28;48;1;45
TE011;28.01.2024;5;1.0;71;49;70;49;1;44
TE011;28.01.2024;6;1.0;61;47;60;47;1;38
TE011;28.01.2024;7;1.0;72;43;68;44;4;36
TE011;28.01.2024;8;1.0;101;45;98;45;3;42
TE011;28.01.2024;9;1.0;200;46;195;46;5;39
TE011;28.01.2024;10;1.0;178;45;173;45;5;44
TE011;28.01.2024;11;1.0;412;43;402;42;10;43
TE011;28.01.2024;12;1.0;546;40;541;40;5;40
TE011;28.01.2024;13;1.0;696;42;690;42;6;39
TE011;28.01.2024;14;1.0;736;43;727;43;9;44
TE011;28.01.2024;15;1.0;743;41;732;41;11;43
TE011;28.01.2024;16;1.0;769;45;760;45;9;45
TE011;28.01.2024;17;1.0;767;45;756;45;11;45
TE011;28.01.2024;18;1.0;539;44;534;44;5;43
TE011;28.01.2024;19;1.0;397;47;393;47;4;48
TE011;28.01.2024;20;1.0;279;48;267;48;12;48
TE011;28.01.2024;21;1.0;217;49;213;49;4;48
TE011;28.01.2024;22;1.0;128;49;123;49;5;47
TE011;28.01.2024;23;1.0;70;48;66;48;4;43
TE011;29.01.2024;0;1.0;55;50;51;51;4;43
TE011;29.01.2024;1;1.0;36;51;35;51;1;69
TE011;29.01.2024;2;1.0;43;50;38;52;5;44
TE011;29.01.2024;3;1.0;41;51;39;51;2;47
TE011;29.01.2024;4;1.0;189;48;177;48;12;47
TE011;29.01.2024;5;1.0;708;45;690;45;18;45
TE011;29.01.2024;6;1.0;1029;44;998;44;31;43
TE011;29.01.2024;7;1.0;928;26;901;26;27;25
TE011;29.01.2024;8;1.0;627;14;594;14;33;14
TE011;29.01.2024;9;1.0;731;28;692;28;39;32
TE011;29.01.2024;10;1.0;662;39;589;39;73;38
TE011;29.01.2024;11;1.0;580;40;515;40;65;39
TE011;29.01.2024;12;1.0;599;40;554;40;45;40
TE011;29.01.2024;13;1.0;576;32;519;32;57;29
TE011;29.01.2024;14;1.0;554;17;513;17;41;17
TE011;29.01.2024;15;1.0;467;13;432;13;36;11
TE011;29.01.2024;16;1.0;604;15;552;14;52;14
TE011;29.01.2024;17;1.0;618;16;572;17;46;14
TE011;29.01.2024;18;1.0;613;42;595;42;18;42
TE011;29.01.2024;19;1.0;381;45;369;45;12;42
TE011;29.01.2024;20;1.0;278;46;263;47;15;44
TE011;29.01.2024;21;1.0;224;46;216;46;8;44
TE011;29.01.2024;22;1.0;219;47;208;47;11;46
TE011;29.01.2024;23;1.0;54;47;49;48;5;43
TE011;30.01.2024;0;1.0;42;47;39;47;3;50
TE011;30.01.2024;1;1.0;41;46;40;46;1;58
TE011;30.01.2024;2;1.0;48;49;43;49;5;52
TE011;30.01.2024;3;1.0;61;49;58;49;3;51
TE011;30.01.2024;4;1.0;171;50;150;50;21;49
TE011;30.01.2024;5;1.0;645;47;626;47;19;47
TE011;30.01.2024;6;1.0;969;44;917;44;52;44
TE011;30.01.2024;7;1.0;1047;28;991;27;56;32
TE011;30.01.2024;8;1.0;591;14;562;14;29;14
TE011;30.01.2024;9;1.0;704;34;644;33;60;32
TE011;30.01.2024;10;1.0;615;39;563;39;52;39
TE011;30.01.2024;11;1.0;578;40;539;40;39;40
TE011;30.01.2024;12;1.0;620;37;584;37;36;37
TE011;30.01.2024;13;1.0;526;23;483;23;43;21
TE011;30.01.2024;14;1.0;637;39;599;39;38;40
TE011;30.01.2024;15;1.0;553;12;525;12;28;13
TE011;30.01.2024;16;1.0;507;11;484;11;23;12
TE011;30.01.2024;17;1.0;739;26;697;26;43;20
TE011;30.01.2024;18;1.0;715;43;701;43;14;44
TE011;30.01.2024;19;1.0;435;42;427;42;8;40
TE011;30.01.2024;20;1.0;268;50;265;50;3;49
TE011;30.01.2024;21;1.0;242;50;234;50;8;51
TE011;30.01.2024;22;1.0;214;51;205;51;9;52
TE011;30.01.2024;23;1.0;93;50;85;51;8;47
TE011;31.01.2024;0;1.0;56;50;47;51;9;44
TE011;31.01.2024;1;1.0;40;52;36;52;4;54
TE011;31.01.2024;2;1.0;43;58;36;57;7;62
TE011;31.01.2024;3;1.0;76;56;69;56;7;51
TE011;31.01.2024;4;1.0;178;55;154;55;24;53
TE011;31.01.2024;5;1.0;609;53;588;53;21;50
TE011;31.01.2024;6;1.0;935;48;887;48;48;50
TE011;31.01.2024;7;1.0;965;30;930;30;35;34
TE011;31.01.2024;8;1.0;753;23;712;23;41;20
TE011;31.01.2024;9;1.0;667;37;611;38;56;34
TE011;31.01.2024;10;1.0;656;46;581;46;75;45
TE011;31.01.2024;11;1.0;584;49;521;49;63;48
TE011;31.01.2024;12;1.0;608;48;539;48;69;48
TE011;31.01.2024;13;1.0;712;49;646;49;66;49
TE011;31.01.2024;14;1.0;708;42;653;42;55;44
TE011;31.01.2024;15;1.0;559;15;531;15;28;15
TE011;31.01.2024;16;1.0;667;28;625;28;42;30
TE011;31.01.2024;17;1.0;739;37;706;37;33;31
TE011;31.01.2024;18;1.0;647;48;627;48;20;49
TE011;31.01.2024;19;1.0;436;50;417;50;19;47
TE011;31.01.2024;20;1.0;305;52;298;52;7;49
TE011;31.01.2024;21;1.0;232;53;225;53;7;52
TE011;31.01.2024;22;1.0;220;49;212;49;8;47
TE011;31.01.2024;23;1.0;97;51;90;51;7;44
TE012;01.01.2024;0;1.0;129;50;119;50;10;46
TE012;01.01.2024;1;1.0;399;53;394;53;5;52
TE012;01.01.2024;2;1.0;488;49;481;49;7;50
TE012;01.01.2024;3;1.0;391;51;384;51;7;50
TE012;01.01.2024;4;1.0;245;52;241;52;4;50
TE012;01.01.2024;5;1.0;201;51;192;51;9;51
TE012;01.01.2024;6;1.0;150;53;139;54;11;50
TE012;01.01.2024;7;1.0;138;53;127;52;11;53
TE012;01.01.2024;8;1.0;92;46;81;46;10;52
TE012;01.01.2024;9;1.0;117;45;107;45;9;52
TE012;01.01.2024;10;1.0;207;49;193;49;14;47
TE012;01.01.2024;11;1.0;276;47;260;47;16;48
TE012;01.01.2024;12;1.0;382;47;370;47;12;46
TE012;01.01.2024;13;1.0;496;48;482;48;14;47
TE012;01.01.2024;14;1.0;541;47;527;47;14;47
TE012;01.01.2024;15;1.0;545;47;529;47;16;46
TE012;01.01.2024;16;1.0;570;47;552;47;18;49
TE012;01.01.2024;17;1.0;562;48;548;48;14;46
TE012;01.01.2024;18;1.0;563;52;549;52;14;47
TE012;01.01.2024;19;1.0;439;54;425;54;14;51
TE012;01.01.2024;20;1.0;351;50;335;50;16;48
TE012;01.01.2024;21;1.0;300;54;292;54;8;52
TE012;01.01.2024;22;1.0;246;56;239;56;7;54
TE012;01.01.2024;23;1.0;189;57;182;57;7;55
TE012;02.01.2024;0;1.0;118;58;115;58;3;53
TE012;02.01.2024;1;1.0;89;59;86;59;3;50
TE012;02.01.2024;2;1.0;49;53;45;54;4;50
TE012;02.01.2024;3;1.0;59;56;52;56;7;60
TE012;02.01.2024;4;1.0;81;59;68;60;13;56
TE012;02.01.2024;5;1.0;132;45;123;46;8;50
TE012;02.01.2024;6;1.0;306;43;291;42;17;39
TE012;02.01.2024;7;1.0;448;40;423;40;27;38
TE012;02.01.2024;8;1.0;458;40;437;41;21;39
TE012;02.01.2024;9;1.0;576;40;546;40;29;40
TE012;02.01.2024;10;1.0;656;43;635;43;21;43
TE012;02.01.2024;11;1.0;758;42;741;42;17;41
TE012;02.01.2024;12;1.0;918;41;895;41;23;41
TE012;02.01.2024;13;1.0;906;43;892;43;14;40
TE012;02.01.2024;14;1.0;1073;43;1060;43;13;41
TE012;02.01.2024;15;1.0;1236;42;1225;42;11;41
TE012;02.01.2024;16;1.0;1160;43;1148;43;12;42
TE012;02.01.2024;17;1.0;1058;42;1049;42;10;39
TE012;02.01.2024;18;1.0;911;53;899;53;12;50
TE012;02.01.2024;19;1.0;712;54;698;54;14;53
TE012;02.01.2024;20;1.0;526;56;514;56;12;53
TE012;02.01.2024;21;1.0;429;55;420;55;9;54
TE012;02.01.2024;22;1.0;406;56;398;56;8;55
TE012;02.01.2024;23;1.0;255;56;246;56;9;54
TE012;03.01.2024;0;1.0;167;57;161;57;6;52
TE012;03.01.2024;1;1.0;100;56;93;56;7;55
TE012;03.01.2024;2;1.0;68;48;62;49;5;57
TE012;03.01.2024;3;1.0;61;59;48;57;13;66
TE012;03.01.2024;4;1.0;98;59;80;59;18;61
TE012;03.01.2024;5;1.0;202;52;192;52;10;53
TE012;03.01.2024;6;1.0;372;45;344;46;28;44
TE012;03.01.2024;7;1.0;458;41;420;41;38;41
TE012;03.01.2024;8;1.0;568;41;533;41;35;41
TE012;03.01.2024;9;1.0;703;40;656;40;47;40
TE012;03.01.2024;10;1.0;790;40;735;40;55;40
TE012;03.01.2024;11;1.0;882;40;836;40;46;41
TE012;03.01.2024;12;1.0;950;40;901;40;49;40
TE012;03.01.2024;13;1.0;962;41;928;41;34;41
TE012;03.01.2024;14;1.0;1147;41;1107;41;40;44
TE012;03.01.2024;15;1.0;1225;41;1205;41;20;40
TE012;03.01.2024;16;1.0;1173;43;1150;43;23;42
TE012;03.01.2024;17;1.0;1057;41;1039;41;19;39
TE012;03.01.2024;18;1.0;985;48;970;48;15;47
TE012;03.01.2024;19;1.0;792;48;776;48;16;47
TE012;03.01.2024;20;1.0;573;45;554;46;18;47
TE012;03.01.2024;21;1.0;464;48;446;48;18;46
TE012;03.01.2024;22;1.0;393;48;380;48;15;46
TE012;03.01.2024;23;1.0;266;53;255;54;11;52
TE012;04.01.2024;0;1.0;182;57;171;57;11;55
TE012;04.01.2024;1;1.0;120;58;116;58;4;56
TE012;04.01.2024;2;1.0;80;55;76;56;4;44
TE012;04.01.2024;3;1.0;68;61;62;61;6;61
TE012;04.01.2024;4;1.0;90;61;82;62;8;60
TE012;04.01.2024;5;1.0;185;57;176;57;9;55
TE012;04.01.2024;6;1.0;353;48;334;48;19;47
TE012;04.01.2024;7;1.0;467;42;447;42;20;39
TE012;04.01.2024;8;1.0;590;40;554;40;36;40
TE012;04.01.2024;9;1.0;678;40;632;40;46;40
TE012;04.01.2024;10;1.0;803;41;761;41;42;39
TE012;04.01.2024;11;1.0;912;40;872;41;40;39
TE012;04.01.2024;12;1.0;960;41;930;41;30;40
TE012;04.01.2024;13;1.0;1030;41;997;41;33;42
TE012;04.01.2024;14;1.0;1202;41;1164;41;38;41
TE012;04.01.2024;15;1.0;1225;42;1199;42;26;42
TE012;04.01.2024;16;1.0;1171;43;1145;43;26;44
TE012;04.01.2024;17;1.0;1092;37;1068;37;24;37
TE012;04.01.2024;18;1.0;1022;47;1012;47;10;49
TE012;04.01.2024;19;1.0;817;53;800;53;17;50
TE012;04.01.2024;20;1.0;628;52;610;52;18;49
TE012;04.01.2024;21;1.0;466;55;452;55;14;53
TE012;04.01.2024;22;1.0;457;55;440;55;17;53
TE012;04.01.2024;23;1.0;279;56;268;56;11;53
TE012;05.01.2024;0;1.0;167;57;159;57;8;55
TE012;05.01.2024;1;1.0;95;55;84;54;11;58
TE012;05.01.2024;2;1.0;58;56;53;57;5;49
TE012;05.01.2024;3;1.0;80;60;67;60;13;61
TE012;05.01.2024;4;1.0;93;52;73;53;20;52
TE012;05.01.2024;5;1.0;196;55;173;55;23;55
TE012;05.01.2024;6;1.0;359;49;318;48;41;49
TE012;05.01.2024;7;1.0;453;45;418;45;35;44
TE012;05.01.2024;8;1.0;507;43;490;43;17;42
TE012;05.01.2024;9;1.0;596;43;579;44;17;40
TE012;05.01.2024;10;1.0;739;43;708;43;31;44
TE012;05.01.2024;11;1.0;920;42;865;42;55;42
TE012;05.01.2024;12;1.0;1023;41;980;41;43;41
TE012;05.01.2024;13;1.0;1097;43;1058;43;39;44
TE012;05.01.2024;14;1.0;1194;43;1164;43;30;43
TE012;05.01.2024;15;1.0;1185;44;1164;44;21;43
TE012;05.01.2024;16;1.0;1034;44;1008;44;26;48
TE012;05.01.2024;17;1.0;956;43;942;43;13;44
TE012;05.01.2024;18;1.0;915;48;898;48;18;47
TE012;05.01.2024;19;1.0;782;55;767;55;15;56
TE012;05.01.2024;20;1.0;635;54;619;54;16;52
TE012;05.01.2024;21;1.0;504;55;491;55;13;54
TE012;05.01.2024;22;1.0;315;55;308;55;7;56
TE012;05.01.2024;23;1.0;253;56;242;56;11;56
TE012;06.01.2024;0;1.0;185;57;178;57;7;54
TE012;06.01.2024;1;1.0;121;57;118;57;3;52
TE012;06.01.2024;2;1.0;91;59;89;59;2;60
TE012;06.01.2024;3;1.0;65;61;58;61;7;66
TE012;06.01.2024;4;1.0;94;59;88;59;6;56
TE012;06.01.2024;5;1.0;121;59;107;61;14;52
TE012;06.01.2024;6;1.0;164;53;145;53;19;56
TE012;06.01.2024;7;1.0;194;50;173;50;21;53
TE012;06.01.2024;8;1.0;274;49;254;49;20;51
TE012;06.01.2024;9;1.0;473;50;445;50;28;52
TE012;06.01.2024;10;1.0;674;49;645;49;29;47
TE012;06.01.2024;11;1.0;759;48;734;48;25;48
TE012;06.01.2024;12;1.0;859;49;841;49;18;47
TE012;06.01.2024;13;1.0;1028;46;992;46;35;46
TE012;06.01.2024;14;1.0;1003;46;970;46;32;48
TE012;06.01.2024;15;1.0;934;50;908;50;26;49
TE012;06.01.2024;16;1.0;873;51;837;51;36;50
TE012;06.01.2024;17;1.0;879;51;850;51;29;50
TE012;06.01.2024;18;1.0;779;53;756;53;23;52
TE012;06.01.2024;19;1.0;692;52;670;53;22;51
TE012;06.01.2024;20;1.0;636;54;617;54;19;52
TE012;06.01.2024;21;1.0;500;55;488;55;12;54
TE012;06.01.2024;22;1.0;468;53;459;54;9;53
TE012;06.01.2024;23;1.0;403;55;392;55;11;55
TE012;07.01.2024;0;1.0;299;56;291;56;8;58
TE012;07.01.2024;1;1.0;250;56;246;56;4;56
TE012;07.01.2024;2;1.0;153;58;149;58;4;52
TE012;07.01.2024;3;1.0;136;56;128;56;8;58
TE012;07.01.2024;4;1.0;84;52;76;53;8;50
TE012;07.01.2024;5;1.0;80;49;73;49;7;47
TE012;07.01.2024;6;1.0;113;49;103;50;10;49
TE012;07.01.2024;7;1.0;120;52;106;52;14;56
TE012;07.01.2024;8;1.0;184;48;177;48;7;57
TE012;07.01.2024;9;1.0;265;48;257;48;7;57
TE012;07.01.2024;10;1.0;424;47;414;47;11;47
TE012;07.01.2024;11;1.0;493;46;483;46;10;45
TE012;07.01.2024;12;1.0;635;52;624;52;11;54
TE012;07.01.2024;13;1.0;719;51;701;51;18;50
TE012;07.01.2024;14;1.0;748;51;733;51;15;51
TE012;07.01.2024;15;1.0;730;54;720;54;10;51
TE012;07.01.2024;16;1.0;711;53;701;53;10;53
TE012;07.01.2024;17;1.0;680;52;670;52;10;53
TE012;07.01.2024;18;1.0;658;53;646;53;12;53
TE012;07.01.2024;19;1.0;585;54;569;54;16;51
TE012;07.01.2024;20;1.0;458;55;446;55;12;55
TE012;07.01.2024;21;1.0;349;50;334;50;15;51
TE012;07.01.2024;22;1.0;335;51;318;51;17;51
TE012;07.01.2024;23;1.0;206;53;194;53;12;51
TE012;08.01.2024;0;1.0;127;54;122;54;5;52
TE012;08.01.2024;1;1.0;85;56;75;56;10;60
TE012;08.01.2024;2;1.0;68;54;58;54;10;57
TE012;08.01.2024;3;1.0;75;48;67;48;8;46
TE012;08.01.2024;4;1.0;101;53;81;52;20;57
TE012;08.01.2024;5;1.0;228;46;214;47;13;47
TE012;08.01.2024;6;1.0;447;40;411;40;36;39
TE012;08.01.2024;7;1.0;700;37;664;37;36;35
TE012;08.01.2024;8;1.0;727;37;692;36;36;36
TE012;08.01.2024;9;1.0;629;41;588;41;41;39
TE012;08.01.2024;10;1.0;669;39;631;39;38;38
TE012;08.01.2024;11;1.0;835;39;781;39;54;38
TE012;08.01.2024;12;1.0;893;38;859;38;34;38
TE012;08.01.2024;13;1.0;943;39;908;39;35;39
TE012;08.01.2024;14;1.0;1195;38;1163;38;32;38
TE012;08.01.2024;15;1.0;1200;37;1171;37;29;36
TE012;08.01.2024;16;1.0;1205;38;1179;38;26;37
TE012;08.01.2024;17;1.0;1018;42;999;42;19;41
TE012;08.01.2024;18;1.0;899;47;881;47;18;48
TE012;08.01.2024;19;1.0;768;49;745;49;23;49
TE012;08.01.2024;20;1.0;588;50;572;50;16;48
TE012;08.01.2024;21;1.0;464;49;455;49;9;47
TE012;08.01.2024;22;1.0;382;51;372;51;10;49
TE012;08.01.2024;23;1.0;234;50;227;50;7;50
TE012;09.01.2024;0;1.0;107;50;100;50;7;48
TE012;09.01.2024;1;1.0;82;53;76;53;6;54
TE012;09.01.2024;2;1.0;62;51;59;50;3;54
TE012;09.01.2024;3;1.0;52;50;47;49;5;61
TE012;09.01.2024;4;1.0;88;55;77;55;11;56
TE012;09.01.2024;5;1.0;201;51;179;51;22;52
TE012;09.01.2024;6;1.0;373;46;355;46;18;48
TE012;09.01.2024;7;1.0;705;42;668;42;37;41
TE012;09.01.2024;8;1.0;665;40;638;40;27;40
TE012;09.01.2024;9;1.0;723;40;683;40;40;39
TE012;09.01.2024;10;1.0;767;39;729;39;38;39
TE012;09.01.2024;11;1.0;856;38;805;38;51;38
TE012;09.01.2024;12;1.0;967;40;914;40;53;39
TE012;09.01.2024;13;1.0;1006;39;962;39;44;39
TE012;09.01.2024;14;1.0;1206;39;1178;39;28;38
TE012;09.01.2024;15;1.0;1209;37;1173;38;36;33
TE012;09.01.2024;16;1.0;1357;31;1330;31;27;28
TE012;09.01.2024;17;1.0;1214;39;1192;39;22;38
TE012;09.01.2024;18;1.0;1100;47;1087;47;13;44
TE012;09.01.2024;19;1.0;951;50;934;50;17;48
TE012;09.01.2024;20;1.0;652;49;639;49;13;45
TE012;09.01.2024;21;1.0;543;50;530;50;13;48
TE012;09.01.2024;22;1.0;421;52;410;52;11;48
TE012;09.01.2024;23;1.0;227;55;217;55;10;56
TE012;10.01.2024;0;1.0;153;50;146;50;6;52
TE012;10.01.2024;1;1.0;72;49;63;49;9;48
TE012;10.01.2024;2;1.0;59;52;52;53;6;55
TE012;10.01.2024;3;1.0;55;56;48;57;7;52
TE012;10.01.2024;4;1.0;117;61;94;60;23;65
TE012;10.01.2024;5;1.0;237;55;219;55;18;56
TE012;10.01.2024;6;1.0;415;48;375;49;40;47
TE012;10.01.2024;7;1.0;738;42;703;42;35;42
TE012;10.01.2024;8;1.0;758;41;734;41;24;42
TE012;10.01.2024;9;1.0;725;41;691;41;34;39
TE012;10.01.2024;10;1.0;788;40;753;40;35;41
TE012;10.01.2024;11;1.0;894;39;852;39;42;39
TE012;10.01.2024;12;1.0;939;38;896;38;43;38
TE012;10.01.2024;13;1.0;989;40;945;40;44;40
TE012;10.01.2024;14;1.0;1258;37;1227;37;31;36
TE012;10.01.2024;15;1.0;1322;33;1294;33;28;34
TE012;10.01.2024;16;1.0;1286;39;1268;39;18;38
TE012;10.01.2024;17;1.0;1151;41;1129;41;22;41
TE012;10.01.2024;18;1.0;1090;44;1073;44;19;42
TE012;10.01.2024;19;1.0;827;46;816;46;11;43
TE012;10.01.2024;20;1.0;701;44;682;44;18;42
TE012;10.01.2024;21;1.0;534;51;523;51;11;50
TE012;10.01.2024;22;1.0;450;52;434;52;16;51
TE012;10.01.2024;23;1.0;291;53;281;53;10;52
TE012;11.01.2024;0;1.0;156;53;150;53;6;48
TE012;11.01.2024;1;1.0;99;55;93;55;6;52
TE012;11.01.2024;2;1.0;59;56;57;56;2;54
TE012;11.01.2024;4;1.0;91;57;83;55;8;70
TE012;11.01.2024;5;1.0;217;58;207;59;10;58
TE012;11.01.2024;6;1.0;373;52;359;52;14;52
TE012;11.01.2024;7;1.0;674;43;652;43;22;42
TE012;11.01.2024;8;1.0;671;39;653;39;19;38
TE012;11.01.2024;9;1.0;675;42;654;42;21;42
TE012;11.01.2024;10;1.0;743;42;716;42;27;44
TE012;11.01.2024;11;1.0;932;41;910;41;22;42
TE012;11.01.2024;12;1.0;962;39;940;39;22;39
TE012;11.01.2024;13;1.0;1072;38;1050;38;22;37
TE012;11.01.2024;14;1.0;1240;37;1220;37;21;36
TE012;11.01.2024;15;1.0;1272;39;1252;39;20;40
TE012;11.01.2024;16;1.0;1157;43;1143;43;14;43
TE012;11.01.2024;17;1.0;1099;45;1090;45;9;44
TE012;11.01.2024;18;1.0;1122;50;1109;50;13;47
TE012;11.01.2024;19;1.0;890;54;877;54;13;53
TE012;11.01.2024;20;1.0;668;55;657;55;11;53
TE012;11.01.2024;21;1.0;483;56;469;56;14;56
TE012;11.01.2024;22;1.0;483;57;469;57;14;58
TE012;11.01.2024;23;1.0;315;58;304;58;11;58
TE012;12.01.2024;0;1.0;171;58;163;58;8;59
TE012;12.01.2024;1;1.0;103;57;100;57;3;53
TE012;12.01.2024;2;1.0;68;57;64;58;4;46
TE012;12.01.2024;3;1.0;79;58;75;58;4;59
TE012;12.01.2024;4;1.0;92;61;81;61;11;65
TE012;12.01.2024;5;1.0;251;59;241;59;10;61
TE012;12.01.2024;6;1.0;387;49;372;49;15;54
TE012;12.01.2024;7;1.0;719;44;692;44;27;44
TE012;12.01.2024;8;1.0;687;40;668;40;19;37
TE012;12.01.2024;9;1.0;695;41;680;41;15;41
TE012;12.01.2024;10;1.0;749;38;733;38;16;37
TE012;12.01.2024;11;1.0;846;43;826;43;20;42
TE012;12.01.2024;12;1.0;994;42;975;42;19;41
TE012;12.01.2024;13;1.0;1192;41;1174;41;18;38
TE012;12.01.2024;14;1.0;1257;33;1236;33;21;29
TE012;12.01.2024;15;1.0;1208;31;1177;30;31;28
TE012;12.01.2024;16;1.0;1168;42;1158;42;10;41
TE012;12.01.2024;17;1.0;1086;45;1075;45;11;42
TE012;12.01.2024;18;1.0;955;52;942;52;13;52
TE012;12.01.2024;19;1.0;805;56;787;56;18;56
TE012;12.01.2024;20;1.0;696;54;680;54;16;54
TE012;12.01.2024;21;1.0;582;55;569;55;13;55
TE012;12.01.2024;22;1.0;508;57;498;57;10;55
TE012;12.01.2024;23;1.0;412;56;400;56;12;56
TE012;13.01.2024;0;1.0;308;58;302;58;6;54
TE012;13.01.2024;1;1.0;194;60;190;60;4;57
TE012;13.01.2024;2;1.0;164;58;160;58;4;54
TE012;13.01.2024;3;1.0;116;63;109;63;7;64
TE012;13.01.2024;4;1.0;94;64;87;65;7;65
TE012;13.01.2024;5;1.0;102;55;90;56;11;51
TE012;13.01.2024;6;1.0;156;53;144;53;12;50
TE012;13.01.2024;7;1.0;178;50;166;50;12;50
TE012;13.01.2024;8;1.0;288;53;277;53;11;52
TE012;13.01.2024;9;1.0;450;53;435;53;15;51
TE012;13.01.2024;10;1.0;642;52;622;52;20;51
TE012;13.01.2024;11;1.0;828;49;804;49;24;48
TE012;13.01.2024;12;1.0;857;50;839;50;18;49
TE012;13.01.2024;13;1.0;918;52;894;52;24;52
TE012;13.01.2024;14;1.0;1025;52;1003;52;22;52
TE012;13.01.2024;15;1.0;990;51;973;51;17;49
TE012;13.01.2024;16;1.0;895;51;877;51;18;49
TE012;13.01.2024;17;1.0;833;53;814;53;19;50
TE012;13.01.2024;18;1.0;786;52;768;52;18;49
TE012;13.01.2024;19;1.0;650;54;623;54;27;53
TE012;13.01.2024;20;1.0;576;54;562;54;14;51
TE012;13.01.2024;21;1.0;461;56;448;56;13;55
TE012;13.01.2024;22;1.0;489;58;477;58;12;58
TE012;13.01.2024;23;1.0;434;57;423;57;11;55
TE012;14.01.2024;0;1.0;353;59;346;59;7;57
TE012;14.01.2024;1;1.0;228;54;226;54;2;56
TE012;14.01.2024;2;1.0;165;51;165;51;0;-1
TE012;14.01.2024;3;1.0;142;53;139;53;3;59
TE012;14.01.2024;4;1.0;97;53;93;54;3;62
TE012;14.01.2024;5;1.0;94;52;89;53;4;52
TE012;14.01.2024;6;1.0;106;59;95;59;11;61
TE012;14.01.2024;7;1.0;86;56;77;55;9;63
TE012;14.01.2024;8;1.0;167;57;159;56;8;56
TE012;14.01.2024;9;1.0;302;54;292;54;10;55
TE012;14.01.2024;10;1.0;434;55;422;55;12;56
TE012;14.01.2024;11;1.0;561;52;547;52;14;54
TE012;14.01.2024;12;1.0;615;53;600;53;15;54
TE012;14.01.2024;13;1.0;779;51;767;51;12;52
TE012;14.01.2024;14;1.0;841;53;824;53;17;52
TE012;14.01.2024;15;1.0;786;52;769;52;17;52
TE012;14.01.2024;16;1.0;781;48;767;48;15;44
TE012;14.01.2024;17;1.0;708;48;695;48;13;49
TE012;14.01.2024;18;1.0;723;50;706;50;17;49
TE012;14.01.2024;19;1.0;631;54;616;54;15;53
TE012;14.01.2024;20;1.0;450;56;437;56;13;58
TE012;14.01.2024;21;1.0;348;56;341;56;7;59
TE012;14.01.2024;22;1.0;321;59;312;59;9;59
TE012;14.01.2024;23;1.0;213;57;207;57;6;59
TE012;15.01.2024;0;1.0;124;60;121;60;3;52
TE012;15.01.2024;1;1.0;82;58;78;59;4;50
TE012;15.01.2024;2;1.0;54;59;51;59;3;45
TE012;15.01.2024;3;1.0;65;58;60;58;5;52
TE012;15.01.2024;4;1.0;94;60;79;59;15;67
TE012;15.01.2024;5;1.0;193;62;182;62;11;62
TE012;15.01.2024;6;1.0;380;50;359;50;21;50
TE012;15.01.2024;7;1.0;722;41;686;41;36;42
TE012;15.01.2024;8;1.0;671;42;652;42;19;42
TE012;15.01.2024;9;1.0;663;46;640;45;23;47
TE012;15.01.2024;10;1.0;655;44;629;44;26;43
TE012;15.01.2024;11;1.0;827;44;798;44;29;45
TE012;15.01.2024;12;1.0;850;43;821;43;29;44
TE012;15.01.2024;13;1.0;974;41;952;41;22;40
TE012;15.01.2024;14;1.0;1139;37;1114;37;25;38
TE012;15.01.2024;15;1.0;1156;42;1132;42;24;46
TE012;15.01.2024;16;1.0;1152;42;1133;42;19;36
TE012;15.01.2024;17;1.0;1035;44;1023;44;12;42
TE012;15.01.2024;18;1.0;1036;51;1020;51;16;52
TE012;15.01.2024;19;1.0;819;56;805;56;14;51
TE012;15.01.2024;20;1.0;598;55;580;55;18;54
TE012;15.01.2024;21;1.0;465;53;452;54;13;52
TE012;15.01.2024;22;1.0;401;57;388;57;13;54
TE012;15.01.2024;23;1.0;234;58;222;58;12;57
TE012;16.01.2024;0;1.0;114;61;110;61;4;46
TE012;16.01.2024;1;1.0;87;58;85;58;2;48
TE012;16.01.2024;2;1.0;50;50;45;51;5;39
TE012;16.01.2024;3;1.0;75;50;70;51;5;46
TE012;16.01.2024;4;1.0;126;52;111;51;15;52
TE012;16.01.2024;5;1.0;210;47;193;47;17;51
TE012;16.01.2024;6;1.0;361;44;348;45;13;42
TE012;16.01.2024;7;1.0;690;38;674;38;16;39
TE012;16.01.2024;8;1.0;667;40;652;40;15;39
TE012;16.01.2024;9;1.0;641;42;617;42;24;42
TE012;16.01.2024;10;1.0;691;42;667;42;24;41
TE012;16.01.2024;11;1.0;825;43;788;43;37;41
TE012;16.01.2024;12;1.0;914;43;888;43;26;42
TE012;16.01.2024;13;1.0;1007;42;987;42;20;39
TE012;16.01.2024;14;1.0;1150;39;1127;39;23;37
TE012;16.01.2024;15;1.0;1208;43;1187;43;21;45
TE012;16.01.2024;16;1.0;1177;33;1150;33;27;26
TE012;16.01.2024;17;1.0;1143;43;1133;43;10;41
TE012;16.01.2024;18;1.0;1133;50;1117;50;16;47
TE012;16.01.2024;19;1.0;903;53;891;53;12;53
TE012;16.01.2024;20;1.0;682;55;664;55;18;54
TE012;16.01.2024;21;1.0;505;56;489;56;16;54
TE012;16.01.2024;22;1.0;402;58;391;58;11;58
TE012;16.01.2024;23;1.0;287;55;279;55;8;54
TE012;17.01.2024;0;1.0;129;50;125;51;4;46
TE012;17.01.2024;1;1.0;86;52;83;52;3;46
TE012;17.01.2024;2;1.0;40;55;36;55;4;54
TE012;17.01.2024;3;1.0;80;58;76;58;4;56
TE012;17.01.2024;4;1.0;110;57;99;57;11;57
TE012;17.01.2024;5;1.0;223;52;207;51;16;51
TE012;17.01.2024;6;1.0;403;47;373;47;30;48
TE012;17.01.2024;7;1.0;734;36;704;36;31;35
TE012;17.01.2024;8;1.0;710;38;685;38;25;38
TE012;17.01.2024;9;1.0;693;38;660;38;33;37
TE012;17.01.2024;10;1.0;704;40;673;41;31;40
TE012;17.01.2024;11;1.0;853;42;819;42;34;42
TE012;17.01.2024;12;1.0;951;40;912;40;39;40
TE012;17.01.2024;13;1.0;971;42;923;42;48;41
TE012;17.01.2024;14;1.0;1209;41;1172;41;37;41
TE012;17.01.2024;15;1.0;1337;42;1306;42;31;41
TE012;17.01.2024;16;1.0;1257;41;1242;41;15;39
TE012;17.01.2024;17;1.0;1188;45;1176;45;12;44
TE012;17.01.2024;18;1.0;1029;52;1019;52;10;50
TE012;17.01.2024;19;1.0;836;53;824;53;12;51
TE012;17.01.2024;20;1.0;601;53;586;53;15;51
TE012;17.01.2024;21;1.0;520;54;511;54;9;54
TE012;17.01.2024;22;1.0;424;58;413;58;11;56
TE012;17.01.2024;23;1.0;288;59;279;59;9;59
TE012;18.01.2024;0;1.0;142;61;136;61;6;62
TE012;18.01.2024;1;1.0;84;58;81;58;3;58
TE012;18.01.2024;2;1.0;86;60;83;59;3;64
TE012;18.01.2024;3;1.0;82;54;77;55;4;62
TE012;18.01.2024;4;1.0;115;53;107;53;7;61
TE012;18.01.2024;5;1.0;197;59;189;60;8;54
TE012;18.01.2024;6;1.0;405;50;394;50;11;51
TE012;18.01.2024;7;1.0;747;42;726;42;21;43
TE012;18.01.2024;8;1.0;707;43;683;43;24;43
TE012;18.01.2024;9;1.0;716;44;686;44;30;43
TE012;18.01.2024;10;1.0;716;43;682;43;34;43
TE012;18.01.2024;11;1.0;861;44;823;44;38;43
TE012;18.01.2024;12;1.0;929;42;894;42;35;42
TE012;18.01.2024;13;1.0;986;39;940;39;46;40
TE012;18.01.2024;14;1.0;1141;39;1116;39;25;39
TE012;18.01.2024;15;1.0;1255;39;1234;39;21;38
TE012;18.01.2024;16;1.0;1225;35;1209;35;16;36
TE012;18.01.2024;17;1.0;1158;40;1145;40;13;38
TE012;18.01.2024;18;1.0;1075;49;1057;49;18;50
TE012;18.01.2024;19;1.0;894;49;885;49;9;49
TE012;18.01.2024;20;1.0;680;49;664;49;16;48
TE012;18.01.2024;21;1.0;554;50;542;50;12;49
TE012;18.01.2024;22;1.0;502;45;490;45;12;47
TE012;18.01.2024;23;1.0;309;46;299;46;10;50
TE012;19.01.2024;0;1.0;184;51;179;52;5;45
TE012;19.01.2024;1;1.0;98;51;96;51;2;47
TE012;19.01.2024;2;1.0;76;55;71;54;5;61
TE012;19.01.2024;3;1.0;66;52;59;52;7;54
TE012;19.01.2024;4;1.0;105;54;96;54;9;57
TE012;19.01.2024;5;1.0;190;51;170;52;20;53
TE012;19.01.2024;6;1.0;389;46;371;46;18;46
TE012;19.01.2024;7;1.0;734;40;701;40;33;40
TE012;19.01.2024;8;1.0;667;42;632;42;35;43
TE012;19.01.2024;9;1.0;717;40;687;40;30;40
TE012;19.01.2024;10;1.0;778;40;734;41;44;41
TE012;19.01.2024;11;1.0;1007;39;979;39;28;40
TE012;19.01.2024;12;1.0;1064;37;1023;37;41;38
TE012;19.01.2024;13;1.0;1188;40;1145;40;43;39
TE012;19.01.2024;14;1.0;1287;35;1255;35;32;34
TE012;19.01.2024;15;1.0;1214;38;1182;38;32;38
TE012;19.01.2024;16;1.0;1186;39;1166;39;20;38
TE012;19.01.2024;17;1.0;1056;41;1033;41;23;41
TE012;19.01.2024;18;1.0;1038;51;1021;51;17;49
TE012;19.01.2024;19;1.0;890;48;876;48;14;45
TE012;19.01.2024;20;1.0;681;47;666;47;15;46
TE012;19.01.2024;21;1.0;591;47;578;47;13;46
TE012;19.01.2024;22;1.0;515;49;501;49;14;50
TE012;19.01.2024;23;1.0;424;52;415;52;9;50
TE012;20.01.2024;0;1.0;312;52;306;52;6;49
TE012;20.01.2024;1;1.0;221;51;217;52;4;46
TE012;20.01.2024;2;1.0;138;52;136;52;2;50
TE012;20.01.2024;3;1.0;128;53;121;53;7;57
TE012;20.01.2024;4;1.0;86;55;81;55;5;60
TE012;20.01.2024;5;1.0;114;55;103;54;11;57
TE012;20.01.2024;6;1.0;174;53;156;53;18;54
TE012;20.01.2024;7;1.0;210;49;198;49;12;49
TE012;20.01.2024;8;1.0;284;49;272;49;12;47
TE012;20.01.2024;9;1.0;507;50;488;50;19;48
TE012;20.01.2024;10;1.0;673;50;649;50;24;49
TE012;20.01.2024;11;1.0;848;47;826;47;22;47
TE012;20.01.2024;12;1.0;992;48;967;48;25;46
TE012;20.01.2024;13;1.0;1048;47;1010;47;38;46
TE012;20.01.2024;14;1.0;1054;48;1026;47;28;48
TE012;20.01.2024;15;1.0;1018;44;988;44;31;41
TE012;20.01.2024;16;1.0;901;45;868;44;33;45
TE012;20.01.2024;17;1.0;921;42;898;42;22;39
TE012;20.01.2024;18;1.0;891;47;869;47;22;47
TE012;20.01.2024;19;1.0;757;48;735;48;22;47
TE012;20.01.2024;20;1.0;669;47;649;47;20;48
TE012;20.01.2024;21;1.0;546;48;522;48;24;49
TE012;20.01.2024;22;1.0;484;47;470;47;14;48
TE012;20.01.2024;23;1.0;453;47;438;47;15;48
TE012;21.01.2024;0;1.0;376;49;366;49;10;47
TE012;21.01.2024;1;1.0;259;48;253;48;6;48
TE012;21.01.2024;2;1.0;176;50;172;50;4;54
TE012;21.01.2024;3;1.0;143;54;138;54;5;51
TE012;21.01.2024;4;1.0;88;51;80;51;8;50
TE012;21.01.2024;5;1.0;109;59;101;59;8;65
TE012;21.01.2024;6;1.0;113;58;103;58;10;60
TE012;21.01.2024;7;1.0;107;53;94;53;13;55
TE012;21.01.2024;8;1.0;188;55;175;54;13;54
TE012;21.01.2024;9;1.0;285;51;274;51;11;50
TE012;21.01.2024;10;1.0;435;46;421;46;15;43
TE012;21.01.2024;11;1.0;597;47;581;47;16;47
TE012;21.01.2024;12;1.0;691;43;667;43;24;43
TE012;21.01.2024;13;1.0;770;47;747;47;23;49
TE012;21.01.2024;14;1.0;828;47;801;47;27;49
TE012;21.01.2024;15;1.0;735;48;716;48;19;49
TE012;21.01.2024;16;1.0;785;49;757;49;28;50
TE012;21.01.2024;17;1.0;805;43;784;43;21;43
TE012;21.01.2024;18;1.0;760;51;742;51;18;50
TE012;21.01.2024;19;1.0;679;50;665;50;14;48
TE012;21.01.2024;20;1.0;483;51;464;51;19;50
TE012;21.01.2024;21;1.0;368;51;351;51;17;50
TE012;21.01.2024;22;1.0;309;52;295;52;14;52
TE012;21.01.2024;23;1.0;208;54;197;55;11;53
TE012;22.01.2024;0;1.0;133;54;125;54;8;53
TE012;22.01.2024;1;1.0;83;55;76;55;7;53
TE012;22.01.2024;2;1.0;77;59;68;59;9;57
TE012;22.01.2024;3;1.0;63;56;47;55;16;60
TE012;22.01.2024;4;1.0;81;54;64;54;17;56
TE012;22.01.2024;5;1.0;211;53;183;53;28;55
TE012;22.01.2024;6;1.0;424;45;382;45;42;45
TE012;22.01.2024;7;1.0;741;41;670;41;71;41
TE012;22.01.2024;8;1.0;679;41;623;41;56;42
TE012;22.01.2024;9;1.0;748;37;718;37;30;37
TE012;22.01.2024;10;1.0;729;38;697;38;33;37
TE012;22.01.2024;11;1.0;832;37;772;37;59;38
TE012;22.01.2024;12;1.0;940;41;885;41;55;42
TE012;22.01.2024;13;1.0;1026;41;967;41;59;41
TE012;22.01.2024;14;1.0;1184;40;1140;40;44;39
TE012;22.01.2024;15;1.0;1257;42;1216;42;41;41
TE012;22.01.2024;16;1.0;1276;39;1228;39;48;39
TE012;22.01.2024;17;1.0;1095;43;1074;43;21;42
TE012;22.01.2024;18;1.0;1048;49;1025;49;23;46
TE012;22.01.2024;19;1.0;857;50;839;50;18;51
TE012;22.01.2024;20;1.0;706;50;682;50;24;50
TE012;22.01.2024;21;1.0;440;52;427;52;13;50
TE012;22.01.2024;22;1.0;417;51;408;51;9;52
TE012;22.01.2024;23;1.0;249;52;237;52;12;52
TE012;23.01.2024;0;1.0;128;53;123;53;5;53
TE012;23.01.2024;1;1.0;71;58;68;58;3;59
TE012;23.01.2024;2;1.0;82;56;74;56;8;51
TE012;23.01.2024;3;1.0;48;55;43;55;5;51
TE012;23.01.2024;4;1.0;106;56;90;55;16;56
TE012;23.01.2024;5;1.0;224;53;211;53;13;56
TE012;23.01.2024;6;1.0;372;47;351;47;21;47
TE012;23.01.2024;7;1.0;698;38;664;38;34;38
TE012;23.01.2024;8;1.0;751;40;718;40;33;38
TE012;23.01.2024;9;1.0;777;40;736;40;41;41
TE012;23.01.2024;10;1.0;836;36;786;36;50;36
TE012;23.01.2024;11;1.0;927;36;872;36;54;37
TE012;23.01.2024;12;1.0;1034;36;987;36;47;36
TE012;23.01.2024;13;1.0;1060;37;1029;37;31;38
TE012;23.01.2024;14;1.0;1309;39;1268;39;41;37
TE012;23.01.2024;15;1.0;1241;41;1223;41;18;39
TE012;23.01.2024;16;1.0;1307;38;1284;39;23;40
TE012;23.01.2024;17;1.0;1155;41;1142;41;13;41
TE012;23.01.2024;18;1.0;1137;46;1114;46;23;44
TE012;23.01.2024;19;1.0;904;48;883;48;21;47
TE012;23.01.2024;20;1.0;695;47;678;47;17;48
TE012;23.01.2024;21;1.0;557;49;546;49;11;48
TE012;23.01.2024;22;1.0;459;53;445;53;14;52
TE012;23.01.2024;23;1.0;264;55;253;55;11;54
TE012;24.01.2024;0;1.0;110;57;107;58;3;49
TE012;24.01.2024;1;1.0;73;58;69;58;4;60
TE012;24.01.2024;2;1.0;57;58;56;59;1;51
TE012;24.01.2024;3;1.0;64;54;58;53;6;60
TE012;24.01.2024;4;1.0;101;57;91;56;10;61
TE012;24.01.2024;5;1.0;267;54;253;53;14;55
TE012;24.01.2024;6;1.0;434;47;396;47;38;46
TE012;24.01.2024;7;1.0;724;40;671;40;53;39
TE012;24.01.2024;8;1.0;742;39;708;39;34;40
TE012;24.01.2024;9;1.0;763;39;721;39;42;40
TE012;24.01.2024;10;1.0;778;36;755;37;23;37
TE012;24.01.2024;11;1.0;900;37;845;37;56;38
TE012;24.01.2024;12;1.0;962;40;911;40;51;41
TE012;24.01.2024;13;1.0;1082;40;1020;40;62;40
TE012;24.01.2024;14;1.0;1286;39;1236;39;50;38
TE012;24.01.2024;15;1.0;1320;39;1278;39;42;40
TE012;24.01.2024;16;1.0;1330;37;1291;37;39;33
TE012;24.01.2024;17;1.0;1164;44;1145;44;19;43
TE012;24.01.2024;18;1.0;1092;49;1074;49;18;48
TE012;24.01.2024;19;1.0;920;52;904;52;16;49
TE012;24.01.2024;20;1.0;707;49;692;49;15;48
TE012;24.01.2024;21;1.0;483;53;467;53;16;52
TE012;24.01.2024;22;1.0;435;53;425;53;10;53
TE012;24.01.2024;23;1.0;303;54;295;54;8;53
TE012;25.01.2024;0;1.0;144;54;140;54;4;49
TE012;25.01.2024;1;1.0;87;55;80;55;7;58
TE012;25.01.2024;2;1.0;58;57;52;57;6;56
TE012;25.01.2024;3;1.0;56;58;50;58;6;60
TE012;25.01.2024;4;1.0;101;59;85;59;16;61
TE012;25.01.2024;5;1.0;239;50;216;50;23;52
TE012;25.01.2024;6;1.0;459;50;435;50;24;50
TE012;25.01.2024;7;1.0;740;38;708;38;32;38
TE012;25.01.2024;8;1.0;764;42;721;42;43;42
TE012;25.01.2024;9;1.0;737;41;706;41;31;41
TE012;25.01.2024;10;1.0;807;41;792;41;15;39
TE012;25.01.2024;11;1.0;959;41;935;41;24;41
TE012;25.01.2024;12;1.0;1017;40;984;40;33;40
TE012;25.01.2024;13;1.0;1061;40;1021;40;40;38
TE012;25.01.2024;14;1.0;1221;39;1179;39;42;39
TE012;25.01.2024;15;1.0;1313;37;1275;37;38;36
TE012;25.01.2024;16;1.0;1338;36;1312;36;26;30
TE012;25.01.2024;17;1.0;1205;40;1191;40;14;42
TE012;25.01.2024;18;1.0;1184;50;1177;50;7;49
TE012;25.01.2024;19;1.0;939;54;931;54;8;53
TE012;25.01.2024;20;1.0;738;53;724;54;14;51
TE012;25.01.2024;21;1.0;550;53;539;53;11;51
TE012;25.01.2024;22;1.0;509;50;494;50;15;48
TE012;25.01.2024;23;1.0;335;55;325;55;10;56
TE012;26.01.2024;0;1.0;144;51;139;51;5;39
TE012;26.01.2024;1;1.0;103;54;100;55;3;45
TE012;26.01.2024;2;1.0;74;56;67;58;7;48
TE012;26.01.2024;3;1.0;69;53;63;53;6;53
TE012;26.01.2024;4;1.0;121;57;110;56;11;59
TE012;26.01.2024;5;1.0;223;55;206;55;17;53
TE012;26.01.2024;6;1.0;427;48;397;48;30;46
TE012;26.01.2024;7;1.0;764;38;723;38;41;38
TE012;26.01.2024;8;1.0;767;40;739;40;28;39
TE012;26.01.2024;9;1.0;739;43;705;43;34;44
TE012;26.01.2024;10;1.0;823;43;797;43;26;42
TE012;26.01.2024;11;1.0;944;42;917;42;27;42
TE012;26.01.2024;12;1.0;1120;36;1084;36;36;37
TE012;26.01.2024;13;1.0;1127;42;1109;42;18;43
TE012;26.01.2024;14;1.0;1259;42;1246;42;13;42
TE012;26.01.2024;15;1.0;1287;39;1266;39;21;37
TE012;26.01.2024;16;1.0;1194;39;1166;39;28;36
TE012;26.01.2024;17;1.0;1147;41;1128;41;19;39
TE012;26.01.2024;18;1.0;1048;50;1033;50;15;47
TE012;26.01.2024;19;1.0;891;52;879;52;12;50
TE012;26.01.2024;20;1.0;708;48;687;48;21;49
TE012;26.01.2024;21;1.0;640;49;627;49;13;49
TE012;26.01.2024;22;1.0;515;50;499;50;16;49
TE012;26.01.2024;23;1.0;508;50;498;50;10;51
TE012;27.01.2024;0;1.0;318;52;311;52;7;51
TE012;27.01.2024;1;1.0;208;54;205;54;3;55
TE012;27.01.2024;2;1.0;164;53;160;53;4;46
TE012;27.01.2024;3;1.0;121;55;111;55;10;54
TE012;27.01.2024;4;1.0;120;57;114;57;6;55
TE012;27.01.2024;5;1.0;109;51;99;51;10;54
TE012;27.01.2024;6;1.0;180;53;164;53;16;54
TE012;27.01.2024;7;1.0;193;52;178;52;15;52
TE012;27.01.2024;8;1.0;328;50;313;50;15;48
TE012;27.01.2024;9;1.0;580;49;561;49;19;50
TE012;27.01.2024;10;1.0;854;48;831;48;23;46
TE012;27.01.2024;11;1.0;987;49;966;49;21;48
TE012;27.01.2024;12;1.0;970;50;946;50;24;48
TE012;27.01.2024;13;1.0;1024;48;1002;48;22;46
TE012;27.01.2024;14;1.0;1008;46;981;47;27;45
TE012;27.01.2024;15;1.0;982;47;962;47;20;46
TE012;27.01.2024;16;1.0;951;46;926;46;25;45
TE012;27.01.2024;17;1.0;909;45;887;45;22;44
TE012;27.01.2024;18;1.0;901;47;875;47;26;46
TE012;27.01.2024;19;1.0;808;45;790;46;18;44
TE012;27.01.2024;20;1.0;667;47;647;47;20;46
TE012;27.01.2024;21;1.0;601;45;588;45;13;44
TE012;27.01.2024;22;1.0;479;49;466;49;13;49
TE012;27.01.2024;23;1.0;508;48;497;48;11;45
TE012;28.01.2024;0;1.0;346;46;337;46;9;43
TE012;28.01.2024;1;1.0;241;50;237;50;4;50
TE012;28.01.2024;2;1.0;182;49;178;49;4;54
TE012;28.01.2024;3;1.0;147;50;144;50;3;50
TE012;28.01.2024;4;1.0;103;48;99;48;4;50
TE012;28.01.2024;5;1.0;124;48;116;47;8;46
TE012;28.01.2024;6;1.0;121;49;109;50;12;46
TE012;28.01.2024;7;1.0;112;48;106;48;6;46
TE012;28.01.2024;8;1.0;195;45;185;45;10;49
TE012;28.01.2024;9;1.0;338;49;329;49;9;52
TE012;28.01.2024;10;1.0;475;50;463;49;12;52
TE012;28.01.2024;11;1.0;630;49;615;49;15;49
TE012;28.01.2024;12;1.0;789;48;776;48;13;49
TE012;28.01.2024;13;1.0;917;45;893;45;24;46
TE012;28.01.2024;14;1.0;902;45;877;45;25;46
TE012;28.01.2024;15;1.0;851;48;828;48;23;47
TE012;28.01.2024;16;1.0;891;48;874;48;17;50
TE012;28.01.2024;17;1.0;843;46;823;46;20;48
TE012;28.01.2024;18;1.0;847;47;830;47;17;47
TE012;28.01.2024;19;1.0;705;47;681;47;24;46
TE012;28.01.2024;20;1.0;541;49;522;49;19;46
TE012;28.01.2024;21;1.0;394;49;383;49;11;45
TE012;28.01.2024;22;1.0;342;50;332;50;10;48
TE012;28.01.2024;23;1.0;216;50;204;50;12;50
TE012;29.01.2024;0;1.0;131;51;123;51;8;49
TE012;29.01.2024;1;1.0;80;52;73;52;7;57
TE012;29.01.2024;2;1.0;40;50;34;51;6;48
TE012;29.01.2024;3;1.0;79;55;69;54;10;56
TE012;29.01.2024;4;1.0;82;53;74;54;8;52
TE012;29.01.2024;5;1.0;221;52;204;52;17;56
TE012;29.01.2024;6;1.0;395;45;372;45;23;46
TE012;29.01.2024;7;1.0;702;40;672;40;30;41
TE012;29.01.2024;8;1.0;700;40;670;40;30;41
TE012;29.01.2024;9;1.0;726;39;689;39;37;39
TE012;29.01.2024;10;1.0;798;39;737;39;61;40
TE012;29.01.2024;11;1.0;931;39;884;39;47;40
TE012;29.01.2024;12;1.0;1022;38;946;38;76;39
TE012;29.01.2024;13;1.0;1043;40;992;40;51;40
TE012;29.01.2024;14;1.0;832;42;811;42;21;41
TE012;29.01.2024;15;1.0;790;43;776;43;14;42
TE012;29.01.2024;16;1.0;1420;37;1391;37;29;38
TE012;29.01.2024;17;1.0;1198;39;1179;39;19;40
TE012;29.01.2024;18;1.0;1008;47;992;47;16;48
TE012;29.01.2024;19;1.0;853;49;831;49;22;50
TE012;29.01.2024;20;1.0;586;48;570;48;16;46
TE012;29.01.2024;21;1.0;507;47;494;47;13;45
TE012;29.01.2024;22;1.0;407;49;398;49;9;49
TE012;29.01.2024;23;1.0;233;51;222;51;11;52
TE012;30.01.2024;0;1.0;126;52;121;52;5;48
TE012;30.01.2024;1;1.0;86;53;81;53;5;45
TE012;30.01.2024;2;1.0;57;50;51;49;6;55
TE012;30.01.2024;3;1.0;62;52;55;53;7;49
TE012;30.01.2024;4;1.0;110;53;92;53;18;54
TE012;30.01.2024;5;1.0;215;54;203;55;12;52
TE012;30.01.2024;6;1.0;404;43;388;43;16;42
TE012;30.01.2024;7;1.0;754;38;719;38;35;38
TE012;30.01.2024;8;1.0;746;39;700;39;46;39
TE012;30.01.2024;9;1.0;747;39;704;39;43;39
TE012;30.01.2024;10;1.0;829;37;777;37;52;38
TE012;30.01.2024;11;1.0;939;37;884;37;55;37
TE012;30.01.2024;12;1.0;1012;38;969;38;43;39
TE012;30.01.2024;13;1.0;1082;39;1040;39;42;38
TE012;30.01.2024;14;1.0;1246;38;1182;38;64;37
TE012;30.01.2024;15;1.0;1320;32;1260;32;60;30
TE012;30.01.2024;16;1.0;1289;38;1246;37;43;36
TE012;30.01.2024;17;1.0;1166;43;1146;43;20;43
TE012;30.01.2024;18;1.0;1162;47;1133;47;29;46
TE012;30.01.2024;19;1.0;942;51;921;51;21;49
TE012;30.01.2024;20;1.0;682;53;664;53;18;53
TE012;30.01.2024;21;1.0;562;51;551;51;11;52
TE012;30.01.2024;23;1.0;279;54;271;54;8;50
TE012;31.01.2024;0;1.0;137;53;134;53;3;52
TE012;31.01.2024;1;1.0;79;57;73;57;6;54
TE012;31.01.2024;2;1.0;87;57;77;57;10;61
TE012;31.01.2024;3;1.0;70;57;58;56;12;63
TE012;31.01.2024;4;1.0;110;52;84;51;26;56
TE012;31.01.2024;5;1.0;222;55;196;55;26;55
TE012;31.01.2024;6;1.0;433;46;392;46;41;47
TE012;31.01.2024;7;1.0;741;39;704;39;37;41
TE012;31.01.2024;8;1.0;690;42;662;42;28;41
TE012;31.01.2024;9;1.0;737;41;711;41;26;41
TE012;31.01.2024;10;1.0;830;40;804;40;26;40
TE012;31.01.2024;11;1.0;1008;40;959;40;49;39
TE012;31.01.2024;12;1.0;1037;41;970;41;67;42
TE012;31.01.2024;13;1.0;1062;42;1017;43;45;40
TE012;31.01.2024;14;1.0;1286;41;1228;41;58;42
TE012;31.01.2024;15;1.0;1390;35;1346;36;44;34
TE012;31.01.2024;16;1.0;1213;43;1191;43;22;45
TE012;31.01.2024;17;1.0;1203;43;1191;43;12;43
TE012;31.01.2024;18;1.0;1110;50;1100;50;10;47
TE012;31.01.2024;19;1.0;856;53;846;53;10;55
TE012;31.01.2024;20;1.0;715;52;702;52;13;52
TE012;31.01.2024;21;1.0;510;55;500;55;10;53
TE012;31.01.2024;22;1.0;454;55;444;55;10;55
TE012;31.01.2024;23;1.0;459;57;449;57;10;55
TE013;08.01.2024;10;1.0;770;45;752;45;18;47
TE013;08.01.2024;11;1.0;766;45;756;45;10;46
TE013;08.01.2024;12;1.0;765;46;738;45;27;47
TE013;08.01.2024;13;1.0;788;45;761;45;27;44
TE013;08.01.2024;14;1.0;795;44;777;44;18;44
TE013;08.01.2024;15;1.0;829;44;818;44;11;42
TE013;08.01.2024;16;1.0;782;43;769;43;13;42
TE013;08.01.2024;17;1.0;796;43;791;43;5;41
TE013;08.01.2024;18;1.0;630;43;621;43;9;45
TE013;08.01.2024;19;1.0;444;44;436;44;8;45
TE013;08.01.2024;20;1.0;349;46;336;46;13;40
TE013;08.01.2024;21;1.0;260;46;248;47;12;44
TE013;08.01.2024;22;1.0;192;48;182;47;10;45
TE013;08.01.2024;23;1.0;121;48;113;48;8;44
TE013;09.01.2024;0;1.0;66;48;57;49;9;44
TE013;09.01.2024;1;1.0;45;48;42;48;3;43
TE013;09.01.2024;2;1.0;48;49;40;51;8;40
TE013;09.01.2024;3;1.0;53;51;50;51;3;47
TE013;09.01.2024;4;1.0;196;48;191;48;5;45
TE013;09.01.2024;5;1.0;781;49;770;49;11;46
TE013;09.01.2024;6;1.0;1113;47;1103;47;10;48
TE013;09.01.2024;7;1.0;1155;46;1139;46;16;45
TE013;09.01.2024;8;1.0;1181;46;1164;46;17;47
TE013;09.01.2024;9;1.0;972;47;961;47;11;46
TE013;09.01.2024;10;1.0;843;46;817;46;26;47
TE013;09.01.2024;11;1.0;849;45;835;45;14;45
TE013;09.01.2024;12;1.0;795;46;772;46;23;46
TE013;09.01.2024;13;1.0;860;46;842;46;18;48
TE013;09.01.2024;14;1.0;817;44;805;44;12;46
TE013;09.01.2024;15;1.0;938;42;929;42;9;42
TE013;09.01.2024;16;1.0;859;42;847;42;12;41
TE013;09.01.2024;17;1.0;875;43;866;43;9;41
TE013;09.01.2024;18;1.0;720;39;705;39;14;36
TE013;09.01.2024;19;1.0;542;45;524;45;18;41
TE013;09.01.2024;20;1.0;356;46;339;46;17;43
TE013;09.01.2024;21;1.0;264;48;254;48;10;45
TE013;09.01.2024;22;1.0;190;47;180;48;10;44
TE013;09.01.2024;23;1.0;128;48;119;48;9;41
TE013;10.01.2024;0;1.0;70;47;59;49;11;40
TE013;10.01.2024;1;1.0;58;48;54;49;4;42
TE013;10.01.2024;2;1.0;42;52;38;53;4;45
TE013;10.01.2024;3;1.0;66;49;62;50;4;45
TE013;10.01.2024;4;1.0;200;49;194;49;6;44
TE013;10.01.2024;5;1.0;829;50;819;50;10;49
TE013;10.01.2024;6;1.0;1115;49;1103;49;12;50
TE013;10.01.2024;7;1.0;1231;47;1220;47;11;47
TE013;10.01.2024;8;1.0;1074;37;1046;37;28;36
TE013;10.01.2024;9;1.0;860;43;835;43;25;38
TE013;10.01.2024;10;1.0;873;45;852;44;21;45
TE013;10.01.2024;11;1.0;842;44;812;44;30;44
TE013;10.01.2024;12;1.0;843;44;813;44;30;44
TE013;10.01.2024;13;1.0;911;44;883;44;28;43
TE013;10.01.2024;14;1.0;833;44;820;44;13;44
TE013;10.01.2024;15;1.0;886;43;873;43;13;43
TE013;10.01.2024;16;1.0;893;43;890;43;3;43
TE013;10.01.2024;17;1.0;873;42;861;42;12;41
TE013;10.01.2024;18;1.0;770;42;756;42;14;38
TE013;10.01.2024;19;1.0;531;44;512;44;19;43
TE013;10.01.2024;20;1.0;408;46;388;46;20;42
TE013;10.01.2024;21;1.0;258;47;244;47;14;46
TE013;10.01.2024;22;1.0;195;48;187;48;8;44
TE013;10.01.2024;23;1.0;113;49;107;50;6;46
TE013;11.01.2024;0;1.0;57;47;49;46;8;46
TE013;11.01.2024;1;1.0;63;48;62;48;1;55
TE013;11.01.2024;2;1.0;36;46;36;46;0;-1
TE013;11.01.2024;3;1.0;66;48;62;48;4;48
TE013;11.01.2024;4;1.0;208;49;201;49;7;45
TE013;11.01.2024;5;1.0;804;55;800;54;4;56
TE013;11.01.2024;6;1.0;1027;51;1023;51;4;48
TE013;11.01.2024;7;1.0;1192;47;1186;47;6;43
TE013;11.01.2024;8;1.0;1106;43;1098;44;6;44
TE013;11.01.2024;9;1.0;968;49;962;49;6;46
TE013;11.01.2024;10;1.0;884;50;877;50;7;49
TE013;11.01.2024;11;1.0;803;49;798;49;5;47
TE013;11.01.2024;12;1.0;836;49;828;49;8;46
TE013;11.01.2024;13;1.0;880;49;867;49;13;47
TE013;11.01.2024;14;1.0;822;47;809;47;13;45
TE013;11.01.2024;15;1.0;860;47;846;47;14;45
TE013;11.01.2024;16;1.0;789;45;785;45;4;45
TE013;11.01.2024;17;1.0;793;46;789;46;4;44
TE013;11.01.2024;18;1.0;729;45;718;45;11;42
TE013;11.01.2024;19;1.0;548;47;532;47;16;42
TE013;11.01.2024;20;1.0;382;48;365;48;17;46
TE013;11.01.2024;21;1.0;295;49;284;49;11;48
TE013;11.01.2024;22;1.0;189;50;185;50;4;42
TE013;11.01.2024;23;1.0;123;49;114;50;9;44
TE013;12.01.2024;0;1.0;71;50;64;50;7;45
TE013;12.01.2024;1;1.0;62;52;58;53;4;42
TE013;12.01.2024;2;1.0;52;48;49;48;3;48
TE013;12.01.2024;3;1.0;74;51;73;51;1;50
TE013;12.01.2024;4;1.0;205;52;203;52;2;54
TE013;12.01.2024;5;1.0;691;52;687;52;4;48
TE013;12.01.2024;6;1.0;948;51;942;51;6;49
TE013;12.01.2024;7;1.0;1131;47;1125;47;6;46
TE013;12.01.2024;8;1.0;1092;47;1084;47;8;48
TE013;12.01.2024;9;1.0;987;48;970;48;17;47
TE013;12.01.2024;10;1.0;868;47;850;47;18;44
TE013;12.01.2024;11;1.0;848;48;840;48;8;46
TE013;12.01.2024;12;1.0;896;48;889;48;7;43
TE013;12.01.2024;13;1.0;902;47;893;47;9;45
TE013;12.01.2024;14;1.0;911;46;903;46;8;46
TE013;12.01.2024;15;1.0;918;46;913;46;5;44
TE013;12.01.2024;16;1.0;916;46;914;46;2;44
TE013;12.01.2024;17;1.0;925;44;912;44;13;42
TE013;12.01.2024;18;1.0;779;46;768;46;11;43
TE013;12.01.2024;19;1.0;654;47;635;47;19;45
TE013;12.01.2024;20;1.0;469;49;445;49;24;46
TE013;12.01.2024;21;1.0;332;50;321;50;11;50
TE013;12.01.2024;22;1.0;267;50;255;50;12;48
TE013;12.01.2024;23;1.0;219;49;212;49;7;48
TE013;13.01.2024;0;1.0;158;49;149;50;9;48
TE013;13.01.2024;1;1.0;105;49;102;49;3;45
TE013;13.01.2024;2;1.0;86;48;83;48;3;46
TE013;13.01.2024;3;1.0;74;50;69;50;5;46
TE013;13.01.2024;4;1.0;93;52;87;52;6;50
TE013;13.01.2024;5;1.0;174;52;165;53;9;51
TE013;13.01.2024;6;1.0;171;53;162;53;9;53
TE013;13.01.2024;7;1.0;244;52;235;52;9;47
TE013;13.01.2024;8;1.0;376;54;369;54;7;50
TE013;13.01.2024;9;1.0;594;54;586;54;8;50
TE013;13.01.2024;10;1.0;701;53;696;54;5;46
TE013;13.01.2024;11;1.0;843;49;838;49;5;44
TE013;13.01.2024;12;1.0;832;47;826;47;6;44
TE013;13.01.2024;13;1.0;913;47;906;47;7;47
TE013;13.01.2024;14;1.0;853;49;849;49;4;44
TE013;13.01.2024;15;1.0;776;50;771;50;5;44
TE013;13.01.2024;16;1.0;727;49;725;49;2;48
TE013;13.01.2024;17;1.0;742;50;738;50;4;47
TE013;13.01.2024;18;1.0;721;49;709;50;12;44
TE013;13.01.2024;19;1.0;537;50;522;50;15;46
TE013;13.01.2024;20;1.0;463;50;446;50;17;48
TE013;13.01.2024;21;1.0;332;50;321;50;11;44
TE013;13.01.2024;22;1.0;294;50;289;50;5;44
TE013;13.01.2024;23;1.0;243;51;236;51;7;48
TE013;14.01.2024;0;1.0;172;52;166;52;6;47
TE013;14.01.2024;1;1.0;142;49;139;50;3;45
TE013;14.01.2024;2;1.0;149;49;147;49;2;46
TE013;14.01.2024;3;1.0;67;51;65;51;2;44
TE013;14.01.2024;4;1.0;90;51;88;51;2;47
TE013;14.01.2024;5;1.0;135;49;131;49;4;47
TE013;14.01.2024;6;1.0;101;50;96;50;5;46
TE013;14.01.2024;7;1.0;117;49;111;50;6;44
TE013;14.01.2024;8;1.0;182;50;176;50;6;47
TE013;14.01.2024;9;1.0;422;52;414;52;8;49
TE013;14.01.2024;10;1.0;524;51;513;51;11;49
TE013;14.01.2024;11;1.0;598;51;587;51;11;51
TE013;14.01.2024;12;1.0;668;51;653;51;15;49
TE013;14.01.2024;13;1.0;759;49;742;49;17;49
TE013;14.01.2024;14;1.0;810;48;798;48;12;45
TE013;14.01.2024;15;1.0;742;47;729;47;13;44
TE013;14.01.2024;16;1.0;699;47;683;47;16;46
TE013;14.01.2024;17;1.0;659;48;650;48;9;43
TE013;14.01.2024;18;1.0;592;48;578;48;14;47
TE013;14.01.2024;19;1.0;448;50;436;50;12;48
TE013;14.01.2024;20;1.0;426;49;413;49;13;47
TE013;14.01.2024;21;1.0;274;47;262;47;12;48
TE013;14.01.2024;22;1.0;198;52;191;52;7;48
TE013;14.01.2024;23;1.0;128;51;124;52;4;48
TE013;15.01.2024;0;1.0;129;44;123;44;6;40
TE013;15.01.2024;1;1.0;51;54;48;54;3;44
TE013;15.01.2024;2;1.0;50;52;49;52;1;41
TE013;15.01.2024;3;1.0;72;54;65;53;7;53
TE013;15.01.2024;4;1.0;214;47;211;47;3;54
TE013;15.01.2024;5;1.0;735;52;727;52;8;49
TE013;15.01.2024;6;1.0;1054;44;1042;45;12;38
TE013;15.01.2024;7;1.0;1046;45;1038;45;8;46
TE013;15.01.2024;8;1.0;665;45;658;45;7;41
TE013;15.01.2024;9;1.0;847;39;841;39;6;42
TE013;15.01.2024;10;1.0;631;50;620;50;11;48
TE013;15.01.2024;11;1.0;713;50;688;50;25;50
TE013;15.01.2024;12;1.0;744;49;726;49;18;46
TE013;15.01.2024;13;1.0;672;50;659;50;13;49
TE013;15.01.2024;14;1.0;722;47;706;47;16;47
TE013;15.01.2024;15;1.0;793;47;784;47;9;45
TE013;15.01.2024;16;1.0;788;47;777;47;11;45
TE013;15.01.2024;17;1.0;771;48;764;48;7;43
TE013;15.01.2024;18;1.0;695;47;685;47;10;43
TE013;15.01.2024;19;1.0;448;50;440;50;8;46
TE013;15.01.2024;20;1.0;307;51;300;50;7;49
TE013;15.01.2024;21;1.0;248;49;245;49;3;42
TE013;15.01.2024;22;1.0;188;49;185;49;3;43
TE013;15.01.2024;23;1.0;116;51;112;51;4;60
TE013;16.01.2024;0;1.0;75;51;68;52;7;46
TE013;16.01.2024;1;1.0;57;55;56;55;1;50
TE013;16.01.2024;2;1.0;29;45;26;45;3;53
TE013;16.01.2024;3;1.0;78;46;73;46;5;43
TE013;16.01.2024;4;1.0;191;47;187;47;4;48
TE013;16.01.2024;5;1.0;706;37;704;37;2;44
TE013;19.01.2024;12;1.0;869;44;856;44;13;43
TE013;19.01.2024;13;1.0;918;42;909;42;9;39
TE013;19.01.2024;14;1.0;879;44;868;44;11;46
TE013;19.01.2024;15;1.0;907;43;898;43;9;41
TE013;19.01.2024;16;1.0;928;44;921;44;7;41
TE013;19.01.2024;17;1.0;850;42;843;42;7;40
TE013;19.01.2024;18;1.0;763;43;745;43;18;42
TE013;19.01.2024;19;1.0;603;41;587;41;16;40
TE013;19.01.2024;20;1.0;441;44;428;44;13;41
TE013;19.01.2024;21;1.0;376;44;367;44;9;41
TE013;19.01.2024;22;1.0;292;45;285;45;7;43
TE013;19.01.2024;23;1.0;237;47;229;47;8;48
TE013;20.01.2024;0;1.0;142;45;134;45;8;44
TE013;20.01.2024;1;1.0;102;48;101;48;1;41
TE013;20.01.2024;2;1.0;83;48;80;48;3;43
TE013;20.01.2024;3;1.0;75;49;72;49;3;45
TE013;20.01.2024;4;1.0;107;49;102;49;5;44
TE013;20.01.2024;5;1.0;172;51;168;52;4;46
TE013;20.01.2024;6;1.0;204;48;193;48;11;48
TE013;20.01.2024;7;1.0;258;48;250;48;8;48
TE013;20.01.2024;8;1.0;416;50;408;50;8;52
TE013;20.01.2024;9;1.0;678;48;669;48;9;48
TE013;20.01.2024;10;1.0;751;50;743;50;8;46
TE013;20.01.2024;11;1.0;917;47;908;47;9;47
TE013;20.01.2024;12;1.0;973;45;965;45;8;48
TE013;20.01.2024;13;1.0;895;44;888;44;7;40
TE013;20.01.2024;14;1.0;904;46;901;46;3;41
TE013;20.01.2024;15;1.0;827;48;823;48;4;43
TE013;20.01.2024;16;1.0;766;46;761;46;5;44
TE013;20.01.2024;17;1.0;819;44;815;44;4;42
TE013;20.01.2024;18;1.0;746;43;730;43;16;42
TE013;20.01.2024;19;1.0;622;43;606;43;16;41
TE013;20.01.2024;20;1.0;464;45;449;45;15;42
TE013;20.01.2024;21;1.0;343;46;330;46;13;43
TE013;20.01.2024;22;1.0;298;45;289;45;9;43
TE013;20.01.2024;23;1.0;269;45;258;45;11;42
TE013;21.01.2024;0;1.0;159;46;153;46;6;42
TE013;21.01.2024;1;1.0;144;47;140;47;4;51
TE013;21.01.2024;2;1.0;100;48;96;48;4;48
TE013;21.01.2024;3;1.0;83;47;79;47;4;50
TE013;21.01.2024;4;1.0;68;52;65;52;3;47
TE013;21.01.2024;5;1.0;145;50;139;50;6;48
TE013;21.01.2024;6;1.0;97;52;91;53;6;46
TE013;21.01.2024;7;1.0;131;50;124;50;7;47
TE013;21.01.2024;8;1.0;242;50;235;50;7;45
TE013;21.01.2024;9;1.0;496;49;488;49;8;48
TE013;21.01.2024;10;1.0;581;49;571;49;10;46
TE013;21.01.2024;11;1.0;639;49;626;49;13;47
TE013;21.01.2024;12;1.0;678;46;665;46;13;45
TE013;21.01.2024;13;1.0;707;47;694;47;13;45
TE013;21.01.2024;14;1.0;755;46;739;46;16;44
TE013;21.01.2024;15;1.0;705;45;690;45;15;45
TE013;21.01.2024;16;1.0;657;46;641;46;16;44
TE013;21.01.2024;17;1.0;720;45;708;45;12;42
TE013;21.01.2024;18;1.0;644;45;628;45;16;42
TE013;21.01.2024;19;1.0;482;47;468;47;14;46
TE013;21.01.2024;20;1.0;371;48;353;47;18;46
TE013;21.01.2024;21;1.0;278;49;266;49;12;45
TE013;21.01.2024;22;1.0;167;48;156;48;11;43
TE013;21.01.2024;23;1.0;107;48;102;49;5;40
TE013;22.01.2024;0;1.0;62;47;57;48;5;40
TE013;22.01.2024;1;1.0;42;48;35;49;7;44
TE013;22.01.2024;2;1.0;43;48;40;48;3;46
TE013;22.01.2024;3;1.0;65;49;63;49;2;44
TE013;22.01.2024;4;1.0;222;50;205;50;17;49
TE013;22.01.2024;5;1.0;855;48;826;48;29;48
TE013;22.01.2024;6;1.0;1102;47;1063;47;39;46
TE013;22.01.2024;7;1.0;1290;44;1252;44;38;44
TE013;22.01.2024;8;1.0;1107;45;1056;45;51;46
TE013;22.01.2024;9;1.0;970;48;929;48;41;47
TE013;22.01.2024;10;1.0;881;47;852;47;29;47
TE013;22.01.2024;11;1.0;780;47;743;47;37;48
TE013;22.01.2024;12;1.0;810;46;763;46;47;46
TE013;22.01.2024;13;1.0;793;47;763;47;30;46
TE013;22.01.2024;14;1.0;825;46;793;46;32;47
TE013;22.01.2024;15;1.0;811;46;789;46;22;46
TE013;22.01.2024;16;1.0;894;43;871;43;23;43
TE013;22.01.2024;17;1.0;838;44;827;44;11;42
TE013;22.01.2024;18;1.0;705;44;694;44;11;42
TE013;22.01.2024;19;1.0;497;46;482;47;15;44
TE013;22.01.2024;20;1.0;389;47;376;48;13;44
TE013;22.01.2024;21;1.0;301;48;293;48;8;42
TE013;22.01.2024;22;1.0;207;48;199;48;8;43
TE013;22.01.2024;23;1.0;105;48;95;50;10;42
TE013;23.01.2024;0;1.0;54;48;47;49;7;43
TE013;23.01.2024;1;1.0;39;50;32;50;7;51
TE013;23.01.2024;2;1.0;44;47;40;47;4;43
TE013;23.01.2024;3;1.0;77;49;73;49;4;57
TE013;23.01.2024;4;1.0;207;49;202;49;5;47
TE013;23.01.2024;5;1.0;803;48;785;48;18;47
TE013;23.01.2024;6;1.0;1196;46;1185;46;11;44
TE013;23.01.2024;7;1.0;1143;45;1130;45;13;46
TE013;23.01.2024;8;1.0;1094;45;1069;45;25;44
TE013;23.01.2024;9;1.0;992;46;948;46;44;46
TE013;23.01.2024;10;1.0;927;46;890;45;37;45
TE013;23.01.2024;11;1.0;838;47;805;47;33;48
TE013;23.01.2024;12;1.0;843;45;812;45;31;46
TE013;23.01.2024;13;1.0;903;46;864;46;39;46
TE013;23.01.2024;14;1.0;890;45;869;45;21;44
TE013;23.01.2024;15;1.0;901;45;879;45;22;44
TE013;23.01.2024;16;1.0;887;43;870;43;17;43
TE013;23.01.2024;17;1.0;894;43;886;43;8;44
TE013;23.01.2024;18;1.0;767;43;750;43;17;40
TE013;23.01.2024;19;1.0;505;45;484;45;21;44
TE013;23.01.2024;20;1.0;430;46;409;46;21;46
TE013;23.01.2024;21;1.0;283;47;269;47;14;46
TE013;23.01.2024;22;1.0;224;48;217;48;7;45
TE013;23.01.2024;23;1.0;114;50;107;50;7;46
TE013;24.01.2024;0;1.0;65;49;58;49;7;45
TE013;24.01.2024;1;1.0;62;40;60;40;2;46
TE013;24.01.2024;2;1.0;39;54;35;55;4;44
TE013;24.01.2024;3;1.0;74;51;73;51;1;48
TE013;24.01.2024;4;1.0;223;52;212;52;11;49
TE013;24.01.2024;5;1.0;849;51;819;51;30;49
TE013;24.01.2024;6;1.0;1176;47;1130;47;46;47
TE013;24.01.2024;7;1.0;1203;45;1165;45;38;46
TE013;24.01.2024;8;1.0;1195;44;1162;44;33;44
TE013;24.01.2024;9;1.0;1046;45;983;46;63;45
TE013;24.01.2024;10;1.0;970;47;943;47;27;45
TE013;24.01.2024;11;1.0;822;46;801;46;21;46
TE013;24.01.2024;12;1.0;827;45;786;45;41;47
TE013;24.01.2024;13;1.0;829;46;804;46;25;46
TE013;24.01.2024;14;1.0;838;46;817;46;21;47
TE013;24.01.2024;15;1.0;924;45;907;45;17;44
TE013;24.01.2024;16;1.0;884;44;866;44;18;44
TE013;24.01.2024;17;1.0;901;44;880;44;21;44
TE013;24.01.2024;18;1.0;755;44;744;45;11;43
TE013;24.01.2024;19;1.0;534;46;516;46;18;43
TE013;24.01.2024;20;1.0;436;45;417;45;19;44
TE013;24.01.2024;21;1.0;274;48;263;48;11;43
TE013;24.01.2024;22;1.0;203;48;196;48;7;44
TE013;24.01.2024;23;1.0;117;49;109;49;8;49
TE013;25.01.2024;0;1.0;88;51;77;51;11;49
TE013;25.01.2024;1;1.0;38;50;34;50;4;54
TE013;25.01.2024;2;1.0;47;55;42;56;5;51
TE013;25.01.2024;3;1.0;79;50;74;50;5;45
TE013;25.01.2024;4;1.0;243;50;226;50;17;50
TE013;25.01.2024;5;1.0;799;50;776;50;23;49
TE013;25.01.2024;6;1.0;1122;46;1079;46;43;46
TE013;25.01.2024;7;1.0;1264;43;1243;43;21;43
TE013;25.01.2024;8;1.0;1183;45;1145;45;38;45
TE013;25.01.2024;9;1.0;1045;45;1007;45;38;44
TE013;25.01.2024;10;1.0;985;45;964;45;21;46
TE013;25.01.2024;11;1.0;900;47;883;47;17;47
TE013;25.01.2024;12;1.0;868;45;849;45;19;46
TE013;25.01.2024;13;1.0;871;46;845;45;26;47
TE013;25.01.2024;14;1.0;913;43;892;43;21;43
TE013;25.01.2024;15;1.0;929;43;913;43;16;41
TE013;25.01.2024;16;1.0;920;42;908;42;12;41
TE013;25.01.2024;17;1.0;900;45;891;45;9;42
TE013;25.01.2024;18;1.0;792;44;782;44;10;43
TE013;25.01.2024;19;1.0;547;47;533;47;14;44
TE013;25.01.2024;20;1.0;447;49;430;49;17;46
TE013;25.01.2024;21;1.0;295;48;286;48;9;49
TE013;25.01.2024;22;1.0;223;46;217;46;6;47
TE013;25.01.2024;23;1.0;137;46;131;46;6;46
TE013;26.01.2024;0;1.0;92;48;79;49;13;47
TE013;26.01.2024;1;1.0;54;54;52;54;2;50
TE013;26.01.2024;2;1.0;49;52;45;53;4;46
TE013;26.01.2024;3;1.0;66;47;64;48;2;42
TE013;26.01.2024;4;1.0;197;52;194;52;3;44
TE013;26.01.2024;5;1.0;746;51;742;51;4;49
TE013;26.01.2024;6;1.0;1019;51;1005;51;14;48
TE013;26.01.2024;7;1.0;1160;44;1135;44;25;43
TE013;26.01.2024;8;1.0;1218;47;1200;47;18;44
TE013;26.01.2024;9;1.0;975;44;955;44;20;40
TE013;26.01.2024;10;1.0;842;49;824;49;18;50
TE013;26.01.2024;11;1.0;826;48;812;48;14;48
TE013;26.01.2024;12;1.0;916;43;896;43;20;34
TE013;26.01.2024;13;1.0;856;46;843;46;13;40
TE013;26.01.2024;14;1.0;916;45;909;45;7;43
TE013;26.01.2024;15;1.0;885;46;876;46;9;44
TE013;26.01.2024;16;1.0;925;43;916;43;9;41
TE013;26.01.2024;17;1.0;946;42;940;42;6;39
TE013;26.01.2024;18;1.0;870;43;853;43;17;42
TE013;26.01.2024;19;1.0;616;44;592;44;24;44
TE013;26.01.2024;20;1.0;475;44;458;44;17;44
TE013;26.01.2024;21;1.0;374;46;359;46;15;44
TE013;26.01.2024;22;1.0;307;46;294;46;13;47
TE013;26.01.2024;23;1.0;194;49;182;49;12;48
TE013;27.01.2024;0;1.0;148;48;132;48;16;45
TE013;27.01.2024;1;1.0;105;48;100;48;5;46
TE013;27.01.2024;2;1.0;88;50;86;50;2;43
TE013;27.01.2024;3;1.0;62;53;58;53;4;49
TE013;27.01.2024;4;1.0;96;49;90;49;6;50
TE013;27.01.2024;5;1.0;168;50;162;50;6;50
TE013;27.01.2024;6;1.0;172;50;158;51;14;47
TE013;27.01.2024;7;1.0;285;50;276;50;9;51
TE013;27.01.2024;8;1.0;470;50;465;50;5;50
TE013;27.01.2024;9;1.0;732;49;725;49;7;48
TE013;27.01.2024;10;1.0;895;48;888;48;7;46
TE013;27.01.2024;11;1.0;933;49;925;49;8;46
TE013;27.01.2024;12;1.0;1036;47;1028;47;8;45
TE013;27.01.2024;13;1.0;1025;45;1019;45;6;44
TE013;27.01.2024;14;1.0;903;44;900;44;3;42
TE013;27.01.2024;15;1.0;899;44;893;44;6;44
TE013;27.01.2024;16;1.0;840;45;833;45;7;44
TE013;27.01.2024;17;1.0;867;44;862;44;5;44
TE013;27.01.2024;18;1.0;802;43;782;43;20;42
TE013;27.01.2024;19;1.0;550;43;526;43;24;42
TE013;27.01.2024;20;1.0;462;44;448;44;14;43
TE013;27.01.2024;21;1.0;355;45;336;45;19;44
TE013;27.01.2024;22;1.0;324;45;315;45;9;44
TE013;27.01.2024;23;1.0;288;44;276;44;12;43
TE013;28.01.2024;0;1.0;176;44;167;44;9;42
TE013;28.01.2024;1;1.0;142;46;137;46;5;44
TE013;28.01.2024;2;1.0;84;48;80;48;4;47
TE013;28.01.2024;3;1.0;85;47;80;47;5;43
TE013;28.01.2024;4;1.0;86;49;83;48;3;50
TE013;28.01.2024;5;1.0;116;47;112;48;4;44
TE013;28.01.2024;6;1.0;106;47;102;47;4;38
TE013;28.01.2024;7;1.0;155;49;150;49;5;44
TE013;28.01.2024;8;1.0;291;48;287;48;4;45
TE013;28.01.2024;9;1.0;502;47;495;47;7;46
TE013;28.01.2024;10;1.0;637;47;621;47;16;47
TE013;28.01.2024;11;1.0;744;45;725;45;19;44
TE013;28.01.2024;12;1.0;886;44;874;44;12;43
TE013;28.01.2024;13;1.0;921;44;909;44;12;43
TE013;28.01.2024;14;1.0;875;43;858;43;17;42
TE013;28.01.2024;15;1.0;810;45;796;45;14;43
TE013;28.01.2024;16;1.0;731;44;715;44;16;43
TE013;28.01.2024;17;1.0;804;43;789;43;15;42
TE013;28.01.2024;18;1.0;597;43;585;43;12;42
TE013;28.01.2024;19;1.0;514;44;499;44;15;43
TE013;28.01.2024;20;1.0;416;45;399;45;17;44
TE013;28.01.2024;21;1.0;308;45;299;45;9;44
TE013;28.01.2024;22;1.0;194;46;184;46;10;43
TE013;28.01.2024;23;1.0;129;46;122;46;7;45
TE013;29.01.2024;0;1.0;70;48;61;49;9;45
TE013;29.01.2024;1;1.0;43;50;38;50;5;48
TE013;29.01.2024;2;1.0;43;48;38;48;5;43
TE013;29.01.2024;3;1.0;58;47;53;48;5;42
TE013;29.01.2024;4;1.0;210;48;199;48;11;45
TE013;29.01.2024;5;1.0;809;46;793;46;16;45
TE013;29.01.2024;6;1.0;1200;44;1171;44;29;43
TE013;29.01.2024;7;1.0;1268;42;1245;42;23;41
TE013;29.01.2024;8;1.0;1166;44;1124;44;42;44
TE013;29.01.2024;9;1.0;1013;45;964;45;49;44
TE013;29.01.2024;10;1.0;915;44;856;45;59;44
TE013;29.01.2024;11;1.0;869;45;820;45;49;46
TE013;29.01.2024;12;1.0;802;46;768;46;34;47
TE013;29.01.2024;13;1.0;841;47;801;47;40;47
TE013;29.01.2024;14;1.0;805;46;777;46;28;48
TE013;29.01.2024;15;1.0;849;45;834;46;15;45
TE013;29.01.2024;16;1.0;990;44;959;43;31;45
TE013;29.01.2024;17;1.0;829;44;820;44;9;44
TE013;29.01.2024;18;1.0;731;42;724;42;7;42
TE013;29.01.2024;19;1.0;515;44;498;44;17;43
TE013;29.01.2024;20;1.0;364;47;361;47;3;43
TE013;29.01.2024;21;1.0;257;46;253;46;4;44
TE013;29.01.2024;22;1.0;190;48;187;48;3;41
TE013;29.01.2024;23;1.0;97;48;93;48;4;54
TE013;30.01.2024;0;1.0;47;47;45;48;2;40
TE013;30.01.2024;1;1.0;45;49;41;49;4;45
TE013;30.01.2024;2;1.0;37;48;34;48;3;49
TE013;30.01.2024;3;1.0;83;49;81;49;2;38
TE013;30.01.2024;4;1.0;193;50;186;50;7;44
TE013;30.01.2024;5;1.0;733;51;720;51;13;49
TE013;30.01.2024;6;1.0;1192;47;1168;47;24;45
TE013;30.01.2024;7;1.0;1242;45;1220;44;22;43
TE013;30.01.2024;8;1.0;1160;46;1128;46;32;45
TE013;30.01.2024;9;1.0;1039;46;997;46;42;45
TE013;30.01.2024;10;1.0;869;45;805;44;64;45
TE013;30.01.2024;11;1.0;874;46;832;46;42;45
TE013;30.01.2024;12;1.0;805;46;774;46;31;47
TE013;30.01.2024;13;1.0;905;46;857;46;48;47
TE013;30.01.2024;14;1.0;917;45;879;45;38;46
TE013;30.01.2024;15;1.0;874;46;854;46;20;47
TE013;30.01.2024;16;1.0;914;44;900;44;14;43
TE013;30.01.2024;17;1.0;851;41;826;41;25;40
TE013;30.01.2024;18;1.0;792;44;776;44;16;43
TE013;30.01.2024;19;1.0;597;46;580;46;17;44
TE013;30.01.2024;20;1.0;418;49;397;49;21;47
TE013;30.01.2024;21;1.0;270;50;261;50;9;48
TE013;30.01.2024;22;1.0;164;50;161;50;3;48
TE013;30.01.2024;23;1.0;120;49;116;49;4;52
TE013;31.01.2024;0;1.0;81;49;71;49;10;43
TE013;31.01.2024;1;1.0;41;48;34;48;7;52
TE013;31.01.2024;2;1.0;52;49;49;49;3;53
TE013;31.01.2024;3;1.0;62;50;61;50;1;56
TE013;31.01.2024;4;1.0;198;52;184;52;14;50
TE013;31.01.2024;5;1.0;774;49;748;50;26;46
TE013;31.01.2024;6;1.0;1118;47;1083;47;35;47
TE013;31.01.2024;7;1.0;1175;44;1154;44;21;45
TE013;31.01.2024;8;1.0;1110;47;1085;47;25;45
TE013;31.01.2024;9;1.0;922;49;891;49;31;48
TE013;31.01.2024;10;1.0;842;48;809;48;33;48
TE013;31.01.2024;11;1.0;914;46;884;46;30;47
TE013;31.01.2024;12;1.0;895;47;861;47;34;47
TE013;31.01.2024;13;1.0;885;47;851;47;34;47
TE013;31.01.2024;14;1.0;822;46;796;46;26;47
TE013;31.01.2024;15;1.0;893;47;886;47;7;48
TE013;31.01.2024;16;1.0;926;47;913;47;13;47
TE013;31.01.2024;17;1.0;899;46;890;46;9;45
TE013;31.01.2024;18;1.0;793;48;781;48;12;46
TE013;31.01.2024;19;1.0;529;49;512;49;17;45
TE013;31.01.2024;20;1.0;393;49;377;49;16;48
TE013;31.01.2024;21;1.0;260;48;248;48;12;44
TE013;31.01.2024;22;1.0;186;50;184;50;2;50
TE013;31.01.2024;23;1.0;120;48;117;49;3;47
TE014;01.01.2024;16;1.0;679;57;639;57;40;66
TE014;02.01.2024;3;1.0;84;58;79;58;5;56
TE014;02.01.2024;4;1.0;212;58;208;58;4;62
TE014;02.01.2024;5;1.0;663;52;656;52;7;52
TE014;02.01.2024;6;1.0;894;50;876;50;18;49
TE014;02.01.2024;7;1.0;1054;48;1035;48;19;50
TE014;02.01.2024;8;1.0;1044;49;1025;49;19;49
TE014;02.01.2024;9;1.0;913;49;889;49;24;47
TE014;02.01.2024;10;1.0;1018;47;992;47;26;46
TE014;02.01.2024;11;1.0;997;47;977;47;20;46
TE014;02.01.2024;12;1.0;933;48;911;48;22;48
TE014;02.01.2024;13;1.0;934;52;768;50;166;62
TE014;02.01.2024;16;1.0;926;44;904;44;22;44
TE014;02.01.2024;17;1.0;882;49;868;49;14;49
TE014;02.01.2024;18;1.0;774;50;757;50;17;52
TE014;02.01.2024;19;1.0;577;52;560;52;17;51
TE014;02.01.2024;20;1.0;438;52;418;52;20;51
TE014;02.01.2024;21;1.0;388;53;375;53;13;54
TE014;02.01.2024;22;1.0;318;53;307;53;11;53
TE014;02.01.2024;23;1.0;191;56;173;56;18;55
TE014;03.01.2024;9;1.0;1189;43;952;43;237;46
TE014;03.01.2024;10;1.0;1135;45;1069;46;66;45
TE014;03.01.2024;11;1.0;1080;37;1016;38;64;37
TE014;03.01.2024;12;1.0;1028;39;946;39;82;40
TE014;03.01.2024;17;1.0;945;47;887;46;58;51
TE014;03.01.2024;18;1.0;866;49;839;48;27;49
TE014;03.01.2024;19;1.0;712;48;687;48;25;47
TE014;03.01.2024;20;1.0;540;44;518;44;22;40
TE014;03.01.2024;23;1.0;205;51;187;51;18;51
TE014;04.01.2024;0;1.0;159;40;144;40;15;40
TE014;04.01.2024;1;1.0;84;51;72;50;12;53
TE014;04.01.2024;2;1.0;73;46;57;46;16;46
TE014;04.01.2024;3;1.0;74;48;62;46;14;47
TE014;04.01.2024;4;1.0;200;54;191;54;9;51
TE014;04.01.2024;5;1.0;665;52;654;52;11;51
TE014;04.01.2024;11;1.0;1115;41;1060;42;56;40
TE014;04.01.2024;12;1.0;1078;39;1046;39;32;38
TE014;04.01.2024;13;1.0;1094;34;1049;34;45;35
TE014;04.01.2024;14;1.0;1129;33;1096;33;33;34
TE014;04.01.2024;15;1.0;1195;30;1152;30;42;30
TE014;04.01.2024;16;1.0;1050;40;1018;39;32;46
TE014;04.01.2024;21;1.0;406;42;367;42;40;45
TE014;05.01.2024;5;1.0;699;42;668;42;31;41
TE014;05.01.2024;6;1.0;966;43;928;43;38;44
TE014;05.01.2024;7;1.0;1064;38;1028;38;36;37
TE014;05.01.2024;9;1.0;1091;39;1062;39;28;39
TE014;05.01.2024;10;1.0;1108;36;1068;36;40;34
TE014;05.01.2024;11;1.0;1095;35;1052;35;42;34
TE014;06.01.2024;3;1.0;97;57;74;55;23;63
TE014;06.01.2024;4;1.0;124;51;114;51;10;52
TE014;06.01.2024;13;1.0;1173;47;1144;47;29;45
TE014;06.01.2024;14;1.0;1143;43;1112;43;31;43
TE014;06.01.2024;15;1.0;1034;49;1013;49;21;47
TE014;06.01.2024;16;1.0;911;41;891;41;20;42
TE014;06.01.2024;17;1.0;883;42;863;42;20;41
TE014;06.01.2024;18;1.0;916;43;900;43;16;45
TE014;06.01.2024;19;1.0;710;37;694;37;16;37
TE014;06.01.2024;20;1.0;602;50;581;50;21;49
TE014;06.01.2024;21;1.0;486;51;471;51;15;50
TE014;06.01.2024;22;1.0;423;48;412;48;11;46
TE014;06.01.2024;23;1.0;358;52;346;52;12;50
TE014;07.01.2024;0;1.0;237;55;228;55;9;54
TE014;07.01.2024;1;1.0;176;58;170;59;6;62
TE014;07.01.2024;2;1.0;109;57;106;57;3;52
TE014;07.01.2024;3;1.0;80;57;76;58;4;57
TE014;07.01.2024;4;1.0;80;53;74;52;6;66
TE014;08.01.2024;0;1.0;120;53;100;53;20;54
TE014;08.01.2024;11;1.0;1011;43;960;43;52;45
TE014;08.01.2024;12;1.0;924;43;874;43;50;44
TE014;08.01.2024;13;1.0;987;42;928;42;60;43
TE014;08.01.2024;14;1.0;1109;45;1052;45;57;46
TE014;08.01.2024;15;1.0;1187;41;1138;41;49;38
TE014;08.01.2024;16;1.0;1118;39;1086;39;32;38
TE014;08.01.2024;17;1.0;1005;43;984;43;21;42
TE014;08.01.2024;18;1.0;864;45;837;45;27;45
TE014;08.01.2024;19;1.0;613;43;585;43;28;43
TE014;08.01.2024;20;1.0;467;47;446;47;21;49
TE014;08.01.2024;21;1.0;376;36;359;37;17;36
TE014;08.01.2024;22;1.0;305;37;293;37;12;36
TE014;09.01.2024;0;1.0;131;41;116;41;14;40
TE014;09.01.2024;1;1.0;76;40;71;40;5;37
TE014;09.01.2024;2;1.0;67;41;63;41;5;38
TE014;09.01.2024;3;1.0;70;46;66;46;4;43
TE014;09.01.2024;4;1.0;227;49;222;49;5;47
TE014;09.01.2024;5;1.0;841;43;820;43;21;42
TE014;09.01.2024;6;1.0;1323;39;1281;39;44;37
TE014;09.01.2024;7;1.0;1534;36;1485;36;49;36
TE014;09.01.2024;8;1.0;1558;42;1508;42;50;42
TE014;09.01.2024;10;1.0;1122;42;1069;42;53;42
TE014;09.01.2024;11;1.0;1009;39;963;39;46;38
TE014;09.01.2024;12;1.0;1011;43;944;43;68;42
TE014;09.01.2024;13;1.0;1105;36;1040;36;65;35
TE014;09.01.2024;14;1.0;1187;38;1150;38;37;39
TE014;09.01.2024;15;1.0;1160;43;945;37;215;73
TE014;09.01.2024;16;1.0;1076;52;852;46;224;75
TE014;10.01.2024;11;1.0;1128;43;1060;43;68;43
TE014;10.01.2024;12;1.0;1063;46;1007;46;56;45
TE014;10.01.2024;13;1.0;1117;45;1063;45;54;44
TE014;10.01.2024;14;1.0;1172;42;1119;41;53;42
TE014;10.01.2024;15;1.0;1225;39;1181;39;44;33
TE014;10.01.2024;16;1.0;1150;37;1106;38;44;32
TE014;10.01.2024;17;1.0;1044;43;1019;43;25;43
TE014;10.01.2024;18;1.0;935;43;912;43;23;45
TE014;10.01.2024;19;1.0;708;45;686;45;22;46
TE014;10.01.2024;20;1.0;523;42;498;42;25;42
TE014;10.01.2024;21;1.0;383;43;358;43;25;42
TE014;11.01.2024;10;1.0;1101;47;1075;47;26;46
TE014;11.01.2024;11;1.0;1106;45;1074;45;32;43
TE014;11.01.2024;12;1.0;1055;46;1022;46;33;45
TE014;11.01.2024;13;1.0;1171;41;1139;41;32;41
TE014;11.01.2024;14;1.0;1146;40;1123;40;23;41
TE014;11.01.2024;15;1.0;1243;33;1219;33;24;32
TE014;11.01.2024;16;1.0;1101;41;1084;41;17;42
TE014;11.01.2024;17;1.0;1036;39;1020;39;16;39
TE014;11.01.2024;18;1.0;902;41;885;41;17;42
TE014;11.01.2024;19;1.0;660;44;641;44;19;43
TE014;11.01.2024;20;1.0;496;51;478;51;18;51
TE014;11.01.2024;21;1.0;424;47;407;47;16;48
TE014;11.01.2024;22;1.0;337;52;327;52;10;53
TE014;11.01.2024;23;1.0;195;53;184;53;11;54
TE014;12.01.2024;0;1.0;151;53;139;53;12;51
TE014;12.01.2024;1;1.0;84;50;82;50;2;48
TE014;13.01.2024;6;1.0;210;53;190;54;20;53
TE014;13.01.2024;21;1.0;479;52;397;52;82;51
TE014;13.01.2024;22;1.0;486;46;375;47;111;43
TE014;14.01.2024;19;1.0;617;52;602;52;15;51
TE014;14.01.2024;20;1.0;513;52;498;53;15;51
TE014;14.01.2024;21;1.0;365;46;353;46;12;46
TE014;14.01.2024;22;1.0;260;54;250;54;10;54
TE014;14.01.2024;23;1.0;176;47;168;47;8;44
TE014;15.01.2024;0;1.0;171;49;158;49;13;53
TE014;15.01.2024;1;1.0;85;55;80;55;5;55
TE014;15.01.2024;2;1.0;60;52;58;51;2;59
TE014;15.01.2024;3;1.0;85;58;82;58;3;57
TE014;15.01.2024;4;1.0;268;55;261;55;7;49
TE014;15.01.2024;5;1.0;751;49;741;49;10;49
TE014;15.01.2024;6;1.0;1282;37;1252;36;30;40
TE014;15.01.2024;7;1.0;1465;41;1429;41;36;36
TE014;15.01.2024;8;1.0;1077;42;1055;42;22;40
TE014;15.01.2024;9;1.0;933;21;914;20;19;32
TE014;15.01.2024;10;1.0;918;48;892;48;26;47
TE014;15.01.2024;11;1.0;952;46;927;46;25;47
TE014;15.01.2024;12;1.0;889;46;852;46;37;46
TE014;15.01.2024;13;1.0;944;45;915;45;29;45
TE014;15.01.2024;14;1.0;1087;44;1049;44;38;39
TE014;15.01.2024;15;1.0;1138;43;1115;43;23;44
TE014;15.01.2024;16;1.0;1033;47;1007;47;26;46
TE014;15.01.2024;17;1.0;999;47;976;47;23;47
TE014;15.01.2024;18;1.0;846;47;826;47;20;47
TE014;15.01.2024;19;1.0;615;51;592;51;23;51
TE014;15.01.2024;20;1.0;463;50;447;50;16;49
TE014;15.01.2024;21;1.0;359;50;344;50;15;50
TE014;15.01.2024;22;1.0;318;52;306;52;12;53
TE014;15.01.2024;23;1.0;196;53;183;53;13;54
TE014;16.01.2024;0;1.0;123;54;110;54;13;51
TE014;16.01.2024;1;1.0;85;47;85;47;0;-1
TE014;16.01.2024;2;1.0;47;46;44;46;2;49
TE014;16.01.2024;3;1.0;60;36;57;36;3;36
TE014;16.01.2024;4;1.0;180;48;175;48;5;48
TE014;16.01.2024;5;1.0;735;34;713;34;22;33
TE014;16.01.2024;6;1.0;1292;34;1265;34;27;36
TE014;16.01.2024;7;1.0;1271;20;1232;19;39;24
TE014;16.01.2024;8;1.0;846;26;834;26;12;20
TE014;16.01.2024;9;1.0;1275;32;1226;32;49;28
TE014;16.01.2024;10;1.0;1148;39;1112;39;36;41
TE014;16.01.2024;11;1.0;1126;45;1079;45;48;46
TE014;16.01.2024;12;1.0;1068;44;1033;44;35;42
TE014;16.01.2024;16;1.0;1037;42;948;42;89;44
TE014;17.01.2024;5;1.0;812;49;799;49;13;50
TE014;17.01.2024;6;1.0;1300;47;1274;47;26;46
TE014;17.01.2024;7;1.0;1544;41;1506;41;38;40
TE014;17.01.2024;8;1.0;1577;41;1524;41;53;40
TE014;17.01.2024;9;1.0;1334;43;1270;43;64;43
TE014;17.01.2024;10;1.0;1115;43;1058;43;56;42
TE014;17.01.2024;11;1.0;1064;43;1015;43;50;43
TE014;17.01.2024;12;1.0;1057;42;995;42;62;41
TE014;17.01.2024;13;1.0;1045;46;1005;46;40;44
TE014;17.01.2024;14;1.0;1184;45;1145;45;39;43
TE014;17.01.2024;15;1.0;1182;46;1145;46;37;45
TE014;17.01.2024;16;1.0;1151;44;1125;44;26;43
TE014;17.01.2024;17;1.0;1085;42;1062;42;23;41
TE014;17.01.2024;18;1.0;890;47;865;47;25;46
TE014;17.01.2024;19;1.0;680;47;658;47;22;47
TE014;18.01.2024;15;1.0;1241;38;1208;38;33;39
TE014;18.01.2024;16;1.0;1134;35;1099;35;33;30
TE014;18.01.2024;17;1.0;1090;38;1076;38;14;38
TE014;18.01.2024;18;1.0;960;42;941;42;19;39
TE014;18.01.2024;19;1.0;766;44;745;44;21;44
TE014;18.01.2024;20;1.0;517;46;498;46;19;45
TE014;18.01.2024;21;1.0;452;48;440;48;12;48
TE014;18.01.2024;22;1.0;392;49;382;49;10;48
TE014;18.01.2024;23;1.0;207;49;198;49;9;50
TE014;19.01.2024;0;1.0;128;48;120;48;8;48
TE014;19.01.2024;1;1.0;90;48;88;48;2;44
TE014;19.01.2024;2;1.0;88;51;85;51;3;51
TE014;19.01.2024;3;1.0;90;51;87;51;3;51
TE014;19.01.2024;4;1.0;214;55;207;55;7;56
TE014;19.01.2024;5;1.0;724;52;710;52;14;51
TE014;19.01.2024;6;1.0;1145;48;1131;48;14;47
TE014;19.01.2024;7;1.0;1426;43;1400;43;26;42
TE014;19.01.2024;8;1.0;1105;37;1086;37;19;37
TE014;19.01.2024;9;1.0;1198;43;1159;43;39;44
TE014;19.01.2024;10;1.0;1222;40;1181;40;41;40
TE014;19.01.2024;17;1.0;1114;39;1088;39;26;39
TE014;19.01.2024;18;1.0;1002;46;982;46;20;46
TE014;19.01.2024;19;1.0;776;47;751;47;25;47
TE014;19.01.2024;20;1.0;615;48;589;48;26;47
TE014;19.01.2024;21;1.0;554;49;540;49;14;49
TE014;19.01.2024;22;1.0;462;49;447;49;15;50
TE014;19.01.2024;23;1.0;344;49;331;49;13;49
TE014;20.01.2024;0;1.0;272;51;262;51;10;49
TE014;20.01.2024;1;1.0;161;52;159;52;2;48
TE014;20.01.2024;2;1.0;118;52;115;52;3;47
TE014;20.01.2024;3;1.0;115;55;112;55;3;48
TE014;20.01.2024;4;1.0;130;55;125;55;5;51
TE014;20.01.2024;5;1.0;220;57;204;56;16;63
TE014;20.01.2024;9;1.0;884;49;862;49;22;49
TE014;20.01.2024;10;1.0;1034;48;1006;48;28;48
TE014;20.01.2024;11;1.0;1098;47;1068;47;30;46
TE014;20.01.2024;13;1.0;1120;45;1084;45;36;44
TE014;20.01.2024;14;1.0;1139;43;1075;43;64;48
TE014;20.01.2024;15;1.0;1029;46;992;46;36;49
TE014;20.01.2024;16;1.0;986;45;964;45;22;46
TE014;21.01.2024;17;1.0;864;45;842;45;22;47
TE014;21.01.2024;18;1.0;785;47;768;47;17;46
TE014;21.01.2024;19;1.0;667;48;650;48;17;48
TE014;21.01.2024;20;1.0;496;50;481;50;15;49
TE014;21.01.2024;21;1.0;419;51;401;51;18;50
TE014;21.01.2024;22;1.0;267;51;252;51;15;52
TE014;21.01.2024;23;1.0;192;50;178;51;14;46
TE014;22.01.2024;0;1.0;118;53;106;53;12;56
TE014;22.01.2024;1;1.0;76;53;74;53;2;54
TE014;22.01.2024;2;1.0;63;57;57;57;6;56
TE014;22.01.2024;3;1.0;79;57;71;57;8;58
TE014;22.01.2024;4;1.0;240;52;227;52;13;52
TE014;22.01.2024;5;1.0;852;51;823;51;29;50
TE014;22.01.2024;6;1.0;1305;46;1221;46;84;45
TE014;22.01.2024;7;1.0;1534;34;1440;35;94;37
TE014;22.01.2024;8;1.0;1427;37;1256;36;171;46
TE014;22.01.2024;9;1.0;1243;44;1195;44;48;44
TE014;22.01.2024;10;1.0;1125;43;1092;43;33;43
TE014;22.01.2024;11;1.0;1130;47;1092;47;38;46
TE014;22.01.2024;12;1.0;1063;47;852;46;211;51
TE014;22.01.2024;14;1.0;1214;42;1083;42;131;45
TE014;22.01.2024;15;1.0;1193;42;1136;41;57;41
TE014;22.01.2024;16;1.0;1114;42;1060;42;54;40
TE014;22.01.2024;17;1.0;1026;47;982;47;44;47
TE014;22.01.2024;18;1.0;1004;45;914;45;90;51
TE014;22.01.2024;19;1.0;699;47;635;48;64;45
TE014;22.01.2024;21;1.0;399;52;374;52;25;51
TE014;22.01.2024;22;1.0;358;52;347;52;11;51
TE014;22.01.2024;23;1.0;198;52;184;52;14;52
TE014;23.01.2024;0;1.0;97;55;84;54;13;57
TE014;23.01.2024;11;1.0;1151;42;1096;42;55;41
TE014;23.01.2024;12;1.0;987;44;943;44;44;43
TE014;23.01.2024;13;1.0;1018;46;916;46;102;49
TE014;23.01.2024;21;1.0;422;49;406;49;16;50
TE014;23.01.2024;22;1.0;361;51;349;51;12;51
TE014;23.01.2024;23;1.0;185;52;173;52;12;50
TE014;24.01.2024;0;1.0;107;52;99;52;8;54
TE014;24.01.2024;1;1.0;67;53;65;53;2;52
TE014;24.01.2024;2;1.0;62;49;58;50;4;47
TE014;24.01.2024;3;1.0;84;59;59;57;25;64
TE014;24.01.2024;6;1.0;1400;42;1310;42;90;45
TE014;24.01.2024;7;1.0;1607;39;1536;39;71;40
TE014;24.01.2024;8;1.0;1512;37;1319;35;193;53
TE014;24.01.2024;11;1.0;1052;44;981;45;71;44
TE014;24.01.2024;14;1.0;1067;42;776;42;291;43
TE014;24.01.2024;15;1.0;1198;32;1010;33;188;31
TE014;24.01.2024;16;1.0;470;25;385;24;85;30
TE014;24.01.2024;17;1.0;1123;45;1055;45;68;44
TE014;24.01.2024;18;1.0;998;47;920;47;78;55
TE014;25.01.2024;10;1.0;1201;43;1067;43;134;46
TE014;25.01.2024;11;1.0;1116;42;1069;42;47;40
TE014;25.01.2024;12;1.0;1079;46;1018;46;61;45
TE014;25.01.2024;13;1.0;1020;41;965;41;55;39
TE014;25.01.2024;20;1.0;532;50;512;50;20;50
TE014;25.01.2024;21;1.0;452;50;437;50;15;50
TE014;25.01.2024;22;1.0;383;45;369;45;14;45
TE014;25.01.2024;23;1.0;225;49;211;49;14;51
TE014;26.01.2024;0;1.0;167;52;156;52;11;52
TE014;26.01.2024;1;1.0;73;52;70;52;3;47
TE014;26.01.2024;2;1.0;68;49;66;49;2;47
TE014;26.01.2024;3;1.0;69;52;67;52;2;47
TE014;26.01.2024;4;1.0;174;51;168;50;6;68
TE014;26.01.2024;10;1.0;1180;49;1145;49;35;49
TE014;26.01.2024;11;1.0;1148;44;1112;44;36;44
TE014;26.01.2024;12;1.0;1170;40;1137;40;34;36
TE014;26.01.2024;16;1.0;949;43;883;43;66;49
TE014;26.01.2024;17;1.0;1078;44;1033;44;45;47
TE014;26.01.2024;18;1.0;1082;39;1054;39;28;39
TE014;26.01.2024;19;1.0;843;48;820;48;23;46
TE014;26.01.2024;20;1.0;636;47;613;47;23;46
TE014;26.01.2024;21;1.0;538;49;521;49;17;50
TE014;26.01.2024;22;1.0;481;48;466;48;15;47
TE014;27.01.2024;11;1.0;1068;48;1045;48;23;46
TE014;27.01.2024;12;1.0;1164;44;1125;44;39;46
TE014;27.01.2024;13;1.0;1239;37;1196;37;43;39
TE014;27.01.2024;14;1.0;1250;42;1168;42;82;44
TE014;27.01.2024;15;1.0;1017;45;960;45;57;44
TE014;27.01.2024;16;1.0;1063;44;1011;44;52;44
TE014;27.01.2024;17;1.0;1116;44;1082;44;34;45
TE014;28.01.2024;7;1.0;190;51;181;51;9;51
TE014;28.01.2024;8;1.0;299;51;290;51;9;53
TE014;28.01.2024;9;1.0;596;45;578;46;17;47
TE014;28.01.2024;10;1.0;742;49;725;49;17;49
TE014;28.01.2024;11;1.0;862;48;841;48;21;48
TE014;28.01.2024;12;1.0;1011;51;851;50;160;55
TE014;28.01.2024;13;1.0;1040;47;955;47;85;51
TE014;28.01.2024;14;1.0;1140;37;1034;37;106;40
TE014;28.01.2024;15;1.0;1039;39;973;39;65;43
TE014;28.01.2024;16;1.0;1007;46;970;46;37;46
TE014;28.01.2024;17;1.0;970;45;948;45;22;45
TE014;28.01.2024;18;1.0;816;46;799;46;17;46
TE014;29.01.2024;12;1.0;1041;45;988;45;53;44
TE014;29.01.2024;13;1.0;1089;42;1011;42;78;42
TE014;29.01.2024;14;1.0;864;25;764;25;99;24
TE014;29.01.2024;15;1.0;1082;34;978;34;105;31
TE014;29.01.2024;16;1.0;1192;43;1136;43;56;43
TE014;29.01.2024;18;1.0;903;45;875;45;28;44
TE014;29.01.2024;19;1.0;702;47;677;47;25;46
TE014;29.01.2024;20;1.0;513;48;483;48;30;47
TE014;30.01.2024;7;1.0;1627;41;1588;41;39;43
TE014;30.01.2024;8;1.0;1557;38;1505;38;52;34
TE014;30.01.2024;9;1.0;1347;41;1300;41;47;40
TE014;30.01.2024;10;1.0;1186;41;1124;40;62;40
TE014;30.01.2024;11;1.0;1139;31;1086;31;52;30
TE014;30.01.2024;13;1.0;1131;41;1023;41;108;43
TE014;30.01.2024;14;1.0;1192;40;1113;40;79;38
TE014;30.01.2024;15;1.0;1229;41;1163;41;66;39
TE014;30.01.2024;16;1.0;1135;43;1091;43;44;42
TE014;31.01.2024;1;1.0;65;55;53;54;12;61
TE014;31.01.2024;2;1.0;75;59;56;56;19;64
TE014;31.01.2024;3;1.0;67;56;52;55;15;59
TE014;31.01.2024;4;1.0;217;57;202;58;15;57
TE014;31.01.2024;5;1.0;823;52;804;52;19;55
TE014;31.01.2024;6;1.0;1349;46;1309;46;40;46
TE014;31.01.2024;7;1.0;1537;43;1514;43;23;42
TE014;31.01.2024;8;1.0;1433;42;1407;42;26;41
TE014;31.01.2024;9;1.0;1281;46;1233;46;48;46
TE014;31.01.2024;10;1.0;1213;45;1155;45;58;45
TE014;31.01.2024;11;1.0;1112;45;1049;44;63;43
TE014;31.01.2024;16;1.0;1223;44;1180;44;43;43
TE014;31.01.2024;17;1.0;1192;45;1166;45;26;43
TE014;31.01.2024;18;1.0;1110;47;1086;47;24;45
TE014;31.01.2024;19;1.0;734;50;716;49;18;50
TE014;31.01.2024;20;1.0;545;50;529;50;16;50
TE014;31.01.2024;21;1.0;447;51;435;51;12;51
TE014;31.01.2024;22;1.0;344;50;331;50;13;53
TE014;31.01.2024;23;1.0;249;53;224;53;25;55
TE017;09.01.2024;12;1.0;634;40;622;40;12;40
TE017;09.01.2024;13;1.0;685;42;674;42;11;43
TE017;09.01.2024;14;1.0;706;40;695;40;11;41
TE017;09.01.2024;15;1.0;711;41;697;41;14;42
TE017;09.01.2024;16;1.0;718;42;703;42;15;41
TE017;09.01.2024;17;1.0;564;42;546;42;18;43
TE017;09.01.2024;18;1.0;519;43;506;43;13;43
TE017;09.01.2024;19;1.0;431;43;422;43;9;44
TE017;09.01.2024;20;1.0;308;45;295;45;13;45
TE017;09.01.2024;21;1.0;235;46;230;46;5;46
TE017;09.01.2024;22;1.0;206;45;198;45;8;44
TE017;09.01.2024;23;1.0;154;49;144;48;10;49
TE017;10.01.2024;0;1.0;84;49;72;49;12;48
TE017;10.01.2024;1;1.0;54;48;47;48;7;45
TE017;10.01.2024;2;1.0;51;50;46;51;5;40
TE017;10.01.2024;3;1.0;43;49;37;50;6;49
TE017;10.01.2024;4;1.0;96;48;91;48;5;47
TE017;10.01.2024;5;1.0;327;47;319;47;8;48
TE017;10.01.2024;6;1.0;685;45;675;45;10;46
TE017;10.01.2024;7;1.0;1035;36;1001;36;34;33
TE017;10.01.2024;8;1.0;352;31;340;31;12;31
TE017;10.01.2024;10;1.0;497;43;485;43;12;42
TE017;10.01.2024;11;1.0;652;42;638;42;14;43
TE017;10.01.2024;12;1.0;623;44;606;44;17;44
TE017;10.01.2024;13;1.0;633;42;614;42;19;44
TE017;10.01.2024;14;1.0;709;44;704;44;5;43
TE017;10.01.2024;15;1.0;714;44;697;44;17;42
TE017;10.01.2024;16;1.0;666;42;649;42;17;41
TE017;10.01.2024;17;1.0;611;43;604;43;7;41
TE017;10.01.2024;18;1.0;485;43;471;43;14;43
TE017;10.01.2024;19;1.0;373;44;363;44;10;45
TE017;10.01.2024;20;1.0;322;44;306;44;16;46
TE017;10.01.2024;21;1.0;247;46;235;46;12;44
TE017;10.01.2024;22;1.0;200;46;194;46;6;45
TE017;10.01.2024;23;1.0;118;48;110;48;8;46
TE017;11.01.2024;0;1.0;106;47;92;47;14;47
TE017;11.01.2024;1;1.0;62;48;56;48;6;51
TE017;11.01.2024;2;1.0;38;48;33;48;5;49
TE017;11.01.2024;3;1.0;63;52;58;52;5;52
TE017;11.01.2024;4;1.0;83;50;81;50;2;49
TE017;11.01.2024;5;1.0;309;51;303;51;6;48
TE017;11.01.2024;6;1.0;663;46;660;46;3;49
TE017;11.01.2024;7;1.0;959;37;949;37;10;38
TE017;11.01.2024;8;1.0;910;31;890;32;19;29
TE017;11.01.2024;9;1.0;719;43;704;43;15;42
TE017;11.01.2024;10;1.0;571;45;562;45;9;44
TE017;11.01.2024;11;1.0;602;45;592;45;10;44
TE017;11.01.2024;12;1.0;521;46;511;46;10;44
TE017;11.01.2024;13;1.0;590;46;580;46;10;46
TE017;11.01.2024;14;1.0;700;45;691;45;9;46
TE017;11.01.2024;15;1.0;686;43;679;43;7;44
TE017;11.01.2024;16;1.0;641;43;636;43;5;45
TE017;11.01.2024;17;1.0;546;43;536;43;10;43
TE017;11.01.2024;18;1.0;472;45;467;45;5;43
TE017;11.01.2024;19;1.0;373;45;367;45;6;46
TE017;11.01.2024;20;1.0;314;46;309;46;5;45
TE017;11.01.2024;21;1.0;247;48;243;48;4;45
TE017;11.01.2024;22;1.0;222;48;216;48;6;44
TE017;11.01.2024;23;1.0;144;50;139;50;5;47
TE017;12.01.2024;0;1.0;90;51;84;51;6;52
TE017;12.01.2024;1;1.0;63;51;60;52;3;54
TE017;12.01.2024;2;1.0;40;52;38;53;2;50
TE017;12.01.2024;3;1.0;56;50;54;50;2;50
TE017;12.01.2024;4;1.0;87;52;82;52;5;49
TE017;12.01.2024;5;1.0;297;51;291;51;6;51
TE017;12.01.2024;6;1.0;565;48;559;48;6;52
TE017;12.01.2024;7;1.0;761;44;750;44;11;47
TE017;12.01.2024;8;1.0;815;40;802;40;13;40
TE017;12.01.2024;9;1.0;549;46;537;46;12;46
TE017;12.01.2024;10;1.0;517;45;511;45;6;44
TE017;12.01.2024;11;1.0;575;47;570;47;5;48
TE017;12.01.2024;12;1.0;624;45;613;45;11;46
TE017;12.01.2024;13;1.0;674;43;662;43;12;45
TE017;12.01.2024;14;1.0;695;44;678;44;17;43
TE017;12.01.2024;15;1.0;664;43;654;43;10;34
TE017;12.01.2024;16;1.0;595;45;582;45;13;45
TE017;12.01.2024;17;1.0;570;44;560;44;10;43
TE017;12.01.2024;18;1.0;471;47;461;47;10;47
TE017;12.01.2024;19;1.0;478;45;472;45;6;46
TE017;12.01.2024;20;1.0;357;48;349;48;8;46
TE017;12.01.2024;21;1.0;258;48;253;48;5;47
TE017;12.01.2024;22;1.0;232;49;226;49;6;49
TE017;12.01.2024;23;1.0;184;50;179;50;5;48
TE017;13.01.2024;0;1.0;151;50;146;50;5;52
TE017;13.01.2024;1;1.0;105;49;105;49;0;-1
TE017;13.01.2024;2;1.0;67;54;67;54;0;-1
TE017;13.01.2024;3;1.0;51;50;51;50;0;-1
TE017;13.01.2024;15;1.0;586;39;578;39;8;38
TE017;13.01.2024;16;1.0;491;47;487;47;4;46
TE017;13.01.2024;17;1.0;536;46;530;46;6;46
TE017;13.01.2024;18;1.0;459;47;452;47;7;46
TE017;13.01.2024;19;1.0;391;47;383;47;8;48
TE017;13.01.2024;20;1.0;334;47;329;47;5;47
TE018;01.01.2024;1;1.0;216;38;216;38;0;-1
TE018;01.01.2024;3;1.0;182;38;174;39;6;38
TE018;01.01.2024;4;1.0;139;38;135;38;4;34
TE018;01.01.2024;5;1.0;102;51;100;51;2;50
TE018;01.01.2024;6;1.0;95;46;88;46;6;49
TE018;01.01.2024;7;1.0;54;37;51;36;4;38
TE018;01.01.2024;8;1.0;57;40;46;42;9;45
TE018;01.01.2024;9;1.0;94;40;79;41;15;41
TE018;01.01.2024;10;1.0;102;39;95;39;8;38
TE018;01.01.2024;11;1.0;224;44;222;44;2;48
TE018;01.01.2024;12;1.0;237;44;232;44;5;47
TE018;01.01.2024;13;1.0;312;40;307;40;5;39
TE018;01.01.2024;14;1.0;335;48;334;48;1;55
TE018;01.01.2024;15;1.0;340;44;334;44;5;47
TE018;01.01.2024;16;1.0;333;43;326;43;6;46
TE018;01.01.2024;17;1.0;323;39;317;39;6;38
TE018;01.01.2024;18;1.0;252;44;250;44;2;46
TE018;01.01.2024;19;1.0;239;53;237;53;2;54
TE018;01.01.2024;20;1.0;197;48;193;48;4;46
TE018;01.01.2024;21;1.0;148;47;143;47;5;51
TE018;01.01.2024;22;1.0;122;54;119;54;3;53
TE018;01.01.2024;23;1.0;70;52;66;52;4;49
TE018;02.01.2024;0;1.0;57;51;52;51;5;53
TE018;02.01.2024;1;1.0;36;52;34;52;2;49
TE018;02.01.2024;2;1.0;37;50;36;50;1;57
TE018;02.01.2024;3;1.0;62;47;50;48;12;47
TE018;02.01.2024;4;1.0;125;49;109;49;16;49
TE018;02.01.2024;5;1.0;455;50;427;50;28;50
TE018;02.01.2024;6;1.0;635;49;608;49;27;49
TE018;02.01.2024;7;1.0;715;50;693;50;22;48
TE018;02.01.2024;8;1.0;632;50;613;50;19;49
TE018;02.01.2024;9;1.0;583;50;564;50;19;50
TE018;02.01.2024;10;1.0;876;46;866;46;10;49
TE018;02.01.2024;11;1.0;880;42;870;42;11;42
TE018;02.01.2024;12;1.0;718;41;706;41;12;42
TE018;02.01.2024;13;1.0;724;39;709;39;15;40
TE018;02.01.2024;14;1.0;755;44;745;44;10;44
TE018;02.01.2024;15;1.0;640;46;632;46;8;47
TE018;02.01.2024;16;1.0;624;42;616;42;7;47
TE018;02.01.2024;17;1.0;573;39;561;39;12;40
TE018;02.01.2024;18;1.0;425;50;419;50;6;50
TE018;02.01.2024;19;1.0;311;36;308;36;2;49
TE018;02.01.2024;20;1.0;242;39;240;39;2;48
TE018;02.01.2024;21;1.0;181;45;176;44;5;49
TE018;02.01.2024;22;1.0;161;50;157;50;4;51
TE018;02.01.2024;23;1.0;88;50;85;50;3;52
TE018;03.01.2024;0;1.0;69;51;62;51;7;50
TE018;03.01.2024;1;1.0;47;50;43;50;4;52
TE018;03.01.2024;2;1.0;31;53;29;54;2;50
TE018;03.01.2024;3;1.0;69;52;54;52;15;51
TE018;03.01.2024;4;1.0;144;49;118;49;26;50
TE018;03.01.2024;5;1.0;481;40;440;40;41;40
TE018;03.01.2024;6;1.0;679;43;633;43;45;43
TE018;03.01.2024;7;1.0;780;42;742;42;38;42
TE018;03.01.2024;8;1.0;786;45;739;44;47;45
TE018;03.01.2024;9;1.0;813;40;751;40;62;41
TE018;03.01.2024;10;1.0;955;47;875;47;80;46
TE018;03.01.2024;11;1.0;775;37;717;37;57;37
TE018;03.01.2024;12;1.0;738;43;677;43;61;43
TE018;03.01.2024;13;1.0;742;45;716;45;26;46
TE018;03.01.2024;14;1.0;828;39;781;39;47;38
TE018;03.01.2024;15;1.0;737;41;702;41;35;41
TE018;03.01.2024;16;1.0;701;41;672;41;30;39
TE018;03.01.2024;17;1.0;656;35;633;35;23;33
TE018;03.01.2024;18;1.0;460;46;448;46;12;46
TE018;03.01.2024;19;1.0;354;47;343;47;11;47
TE018;03.01.2024;20;1.0;253;47;247;47;6;48
TE018;03.01.2024;21;1.0;219;50;209;50;10;50
TE018;03.01.2024;22;1.0;201;51;190;51;11;50
TE018;03.01.2024;23;1.0;117;51;111;51;6;50
TE018;04.01.2024;0;1.0;67;50;63;50;4;48
TE018;04.01.2024;1;1.0;50;51;42;52;8;46
TE018;04.01.2024;2;1.0;41;49;37;49;4;54
TE018;04.01.2024;3;1.0;77;48;72;48;5;55
TE018;04.01.2024;4;1.0;141;50;127;50;13;48
TE018;04.01.2024;5;1.0;477;51;461;51;16;48
TE018;04.01.2024;6;1.0;930;45;914;45;18;44
TE018;04.01.2024;7;1.0;1012;42;995;42;17;40
TE018;04.01.2024;8;1.0;1112;41;1075;41;37;42
TE018;04.01.2024;9;1.0;695;44;663;44;32;44
TE018;04.01.2024;10;1.0;673;45;641;45;32;46
TE018;04.01.2024;11;1.0;1052;44;1021;44;31;44
TE018;04.01.2024;12;1.0;760;46;726;46;34;47
TE018;04.01.2024;13;1.0;1050;43;1026;43;24;43
TE018;04.01.2024;14;1.0;858;43;825;43;33;43
TE018;04.01.2024;15;1.0;789;44;770;44;19;44
TE018;04.01.2024;16;1.0;889;34;852;34;37;36
TE018;04.01.2024;17;1.0;921;35;887;35;34;36
TE018;04.01.2024;18;1.0;549;46;537;46;12;47
TE018;04.01.2024;19;1.0;341;48;333;48;8;49
TE018;04.01.2024;20;1.0;271;49;262;49;9;49
TE018;04.01.2024;21;1.0;202;51;194;51;8;49
TE018;04.01.2024;22;1.0;188;51;179;51;9;54
TE018;04.01.2024;23;1.0;97;50;94;51;3;55
TE018;05.01.2024;0;1.0;71;49;67;49;4;50
TE018;05.01.2024;1;1.0;42;53;37;53;5;55
TE018;05.01.2024;2;1.0;39;54;35;53;4;52
TE018;05.01.2024;3;1.0;66;52;53;53;13;51
TE018;05.01.2024;4;1.0;137;48;117;47;21;46
TE018;05.01.2024;5;1.0;459;48;420;48;39;48
TE018;05.01.2024;6;1.0;698;46;656;46;42;47
TE018;05.01.2024;7;1.0;788;43;744;43;43;43
TE018;05.01.2024;8;1.0;729;43;711;43;18;44
TE018;05.01.2024;9;1.0;596;44;573;44;23;45
TE018;05.01.2024;10;1.0;640;46;614;46;26;45
TE018;05.01.2024;11;1.0;676;43;659;43;17;44
TE018;05.01.2024;12;1.0;675;39;643;39;32;38
TE018;05.01.2024;13;1.0;755;43;731;43;24;45
TE018;05.01.2024;14;1.0;783;44;757;44;26;45
TE018;05.01.2024;15;1.0;671;42;651;42;20;41
TE018;05.01.2024;16;1.0;661;43;648;43;13;43
TE018;05.01.2024;17;1.0;597;44;581;44;16;44
TE018;05.01.2024;18;1.0;522;49;512;49;10;49
TE018;05.01.2024;19;1.0;425;50;418;50;7;48
TE018;05.01.2024;20;1.0;281;47;277;47;3;49
TE018;05.01.2024;21;1.0;237;49;236;49;1;51
TE018;05.01.2024;22;1.0;202;44;194;44;8;47
TE018;05.01.2024;23;1.0;136;39;133;39;3;38
TE018;06.01.2024;0;1.0;101;46;97;46;3;53
TE018;06.01.2024;1;1.0;70;55;68;55;2;47
TE018;06.01.2024;2;1.0;46;53;46;53;0;-1
TE018;06.01.2024;3;1.0;56;41;50;41;6;45
TE018;06.01.2024;4;1.0;80;51;70;51;10;49
TE018;06.01.2024;5;1.0;178;49;152;49;26;49
TE018;06.01.2024;6;1.0;142;57;129;57;13;55
TE018;06.01.2024;7;1.0;202;43;195;43;6;43
TE018;06.01.2024;8;1.0;314;43;303;43;12;43
TE018;06.01.2024;9;1.0;379;43;357;43;22;43
TE018;06.01.2024;10;1.0;508;46;501;46;7;46
TE018;06.01.2024;11;1.0;565;48;551;48;14;49
TE018;06.01.2024;12;1.0;617;47;606;47;11;48
TE018;06.01.2024;13;1.0;670;46;658;46;12;45
TE018;06.01.2024;14;1.0;713;46;710;46;3;52
TE018;06.01.2024;15;1.0;671;47;663;47;8;48
TE018;06.01.2024;16;1.0;541;47;537;47;4;52
TE018;06.01.2024;17;1.0;562;49;552;49;10;50
TE018;06.01.2024;18;1.0;483;49;477;49;6;49
TE018;06.01.2024;19;1.0;381;49;381;49;0;-1
TE018;06.01.2024;20;1.0;297;48;292;48;5;52
TE018;06.01.2024;21;1.0;178;54;171;54;7;54
TE018;06.01.2024;22;1.0;182;53;179;53;3;52
TE018;06.01.2024;23;1.0;144;55;141;55;3;54
TE018;07.01.2024;0;1.0;94;55;91;55;3;52
TE018;07.01.2024;1;1.0;66;55;66;55;0;-1
TE018;07.01.2024;2;1.0;56;57;56;57;0;-1
TE018;07.01.2024;3;1.0;47;52;42;52;5;52
TE018;07.01.2024;4;1.0;55;53;46;53;9;47
TE018;07.01.2024;5;1.0;64;49;60;50;4;48
TE018;07.01.2024;6;1.0;90;52;81;52;9;49
TE018;07.01.2024;7;1.0;66;51;64;52;2;47
TE018;07.01.2024;8;1.0;108;51;103;51;5;50
TE018;07.01.2024;9;1.0;219;51;213;51;6;51
TE018;07.01.2024;10;1.0;307;49;301;49;6;51
TE018;07.01.2024;11;1.0;321;46;319;46;2;42
TE018;07.01.2024;12;1.0;619;43;612;43;6;49
TE018;07.01.2024;13;1.0;442;44;435;45;6;46
TE018;07.01.2024;14;1.0;488;44;485;44;3;53
TE018;07.01.2024;15;1.0;462;54;458;54;4;54
TE018;07.01.2024;16;1.0;440;53;434;53;6;54
TE018;07.01.2024;17;1.0;463;53;461;53;2;48
TE018;07.01.2024;18;1.0;323;54;319;54;4;48
TE018;07.01.2024;19;1.0;275;53;274;53;1;58
TE018;07.01.2024;20;1.0;276;51;270;51;6;51
TE018;07.01.2024;21;1.0;190;51;186;50;4;52
TE018;07.01.2024;22;1.0;136;52;132;52;4;50
TE018;07.01.2024;23;1.0;95;53;91;53;4;50
TE018;17.01.2024;6;1.0;903;46;851;46;52;45
TE018;20.01.2024;19;1.0;397;45;389;45;8;45
TE018;20.01.2024;20;1.0;306;45;300;45;6;46
TE018;20.01.2024;21;1.0;263;46;261;46;2;48
TE018;20.01.2024;22;1.0;225;40;220;40;5;42
TE018;24.01.2024;9;1.0;1256;36;1164;36;91;38
TE018;24.01.2024;10;1.0;1035;44;991;44;44;44
TE018;24.01.2024;11;1.0;857;47;798;46;59;47
TE018;24.01.2024;12;1.0;966;47;890;47;76;47
TE018;24.01.2024;13;1.0;826;46;762;46;64;46
TE018;24.01.2024;14;1.0;862;45;799;45;63;45
TE018;24.01.2024;15;1.0;836;44;799;44;37;43
TE018;24.01.2024;16;1.0;911;43;875;43;36;43
TE018;24.01.2024;17;1.0;744;44;724;44;20;44
TE018;24.01.2024;18;1.0;939;42;919;42;20;42
TE018;24.01.2024;19;1.0;701;44;682;44;19;43
TE018;24.01.2024;20;1.0;578;43;564;43;14;43
TE018;24.01.2024;21;1.0;228;48;219;48;9;48
TE018;24.01.2024;22;1.0;205;49;200;49;5;49
TE018;24.01.2024;23;1.0;101;50;94;50;7;47
TE018;25.01.2024;0;1.0;74;51;66;52;8;50
TE018;25.01.2024;1;1.0;55;52;53;52;2;42
TE018;25.01.2024;2;1.0;58;50;50;51;8;47
TE018;25.01.2024;3;1.0;78;50;62;50;16;49
TE018;25.01.2024;4;1.0;159;51;134;51;25;51
TE018;25.01.2024;5;1.0;540;51;472;51;68;51
TE018;25.01.2024;6;1.0;953;45;890;45;63;45
TE018;25.01.2024;7;1.0;1090;43;1038;43;52;43
TE018;25.01.2024;8;1.0;1264;42;1214;42;50;42
TE018;25.01.2024;9;1.0;1008;43;954;43;54;43
TE018;25.01.2024;10;1.0;961;43;914;43;47;43
TE018;25.01.2024;11;1.0;975;44;957;44;18;44
TE018;25.01.2024;12;1.0;760;44;733;44;27;45
TE018;25.01.2024;13;1.0;802;44;771;44;31;44
TE018;25.01.2024;14;1.0;885;44;866;44;19;44
TE018;25.01.2024;15;1.0;853;43;834;43;19;44
TE018;25.01.2024;16;1.0;790;43;776;43;14;42
TE018;25.01.2024;17;1.0;693;44;684;44;9;45
TE018;25.01.2024;18;1.0;578;45;571;45;7;46
TE018;25.01.2024;19;1.0;404;47;395;47;9;50
TE018;25.01.2024;20;1.0;292;49;286;49;6;49
TE018;25.01.2024;21;1.0;242;49;236;49;6;50
TE018;25.01.2024;22;1.0;197;49;189;49;8;49
TE018;25.01.2024;23;1.0;131;48;127;48;4;48
TE018;26.01.2024;0;1.0;83;48;77;48;6;49
TE018;26.01.2024;1;1.0;88;49;79;50;9;48
TE018;26.01.2024;2;1.0;59;49;56;49;3;48
TE018;26.01.2024;3;1.0;71;49;58;51;13;47
TE018;26.01.2024;4;1.0;147;50;131;50;16;49
TE018;26.01.2024;5;1.0;497;52;466;52;31;51
TE018;26.01.2024;6;1.0;884;49;864;49;20;50
TE018;26.01.2024;7;1.0;1537;34;1475;34;62;33
TE018;26.01.2024;8;1.0;1574;37;1510;37;64;35
TE018;26.01.2024;9;1.0;1263;44;1239;44;24;44
TE018;26.01.2024;10;1.0;939;45;907;45;32;46
TE018;26.01.2024;11;1.0;783;44;763;44;20;43
TE018;26.01.2024;12;1.0;745;43;719;43;26;43
TE018;26.01.2024;13;1.0;807;46;785;46;22;46
TE018;26.01.2024;14;1.0;971;43;958;43;13;44
TE018;26.01.2024;15;1.0;774;45;760;45;14;45
TE018;26.01.2024;16;1.0;705;43;689;43;16;43
TE018;26.01.2024;17;1.0;700;43;680;43;20;43
TE018;26.01.2024;18;1.0;629;46;625;46;4;48
TE018;26.01.2024;19;1.0;462;46;455;46;7;47
TE018;26.01.2024;20;1.0;358;46;348;46;10;45
TE018;26.01.2024;21;1.0;338;43;328;43;10;46
TE018;26.01.2024;22;1.0;256;48;251;48;5;47
TE018;26.01.2024;23;1.0;190;47;185;47;5;48
TE018;27.01.2024;0;1.0;107;49;101;49;6;46
TE018;27.01.2024;1;1.0;80;51;80;51;0;-1
TE018;27.01.2024;2;1.0;67;50;65;50;2;54
TE018;27.01.2024;3;1.0;60;54;53;54;7;54
TE018;27.01.2024;4;1.0;85;50;72;50;13;47
TE018;27.01.2024;5;1.0;163;49;149;49;14;49
TE018;27.01.2024;6;1.0;145;48;139;48;6;48
TE018;27.01.2024;7;1.0;240;47;217;47;23;47
TE018;27.01.2024;8;1.0;357;48;339;48;18;48
TE018;27.01.2024;9;1.0;544;47;519;47;25;47
TE018;27.01.2024;10;1.0;574;48;556;48;18;48
TE018;27.01.2024;11;1.0;665;48;659;48;6;47
TE018;27.01.2024;12;1.0;650;47;638;47;12;48
TE018;27.01.2024;13;1.0;760;46;751;46;9;47
TE018;27.01.2024;14;1.0;690;45;679;45;11;46
TE018;27.01.2024;15;1.0;696;44;682;44;14;45
TE018;27.01.2024;16;1.0;623;46;610;46;13;44
TE018;27.01.2024;17;1.0;658;43;647;43;11;43
TE018;27.01.2024;18;1.0;570;43;566;43;4;42
TE018;27.01.2024;19;1.0;421;45;416;45;5;42
TE018;27.01.2024;20;1.0;346;46;334;46;12;46
TE018;27.01.2024;21;1.0;287;48;284;48;3;50
TE018;27.01.2024;22;1.0;247;47;240;47;7;49
TE018;27.01.2024;23;1.0;218;49;213;50;5;49
TE018;28.01.2024;0;1.0;150;52;149;52;1;53
TE018;28.01.2024;1;1.0;108;52;106;52;2;52
TE018;28.01.2024;2;1.0;66;55;65;55;1;52
TE018;28.01.2024;3;1.0;51;52;47;52;4;46
TE018;28.01.2024;4;1.0;44;53;40;53;4;48
TE018;28.01.2024;5;1.0;105;54;102;54;3;49
TE018;28.01.2024;6;1.0;88;53;81;54;7;50
TE018;28.01.2024;7;1.0;110;51;101;51;9;49
TE018;28.01.2024;8;1.0;161;53;159;53;2;54
TE018;28.01.2024;9;1.0;313;49;299;49;14;49
TE018;28.01.2024;10;1.0;407;48;398;48;9;49
TE018;28.01.2024;11;1.0;442;47;436;47;6;47
TE018;28.01.2024;12;1.0;533;49;521;49;12;49
TE018;28.01.2024;13;1.0;635;50;625;50;10;51
TE018;28.01.2024;14;1.0;613;47;607;47;6;45
TE018;28.01.2024;15;1.0;521;50;503;50;18;51
TE018;28.01.2024;16;1.0;567;47;564;47;3;47
TE018;28.01.2024;17;1.0;536;47;528;47;8;48
TE018;28.01.2024;18;1.0;456;47;452;47;4;46
TE018;28.01.2024;19;1.0;363;48;362;48;1;48
TE018;28.01.2024;20;1.0;247;49;246;49;1;49
TE018;28.01.2024;21;1.0;226;49;222;49;4;48
TE018;28.01.2024;22;1.0;149;50;147;50;2;50
TE018;28.01.2024;23;1.0;103;52;98;52;5;49
TE018;29.01.2024;0;1.0;71;49;69;49;2;49
TE018;29.01.2024;1;1.0;42;49;39;49;3;52
TE018;29.01.2024;2;1.0;28;52;26;51;2;58
TE018;29.01.2024;3;1.0;77;48;63;48;14;49
TE018;29.01.2024;4;1.0;156;50;128;50;28;49
TE018;29.01.2024;5;1.0;862;48;813;48;49;48
TE018;29.01.2024;6;1.0;1383;35;1311;35;72;38
TE018;29.01.2024;7;1.0;1086;42;1033;42;53;41
TE018;29.01.2024;8;1.0;1115;44;1055;44;60;44
TE018;29.01.2024;9;1.0;1028;43;941;43;87;42
TE018;29.01.2024;10;1.0;826;44;767;44;59;44
TE018;29.01.2024;11;1.0;778;48;699;48;79;48
TE018;29.01.2024;12;1.0;731;47;679;47;52;46
TE018;29.01.2024;13;1.0;847;44;785;44;62;44
TE018;29.01.2024;14;1.0;819;42;766;42;53;42
TE018;29.01.2024;15;1.0;836;43;792;43;44;42
TE018;29.01.2024;16;1.0;779;42;753;42;26;42
TE018;29.01.2024;17;1.0;746;40;722;40;24;42
TE018;29.01.2024;18;1.0;584;40;573;40;11;44
TE018;29.01.2024;19;1.0;391;44;379;44;12;43
TE018;29.01.2024;20;1.0;293;48;287;48;6;47
TE018;29.01.2024;21;1.0;192;48;185;48;7;47
TE018;29.01.2024;22;1.0;209;49;203;49;6;49
TE018;29.01.2024;23;1.0;104;47;101;47;3;50
TE018;30.01.2024;0;1.0;70;49;64;49;6;46
TE018;30.01.2024;1;1.0;60;52;57;52;3;47
TE018;30.01.2024;2;1.0;41;50;39;50;2;49
TE018;30.01.2024;3;1.0;55;51;44;51;11;51
TE018;30.01.2024;4;1.0;163;49;139;49;24;46
TE018;30.01.2024;5;1.0;547;49;496;49;51;49
TE018;30.01.2024;6;1.0;996;45;960;45;36;45
TE018;30.01.2024;7;1.0;1123;42;1070;42;53;40
TE018;30.01.2024;8;1.0;1181;44;1110;44;71;43
TE018;30.01.2024;9;1.0;1059;45;976;45;83;44
TE018;30.01.2024;10;1.0;970;43;908;43;62;42
TE018;30.01.2024;11;1.0;788;43;727;43;61;44
TE018;30.01.2024;12;1.0;800;44;746;43;54;45
TE018;30.01.2024;13;1.0;790;43;739;43;51;43
TE018;30.01.2024;14;1.0;866;41;823;41;43;44
TE018;30.01.2024;15;1.0;924;43;881;43;43;44
TE018;30.01.2024;16;1.0;770;43;747;43;23;45
TE018;30.01.2024;17;1.0;753;41;730;41;23;43
TE018;30.01.2024;18;1.0;558;48;542;48;16;48
TE018;30.01.2024;19;1.0;447;46;441;46;6;44
TE018;30.01.2024;20;1.0;313;49;304;49;9;48
TE018;30.01.2024;21;1.0;220;49;215;49;5;47
TE018;30.01.2024;22;1.0;190;50;187;51;3;48
TE018;30.01.2024;23;1.0;94;48;88;48;6;48
TE018;31.01.2024;0;1.0;78;50;74;50;4;52
TE018;31.01.2024;1;1.0;46;49;41;49;5;51
TE018;31.01.2024;2;1.0;49;52;45;53;4;47
TE018;31.01.2024;3;1.0;59;50;41;51;18;50
TE018;31.01.2024;4;1.0;152;50;129;50;23;50
TE018;31.01.2024;5;1.0;559;50;491;50;68;50
TE018;31.01.2024;6;1.0;984;46;932;46;52;48
TE018;31.01.2024;7;1.0;1147;42;1115;42;32;42
TE018;31.01.2024;8;1.0;1187;45;1168;45;19;45
TE018;31.01.2024;9;1.0;1078;45;1054;45;24;46
TE018;31.01.2024;10;1.0;974;45;938;45;36;44
TE018;31.01.2024;11;1.0;917;44;855;44;62;44
TE018;31.01.2024;12;1.0;810;44;773;44;37;44
TE018;31.01.2024;13;1.0;843;45;807;45;36;46
TE018;31.01.2024;14;1.0;842;40;809;40;34;41
TE018;31.01.2024;15;1.0;874;44;858;44;16;45
TE018;31.01.2024;16;1.0;825;43;815;43;10;44
TE018;31.01.2024;17;1.0;797;45;790;45;7;44
TE018;31.01.2024;18;1.0;685;46;677;46;8;44
TE018;31.01.2024;19;1.0;436;48;433;48;3;53
TE018;31.01.2024;20;1.0;288;51;284;51;4;50
TE018;31.01.2024;21;1.0;230;52;227;52;3;51
TE018;31.01.2024;22;1.0;660;50;646;50;14;51
TE018;31.01.2024;23;1.0;573;51;562;51;11;50
TE019;01.01.2024;1;1.0;240;39;238;39;3;34
TE019;01.01.2024;3;1.0;189;39;186;39;3;36
TE019;01.01.2024;4;1.0;112;41;107;41;5;43
TE019;01.01.2024;5;1.0;117;54;114;53;3;55
TE019;01.01.2024;6;1.0;91;53;90;53;1;54
TE019;01.01.2024;7;1.0;64;40;60;40;4;42
TE019;01.01.2024;8;1.0;54;45;49;45;5;44
TE019;01.01.2024;9;1.0;64;45;61;45;3;54
TE019;01.01.2024;10;1.0;91;45;89;45;2;50
TE019;01.01.2024;11;1.0;122;48;117;48;5;53
TE019;01.01.2024;12;1.0;203;48;198;48;5;52
TE019;01.01.2024;13;1.0;290;43;287;43;4;39
TE019;01.01.2024;14;1.0;301;52;294;52;7;51
TE019;01.01.2024;15;1.0;296;49;292;48;3;53
TE019;01.01.2024;16;1.0;350;47;343;46;8;45
TE019;01.01.2024;17;1.0;327;42;324;42;4;38
TE019;01.01.2024;18;1.0;300;47;295;47;5;52
TE019;01.01.2024;19;1.0;239;52;230;52;9;52
TE019;01.01.2024;20;1.0;215;50;209;50;6;48
TE019;01.01.2024;21;1.0;200;49;185;49;15;48
TE019;01.01.2024;22;1.0;144;54;140;54;4;54
TE019;01.01.2024;23;1.0;107;54;101;53;6;55
TE019;02.01.2024;0;1.0;78;53;60;54;18;53
TE019;02.01.2024;1;1.0;52;54;52;54;0;-1
TE019;02.01.2024;2;1.0;56;53;54;53;2;49
TE019;02.01.2024;3;1.0;50;52;47;52;3;52
TE019;02.01.2024;4;1.0;74;49;64;48;10;51
TE019;02.01.2024;5;1.0;239;48;230;48;9;48
TE019;02.01.2024;6;1.0;341;47;312;47;29;47
TE019;02.01.2024;7;1.0;444;48;423;48;21;48
TE019;02.01.2024;8;1.0;448;50;420;50;28;49
TE019;02.01.2024;9;1.0;502;51;460;51;42;50
TE019;02.01.2024;10;1.0;519;49;505;49;14;47
TE019;02.01.2024;11;1.0;583;44;566;44;16;43
TE019;02.01.2024;12;1.0;617;43;588;43;28;40
TE019;02.01.2024;13;1.0;636;40;624;40;12;39
TE019;02.01.2024;14;1.0;749;48;736;48;13;46
TE019;02.01.2024;15;1.0;871;47;860;47;11;45
TE019;02.01.2024;16;1.0;756;44;744;44;12;42
TE019;02.01.2024;17;1.0;665;41;653;41;12;41
TE019;02.01.2024;18;1.0;572;51;563;51;9;50
TE019;02.01.2024;19;1.0;421;39;416;39;5;41
TE019;02.01.2024;20;1.0;310;44;298;44;12;44
TE019;02.01.2024;21;1.0;260;48;246;48;14;48
TE019;02.01.2024;22;1.0;199;53;193;53;6;52
TE019;02.01.2024;23;1.0;116;54;107;55;9;53
TE019;03.01.2024;0;1.0;103;54;88;54;15;53
TE019;03.01.2024;1;1.0;64;53;59;53;5;53
TE019;03.01.2024;2;1.0;70;54;69;54;1;55
TE019;03.01.2024;3;1.0;42;52;37;52;5;52
TE019;03.01.2024;4;1.0;86;50;69;50;17;48
TE019;03.01.2024;5;1.0;291;43;280;43;12;40
TE019;03.01.2024;6;1.0;384;47;343;47;41;48
TE019;03.01.2024;7;1.0;448;46;410;46;37;46
TE019;03.01.2024;8;1.0;525;50;464;50;61;50
TE019;03.01.2024;9;1.0;566;46;517;46;49;46
TE019;03.01.2024;10;1.0;629;50;555;49;74;50
TE019;03.01.2024;11;1.0;651;39;575;39;76;38
TE019;03.01.2024;12;1.0;732;46;661;46;71;46
TE019;03.01.2024;13;1.0;746;51;705;51;41;50
TE019;03.01.2024;14;1.0;813;42;774;42;39;41
TE019;03.01.2024;15;1.0;924;45;897;45;27;45
TE019;03.01.2024;16;1.0;809;45;791;45;18;47
TE019;03.01.2024;17;1.0;767;38;750;38;17;39
TE019;03.01.2024;18;1.0;620;50;608;50;12;49
TE019;03.01.2024;19;1.0;436;51;425;51;11;49
TE019;03.01.2024;20;1.0;373;51;355;52;18;50
TE019;03.01.2024;21;1.0;303;53;289;53;14;53
TE019;03.01.2024;22;1.0;266;53;258;53;8;52
TE019;03.01.2024;23;1.0;135;54;132;54;3;53
TE019;04.01.2024;0;1.0;100;53;84;53;16;49
TE019;04.01.2024;1;1.0;56;49;52;50;3;51
TE019;04.01.2024;2;1.0;70;50;68;50;2;58
TE019;04.01.2024;3;1.0;41;49;39;49;2;52
TE019;04.01.2024;4;1.0;97;49;86;49;11;49
TE019;04.01.2024;5;1.0;260;48;253;48;6;54
TE019;04.01.2024;6;1.0;375;48;362;48;13;46
TE019;04.01.2024;7;1.0;391;45;381;45;10;42
TE019;04.01.2024;8;1.0;488;47;468;47;20;44
TE019;04.01.2024;9;1.0;644;48;608;48;36;46
TE019;04.01.2024;10;1.0;607;48;556;48;51;47
TE019;04.01.2024;11;1.0;738;47;686;47;52;45
TE019;04.01.2024;12;1.0;717;48;680;48;37;46
TE019;04.01.2024;13;1.0;778;49;755;49;23;47
TE019;04.01.2024;14;1.0;839;47;812;48;27;46
TE019;04.01.2024;15;1.0;893;46;872;47;21;43
TE019;04.01.2024;16;1.0;883;42;860;43;23;38
TE019;04.01.2024;17;1.0;750;45;739;45;11;43
TE019;04.01.2024;18;1.0;627;47;612;48;15;47
TE019;04.01.2024;19;1.0;424;47;417;47;7;47
TE019;04.01.2024;20;1.0;357;49;343;49;14;47
TE019;04.01.2024;21;1.0;275;49;263;49;12;48
TE019;04.01.2024;22;1.0;250;50;244;49;6;49
TE019;04.01.2024;23;1.0;138;49;134;49;4;47
TE019;05.01.2024;0;1.0;118;49;106;50;12;48
TE019;05.01.2024;1;1.0;59;51;55;51;4;49
TE019;05.01.2024;2;1.0;71;53;71;53;0;-1
TE019;05.01.2024;3;1.0;52;52;45;53;7;48
TE019;05.01.2024;4;1.0;95;47;82;47;13;47
TE019;05.01.2024;5;1.0;255;46;245;46;10;43
TE019;05.01.2024;6;1.0;393;45;354;46;39;44
TE019;05.01.2024;7;1.0;463;43;417;44;44;43
TE019;05.01.2024;8;1.0;454;49;440;49;14;46
TE019;05.01.2024;9;1.0;528;47;515;47;13;45
TE019;05.01.2024;10;1.0;562;48;537;49;25;47
TE019;05.01.2024;11;1.0;685;45;666;45;19;45
TE019;05.01.2024;12;1.0;728;45;696;45;32;44
TE019;05.01.2024;13;1.0;800;46;768;46;32;43
TE019;05.01.2024;14;1.0;858;46;835;46;23;42
TE019;05.01.2024;15;1.0;740;41;729;41;11;39
TE019;05.01.2024;16;1.0;755;45;738;45;17;42
TE019;05.01.2024;17;1.0;628;46;619;46;9;43
TE019;05.01.2024;18;1.0;594;46;583;46;11;44
TE019;05.01.2024;19;1.0;426;45;421;45;5;44
TE019;05.01.2024;20;1.0;330;46;320;46;10;43
TE019;05.01.2024;21;1.0;293;44;280;44;13;43
TE019;05.01.2024;22;1.0;264;41;257;41;7;37
TE019;05.01.2024;23;1.0;194;38;189;37;5;42
TE019;06.01.2024;0;1.0;180;44;165;44;15;44
TE019;06.01.2024;1;1.0;107;48;105;48;2;40
TE019;06.01.2024;2;1.0;93;51;90;51;3;50
TE019;06.01.2024;3;1.0;84;37;81;37;3;31
TE019;06.01.2024;4;1.0;73;45;70;45;3;48
TE019;06.01.2024;5;1.0;140;44;138;44;2;58
TE019;06.01.2024;6;1.0;96;49;95;49;1;48
TE019;06.01.2024;7;1.0;151;40;142;40;9;44
TE019;06.01.2024;8;1.0;199;43;191;43;9;41
TE019;06.01.2024;9;1.0;319;45;294;45;25;42
TE019;06.01.2024;10;1.0;416;49;389;50;27;49
TE019;06.01.2024;11;1.0;520;48;500;48;20;48
TE019;06.01.2024;12;1.0;569;48;560;48;9;45
TE019;06.01.2024;13;1.0;649;48;646;48;3;46
TE019;06.01.2024;14;1.0;703;47;694;47;9;45
TE019;06.01.2024;15;1.0;624;47;614;47;10;49
TE019;06.01.2024;16;1.0;632;46;626;46;6;42
TE019;06.01.2024;17;1.0;511;48;505;48;6;46
TE019;06.01.2024;18;1.0;464;48;457;48;7;44
TE019;06.01.2024;19;1.0;359;43;354;43;4;44
TE019;06.01.2024;20;1.0;328;45;322;45;7;38
TE019;06.01.2024;21;1.0;245;50;237;50;8;45
TE019;06.01.2024;22;1.0;251;50;247;50;4;46
TE019;06.01.2024;23;1.0;213;48;209;48;4;47
TE019;07.01.2024;0;1.0;164;51;148;51;16;50
TE019;07.01.2024;1;1.0;109;54;106;54;3;51
TE019;07.01.2024;2;1.0;88;50;87;50;1;51
TE019;07.01.2024;3;1.0;68;51;65;51;3;52
TE019;07.01.2024;4;1.0;42;53;36;54;6;52
TE019;07.01.2024;5;1.0;66;51;63;51;3;50
TE019;07.01.2024;6;1.0;58;50;57;50;1;53
TE019;07.01.2024;7;1.0;66;48;62;48;4;48
TE019;07.01.2024;8;1.0;63;50;60;50;3;46
TE019;07.01.2024;9;1.0;111;47;108;47;3;48
TE019;07.01.2024;10;1.0;180;48;177;48;3;45
TE019;07.01.2024;11;1.0;244;49;241;49;3;46
TE019;07.01.2024;12;1.0;340;46;338;46;2;48
TE019;07.01.2024;13;1.0;389;44;382;44;6;48
TE019;07.01.2024;14;1.0;418;44;410;44;8;41
TE019;07.01.2024;15;1.0;433;49;429;49;4;46
TE019;07.01.2024;16;1.0;436;49;430;49;6;47
TE019;07.01.2024;17;1.0;401;49;398;49;3;48
TE019;07.01.2024;18;1.0;395;51;391;51;4;48
TE019;07.01.2024;19;1.0;298;51;291;51;7;51
TE019;07.01.2024;20;1.0;275;50;267;50;8;48
TE019;07.01.2024;21;1.0;253;48;240;48;13;47
TE019;07.01.2024;22;1.0;195;47;189;47;6;45
TE019;07.01.2024;23;1.0;103;50;99;50;4;48
TE019;17.01.2024;6;1.0;445;44;431;44;14;44
TE019;20.01.2024;19;1.0;438;46;430;46;8;46
TE019;20.01.2024;20;1.0;335;47;327;47;8;47
TE019;20.01.2024;21;1.0;272;48;264;48;8;46
TE019;20.01.2024;22;1.0;291;43;284;43;7;40
TE019;24.01.2024;9;1.0;658;45;608;45;50;44
TE019;24.01.2024;10;1.0;651;49;604;49;47;49
TE019;24.01.2024;11;1.0;717;49;621;49;96;49
TE019;24.01.2024;12;1.0;864;49;766;49;98;49
TE019;24.01.2024;13;1.0;932;32;876;32;56;39
TE019;24.01.2024;14;1.0;852;50;813;50;39;49
TE019;24.01.2024;15;1.0;912;49;869;49;43;48
TE019;24.01.2024;16;1.0;813;50;788;50;25;50
TE019;24.01.2024;17;1.0;799;50;781;50;18;49
TE019;24.01.2024;18;1.0;701;50;685;50;16;50
TE019;24.01.2024;19;1.0;514;51;508;51;6;50
TE019;24.01.2024;20;1.0;404;50;386;50;18;50
TE019;24.01.2024;21;1.0;329;52;315;52;14;51
TE019;24.01.2024;22;1.0;242;51;238;51;4;52
TE019;24.01.2024;23;1.0;160;53;155;53;5;51
TE019;25.01.2024;0;1.0;104;54;90;55;14;47
TE019;25.01.2024;1;1.0;48;53;43;53;5;46
TE019;25.01.2024;2;1.0;58;60;57;60;1;67
TE019;25.01.2024;3;1.0;45;54;42;54;3;59
TE019;25.01.2024;4;1.0;104;54;89;54;15;53
TE019;25.01.2024;5;1.0;321;54;299;54;22;52
TE019;25.01.2024;6;1.0;485;52;452;51;33;52
TE019;25.01.2024;7;1.0;626;50;585;50;41;50
TE019;25.01.2024;8;1.0;624;50;568;50;56;49
TE019;25.01.2024;9;1.0;612;49;563;49;49;48
TE019;25.01.2024;10;1.0;632;48;584;48;48;49
TE019;25.01.2024;11;1.0;715;49;666;49;49;49
TE019;25.01.2024;12;1.0;796;47;757;47;39;46
TE019;25.01.2024;13;1.0;695;47;665;47;30;47
TE019;25.01.2024;14;1.0;842;46;820;46;22;46
TE019;25.01.2024;15;1.0;954;46;929;46;25;46
TE019;25.01.2024;16;1.0;1003;47;982;47;21;46
TE019;25.01.2024;17;1.0;946;48;934;48;12;47
TE019;25.01.2024;18;1.0;801;49;789;49;12;48
TE019;25.01.2024;19;1.0;559;50;551;50;8;49
TE019;25.01.2024;20;1.0;399;51;380;51;19;49
TE019;25.01.2024;21;1.0;336;50;319;50;17;50
TE019;25.01.2024;22;1.0;278;50;272;50;6;47
TE019;25.01.2024;23;1.0;163;51;159;51;4;46
TE019;26.01.2024;0;1.0;119;51;105;51;14;48
TE019;26.01.2024;1;1.0;74;51;70;51;4;48
TE019;26.01.2024;2;1.0;63;54;62;54;1;51
TE019;26.01.2024;3;1.0;49;48;45;48;4;47
TE019;26.01.2024;4;1.0;92;51;81;52;11;49
TE019;26.01.2024;5;1.0;306;49;295;49;11;47
TE019;26.01.2024;6;1.0;410;49;389;49;21;48
TE019;26.01.2024;7;1.0;669;44;628;44;41;44
TE019;26.01.2024;8;1.0;809;46;731;46;78;45
TE019;26.01.2024;9;1.0;730;48;679;48;51;49
TE019;26.01.2024;10;1.0;772;48;685;48;87;50
TE019;26.01.2024;11;1.0;733;48;674;48;59;49
TE019;26.01.2024;12;1.0;804;45;758;45;46;45
TE019;26.01.2024;13;1.0;725;49;694;49;31;48
TE019;26.01.2024;14;1.0;881;50;858;50;23;49
TE019;26.01.2024;15;1.0;882;50;859;50;23;49
TE019;26.01.2024;16;1.0;796;47;783;47;13;45
TE019;26.01.2024;17;1.0;785;47;765;47;20;47
TE019;26.01.2024;18;1.0;658;50;647;50;11;48
TE019;26.01.2024;19;1.0;448;49;440;49;8;48
TE019;26.01.2024;20;1.0;404;49;384;49;20;50
TE019;26.01.2024;21;1.0;328;47;316;47;12;48
TE019;26.01.2024;22;1.0;315;50;305;50;10;49
TE019;26.01.2024;23;1.0;219;52;212;52;7;50
TE019;27.01.2024;0;1.0;184;53;171;53;13;52
TE019;27.01.2024;1;1.0;111;52;110;52;1;51
TE019;27.01.2024;2;1.0;89;51;88;51;1;50
TE019;27.01.2024;3;1.0;75;54;71;55;4;50
TE019;27.01.2024;4;1.0;68;54;63;55;5;45
TE019;27.01.2024;5;1.0;83;52;79;53;4;47
TE019;27.01.2024;6;1.0;140;51;131;51;9;49
TE019;27.01.2024;7;1.0;168;50;155;50;13;50
TE019;27.01.2024;8;1.0;262;51;246;51;16;52
TE019;27.01.2024;9;1.0;342;51;326;51;16;49
TE019;27.01.2024;10;1.0;494;50;477;50;17;49
TE019;27.01.2024;11;1.0;574;51;565;51;9;51
TE019;27.01.2024;12;1.0;619;51;613;51;6;50
TE019;27.01.2024;13;1.0;628;49;624;49;4;48
TE019;27.01.2024;14;1.0;705;47;693;47;12;47
TE019;27.01.2024;15;1.0;680;47;668;47;12;48
TE019;27.01.2024;16;1.0;557;48;550;48;7;48
TE019;27.01.2024;17;1.0;619;48;610;48;9;48
TE019;27.01.2024;18;1.0;542;49;532;49;10;49
TE019;27.01.2024;19;1.0;470;49;464;49;6;49
TE019;27.01.2024;20;1.0;332;51;326;51;6;50
TE019;27.01.2024;21;1.0;288;50;281;51;7;48
TE019;27.01.2024;22;1.0;275;51;270;51;5;50
TE019;27.01.2024;23;1.0;249;51;243;51;6;50
TE019;28.01.2024;0;1.0;226;50;207;50;19;50
TE019;28.01.2024;1;1.0;131;52;130;52;1;49
TE019;28.01.2024;2;1.0;98;51;96;51;2;49
TE019;28.01.2024;3;1.0;77;50;76;50;1;53
TE019;28.01.2024;4;1.0;70;48;66;48;4;47
TE019;28.01.2024;5;1.0;69;48;65;48;4;44
TE019;28.01.2024;6;1.0;68;46;67;46;1;43
TE019;28.01.2024;7;1.0;67;48;62;48;5;45
TE019;28.01.2024;8;1.0;97;49;91;49;6;48
TE019;28.01.2024;9;1.0;184;50;179;50;5;50
TE019;28.01.2024;10;1.0;258;51;255;51;3;48
TE019;28.01.2024;11;1.0;296;49;291;49;5;49
TE019;28.01.2024;12;1.0;438;51;433;51;5;50
TE019;28.01.2024;13;1.0;502;48;496;48;6;47
TE019;28.01.2024;14;1.0;519;48;512;48;7;49
TE019;28.01.2024;15;1.0;527;50;517;50;10;49
TE019;28.01.2024;16;1.0;471;51;464;51;7;50
TE019;28.01.2024;17;1.0;532;49;524;49;8;48
TE019;28.01.2024;18;1.0;437;49;431;49;6;50
TE019;28.01.2024;19;1.0;408;49;398;49;10;47
TE019;28.01.2024;20;1.0;316;51;305;51;11;50
TE019;28.01.2024;21;1.0;266;50;257;50;9;51
TE019;28.01.2024;22;1.0;193;52;186;52;7;53
TE019;28.01.2024;23;1.0;102;53;97;53;5;49
TE019;29.01.2024;0;1.0;106;54;88;54;18;54
TE019;29.01.2024;1;1.0;46;54;42;54;4;55
TE019;29.01.2024;2;1.0;52;53;48;53;4;60
TE019;29.01.2024;3;1.0;46;55;44;55;2;50
TE019;29.01.2024;4;1.0;86;52;73;53;13;49
TE019;29.01.2024;5;1.0;277;51;272;51;5;51
TE019;29.01.2024;6;1.0;485;50;444;50;41;49
TE019;29.01.2024;7;1.0;623;46;581;46;42;46
TE019;29.01.2024;8;1.0;630;48;584;48;46;47
TE019;29.01.2024;9;1.0;681;49;618;49;63;49
TE019;29.01.2024;10;1.0;632;49;565;49;67;49
TE019;29.01.2024;11;1.0;725;48;637;48;88;47
TE019;29.01.2024;12;1.0;789;48;707;48;82;48
TE019;29.01.2024;13;1.0;832;49;771;49;61;48
TE019;29.01.2024;14;1.0;872;48;821;48;51;47
TE019;29.01.2024;15;1.0;1062;49;1011;49;51;48
TE019;29.01.2024;16;1.0;979;48;942;48;37;49
TE019;29.01.2024;17;1.0;856;48;827;48;29;47
TE019;29.01.2024;18;1.0;691;48;674;48;17;47
TE019;29.01.2024;19;1.0;453;49;447;49;6;48
TE019;29.01.2024;20;1.0;365;49;345;49;20;50
TE019;29.01.2024;21;1.0;310;51;295;51;15;51
TE019;29.01.2024;22;1.0;240;50;233;50;7;48
TE019;29.01.2024;23;1.0;133;52;125;52;8;51
TE019;30.01.2024;0;1.0;98;52;80;52;18;51
TE019;30.01.2024;1;1.0;59;52;57;52;2;54
TE019;30.01.2024;2;1.0;46;52;43;51;3;56
TE019;30.01.2024;3;1.0;52;51;48;51;4;50
TE019;30.01.2024;4;1.0;101;50;85;50;16;52
TE019;30.01.2024;5;1.0;271;51;258;51;13;50
TE019;30.01.2024;6;1.0;436;50;407;50;29;49
TE019;30.01.2024;7;1.0;618;47;562;47;56;47
TE019;30.01.2024;8;1.0;630;48;583;48;47;47
TE019;30.01.2024;9;1.0;688;50;627;49;61;50
TE019;30.01.2024;10;1.0;676;49;596;49;80;49
TE019;30.01.2024;11;1.0;752;49;663;49;89;49
TE019;30.01.2024;12;1.0;744;50;654;50;90;49
TE019;30.01.2024;13;1.0;825;49;757;49;68;49
TE019;30.01.2024;14;1.0;903;49;843;49;60;48
TE019;30.01.2024;15;1.0;968;49;928;49;40;48
TE019;30.01.2024;16;1.0;871;49;840;49;31;48
TE019;30.01.2024;17;1.0;796;48;771;48;25;47
TE019;30.01.2024;18;1.0;736;50;717;50;19;49
TE019;30.01.2024;19;1.0;537;51;528;51;9;48
TE019;30.01.2024;20;1.0;368;52;351;52;17;52
TE019;30.01.2024;21;1.0;274;53;262;53;12;52
TE019;30.01.2024;22;1.0;254;53;246;53;8;52
TE019;30.01.2024;23;1.0;172;52;163;53;9;51
TE019;31.01.2024;0;1.0;103;55;92;55;11;51
TE019;31.01.2024;1;1.0;47;53;42;54;5;49
TE019;31.01.2024;2;1.0;73;55;71;55;2;58
TE019;31.01.2024;3;1.0;44;58;39;58;5;54
TE019;31.01.2024;4;1.0;99;54;83;54;16;54
TE019;31.01.2024;5;1.0;296;54;280;54;16;53
TE019;31.01.2024;6;1.0;494;52;453;52;41;51
TE019;31.01.2024;7;1.0;609;49;564;48;45;48
TE019;31.01.2024;8;1.0;634;50;597;50;37;50
TE019;31.01.2024;9;1.0;724;50;688;50;36;49
TE019;31.01.2024;10;1.0;668;49;627;49;41;47
TE019;31.01.2024;11;1.0;773;47;709;47;64;47
TE019;31.01.2024;12;1.0;839;47;786;47;53;45
TE019;31.01.2024;13;1.0;811;49;786;49;25;46
TE019;31.01.2024;14;1.0;916;44;888;43;28;43
TE019;31.01.2024;15;1.0;1017;48;993;48;24;47
TE019;31.01.2024;16;1.0;944;47;925;47;19;50
TE019;31.01.2024;17;1.0;801;48;790;48;11;46
TE019;31.01.2024;18;1.0;647;50;636;50;11;49
TE019;31.01.2024;19;1.0;535;50;529;50;6;49
TE019;31.01.2024;20;1.0;399;51;384;51;15;50
TE019;31.01.2024;21;1.0;353;53;339;53;14;53
TE019;31.01.2024;22;1.0;269;53;263;53;6;52
TE019;31.01.2024;23;1.0;288;54;281;54;7;53
TE021;01.01.2024;0;1.0;109;53;104;52;5;53
TE021;01.01.2024;1;1.0;311;49;307;49;4;48
TE021;01.01.2024;2;1.0;328;50;324;50;4;51
TE021;01.01.2024;3;1.0;244;51;242;51;2;48
TE021;01.01.2024;4;1.0;175;51;169;51;6;52
TE021;01.01.2024;5;1.0;126;52;124;52;2;49
TE021;01.01.2024;6;1.0;143;53;141;53;2;54
TE021;01.01.2024;7;1.0;88;52;83;52;5;51
TE021;01.01.2024;8;1.0;68;51;64;51;4;47
TE021;01.01.2024;9;1.0;86;52;82;52;4;53
TE021;01.01.2024;10;1.0;94;48;88;48;6;48
TE021;01.01.2024;11;1.0;147;49;142;49;5;48
TE021;01.01.2024;12;1.0;221;52;217;52;4;50
TE021;01.01.2024;13;1.0;302;50;299;50;3;51
TE021;01.01.2024;14;1.0;358;48;352;48;6;50
TE021;01.01.2024;15;1.0;360;49;357;49;3;49
TE021;01.01.2024;16;1.0;334;49;328;49;6;50
TE021;01.01.2024;17;1.0;335;50;329;50;6;49
TE021;01.01.2024;18;1.0;344;50;338;50;6;48
TE021;01.01.2024;19;1.0;302;52;299;52;3;55
TE021;01.01.2024;20;1.0;249;52;245;52;4;53
TE021;01.01.2024;21;1.0;235;52;232;52;3;51
TE021;01.01.2024;22;1.0;187;51;184;51;3;51
TE021;01.01.2024;23;1.0;150;53;146;53;4;54
TE021;02.01.2024;0;1.0;90;52;86;52;4;57
TE021;02.01.2024;1;1.0;82;52;79;52;3;53
TE021;02.01.2024;2;1.0;65;51;60;51;5;46
TE021;02.01.2024;3;1.0;41;51;35;52;6;48
TE021;02.01.2024;4;1.0;104;49;93;49;11;49
TE021;02.01.2024;5;1.0;275;47;260;47;15;46
TE021;02.01.2024;6;1.0;377;47;350;47;27;46
TE021;02.01.2024;7;1.0;434;48;421;48;13;47
TE021;02.01.2024;8;1.0;436;49;420;49;16;49
TE021;02.01.2024;9;1.0;461;50;446;50;15;48
TE021;02.01.2024;10;1.0;477;51;464;51;13;51
TE021;02.01.2024;11;1.0;519;51;498;51;21;49
TE021;02.01.2024;12;1.0;625;50;604;50;21;51
TE021;02.01.2024;13;1.0;691;51;678;51;13;49
TE021;02.01.2024;14;1.0;726;51;714;51;12;49
TE021;02.01.2024;15;1.0;888;51;876;51;12;48
TE021;02.01.2024;16;1.0;698;51;689;51;9;51
TE021;02.01.2024;17;1.0;693;51;688;51;5;49
TE021;02.01.2024;18;1.0;565;52;558;52;7;53
TE021;02.01.2024;19;1.0;460;51;457;51;3;53
TE021;02.01.2024;20;1.0;341;53;338;53;3;52
TE021;02.01.2024;21;1.0;293;50;290;50;3;52
TE021;02.01.2024;22;1.0;283;50;279;50;4;48
TE021;02.01.2024;23;1.0;173;52;170;52;3;46
TE021;03.01.2024;0;1.0;120;50;116;50;4;48
TE021;03.01.2024;1;1.0;76;52;70;53;6;49
TE021;03.01.2024;2;1.0;67;51;65;51;2;55
TE021;03.01.2024;3;1.0;59;49;53;49;6;44
TE021;03.01.2024;4;1.0;98;50;93;49;5;52
TE021;03.01.2024;5;1.0;251;47;237;47;14;47
TE021;03.01.2024;6;1.0;398;48;369;48;29;47
TE021;03.01.2024;7;1.0;421;47;393;47;28;47
TE021;03.01.2024;8;1.0;519;46;496;46;23;45
TE021;03.01.2024;9;1.0;539;43;506;43;32;42
TE021;03.01.2024;10;1.0;607;46;570;46;37;46
TE021;03.01.2024;11;1.0;649;47;605;47;44;46
TE021;03.01.2024;12;1.0;700;42;661;42;39;42
TE021;03.01.2024;13;1.0;743;46;714;46;29;45
TE021;03.01.2024;14;1.0;860;45;833;45;27;46
TE021;03.01.2024;15;1.0;877;43;862;43;15;42
TE021;03.01.2024;16;1.0;795;46;781;46;14;46
TE021;03.01.2024;17;1.0;766;47;752;47;14;48
TE021;03.01.2024;18;1.0;597;48;587;48;10;47
TE021;03.01.2024;19;1.0;504;48;496;48;8;48
TE021;03.01.2024;20;1.0;406;49;399;49;7;48
TE021;03.01.2024;21;1.0;371;46;362;46;9;43
TE021;03.01.2024;22;1.0;271;42;264;42;7;42
TE021;03.01.2024;23;1.0;182;51;170;51;12;48
TE021;04.01.2024;0;1.0;137;46;130;46;8;43
TE021;04.01.2024;1;1.0;115;46;107;46;8;45
TE021;04.01.2024;2;1.0;63;47;57;47;7;43
TE021;04.01.2024;3;1.0;53;47;48;47;5;54
TE021;04.01.2024;4;1.0;101;57;96;57;5;53
TE021;04.01.2024;5;1.0;245;52;236;52;9;52
TE021;04.01.2024;6;1.0;380;48;366;48;13;44
TE021;04.01.2024;7;1.0;458;50;440;50;18;50
TE021;04.01.2024;8;1.0;550;44;507;44;43;44
TE021;04.01.2024;9;1.0;528;48;488;48;40;48
TE021;04.01.2024;10;1.0;594;43;536;44;58;44
TE021;04.01.2024;11;1.0;640;46;590;46;50;45
TE021;04.01.2024;12;1.0;744;47;704;47;40;47
TE021;04.01.2024;13;1.0;760;42;705;42;55;43
TE021;04.01.2024;14;1.0;824;48;792;48;32;49
TE021;04.01.2024;15;1.0;886;46;858;46;28;47
TE021;04.01.2024;16;1.0;790;46;764;46;26;46
TE021;04.01.2024;17;1.0;825;48;801;47;24;49
TE021;04.01.2024;18;1.0;654;48;642;48;12;49
TE021;04.01.2024;19;1.0;508;41;498;41;10;38
TE021;04.01.2024;20;1.0;425;48;411;48;15;47
TE021;04.01.2024;21;1.0;339;52;330;52;9;48
TE021;04.01.2024;22;1.0;280;45;274;45;6;45
TE021;04.01.2024;23;1.0;193;48;186;48;8;46
TE021;05.01.2024;0;1.0;176;40;164;40;12;38
TE021;05.01.2024;1;1.0;86;43;80;43;6;43
TE021;05.01.2024;2;1.0;53;49;49;50;3;48
TE021;05.01.2024;3;1.0;63;43;52;42;12;43
TE021;05.01.2024;4;1.0;113;41;107;41;7;37
TE021;05.01.2024;5;1.0;263;51;240;51;23;53
TE021;05.01.2024;6;1.0;413;38;375;38;38;39
TE021;05.01.2024;7;1.0;456;42;417;42;40;41
TE021;05.01.2024;8;1.0;536;38;527;38;9;38
TE021;05.01.2024;9;1.0;520;44;506;44;14;43
TE021;05.01.2024;10;1.0;626;42;597;42;29;41
TE021;05.01.2024;11;1.0;611;38;576;38;35;36
TE021;05.01.2024;12;1.0;702;40;669;41;32;41
TE021;05.01.2024;13;1.0;832;42;795;41;39;41
TE021;05.01.2024;14;1.0;871;49;841;49;30;49
TE021;05.01.2024;15;1.0;888;36;872;36;16;34
TE021;05.01.2024;18;1.0;564;44;547;44;17;43
TE021;05.01.2024;19;1.0;414;46;407;46;7;48
TE021;05.01.2024;20;1.0;392;40;390;40;3;36
TE021;05.01.2024;22;1.0;314;40;312;40;3;33
TE021;05.01.2024;23;1.0;234;41;224;41;9;41
TE021;06.01.2024;0;1.0;210;51;203;50;8;49
TE021;06.01.2024;1;1.0;144;47;143;47;1;52
TE021;06.01.2024;2;1.0;108;42;105;43;2;64
TE021;06.01.2024;3;1.0;85;48;80;49;5;43
TE021;06.01.2024;4;1.0;103;44;96;45;7;38
TE021;06.01.2024;6;1.0;131;44;111;45;19;45
TE021;06.01.2024;8;1.0;190;39;176;39;13;39
TE021;06.01.2024;9;1.0;296;38;279;38;18;36
TE021;06.01.2024;11;1.0;432;38;416;38;16;37
TE021;06.01.2024;12;1.0;533;37;520;37;13;38
TE021;06.01.2024;13;1.0;608;40;594;40;13;44
TE021;06.01.2024;14;1.0;590;38;580;38;10;40
TE021;06.01.2024;15;1.0;620;38;606;38;15;37
TE021;06.01.2024;16;1.0;596;38;584;39;12;38
TE021;06.01.2024;17;1.0;593;36;588;36;5;37
TE021;06.01.2024;18;1.0;568;46;560;46;7;53
TE021;06.01.2024;19;1.0;431;40;428;40;3;33
TE021;06.01.2024;20;1.0;392;44;385;44;7;43
TE021;06.01.2024;22;1.0;307;43;303;43;5;41
TE021;06.01.2024;23;1.0;282;45;279;45;4;42
TE021;07.01.2024;0;1.0;224;44;216;44;8;46
TE021;07.01.2024;1;1.0;157;45;151;45;6;45
TE021;07.01.2024;2;1.0;139;49;135;49;4;52
TE021;07.01.2024;3;1.0;101;44;100;44;1;48
TE021;07.01.2024;4;1.0;68;45;66;45;2;48
TE021;07.01.2024;5;1.0;86;46;85;46;1;50
TE021;07.01.2024;6;1.0;76;46;70;47;5;41
TE021;07.01.2024;7;1.0;73;43;68;42;5;45
TE021;07.01.2024;8;1.0;122;54;116;54;6;50
TE021;07.01.2024;9;1.0;159;51;152;51;7;50
TE021;07.01.2024;10;1.0;217;43;212;43;5;38
TE021;07.01.2024;11;1.0;298;38;294;38;4;40
TE021;07.01.2024;12;1.0;407;37;400;37;7;37
TE021;07.01.2024;13;1.0;463;42;460;42;3;52
TE021;07.01.2024;14;1.0;479;52;470;52;9;50
TE021;07.01.2024;15;1.0;490;53;484;53;6;52
TE021;07.01.2024;16;1.0;464;45;457;46;7;44
TE021;07.01.2024;17;1.0;483;53;478;53;5;51
TE021;07.01.2024;18;1.0;422;40;418;40;4;38
TE021;07.01.2024;19;1.0;365;46;360;46;5;43
TE021;07.01.2024;20;1.0;322;38;317;38;5;39
TE021;07.01.2024;21;1.0;295;43;289;43;5;48
TE021;07.01.2024;22;1.0;262;40;257;40;5;41
TE021;07.01.2024;23;1.0;152;44;147;44;5;47
TE021;08.01.2024;0;1.0;109;50;103;50;6;48
TE021;08.01.2024;1;1.0;72;50;66;50;6;46
TE021;08.01.2024;2;1.0;57;44;55;44;2;46
TE021;08.01.2024;3;1.0;59;36;49;36;9;39
TE021;08.01.2024;4;1.0;102;37;95;37;7;33
TE021;08.01.2024;5;1.0;275;38;260;38;15;40
TE021;08.01.2024;6;1.0;461;38;415;38;45;39
TE021;08.01.2024;9;1.0;568;34;543;34;26;34
TE021;08.01.2024;10;1.0;628;32;596;32;32;33
TE021;08.01.2024;11;1.0;662;32;632;32;31;31
TE021;08.01.2024;12;1.0;662;37;624;37;38;37
TE021;08.01.2024;13;1.0;772;36;744;36;27;37
TE021;08.01.2024;14;1.0;894;40;855;40;39;41
TE021;08.01.2024;15;1.0;976;40;954;40;22;39
TE021;08.01.2024;16;1.0;883;39;859;39;23;39
TE021;08.01.2024;17;1.0;833;44;819;44;14;43
TE021;08.01.2024;18;1.0;690;37;679;37;11;36
TE021;08.01.2024;19;1.0;483;43;472;43;11;43
TE021;08.01.2024;20;1.0;411;34;406;34;5;37
TE021;08.01.2024;21;1.0;313;42;301;42;12;43
TE021;08.01.2024;22;1.0;254;39;246;39;7;40
TE021;08.01.2024;23;1.0;175;41;166;41;10;40
TE021;09.01.2024;0;1.0;119;43;112;42;7;48
TE021;09.01.2024;1;1.0;60;44;50;44;10;44
TE021;09.01.2024;2;1.0;57;43;51;44;5;47
TE021;09.01.2024;3;1.0;69;42;61;42;8;44
TE021;09.01.2024;4;1.0;107;49;103;49;4;48
TE021;09.01.2024;5;1.0;284;45;268;45;15;47
TE021;09.01.2024;6;1.0;407;44;375;44;32;45
TE021;09.01.2024;7;1.0;665;41;625;41;39;43
TE021;09.01.2024;8;1.0;685;43;649;42;36;42
TE021;09.01.2024;9;1.0;671;36;636;36;34;36
TE021;09.01.2024;10;1.0;625;41;602;41;23;40
TE021;09.01.2024;11;1.0;700;37;656;37;43;37
TE021;09.01.2024;12;1.0;716;36;684;36;32;37
TE021;09.01.2024;14;1.0;993;37;960;36;32;37
TE021;09.01.2024;15;1.0;1089;44;1068;44;21;44
TE021;09.01.2024;16;1.0;971;36;956;36;15;38
TE021;09.01.2024;17;1.0;792;44;781;44;11;43
TE021;09.01.2024;18;1.0;745;35;732;35;13;35
TE021;09.01.2024;19;1.0;526;42;516;42;10;42
TE021;09.01.2024;20;1.0;405;39;400;39;5;36
TE021;09.01.2024;21;1.0;319;48;313;48;6;47
TE021;09.01.2024;22;1.0;297;43;288;43;9;40
TE021;09.01.2024;23;1.0;159;50;151;50;8;46
TE021;10.01.2024;0;1.0;120;46;112;46;9;44
TE021;10.01.2024;1;1.0;75;38;71;37;4;39
TE021;10.01.2024;2;1.0;59;50;56;50;3;47
TE021;10.01.2024;4;1.0;116;45;110;45;5;48
TE021;10.01.2024;5;1.0;296;45;281;45;15;47
TE021;10.01.2024;6;1.0;463;41;423;41;40;40
TE021;10.01.2024;7;1.0;692;39;672;39;20;40
TE021;10.01.2024;8;1.0;712;47;687;48;25;47
TE021;10.01.2024;9;1.0;669;39;643;40;25;40
TE021;10.01.2024;10;1.0;711;35;679;35;32;36
TE021;10.01.2024;12;1.0;793;40;735;41;57;41
TE021;10.01.2024;13;1.0;863;44;820;43;43;45
TE021;10.01.2024;14;1.0;988;40;957;40;31;42
TE021;10.01.2024;15;1.0;1046;33;1014;33;32;34
TE021;10.01.2024;17;1.0;924;44;911;44;13;44
TE021;10.01.2024;18;1.0;762;43;754;43;8;40
TE021;10.01.2024;19;1.0;603;42;595;42;8;39
TE021;10.01.2024;20;1.0;484;48;476;48;8;45
TE021;10.01.2024;21;1.0;347;41;344;41;2;48
TE021;10.01.2024;22;1.0;304;44;292;44;12;43
TE021;10.01.2024;23;1.0;180;38;171;38;9;41
TE021;11.01.2024;0;1.0;148;50;136;50;12;48
TE021;11.01.2024;1;1.0;87;47;80;48;7;45
TE021;11.01.2024;2;1.0;61;49;56;50;4;48
TE021;11.01.2024;3;1.0;58;46;55;45;3;48
TE021;11.01.2024;4;1.0;108;48;104;48;4;44
TE021;11.01.2024;5;1.0;293;47;280;47;13;47
TE021;11.01.2024;6;1.0;410;47;396;47;14;48
TE021;11.01.2024;7;1.0;606;41;599;41;7;42
TE021;11.01.2024;8;1.0;672;45;665;45;6;48
TE021;11.01.2024;9;1.0;610;50;601;50;9;52
TE021;11.01.2024;10;1.0;693;47;681;47;12;44
TE021;11.01.2024;11;1.0;628;41;612;41;16;39
TE021;11.01.2024;12;1.0;706;46;695;46;11;44
TE021;11.01.2024;13;1.0;849;44;832;44;17;44
TE021;11.01.2024;15;1.0;1003;38;994;38;9;41
TE021;11.01.2024;16;1.0;923;35;919;35;4;36
TE021;11.01.2024;17;1.0;890;35;880;35;11;34
TE021;11.01.2024;18;1.0;783;40;777;41;6;40
TE021;11.01.2024;19;1.0;620;42;617;42;4;36
TE021;11.01.2024;20;1.0;473;47;469;47;3;50
TE021;11.01.2024;21;1.0;397;38;390;38;7;35
TE021;11.01.2024;22;1.0;345;43;342;43;4;37
TE021;11.01.2024;23;1.0;228;39;222;39;7;35
TE021;12.01.2024;0;1.0;117;48;114;48;3;50
TE021;12.01.2024;1;1.0;88;44;85;44;2;51
TE021;12.01.2024;2;1.0;65;44;60;44;5;40
TE021;12.01.2024;3;1.0;89;50;88;50;1;39
TE021;12.01.2024;4;1.0;98;56;94;56;4;56
TE021;12.01.2024;5;1.0;278;45;272;45;6;45
TE021;12.01.2024;7;1.0;616;46;607;46;9;48
TE021;12.01.2024;8;1.0;624;36;615;36;9;38
TE021;12.01.2024;9;1.0;572;37;562;37;10;36
TE021;12.01.2024;10;1.0;631;42;612;42;19;42
TE021;12.01.2024;11;1.0;737;46;725;46;12;45
TE021;12.01.2024;12;1.0;820;35;808;35;12;36
TE021;12.01.2024;13;1.0;941;36;917;36;24;35
TE021;12.01.2024;14;1.0;948;41;938;41;10;39
TE021;12.01.2024;15;1.0;897;45;885;45;13;44
TE021;12.01.2024;16;1.0;792;45;782;45;10;42
TE021;12.01.2024;17;1.0;707;42;702;42;5;39
TE021;12.01.2024;18;1.0;673;43;664;42;9;46
TE021;12.01.2024;19;1.0;494;42;490;42;5;38
TE021;12.01.2024;20;1.0;453;48;450;48;3;52
TE021;12.01.2024;21;1.0;399;53;396;53;3;51
TE021;12.01.2024;22;1.0;360;47;357;47;3;51
TE021;12.01.2024;23;1.0;274;48;271;48;3;50
TE021;13.01.2024;0;1.0;195;52;191;52;4;52
TE021;13.01.2024;1;1.0;144;49;140;49;4;53
TE021;13.01.2024;2;1.0;95;49;90;48;5;55
TE021;13.01.2024;3;1.0;99;45;98;45;1;52
TE021;13.01.2024;4;1.0;93;39;92;39;1;52
TE021;13.01.2024;5;1.0;128;48;125;48;2;57
TE021;13.01.2024;6;1.0;169;49;159;49;10;48
TE021;13.01.2024;7;1.0;167;49;162;49;5;52
TE021;13.01.2024;8;1.0;219;48;212;48;7;42
TE021;13.01.2024;9;1.0;349;47;344;47;5;51
TE021;13.01.2024;10;1.0;458;46;447;46;11;46
TE021;13.01.2024;11;1.0;556;47;549;47;7;53
TE021;13.01.2024;12;1.0;586;50;576;50;10;50
TE021;13.01.2024;13;1.0;666;46;663;46;3;49
TE021;13.01.2024;14;1.0;651;46;646;46;4;48
TE021;13.01.2024;15;1.0;639;51;634;51;5;53
TE021;13.01.2024;16;1.0;593;48;589;48;3;51
TE021;13.01.2024;17;1.0;615;39;607;39;8;39
TE021;13.01.2024;18;1.0;516;46;509;47;6;50
TE021;13.01.2024;19;1.0;470;47;466;47;3;50
TE021;13.01.2024;20;1.0;449;53;445;53;4;51
TE021;13.01.2024;21;1.0;347;49;344;49;3;54
TE021;13.01.2024;22;1.0;352;49;348;49;4;52
TE021;13.01.2024;23;1.0;329;52;325;52;4;52
TE021;14.01.2024;0;1.0;266;49;262;49;3;52
TE021;14.01.2024;1;1.0;158;45;157;45;1;50
TE021;14.01.2024;2;1.0;136;50;134;49;2;55
TE021;14.01.2024;3;1.0;94;49;93;49;1;55
TE021;14.01.2024;4;1.0;86;45;84;45;2;53
TE021;14.01.2024;5;1.0;83;48;83;48;0;-1
TE021;14.01.2024;6;1.0;101;53;98;53;3;50
TE021;14.01.2024;7;1.0;64;50;62;50;2;45
TE021;14.01.2024;8;1.0;95;50;91;50;3;50
TE021;14.01.2024;9;1.0;166;50;163;50;2;55
TE021;14.01.2024;10;1.0;234;52;231;52;3;55
TE021;14.01.2024;11;1.0;330;53;325;53;5;53
TE021;14.01.2024;12;1.0;446;43;441;43;6;45
TE021;14.01.2024;13;1.0;479;47;476;47;3;54
TE021;14.01.2024;14;1.0;501;47;496;47;5;50
TE021;14.01.2024;15;1.0;498;51;494;51;4;51
TE021;14.01.2024;16;1.0;519;38;516;38;3;33
TE021;14.01.2024;17;1.0;478;53;475;53;3;51
TE021;14.01.2024;18;1.0;537;52;534;52;3;50
TE021;14.01.2024;19;1.0;390;49;387;49;3;50
TE021;14.01.2024;20;1.0;312;57;308;57;4;56
TE021;14.01.2024;21;1.0;258;45;256;45;2;55
TE021;14.01.2024;22;1.0;221;56;218;56;3;54
TE021;14.01.2024;23;1.0;198;51;195;51;2;52
TE021;15.01.2024;0;1.0;132;56;130;56;2;51
TE021;15.01.2024;1;1.0;61;55;57;55;4;54
TE021;15.01.2024;2;1.0;43;48;39;48;4;40
TE021;15.01.2024;3;1.0;48;54;46;53;2;58
TE021;15.01.2024;4;1.0;106;56;99;56;7;55
TE021;15.01.2024;5;1.0;286;51;276;51;10;51
TE021;15.01.2024;6;1.0;456;39;433;39;23;38
TE021;15.01.2024;7;1.0;623;46;609;46;13;46
TE021;15.01.2024;8;1.0;637;40;622;40;15;38
TE021;15.01.2024;9;1.0;566;47;536;47;30;48
TE021;15.01.2024;10;1.0;613;49;592;49;21;50
TE021;15.01.2024;11;1.0;676;50;650;50;26;51
TE021;15.01.2024;12;1.0;709;50;683;50;26;51
TE021;15.01.2024;13;1.0;825;48;799;48;26;47
TE021;15.01.2024;14;1.0;880;47;867;47;13;48
TE021;15.01.2024;15;1.0;917;46;894;46;23;48
TE021;15.01.2024;16;1.0;867;47;850;47;17;47
TE021;15.01.2024;17;1.0;795;48;779;48;16;48
TE021;15.01.2024;18;1.0;654;46;641;46;13;46
TE021;15.01.2024;19;1.0;546;52;539;52;7;51
TE021;15.01.2024;20;1.0;448;52;442;52;6;48
TE021;15.01.2024;21;1.0;347;54;338;54;9;53
TE021;15.01.2024;22;1.0;296;55;286;55;10;52
TE021;15.01.2024;23;1.0;169;53;160;53;9;53
TE021;16.01.2024;0;1.0;110;56;104;56;6;52
TE021;16.01.2024;1;1.0;90;53;88;53;2;48
TE021;16.01.2024;2;1.0;45;43;41;43;4;44
TE021;16.01.2024;3;1.0;67;43;64;43;3;43
TE021;16.01.2024;4;1.0;117;38;109;39;7;34
TE021;16.01.2024;5;1.0;281;42;269;42;12;42
TE021;16.01.2024;6;1.0;434;43;422;43;13;43
TE021;16.01.2024;7;1.0;562;43;556;43;5;48
TE021;16.01.2024;8;1.0;595;48;582;48;13;49
TE021;16.01.2024;9;1.0;586;50;569;50;17;49
TE021;16.01.2024;10;1.0;626;45;614;45;12;39
TE021;16.01.2024;11;1.0;648;49;610;49;38;50
TE021;16.01.2024;12;1.0;729;44;708;44;21;42
TE021;16.01.2024;13;1.0;753;49;733;49;20;49
TE021;16.01.2024;14;1.0;904;48;879;48;25;48
TE021;16.01.2024;15;1.0;1032;49;1008;49;24;49
TE021;16.01.2024;16;1.0;900;50;888;50;12;50
TE021;16.01.2024;17;1.0;763;50;752;50;11;49
TE021;16.01.2024;18;1.0;718;49;710;49;8;48
TE021;16.01.2024;19;1.0;546;50;543;50;3;50
TE021;16.01.2024;20;1.0;432;47;425;47;6;49
TE021;16.01.2024;21;1.0;360;53;354;53;6;50
TE021;16.01.2024;22;1.0;296;51;288;51;8;49
TE021;16.01.2024;23;1.0;197;53;189;53;8;49
TE021;17.01.2024;0;1.0;152;49;140;49;12;49
TE021;17.01.2024;1;1.0;93;46;85;47;8;44
TE021;17.01.2024;2;1.0;88;45;78;45;11;46
TE021;17.01.2024;3;1.0;53;45;50;45;3;53
TE021;17.01.2024;4;1.0;119;52;108;52;11;49
TE021;17.01.2024;5;1.0;273;50;258;50;15;50
TE021;17.01.2024;6;1.0;431;48;404;48;27;48
TE021;17.01.2024;7;1.0;653;48;628;47;25;47
TE021;17.01.2024;8;1.0;696;48;675;48;21;48
TE021;17.01.2024;9;1.0;631;49;606;49;25;49
TE021;17.01.2024;10;1.0;602;49;568;49;34;48
TE021;17.01.2024;11;1.0;688;50;645;50;43;50
TE021;17.01.2024;12;1.0;780;48;730;48;50;48
TE021;17.01.2024;13;1.0;837;49;782;49;55;48
TE021;17.01.2024;14;1.0;912;49;877;49;35;49
TE021;17.01.2024;15;1.0;981;49;966;49;15;52
TE021;17.01.2024;16;1.0;880;45;865;45;15;45
TE021;17.01.2024;17;1.0;792;44;776;44;16;45
TE021;17.01.2024;18;1.0;735;45;725;46;8;48
TE021;17.01.2024;19;1.0;567;51;561;51;6;52
TE021;17.01.2024;20;1.0;462;52;456;52;6;52
TE021;17.01.2024;21;1.0;391;54;384;54;7;53
TE021;17.01.2024;22;1.0;298;54;293;54;5;54
TE021;17.01.2024;23;1.0;193;56;186;56;7;56
TE021;18.01.2024;0;1.0;141;56;134;56;7;56
TE021;18.01.2024;1;1.0;100;51;92;52;8;48
TE021;18.01.2024;2;1.0;87;53;85;53;2;61
TE021;18.01.2024;3;1.0;52;48;50;48;2;54
TE021;18.01.2024;4;1.0;131;53;118;52;13;53
TE021;18.01.2024;5;1.0;281;55;264;55;17;54
TE021;18.01.2024;6;1.0;448;51;424;51;24;52
TE021;18.01.2024;7;1.0;652;50;635;50;17;50
TE021;18.01.2024;8;1.0;622;49;591;49;31;50
TE021;18.01.2024;9;1.0;619;50;581;50;38;50
TE021;18.01.2024;10;1.0;633;51;594;51;39;50
TE021;18.01.2024;11;1.0;682;49;637;49;45;49
TE021;18.01.2024;12;1.0;724;48;681;48;43;48
TE021;18.01.2024;13;1.0;802;47;765;47;37;47
TE021;18.01.2024;14;1.0;895;47;856;46;39;47
TE021;18.01.2024;15;1.0;963;46;935;46;28;48
TE021;18.01.2024;16;1.0;955;41;932;41;24;42
TE021;18.01.2024;17;1.0;860;46;844;46;16;46
TE021;18.01.2024;18;1.0;772;42;758;42;13;42
TE021;18.01.2024;19;1.0;515;48;505;48;10;45
TE021;18.01.2024;20;1.0;458;48;448;48;10;49
TE021;18.01.2024;21;1.0;393;49;387;49;6;48
TE021;18.01.2024;22;1.0;336;51;331;51;5;49
TE021;18.01.2024;23;1.0;206;52;196;52;10;51
TE021;19.01.2024;0;1.0;144;51;141;51;3;47
TE021;19.01.2024;1;1.0;88;51;85;51;3;59
TE021;19.01.2024;2;1.0;72;51;67;51;5;50
TE021;19.01.2024;3;1.0;65;49;60;49;5;47
TE021;19.01.2024;4;1.0;127;51;112;52;15;51
TE021;19.01.2024;5;1.0;267;50;252;50;15;48
TE021;19.01.2024;6;1.0;442;48;422;48;20;48
TE021;19.01.2024;7;1.0;600;44;585;44;14;44
TE021;19.01.2024;8;1.0;694;42;665;42;29;43
TE021;19.01.2024;9;1.0;592;42;579;42;13;42
TE021;19.01.2024;10;1.0;667;47;642;47;25;47
TE021;19.01.2024;11;1.0;699;46;655;46;44;47
TE021;19.01.2024;12;1.0;823;47;779;47;44;47
TE021;19.01.2024;13;1.0;972;46;934;46;38;46
TE021;19.01.2024;14;1.0;957;47;923;47;34;47
TE021;19.01.2024;15;1.0;948;48;920;48;28;48
TE021;19.01.2024;16;1.0;824;49;812;49;12;49
TE021;19.01.2024;17;1.0;756;49;740;49;16;49
TE021;19.01.2024;18;1.0;660;49;649;49;11;48
TE021;19.01.2024;19;1.0;514;47;506;47;8;45
TE021;19.01.2024;20;1.0;424;47;418;47;6;44
TE021;19.01.2024;21;1.0;397;47;392;47;5;46
TE021;19.01.2024;22;1.0;340;50;337;50;3;50
TE021;19.01.2024;23;1.0;302;48;294;48;8;46
TE021;20.01.2024;0;1.0;203;50;200;50;3;50
TE021;20.01.2024;1;1.0;178;49;174;49;4;48
TE021;20.01.2024;2;1.0;110;52;107;52;3;53
TE021;20.01.2024;3;1.0;81;47;78;47;3;48
TE021;20.01.2024;4;1.0;89;48;85;48;4;56
TE021;20.01.2024;5;1.0;115;50;105;51;10;51
TE021;20.01.2024;6;1.0;169;51;159;51;10;51
TE021;20.01.2024;7;1.0;188;48;176;48;12;47
TE021;20.01.2024;8;1.0;266;44;261;44;4;47
TE021;20.01.2024;9;1.0;336;50;328;50;8;51
TE021;20.01.2024;10;1.0;444;50;433;50;11;50
TE021;20.01.2024;11;1.0;531;50;517;50;14;49
TE021;20.01.2024;12;1.0;645;45;636;45;9;44
TE021;20.01.2024;13;1.0;685;45;676;45;9;44
TE021;20.01.2024;14;1.0;697;46;693;46;4;44
TE021;20.01.2024;15;1.0;638;47;633;47;5;46
TE021;20.01.2024;16;1.0;556;43;553;43;3;43
TE021;20.01.2024;17;1.0;578;43;572;43;5;44
TE021;20.01.2024;18;1.0;568;44;563;44;4;48
TE021;20.01.2024;19;1.0;476;49;470;49;6;50
TE021;20.01.2024;20;1.0;434;47;428;48;6;45
TE021;20.01.2024;21;1.0;353;48;350;48;3;39
TE021;20.01.2024;22;1.0;307;45;300;45;6;50
TE021;20.01.2024;23;1.0;339;48;334;48;5;49
TE021;21.01.2024;0;1.0;215;49;210;49;5;50
TE021;21.01.2024;1;1.0;173;51;170;51;3;51
TE021;21.01.2024;2;1.0;120;52;118;52;2;52
TE021;21.01.2024;3;1.0;101;52;98;52;3;53
TE021;21.01.2024;4;1.0;84;53;81;53;3;54
TE021;21.01.2024;5;1.0;81;55;80;55;1;45
TE021;21.01.2024;6;1.0;101;52;98;51;3;58
TE021;21.01.2024;7;1.0;71;50;67;50;4;57
TE021;21.01.2024;8;1.0;128;54;124;54;4;50
TE021;21.01.2024;9;1.0;175;52;168;52;7;50
TE021;21.01.2024;10;1.0;278;51;274;51;4;51
TE021;21.01.2024;11;1.0;341;49;335;49;6;51
TE021;21.01.2024;12;1.0;477;47;472;47;5;47
TE021;21.01.2024;13;1.0;530;48;526;48;4;47
TE021;21.01.2024;14;1.0;554;48;548;48;6;48
TE021;21.01.2024;15;1.0;538;49;530;49;8;49
TE021;21.01.2024;16;1.0;537;49;533;49;4;49
TE021;21.01.2024;17;1.0;577;45;573;45;4;48
TE021;21.01.2024;18;1.0;493;49;484;49;9;50
TE021;21.01.2024;19;1.0;463;45;457;45;5;48
TE021;21.01.2024;20;1.0;335;50;331;50;4;52
TE021;21.01.2024;21;1.0;280;46;275;46;5;50
TE021;21.01.2024;22;1.0;211;46;204;46;7;40
TE021;21.01.2024;23;1.0;173;47;168;47;5;51
TE021;22.01.2024;0;1.0;95;52;91;52;4;49
TE021;22.01.2024;1;1.0;74;52;70;51;4;55
TE021;22.01.2024;2;1.0;53;52;49;52;4;51
TE021;22.01.2024;3;1.0;64;53;57;53;7;50
TE021;22.01.2024;4;1.0;115;53;108;53;7;53
TE021;22.01.2024;5;1.0;290;50;272;50;18;50
TE021;22.01.2024;6;1.0;478;50;435;50;43;51
TE021;22.01.2024;7;1.0;652;47;613;47;39;47
TE021;22.01.2024;8;1.0;669;47;624;47;45;46
TE021;22.01.2024;9;1.0;674;46;637;46;37;46
TE021;22.01.2024;10;1.0;657;48;627;48;30;48
TE021;22.01.2024;11;1.0;677;47;641;47;36;47
TE021;22.01.2024;12;1.0;781;46;714;46;67;46
TE021;22.01.2024;13;1.0;850;42;787;42;62;41
TE021;22.01.2024;14;1.0;986;43;948;43;38;43
TE021;22.01.2024;15;1.0;1047;42;1026;42;22;42
TE021;22.01.2024;16;1.0;989;45;968;45;21;45
TE021;22.01.2024;17;1.0;791;47;776;47;15;47
TE021;22.01.2024;18;1.0;765;47;751;47;14;46
TE021;22.01.2024;19;1.0;535;47;528;47;7;47
TE021;22.01.2024;20;1.0;474;48;464;48;10;46
TE021;22.01.2024;21;1.0;304;50;297;50;7;48
TE021;22.01.2024;22;1.0;259;44;254;44;5;49
TE021;22.01.2024;23;1.0;173;49;165;49;8;49
TE021;23.01.2024;0;1.0;145;50;137;50;8;49
TE021;23.01.2024;1;1.0;95;51;87;51;8;52
TE021;23.01.2024;2;1.0;66;51;61;51;5;52
TE021;23.01.2024;3;1.0;57;50;47;49;10;51
TE021;23.01.2024;4;1.0;131;50;124;50;7;50
TE021;23.01.2024;5;1.0;306;44;289;43;17;45
TE021;23.01.2024;6;1.0;456;44;436;44;20;45
TE021;23.01.2024;7;1.0;647;42;633;42;14;45
TE021;23.01.2024;8;1.0;633;47;608;47;25;47
TE021;23.01.2024;9;1.0;702;46;662;46;40;47
TE021;23.01.2024;10;1.0;714;46;683;46;31;46
TE021;23.01.2024;11;1.0;757;46;695;46;62;46
TE021;23.01.2024;12;1.0;774;47;724;47;50;46
TE021;23.01.2024;13;1.0;887;46;839;46;48;45
TE021;23.01.2024;14;1.0;951;45;928;45;23;44
TE021;23.01.2024;15;1.0;1014;45;991;45;23;45
TE021;23.01.2024;16;1.0;974;44;957;44;17;46
TE021;23.01.2024;17;1.0;823;46;811;46;12;45
TE021;23.01.2024;18;1.0;814;45;797;45;17;44
TE021;23.01.2024;19;1.0;607;45;599;45;8;44
TE021;23.01.2024;20;1.0;491;43;480;43;11;43
TE021;23.01.2024;21;1.0;334;47;327;47;7;47
TE021;23.01.2024;22;1.0;294;50;285;50;9;48
TE021;23.01.2024;23;1.0;186;52;180;52;6;53
TE021;24.01.2024;0;1.0;126;56;121;56;5;56
TE021;24.01.2024;1;1.0;76;51;73;51;3;49
TE021;24.01.2024;2;1.0;56;49;52;49;4;53
TE021;24.01.2024;3;1.0;54;54;48;54;6;51
TE021;24.01.2024;4;1.0;124;51;116;51;8;51
TE021;24.01.2024;5;1.0;328;50;304;50;24;50
TE021;24.01.2024;6;1.0;470;44;433;44;37;44
TE021;24.01.2024;7;1.0;669;43;624;42;44;45
TE021;24.01.2024;8;1.0;659;45;634;45;25;44
TE021;24.01.2024;9;1.0;657;46;629;46;28;47
TE021;24.01.2024;10;1.0;647;48;613;48;34;47
TE021;24.01.2024;11;1.0;715;47;669;47;46;47
TE021;24.01.2024;12;1.0;821;46;759;46;62;47
TE021;24.01.2024;13;1.0;893;45;832;45;61;45
TE021;24.01.2024;14;1.0;942;45;895;45;47;45
TE021;24.01.2024;15;1.0;1062;45;1040;45;22;45
TE021;24.01.2024;16;1.0;943;44;917;44;26;45
TE021;24.01.2024;17;1.0;888;47;872;47;16;47
TE021;24.01.2024;18;1.0;823;43;812;43;11;43
TE021;24.01.2024;19;1.0;663;42;649;42;14;43
TE021;24.01.2024;20;1.0;482;48;474;48;8;48
TE021;24.01.2024;21;1.0;390;47;380;47;10;46
TE021;24.01.2024;22;1.0;312;48;300;48;12;47
TE021;24.01.2024;23;1.0;217;48;201;49;16;46
TE021;25.01.2024;0;1.0;133;46;122;46;11;44
TE021;25.01.2024;1;1.0;84;52;78;52;6;47
TE021;25.01.2024;2;1.0;62;53;54;53;8;55
TE021;25.01.2024;3;1.0;62;50;52;51;10;49
TE021;25.01.2024;4;1.0;118;52;112;52;6;50
TE021;25.01.2024;5;1.0;309;49;292;49;17;50
TE021;25.01.2024;6;1.0;501;48;462;48;39;48
TE021;25.01.2024;7;1.0;704;41;676;41;28;42
TE021;25.01.2024;8;1.0;648;46;620;46;28;46
TE021;25.01.2024;9;1.0;667;41;623;41;44;41
TE021;25.01.2024;10;1.0;703;47;675;47;28;46
TE021;25.01.2024;11;1.0;733;44;701;44;31;46
TE021;25.01.2024;12;1.0;759;47;721;47;38;47
TE021;25.01.2024;13;1.0;871;46;825;46;46;46
TE021;25.01.2024;14;1.0;1018;46;988;46;30;48
TE021;25.01.2024;15;1.0;1070;42;1043;42;27;42
TE021;25.01.2024;16;1.0;959;44;934;44;25;44
TE021;25.01.2024;17;1.0;1043;43;1024;43;19;43
TE021;25.01.2024;18;1.0;864;49;852;49;12;50
TE021;25.01.2024;19;1.0;640;50;634;50;6;48
TE021;25.01.2024;20;1.0;485;47;476;47;7;50
TE021;25.01.2024;21;1.0;395;47;389;47;5;49
TE021;25.01.2024;22;1.0;344;47;332;47;12;44
TE021;25.01.2024;23;1.0;220;47;210;47;10;46
TE021;26.01.2024;0;1.0;161;47;152;47;9;46
TE021;26.01.2024;1;1.0;95;49;89;49;6;51
TE021;26.01.2024;2;1.0;62;47;55;47;7;46
TE021;26.01.2024;3;1.0;67;45;59;44;9;44
TE021;26.01.2024;4;1.0;125;52;119;51;6;54
TE021;26.01.2024;5;1.0;320;50;307;50;13;49
TE021;26.01.2024;6;1.0;433;50;420;50;13;52
TE021;26.01.2024;7;1.0;703;44;675;44;28;44
TE021;26.01.2024;8;1.0;655;48;631;48;24;50
TE021;26.01.2024;9;1.0;645;50;627;50;18;50
TE021;26.01.2024;10;1.0;694;49;657;49;37;50
TE021;26.01.2024;11;1.0;794;49;750;49;44;49
TE021;26.01.2024;12;1.0;794;44;761;44;32;46
TE021;26.01.2024;13;1.0;930;48;913;48;17;44
TE021;26.01.2024;14;1.0;1015;48;1004;47;11;48
TE021;26.01.2024;15;1.0;1012;41;993;41;19;41
TE021;26.01.2024;16;1.0;894;37;873;37;20;38
TE021;26.01.2024;17;1.0;804;45;781;45;23;46
TE021;26.01.2024;18;1.0;651;48;642;48;9;49
TE021;26.01.2024;19;1.0;602;47;595;47;7;49
TE021;26.01.2024;20;1.0;496;46;487;46;9;46
TE021;26.01.2024;21;1.0;426;44;419;44;8;42
TE021;26.01.2024;22;1.0;362;43;348;43;14;42
TE021;26.01.2024;23;1.0;321;48;313;48;8;49
TE021;27.01.2024;0;1.0;233;50;230;50;3;47
TE021;27.01.2024;1;1.0;176;51;172;51;4;52
TE021;27.01.2024;2;1.0;98;50;93;50;5;50
TE021;27.01.2024;3;1.0;113;51;107;51;6;51
TE021;27.01.2024;4;1.0;78;51;74;51;4;50
TE021;27.01.2024;5;1.0;134;51;127;51;7;49
TE021;27.01.2024;6;1.0;154;50;147;50;7;49
TE021;27.01.2024;7;1.0;201;49;189;50;12;49
TE021;27.01.2024;8;1.0;265;49;256;49;9;51
TE021;27.01.2024;9;1.0;370;48;360;48;10;49
TE021;27.01.2024;10;1.0;477;49;469;49;8;50
TE021;27.01.2024;11;1.0;586;50;578;50;8;48
TE021;27.01.2024;12;1.0;671;49;661;49;10;49
TE021;27.01.2024;13;1.0;696;48;688;48;8;47
TE021;27.01.2024;14;1.0;756;44;741;44;15;44
TE021;27.01.2024;15;1.0;710;43;701;43;9;43
TE021;27.01.2024;16;1.0;628;45;621;45;7;45
TE021;27.01.2024;17;1.0;643;45;634;45;9;45
TE021;27.01.2024;18;1.0;605;44;596;44;9;45
TE021;27.01.2024;19;1.0;521;45;516;45;5;44
TE021;27.01.2024;20;1.0;457;46;447;46;10;46
TE021;27.01.2024;21;1.0;393;42;389;42;4;44
TE021;27.01.2024;22;1.0;390;42;380;42;9;41
TE021;27.01.2024;23;1.0;331;42;327;42;4;45
TE021;28.01.2024;0;1.0;289;47;285;47;4;43
TE021;28.01.2024;1;1.0;187;47;183;47;4;45
TE021;28.01.2024;2;1.0;126;49;124;49;2;46
TE021;28.01.2024;3;1.0;94;48;92;48;2;50
TE021;28.01.2024;4;1.0;88;46;86;46;2;54
TE021;28.01.2024;5;1.0;90;46;88;46;2;50
TE021;28.01.2024;6;1.0;103;47;101;47;2;50
TE021;28.01.2024;7;1.0;102;45;98;45;4;41
TE021;28.01.2024;8;1.0;169;45;166;46;3;41
TE021;28.01.2024;9;1.0;220;45;217;45;3;43
TE021;28.01.2024;10;1.0;274;44;270;44;4;42
TE021;28.01.2024;11;1.0;416;42;413;42;3;43
TE021;28.01.2024;12;1.0;599;41;592;41;7;42
TE021;28.01.2024;13;1.0;602;42;594;42;8;43
TE021;28.01.2024;14;1.0;645;44;635;44;10;43
TE021;28.01.2024;15;1.0;630;41;618;41;11;40
TE021;28.01.2024;16;1.0;583;45;576;45;7;45
TE021;28.01.2024;17;1.0;587;41;578;42;9;40
TE021;28.01.2024;18;1.0;577;42;571;42;7;39
TE021;28.01.2024;19;1.0;443;46;436;46;7;46
TE021;28.01.2024;20;1.0;405;47;400;47;5;46
TE021;28.01.2024;21;1.0;291;46;287;46;4;48
TE021;28.01.2024;22;1.0;250;47;244;47;6;44
TE021;28.01.2024;23;1.0;187;47;183;47;4;44
TE021;29.01.2024;0;1.0;125;50;120;50;5;50
TE021;29.01.2024;1;1.0;68;49;65;49;3;47
TE021;29.01.2024;2;1.0;51;48;45;49;6;46
TE021;29.01.2024;3;1.0;55;48;47;49;8;46
TE021;29.01.2024;4;1.0;116;49;105;49;11;51
TE021;29.01.2024;5;1.0;294;46;281;46;13;45
TE021;29.01.2024;6;1.0;458;46;425;46;33;45
TE021;29.01.2024;7;1.0;717;43;682;43;35;44
TE021;29.01.2024;8;1.0;680;44;662;44;18;44
TE021;29.01.2024;9;1.0;733;43;706;43;27;42
TE021;29.01.2024;10;1.0;667;43;610;43;57;43
TE021;29.01.2024;11;1.0;749;43;703;43;46;44
TE021;29.01.2024;12;1.0;822;42;775;42;47;41
TE021;29.01.2024;13;1.0;932;36;878;36;54;35
TE021;29.01.2024;23;1.0;171;50;161;50;10;48
TE021;30.01.2024;0;1.0;128;49;123;49;5;47
TE021;30.01.2024;1;1.0;81;49;79;49;2;42
TE021;30.01.2024;2;1.0;61;53;55;53;6;50
TE021;30.01.2024;3;1.0;66;51;60;51;6;50
TE021;30.01.2024;4;1.0;116;51;107;51;9;50
TE021;30.01.2024;5;1.0;292;47;276;47;16;46
TE021;30.01.2024;6;1.0;460;47;431;47;29;48
TE021;30.01.2024;7;1.0;651;45;614;45;37;45
TE021;30.01.2024;8;1.0;699;45;670;45;29;44
TE021;30.01.2024;9;1.0;666;46;633;46;33;46
TE021;30.01.2024;10;1.0;687;44;649;44;38;43
TE021;30.01.2024;11;1.0;738;44;688;44;50;43
TE021;30.01.2024;12;1.0;855;44;798;44;57;44
TE021;30.01.2024;13;1.0;950;44;905;44;45;43
TE021;30.01.2024;14;1.0;952;44;921;44;31;42
TE021;30.01.2024;15;1.0;972;45;948;45;24;45
TE021;30.01.2024;16;1.0;960;35;922;35;38;35
TE021;30.01.2024;17;1.0;907;45;896;45;11;45
TE021;30.01.2024;18;1.0;787;47;779;47;8;47
TE021;30.01.2024;19;1.0;582;49;573;49;9;48
TE021;30.01.2024;20;1.0;474;50;470;50;4;47
TE021;30.01.2024;21;1.0;333;49;323;49;10;49
TE021;30.01.2024;22;1.0;318;48;308;48;10;49
TE021;30.01.2024;23;1.0;229;51;220;51;9;51
TE021;31.01.2024;0;1.0;117;51;107;51;10;49
TE021;31.01.2024;1;1.0;82;51;75;51;7;47
TE021;31.01.2024;2;1.0;62;54;55;53;7;53
TE021;31.01.2024;3;1.0;58;51;46;52;12;51
TE021;31.01.2024;4;1.0;127;53;119;53;8;48
TE021;31.01.2024;5;1.0;268;52;255;52;13;49
TE021;31.01.2024;6;1.0;442;51;426;51;16;51
TE021;31.01.2024;7;1.0;605;50;589;50;16;51
TE021;31.01.2024;8;1.0;635;50;616;50;19;48
TE021;31.01.2024;9;1.0;623;48;584;48;39;47
TE021;31.01.2024;10;1.0;716;46;665;46;51;45
TE021;31.01.2024;11;1.0;685;48;646;48;39;48
TE021;31.01.2024;12;1.0;807;49;762;49;45;48
TE021;31.01.2024;13;1.0;870;48;833;48;37;48
TE021;31.01.2024;14;1.0;925;47;894;47;31;46
TE021;31.01.2024;15;1.0;1109;47;1070;48;39;46
TE021;31.01.2024;16;1.0;936;48;908;49;28;48
TE021;31.01.2024;17;1.0;883;48;865;48;18;48
TE021;31.01.2024;18;1.0;764;50;751;50;13;50
TE021;31.01.2024;19;1.0;546;51;541;51;5;49
TE021;31.01.2024;20;1.0;518;51;514;51;4;50
TE021;31.01.2024;21;1.0;355;53;345;53;10;52
TE021;31.01.2024;22;1.0;341;51;337;51;4;52
TE021;31.01.2024;23;1.0;267;53;262;53;5;52
TE022;01.01.2024;0;1.0;51;50;16;53;35;48
TE022;01.01.2024;1;1.0;189;44;31;49;158;43
TE022;01.01.2024;2;1.0;164;42;6;45;158;42
TE022;01.01.2024;3;1.0;146;45;24;41;122;46
TE022;01.01.2024;4;1.0;91;43;7;42;84;43
TE022;01.01.2024;5;1.0;71;39;8;47;63;38
TE022;01.01.2024;6;1.0;50;46;18;46;32;47
TE022;01.01.2024;7;1.0;50;43;11;45;39;43
TE022;01.01.2024;8;1.0;59;46;8;43;51;46
TE022;01.01.2024;9;1.0;73;43;16;43;57;42
TE022;01.01.2024;10;1.0;90;47;33;48;57;46
TE022;01.01.2024;11;1.0;141;43;53;42;88;43
TE022;01.01.2024;12;1.0;145;38;66;39;79;37
TE022;01.01.2024;13;1.0;212;46;85;47;127;46
TE022;01.01.2024;14;1.0;203;42;182;43;21;41
TE022;01.01.2024;15;1.0;223;35;160;36;64;32
TE022;01.01.2024;16;1.0;256;42;77;42;179;42
TE022;01.01.2024;17;1.0;214;46;125;46;89;45
TE022;01.01.2024;18;1.0;208;45;129;46;79;44
TE022;01.01.2024;19;1.0;165;33;65;35;100;32
TE022;01.01.2024;20;1.0;131;42;36;41;95;42
TE022;01.01.2024;21;1.0;114;34;40;35;75;34
TE022;01.01.2024;22;1.0;76;35;36;34;40;36
TE022;02.01.2024;0;1.0;39;39;24;40;15;38
TE022;02.01.2024;2;1.0;46;33;11;29;35;35
TE022;02.01.2024;4;1.0;100;32;14;25;87;33
TE022;02.01.2024;5;1.0;239;35;61;33;178;36
TE022;02.01.2024;7;1.0;351;26;120;24;231;27
TE022;02.01.2024;9;1.0;437;33;108;34;329;33
TE022;02.01.2024;10;1.0;250;36;81;35;169;36
TE022;02.01.2024;12;1.0;426;39;97;41;329;39
TE022;02.01.2024;14;1.0;432;34;131;34;301;34
TE022;02.01.2024;15;1.0;416;45;144;46;272;45
TE022;02.01.2024;16;1.0;429;43;144;43;285;42
TE022;02.01.2024;17;1.0;372;43;99;44;273;43
TE022;02.01.2024;18;1.0;308;46;298;46;10;45
TE022;02.01.2024;19;1.0;196;45;191;45;5;47
TE022;02.01.2024;20;1.0;132;45;123;45;9;41
TE022;02.01.2024;21;1.0;124;47;117;47;7;48
TE022;02.01.2024;22;1.0;96;43;91;43;5;48
TE022;02.01.2024;23;1.0;63;48;57;48;6;45
TE022;03.01.2024;0;1.0;51;46;42;46;9;42
TE022;03.01.2024;1;1.0;31;44;23;44;8;42
TE022;03.01.2024;2;1.0;41;41;32;40;10;40
TE022;03.01.2024;3;1.0;48;46;39;46;9;47
TE022;03.01.2024;4;1.0;82;45;72;45;10;44
TE022;03.01.2024;5;1.0;213;44;180;45;33;42
TE022;03.01.2024;6;1.0;246;43;226;43;20;43
TE022;03.01.2024;7;1.0;444;36;266;37;178;36
TE022;03.01.2024;8;1.0;460;38;319;39;142;38
TE022;03.01.2024;9;1.0;455;40;160;41;295;40
TE022;03.01.2024;10;1.0;394;40;223;40;171;40
TE022;03.01.2024;11;1.0;478;39;322;39;156;39
TE022;03.01.2024;12;1.0;411;43;311;43;100;43
TE022;03.01.2024;13;1.0;438;44;195;44;243;45
TE022;03.01.2024;14;1.0;482;43;267;43;215;43
TE022;03.01.2024;15;1.0;433;45;341;45;92;44
TE022;03.01.2024;16;1.0;444;44;437;44;7;45
TE022;03.01.2024;17;1.0;392;42;156;43;236;42
TE022;03.01.2024;18;1.0;332;44;158;45;174;44
TE022;03.01.2024;19;1.0;242;45;97;45;145;45
TE022;03.01.2024;20;1.0;190;46;57;46;133;46
TE022;03.01.2024;21;1.0;176;45;132;45;44;45
TE022;03.01.2024;22;1.0;124;46;69;46;55;46
TE022;03.01.2024;23;1.0;63;46;43;46;20;44
TE022;04.01.2024;0;1.0;54;41;12;42;42;41
TE022;04.01.2024;1;1.0;34;43;11;45;23;42
TE022;04.01.2024;2;1.0;67;43;18;44;49;43
TE022;04.01.2024;3;1.0;34;42;19;40;15;43
TE022;04.01.2024;4;1.0;76;46;26;48;50;45
TE022;04.01.2024;5;1.0;227;41;101;41;125;41
TE022;04.01.2024;6;1.0;262;42;254;42;8;40
TE022;04.01.2024;7;1.0;401;42;142;42;260;41
TE022;04.01.2024;8;1.0;454;39;235;40;219;37
TE022;04.01.2024;9;1.0;447;36;179;38;268;35
TE022;04.01.2024;10;1.0;455;38;74;36;381;37
TE022;04.01.2024;11;1.0;493;36;134;34;359;36
TE022;04.01.2024;12;1.0;549;41;128;41;421;41
TE022;04.01.2024;13;1.0;462;34;180;32;282;36
TE022;04.01.2024;14;1.0;516;41;146;40;370;41
TE022;04.01.2024;15;1.0;506;44;61;44;445;44
TE022;04.01.2024;16;1.0;486;39;110;33;376;41
TE022;04.01.2024;17;1.0;413;36;95;31;318;38
TE022;04.01.2024;18;1.0;354;41;63;38;291;42
TE022;04.01.2024;19;1.0;238;42;36;42;202;42
TE022;04.01.2024;20;1.0;192;37;59;37;133;38
TE022;04.01.2024;21;1.0;151;41;46;38;105;42
TE022;04.01.2024;22;1.0;125;34;63;33;62;35
TE022;04.01.2024;23;1.0;102;45;20;43;82;45
TE022;05.01.2024;0;1.0;58;40;33;40;25;39
TE022;05.01.2024;1;1.0;51;38;14;31;37;40
TE022;05.01.2024;2;1.0;44;29;25;29;19;29
TE022;05.01.2024;3;1.0;62;37;24;29;38;42
TE022;05.01.2024;4;1.0;109;39;24;38;85;39
TE022;05.01.2024;5;1.0;249;33;116;33;133;33
TE022;05.01.2024;6;1.0;248;27;125;25;124;29
TE022;05.01.2024;7;1.0;389;38;114;33;275;40
TE022;05.01.2024;8;1.0;397;35;214;33;183;36
TE022;05.01.2024;9;1.0;393;41;165;38;228;44
TE022;05.01.2024;10;1.0;398;43;73;44;325;43
TE022;05.01.2024;11;1.0;419;43;79;42;340;43
TE022;05.01.2024;12;1.0;387;35;179;34;208;36
TE022;05.01.2024;13;1.0;512;35;202;33;310;36
TE022;05.01.2024;14;1.0;565;35;256;32;309;38
TE022;05.01.2024;15;1.0;457;37;229;37;228;36
TE022;05.01.2024;16;1.0;455;43;80;42;375;43
TE022;05.01.2024;17;1.0;367;39;83;37;284;39
TE022;05.01.2024;18;1.0;378;43;43;43;335;43
TE022;05.01.2024;19;1.0;265;46;45;46;220;47
TE022;05.01.2024;20;1.0;240;38;41;35;199;39
TE022;05.01.2024;21;1.0;204;41;48;37;156;42
TE022;05.01.2024;22;1.0;171;40;54;38;117;41
TE022;05.01.2024;23;1.0;107;43;21;42;86;43
TE022;06.01.2024;0;1.0;73;38;23;38;50;38
TE022;06.01.2024;1;1.0;66;38;20;36;46;39
TE022;06.01.2024;2;1.0;70;28;42;26;28;32
TE022;06.01.2024;3;1.0;40;36;20;35;20;38
TE022;06.01.2024;4;1.0;69;39;22;33;47;43
TE022;06.01.2024;5;1.0;105;37;43;36;62;37
TE022;06.01.2024;6;1.0;110;42;40;40;70;42
TE022;06.01.2024;7;1.0;125;42;36;41;89;43
TE022;06.01.2024;8;1.0;172;40;70;40;102;41
TE022;06.01.2024;9;1.0;220;38;78;37;142;39
TE022;06.01.2024;10;1.0;273;35;100;35;173;36
TE022;06.01.2024;11;1.0;346;43;109;39;237;44
TE022;06.01.2024;12;1.0;360;38;123;37;237;38
TE022;06.01.2024;13;1.0;393;36;164;33;229;38
TE022;06.01.2024;14;1.0;413;42;75;41;338;42
TE022;06.01.2024;15;1.0;372;41;85;40;287;41
TE022;06.01.2024;16;1.0;312;43;50;41;262;43
TE022;06.01.2024;17;1.0;347;43;38;46;309;43
TE022;06.01.2024;18;1.0;285;44;33;42;252;44
TE022;06.01.2024;19;1.0;273;39;27;38;245;40
TE022;06.01.2024;20;1.0;235;40;34;39;201;40
TE022;06.01.2024;21;1.0;178;39;27;37;151;40
TE022;06.01.2024;22;1.0;140;40;19;44;121;39
TE022;06.01.2024;23;1.0;114;46;21;44;93;47
TE022;07.01.2024;0;1.0;107;43;29;46;78;43
TE022;07.01.2024;1;1.0;61;48;7;49;54;48
TE022;07.01.2024;2;1.0;39;44;6;43;33;44
TE022;07.01.2024;3;1.0;38;50;0;-1;38;50
TE022;07.01.2024;4;1.0;29;49;2;46;27;50
TE022;07.01.2024;5;1.0;50;42;11;35;39;45
TE022;07.01.2024;6;1.0;63;34;23;26;40;38
TE022;07.01.2024;7;1.0;72;48;5;54;67;47
TE022;07.01.2024;8;1.0;83;46;7;39;76;47
TE022;07.01.2024;9;1.0;119;44;12;42;107;44
TE022;07.01.2024;10;1.0;152;40;38;39;114;40
TE022;07.01.2024;11;1.0;186;35;89;33;97;36
TE022;07.01.2024;12;1.0;232;39;73;35;159;41
TE022;07.01.2024;13;1.0;297;41;121;39;176;43
TE022;07.01.2024;14;1.0;303;44;95;40;208;46
TE022;07.01.2024;15;1.0;251;41;51;39;200;41
TE022;07.01.2024;16;1.0;261;36;118;35;143;36
TE022;07.01.2024;17;1.0;264;34;106;31;158;37
TE022;07.01.2024;18;1.0;244;42;77;37;167;45
TE022;07.01.2024;20;1.0;158;44;22;45;136;44
TE022;07.01.2024;21;1.0;100;33;23;33;77;34
TE022;07.01.2024;22;1.0;101;27;42;27;59;27
TE022;07.01.2024;23;1.0;52;22;32;22;20;22
TE022;08.01.2024;0;1.0;37;29;14;19;23;36
TE022;08.01.2024;1;1.0;24;43;5;41;19;44
TE022;08.01.2024;2;1.0;29;45;5;36;24;46
TE022;08.01.2024;3;1.0;50;48;3;45;47;48
TE022;08.01.2024;4;1.0;109;48;7;42;102;48
TE022;08.01.2024;5;1.0;236;41;71;34;165;44
TE022;08.01.2024;6;1.0;317;42;30;42;287;42
TE022;08.01.2024;7;1.0;468;38;36;36;432;38
TE022;08.01.2024;8;1.0;472;32;89;28;383;33
TE022;08.01.2024;9;1.0;360;33;46;31;314;33
TE022;08.01.2024;11;1.0;393;29;74;25;319;29
TE022;08.01.2024;12;1.0;431;35;78;27;353;37
TE022;08.01.2024;13;1.0;448;30;125;25;323;33
TE022;08.01.2024;15;1.0;463;28;147;24;316;29
TE022;08.01.2024;16;1.0;447;26;195;25;252;27
TE022;08.01.2024;17;1.0;344;30;103;28;241;31
TE022;08.01.2024;18;1.0;306;33;63;30;243;33
TE022;08.01.2024;19;1.0;197;35;17;34;180;35
TE022;08.01.2024;20;1.0;168;28;81;27;87;29
TE022;08.01.2024;21;1.0;139;34;38;27;101;38
TE022;08.01.2024;22;1.0;113;42;4;42;109;42
TE022;09.01.2024;0;1.0;51;42;7;42;44;43
TE022;09.01.2024;1;1.0;34;47;3;44;31;48
TE022;09.01.2024;2;1.0;61;47;6;42;55;48
TE022;09.01.2024;3;1.0;60;50;3;46;57;50
TE022;09.01.2024;4;1.0;96;52;6;45;90;52
TE022;09.01.2024;5;1.0;242;42;25;37;217;42
TE022;09.01.2024;6;1.0;291;41;15;39;276;42
TE022;09.01.2024;7;1.0;445;39;28;34;417;39
TE022;09.01.2024;8;1.0;561;41;51;36;510;41
TE022;09.01.2024;9;1.0;429;45;21;36;408;45
TE022;09.01.2024;10;1.0;399;33;38;26;361;34
TE022;09.01.2024;11;1.0;405;36;44;35;361;36
TE022;09.01.2024;12;1.0;425;35;68;34;357;35
TE022;09.01.2024;13;1.0;477;31;93;31;384;30
TE022;09.01.2024;14;1.0;456;31;70;28;386;32
TE022;09.01.2024;15;1.0;520;34;62;34;458;34
TE022;09.01.2024;16;1.0;487;35;42;33;445;35
TE022;09.01.2024;17;1.0;354;35;48;31;306;36
TE022;09.01.2024;18;1.0;326;41;19;34;307;41
TE022;09.01.2024;19;1.0;223;36;71;34;152;37
TE022;09.01.2024;20;1.0;178;34;59;35;119;33
TE022;09.01.2024;21;1.0;187;43;22;40;165;43
TE022;09.01.2024;22;1.0;129;37;21;37;108;37
TE022;09.01.2024;23;1.0;68;36;11;38;57;36
TE022;10.01.2024;0;1.0;50;33;13;32;37;33
TE022;10.01.2024;1;1.0;41;49;2;40;39;49
TE022;10.01.2024;2;1.0;32;53;2;51;30;53
TE022;10.01.2024;3;1.0;45;48;2;46;43;49
TE022;10.01.2024;4;1.0;115;51;5;54;110;51
TE022;10.01.2024;5;1.0;239;43;31;40;208;43
TE022;10.01.2024;6;1.0;311;35;51;34;260;36
TE022;10.01.2024;7;1.0;309;27;76;25;233;28
TE022;10.01.2024;8;1.0;408;29;112;28;296;30
TE022;10.01.2024;9;1.0;427;31;80;29;347;31
TE022;10.01.2024;10;1.0;394;32;57;30;337;33
TE022;10.01.2024;11;1.0;454;33;53;34;401;33
TE022;10.01.2024;12;1.0;491;32;74;38;417;31
TE022;10.01.2024;13;1.0;524;38;75;39;449;38
TE022;10.01.2024;14;1.0;510;32;104;32;406;32
TE022;10.01.2024;15;1.0;488;34;71;35;417;34
TE022;10.01.2024;16;1.0;479;26;91;22;388;27
TE022;10.01.2024;17;1.0;378;33;23;27;355;33
TE022;10.01.2024;18;1.0;310;34;22;31;288;35
TE022;10.01.2024;19;1.0;222;35;21;32;201;35
TE022;10.01.2024;20;1.0;182;39;20;39;162;39
TE022;10.01.2024;21;1.0;149;36;22;36;127;36
TE022;10.01.2024;22;1.0;145;37;49;32;96;40
TE022;10.01.2024;23;1.0;64;30;48;29;16;30
TE022;11.01.2024;0;1.0;49;27;29;27;20;27
TE022;11.01.2024;1;1.0;34;28;17;28;17;29
TE022;11.01.2024;2;1.0;47;29;22;27;25;31
TE022;11.01.2024;3;1.0;60;40;32;39;28;41
TE022;11.01.2024;4;1.0;106;43;54;41;52;45
TE022;11.01.2024;5;1.0;239;45;140;44;99;47
TE022;11.01.2024;6;1.0;353;43;68;42;285;43
TE022;11.01.2024;7;1.0;377;40;91;40;286;40
TE022;11.01.2024;8;1.0;507;33;165;30;343;35
TE022;11.01.2024;9;1.0;400;34;128;33;272;34
TE022;11.01.2024;10;1.0;417;35;81;35;336;35
TE022;11.01.2024;11;1.0;397;30;177;27;220;32
TE022;11.01.2024;12;1.0;429;30;233;29;196;32
TE022;11.01.2024;13;1.0;426;30;261;28;165;31
TE022;11.01.2024;14;1.0;461;32;248;32;213;32
TE022;11.01.2024;15;1.0;509;37;236;36;273;38
TE022;11.01.2024;16;1.0;532;40;133;34;399;42
TE022;11.01.2024;17;1.0;383;43;75;40;308;44
TE022;11.01.2024;18;1.0;380;40;76;38;304;40
TE022;11.01.2024;19;1.0;276;32;112;31;164;34
TE022;11.01.2024;22;1.0;165;40;54;39;111;41
TE022;11.01.2024;23;1.0;81;42;14;42;67;42
TE022;12.01.2024;0;1.0;43;37;21;36;22;38
TE022;12.01.2024;1;1.0;35;37;8;37;27;37
TE022;12.01.2024;3;1.0;58;30;28;30;30;30
TE022;12.01.2024;4;1.0;113;47;17;43;96;47
TE022;12.01.2024;5;1.0;216;44;47;41;169;44
TE022;12.01.2024;6;1.0;315;35;78;32;237;35
TE022;12.01.2024;8;1.0;516;36;107;33;409;36
TE022;12.01.2024;9;1.0;431;39;72;38;359;39
TE022;12.01.2024;10;1.0;443;40;51;42;392;40
TE022;12.01.2024;11;1.0;442;43;58;42;384;43
TE022;12.01.2024;12;1.0;475;42;82;38;393;43
TE022;12.01.2024;14;1.0;477;31;179;29;298;33
TE022;12.01.2024;15;1.0;480;41;99;41;381;41
TE022;12.01.2024;16;1.0;434;40;74;38;360;40
TE022;12.01.2024;18;1.0;368;44;64;44;304;44
TE022;12.01.2024;20;1.0;218;39;75;37;143;40
TE022;12.01.2024;21;1.0;192;42;46;39;146;44
TE022;12.01.2024;22;1.0;154;46;37;48;117;46
TE022;13.01.2024;0;1.0;90;45;14;38;76;46
TE022;13.01.2024;1;1.0;65;47;6;47;59;47
TE022;13.01.2024;2;1.0;88;44;18;39;70;45
TE022;13.01.2024;3;1.0;38;34;13;25;25;37
TE022;13.01.2024;4;1.0;73;43;15;35;58;46
TE022;13.01.2024;5;1.0;91;49;15;43;76;50
TE022;13.01.2024;6;1.0;102;37;28;31;74;39
TE022;13.01.2024;7;1.0;97;37;27;37;70;37
TE022;13.01.2024;9;1.0;241;38;103;35;138;40
TE022;13.01.2024;10;1.0;350;44;93;44;257;45
TE022;13.01.2024;11;1.0;439;46;97;46;342;46
TE022;13.01.2024;12;1.0;399;46;79;46;320;46
TE022;13.01.2024;13;1.0;496;47;80;47;416;47
TE022;13.01.2024;14;1.0;411;40;178;39;233;41
TE022;13.01.2024;16;1.0;352;44;86;44;266;44
TE022;13.01.2024;17;1.0;351;47;65;47;286;47
TE022;13.01.2024;18;1.0;292;44;61;41;231;44
TE022;13.01.2024;19;1.0;262;48;71;48;191;47
TE022;13.01.2024;20;1.0;211;48;57;48;154;48
TE022;13.01.2024;21;1.0;175;45;42;47;133;44
TE022;13.01.2024;22;1.0;139;37;53;37;86;37
TE022;13.01.2024;23;1.0;78;39;29;39;49;40
TE022;14.01.2024;0;1.0;79;35;41;33;38;37
TE022;14.01.2024;1;1.0;50;45;8;42;42;45
TE022;14.01.2024;10;1.0;302;39;150;32;152;46
TE022;14.01.2024;15;1.0;415;45;104;44;311;45
TE022;14.01.2024;16;1.0;320;43;112;42;208;44
TE022;14.01.2024;18;1.0;327;47;76;47;251;46
TE022;14.01.2024;19;1.0;205;45;54;46;151;44
TE022;14.01.2024;20;1.0;201;48;80;46;121;50
TE022;14.01.2024;21;1.0;126;46;33;48;93;45
TE022;15.01.2024;2;1.0;84;26;49;7;35;53
TE022;15.01.2024;3;1.0;189;31;150;30;39;34
TE022;15.01.2024;4;1.0;455;32;379;29;76;45
TE022;15.01.2024;6;1.0;545;45;272;46;272;43
TE022;15.01.2024;14;1.0;614;43;241;36;373;46
TE022;15.01.2024;21;1.0;291;30;154;20;137;43
TE022;15.01.2024;22;1.0;192;26;140;21;52;41
TE022;15.01.2024;23;1.0;119;31;59;16;60;45
TE022;16.01.2024;0;1.0;75;42;31;33;44;48
TE022;16.01.2024;2;1.0;75;19;53;15;22;30
TE022;16.01.2024;4;1.0;110;30;38;24;72;33
TE022;16.01.2024;6;1.0;388;30;139;19;249;36
TE022;16.01.2024;7;1.0;435;37;66;35;369;37
TE022;16.01.2024;8;1.0;313;38;44;38;269;38
TE022;16.01.2024;9;1.0;521;38;112;31;409;40
TE022;16.01.2024;10;1.0;475;39;96;31;379;41
TE022;16.01.2024;11;1.0;449;41;57;34;392;42
TE022;16.01.2024;16;1.0;555;38;165;29;390;42
TE022;16.01.2024;17;1.0;395;37;108;32;287;39
TE022;16.01.2024;18;1.0;369;41;65;42;304;41
TE022;16.01.2024;19;1.0;288;43;53;40;235;43
TE022;16.01.2024;20;1.0;222;40;52;29;170;43
TE022;16.01.2024;21;1.0;204;45;31;44;173;45
TE022;16.01.2024;22;1.0;198;42;44;33;154;45
TE022;16.01.2024;23;1.0;140;30;59;11;81;43
TE022;17.01.2024;0;1.0;217;16;154;4;63;45
TE022;17.01.2024;1;1.0;78;17;51;8;27;35
TE022;17.01.2024;23;1.0;123;37;52;25;71;46
TE022;18.01.2024;0;1.0;82;49;6;50;76;49
TE022;18.01.2024;1;1.0;49;49;6;46;43;49
TE022;18.01.2024;6;1.0;328;41;108;41;220;41
TE022;18.01.2024;7;1.0;503;42;92;38;411;42
TE022;18.01.2024;10;1.0;407;41;75;41;332;41
TE022;18.01.2024;11;1.0;435;37;127;36;308;38
TE022;18.01.2024;12;1.0;434;44;72;43;362;44
TE022;18.01.2024;13;1.0;402;34;112;31;290;35
TE022;18.01.2024;14;1.0;488;31;130;28;358;32
TE022;18.01.2024;15;1.0;546;40;118;34;428;41
TE022;18.01.2024;22;1.0;139;28;53;24;86;30
TE022;18.01.2024;23;1.0;70;35;24;28;46;38
TE022;19.01.2024;0;1.0;63;37;14;35;49;38
TE022;19.01.2024;2;1.0;143;35;72;35;71;34
TE022;19.01.2024;5;1.0;220;36;29;34;191;36
TE022;19.01.2024;9;1.0;403;31;76;32;327;32
TE022;19.01.2024;10;1.0;473;40;78;41;395;40
TE022;19.01.2024;11;1.0;491;33;110;35;381;33
TE022;19.01.2024;13;1.0;561;40;103;41;458;40
TE022;19.01.2024;14;1.0;572;41;61;42;511;41
TE022;19.01.2024;15;1.0;588;39;93;40;495;38
TE022;19.01.2024;17;1.0;480;43;68;46;412;42
TE022;19.01.2024;19;1.0;252;36;40;34;212;37
TE022;19.01.2024;20;1.0;231;39;41;40;190;39
TE022;19.01.2024;22;1.0;171;40;27;39;144;41
TE022;19.01.2024;23;1.0;127;42;13;35;114;43
TE022;20.01.2024;0;1.0;94;45;3;42;91;46
TE022;20.01.2024;1;1.0;81;36;19;30;62;38
TE022;20.01.2024;2;1.0;84;29;41;26;44;30
TE022;20.01.2024;3;1.0;81;21;57;18;24;27
TE022;20.01.2024;6;1.0;106;35;32;29;74;37
TE022;20.01.2024;7;1.0;137;37;63;32;74;41
TE022;20.01.2024;8;1.0;220;38;62;39;158;37
TE022;20.01.2024;9;1.0;255;33;66;24;189;35
TE022;20.01.2024;13;1.0;511;38;135;37;376;38
TE022;20.01.2024;14;1.0;536;36;205;36;331;37
TE022;20.01.2024;15;1.0;394;39;67;40;327;39
TE022;20.01.2024;16;1.0;334;33;126;32;208;34
TE022;20.01.2024;17;1.0;360;38;99;33;261;39
TE022;20.01.2024;18;1.0;301;35;52;37;249;35
TE022;20.01.2024;19;1.0;225;38;71;34;154;39
TE022;20.01.2024;20;1.0;210;34;59;32;151;34
TE022;20.01.2024;21;1.0;222;30;97;23;125;36
TE022;20.01.2024;22;1.0;178;31;65;22;113;35
TE022;21.01.2024;0;1.0;98;33;30;28;68;36
TE022;21.01.2024;1;1.0;83;32;24;21;59;36
TE022;21.01.2024;2;1.0;54;44;6;37;48;45
TE022;21.01.2024;3;1.0;47;32;15;25;32;36
TE022;21.01.2024;4;1.0;32;31;10;28;22;32
TE022;21.01.2024;5;1.0;52;32;23;31;29;34
TE022;21.01.2024;6;1.0;64;42;15;27;49;46
TE022;21.01.2024;7;1.0;75;34;27;10;48;48
TE022;21.01.2024;8;1.0;74;34;22;32;52;35
TE022;21.01.2024;9;1.0;161;37;27;25;134;39
TE022;21.01.2024;13;1.0;384;43;41;41;343;43
TE022;21.01.2024;14;1.0;337;40;36;37;301;40
TE022;21.01.2024;15;1.0;336;34;103;31;233;36
TE022;21.01.2024;16;1.0;333;39;32;37;301;39
TE022;21.01.2024;18;1.0;332;40;71;32;261;41
TE022;21.01.2024;19;1.0;243;44;21;44;222;44
TE022;21.01.2024;20;1.0;187;41;8;40;179;41
TE022;21.01.2024;22;1.0;136;44;23;45;113;44
TE022;21.01.2024;23;1.0;79;41;6;40;73;41
TE022;22.01.2024;0;1.0;67;42;13;41;54;42
TE022;22.01.2024;1;1.0;45;41;15;36;30;43
TE022;22.01.2024;2;1.0;78;44;39;46;39;43
TE022;22.01.2024;3;1.0;47;45;4;46;43;45
TE022;22.01.2024;4;1.0;100;39;17;37;83;39
TE022;22.01.2024;6;1.0;401;40;64;40;337;40
TE022;22.01.2024;7;1.0;576;42;138;40;438;42
TE022;22.01.2024;8;1.0;584;41;252;41;332;41
TE022;22.01.2024;9;1.0;499;42;242;43;257;41
TE022;22.01.2024;10;1.0;453;42;344;42;109;42
TE022;22.01.2024;11;1.0;449;44;225;44;224;44
TE022;22.01.2024;13;1.0;434;43;369;43;65;43
TE022;22.01.2024;15;1.0;553;42;447;42;106;42
TE022;22.01.2024;16;1.0;513;43;386;43;127;44
TE022;22.01.2024;17;1.0;428;42;421;42;7;43
TE022;22.01.2024;19;1.0;269;42;257;41;12;44
TE022;23.01.2024;1;1.0;59;32;48;30;11;41
TE022;23.01.2024;2;1.0;63;38;52;37;11;41
TE022;23.01.2024;4;1.0;94;44;83;44;11;46
TE022;23.01.2024;5;1.0;362;29;315;27;47;43
TE022;23.01.2024;7;1.0;610;40;187;38;423;41
TE022;23.01.2024;10;1.0;518;44;92;44;426;43
TE022;23.01.2024;11;1.0;532;38;215;31;317;42
TE022;23.01.2024;12;1.0;552;41;216;41;336;41
TE022;23.01.2024;13;1.0;530;42;340;41;190;43
TE022;23.01.2024;23;1.0;219;39;124;36;95;42
TE022;24.01.2024;1;1.0;53;34;17;22;36;40
TE023;01.01.2024;0;1.0;137;55;135;55;2;52
TE023;01.01.2024;1;1.0;403;54;400;54;3;51
TE023;01.01.2024;2;1.0;357;56;354;56;3;56
TE023;01.01.2024;3;1.0;217;55;216;55;1;47
TE023;01.01.2024;4;1.0;142;57;141;57;1;58
TE023;01.01.2024;5;1.0;143;60;140;60;3;55
TE023;01.01.2024;6;1.0;121;62;119;62;2;55
TE023;01.01.2024;7;1.0;94;61;93;61;1;49
TE023;01.01.2024;8;1.0;115;59;115;59;0;-1
TE023;01.01.2024;9;1.0;206;57;201;57;5;57
TE023;01.01.2024;10;1.0;397;56;381;56;16;58
TE023;01.01.2024;11;1.0;636;57;609;57;27;57
TE023;01.01.2024;12;1.0;773;56;745;57;28;56
TE023;01.01.2024;13;1.0;867;56;840;56;27;57
TE023;01.01.2024;14;1.0;925;53;881;53;44;53
TE023;01.01.2024;15;1.0;756;55;726;55;30;55
TE023;01.01.2024;16;1.0;522;52;515;52;8;50
TE023;01.01.2024;17;1.0;531;52;526;52;5;54
TE023;01.01.2024;18;1.0;450;57;443;57;7;57
TE023;01.01.2024;19;1.0;364;59;359;59;5;60
TE023;01.01.2024;20;1.0;278;53;277;53;1;55
TE023;01.01.2024;21;1.0;241;58;236;58;5;57
TE023;01.01.2024;22;1.0;174;59;173;59;1;56
TE023;01.01.2024;23;1.0;94;58;94;58;0;-1
TE023;02.01.2024;0;1.0;71;60;70;60;1;56
TE023;02.01.2024;1;1.0;53;60;52;60;1;64
TE023;02.01.2024;2;1.0;44;58;44;58;0;-1
TE023;02.01.2024;3;1.0;41;58;39;58;2;71
TE023;02.01.2024;4;1.0;99;53;89;54;10;49
TE023;02.01.2024;5;1.0;266;56;264;56;2;58
TE023;02.01.2024;6;1.0;563;53;555;53;8;54
TE023;02.01.2024;7;1.0;622;54;595;54;27;53
TE023;02.01.2024;8;1.0;708;55;666;55;42;55
TE023;02.01.2024;9;1.0;729;54;681;54;48;54
TE023;02.01.2024;10;1.0;867;61;814;61;53;59
TE023;02.01.2024;11;1.0;981;59;953;59;28;57
TE023;02.01.2024;12;1.0;994;58;938;58;56;58
TE023;02.01.2024;13;1.0;1240;60;1175;60;65;59
TE023;02.01.2024;14;1.0;1340;61;1287;61;53;61
TE023;02.01.2024;15;1.0;1556;60;1477;59;79;60
TE023;02.01.2024;16;1.0;1449;59;1424;59;25;58
TE023;02.01.2024;17;1.0;1099;58;1086;58;13;59
TE023;02.01.2024;18;1.0;973;59;963;59;10;60
TE023;02.01.2024;19;1.0;718;60;711;60;7;60
TE023;02.01.2024;20;1.0;519;63;515;63;4;61
TE023;02.01.2024;21;1.0;322;62;318;62;4;62
TE023;02.01.2024;22;1.0;406;61;395;61;11;60
TE023;02.01.2024;23;1.0;280;62;271;62;9;69
TE023;03.01.2024;0;1.0;88;59;86;59;2;84
TE023;03.01.2024;1;1.0;41;61;40;61;1;55
TE023;03.01.2024;2;1.0;40;61;39;61;1;55
TE023;03.01.2024;3;1.0;49;55;45;56;4;54
TE023;03.01.2024;4;1.0;104;57;98;56;6;62
TE023;03.01.2024;5;1.0;265;54;254;54;11;54
TE023;03.01.2024;6;1.0;568;57;539;57;29;57
TE023;03.01.2024;7;1.0;720;56;674;56;46;55
TE023;03.01.2024;8;1.0;723;57;689;57;34;56
TE023;03.01.2024;9;1.0;793;57;728;57;65;56
TE023;03.01.2024;10;1.0;963;55;880;55;83;56
TE023;03.01.2024;11;1.0;1053;55;944;55;109;54
TE023;03.01.2024;12;1.0;1125;55;1016;56;109;55
TE023;03.01.2024;13;1.0;1165;56;1052;56;113;57
TE023;03.01.2024;14;1.0;1430;53;1297;54;133;53
TE023;03.01.2024;15;1.0;1642;54;1542;54;100;54
TE023;03.01.2024;16;1.0;1591;53;1465;53;126;54
TE023;03.01.2024;17;1.0;1307;54;1200;54;107;54
TE023;03.01.2024;18;1.0;1026;54;974;54;52;53
TE023;03.01.2024;19;1.0;787;54;755;54;32;49
TE023;03.01.2024;20;1.0;559;55;536;54;23;56
TE023;03.01.2024;21;1.0;390;58;382;58;8;57
TE023;03.01.2024;22;1.0;320;58;318;58;2;59
TE023;03.01.2024;23;1.0;208;59;203;59;5;55
TE023;04.01.2024;0;1.0;108;58;106;58;2;55
TE023;04.01.2024;1;1.0;57;60;55;61;2;56
TE023;04.01.2024;2;1.0;49;59;41;59;8;58
TE023;04.01.2024;3;1.0;59;62;53;62;6;62
TE023;04.01.2024;4;1.0;98;64;95;65;3;55
TE023;04.01.2024;5;1.0;276;62;264;61;12;65
TE023;04.01.2024;6;1.0;571;62;562;62;9;63
TE023;04.01.2024;7;1.0;669;62;650;62;19;63
TE023;04.01.2024;8;1.0;810;58;763;58;47;56
TE023;04.01.2024;9;1.0;866;58;815;58;51;58
TE023;04.01.2024;10;1.0;956;57;902;57;54;57
TE023;04.01.2024;11;1.0;996;58;937;58;59;57
TE023;04.01.2024;12;1.0;1222;58;1145;58;77;58
TE023;04.01.2024;13;1.0;1310;57;1252;57;58;56
TE023;04.01.2024;14;1.0;1567;57;1520;57;47;56
TE023;04.01.2024;15;1.0;1845;56;1787;56;58;54
TE023;04.01.2024;16;1.0;1800;56;1759;56;41;55
TE023;04.01.2024;17;1.0;1435;55;1407;55;28;54
TE023;04.01.2024;18;1.0;1280;55;1257;55;23;54
TE023;04.01.2024;19;1.0;917;43;900;43;18;42
TE023;04.01.2024;20;1.0;611;59;604;59;7;59
TE023;04.01.2024;21;1.0;419;63;416;63;3;58
TE023;04.01.2024;22;1.0;539;63;536;63;3;61
TE023;04.01.2024;23;1.0;230;63;227;63;3;61
TE023;05.01.2024;0;1.0;126;61;124;61;2;60
TE023;05.01.2024;1;1.0;62;61;59;61;3;56
TE023;05.01.2024;2;1.0;46;62;40;62;6;59
TE023;05.01.2024;3;1.0;54;62;44;63;10;58
TE023;05.01.2024;4;1.0;98;62;88;63;10;60
TE023;05.01.2024;5;1.0;272;62;244;62;28;61
TE023;05.01.2024;6;1.0;587;64;536;64;51;62
TE023;05.01.2024;7;1.0;754;61;687;61;67;60
TE023;05.01.2024;8;1.0;742;62;718;62;24;61
TE023;05.01.2024;9;1.0;806;60;770;60;36;59
TE023;05.01.2024;10;1.0;990;60;931;60;59;60
TE023;05.01.2024;11;1.0;1129;54;1059;54;69;53
TE023;05.01.2024;12;1.0;1401;60;1344;60;57;59
TE023;05.01.2024;13;1.0;1526;59;1480;59;46;58
TE023;05.01.2024;14;1.0;1712;58;1675;58;37;60
TE023;05.01.2024;15;1.0;1670;59;1639;59;31;58
TE023;05.01.2024;16;1.0;1407;56;1378;56;29;56
TE023;05.01.2024;17;1.0;1251;57;1242;57;9;54
TE023;05.01.2024;18;1.0;917;60;908;60;9;60
TE023;05.01.2024;19;1.0;814;61;806;61;8;60
TE023;05.01.2024;20;1.0;577;62;570;62;7;60
TE023;05.01.2024;21;1.0;538;63;534;63;4;62
TE023;05.01.2024;22;1.0;465;63;462;63;3;62
TE023;05.01.2024;23;1.0;321;58;321;58;0;-1
TE023;06.01.2024;0;1.0;218;62;215;62;3;60
TE023;06.01.2024;1;1.0;145;57;143;57;2;60
TE023;06.01.2024;2;1.0;94;65;92;65;2;61
TE023;06.01.2024;3;1.0;63;63;58;64;5;61
TE023;06.01.2024;4;1.0;87;63;81;63;6;59
TE023;06.01.2024;5;1.0;132;63;127;63;5;57
TE023;06.01.2024;6;1.0;176;62;162;62;14;61
TE023;06.01.2024;7;1.0;238;56;215;56;23;54
TE023;06.01.2024;8;1.0;389;62;355;62;34;60
TE023;06.01.2024;9;1.0;657;59;626;59;31;60
TE023;06.01.2024;10;1.0;965;58;943;58;22;58
TE023;06.01.2024;11;1.0;1081;58;1060;58;21;59
TE023;06.01.2024;12;1.0;1106;59;1088;59;18;60
TE023;06.01.2024;13;1.0;1140;59;1118;59;22;59
TE023;06.01.2024;14;1.0;1228;58;1213;58;15;59
TE023;06.01.2024;15;1.0;1111;60;1103;60;8;60
TE023;06.01.2024;16;1.0;915;60;905;60;10;60
TE023;06.01.2024;17;1.0;897;59;885;59;12;61
TE023;06.01.2024;18;1.0;812;61;806;61;6;59
TE023;06.01.2024;19;1.0;689;62;683;62;6;63
TE023;06.01.2024;20;1.0;595;60;590;60;5;62
TE023;06.01.2024;21;1.0;416;60;412;60;4;59
TE023;06.01.2024;22;1.0;425;61;423;61;2;60
TE023;06.01.2024;23;1.0;342;61;341;61;1;61
TE023;07.01.2024;0;1.0;215;62;211;62;4;62
TE023;07.01.2024;1;1.0;171;59;171;59;0;-1
TE023;07.01.2024;2;1.0;134;63;131;63;3;60
TE023;07.01.2024;3;1.0;89;57;86;57;3;53
TE023;07.01.2024;4;1.0;75;55;74;55;1;49
TE023;07.01.2024;5;1.0;115;53;112;53;3;52
TE023;07.01.2024;6;1.0;125;60;120;60;5;59
TE023;07.01.2024;7;1.0;132;60;129;61;3;60
TE023;07.01.2024;8;1.0;195;62;191;62;4;63
TE023;07.01.2024;9;1.0;447;62;444;62;3;59
TE023;07.01.2024;10;1.0;662;60;657;60;5;60
TE023;07.01.2024;11;1.0;874;59;869;59;5;58
TE023;07.01.2024;12;1.0;1081;58;1078;58;3;56
TE023;07.01.2024;13;1.0;1049;59;1038;59;11;59
TE023;07.01.2024;14;1.0;1075;59;1065;59;10;58
TE023;07.01.2024;15;1.0;840;61;837;61;3;60
TE023;07.01.2024;16;1.0;773;61;767;61;6;63
TE023;07.01.2024;17;1.0;850;60;843;60;7;59
TE023;07.01.2024;18;1.0;717;60;711;61;6;59
TE023;07.01.2024;19;1.0;553;60;545;60;8;59
TE023;07.01.2024;20;1.0;428;59;422;59;6;57
TE023;07.01.2024;21;1.0;317;54;312;54;5;54
TE023;07.01.2024;22;1.0;316;48;307;48;9;48
TE023;07.01.2024;23;1.0;134;52;120;51;14;52
TE023;08.01.2024;0;1.0;83;54;76;54;7;52
TE023;08.01.2024;1;1.0;47;56;43;57;4;53
TE023;08.01.2024;2;1.0;51;57;42;56;9;60
TE023;08.01.2024;3;1.0;73;57;63;58;10;57
TE023;08.01.2024;4;1.0;126;56;119;56;7;55
TE023;08.01.2024;5;1.0;320;55;306;55;14;52
TE023;08.01.2024;6;1.0;636;55;602;55;34;55
TE023;08.01.2024;7;1.0;867;53;834;53;33;53
TE023;08.01.2024;8;1.0;855;54;793;54;62;53
TE023;08.01.2024;9;1.0;758;54;707;54;51;54
TE023;08.01.2024;10;1.0;792;53;742;53;50;54
TE023;08.01.2024;11;1.0;761;55;696;55;65;55
TE023;08.01.2024;12;1.0;858;56;798;56;60;54
TE023;08.01.2024;13;1.0;1044;55;991;55;53;55
TE023;08.01.2024;14;1.0;1316;54;1276;54;40;54
TE023;08.01.2024;15;1.0;1560;52;1526;52;34;52
TE023;08.01.2024;16;1.0;1521;51;1489;51;32;53
TE023;08.01.2024;17;1.0;1173;52;1153;52;20;52
TE023;08.01.2024;18;1.0;941;52;926;52;15;53
TE023;08.01.2024;19;1.0;676;49;658;49;17;49
TE023;08.01.2024;20;1.0;498;53;494;53;4;53
TE023;08.01.2024;21;1.0;352;54;350;54;2;53
TE023;08.01.2024;22;1.0;300;53;299;53;1;53
TE023;08.01.2024;23;1.0;137;54;132;54;5;52
TE023;09.01.2024;0;1.0;92;53;90;53;2;50
TE023;09.01.2024;1;1.0;56;52;52;52;4;49
TE023;09.01.2024;2;1.0;45;58;38;59;7;56
TE023;09.01.2024;3;1.0;50;53;45;53;5;55
TE023;09.01.2024;4;1.0;116;55;108;55;8;53
TE023;09.01.2024;5;1.0;321;55;307;55;14;54
TE023;09.01.2024;6;1.0;741;55;715;55;26;54
TE023;09.01.2024;7;1.0;1034;54;978;54;56;53
TE023;09.01.2024;8;1.0;1000;55;930;55;70;55
TE023;09.01.2024;9;1.0;905;55;845;55;60;56
TE023;09.01.2024;10;1.0;877;55;832;55;45;55
TE023;09.01.2024;11;1.0;1019;57;936;57;83;56
TE023;09.01.2024;12;1.0;1089;56;1005;56;84;57
TE023;09.01.2024;13;1.0;1260;55;1185;55;75;54
TE023;09.01.2024;14;1.0;1588;53;1505;53;83;54
TE023;09.01.2024;15;1.0;1950;53;1909;53;41;52
TE023;09.01.2024;16;1.0;2022;52;1974;52;48;52
TE023;09.01.2024;17;1.0;1621;42;1585;43;36;42
TE023;09.01.2024;18;1.0;1382;52;1366;52;16;53
TE023;09.01.2024;19;1.0;936;52;928;52;8;53
TE023;09.01.2024;20;1.0;619;53;612;53;7;53
TE023;09.01.2024;21;1.0;448;55;442;55;6;55
TE023;09.01.2024;22;1.0;406;55;401;55;5;55
TE023;09.01.2024;23;1.0;168;56;166;56;2;56
TE023;10.01.2024;0;1.0;90;54;90;54;0;-1
TE023;10.01.2024;1;1.0;47;59;46;59;1;56
TE023;10.01.2024;2;1.0;40;56;36;56;4;59
TE023;10.01.2024;3;1.0;60;54;53;53;7;55
TE023;10.01.2024;4;1.0;119;55;112;55;7;54
TE023;10.01.2024;5;1.0;333;55;324;55;9;56
TE023;10.01.2024;6;1.0;866;55;841;55;25;54
TE023;10.01.2024;7;1.0;1164;54;1115;54;49;54
TE023;10.01.2024;8;1.0;1147;57;1085;57;62;56
TE023;10.01.2024;9;1.0;951;55;901;55;50;57
TE023;10.01.2024;10;1.0;912;53;856;53;56;53
TE023;10.01.2024;11;1.0;1051;55;978;55;73;54
TE023;10.01.2024;12;1.0;1161;53;1095;53;66;54
TE023;10.01.2024;13;1.0;1331;53;1270;53;61;53
TE023;10.01.2024;14;1.0;1775;51;1706;51;69;50
TE023;10.01.2024;15;1.0;2048;53;1975;53;73;52
TE023;10.01.2024;16;1.0;2080;53;2033;53;47;54
TE023;10.01.2024;17;1.0;1870;53;1839;53;31;53
TE023;10.01.2024;18;1.0;1463;47;1448;47;15;49
TE023;10.01.2024;19;1.0;1065;52;1052;52;13;50
TE023;10.01.2024;20;1.0;711;54;703;54;8;53
TE023;10.01.2024;21;1.0;536;55;529;55;7;55
TE023;10.01.2024;22;1.0;416;55;414;55;2;52
TE023;10.01.2024;23;1.0;270;56;267;56;3;54
TE023;11.01.2024;0;1.0;108;58;107;58;1;52
TE023;11.01.2024;1;1.0;59;58;59;58;0;-1
TE023;11.01.2024;2;1.0;44;62;40;63;4;54
TE023;11.01.2024;3;1.0;57;61;56;61;1;66
TE023;11.01.2024;4;1.0;124;65;116;65;8;64
TE023;11.01.2024;5;1.0;353;65;344;65;9;64
TE023;11.01.2024;6;1.0;761;66;751;66;10;62
TE023;11.01.2024;7;1.0;1133;62;1107;62;26;60
TE023;11.01.2024;8;1.0;1155;52;1124;52;31;52
TE023;11.01.2024;9;1.0;969;61;959;61;10;62
TE023;11.01.2024;10;1.0;932;61;916;61;16;61
TE023;11.01.2024;11;1.0;1074;63;1062;63;12;62
TE023;11.01.2024;12;1.0;1234;60;1229;60;5;60
TE023;11.01.2024;13;1.0;1460;61;1449;61;11;60
TE023;11.01.2024;14;1.0;1737;61;1729;61;8;60
TE023;11.01.2024;15;1.0;1973;59;1955;59;18;59
TE023;11.01.2024;16;1.0;2038;57;2027;57;11;59
TE023;11.01.2024;17;1.0;1957;57;1947;57;10;54
TE023;11.01.2024;18;1.0;1605;56;1591;56;14;57
TE023;11.01.2024;19;1.0;1106;57;1100;57;6;55
TE023;11.01.2024;20;1.0;822;58;822;58;0;-1
TE023;11.01.2024;21;1.0;469;61;469;61;0;-1
TE023;11.01.2024;22;1.0;546;60;546;60;0;-1
TE023;11.01.2024;23;1.0;289;61;288;61;1;53
TE023;12.01.2024;0;1.0;152;62;152;62;0;-1
TE023;12.01.2024;1;1.0;75;62;75;62;0;-1
TE023;12.01.2024;2;1.0;48;62;47;62;1;62
TE023;12.01.2024;3;1.0;61;60;59;60;2;60
TE023;12.01.2024;4;1.0;139;64;139;64;0;-1
TE023;12.01.2024;5;1.0;298;58;297;58;1;60
TE023;12.01.2024;6;1.0;729;62;724;62;5;56
TE023;12.01.2024;7;1.0;1086;59;1074;59;12;60
TE023;12.01.2024;8;1.0;1081;60;1062;60;19;60
TE023;12.01.2024;9;1.0;968;60;919;60;49;61
TE023;12.01.2024;10;1.0;959;61;916;61;43;61
TE023;12.01.2024;11;1.0;1143;56;1108;56;35;57
TE023;12.01.2024;12;1.0;1396;61;1346;61;50;60
TE023;12.01.2024;13;1.0;1749;60;1710;60;39;60
TE023;12.01.2024;14;1.0;1992;59;1975;59;17;59
TE023;12.01.2024;15;1.0;2036;58;2018;59;18;59
TE023;12.01.2024;16;1.0;1933;56;1908;56;25;56
TE023;12.01.2024;17;1.0;1419;58;1406;58;13;55
TE023;12.01.2024;18;1.0;1256;58;1255;58;1;57
TE023;12.01.2024;19;1.0;968;59;967;59;1;59
TE023;12.01.2024;20;1.0;738;59;738;59;0;-1
TE023;12.01.2024;21;1.0;552;61;545;61;7;62
TE023;12.01.2024;22;1.0;512;61;509;61;3;63
TE023;12.01.2024;23;1.0;418;60;416;60;2;59
TE023;13.01.2024;0;1.0;226;60;224;60;2;60
TE023;13.01.2024;1;1.0;185;61;184;61;1;60
TE023;13.01.2024;2;1.0;99;62;99;62;0;-1
TE023;13.01.2024;3;1.0;74;62;74;62;0;-1
TE023;13.01.2024;4;1.0;93;63;92;63;1;61
TE023;13.01.2024;5;1.0;150;61;150;61;0;-1
TE023;13.01.2024;6;1.0;167;60;165;60;2;65
TE023;13.01.2024;7;1.0;285;61;282;61;3;62
TE023;13.01.2024;8;1.0;436;61;431;61;5;61
TE023;13.01.2024;9;1.0;724;63;722;63;2;62
TE023;13.01.2024;10;1.0;992;60;988;60;4;61
TE023;13.01.2024;11;1.0;1168;59;1161;59;7;48
TE023;13.01.2024;12;1.0;1201;59;1192;59;9;56
TE023;13.01.2024;13;1.0;1336;60;1329;60;7;57
TE023;13.01.2024;14;1.0;1314;60;1311;60;3;61
TE023;13.01.2024;15;1.0;1135;63;1129;63;6;64
TE023;13.01.2024;16;1.0;1002;60;998;60;4;64
TE038;01.01.2024;0;1.0;259;52;184;53;75;50
TE038;01.01.2024;1;1.0;587;49;401;50;186;47
TE038;01.01.2024;2;1.0;597;48;362;49;235;46
TE038;01.01.2024;3;1.0;434;51;303;52;131;49
TE038;01.01.2024;4;1.0;335;51;221;51;114;50
TE038;01.01.2024;5;1.0;338;51;242;52;96;51
TE038;01.01.2024;6;1.0;213;54;157;53;56;52
TE038;01.01.2024;7;1.0;168;55;154;55;14;52
TE038;01.01.2024;8;1.0;216;53;165;54;51;50
TE038;01.01.2024;9;1.0;224;54;189;54;35;49
TE038;01.01.2024;10;1.0;411;52;266;54;145;48
TE038;01.01.2024;11;1.0;568;49;380;50;188;47
TE038;01.01.2024;12;1.0;746;50;507;50;239;48
TE038;01.01.2024;13;1.0;866;49;593;50;273;48
TE038;01.01.2024;14;1.0;907;48;649;49;258;47
TE038;01.01.2024;15;1.0;867;48;596;48;271;48
TE038;01.01.2024;16;1.0;851;48;550;48;301;46
TE038;01.01.2024;17;1.0;779;50;547;50;232;47
TE038;01.01.2024;18;1.0;647;52;381;52;266;50
TE038;01.01.2024;19;1.0;600;51;399;52;201;50
TE038;01.01.2024;20;1.0;531;50;386;51;145;49
TE038;01.01.2024;21;1.0;456;52;297;53;159;49
TE038;01.01.2024;22;1.0;373;51;257;52;116;48
TE038;01.01.2024;23;1.0;238;53;162;55;76;48
TE038;02.01.2024;0;1.0;207;51;133;52;74;47
TE038;02.01.2024;1;1.0;131;51;85;52;46;51
TE038;02.01.2024;2;1.0;127;48;105;50;22;45
TE038;02.01.2024;3;1.0;137;51;118;51;19;47
TE038;02.01.2024;4;1.0;282;50;211;51;71;50
TE038;02.01.2024;5;1.0;699;49;587;49;112;46
TE038;02.01.2024;6;1.0;848;46;746;45;102;47
TE038;02.01.2024;7;1.0;949;42;780;42;169;42
TE038;02.01.2024;8;1.0;946;47;824;47;122;47
TE038;02.01.2024;9;1.0;943;47;764;47;179;48
TE038;02.01.2024;10;1.0;1029;45;675;44;354;45
TE038;02.01.2024;11;1.0;1019;46;636;46;383;46
TE038;02.01.2024;12;1.0;1082;46;852;45;230;46
TE038;02.01.2024;13;1.0;1093;44;966;44;127;45
TE038;02.01.2024;14;1.0;1086;45;974;45;112;46
TE038;02.01.2024;15;1.0;1067;46;1021;46;46;46
TE038;02.01.2024;16;1.0;1065;45;995;45;70;45
TE038;02.01.2024;17;1.0;1014;42;888;41;126;43
TE038;02.01.2024;18;1.0;978;45;848;45;130;44
TE038;02.01.2024;19;1.0;772;48;553;49;219;47
TE038;02.01.2024;20;1.0;632;51;458;51;174;49
TE038;02.01.2024;21;1.0;573;52;410;52;163;52
TE038;02.01.2024;22;1.0;414;53;329;53;85;51
TE038;02.01.2024;23;1.0;342;52;242;53;100;52
TE038;03.01.2024;0;1.0;218;54;162;54;56;51
TE038;03.01.2024;1;1.0;152;51;110;52;42;47
TE038;03.01.2024;2;1.0;136;52;122;52;14;49
TE038;03.01.2024;3;1.0;167;53;139;53;28;55
TE038;03.01.2024;4;1.0;261;53;195;54;66;51
TE038;03.01.2024;5;1.0;694;50;599;51;95;47
TE038;03.01.2024;6;1.0;861;48;649;48;212;45
TE038;03.01.2024;7;1.0;1030;44;789;45;241;42
TE038;03.01.2024;8;1.0;1012;44;832;44;180;44
TE038;03.01.2024;9;1.0;1023;43;709;43;314;42
TE038;03.01.2024;10;1.0;1044;44;679;44;365;43
TE038;03.01.2024;11;1.0;994;44;538;45;456;44
TE038;03.01.2024;12;1.0;1007;45;586;46;421;45
TE038;03.01.2024;13;1.0;1099;44;800;45;299;42
TE038;03.01.2024;14;1.0;1087;44;605;45;482;41
TE038;03.01.2024;15;1.0;1140;44;748;44;392;45
TE038;03.01.2024;16;1.0;1073;44;686;44;387;44
TE038;03.01.2024;17;1.0;1056;44;682;43;374;44
TE038;03.01.2024;18;1.0;953;44;584;45;369;43
TE038;03.01.2024;19;1.0;783;43;495;44;288;41
TE038;03.01.2024;20;1.0;651;48;259;49;392;48
TE038;03.01.2024;21;1.0;550;51;229;53;321;48
TE038;03.01.2024;22;1.0;485;51;149;53;336;50
TE038;03.01.2024;23;1.0;330;49;124;54;207;45
TE038;04.01.2024;0;1.0;232;52;129;54;103;49
TE038;04.01.2024;1;1.0;170;52;113;53;57;49
TE038;04.01.2024;2;1.0;139;53;72;54;67;52
TE038;04.01.2024;3;1.0;150;52;94;53;56;49
TE038;04.01.2024;4;1.0;323;57;279;58;44;54
TE038;04.01.2024;5;1.0;716;53;636;53;80;50
TE038;04.01.2024;6;1.0;963;50;744;50;219;51
TE038;04.01.2024;7;1.0;994;47;840;46;154;48
TE038;04.01.2024;8;1.0;1025;46;595;46;430;47
TE038;04.01.2024;9;1.0;985;46;579;45;406;46
TE038;04.01.2024;10;1.0;1101;46;631;45;470;49
TE038;04.01.2024;11;1.0;1035;43;841;43;194;45
TE038;04.01.2024;12;1.0;1103;45;884;45;219;44
TE038;04.01.2024;13;1.0;1076;44;830;44;246;44
TE038;08.01.2024;13;1.0;1018;43;823;43;195;42
TE038;08.01.2024;14;1.0;983;42;705;41;278;43
TE038;08.01.2024;15;1.0;1004;44;739;44;265;44
TE038;08.01.2024;16;1.0;1032;45;797;45;235;45
TE038;08.01.2024;17;1.0;1079;44;821;44;258;45
TE038;08.01.2024;18;1.0;947;46;656;46;291;45
TE038;08.01.2024;19;1.0;791;46;655;46;136;45
TE038;08.01.2024;20;1.0;597;50;455;51;142;45
TE038;08.01.2024;21;1.0;529;48;433;48;96;49
TE038;08.01.2024;22;1.0;414;51;303;51;111;51
TE038;08.01.2024;23;1.0;288;51;137;51;151;50
TE038;09.01.2024;0;1.0;202;55;103;57;99;53
TE038;09.01.2024;1;1.0;164;50;101;51;63;49
TE038;09.01.2024;2;1.0;121;49;95;49;26;47
TE038;09.01.2024;3;1.0;133;54;77;54;56;53
TE038;09.01.2024;4;1.0;350;55;274;55;76;54
TE038;09.01.2024;5;1.0;866;49;771;49;95;49
TE038;09.01.2024;6;1.0;1104;44;995;44;109;43
TE038;09.01.2024;7;1.0;1146;38;919;38;227;38
TE038;09.01.2024;8;1.0;1114;41;908;41;206;42
TE038;09.01.2024;9;1.0;1090;44;894;44;196;44
TE038;09.01.2024;10;1.0;1090;40;823;40;267;39
TE038;09.01.2024;11;1.0;1086;41;819;42;267;40
TE038;09.01.2024;12;1.0;1103;43;918;43;185;43
TE038;09.01.2024;13;1.0;1101;43;861;43;240;42
TE038;09.01.2024;14;1.0;1128;41;878;41;250;40
TE038;09.01.2024;15;1.0;1109;41;860;41;249;39
TE038;09.01.2024;16;1.0;1159;42;928;42;231;40
TE038;09.01.2024;17;1.0;1094;42;913;42;181;41
TE038;09.01.2024;18;1.0;847;41;719;41;127;41
TE038;09.01.2024;19;1.0;661;46;539;46;122;45
TE038;09.01.2024;20;1.0;551;49;448;50;103;48
TE038;09.01.2024;21;1.0;568;50;421;50;147;50
TE038;09.01.2024;22;1.0;451;50;296;50;155;49
TE038;09.01.2024;23;1.0;314;51;212;51;102;49
TE038;10.01.2024;0;1.0;228;49;147;51;81;47
TE038;10.01.2024;1;1.0;159;53;100;55;59;50
TE038;10.01.2024;2;1.0;131;42;105;43;25;40
TE038;10.01.2024;3;1.0;162;54;130;54;32;53
TE038;10.01.2024;4;1.0;367;53;297;54;70;50
TE038;10.01.2024;5;1.0;919;49;750;49;169;50
TE038;10.01.2024;6;1.0;1194;45;990;45;204;46
TE038;10.01.2024;7;1.0;1174;41;921;41;253;41
TE038;10.01.2024;8;1.0;1133;38;979;38;154;40
TE038;10.01.2024;9;1.0;1118;43;925;43;193;42
TE038;10.01.2024;10;1.0;1095;44;830;44;265;43
TE038;10.01.2024;11;1.0;1062;39;837;40;225;37
TE038;10.01.2024;12;1.0;1107;41;912;42;195;39
TE038;10.01.2024;13;1.0;1084;32;924;32;160;33
TE038;10.01.2024;14;1.0;1167;41;1039;41;128;41
TE038;10.01.2024;15;1.0;1186;40;1109;40;77;41
TE038;10.01.2024;16;1.0;1221;40;1013;41;208;38
TE038;10.01.2024;17;1.0;1078;44;897;44;181;42
TE038;10.01.2024;18;1.0;1085;43;980;43;105;41
TE038;10.01.2024;19;1.0;922;37;794;37;128;35
TE038;10.01.2024;20;1.0;762;49;570;49;192;48
TE038;10.01.2024;21;1.0;644;50;442;50;202;49
TE038;10.01.2024;22;1.0;494;50;381;50;113;47
TE038;10.01.2024;23;1.0;392;51;315;52;77;47
TE038;11.01.2024;0;1.0;246;52;173;52;73;49
TE038;11.01.2024;1;1.0;178;52;139;53;39;51
TE038;11.01.2024;2;1.0;121;55;94;56;27;51
TE038;11.01.2024;3;1.0;177;56;115;57;62;54
TE038;11.01.2024;4;1.0;375;56;229;57;146;53
TE038;11.01.2024;5;1.0;857;50;507;50;350;50
TE038;11.01.2024;6;1.0;1077;46;743;45;334;46
TE038;11.01.2024;7;1.0;1133;39;878;38;255;39
TE038;11.01.2024;8;1.0;1130;42;780;42;350;42
TE038;11.01.2024;9;1.0;1073;42;875;41;198;44
TE038;11.01.2024;10;1.0;1061;47;874;46;187;47
TE038;11.01.2024;11;1.0;1096;48;663;48;433;47
TE038;11.01.2024;12;1.0;1035;46;616;46;419;46
TE038;11.01.2024;13;1.0;1091;42;727;42;364;41
TE038;11.01.2024;14;1.0;1131;44;899;44;232;45
TE038;11.01.2024;15;1.0;1173;40;963;39;210;44
TE038;19.01.2024;12;1.0;1084;45;781;45;303;44
TE038;19.01.2024;13;1.0;1123;45;653;46;470;44
TE038;19.01.2024;14;1.0;1055;46;602;46;453;44
TE038;19.01.2024;15;1.0;1146;44;880;44;266;44
TE038;19.01.2024;16;1.0;1051;47;682;47;369;46
TE038;19.01.2024;17;1.0;1043;44;699;44;344;44
TE038;19.01.2024;18;1.0;1053;45;815;45;238;44
TE038;19.01.2024;19;1.0;865;43;547;43;318;42
TE038;19.01.2024;20;1.0;751;47;483;47;268;45
TE038;19.01.2024;21;1.0;625;46;311;46;314;47
TE038;19.01.2024;22;1.0;573;50;281;51;292;50
TE038;19.01.2024;23;1.0;505;46;273;48;232;44
TE038;20.01.2024;0;1.0;332;49;213;49;119;47
TE038;20.01.2024;1;1.0;269;49;186;50;83;47
TE038;20.01.2024;2;1.0;211;49;163;51;48;46
TE038;20.01.2024;3;1.0;224;50;150;51;74;48
TE038;20.01.2024;4;1.0;234;51;176;51;58;47
TE038;20.01.2024;5;1.0;351;52;272;52;79;50
TE038;20.01.2024;6;1.0;368;50;322;50;46;49
TE038;20.01.2024;7;1.0;472;48;402;48;70;46
TE038;20.01.2024;8;1.0;667;48;514;49;153;47
TE038;20.01.2024;9;1.0;903;46;764;46;139;48
TE038;20.01.2024;10;1.0;967;48;720;48;247;48
TE038;20.01.2024;11;1.0;1064;46;699;46;365;45
TE038;20.01.2024;12;1.0;1079;46;717;46;362;44
TE038;20.01.2024;13;1.0;1136;43;753;43;383;42
TE038;20.01.2024;14;1.0;1153;42;734;42;419;41
TE038;20.01.2024;15;1.0;998;46;671;46;327;45
TE038;20.01.2024;16;1.0;986;43;560;43;426;42
TE038;20.01.2024;17;1.0;949;46;627;47;322;45
TE038;20.01.2024;18;1.0;979;47;609;48;370;45
TE038;20.01.2024;19;1.0;875;48;565;48;310;47
TE038;20.01.2024;20;1.0;757;47;516;48;241;45
TE038;20.01.2024;21;1.0;688;48;481;49;207;47
TE038;20.01.2024;22;1.0;637;47;438;47;199;46
TE038;20.01.2024;23;1.0;512;49;314;50;198;48
TE038;21.01.2024;0;1.0;468;48;301;49;167;46
TE038;21.01.2024;1;1.0;318;50;204;50;114;48
TE038;21.01.2024;2;1.0;263;50;177;50;86;49
TE038;21.01.2024;3;1.0;173;52;116;53;57;51
TE038;21.01.2024;4;1.0;191;55;123;55;68;55
TE038;21.01.2024;5;1.0;238;54;161;56;77;51
TE038;21.01.2024;6;1.0;249;57;209;57;40;54
TE038;21.01.2024;7;1.0;249;58;212;59;37;52
TE038;21.01.2024;8;1.0;418;55;366;56;52;53
TE038;21.01.2024;9;1.0;787;49;654;50;133;48
TE038;21.01.2024;10;1.0;848;50;665;50;183;49
TE038;21.01.2024;11;1.0;945;50;768;50;177;48
TE038;21.01.2024;12;1.0;1016;44;782;45;234;44
TE038;21.01.2024;13;1.0;1047;47;753;47;294;45
TE038;21.01.2024;14;1.0;1009;45;745;44;264;45
TE038;21.01.2024;15;1.0;979;46;574;47;405;45
TE038;21.01.2024;16;1.0;955;47;556;47;399;46
TE038;21.01.2024;17;1.0;1006;44;685;44;321;44
TE038;21.01.2024;18;1.0;891;48;597;49;294;49
TE038;21.01.2024;19;1.0;799;50;432;51;367;48
TE038;21.01.2024;20;1.0;704;50;386;51;318;48
TE038;21.01.2024;21;1.0;607;49;293;50;314;48
TE038;21.01.2024;22;1.0;491;48;297;49;194;47
TE038;21.01.2024;23;1.0;313;51;177;53;136;48
TE038;22.01.2024;0;1.0;205;48;144;50;61;46
TE038;22.01.2024;1;1.0;155;48;133;49;22;44
TE038;22.01.2024;2;1.0;139;52;98;54;41;46
TE038;22.01.2024;3;1.0;151;50;101;51;50;48
TE038;22.01.2024;4;1.0;378;53;275;54;103;52
TE038;22.01.2024;5;1.0;853;49;756;49;97;49
TE038;22.01.2024;6;1.0;1143;43;953;44;190;43
TE038;22.01.2024;7;1.0;1134;43;743;44;391;42
TE038;22.01.2024;8;1.0;1104;41;749;41;355;42
TE038;22.01.2024;9;1.0;997;43;509;42;488;43
TE038;22.01.2024;10;1.0;985;42;720;43;265;41
TE038;22.01.2024;11;1.0;1024;45;838;45;186;43
TE038;22.01.2024;12;1.0;1075;43;752;45;323;41
TE038;22.01.2024;13;1.0;1124;44;754;45;370;43
TE038;22.01.2024;14;1.0;1101;44;669;45;432;44
TE038;22.01.2024;15;1.0;1112;45;767;45;345;43
TE038;22.01.2024;16;1.0;1037;43;638;44;399;42
TE038;22.01.2024;17;1.0;1012;43;771;44;241;40
TE038;22.01.2024;18;1.0;868;44;550;44;318;44
TE038;22.01.2024;19;1.0;738;46;694;46;44;45
TE038;22.01.2024;20;1.0;623;49;441;50;182;46
TE038;22.01.2024;21;1.0;577;49;364;49;213;50
TE038;22.01.2024;22;1.0;455;51;387;51;68;48
TE038;22.01.2024;23;1.0;266;50;156;52;110;49
TE038;23.01.2024;0;1.0;207;51;153;52;54;50
TE038;23.01.2024;1;1.0;151;51;106;52;45;50
TE038;23.01.2024;2;1.0;118;48;95;48;23;49
TE038;23.01.2024;3;1.0;168;54;140;55;28;50
TE038;23.01.2024;4;1.0;312;52;234;53;78;49
TE038;23.01.2024;5;1.0;846;48;596;49;250;46
TE038;23.01.2024;6;1.0;1113;44;953;44;160;42
TE038;23.01.2024;7;1.0;1156;36;960;36;196;36
TE038;23.01.2024;8;1.0;1082;42;732;41;350;42
TE038;23.01.2024;9;1.0;1081;42;674;43;407;41
TE038;23.01.2024;10;1.0;1118;39;767;40;351;38
TE038;23.01.2024;11;1.0;826;29;496;27;330;32
TE038;23.01.2024;12;1.0;1142;42;693;42;449;41
TE038;23.01.2024;13;1.0;1121;42;707;44;414;39
TE038;23.01.2024;14;1.0;1076;43;573;43;503;43
TE038;23.01.2024;15;1.0;1111;40;657;39;454;39
TE038;23.01.2024;16;1.0;1064;44;609;45;455;43
TE038;23.01.2024;17;1.0;1067;43;684;44;383;42
TE038;23.01.2024;18;1.0;1028;42;645;43;383;40
TE038;23.01.2024;19;1.0;874;44;533;44;341;42
TE038;23.01.2024;20;1.0;677;47;388;48;289;46
TE038;23.01.2024;21;1.0;611;48;367;49;244;46
TE038;23.01.2024;22;1.0;433;51;288;53;145;47
TE038;23.01.2024;23;1.0;310;53;199;55;111;49
TE038;24.01.2024;0;1.0;303;66;105;61;198;68
TE038;24.01.2024;1;1.0;135;59;51;55;84;62
TE038;24.01.2024;2;1.0;161;52;80;53;81;50
TE038;24.01.2024;3;1.0;179;52;124;53;55;49
TE038;24.01.2024;4;1.0;381;54;330;54;51;56
TE038;24.01.2024;5;1.0;955;48;837;48;118;48
TE038;24.01.2024;6;1.0;1176;42;1027;42;149;40
TE038;24.01.2024;7;1.0;1175;40;905;40;270;39
TE038;24.01.2024;8;1.0;1153;42;982;43;171;40
TE038;24.01.2024;9;1.0;1182;39;973;38;209;40
TE038;24.01.2024;10;1.0;1071;44;944;44;127;42
TE038;24.01.2024;11;1.0;1117;43;831;44;286;42
TE038;24.01.2024;12;1.0;1122;43;617;44;505;41
TE038;24.01.2024;13;1.0;1129;42;497;43;632;41
TE038;24.01.2024;14;1.0;1108;40;603;41;505;40
TE038;24.01.2024;15;1.0;1152;41;668;44;484;38
TE038;24.01.2024;16;1.0;1149;45;691;46;458;43
TE038;24.01.2024;17;1.0;1105;44;655;46;450;40
TE038;24.01.2024;18;1.0;1089;42;736;44;353;40
TE038;24.01.2024;19;1.0;872;45;515;46;357;43
TE038;24.01.2024;20;1.0;818;48;486;49;332;46
TE038;24.01.2024;21;1.0;661;49;441;49;220;47
TE038;24.01.2024;22;1.0;479;51;313;50;166;50
TE038;24.01.2024;23;1.0;354;50;191;53;163;47
TE038;25.01.2024;0;1.0;245;45;105;54;140;38
TE039;01.01.2024;0;1.0;227;50;221;50;6;59
TE039;01.01.2024;1;1.0;564;46;556;46;8;48
TE039;01.01.2024;2;1.0;574;45;573;45;1;47
TE039;01.01.2024;3;1.0;421;48;406;48;15;54
TE039;01.01.2024;4;1.0;335;48;329;49;6;48
TE039;01.01.2024;5;1.0;291;48;283;48;8;49
TE039;01.01.2024;6;1.0;236;50;230;50;6;50
TE039;01.01.2024;7;1.0;218;50;207;50;11;52
TE039;01.01.2024;8;1.0;174;51;170;51;4;46
TE039;01.01.2024;9;1.0;176;46;170;46;6;45
TE039;01.01.2024;10;1.0;242;43;225;43;17;45
TE039;01.01.2024;11;1.0;381;41;368;41;13;42
TE039;01.01.2024;12;1.0;536;45;508;45;28;42
TE039;01.01.2024;13;1.0;693;43;651;43;42;43
TE039;01.01.2024;14;1.0;790;43;761;43;29;43
TE039;01.01.2024;15;1.0;830;43;812;43;18;41
TE039;01.01.2024;16;1.0;843;43;826;43;17;43
TE039;01.01.2024;17;1.0;868;42;863;42;5;43
TE039;01.01.2024;18;1.0;607;46;595;46;12;49
TE039;01.01.2024;19;1.0;705;41;693;41;12;42
TE039;01.01.2024;20;1.0;641;44;625;44;16;44
TE039;01.01.2024;21;1.0;519;43;514;43;5;46
TE039;01.01.2024;22;1.0;418;44;412;44;6;44
TE039;01.01.2024;23;1.0;303;47;293;47;10;48
TE039;02.01.2024;0;1.0;217;49;209;50;8;47
TE039;02.01.2024;1;1.0;147;51;145;51;2;47
TE039;02.01.2024;2;1.0;137;51;129;50;8;52
TE039;02.01.2024;3;1.0;117;47;108;48;9;42
TE039;02.01.2024;4;1.0;185;47;154;47;31;45
TE039;02.01.2024;5;1.0;392;47;359;46;33;46
TE039;02.01.2024;6;1.0;606;40;568;40;38;39
TE039;02.01.2024;7;1.0;754;42;712;42;42;43
TE039;02.01.2024;8;1.0;785;42;760;42;25;42
TE039;02.01.2024;9;1.0;833;46;791;46;42;46
TE039;02.01.2024;10;1.0;897;44;850;44;47;46
TE039;02.01.2024;11;1.0;886;40;834;40;52;42
TE039;02.01.2024;12;1.0;984;42;928;42;56;42
TE039;02.01.2024;13;1.0;1074;42;1025;42;49;43
TE039;02.01.2024;14;1.0;1146;42;1118;42;28;42
TE039;02.01.2024;15;1.0;1110;40;1078;40;32;41
TE039;02.01.2024;16;1.0;1076;43;1060;43;16;41
TE039;02.01.2024;17;1.0;768;43;748;43;20;41
TE039;02.01.2024;18;1.0;985;45;968;45;17;44
TE039;02.01.2024;19;1.0;876;45;859;45;17;47
TE039;02.01.2024;20;1.0;710;46;694;46;16;45
TE039;02.01.2024;21;1.0;589;45;566;45;23;46
TE039;02.01.2024;22;1.0;507;47;468;47;39;47
TE039;02.01.2024;23;1.0;347;49;306;49;41;49
TE039;03.01.2024;0;1.0;156;48;133;49;23;46
TE039;03.01.2024;1;1.0;73;47;65;47;8;44
TE039;03.01.2024;2;1.0;68;48;65;48;3;47
TE039;03.01.2024;3;1.0;63;46;51;47;12;43
TE039;03.01.2024;4;1.0;117;47;97;47;20;48
TE039;03.01.2024;5;1.0;201;47;189;47;12;47
TE039;03.01.2024;6;1.0;317;45;295;45;22;45
TE039;03.01.2024;7;1.0;352;38;331;38;22;38
TE039;03.01.2024;8;1.0;372;37;355;37;17;39
TE039;03.01.2024;9;1.0;412;41;387;41;25;42
TE039;03.01.2024;10;1.0;397;42;365;42;32;43
TE039;03.01.2024;11;1.0;414;42;385;42;29;41
TE039;03.01.2024;12;1.0;452;42;420;42;32;41
TE039;03.01.2024;13;1.0;451;42;435;42;16;44
TE039;03.01.2024;14;1.0;535;42;525;42;10;41
TE039;03.01.2024;15;1.0;465;42;459;42;6;43
TE039;03.01.2024;16;1.0;539;38;524;38;15;37
TE039;03.01.2024;17;1.0;499;41;494;41;5;40
TE039;03.01.2024;18;1.0;454;43;450;43;4;42
TE039;03.01.2024;19;1.0;408;44;403;44;5;43
TE039;03.01.2024;20;1.0;489;43;472;43;17;43
TE039;03.01.2024;21;1.0;580;46;512;46;68;46
TE039;03.01.2024;22;1.0;534;45;437;45;97;46
TE039;03.01.2024;23;1.0;357;46;307;46;50;48
TE039;04.01.2024;0;1.0;271;49;243;49;28;51
TE039;04.01.2024;1;1.0;201;49;167;48;34;51
TE039;04.01.2024;2;1.0;151;51;133;52;18;46
TE039;04.01.2024;3;1.0;104;49;85;49;19;45
TE039;04.01.2024;4;1.0;180;54;159;54;21;53
TE039;04.01.2024;5;1.0;417;48;400;48;17;48
TE039;04.01.2024;6;1.0;698;48;667;48;31;50
TE039;04.01.2024;7;1.0;779;45;740;45;39;46
TE039;04.01.2024;8;1.0;979;43;895;43;84;44
TE039;04.01.2024;9;1.0;962;44;852;43;110;44
TE039;04.01.2024;10;1.0;983;41;911;41;72;42
TE039;04.01.2024;11;1.0;980;42;857;42;123;43
TE039;04.01.2024;12;1.0;1049;41;925;41;124;41
TE039;04.01.2024;13;1.0;1033;41;970;41;63;41
TE039;04.01.2024;14;1.0;1151;42;1110;42;41;43
TE039;04.01.2024;15;1.0;1185;38;1093;38;92;37
TE039;04.01.2024;16;1.0;1038;37;972;37;66;34
TE039;04.01.2024;17;1.0;1073;39;1029;39;44;38
TE039;04.01.2024;18;1.0;1057;43;1022;43;35;43
TE039;04.01.2024;19;1.0;965;44;935;44;30;43
TE039;04.01.2024;20;1.0;723;47;703;47;20;48
TE039;04.01.2024;21;1.0;584;49;566;49;18;49
TE039;04.01.2024;22;1.0;607;47;583;47;24;47
TE039;04.01.2024;23;1.0;373;51;356;50;17;53
TE039;05.01.2024;0;1.0;285;53;267;53;18;52
TE039;05.01.2024;1;1.0;186;55;162;55;24;55
TE039;05.01.2024;2;1.0;161;54;138;53;23;57
TE039;05.01.2024;3;1.0;167;57;125;56;42;58
TE039;05.01.2024;4;1.0;238;53;184;52;54;52
TE039;05.01.2024;5;1.0;420;54;363;54;57;53
TE039;05.01.2024;6;1.0;669;47;589;47;80;48
TE039;05.01.2024;7;1.0;798;45;694;45;104;46
TE039;05.01.2024;8;1.0;813;46;770;46;43;47
TE039;05.01.2024;9;1.0;954;45;931;45;23;45
TE039;05.01.2024;10;1.0;993;46;915;45;78;45
TE039;05.01.2024;11;1.0;1014;44;963;44;51;45
TE039;05.01.2024;12;1.0;1097;44;997;44;100;44
TE039;05.01.2024;13;1.0;1112;43;1039;43;73;45
TE039;05.01.2024;14;1.0;1195;42;1145;42;50;43
TE039;05.01.2024;15;1.0;1137;41;1102;40;35;43
TE039;05.01.2024;16;1.0;1106;42;1071;42;35;42
TE039;05.01.2024;17;1.0;1102;44;1073;44;29;44
TE039;05.01.2024;18;1.0;1029;44;1013;44;16;44
TE039;05.01.2024;19;1.0;955;44;941;44;14;45
TE039;05.01.2024;20;1.0;762;48;756;48;6;49
TE039;05.01.2024;21;1.0;683;49;677;49;6;50
TE039;05.01.2024;22;1.0;601;49;576;49;25;47
TE039;05.01.2024;23;1.0;479;50;474;50;5;50
TE039;06.01.2024;0;1.0;359;51;350;51;9;60
TE039;06.01.2024;1;1.0;265;52;246;51;19;63
TE039;06.01.2024;2;1.0;177;49;167;49;10;48
TE039;06.01.2024;3;1.0;179;54;154;55;25;55
TE039;06.01.2024;4;1.0;178;55;149;55;29;55
TE039;06.01.2024;5;1.0;243;51;207;51;36;53
TE039;06.01.2024;6;1.0;254;51;223;51;31;52
TE039;06.01.2024;7;1.0;273;49;245;49;28;51
TE039;06.01.2024;8;1.0;425;47;400;48;25;45
TE039;06.01.2024;9;1.0;687;44;633;44;54;45
TE039;06.01.2024;10;1.0;805;44;775;44;30;43
TE039;06.01.2024;11;1.0;920;42;895;42;25;43
TE039;06.01.2024;12;1.0;1045;43;1018;43;27;42
TE039;06.01.2024;13;1.0;1081;42;1051;42;30;42
TE039;06.01.2024;14;1.0;1138;43;1116;43;22;42
TE039;06.01.2024;15;1.0;1052;43;1045;43;7;44
TE039;06.01.2024;16;1.0;946;45;937;45;9;45
TE039;06.01.2024;17;1.0;968;39;946;39;22;32
TE039;06.01.2024;18;1.0;992;44;982;44;10;44
TE039;06.01.2024;19;1.0;887;46;879;46;8;46
TE039;06.01.2024;20;1.0;777;46;768;46;9;49
TE039;06.01.2024;21;1.0;679;48;672;48;7;49
TE039;06.01.2024;22;1.0;639;48;630;48;9;47
TE039;06.01.2024;23;1.0;504;49;501;49;3;55
TE039;07.01.2024;0;1.0;419;49;418;49;1;44
TE039;07.01.2024;1;1.0;315;49;312;49;3;53
TE039;07.01.2024;2;1.0;253;50;252;50;1;53
TE039;07.01.2024;3;1.0;194;48;185;48;9;47
TE039;07.01.2024;4;1.0;126;46;120;46;6;48
TE039;07.01.2024;5;1.0;164;48;153;48;11;49
TE039;07.01.2024;6;1.0;172;49;162;49;10;50
TE039;07.01.2024;7;1.0;176;51;169;51;7;50
TE039;07.01.2024;8;1.0;228;50;220;50;8;49
TE039;07.01.2024;9;1.0;365;47;363;46;2;52
TE039;07.01.2024;10;1.0;542;46;535;46;7;46
TE039;07.01.2024;11;1.0;647;46;641;46;6;46
TE039;07.01.2024;12;1.0;798;44;796;44;2;48
TE039;07.01.2024;13;1.0;882;46;870;46;12;49
TE039;07.01.2024;14;1.0;985;46;980;46;5;44
TE039;07.01.2024;15;1.0;958;45;957;45;1;43
TE039;07.01.2024;16;1.0;980;46;975;46;5;44
TE039;07.01.2024;17;1.0;905;43;900;43;5;39
TE039;07.01.2024;18;1.0;962;45;955;45;7;48
TE039;07.01.2024;19;1.0;768;47;762;47;6;46
TE039;07.01.2024;20;1.0;734;46;728;46;6;46
TE039;07.01.2024;21;1.0;647;42;642;42;5;40
TE039;07.01.2024;22;1.0;510;44;509;44;1;44
TE039;07.01.2024;23;1.0;338;46;337;46;1;42
TE039;08.01.2024;0;1.0;238;46;228;45;10;44
TE039;08.01.2024;1;1.0;174;46;160;46;14;46
TE039;08.01.2024;2;1.0;127;47;116;47;11;47
TE039;08.01.2024;3;1.0;136;49;111;49;25;48
TE039;08.01.2024;4;1.0;211;49;172;48;39;49
TE039;08.01.2024;5;1.0;426;42;381;42;45;42
TE039;08.01.2024;6;1.0;773;41;718;41;55;40
TE039;08.01.2024;7;1.0;930;39;867;39;63;39
TE039;08.01.2024;8;1.0;999;40;960;39;39;41
TE039;08.01.2024;9;1.0;922;40;875;39;47;40
TE039;08.01.2024;10;1.0;942;40;899;40;43;40
TE039;08.01.2024;11;1.0;932;39;868;39;64;39
TE039;08.01.2024;12;1.0;954;38;895;38;59;38
TE039;08.01.2024;13;1.0;1083;37;1036;37;47;37
TE039;08.01.2024;14;1.0;1091;33;1058;33;33;34
TE039;08.01.2024;15;1.0;660;13;604;13;56;14
TE039;08.01.2024;16;1.0;826;27;803;27;23;23
TE039;08.01.2024;17;1.0;1072;36;1045;36;27;37
TE039;08.01.2024;18;1.0;1062;37;1043;37;19;38
TE039;08.01.2024;19;1.0;872;38;856;38;16;37
TE039;08.01.2024;20;1.0;637;41;629;41;8;41
TE039;08.01.2024;21;1.0;574;42;561;42;13;42
TE039;08.01.2024;22;1.0;521;42;517;42;4;36
TE039;08.01.2024;23;1.0;333;45;326;45;7;44
TE039;09.01.2024;0;1.0;192;45;182;45;10;46
TE039;09.01.2024;1;1.0;169;46;161;46;8;51
TE039;09.01.2024;2;1.0;119;45;106;45;13;45
TE039;09.01.2024;3;1.0;145;47;123;47;22;46
TE039;09.01.2024;4;1.0;226;47;191;48;35;47
TE039;09.01.2024;5;1.0;405;47;371;47;34;47
TE039;09.01.2024;6;1.0;847;42;800;42;47;42
TE039;09.01.2024;7;1.0;983;40;950;40;33;41
TE039;09.01.2024;8;1.0;932;42;890;42;42;43
TE039;09.01.2024;9;1.0;980;43;952;43;28;44
TE039;09.01.2024;10;1.0;1003;42;956;42;47;41
TE039;09.01.2024;11;1.0;1026;42;974;42;52;42
TE039;09.01.2024;12;1.0;1067;39;982;39;85;38
TE039;09.01.2024;13;1.0;1083;39;1009;39;74;40
TE039;09.01.2024;14;1.0;1194;38;1157;38;37;40
TE039;09.01.2024;15;1.0;1186;35;1154;35;32;35
TE039;09.01.2024;16;1.0;1059;32;1018;32;41;32
TE039;09.01.2024;17;1.0;1138;37;1124;37;14;38
TE039;09.01.2024;18;1.0;1149;37;1121;37;28;38
TE039;09.01.2024;19;1.0;1001;39;996;39;5;41
TE039;09.01.2024;20;1.0;698;41;691;41;7;40
TE039;09.01.2024;21;1.0;627;43;616;43;11;43
TE039;09.01.2024;22;1.0;574;44;561;44;13;44
TE039;09.01.2024;23;1.0;363;44;356;44;7;44
TE039;10.01.2024;0;1.0;220;45;216;45;4;43
TE039;10.01.2024;1;1.0;131;46;121;46;10;43
TE039;10.01.2024;2;1.0;124;46;109;46;15;45
TE039;10.01.2024;3;1.0;145;49;113;49;32;51
TE039;10.01.2024;4;1.0;246;52;217;52;29;50
TE039;10.01.2024;5;1.0;495;46;464;46;31;48
TE039;10.01.2024;6;1.0;877;43;840;43;37;43
TE039;10.01.2024;7;1.0;973;42;944;42;29;43
TE039;10.01.2024;8;1.0;983;40;954;40;29;40
TE039;10.01.2024;9;1.0;834;37;805;37;29;39
TE039;10.01.2024;10;1.0;666;38;623;38;43;39
TE039;10.01.2024;11;1.0;903;41;839;41;64;41
TE039;10.01.2024;12;1.0;1078;38;977;39;101;37
TE039;10.01.2024;13;1.0;1043;39;993;39;50;39
TE039;10.01.2024;14;1.0;1170;38;1006;39;164;39
TE039;10.01.2024;15;1.0;1130;33;1012;33;118;33
TE039;10.01.2024;16;1.0;1097;35;1027;35;70;33
TE039;10.01.2024;17;1.0;1098;34;1069;34;29;33
TE039;10.01.2024;18;1.0;1127;37;1116;37;11;37
TE039;10.01.2024;19;1.0;1094;39;1076;39;18;38
TE039;10.01.2024;20;1.0;764;44;753;44;11;44
TE039;10.01.2024;21;1.0;688;44;681;44;7;43
TE039;10.01.2024;22;1.0;655;45;640;45;15;46
TE039;10.01.2024;23;1.0;451;46;441;46;10;47
TE039;11.01.2024;0;1.0;257;43;245;43;12;41
TE039;11.01.2024;1;1.0;157;45;151;46;6;41
TE039;11.01.2024;2;1.0;118;57;110;57;8;55
TE039;11.01.2024;3;1.0;156;54;128;55;28;52
TE039;11.01.2024;4;1.0;267;54;211;53;56;56
TE039;11.01.2024;5;1.0;478;53;470;53;8;54
TE039;11.01.2024;6;1.0;830;49;816;49;14;48
TE039;11.01.2024;7;1.0;904;47;878;47;26;46
TE039;11.01.2024;8;1.0;901;41;820;41;82;40
TE039;11.01.2024;9;1.0;900;46;882;46;18;44
TE039;11.01.2024;10;1.0;831;46;799;46;32;46
TE039;11.01.2024;11;1.0;1055;43;938;43;117;41
TE039;11.01.2024;12;1.0;1101;44;1033;44;68;42
TE039;11.01.2024;13;1.0;1025;43;984;43;41;42
TE039;11.01.2024;14;1.0;1162;42;1075;42;87;44
TE039;11.01.2024;15;1.0;1154;33;1099;33;55;32
TE039;11.01.2024;16;1.0;827;21;792;21;35;18
TE039;11.01.2024;17;1.0;942;25;908;24;34;23
TE039;11.01.2024;18;1.0;1026;38;1014;38;12;26
TE039;11.01.2024;19;1.0;1051;43;1049;43;2;45
TE039;11.01.2024;20;1.0;879;47;874;47;5;45
TE039;11.01.2024;21;1.0;657;48;651;48;6;47
TE039;11.01.2024;22;1.0;661;49;652;49;9;50
TE039;11.01.2024;23;1.0;451;49;443;49;8;50
TE039;12.01.2024;0;1.0;276;51;247;51;29;52
TE039;12.01.2024;1;1.0;203;53;192;53;11;61
TE039;12.01.2024;2;1.0;145;55;144;55;1;50
TE039;12.01.2024;3;1.0;167;56;151;55;16;58
TE039;12.01.2024;4;1.0;222;56;214;56;8;54
TE039;12.01.2024;5;1.0;467;52;453;52;14;53
TE039;12.01.2024;6;1.0;791;45;769;45;22;45
TE039;12.01.2024;7;1.0;928;45;910;45;18;43
TE039;12.01.2024;8;1.0;943;44;929;44;14;46
TE039;12.01.2024;9;1.0;986;44;966;44;20;45
TE039;12.01.2024;10;1.0;987;42;966;42;21;43
TE039;12.01.2024;11;1.0;1087;42;1045;42;42;41
TE039;12.01.2024;12;1.0;1143;43;1097;42;46;43
TE039;12.01.2024;13;1.0;1144;41;1112;41;32;41
TE039;12.01.2024;14;1.0;1121;36;1092;36;29;36
TE039;12.01.2024;15;1.0;1131;37;1110;37;21;36
TE039;12.01.2024;16;1.0;1074;40;1055;40;19;40
TE039;12.01.2024;17;1.0;956;41;946;41;10;39
TE039;12.01.2024;18;1.0;1086;40;1079;40;7;41
TE039;12.01.2024;19;1.0;1056;45;1053;45;3;47
TE039;12.01.2024;20;1.0;803;46;799;46;4;46
TE039;12.01.2024;21;1.0;710;48;693;48;17;47
TE039;12.01.2024;22;1.0;707;47;690;47;17;51
TE039;12.01.2024;23;1.0;525;49;513;49;12;53
TE039;13.01.2024;0;1.0;396;51;377;51;19;52
TE039;13.01.2024;1;1.0;270;51;236;51;34;56
TE039;13.01.2024;2;1.0;229;53;179;52;50;55
TE039;13.01.2024;3;1.0;155;53;129;52;26;58
TE039;13.01.2024;4;1.0;190;52;154;52;36;54
TE039;13.01.2024;5;1.0;221;52;216;52;5;49
TE039;13.01.2024;6;1.0;322;50;311;50;11;53
TE039;13.01.2024;7;1.0;335;49;295;49;40;50
TE039;13.01.2024;8;1.0;508;46;448;45;60;47
TE039;13.01.2024;9;1.0;654;46;583;45;71;47
TE039;13.01.2024;10;1.0;770;44;708;44;62;45
TE039;13.01.2024;11;1.0;973;43;840;43;133;43
TE039;13.01.2024;12;1.0;1035;43;967;43;68;44
TE039;13.01.2024;13;1.0;1156;43;1055;43;101;42
TE039;13.01.2024;14;1.0;1146;43;993;42;153;44
TE039;13.01.2024;15;1.0;994;43;896;43;98;43
TE039;13.01.2024;16;1.0;950;44;905;44;45;45
TE039;13.01.2024;17;1.0;987;44;914;44;73;45
TE039;13.01.2024;18;1.0;1011;44;940;43;71;46
TE039;13.01.2024;19;1.0;904;47;847;47;57;47
TE039;13.01.2024;20;1.0;751;47;695;46;56;49
TE039;13.01.2024;21;1.0;711;48;681;48;30;49
TE039;13.01.2024;22;1.0;647;48;537;49;110;46
TE039;13.01.2024;23;1.0;537;49;495;49;42;51
TE039;14.01.2024;0;1.0;448;49;423;49;25;49
TE039;14.01.2024;1;1.0;335;51;301;51;34;53
TE039;14.01.2024;2;1.0;218;52;177;51;41;53
TE039;14.01.2024;3;1.0;134;48;125;48;9;48
TE039;14.01.2024;4;1.0;155;52;131;52;24;52
TE039;14.01.2024;5;1.0;142;54;132;54;10;56
TE039;14.01.2024;6;1.0;151;52;131;52;20;54
TE039;14.01.2024;7;1.0;185;51;162;51;23;51
TE039;14.01.2024;8;1.0;256;52;241;52;15;54
TE039;14.01.2024;9;1.0;404;49;369;50;35;50
TE039;14.01.2024;10;1.0;595;48;491;47;104;49
TE039;14.01.2024;11;1.0;715;45;670;45;45;46
TE039;14.01.2024;12;1.0;884;45;882;45;2;48
TE039;14.01.2024;13;1.0;933;45;927;45;6;45
TE039;14.01.2024;14;1.0;981;43;905;43;76;43
TE039;14.01.2024;15;1.0;966;42;912;42;54;42
TE039;14.01.2024;16;1.0;999;43;954;43;45;46
TE039;14.01.2024;17;1.0;963;46;927;46;36;47
TE039;14.01.2024;18;1.0;939;45;923;45;16;48
TE039;14.01.2024;19;1.0;847;46;817;46;30;46
TE039;14.01.2024;20;1.0;681;49;636;49;45;48
TE039;14.01.2024;21;1.0;585;47;569;47;16;47
TE039;14.01.2024;22;1.0;483;47;460;47;23;47
TE039;14.01.2024;23;1.0;326;52;321;52;5;56
TE039;15.01.2024;0;1.0;225;51;202;50;23;52
TE039;15.01.2024;1;1.0;130;52;123;52;7;55
TE039;15.01.2024;2;1.0;114;54;107;54;7;54
TE039;15.01.2024;3;1.0;129;48;119;48;9;54
TE039;15.01.2024;4;1.0;199;52;166;52;33;52
TE039;15.01.2024;5;1.0;435;50;413;50;22;51
TE039;15.01.2024;6;1.0;788;47;745;47;43;49
TE039;15.01.2024;7;1.0;938;44;911;44;27;45
TE039;15.01.2024;8;1.0;985;42;958;42;27;37
TE039;15.01.2024;9;1.0;911;39;866;39;45;37
TE039;15.01.2024;10;1.0;884;40;823;40;60;39
TE039;15.01.2024;11;1.0;1020;43;739;42;281;44
TE039;15.01.2024;12;1.0;1056;44;1016;44;40;44
TE039;15.01.2024;13;1.0;1065;41;1039;41;26;42
TE039;15.01.2024;14;1.0;1193;39;1149;39;44;41
TE039;15.01.2024;15;1.0;1024;27;989;26;35;28
TE039;15.01.2024;16;1.0;1009;36;977;36;32;33
TE039;15.01.2024;17;1.0;1166;40;1129;40;37;41
TE039;15.01.2024;18;1.0;1082;43;1064;43;18;40
TE039;15.01.2024;19;1.0;915;45;908;45;7;45
TE039;15.01.2024;20;1.0;683;48;671;48;12;48
TE039;15.01.2024;21;1.0;527;48;520;48;7;48
TE039;15.01.2024;22;1.0;553;51;547;51;6;50
TE039;15.01.2024;23;1.0;311;49;304;49;7;48
TE039;16.01.2024;0;1.0;207;53;201;53;6;53
TE039;16.01.2024;1;1.0;158;52;155;52;3;53
TE039;16.01.2024;2;1.0;108;42;94;42;14;44
TE039;16.01.2024;3;1.0;159;46;142;47;17;41
TE039;16.01.2024;4;1.0;219;45;196;45;23;45
TE039;16.01.2024;5;1.0;447;49;436;49;11;47
TE039;16.01.2024;6;1.0;752;46;722;46;30;45
TE039;16.01.2024;7;1.0;807;45;789;45;18;44
TE039;16.01.2024;8;1.0;977;46;959;46;18;45
TE039;16.01.2024;9;1.0;951;44;935;44;16;47
TE039;16.01.2024;10;1.0;850;47;834;47;16;47
TE039;16.01.2024;11;1.0;1021;45;971;45;50;45
TE039;16.01.2024;12;1.0;1028;44;976;44;52;43
TE039;16.01.2024;13;1.0;1049;44;982;44;67;44
TE039;16.01.2024;14;1.0;1201;43;1155;42;46;43
TE039;16.01.2024;15;1.0;1135;36;1089;36;46;43
TE039;16.01.2024;16;1.0;997;32;977;32;20;35
TE039;16.01.2024;17;1.0;1037;43;1030;43;7;42
TE039;16.01.2024;18;1.0;1033;43;1024;43;9;42
TE039;16.01.2024;19;1.0;922;43;917;43;5;42
TE039;16.01.2024;20;1.0;738;48;735;48;3;48
TE039;16.01.2024;21;1.0;548;48;543;47;5;49
TE039;16.01.2024;22;1.0;582;46;570;46;12;46
TE039;16.01.2024;23;1.0;377;45;361;45;16;47
TE039;17.01.2024;0;1.0;249;45;229;45;20;45
TE039;17.01.2024;1;1.0;172;47;156;47;16;48
TE039;17.01.2024;2;1.0;130;47;114;47;16;48
TE039;17.01.2024;3;1.0;133;48;118;48;15;49
TE039;17.01.2024;4;1.0;248;46;200;46;48;47
TE039;17.01.2024;5;1.0;448;44;428;44;20;43
TE039;17.01.2024;6;1.0;837;42;797;42;40;41
TE039;17.01.2024;7;1.0;934;40;888;41;46;40
TE039;17.01.2024;8;1.0;1033;39;994;39;39;39
TE039;17.01.2024;9;1.0;985;42;936;42;49;43
TE039;17.01.2024;10;1.0;794;42;682;41;112;42
TE039;17.01.2024;11;1.0;993;41;814;41;179;41
TE039;17.01.2024;12;1.0;1088;41;972;40;116;41
TE039;17.01.2024;13;1.0;1048;41;986;41;62;41
TE039;17.01.2024;14;1.0;1266;40;1216;40;50;41
TE039;17.01.2024;15;1.0;1174;35;1136;34;38;34
TE039;17.01.2024;16;1.0;1050;37;987;37;63;40
TE039;17.01.2024;17;1.0;1089;39;1061;39;28;42
TE039;17.01.2024;18;1.0;1073;41;1014;41;59;43
TE039;17.01.2024;19;1.0;998;45;986;45;12;46
TE039;17.01.2024;20;1.0;732;47;727;47;5;44
TE039;17.01.2024;21;1.0;588;49;559;49;29;49
TE039;17.01.2024;22;1.0;550;51;509;50;41;51
TE039;17.01.2024;23;1.0;419;49;390;49;29;50
TE039;18.01.2024;0;1.0;230;53;214;53;16;52
TE039;18.01.2024;1;1.0;191;51;183;51;8;52
TE039;18.01.2024;2;1.0;142;53;137;53;5;53
TE039;18.01.2024;3;1.0;146;54;134;55;12;54
TE039;18.01.2024;4;1.0;276;52;226;52;50;51
TE039;18.01.2024;5;1.0;470;50;423;50;47;51
TE039;18.01.2024;6;1.0;852;47;804;47;48;47
TE039;18.01.2024;7;1.0;1020;45;964;45;56;43
TE039;18.01.2024;8;1.0;997;42;928;41;69;43
TE039;18.01.2024;9;1.0;992;45;925;45;67;45
TE039;18.01.2024;10;1.0;1070;43;919;43;151;43
TE039;18.01.2024;11;1.0;1095;43;963;43;132;45
TE039;18.01.2024;12;1.0;1099;39;966;39;133;40
TE039;18.01.2024;13;1.0;994;39;952;39;42;40
TE039;18.01.2024;14;1.0;1209;37;1152;37;57;37
TE039;18.01.2024;15;1.0;1233;35;1189;35;44;31
TE039;18.01.2024;16;1.0;1120;30;1094;30;26;28
TE039;18.01.2024;17;1.0;945;41;907;41;38;40
TE039;18.01.2024;18;1.0;1094;38;1072;38;22;37
TE039;18.01.2024;19;1.0;1011;41;1004;41;7;41
TE039;18.01.2024;20;1.0;866;41;861;41;5;42
TE039;18.01.2024;21;1.0;693;43;679;43;14;45
TE039;18.01.2024;22;1.0;627;43;616;43;11;41
TE039;18.01.2024;23;1.0;430;44;427;44;3;46
TE039;19.01.2024;0;1.0;246;45;241;45;5;41
TE039;19.01.2024;1;1.0;147;48;140;48;7;47
TE039;19.01.2024;2;1.0;150;49;144;49;6;46
TE039;19.01.2024;3;1.0;159;50;143;50;16;47
TE039;19.01.2024;4;1.0;213;48;185;49;28;48
TE039;19.01.2024;5;1.0;452;47;429;47;23;46
TE039;19.01.2024;6;1.0;764;42;735;42;29;43
TE039;19.01.2024;7;1.0;958;42;924;42;34;42
TE039;19.01.2024;8;1.0;990;40;955;40;35;42
TE039;19.01.2024;9;1.0;1049;41;1001;41;48;41
TE039;19.01.2024;10;1.0;1011;41;854;41;157;41
TE039;19.01.2024;11;1.0;1117;39;1018;39;99;39
TE039;19.01.2024;12;1.0;1155;38;1055;38;100;37
TE039;19.01.2024;13;1.0;1126;39;1062;39;64;40
TE039;19.01.2024;14;1.0;1203;37;1157;37;46;35
TE039;19.01.2024;15;1.0;1069;34;1032;34;37;29
TE039;19.01.2024;16;1.0;1083;39;1065;39;18;38
TE039;19.01.2024;17;1.0;1070;41;1032;41;38;41
TE039;19.01.2024;18;1.0;1092;41;1074;41;18;40
TE039;19.01.2024;19;1.0;1033;40;1018;40;15;40
TE039;19.01.2024;20;1.0;858;41;844;41;14;41
TE039;19.01.2024;21;1.0;700;42;692;42;8;44
TE039;19.01.2024;22;1.0;690;44;688;44;2;46
TE039;19.01.2024;23;1.0;563;43;555;43;8;42
TE039;20.01.2024;0;1.0;415;45;399;45;16;46
TE039;20.01.2024;1;1.0;314;47;305;47;9;47
TE039;20.01.2024;2;1.0;208;49;200;49;8;49
TE039;20.01.2024;3;1.0;187;48;176;48;11;47
TE039;20.01.2024;4;1.0;209;50;197;50;12;49
TE039;20.01.2024;5;1.0;251;49;231;49;20;49
TE039;20.01.2024;6;1.0;273;47;255;47;18;47
TE039;20.01.2024;7;1.0;385;44;375;44;10;46
TE039;20.01.2024;8;1.0;555;44;514;44;41;43
TE039;20.01.2024;9;1.0;749;44;725;44;24;41
TE039;20.01.2024;10;1.0;833;44;725;44;108;44
TE039;20.01.2024;11;1.0;942;43;830;43;112;43
TE039;20.01.2024;12;1.0;1080;41;1042;41;38;38
TE039;20.01.2024;13;1.0;1161;38;1089;38;72;35
TE039;20.01.2024;14;1.0;1087;36;1046;36;41;34
TE039;20.01.2024;15;1.0;1008;42;980;42;28;40
TE039;20.01.2024;16;1.0;976;41;959;41;17;42
TE039;20.01.2024;17;1.0;998;40;982;40;16;39
TE039;20.01.2024;18;1.0;1036;41;1019;41;17;40
TE039;20.01.2024;19;1.0;913;42;833;42;80;45
TE039;20.01.2024;20;1.0;851;42;838;42;13;41
TE039;20.01.2024;21;1.0;754;43;749;43;5;42
TE039;20.01.2024;22;1.0;676;43;666;43;10;42
TE039;20.01.2024;23;1.0;519;42;517;42;2;46
TE039;21.01.2024;0;1.0;486;43;478;43;8;42
TE039;21.01.2024;1;1.0;358;43;353;43;5;41
TE039;21.01.2024;2;1.0;248;48;247;48;1;50
TE039;21.01.2024;3;1.0;177;49;172;49;5;54
TE039;21.01.2024;4;1.0;140;51;138;51;2;52
TE039;21.01.2024;5;1.0;167;52;159;52;8;51
TE039;21.01.2024;6;1.0;178;52;168;52;10;50
TE039;21.01.2024;7;1.0;208;51;202;51;6;46
TE039;21.01.2024;8;1.0;269;50;264;50;5;49
TE039;21.01.2024;9;1.0;404;48;394;48;10;46
TE039;21.01.2024;10;1.0;634;46;575;45;59;48
TE039;21.01.2024;11;1.0;738;47;572;47;166;47
TE039;21.01.2024;12;1.0;803;42;610;42;193;41
TE039;21.01.2024;13;1.0;915;43;889;43;26;42
TE039;21.01.2024;14;1.0;1069;43;1058;43;11;42
TE039;21.01.2024;15;1.0;1042;41;1029;41;13;41
TE039;21.01.2024;16;1.0;1069;41;1059;41;10;41
TE039;21.01.2024;17;1.0;1045;41;950;41;95;42
TE039;21.01.2024;18;1.0;976;43;858;42;118;45
TE039;21.01.2024;19;1.0;930;44;886;44;44;44
TE039;21.01.2024;20;1.0;759;44;752;44;7;45
TE039;21.01.2024;21;1.0;537;46;531;46;6;48
TE039;21.01.2024;22;1.0;498;46;488;46;10;47
TE039;21.01.2024;23;1.0;340;47;337;47;3;50
TE039;22.01.2024;0;1.0;231;48;226;48;5;48
TE039;22.01.2024;1;1.0;119;47;116;47;3;51
TE039;22.01.2024;2;1.0;127;50;121;50;6;50
TE039;22.01.2024;3;1.0;130;54;115;54;15;54
TE039;22.01.2024;4;1.0;222;51;183;51;39;48
TE039;22.01.2024;5;1.0;521;48;466;48;55;50
TE039;22.01.2024;6;1.0;887;42;840;42;47;40
TE039;22.01.2024;7;1.0;1008;41;901;41;107;40
TE039;22.01.2024;8;1.0;991;40;907;40;84;41
TE039;22.01.2024;9;1.0;991;42;908;42;83;42
TE039;22.01.2024;10;1.0;941;42;884;42;57;43
TE039;22.01.2024;11;1.0;1078;42;1021;42;57;44
TE039;22.01.2024;12;1.0;1307;46;1070;45;237;54
TE039;22.01.2024;13;1.0;1227;44;903;43;324;46
TE039;22.01.2024;14;1.0;1174;39;932;40;242;38
TE039;22.01.2024;15;1.0;1118;31;982;31;136;30
TE039;22.01.2024;16;1.0;694;37;638;37;56;37
TE039;22.01.2024;17;1.0;1061;32;981;32;80;32
TE039;22.01.2024;18;1.0;1007;39;930;39;77;39
TE039;22.01.2024;19;1.0;991;41;962;41;29;41
TE039;22.01.2024;20;1.0;663;43;635;43;28;43
TE039;22.01.2024;21;1.0;551;45;546;45;5;44
TE039;22.01.2024;22;1.0;574;46;558;46;16;45
TE039;22.01.2024;23;1.0;367;45;360;45;7;45
TE039;23.01.2024;0;1.0;215;49;202;49;13;47
TE039;23.01.2024;1;1.0;162;50;154;50;8;48
TE039;23.01.2024;2;1.0;145;49;136;49;9;49
TE039;23.01.2024;3;1.0;124;50;104;50;20;50
TE039;23.01.2024;4;1.0;270;51;249;51;21;50
TE039;23.01.2024;5;1.0;453;47;420;47;33;48
TE039;23.01.2024;6;1.0;914;42;848;42;66;42
TE039;23.01.2024;7;1.0;934;41;884;41;50;43
TE039;23.01.2024;8;1.0;1026;37;966;37;60;35
TE039;23.01.2024;9;1.0;861;42;823;42;38;43
TE039;23.01.2024;10;1.0;996;42;932;42;64;41
TE039;23.01.2024;11;1.0;1104;39;1011;39;93;38
TE039;23.01.2024;12;1.0;948;41;837;41;111;42
TE039;23.01.2024;13;1.0;1097;40;956;39;141;41
TE039;23.01.2024;14;1.0;1077;38;920;39;157;37
TE039;23.01.2024;15;1.0;1173;35;1074;35;99;33
TE039;23.01.2024;16;1.0;1084;36;978;37;106;37
TE039;23.01.2024;17;1.0;1044;38;982;38;62;37
TE039;23.01.2024;18;1.0;1119;37;1058;37;61;35
TE039;23.01.2024;19;1.0;923;41;892;41;31;42
TE039;23.01.2024;20;1.0;734;42;711;42;23;42
TE039;23.01.2024;21;1.0;629;43;623;43;6;42
TE039;23.01.2024;22;1.0;557;45;541;45;16;46
TE039;23.01.2024;23;1.0;403;49;395;49;8;49
TE039;24.01.2024;0;1.0;219;52;218;52;1;49
TE039;24.01.2024;1;1.0;154;47;154;47;0;-1
TE039;24.01.2024;2;1.0;150;52;141;52;9;53
TE039;24.01.2024;3;1.0;152;52;126;52;26;50
TE039;24.01.2024;4;1.0;277;53;218;53;59;54
TE039;24.01.2024;5;1.0;564;49;506;48;58;51
TE039;24.01.2024;6;1.0;934;42;783;42;151;42
TE039;24.01.2024;7;1.0;960;42;716;41;244;43
TE039;24.01.2024;8;1.0;479;40;427;40;52;39
TE039;24.01.2024;9;1.0;437;41;403;41;34;41
TE039;24.01.2024;10;1.0;724;43;635;43;89;43
TE039;24.01.2024;11;1.0;976;38;729;38;247;38
TE039;24.01.2024;12;1.0;904;41;555;42;349;39
TE039;24.01.2024;13;1.0;1176;38;822;38;354;38
TE039;24.01.2024;14;1.0;1736;35;1165;35;571;35
TE039;24.01.2024;15;1.0;816;35;715;35;101;34
TE039;24.01.2024;16;1.0;1237;30;874;32;363;26
TE039;24.01.2024;17;1.0;676;33;574;35;102;26
TE039;24.01.2024;18;1.0;1107;39;914;38;193;43
TE039;24.01.2024;19;1.0;1128;41;933;41;195;42
TE039;24.01.2024;20;1.0;441;45;420;45;21;42
TE039;24.01.2024;21;1.0;1126;47;967;45;158;61
TE039;24.01.2024;22;1.0;890;46;842;46;48;46
TE039;25.01.2024;0;1.0;109;47;103;47;6;46
TE039;25.01.2024;1;1.0;83;49;78;49;5;50
TE039;25.01.2024;2;1.0;61;53;52;53;9;51
TE039;25.01.2024;3;1.0;87;51;77;51;10;51
TE039;25.01.2024;4;1.0;185;49;155;49;30;48
TE039;25.01.2024;5;1.0;899;61;684;60;215;65
TE039;25.01.2024;6;1.0;1804;51;1429;51;375;54
TE039;25.01.2024;7;1.0;1786;45;1368;43;418;50
TE039;25.01.2024;8;1.0;1374;41;1203;41;171;42
TE039;25.01.2024;9;1.0;740;41;659;41;81;43
TE039;25.01.2024;10;1.0;436;42;408;42;28;42
TE039;25.01.2024;11;1.0;914;43;732;42;182;44
TE039;25.01.2024;12;1.0;2562;37;1907;37;654;36
TE039;25.01.2024;13;1.0;2782;40;1889;40;893;40
TE039;25.01.2024;14;1.0;2331;41;1649;41;682;41
TE039;25.01.2024;17;1.0;1024;30;948;31;76;21
TE039;25.01.2024;18;1.0;1199;38;1140;38;59;38
TE039;25.01.2024;19;1.0;1095;41;1000;41;95;43
TE039;25.01.2024;20;1.0;953;45;904;45;49;45
TE039;25.01.2024;21;1.0;728;47;695;47;33;49
TE039;25.01.2024;22;1.0;775;42;725;42;50;42
TE039;25.01.2024;23;1.0;438;45;424;45;14;42
TE039;26.01.2024;0;1.0;302;44;291;44;11;47
TE039;26.01.2024;1;1.0;232;46;220;46;12;50
TE039;26.01.2024;2;1.0;174;46;159;45;15;47
TE039;26.01.2024;3;1.0;187;45;172;45;15;42
TE039;26.01.2024;4;1.0;260;50;228;49;32;52
TE039;26.01.2024;5;1.0;500;46;480;46;20;50
TE039;26.01.2024;6;1.0;910;47;802;46;108;46
TE039;26.01.2024;7;1.0;1024;39;944;39;80;40
TE039;26.01.2024;8;1.0;1057;41;1024;41;33;39
TE039;26.01.2024;9;1.0;1045;42;1018;42;27;42
TE039;26.01.2024;10;1.0;1083;42;1014;42;69;42
TE039;26.01.2024;11;1.0;1081;41;1012;41;69;41
TE039;26.01.2024;12;1.0;1071;38;939;38;132;39
TE039;26.01.2024;13;1.0;518;37;506;37;12;40
TE039;26.01.2024;14;1.0;552;31;540;31;12;29
TE039;26.01.2024;15;1.0;541;31;534;31;7;30
TE039;26.01.2024;16;1.0;464;40;462;40;2;40
TE039;26.01.2024;17;1.0;1134;37;1071;37;63;35
TE039;26.01.2024;18;1.0;1146;40;1099;40;47;39
TE039;26.01.2024;19;1.0;1107;41;1076;41;31;41
TE039;26.01.2024;20;1.0;933;42;909;42;24;40
TE039;26.01.2024;21;1.0;821;42;810;41;11;42
TE039;26.01.2024;22;1.0;706;42;685;42;21;42
TE039;26.01.2024;23;1.0;616;44;604;44;12;46
TE039;27.01.2024;0;1.0;403;47;392;47;11;48
TE039;27.01.2024;1;1.0;322;47;311;47;11;45
TE039;27.01.2024;2;1.0;234;49;226;49;8;51
TE039;27.01.2024;3;1.0;199;49;190;49;9;51
TE039;27.01.2024;4;1.0;219;50;202;49;17;52
TE039;27.01.2024;5;1.0;264;48;237;48;27;49
TE039;27.01.2024;6;1.0;356;45;341;45;15;45
TE039;27.01.2024;7;1.0;428;45;423;45;5;45
TE039;27.01.2024;8;1.0;630;44;622;44;8;43
TE039;27.01.2024;9;1.0;871;43;846;43;25;45
TE039;27.01.2024;10;1.0;951;42;920;42;31;42
TE039;27.01.2024;11;1.0;1128;43;1026;43;102;43
TE039;27.01.2024;12;1.0;1123;41;1022;41;101;40
TE039;27.01.2024;13;1.0;1200;41;1071;40;129;39
TE039;27.01.2024;14;1.0;923;35;798;35;125;34
TE039;27.01.2024;15;1.0;791;41;630;41;161;41
TE039;27.01.2024;16;1.0;972;41;786;41;186;41
TE039;27.01.2024;17;1.0;1009;39;937;39;72;38
TE039;27.01.2024;18;1.0;1018;39;997;39;21;38
TE039;27.01.2024;19;1.0;974;39;960;39;14;39
TE039;27.01.2024;20;1.0;827;40;812;40;15;41
TE039;27.01.2024;21;1.0;824;42;812;42;12;40
TE039;27.01.2024;22;1.0;734;42;724;42;10;40
TE039;27.01.2024;23;1.0;626;43;610;43;16;42
TE039;28.01.2024;0;1.0;482;44;472;44;10;46
TE039;28.01.2024;1;1.0;346;44;337;44;9;41
TE039;28.01.2024;2;1.0;272;44;268;44;4;38
TE039;28.01.2024;3;1.0;205;47;199;47;6;52
TE039;28.01.2024;4;1.0;152;46;148;46;4;44
TE039;28.01.2024;5;1.0;193;47;187;47;6;48
TE039;28.01.2024;6;1.0;188;47;184;47;4;50
TE039;28.01.2024;7;1.0;203;46;200;46;3;47
TE039;28.01.2024;8;1.0;324;43;320;43;4;46
TE039;28.01.2024;9;1.0;494;42;445;43;49;41
TE039;28.01.2024;10;1.0;742;38;672;38;70;36
TE039;28.01.2024;12;1.0;1022;37;721;37;301;38
TE039;28.01.2024;13;1.0;747;39;484;39;263;39
TE039;28.01.2024;14;1.0;570;42;458;42;112;42
TE039;28.01.2024;15;1.0;520;42;452;42;68;40
TE039;28.01.2024;16;1.0;936;40;611;40;325;39
TE039;28.01.2024;17;1.0;916;40;822;40;94;39
TE039;28.01.2024;18;1.0;1039;39;1006;39;33;39
TE039;28.01.2024;19;1.0;978;41;915;41;63;39
TE039;28.01.2024;20;1.0;826;41;795;41;31;40
TE039;28.01.2024;21;1.0;649;43;623;43;26;43
TE039;28.01.2024;22;1.0;642;44;614;44;28;43
TE039;28.01.2024;23;1.0;409;44;399;44;10;44
TE039;29.01.2024;0;1.0;294;45;282;45;12;45
TE039;29.01.2024;1;1.0;195;47;184;47;11;45
TE039;29.01.2024;2;1.0;131;47;126;47;5;47
TE039;29.01.2024;3;1.0;145;48;131;48;14;47
TE039;29.01.2024;4;1.0;237;47;212;47;25;44
TE039;29.01.2024;5;1.0;489;46;455;46;34;45
TE039;29.01.2024;6;1.0;887;40;835;40;52;40
TE039;29.01.2024;7;1.0;996;38;935;38;61;37
TE039;29.01.2024;8;1.0;1015;39;788;39;227;41
TE039;29.01.2024;9;1.0;995;40;869;40;126;41
TE039;29.01.2024;10;1.0;912;39;742;39;170;40
TE039;29.01.2024;11;1.0;911;35;593;36;318;33
TE039;29.01.2024;12;1.0;1980;34;1650;34;330;34
TE039;29.01.2024;13;1.0;2234;48;1639;45;595;56
TE039;29.01.2024;15;1.0;860;34;625;35;235;29
TE039;29.01.2024;16;1.0;1046;32;737;33;309;30
TE039;29.01.2024;17;1.0;1029;36;823;37;206;36
TE039;29.01.2024;18;1.0;1071;34;914;35;157;34
TE039;29.01.2024;19;1.0;897;41;799;41;98;41
TE039;29.01.2024;20;1.0;713;41;662;41;51;39
TE039;29.01.2024;21;1.0;663;42;637;43;26;43
TE039;29.01.2024;22;1.0;535;46;495;46;40;46
TE039;29.01.2024;23;1.0;361;46;343;46;18;45
TE039;30.01.2024;0;1.0;253;43;244;43;9;47
TE039;30.01.2024;1;1.0;150;45;143;45;7;41
TE039;30.01.2024;2;1.0;144;45;137;45;7;46
TE039;30.01.2024;3;1.0;132;48;114;49;18;45
TE039;30.01.2024;4;1.0;224;49;191;49;33;49
TE039;30.01.2024;5;1.0;472;45;442;45;30;46
TE039;30.01.2024;6;1.0;886;42;827;42;59;42
TE039;30.01.2024;7;1.0;954;38;890;38;64;37
TE039;30.01.2024;8;1.0;935;38;895;38;40;38
TE039;30.01.2024;9;1.0;1070;36;1010;36;60;34
TE039;30.01.2024;10;1.0;905;39;807;39;98;40
TE039;30.01.2024;11;1.0;962;38;769;38;193;39
TE039;30.01.2024;12;1.0;565;40;486;40;79;41
TE039;30.01.2024;14;1.0;871;38;629;39;242;36
TE039;30.01.2024;16;1.0;998;37;750;38;248;34
TE039;30.01.2024;17;1.0;1078;38;882;38;196;39
TE039;30.01.2024;18;1.0;1073;39;922;39;151;37
TE039;30.01.2024;19;1.0;957;40;767;41;190;39
TE039;30.01.2024;20;1.0;629;43;547;43;82;40
TE039;30.01.2024;21;1.0;298;46;293;46;5;45
TE039;30.01.2024;22;1.0;554;44;417;44;137;43
TE039;30.01.2024;23;1.0;214;46;192;47;22;45
TE039;31.01.2024;0;1.0;181;46;159;47;22;43
TE039;31.01.2024;1;1.0;183;49;128;48;55;51
TE039;31.01.2024;2;1.0;132;54;79;52;53;56
TE039;31.01.2024;3;1.0;96;55;58;53;38;58
TE039;31.01.2024;4;1.0;199;48;153;48;46;50
TE039;31.01.2024;5;1.0;420;50;313;50;107;52
TE039;31.01.2024;6;1.0;864;45;738;45;126;46
TE039;31.01.2024;7;1.0;1002;43;944;43;58;44
TE039;31.01.2024;8;1.0;969;41;920;41;49;43
TE039;31.01.2024;9;1.0;1029;41;962;41;67;41
TE039;31.01.2024;10;1.0;1070;41;992;41;78;42
TE039;31.01.2024;11;1.0;1118;41;973;41;145;41
TE039;31.01.2024;12;1.0;1142;41;1028;41;114;41
TE039;31.01.2024;13;1.0;1140;40;1043;39;97;42
TE039;31.01.2024;14;1.0;1276;38;1153;39;123;39
TE039;31.01.2024;15;1.0;1259;37;1175;37;84;37
TE039;31.01.2024;16;1.0;1084;37;1036;37;48;32
TE039;31.01.2024;17;1.0;1138;32;1112;32;25;31
TE039;31.01.2024;18;1.0;1122;38;1073;38;49;37
TE039;31.01.2024;19;1.0;978;42;954;42;24;40
TE039;31.01.2024;20;1.0;806;46;784;46;22;48
TE039;31.01.2024;21;1.0;681;47;656;47;25;50
TE039;31.01.2024;22;1.0;618;48;588;47;30;51
TE039;31.01.2024;23;1.0;669;46;650;46;19;45
TE040;01.01.2024;0;1.0;266;42;246;42;20;40
TE040;01.01.2024;1;1.0;492;43;477;43;15;43
TE040;01.01.2024;2;1.0;423;45;417;45;6;48
TE040;01.01.2024;3;1.0;329;43;326;43;3;44
TE040;01.01.2024;4;1.0;296;42;288;42;8;44
TE040;01.01.2024;5;1.0;312;45;299;44;13;46
TE040;01.01.2024;6;1.0;247;46;242;46;5;45
TE040;01.01.2024;7;1.0;186;49;178;50;8;39
TE040;01.01.2024;8;1.0;154;46;150;46;4;46
TE040;01.01.2024;9;1.0;141;43;137;43;4;41
TE040;01.01.2024;10;1.0;182;45;171;45;11;45
TE040;01.01.2024;11;1.0;238;45;233;45;5;42
TE040;01.01.2024;12;1.0;310;45;309;45;1;46
TE040;01.01.2024;13;1.0;335;44;330;44;5;42
TE040;01.01.2024;14;1.0;442;43;432;43;10;43
TE040;01.01.2024;15;1.0;482;40;479;40;3;43
TE040;01.01.2024;16;1.0;485;43;474;43;11;44
TE040;01.01.2024;17;1.0;450;44;448;44;2;50
TE040;01.01.2024;18;1.0;511;44;501;44;10;43
TE040;01.01.2024;19;1.0;438;45;435;45;3;44
TE040;01.01.2024;20;1.0;414;45;408;45;6;43
TE040;01.01.2024;21;1.0;330;46;320;46;10;45
TE040;01.01.2024;22;1.0;320;44;316;44;4;44
TE040;01.01.2024;23;1.0;260;43;252;43;8;42
TE040;02.01.2024;0;1.0;220;46;211;46;9;42
TE040;02.01.2024;1;1.0;133;45;131;45;2;44
TE040;02.01.2024;2;1.0;76;43;74;43;2;44
TE040;02.01.2024;3;1.0;69;41;64;41;5;41
TE040;02.01.2024;4;1.0;92;41;82;40;10;38
TE040;02.01.2024;5;1.0;201;39;194;39;7;39
TE040;02.01.2024;6;1.0;263;38;252;38;11;40
TE040;02.01.2024;7;1.0;321;42;306;42;15;46
TE040;02.01.2024;8;1.0;419;45;405;45;14;45
TE040;02.01.2024;9;1.0;434;44;420;44;14;42
TE040;02.01.2024;10;1.0;494;43;484;43;10;43
TE040;02.01.2024;11;1.0;550;44;539;44;11;42
TE040;02.01.2024;12;1.0;551;43;542;43;9;44
TE040;02.01.2024;13;1.0;593;44;578;44;15;44
TE040;02.01.2024;14;1.0;662;43;659;43;3;44
TE040;02.01.2024;15;1.0;659;42;650;42;9;42
TE040;02.01.2024;16;1.0;725;42;718;42;7;44
TE040;02.01.2024;17;1.0;702;41;695;41;7;40
TE040;02.01.2024;18;1.0;593;42;586;42;7;43
TE040;02.01.2024;19;1.0;552;42;543;42;9;43
TE040;02.01.2024;20;1.0;469;46;453;46;16;44
TE040;02.01.2024;21;1.0;393;46;390;46;3;45
TE040;02.01.2024;22;1.0;397;45;397;45;0;-1
TE040;02.01.2024;23;1.0;293;45;288;45;5;45
TE040;03.01.2024;0;1.0;211;45;202;46;9;43
TE040;03.01.2024;1;1.0;158;44;153;44;5;47
TE040;03.01.2024;2;1.0;80;40;75;40;5;43
TE040;03.01.2024;3;1.0;80;47;77;47;3;42
TE040;03.01.2024;4;1.0;86;45;80;45;6;43
TE040;03.01.2024;5;1.0;201;46;192;46;9;46
TE040;03.01.2024;6;1.0;314;44;298;44;16;44
TE040;03.01.2024;7;1.0;406;43;392;43;14;46
TE040;03.01.2024;8;1.0;467;41;450;41;17;41
TE040;03.01.2024;9;1.0;470;39;451;39;19;40
TE040;03.01.2024;10;1.0;495;39;470;39;25;39
TE040;03.01.2024;11;1.0;622;40;581;40;41;39
TE040;03.01.2024;12;1.0;597;37;575;37;22;37
TE040;03.01.2024;13;1.0;661;40;640;40;21;44
TE040;03.01.2024;14;1.0;715;39;695;39;20;37
TE040;03.01.2024;15;1.0;768;40;755;40;13;40
TE040;03.01.2024;16;1.0;784;38;770;38;14;38
TE040;03.01.2024;17;1.0;706;40;698;40;8;40
TE040;03.01.2024;18;1.0;603;41;598;41;5;42
TE040;03.01.2024;19;1.0;604;40;597;40;7;41
TE040;03.01.2024;20;1.0;482;40;466;40;16;40
TE040;03.01.2024;21;1.0;425;41;416;41;9;43
TE040;03.01.2024;22;1.0;370;43;368;43;2;45
TE040;03.01.2024;23;1.0;286;43;279;43;7;42
TE040;04.01.2024;0;1.0;235;42;221;42;14;41
TE040;04.01.2024;1;1.0;158;46;154;46;4;48
TE040;04.01.2024;2;1.0;89;48;83;48;6;46
TE040;04.01.2024;3;1.0;84;46;75;46;9;50
TE040;04.01.2024;4;1.0;90;52;86;52;4;46
TE040;04.01.2024;5;1.0;188;51;184;51;4;48
TE040;04.01.2024;6;1.0;280;49;275;49;5;49
TE040;04.01.2024;7;1.0;386;49;377;49;9;50
TE040;04.01.2024;8;1.0;447;42;432;42;15;44
TE040;04.01.2024;9;1.0;492;38;481;38;11;39
TE040;04.01.2024;10;1.0;573;37;539;37;34;38
TE040;04.01.2024;11;1.0;610;37;584;37;26;38
TE040;04.01.2024;12;1.0;593;40;569;40;24;40
TE040;04.01.2024;13;1.0;583;34;570;34;13;38
TE040;04.01.2024;14;1.0;682;42;651;42;31;42
TE040;04.01.2024;15;1.0;764;38;754;38;10;39
TE040;04.01.2024;16;1.0;750;38;734;38;16;39
TE040;04.01.2024;17;1.0;698;43;682;43;16;45
TE040;04.01.2024;18;1.0;646;43;636;43;10;45
TE040;04.01.2024;19;1.0;615;44;590;44;25;44
TE040;04.01.2024;20;1.0;538;47;520;47;18;47
TE040;04.01.2024;21;1.0;398;46;395;46;3;50
TE040;04.01.2024;22;1.0;466;45;464;45;2;40
TE040;04.01.2024;23;1.0;305;46;299;46;6;47
TE040;05.01.2024;0;1.0;254;46;241;46;13;46
TE040;05.01.2024;1;1.0;168;46;163;46;5;44
TE040;05.01.2024;2;1.0;104;50;95;50;9;48
TE040;05.01.2024;3;1.0;71;45;66;45;5;41
TE040;05.01.2024;4;1.0;76;40;72;40;4;43
TE040;05.01.2024;5;1.0;193;43;178;43;16;43
TE040;05.01.2024;6;1.0;264;48;237;48;27;53
TE040;05.01.2024;7;1.0;373;46;340;46;33;47
TE040;05.01.2024;8;1.0;422;43;406;44;16;42
TE040;05.01.2024;9;1.0;471;46;459;46;12;47
TE040;05.01.2024;10;1.0;515;43;499;43;16;45
TE040;05.01.2024;11;1.0;610;42;573;42;37;41
TE040;05.01.2024;12;1.0;608;41;591;41;17;45
TE040;05.01.2024;13;1.0;663;40;649;40;14;40
TE040;05.01.2024;14;1.0;699;44;684;44;15;45
TE040;05.01.2024;15;1.0;730;43;719;43;11;44
TE040;05.01.2024;16;1.0;686;43;673;43;13;43
TE040;05.01.2024;17;1.0;648;41;623;41;25;42
TE040;05.01.2024;18;1.0;635;44;626;44;9;42
TE040;05.01.2024;19;1.0;580;44;572;44;8;42
TE040;05.01.2024;20;1.0;524;48;504;48;20;46
TE040;05.01.2024;21;1.0;464;48;460;48;4;47
TE040;05.01.2024;22;1.0;474;46;469;46;5;44
TE040;05.01.2024;23;1.0;372;47;359;47;13;53
TE040;06.01.2024;0;1.0;304;51;294;51;10;50
TE040;06.01.2024;1;1.0;209;51;202;51;7;49
TE040;06.01.2024;2;1.0;134;51;134;51;0;-1
TE040;06.01.2024;3;1.0;139;48;137;48;2;42
TE040;06.01.2024;4;1.0;107;49;106;49;1;43
TE040;06.01.2024;5;1.0;149;51;139;51;10;54
TE040;06.01.2024;6;1.0;152;45;138;46;14;45
TE040;06.01.2024;7;1.0;202;45;185;45;17;44
TE040;06.01.2024;8;1.0;269;43;253;43;16;44
TE040;06.01.2024;9;1.0;347;43;335;43;12;46
TE040;06.01.2024;10;1.0;453;39;444;39;9;39
TE040;06.01.2024;11;1.0;509;41;503;42;6;39
TE040;06.01.2024;12;1.0;608;40;589;40;19;42
TE040;06.01.2024;13;1.0;626;42;615;42;11;42
TE040;06.01.2024;14;1.0;656;45;647;45;9;45
TE040;06.01.2024;15;1.0;644;44;632;44;12;42
TE040;06.01.2024;16;1.0;678;45;669;45;9;44
TE040;06.01.2024;17;1.0;635;45;631;45;4;44
TE040;06.01.2024;18;1.0;615;43;607;43;8;44
TE040;06.01.2024;19;1.0;626;45;617;45;9;48
TE040;06.01.2024;20;1.0;537;45;526;46;11;43
TE040;06.01.2024;21;1.0;504;45;499;45;5;45
TE040;06.01.2024;22;1.0;528;48;523;48;5;49
TE040;06.01.2024;23;1.0;406;49;402;49;4;52
TE040;07.01.2024;0;1.0;328;45;310;45;18;44
TE040;07.01.2024;1;1.0;284;45;282;45;2;44
TE040;07.01.2024;2;1.0;192;44;191;44;1;44
TE040;07.01.2024;3;1.0;169;44;166;44;3;44
TE040;07.01.2024;4;1.0;136;45;133;45;3;45
TE040;07.01.2024;5;1.0;125;45;122;45;3;46
TE040;07.01.2024;6;1.0;152;52;149;52;3;57
TE040;07.01.2024;7;1.0;111;51;108;51;3;53
TE040;07.01.2024;8;1.0;140;44;138;44;2;46
TE040;07.01.2024;9;1.0;194;46;189;46;5;46
TE040;07.01.2024;10;1.0;287;44;283;44;4;44
TE040;07.01.2024;11;1.0;355;44;353;44;2;40
TE040;07.01.2024;12;1.0;434;43;428;43;6;42
TE040;07.01.2024;13;1.0;446;42;438;42;8;44
TE040;07.01.2024;14;1.0;484;42;479;42;5;45
TE040;07.01.2024;15;1.0;561;48;557;48;4;50
TE040;07.01.2024;16;1.0;567;47;559;47;8;46
TE040;07.01.2024;17;1.0;574;47;570;47;4;50
TE040;07.01.2024;18;1.0;519;46;512;46;7;49
TE040;07.01.2024;19;1.0;497;47;495;47;2;43
TE040;07.01.2024;20;1.0;445;46;437;46;8;44
TE040;07.01.2024;21;1.0;433;40;425;40;8;42
TE040;07.01.2024;22;1.0;381;43;379;43;2;44
TE040;14.01.2024;2;1.0;200;40;198;40;1;49
TE040;14.01.2024;3;1.0;189;51;187;51;2;44
TE040;14.01.2024;4;1.0;136;50;133;50;3;50
TE040;14.01.2024;5;1.0;137;46;134;46;2;52
TE040;14.01.2024;7;1.0;90;46;89;45;1;56
TE040;14.01.2024;8;1.0;168;37;164;37;4;38
TE040;14.01.2024;9;1.0;182;46;178;46;3;57
TE040;14.01.2024;10;1.0;332;36;329;37;3;30
TE040;14.01.2024;11;1.0;431;45;430;45;1;45
TE040;14.01.2024;12;1.0;450;39;447;39;2;48
TE040;24.01.2024;8;1.0;552;39;532;39;20;41
TE040;24.01.2024;9;1.0;522;39;495;39;27;39
TE042;01.01.2024;0;1.0;136;50;136;50;0;-1
TE042;01.01.2024;1;1.0;300;47;299;46;1;54
TE042;01.01.2024;2;1.0;277;46;275;46;2;47
TE042;01.01.2024;3;1.0;219;47;217;47;2;45
TE042;01.01.2024;4;1.0;164;48;164;48;0;-1
TE042;01.01.2024;5;1.0;171;51;169;51;2;50
TE042;01.01.2024;6;1.0;108;49;107;49;1;50
TE042;01.01.2024;7;1.0;104;50;104;50;0;-1
TE042;01.01.2024;8;1.0;84;52;84;52;0;-1
TE042;01.01.2024;9;1.0;83;52;83;52;0;-1
TE042;01.01.2024;10;1.0;133;47;132;47;1;49
TE042;01.01.2024;11;1.0;190;47;187;47;3;47
TE042;01.01.2024;12;1.0;252;49;250;49;2;47
TE042;01.01.2024;13;1.0;318;46;316;46;2;44
TE042;01.01.2024;14;1.0;373;45;371;45;2;47
TE042;01.01.2024;15;1.0;411;44;406;44;5;46
TE042;01.01.2024;16;1.0;425;46;423;46;2;42
TE042;01.01.2024;17;1.0;413;45;410;45;3;46
TE042;01.01.2024;18;1.0;382;46;380;46;2;49
TE042;01.01.2024;19;1.0;343;47;341;47;2;50
TE042;01.01.2024;20;1.0;301;48;300;48;1;46
TE042;01.01.2024;21;1.0;233;50;233;50;0;-1
TE042;01.01.2024;22;1.0;214;48;213;48;1;42
TE042;01.01.2024;23;1.0;157;47;157;47;0;-1
TE042;02.01.2024;0;1.0;144;49;144;49;0;-1
TE042;02.01.2024;1;1.0;69;48;69;48;0;-1
TE042;02.01.2024;2;1.0;60;54;59;54;1;60
TE042;02.01.2024;3;1.0;42;45;40;45;2;50
TE042;02.01.2024;4;1.0;78;48;77;48;1;48
TE042;02.01.2024;5;1.0;261;48;249;48;12;48
TE042;02.01.2024;6;1.0;355;45;348;45;7;46
TE042;02.01.2024;7;1.0;416;46;401;46;15;45
TE042;02.01.2024;8;1.0;446;45;436;45;10;44
TE042;02.01.2024;9;1.0;487;47;475;47;12;47
TE042;02.01.2024;10;1.0;537;43;531;43;6;42
TE042;02.01.2024;11;1.0;532;44;530;44;2;44
TE042;02.01.2024;12;1.0;573;43;566;43;7;44
TE042;02.01.2024;13;1.0;601;42;591;42;10;41
TE042;02.01.2024;14;1.0;621;41;616;41;5;45
TE042;02.01.2024;15;1.0;598;37;593;37;5;36
TE042;02.01.2024;16;1.0;572;42;569;42;3;42
TE042;02.01.2024;17;1.0;604;41;601;41;3;40
TE042;02.01.2024;18;1.0;528;44;526;44;2;42
TE042;02.01.2024;19;1.0;457;46;457;46;0;-1
TE042;02.01.2024;20;1.0;329;47;328;47;1;42
TE042;02.01.2024;21;1.0;297;47;297;47;0;-1
TE042;02.01.2024;22;1.0;242;48;241;48;1;52
TE042;02.01.2024;23;1.0;171;47;171;47;0;-1
TE042;03.01.2024;0;1.0;114;48;113;48;1;52
TE042;03.01.2024;1;1.0;84;50;84;50;0;-1
TE042;03.01.2024;2;1.0;75;47;74;47;1;49
TE042;03.01.2024;3;1.0;46;50;44;50;2;49
TE042;03.01.2024;4;1.0;63;49;60;49;3;48
TE042;03.01.2024;5;1.0;266;46;257;47;9;45
TE042;03.01.2024;6;1.0;409;44;395;44;14;44
TE042;03.01.2024;7;1.0;475;37;454;37;21;38
TE042;03.01.2024;8;1.0;541;41;531;41;10;40
TE042;03.01.2024;9;1.0;500;40;473;40;27;40
TE042;03.01.2024;10;1.0;513;41;488;41;25;41
TE042;03.01.2024;11;1.0;555;43;526;43;29;44
TE042;03.01.2024;12;1.0;591;39;573;39;18;39
TE042;03.01.2024;13;1.0;602;42;591;42;11;40
TE042;03.01.2024;14;1.0;674;38;657;38;17;33
TE042;03.01.2024;15;1.0;652;36;634;36;18;33
TE042;03.01.2024;16;1.0;633;40;620;40;13;42
TE042;03.01.2024;17;1.0;615;39;609;39;6;40
TE042;03.01.2024;18;1.0;556;43;548;43;8;42
TE042;03.01.2024;19;1.0;432;42;429;42;3;45
TE042;03.01.2024;20;1.0;325;46;322;46;3;47
TE042;03.01.2024;21;1.0;295;45;292;45;3;43
TE042;03.01.2024;22;1.0;277;45;276;46;1;43
TE042;03.01.2024;23;1.0;178;47;177;47;1;48
TE042;04.01.2024;0;1.0;110;49;109;49;1;48
TE042;04.01.2024;1;1.0;72;47;71;47;1;42
TE042;04.01.2024;2;1.0;59;49;58;49;1;51
TE042;04.01.2024;3;1.0;41;49;40;50;1;45
TE042;04.01.2024;4;1.0;60;57;60;57;0;-1
TE042;04.01.2024;5;1.0;270;53;262;53;8;54
TE042;04.01.2024;6;1.0;382;49;371;49;11;50
TE042;04.01.2024;7;1.0;474;40;468;41;6;35
TE042;04.01.2024;8;1.0;536;40;518;40;18;45
TE042;04.01.2024;9;1.0;542;42;522;42;20;40
TE042;04.01.2024;10;1.0;589;40;565;40;24;40
TE042;04.01.2024;11;1.0;593;41;577;41;16;42
TE042;04.01.2024;12;1.0;541;44;534;44;7;44
TE042;04.01.2024;13;1.0;651;40;630;40;21;40
TE042;04.01.2024;14;1.0;627;38;616;38;11;41
TE042;04.01.2024;15;1.0;639;29;629;29;10;30
TE042;04.01.2024;16;1.0;595;39;580;39;15;35
TE042;04.01.2024;17;1.0;645;39;631;39;14;38
TE042;04.01.2024;18;1.0;635;41;626;41;9;37
TE042;04.01.2024;19;1.0;467;46;463;46;4;48
TE042;04.01.2024;20;1.0;377;46;373;46;4;46
TE042;04.01.2024;21;1.0;292;50;286;50;6;51
TE042;04.01.2024;22;1.0;241;49;241;49;0;-1
TE042;04.01.2024;23;1.0;162;50;162;50;0;-1
TE042;05.01.2024;0;1.0;126;51;122;51;4;51
TE042;05.01.2024;1;1.0;83;52;81;52;2;56
TE042;05.01.2024;2;1.0;47;55;43;53;4;66
TE042;05.01.2024;3;1.0;55;51;54;51;1;39
TE042;05.01.2024;4;1.0;72;49;69;49;3;51
TE042;05.01.2024;5;1.0;264;51;253;51;11;50
TE042;05.01.2024;6;1.0;380;47;361;47;19;46
TE042;05.01.2024;7;1.0;449;45;429;45;20;45
TE042;05.01.2024;8;1.0;486;48;470;48;16;47
TE042;05.01.2024;9;1.0;461;48;451;48;10;48
TE042;05.01.2024;10;1.0;556;46;541;46;15;47
TE042;05.01.2024;11;1.0;504;44;481;44;23;43
TE042;05.01.2024;12;1.0;590;44;562;44;28;45
TE042;05.01.2024;13;1.0;651;37;631;37;20;39
TE042;05.01.2024;14;1.0;654;40;641;40;13;43
TE042;05.01.2024;15;1.0;671;35;652;35;19;38
TE042;05.01.2024;16;1.0;650;32;639;32;11;32
TE042;05.01.2024;17;1.0;625;40;616;40;9;42
TE042;05.01.2024;18;1.0;652;44;645;45;7;42
TE042;05.01.2024;19;1.0;487;46;484;46;3;47
TE042;05.01.2024;20;1.0;370;48;369;48;1;45
TE042;05.01.2024;21;1.0;344;49;342;49;2;50
TE042;05.01.2024;22;1.0;288;49;285;49;3;52
TE042;05.01.2024;23;1.0;220;51;220;51;0;-1
TE042;06.01.2024;0;1.0;172;50;171;50;1;46
TE042;06.01.2024;1;1.0;147;49;147;49;0;-1
TE042;06.01.2024;2;1.0;101;55;101;55;0;-1
TE042;06.01.2024;3;1.0;82;55;82;55;0;-1
TE042;06.01.2024;4;1.0;60;55;58;55;2;55
TE042;06.01.2024;5;1.0;111;53;104;53;7;51
TE042;06.01.2024;6;1.0;133;50;122;50;11;50
TE042;06.01.2024;7;1.0;152;49;138;49;14;49
TE042;06.01.2024;8;1.0;218;50;213;50;5;49
TE042;06.01.2024;9;1.0;329;48;317;48;12;47
TE042;06.01.2024;10;1.0;388;44;380;44;8;43
TE042;06.01.2024;11;1.0;473;45;465;45;8;42
TE042;06.01.2024;12;1.0;583;42;576;42;7;42
TE042;06.01.2024;13;1.0;628;43;623;43;5;42
TE042;06.01.2024;14;1.0;690;42;678;42;12;41
TE042;06.01.2024;15;1.0;676;41;668;41;8;42
TE042;06.01.2024;16;1.0;637;40;623;40;14;37
TE042;06.01.2024;17;1.0;635;43;622;43;13;43
TE042;06.01.2024;18;1.0;563;44;559;44;4;44
TE042;06.01.2024;19;1.0;440;48;438;48;2;48
TE042;06.01.2024;20;1.0;388;49;386;49;2;50
TE042;06.01.2024;21;1.0;400;46;399;46;1;52
TE042;06.01.2024;22;1.0;299;48;296;48;3;51
TE042;06.01.2024;23;1.0;270;51;270;51;0;-1
TE042;07.01.2024;0;1.0;226;50;225;50;1;55
TE042;07.01.2024;1;1.0;150;49;150;49;0;-1
TE042;07.01.2024;2;1.0;128;50;127;50;1;55
TE042;07.01.2024;3;1.0;79;51;78;51;1;46
TE042;07.01.2024;4;1.0;74;48;74;48;0;-1
TE042;07.01.2024;5;1.0;105;51;105;51;0;-1
TE042;07.01.2024;6;1.0;92;56;92;56;0;-1
TE042;07.01.2024;7;1.0;111;58;111;58;0;-1
TE042;07.01.2024;8;1.0;127;54;124;54;3;58
TE042;07.01.2024;9;1.0;197;52;195;52;2;53
TE042;07.01.2024;10;1.0;303;51;299;51;4;52
TE042;07.01.2024;11;1.0;346;50;344;50;2;55
TE042;07.01.2024;12;1.0;392;52;389;52;3;51
TE042;07.01.2024;13;1.0;506;48;499;48;7;50
TE042;07.01.2024;14;1.0;502;48;499;48;3;50
TE042;07.01.2024;15;1.0;499;47;497;47;2;33
TE042;07.01.2024;16;1.0;487;48;485;48;2;42
TE042;07.01.2024;17;1.0;456;50;455;50;1;51
TE042;07.01.2024;18;1.0;459;47;456;47;3;50
TE042;07.01.2024;19;1.0;387;49;386;49;1;51
TE042;07.01.2024;20;1.0;347;48;343;48;4;47
TE042;07.01.2024;21;1.0;306;46;305;46;1;47
TE042;07.01.2024;22;1.0;219;48;216;48;3;48
TE042;07.01.2024;23;1.0;169;49;167;49;2;52
TE042;08.01.2024;0;1.0;113;47;113;47;0;-1
TE042;08.01.2024;1;1.0;84;47;83;47;1;51
TE042;08.01.2024;2;1.0;57;47;55;47;2;51
TE042;08.01.2024;3;1.0;39;51;37;51;2;49
TE042;08.01.2024;4;1.0;85;50;84;50;1;55
TE042;08.01.2024;5;1.0;298;47;290;47;8;49
TE042;08.01.2024;6;1.0;449;44;438;44;11;44
TE042;08.01.2024;7;1.0;599;40;579;40;20;38
TE042;08.01.2024;8;1.0;504;26;469;26;35;24
TE042;08.01.2024;9;1.0;529;42;504;42;25;42
TE042;08.01.2024;10;1.0;504;41;487;41;17;42
TE042;08.01.2024;11;1.0;519;38;512;38;7;34
TE042;08.01.2024;12;1.0;543;39;524;39;19;38
TE042;08.01.2024;13;1.0;578;40;566;40;12;40
TE042;08.01.2024;14;1.0;587;42;576;42;11;43
TE042;08.01.2024;15;1.0;666;39;654;39;12;40
TE042;08.01.2024;16;1.0;608;38;598;38;10;36
TE042;08.01.2024;17;1.0;645;38;637;39;8;37
TE042;08.01.2024;18;1.0;604;40;599;40;5;39
TE042;08.01.2024;19;1.0;467;43;464;43;3;45
TE042;08.01.2024;20;1.0;374;44;369;44;5;45
TE042;08.01.2024;21;1.0;279;45;277;45;2;44
TE042;08.01.2024;22;1.0;233;45;231;45;2;46
TE042;08.01.2024;23;1.0;146;48;146;48;0;-1
TE042;09.01.2024;0;1.0;94;48;93;48;1;45
TE042;09.01.2024;1;1.0;65;52;64;52;1;45
TE042;09.01.2024;2;1.0;46;53;44;53;2;58
TE042;09.01.2024;3;1.0;33;47;32;47;1;44
TE042;09.01.2024;4;1.0;68;48;65;48;3;45
TE042;09.01.2024;5;1.0;308;47;300;47;8;47
TE042;09.01.2024;6;1.0;513;43;500;43;13;42
TE042;09.01.2024;7;1.0;614;34;583;34;31;32
TE042;09.01.2024;8;1.0;542;22;519;22;23;22
TE042;09.01.2024;9;1.0;540;32;514;32;26;36
TE042;09.01.2024;10;1.0;541;38;528;38;13;38
TE042;09.01.2024;11;1.0;536;37;510;37;26;35
TE042;09.01.2024;12;1.0;579;38;557;38;22;37
TE042;09.01.2024;13;1.0;608;33;587;33;22;29
TE042;09.01.2024;16;1.0;666;32;660;32;6;29
TE042;09.01.2024;17;1.0;656;38;648;38;8;36
TE042;09.01.2024;18;1.0;667;36;660;36;7;35
TE042;09.01.2024;19;1.0;498;43;497;43;1;45
TE042;09.01.2024;20;1.0;398;44;394;44;4;42
TE042;09.01.2024;21;1.0;321;45;321;45;0;-1
TE042;09.01.2024;22;1.0;257;46;256;46;1;43
TE042;09.01.2024;23;1.0;161;44;160;44;1;43
TE042;10.01.2024;0;1.0;112;47;107;47;5;48
TE042;10.01.2024;1;1.0;75;45;75;45;0;-1
TE042;10.01.2024;2;1.0;56;49;55;49;1;44
TE042;10.01.2024;3;1.0;34;48;34;48;0;-1
TE042;10.01.2024;4;1.0;79;49;76;49;3;48
TE042;10.01.2024;5;1.0;326;49;319;49;7;48
TE042;10.01.2024;6;1.0;555;42;543;42;12;42
TE042;10.01.2024;7;1.0;601;27;579;27;22;29
TE042;10.01.2024;8;1.0;524;20;501;20;23;20
TE042;10.01.2024;9;1.0;538;26;509;27;29;24
TE042;10.01.2024;10;1.0;533;40;515;40;18;41
TE042;10.01.2024;11;1.0;564;40;550;40;14;41
TE042;10.01.2024;12;1.0;609;36;590;36;19;39
TE042;10.01.2024;13;1.0;654;40;637;40;17;41
TE042;10.01.2024;14;1.0;617;40;606;40;11;39
TE042;10.01.2024;15;1.0;648;38;641;37;7;40
TE042;10.01.2024;16;1.0;711;35;694;35;17;31
TE042;10.01.2024;17;1.0;693;37;689;37;4;34
TE042;10.01.2024;18;1.0;637;39;635;39;2;39
TE042;10.01.2024;19;1.0;501;44;498;44;3;46
TE042;10.01.2024;20;1.0;385;44;384;44;1;43
TE042;10.01.2024;21;1.0;289;44;287;44;2;44
TE042;10.01.2024;22;1.0;259;49;256;49;3;48
TE042;10.01.2024;23;1.0;177;47;177;47;0;-1
TE042;11.01.2024;0;1.0;117;49;117;49;0;-1
TE042;11.01.2024;1;1.0;70;50;69;50;1;44
TE042;11.01.2024;2;1.0;59;50;57;50;2;47
TE042;11.01.2024;3;1.0;41;57;40;57;1;57
TE042;11.01.2024;4;1.0;77;56;75;56;2;60
TE042;11.01.2024;5;1.0;303;53;295;53;8;52
TE042;11.01.2024;6;1.0;506;41;505;41;1;53
TE042;11.01.2024;7;1.0;595;35;590;35;5;37
TE042;11.01.2024;8;1.0;534;17;526;17;8;17
TE042;11.01.2024;9;1.0;555;28;542;28;13;25
TE042;11.01.2024;10;1.0;562;43;559;43;3;37
TE042;11.01.2024;11;1.0;525;44;519;44;6;45
TE042;11.01.2024;12;1.0;570;41;568;41;2;50
TE042;11.01.2024;13;1.0;607;41;603;41;4;43
TE042;11.01.2024;14;1.0;625;40;624;40;1;35
TE042;11.01.2024;15;1.0;682;37;682;37;0;-1
TE042;11.01.2024;16;1.0;640;34;632;34;8;27
TE042;11.01.2024;17;1.0;599;40;597;40;2;34
TE042;11.01.2024;18;1.0;592;35;588;35;4;38
TE042;11.01.2024;19;1.0;485;44;483;44;2;44
TE042;11.01.2024;20;1.0;373;44;369;44;4;47
TE042;11.01.2024;21;1.0;272;47;271;47;1;46
TE042;11.01.2024;22;1.0;264;48;264;48;0;-1
TE042;11.01.2024;23;1.0;192;49;192;49;0;-1
TE042;12.01.2024;0;1.0;116;49;114;49;2;47
TE042;12.01.2024;1;1.0;97;50;97;50;0;-1
TE042;12.01.2024;2;1.0;54;51;54;51;0;-1
TE042;12.01.2024;3;1.0;44;53;43;53;1;54
TE042;12.01.2024;4;1.0;71;53;69;53;2;56
TE042;12.01.2024;5;1.0;277;52;273;52;4;51
TE042;12.01.2024;6;1.0;461;47;459;47;2;48
TE042;12.01.2024;7;1.0;578;40;575;40;3;45
TE042;12.01.2024;8;1.0;556;29;547;29;9;31
TE042;12.01.2024;9;1.0;493;36;486;36;7;33
TE042;12.01.2024;10;1.0;495;42;492;42;3;45
TE042;12.01.2024;11;1.0;570;43;565;43;5;44
TE042;12.01.2024;12;1.0;553;43;553;43;0;-1
TE042;12.01.2024;13;1.0;593;33;581;33;12;24
TE042;12.01.2024;14;1.0;595;40;592;40;3;26
TE042;12.01.2024;15;1.0;675;35;673;35;2;44
TE042;12.01.2024;16;1.0;673;38;670;38;3;46
TE042;12.01.2024;17;1.0;665;35;662;35;3;31
TE042;12.01.2024;18;1.0;612;41;610;41;2;24
TE042;12.01.2024;19;1.0;540;43;539;43;1;40
TE042;12.01.2024;20;1.0;392;46;389;46;3;47
TE042;12.01.2024;21;1.0;328;48;327;48;1;44
TE042;12.01.2024;22;1.0;303;47;302;47;1;45
TE042;12.01.2024;23;1.0;230;49;230;49;0;-1
TE042;13.01.2024;0;1.0;171;48;170;48;1;48
TE042;13.01.2024;1;1.0;128;48;128;48;0;-1
TE042;13.01.2024;2;1.0;112;50;112;50;0;-1
TE042;13.01.2024;3;1.0;67;47;67;47;0;-1
TE042;13.01.2024;4;1.0;88;51;86;51;2;46
TE042;13.01.2024;5;1.0;136;55;130;55;6;53
TE042;13.01.2024;6;1.0;123;52;117;52;6;54
TE042;13.01.2024;7;1.0;179;48;172;48;7;51
TE042;13.01.2024;8;1.0;231;51;226;51;5;54
TE042;13.01.2024;9;1.0;384;50;380;50;4;52
TE042;13.01.2024;10;1.0;429;47;428;47;1;46
TE042;13.01.2024;11;1.0;546;45;543;45;3;44
TE042;13.01.2024;12;1.0;568;43;566;43;2;42
TE042;13.01.2024;13;1.0;623;35;613;35;10;40
TE042;13.01.2024;14;1.0;663;40;661;40;2;24
TE042;13.01.2024;15;1.0;531;27;522;27;9;18
TE042;13.01.2024;16;1.0;588;44;586;44;2;40
TE042;13.01.2024;17;1.0;653;40;652;40;1;36
TE042;13.01.2024;18;1.0;579;46;578;46;1;48
TE042;13.01.2024;19;1.0;496;49;492;49;4;51
TE042;13.01.2024;20;1.0;406;49;404;49;2;50
TE042;13.01.2024;21;1.0;374;49;373;49;1;47
TE042;13.01.2024;22;1.0;311;49;309;49;2;49
TE042;13.01.2024;23;1.0;269;51;268;51;1;52
TE042;14.01.2024;0;1.0;200;53;199;53;1;58
TE042;14.01.2024;1;1.0;162;54;161;54;1;51
TE042;14.01.2024;2;1.0;117;53;115;53;2;52
TE042;14.01.2024;3;1.0;103;55;102;55;1;60
TE042;14.01.2024;4;1.0;78;54;77;54;1;55
TE042;14.01.2024;5;1.0;118;55;116;55;2;58
TE042;14.01.2024;6;1.0;93;54;93;54;0;-1
TE042;14.01.2024;7;1.0;91;53;91;53;0;-1
TE042;14.01.2024;8;1.0;138;53;138;53;0;-1
TE042;14.01.2024;9;1.0;200;53;200;53;0;-1
TE042;14.01.2024;10;1.0;281;51;279;51;2;46
TE042;14.01.2024;11;1.0;354;46;348;46;6;37
TE042;14.01.2024;12;1.0;417;48;416;48;1;49
TE042;14.01.2024;13;1.0;520;46;515;46;5;46
TE042;14.01.2024;14;1.0;514;46;506;46;8;46
TE042;14.01.2024;15;1.0;462;46;455;46;7;43
TE042;14.01.2024;16;1.0;486;46;480;46;6;49
TE042;14.01.2024;17;1.0;532;47;531;47;1;46
TE042;14.01.2024;18;1.0;450;47;448;47;2;47
TE042;14.01.2024;19;1.0;360;47;358;47;2;48
TE042;14.01.2024;20;1.0;374;43;373;43;1;42
TE042;14.01.2024;21;1.0;251;49;251;49;0;-1
TE042;14.01.2024;22;1.0;215;49;215;49;0;-1
TE042;14.01.2024;23;1.0;156;50;156;50;0;-1
TE042;15.01.2024;0;1.0;131;50;130;50;1;57
TE042;15.01.2024;1;1.0;67;49;67;49;0;-1
TE042;15.01.2024;2;1.0;60;52;59;52;1;45
TE042;15.01.2024;3;1.0;45;47;43;47;2;45
TE042;15.01.2024;4;1.0;85;51;85;51;0;-1
TE042;15.01.2024;5;1.0;321;46;317;46;4;51
TE042;15.01.2024;6;1.0;465;43;462;43;3;43
TE042;15.01.2024;7;1.0;458;34;450;34;8;26
TE042;15.01.2024;8;1.0;488;30;483;30;5;17
TE042;15.01.2024;9;1.0;403;26;396;26;7;24
TE042;15.01.2024;10;1.0;473;45;465;45;8;43
TE042;15.01.2024;11;1.0;506;44;494;44;12;45
TE042;15.01.2024;12;1.0;552;43;541;43;11;43
TE042;15.01.2024;13;1.0;525;45;519;45;6;47
TE042;15.01.2024;14;1.0;519;43;514;43;5;41
TE042;15.01.2024;15;1.0;599;41;596;41;3;37
TE042;15.01.2024;16;1.0;563;42;558;42;5;43
TE042;15.01.2024;17;1.0;658;39;649;39;9;41
TE042;15.01.2024;18;1.0;619;41;616;41;3;41
TE042;15.01.2024;19;1.0;430;46;428;46;2;47
TE042;15.01.2024;20;1.0;360;48;360;48;0;-1
TE042;15.01.2024;21;1.0;267;50;267;50;0;-1
TE042;15.01.2024;22;1.0;242;48;241;48;1;51
TE042;15.01.2024;23;1.0;170;49;170;49;0;-1
TE042;16.01.2024;0;1.0;105;49;105;49;0;-1
TE042;16.01.2024;1;1.0;71;49;70;49;1;54
TE042;16.01.2024;2;1.0;47;42;47;42;0;-1
TE042;16.01.2024;3;1.0;63;45;59;45;4;48
TE042;16.01.2024;4;1.0;86;42;86;42;0;-1
TE042;16.01.2024;5;1.0;293;42;292;42;1;42
TE042;16.01.2024;6;1.0;544;35;540;35;4;33
TE042;16.01.2024;7;1.0;534;26;525;26;9;20
TE042;16.01.2024;8;1.0;427;18;417;18;10;18
TE042;16.01.2024;9;1.0;511;25;495;25;16;23
TE042;16.01.2024;10;1.0;535;43;533;43;2;40
TE042;16.01.2024;11;1.0;569;42;563;42;6;42
TE042;16.01.2024;12;1.0;578;41;566;41;12;40
TE042;16.01.2024;13;1.0;564;42;560;42;4;42
TE042;16.01.2024;14;1.0;591;42;582;42;9;43
TE042;16.01.2024;15;1.0;623;34;618;34;5;40
TE042;16.01.2024;16;1.0;633;38;628;38;5;40
TE042;16.01.2024;17;1.0;677;38;674;38;3;32
TE042;16.01.2024;18;1.0;613;36;608;36;5;28
TE042;16.01.2024;19;1.0;456;44;450;44;6;44
TE042;16.01.2024;20;1.0;342;46;342;46;0;-1
TE042;16.01.2024;21;1.0;316;48;315;48;1;52
TE042;16.01.2024;22;1.0;259;46;259;46;0;-1
TE042;16.01.2024;23;1.0;161;46;161;46;0;-1
TE042;17.01.2024;0;1.0;94;45;94;45;0;-1
TE042;17.01.2024;1;1.0;72;45;72;45;0;-1
TE042;17.01.2024;2;1.0;58;47;55;47;3;57
TE042;17.01.2024;3;1.0;37;45;35;44;2;52
TE042;17.01.2024;4;1.0;79;45;75;45;4;44
TE042;17.01.2024;5;1.0;302;48;290;48;12;46
TE042;17.01.2024;6;1.0;505;40;495;40;10;38
TE042;17.01.2024;7;1.0;564;30;554;30;10;26
TE042;17.01.2024;8;1.0;438;19;411;19;27;20
TE042;17.01.2024;9;1.0;583;33;561;33;22;32
TE042;17.01.2024;10;1.0;584;42;571;42;13;42
TE042;17.01.2024;11;1.0;579;44;561;44;18;44
TE042;17.01.2024;12;1.0;576;41;560;41;16;42
TE042;17.01.2024;13;1.0;641;39;618;39;23;37
TE042;17.01.2024;14;1.0;630;40;619;40;11;41
TE042;17.01.2024;15;1.0;620;43;619;43;1;46
TE042;17.01.2024;16;1.0;640;37;634;37;6;30
TE042;17.01.2024;17;1.0;634;37;625;37;9;32
TE042;17.01.2024;18;1.0;630;38;629;38;1;35
TE042;17.01.2024;19;1.0;492;42;489;42;3;35
TE042;17.01.2024;20;1.0;367;46;367;46;0;-1
TE042;17.01.2024;21;1.0;318;47;318;47;0;-1
TE042;17.01.2024;22;1.0;266;49;266;49;0;-1
TE042;17.01.2024;23;1.0;157;48;157;48;0;-1
TE042;18.01.2024;0;1.0;100;52;98;52;2;54
TE042;18.01.2024;1;1.0;99;51;98;51;1;54
TE042;18.01.2024;2;1.0;51;55;50;55;1;47
TE042;18.01.2024;3;1.0;60;55;59;55;1;47
TE042;18.01.2024;4;1.0;90;52;87;52;3;49
TE042;18.01.2024;5;1.0;314;51;306;51;8;51
TE042;18.01.2024;6;1.0;508;44;500;44;8;43
TE042;18.01.2024;7;1.0;604;37;590;37;14;38
TE042;18.01.2024;8;1.0;497;23;472;23;25;25
TE042;18.01.2024;9;1.0;609;42;597;42;12;43
TE042;18.01.2024;10;1.0;594;44;584;44;10;44
TE042;18.01.2024;11;1.0;615;42;603;42;12;42
TE042;18.01.2024;12;1.0;578;45;561;45;17;45
TE042;18.01.2024;13;1.0;601;41;578;41;23;40
TE042;18.01.2024;14;1.0;648;40;634;40;14;42
TE042;18.01.2024;15;1.0;662;36;648;36;14;37
TE042;18.01.2024;16;1.0;645;33;635;33;10;29
TE042;18.01.2024;17;1.0;704;33;698;33;6;34
TE042;18.01.2024;18;1.0;667;39;661;39;6;34
TE042;18.01.2024;19;1.0;467;43;460;43;7;42
TE042;18.01.2024;20;1.0;361;44;359;44;2;43
TE042;18.01.2024;21;1.0;329;45;329;45;0;-1
TE042;18.01.2024;22;1.0;268;44;266;44;2;43
TE042;18.01.2024;23;1.0;175;44;175;44;0;-1
TE042;19.01.2024;0;1.0;137;45;137;45;0;-1
TE042;19.01.2024;1;1.0;84;44;83;44;1;50
TE042;19.01.2024;2;1.0;61;45;60;45;1;43
TE042;19.01.2024;3;1.0;61;47;59;47;2;43
TE042;19.01.2024;4;1.0;82;45;82;45;0;-1
TE042;19.01.2024;5;1.0;290;46;286;46;4;46
TE042;19.01.2024;6;1.0;490;40;484;40;6;39
TE042;19.01.2024;7;1.0;512;29;500;30;12;25
TE042;19.01.2024;8;1.0;607;37;597;37;10;34
TE042;19.01.2024;9;1.0;601;37;590;37;11;37
TE042;19.01.2024;10;1.0;567;40;551;40;16;39
TE042;19.01.2024;11;1.0;590;39;576;39;14;39
TE042;19.01.2024;12;1.0;619;39;602;39;17;41
TE042;19.01.2024;13;1.0;640;36;618;36;22;39
TE042;19.01.2024;14;1.0;654;37;640;37;14;40
TE042;19.01.2024;15;1.0;701;38;687;38;14;35
TE042;19.01.2024;16;1.0;670;34;666;34;4;30
TE042;19.01.2024;17;1.0;724;36;712;36;12;32
TE042;19.01.2024;18;1.0;664;41;662;41;2;43
TE042;19.01.2024;19;1.0;559;40;557;40;2;40
TE042;19.01.2024;20;1.0;437;42;431;42;6;42
TE042;19.01.2024;21;1.0;377;44;376;44;1;48
TE042;19.01.2024;22;1.0;333;44;332;44;1;45
TE042;19.01.2024;23;1.0;246;44;243;44;3;45
TE042;20.01.2024;0;1.0;199;44;199;44;0;-1
TE042;20.01.2024;1;1.0;148;46;148;46;0;-1
TE042;20.01.2024;2;1.0;95;48;95;48;0;-1
TE042;20.01.2024;3;1.0;117;45;116;45;1;47
TE042;20.01.2024;4;1.0;102;45;101;45;1;48
TE042;20.01.2024;5;1.0;113;49;111;49;2;53
TE042;20.01.2024;6;1.0;128;46;124;46;4;47
TE042;20.01.2024;7;1.0;220;44;215;44;5;44
TE042;20.01.2024;8;1.0;255;45;249;45;6;46
TE042;20.01.2024;9;1.0;412;46;406;46;6;46
TE042;20.01.2024;10;1.0;467;45;462;45;5;49
TE042;20.01.2024;11;1.0;525;43;517;43;8;43
TE042;20.01.2024;12;1.0;672;41;669;41;3;40
TE042;20.01.2024;13;1.0;727;37;714;37;13;37
TE042;20.01.2024;14;1.0;695;36;685;36;10;32
TE042;20.01.2024;15;1.0;638;33;625;33;13;30
TE042;20.01.2024;16;1.0;641;42;638;42;3;44
TE042;20.01.2024;17;1.0;624;37;618;37;6;38
TE042;20.01.2024;18;1.0;630;43;626;43;4;43
TE042;20.01.2024;19;1.0;511;44;505;44;6;45
TE042;20.01.2024;20;1.0;414;44;413;44;1;42
TE042;20.01.2024;21;1.0;331;44;331;44;0;-1
TE042;20.01.2024;22;1.0;319;46;318;46;1;43
TE042;20.01.2024;23;1.0;257;45;256;45;1;43
TE042;21.01.2024;0;1.0;220;46;220;46;0;-1
TE042;21.01.2024;1;1.0;166;47;165;47;1;49
TE042;21.01.2024;2;1.0;99;47;98;47;1;49
TE042;21.01.2024;3;1.0;94;49;94;49;0;-1
TE042;21.01.2024;4;1.0;82;49;82;49;0;-1
TE042;21.01.2024;5;1.0;106;55;106;55;0;-1
TE042;21.01.2024;6;1.0;99;53;98;53;1;51
TE042;21.01.2024;7;1.0;95;50;94;50;1;52
TE042;21.01.2024;8;1.0;168;51;167;51;1;52
TE042;21.01.2024;9;1.0;233;49;233;49;0;-1
TE042;21.01.2024;10;1.0;306;48;302;48;4;48
TE042;21.01.2024;11;1.0;361;45;357;45;4;50
TE042;21.01.2024;12;1.0;444;44;440;44;4;45
TE042;21.01.2024;13;1.0;501;46;499;46;2;44
TE042;21.01.2024;14;1.0;521;44;515;44;6;44
TE042;21.01.2024;15;1.0;582;42;580;42;2;44
TE042;21.01.2024;16;1.0;577;43;571;43;6;43
TE042;21.01.2024;17;1.0;594;40;592;40;2;41
TE042;21.01.2024;18;1.0;481;43;479;43;2;34
TE042;21.01.2024;19;1.0;410;46;408;46;2;47
TE042;21.01.2024;20;1.0;341;45;339;45;2;48
TE042;21.01.2024;21;1.0;309;41;309;41;0;-1
TE042;21.01.2024;22;1.0;219;44;219;44;0;-1
TE042;21.01.2024;23;1.0;152;45;152;45;0;-1
TE042;22.01.2024;0;1.0;109;46;108;46;1;49
TE042;22.01.2024;1;1.0;64;48;64;48;0;-1
TE042;22.01.2024;2;1.0;55;47;54;47;1;51
TE042;22.01.2024;3;1.0;45;43;41;43;3;50
TE042;22.01.2024;4;1.0;69;48;66;48;3;43
TE042;22.01.2024;5;1.0;309;48;300;48;9;48
TE042;22.01.2024;6;1.0;508;41;490;41;18;38
TE042;22.01.2024;7;1.0;527;30;492;29;35;34
TE042;22.01.2024;8;1.0;477;18;453;18;24;19
TE042;22.01.2024;9;1.0;535;33;523;33;12;29
TE042;22.01.2024;10;1.0;579;40;567;40;12;41
TE042;22.01.2024;11;1.0;547;42;521;42;26;41
TE042;22.01.2024;12;1.0;617;38;593;38;24;38
TE042;22.01.2024;13;1.0;586;39;560;39;26;37
TE042;22.01.2024;14;1.0;612;39;586;39;26;41
TE042;22.01.2024;15;1.0;663;38;643;38;20;36
TE042;22.01.2024;16;1.0;674;35;659;35;15;37
TE042;22.01.2024;17;1.0;674;29;653;29;21;25
TE042;22.01.2024;18;1.0;634;37;632;37;2;36
TE042;22.01.2024;19;1.0;507;43;497;43;10;44
TE042;22.01.2024;20;1.0;344;43;342;43;2;43
TE042;22.01.2024;21;1.0;273;46;270;46;3;46
TE042;22.01.2024;22;1.0;240;45;238;45;2;46
TE042;22.01.2024;23;1.0;140;48;139;48;1;52
TE042;23.01.2024;0;1.0;101;47;100;47;1;52
TE042;23.01.2024;1;1.0;72;46;72;46;0;-1
TE042;23.01.2024;2;1.0;41;45;39;46;2;44
TE042;23.01.2024;3;1.0;42;44;40;44;2;44
TE042;23.01.2024;4;1.0;77;47;74;47;3;47
TE042;23.01.2024;5;1.0;294;46;290;46;4;46
TE042;23.01.2024;6;1.0;511;43;498;43;13;42
TE042;23.01.2024;7;1.0;543;26;524;26;19;28
TE042;23.01.2024;8;1.0;451;17;437;17;13;17
TE042;23.01.2024;9;1.0;534;34;504;34;30;34
TE042;23.01.2024;10;1.0;593;41;556;41;37;41
TE042;23.01.2024;11;1.0;592;41;574;41;18;40
TE042;23.01.2024;12;1.0;560;40;537;40;23;41
TE042;23.01.2024;13;1.0;614;42;598;42;16;41
TE042;23.01.2024;14;1.0;603;41;591;41;12;44
TE042;23.01.2024;15;1.0;693;38;672;38;21;37
TE042;23.01.2024;16;1.0;678;38;673;38;5;35
TE042;23.01.2024;17;1.0;688;33;683;33;5;30
TE042;23.01.2024;18;1.0;634;37;618;37;16;32
TE042;23.01.2024;19;1.0;504;41;496;41;8;42
TE042;23.01.2024;20;1.0;366;44;360;44;6;45
TE042;23.01.2024;21;1.0;301;46;300;46;1;43
TE042;23.01.2024;22;1.0;247;46;246;46;1;45
TE042;23.01.2024;23;1.0;153;48;152;48;1;46
TE042;24.01.2024;0;1.0;107;51;107;51;0;-1
TE042;24.01.2024;1;1.0;64;52;63;52;1;46
TE042;24.01.2024;2;1.0;57;49;56;49;1;46
TE042;24.01.2024;3;1.0;50;43;49;43;1;43
TE042;24.01.2024;4;1.0;86;47;84;46;2;51
TE042;24.01.2024;5;1.0;307;45;297;45;10;44
TE042;24.01.2024;6;1.0;545;38;525;38;20;41
TE042;24.01.2024;7;1.0;485;24;454;24;31;27
TE042;24.01.2024;8;1.0;419;20;404;20;15;21
TE042;24.01.2024;9;1.0;455;21;432;21;23;17
TE042;24.01.2024;10;1.0;493;29;476;29;17;21
TE042;24.01.2024;11;1.0;567;36;532;36;35;35
TE042;24.01.2024;12;1.0;550;38;520;38;30;37
TE042;24.01.2024;13;1.0;585;30;544;30;41;33
TE042;24.01.2024;14;1.0;592;34;562;35;30;32
TE042;24.01.2024;15;1.0;657;36;631;36;26;35
TE042;24.01.2024;16;1.0;571;23;559;23;12;32
TE042;24.01.2024;17;1.0;527;22;513;22;14;20
TE042;24.01.2024;18;1.0;626;37;620;37;6;35
TE042;24.01.2024;19;1.0;475;43;467;43;8;41
TE042;24.01.2024;20;1.0;384;43;381;43;3;43
TE042;24.01.2024;21;1.0;357;45;354;45;3;55
TE042;24.01.2024;22;1.0;260;45;260;45;0;-1
TE042;24.01.2024;23;1.0;170;45;170;45;0;-1
TE042;25.01.2024;0;1.0;128;45;127;45;1;45
TE042;25.01.2024;1;1.0;86;52;86;52;0;-1
TE042;25.01.2024;2;1.0;52;50;50;49;2;58
TE042;25.01.2024;3;1.0;60;45;52;45;8;46
TE042;25.01.2024;4;1.0;84;48;84;48;0;-1
TE042;25.01.2024;5;1.0;340;41;327;41;13;42
TE042;25.01.2024;6;1.0;516;40;504;40;12;40
TE042;25.01.2024;7;1.0;559;29;535;29;24;29
TE042;25.01.2024;8;1.0;451;21;436;21;15;20
TE042;25.01.2024;9;1.0;589;26;562;26;27;27
TE042;25.01.2024;10;1.0;565;39;530;39;35;38
TE042;25.01.2024;11;1.0;582;43;559;43;23;43
TE042;25.01.2024;12;1.0;578;42;560;42;18;42
TE042;25.01.2024;13;1.0;612;36;597;36;15;39
TE042;25.01.2024;14;1.0;598;38;587;38;11;42
TE042;25.01.2024;15;1.0;681;33;664;33;17;38
TE042;25.01.2024;16;1.0;547;27;524;27;23;28
TE042;25.01.2024;17;1.0;579;27;571;27;8;25
TE042;25.01.2024;18;1.0;616;34;603;34;13;24
TE042;25.01.2024;19;1.0;479;47;474;47;5;47
TE042;25.01.2024;20;1.0;405;48;402;48;3;50
TE042;25.01.2024;21;1.0;304;49;304;49;0;-1
TE042;25.01.2024;22;1.0;293;45;290;45;3;47
TE042;25.01.2024;23;1.0;180;47;177;47;3;51
TE042;26.01.2024;0;1.0;138;48;138;48;0;-1
TE042;26.01.2024;1;1.0;94;46;94;46;0;-1
TE042;26.01.2024;2;1.0;59;45;57;45;2;46
TE042;26.01.2024;3;1.0;58;44;57;44;1;45
TE042;26.01.2024;4;1.0;80;48;79;48;1;47
TE042;26.01.2024;5;1.0;290;51;288;51;2;51
TE042;26.01.2024;6;1.0;462;44;455;44;7;45
TE042;26.01.2024;7;1.0;528;26;504;26;24;29
TE042;26.01.2024;8;1.0;584;27;568;27;16;22
TE042;26.01.2024;9;1.0;544;34;531;34;13;33
TE042;26.01.2024;10;1.0;537;40;520;40;17;42
TE042;26.01.2024;11;1.0;561;40;544;40;17;33
TE042;26.01.2024;12;1.0;585;35;569;35;15;30
TE042;26.01.2024;13;1.0;539;25;519;25;20;25
TE042;26.01.2024;14;1.0;618;32;610;32;8;30
TE042;26.01.2024;15;1.0;573;26;568;26;5;25
TE042;26.01.2024;16;1.0;612;27;597;27;15;26
TE042;26.01.2024;17;1.0;717;31;700;31;17;34
TE042;26.01.2024;18;1.0;627;36;620;36;7;37
TE042;26.01.2024;19;1.0;561;41;556;41;5;32
TE042;26.01.2024;20;1.0;458;41;452;41;6;40
TE042;26.01.2024;21;1.0;365;45;363;45;2;48
TE042;26.01.2024;22;1.0;335;44;334;44;1;45
TE042;26.01.2024;23;1.0;262;47;261;47;1;48
TE042;27.01.2024;0;1.0;206;45;205;45;1;48
TE042;27.01.2024;1;1.0;151;47;150;47;1;47
TE042;27.01.2024;2;1.0;92;47;90;47;2;47
TE042;27.01.2024;3;1.0;78;47;76;47;2;45
TE042;27.01.2024;4;1.0;67;48;65;48;2;41
TE042;27.01.2024;5;1.0;130;48;127;48;3;47
TE042;27.01.2024;6;1.0;132;48;130;48;2;54
TE042;27.01.2024;7;1.0;194;47;186;47;8;47
TE042;27.01.2024;8;1.0;252;50;245;50;7;47
TE042;27.01.2024;9;1.0;372;48;365;48;7;47
TE042;27.01.2024;10;1.0;478;45;470;45;8;44
TE042;27.01.2024;11;1.0;541;45;535;45;6;45
TE042;27.01.2024;12;1.0;600;44;595;44;5;45
TE042;27.01.2024;13;1.0;665;37;642;37;23;32
TE042;27.01.2024;14;1.0;656;30;639;29;17;29
TE042;27.01.2024;15;1.0;627;32;601;32;26;31
TE042;27.01.2024;16;1.0;622;37;607;37;15;37
TE042;27.01.2024;17;1.0;567;27;560;27;7;26
TE042;27.01.2024;18;1.0;600;32;584;32;16;28
TE042;27.01.2024;19;1.0;566;38;559;38;7;40
TE042;27.01.2024;20;1.0;505;42;500;42;5;40
TE042;27.01.2024;21;1.0;430;42;430;42;0;-1
TE042;27.01.2024;22;1.0;365;44;361;44;4;41
TE042;27.01.2024;23;1.0;302;45;301;45;1;46
TE042;28.01.2024;0;1.0;270;46;269;46;1;49
TE042;28.01.2024;1;1.0;174;46;173;46;1;48
TE042;28.01.2024;2;1.0;162;46;162;46;0;-1
TE042;28.01.2024;3;1.0;122;49;121;49;1;43
TE042;28.01.2024;4;1.0;93;47;93;47;0;-1
TE042;28.01.2024;5;1.0;105;46;105;46;0;-1
TE042;28.01.2024;6;1.0;96;47;96;47;0;-1
TE042;28.01.2024;7;1.0;104;47;103;47;1;47
TE042;28.01.2024;8;1.0;152;45;149;46;3;43
TE042;28.01.2024;9;1.0;294;46;293;46;1;42
TE042;28.01.2024;10;1.0;325;45;322;45;3;43
TE042;28.01.2024;11;1.0;425;43;423;43;2;43
TE042;28.01.2024;12;1.0;476;39;472;39;3;43
TE042;28.01.2024;13;1.0;523;39;516;39;7;28
TE042;28.01.2024;14;1.0;565;30;548;30;17;24
TE042;28.01.2024;15;1.0;643;37;627;37;16;35
TE042;28.01.2024;16;1.0;540;40;536;40;4;31
TE042;28.01.2024;17;1.0;565;40;560;40;5;37
TE042;28.01.2024;18;1.0;529;41;522;41;7;41
TE042;28.01.2024;19;1.0;423;42;422;42;1;43
TE042;28.01.2024;20;1.0;364;43;362;44;2;36
TE042;28.01.2024;21;1.0;278;44;277;44;1;48
TE042;28.01.2024;22;1.0;243;44;241;44;2;42
TE042;28.01.2024;23;1.0;191;45;190;45;1;48
TE042;29.01.2024;0;1.0;134;45;133;45;1;46
TE042;29.01.2024;1;1.0;79;47;79;47;0;-1
TE042;29.01.2024;2;1.0;56;45;56;45;0;-1
TE042;29.01.2024;3;1.0;34;47;33;47;1;54
TE042;29.01.2024;4;1.0;99;45;98;45;1;44
TE042;29.01.2024;5;1.0;299;46;291;46;8;46
TE042;29.01.2024;6;1.0;449;38;431;38;18;45
TE042;29.01.2024;7;1.0;523;35;503;35;20;33
TE042;29.01.2024;8;1.0;470;20;448;20;22;22
TE042;29.01.2024;9;1.0;586;31;540;31;46;29
TE042;29.01.2024;10;1.0;589;40;560;40;29;39
TE042;29.01.2024;11;1.0;565;38;537;38;28;38
TE042;29.01.2024;12;1.0;572;31;528;32;44;27
TE042;29.01.2024;13;1.0;559;34;524;34;35;31
TE042;29.01.2024;14;1.0;572;26;529;27;43;24
TE042;29.01.2024;15;1.0;588;31;564;31;24;27
TE042;29.01.2024;16;1.0;666;27;627;27;39;26
TE042;29.01.2024;17;1.0;669;34;656;34;13;33
TE042;29.01.2024;18;1.0;634;38;625;38;9;38
TE042;29.01.2024;19;1.0;476;41;472;41;4;39
TE042;29.01.2024;20;1.0;374;43;371;43;3;42
TE042;29.01.2024;21;1.0;289;45;288;45;1;47
TE042;29.01.2024;22;1.0;211;41;207;41;3;42
TE042;29.01.2024;23;1.0;145;47;144;47;1;48
TE042;30.01.2024;0;1.0;111;44;111;44;0;-1
TE042;30.01.2024;1;1.0;68;43;67;43;1;43
TE042;30.01.2024;2;1.0;47;50;47;50;0;-1
TE042;30.01.2024;3;1.0;51;46;51;46;0;-1
TE042;30.01.2024;4;1.0;87;44;87;44;0;-1
TE042;30.01.2024;5;1.0;296;48;287;48;9;48
TE042;30.01.2024;6;1.0;516;40;485;40;31;42
TE042;30.01.2024;7;1.0;602;32;571;32;31;32
TE042;30.01.2024;8;1.0;490;19;472;19;18;18
TE042;30.01.2024;9;1.0;515;25;487;25;28;24
TE042;30.01.2024;10;1.0;553;40;527;40;26;41
TE042;30.01.2024;11;1.0;578;40;555;40;23;39
TE042;30.01.2024;12;1.0;590;38;571;38;19;38
TE042;30.01.2024;13;1.0;636;41;607;41;29;41
TE042;30.01.2024;14;1.0;605;39;584;39;21;40
TE042;30.01.2024;15;1.0;610;36;586;36;24;37
TE042;30.01.2024;16;1.0;596;32;573;33;23;30
TE042;30.01.2024;17;1.0;617;30;601;30;16;31
TE042;30.01.2024;18;1.0;639;38;631;38;8;33
TE042;30.01.2024;19;1.0;502;42;500;42;2;40
TE042;30.01.2024;20;1.0;390;44;386;44;4;42
TE042;30.01.2024;21;1.0;267;46;264;46;3;45
TE042;30.01.2024;22;1.0;261;46;259;46;2;50
TE042;30.01.2024;23;1.0;150;48;147;48;3;48
TE042;31.01.2024;0;1.0;114;45;112;45;2;42
TE042;31.01.2024;1;1.0;72;47;71;47;1;47
TE042;31.01.2024;2;1.0;58;45;57;45;1;41
TE042;31.01.2024;3;1.0;47;45;45;45;2;45
TE042;31.01.2024;4;1.0;84;47;82;47;2;48
TE042;31.01.2024;5;1.0;286;48;280;48;6;46
TE042;31.01.2024;6;1.0;518;37;516;37;2;48
TE042;31.01.2024;7;1.0;523;31;508;30;15;32
TE042;31.01.2024;8;1.0;474;21;467;21;7;23
TE042;31.01.2024;9;1.0;548;28;517;28;31;26
TE042;31.01.2024;10;1.0;562;40;536;41;26;39
TE042;31.01.2024;11;1.0;580;42;555;42;25;43
TE042;31.01.2024;12;1.0;592;34;585;34;7;38
TE042;31.01.2024;13;1.0;609;37;592;37;17;36
TE042;31.01.2024;14;1.0;602;36;586;36;16;35
TE042;31.01.2024;15;1.0;666;37;653;37;13;29
TE042;31.01.2024;16;1.0;670;36;656;36;14;33
TE042;31.01.2024;17;1.0;665;33;652;33;13;34
TE042;31.01.2024;18;1.0;647;34;639;34;8;26
TE042;31.01.2024;19;1.0;542;44;538;44;4;47
TE042;31.01.2024;20;1.0;394;47;389;47;5;46
TE042;31.01.2024;21;1.0;336;47;334;47;2;53
TE042;31.01.2024;22;1.0;258;49;258;49;0;-1
TE042;31.01.2024;23;1.0;162;52;162;52;0;-1
TE045;01.01.2024;0;1.0;98;34;98;34;0;-1
TE045;01.01.2024;1;1.0;263;34;263;34;0;-1
TE045;01.01.2024;2;1.0;332;34;331;34;1;29
TE045;01.01.2024;3;1.0;253;34;249;34;4;32
TE045;01.01.2024;4;1.0;193;35;192;35;1;32
TE045;01.01.2024;5;1.0;197;35;195;35;2;36
TE045;01.01.2024;6;1.0;156;37;154;37;2;33
TE045;01.01.2024;7;1.0;97;39;96;39;1;34
TE045;01.01.2024;8;1.0;88;36;88;36;0;-1
TE045;01.01.2024;9;1.0;92;37;91;38;1;33
TE045;01.01.2024;10;1.0;133;34;133;34;0;-1
TE045;01.01.2024;11;1.0;206;31;204;31;2;36
TE045;01.01.2024;12;1.0;250;34;247;34;3;31
TE045;01.01.2024;13;1.0;316;34;312;34;4;32
TE045;01.01.2024;14;1.0;398;30;397;30;1;29
TE045;01.01.2024;15;1.0;462;32;454;32;8;32
TE045;01.01.2024;16;1.0;466;29;463;29;3;30
TE045;01.01.2024;17;1.0;442;31;434;31;8;31
TE045;01.01.2024;18;1.0;374;32;366;32;8;31
TE045;01.01.2024;19;1.0;278;33;277;33;1;29
TE045;01.01.2024;20;1.0;251;36;251;36;0;-1
TE045;01.01.2024;21;1.0;219;33;219;33;0;-1
TE045;01.01.2024;22;1.0;151;36;151;36;0;-1
TE045;01.01.2024;23;1.0;92;36;92;36;0;-1
TE045;02.01.2024;0;1.0;60;38;59;38;1;32
TE045;02.01.2024;1;1.0;51;39;47;39;4;36
TE045;02.01.2024;2;1.0;47;37;42;38;5;36
TE045;02.01.2024;3;1.0;40;32;37;31;3;45
TE045;02.01.2024;4;1.0;82;31;78;32;3;34
TE045;02.01.2024;5;1.0;248;33;240;33;8;32
TE045;02.01.2024;6;1.0;361;33;354;33;7;30
TE045;02.01.2024;7;1.0;378;30;376;30;2;27
TE045;02.01.2024;8;1.0;429;30;419;30;10;29
TE045;02.01.2024;9;1.0;389;32;377;32;12;32
TE045;02.01.2024;10;1.0;436;30;431;30;5;32
TE045;02.01.2024;11;1.0;451;29;445;29;6;29
TE045;02.01.2024;12;1.0;500;31;498;31;2;26
TE045;02.01.2024;13;1.0;466;30;459;30;7;27
TE045;02.01.2024;14;1.0;516;27;504;27;12;26
TE045;02.01.2024;15;1.0;514;26;508;26;6;27
TE045;02.01.2024;16;1.0;543;28;542;28;1;23
TE045;02.01.2024;17;1.0;499;27;495;27;4;23
TE045;02.01.2024;18;1.0;439;30;431;30;8;26
TE045;02.01.2024;19;1.0;336;33;331;33;5;26
TE045;02.01.2024;20;1.0;262;37;261;37;1;27
TE045;02.01.2024;21;1.0;188;38;187;38;1;32
TE045;02.01.2024;22;1.0;170;38;169;38;1;32
TE045;02.01.2024;23;1.0;105;38;105;38;0;-1
TE045;03.01.2024;0;1.0;67;36;65;36;2;40
TE045;03.01.2024;1;1.0;48;37;45;37;2;40
TE045;03.01.2024;2;1.0;52;35;49;36;2;35
TE045;03.01.2024;3;1.0;43;39;41;38;2;39
TE045;03.01.2024;4;1.0;88;40;85;40;3;40
TE045;03.01.2024;5;1.0;267;36;262;36;5;37
TE045;03.01.2024;6;1.0;389;31;373;31;16;32
TE045;03.01.2024;7;1.0;487;31;478;31;9;31
TE045;03.01.2024;8;1.0;487;28;465;28;22;26
TE045;03.01.2024;9;1.0;500;28;493;28;7;28
TE045;03.01.2024;10;1.0;498;28;473;28;25;27
TE045;03.01.2024;11;1.0;479;30;452;30;27;27
TE045;03.01.2024;12;1.0;439;30;409;30;30;29
TE045;03.01.2024;13;1.0;471;31;454;31;17;32
TE045;03.01.2024;14;1.0;503;30;490;30;13;31
TE045;03.01.2024;15;1.0;510;29;501;29;9;32
TE045;03.01.2024;16;1.0;508;29;501;29;7;27
TE045;03.01.2024;17;1.0;424;25;413;25;11;26
TE045;03.01.2024;18;1.0;410;30;409;30;1;36
TE045;03.01.2024;19;1.0;349;30;347;30;2;28
TE045;03.01.2024;20;1.0;274;31;271;31;3;29
TE045;03.01.2024;21;1.0;198;34;198;34;0;-1
TE045;03.01.2024;22;1.0;170;36;168;36;2;33
TE045;03.01.2024;23;1.0;133;33;131;33;2;36
TE045;04.01.2024;0;1.0;71;34;67;34;3;32
TE045;04.01.2024;1;1.0;44;35;42;35;2;35
TE045;04.01.2024;2;1.0;35;36;33;36;2;35
TE045;04.01.2024;3;1.0;51;36;49;36;2;37
TE045;04.01.2024;4;1.0;74;36;73;36;1;33
TE045;04.01.2024;5;1.0;243;38;241;38;2;34
TE045;04.01.2024;6;1.0;364;34;360;34;4;34
TE045;04.01.2024;7;1.0;433;33;431;33;2;28
TE045;04.01.2024;8;1.0;582;36;568;36;14;36
TE045;04.01.2024;9;1.0;501;29;491;29;10;27
TE045;04.01.2024;10;1.0;425;26;399;26;26;26
TE045;04.01.2024;11;1.0;551;27;521;27;30;26
TE045;04.01.2024;12;1.0;534;28;523;28;11;27
TE045;04.01.2024;13;1.0;491;28;463;28;28;26
TE045;04.01.2024;14;1.0;467;20;441;20;25;21
TE045;08.01.2024;10;1.0;476;21;452;21;24;20
TE045;08.01.2024;11;1.0;406;27;384;27;22;27
TE045;08.01.2024;12;1.0;473;26;460;27;13;25
TE045;08.01.2024;13;1.0;424;27;409;27;15;24
TE045;08.01.2024;14;1.0;429;27;419;27;10;24
TE045;08.01.2024;15;1.0;482;26;469;26;13;25
TE045;08.01.2024;16;1.0;509;24;496;24;13;22
TE045;08.01.2024;17;1.0;514;24;498;24;16;24
TE045;08.01.2024;18;1.0;463;23;453;23;8;25
TE045;08.01.2024;19;1.0;382;28;380;28;2;26
TE045;08.01.2024;20;1.0;285;31;282;31;3;26
TE045;08.01.2024;21;1.0;203;32;202;32;1;35
TE045;08.01.2024;22;1.0;167;34;167;34;0;-1
TE045;08.01.2024;23;1.0;106;33;106;33;0;-1
TE045;09.01.2024;0;1.0;75;34;74;34;1;32
TE045;09.01.2024;1;1.0;28;36;26;36;2;41
TE045;09.01.2024;2;1.0;28;34;25;34;3;32
TE045;09.01.2024;3;1.0;44;37;40;37;4;35
TE045;09.01.2024;4;1.0;75;36;73;36;2;32
TE045;09.01.2024;5;1.0;293;32;287;32;6;33
TE045;09.01.2024;6;1.0;503;24;483;24;20;24
TE045;09.01.2024;11;1.0;450;25;434;25;16;24
TE045;09.01.2024;12;1.0;421;26;407;26;14;24
TE045;09.01.2024;13;1.0;479;28;462;28;17;27
TE045;09.01.2024;14;1.0;491;26;468;26;23;28
TE045;09.01.2024;15;1.0;521;24;493;24;28;28
TE045;09.01.2024;16;1.0;537;23;507;23;30;26
TE045;09.01.2024;17;1.0;534;24;521;24;13;26
TE045;09.01.2024;18;1.0;508;28;499;28;9;25
TE045;09.01.2024;19;1.0;389;29;387;29;2;26
TE045;09.01.2024;20;1.0;301;30;297;31;4;27
TE045;09.01.2024;21;1.0;208;34;206;33;2;30
TE045;09.01.2024;22;1.0;180;31;178;31;2;32
TE045;09.01.2024;23;1.0;115;33;115;33;0;-1
TE045;10.01.2024;0;1.0;75;33;73;33;2;39
TE045;10.01.2024;1;1.0;50;41;48;41;2;42
TE045;10.01.2024;2;1.0;37;37;34;36;3;38
TE045;10.01.2024;3;1.0;39;38;36;37;3;40
TE045;10.01.2024;4;1.0;102;34;101;34;1;50
TE045;10.01.2024;5;1.0;316;29;310;29;6;32
TE045;10.01.2024;7;1.0;667;20;644;20;23;20
TE045;10.01.2024;8;1.0;591;17;565;17;26;17
TE045;10.01.2024;9;1.0;636;25;607;25;29;25
TE045;10.01.2024;10;1.0;490;26;450;26;40;26
TE045;10.01.2024;11;1.0;422;26;385;26;37;29
TE045;10.01.2024;12;1.0;446;22;423;23;22;19
TE045;10.01.2024;13;1.0;456;24;434;24;22;21
TE045;10.01.2024;14;1.0;484;22;426;22;58;25
TE045;10.01.2024;15;1.0;499;23;461;23;38;23
TE045;10.01.2024;16;1.0;554;24;535;24;19;25
TE045;10.01.2024;17;1.0;559;25;547;25;12;24
TE045;10.01.2024;18;1.0;514;24;497;24;17;19
TE045;10.01.2024;19;1.0;396;26;386;26;10;23
TE045;10.01.2024;20;1.0;307;31;306;31;1;26
TE045;10.01.2024;21;1.0;249;29;247;29;2;35
TE045;10.01.2024;22;1.0;208;31;205;31;3;25
TE045;10.01.2024;23;1.0;131;31;131;31;0;-1
TE045;11.01.2024;0;1.0;94;37;91;37;3;30
TE045;11.01.2024;1;1.0;45;38;42;38;3;35
TE045;11.01.2024;2;1.0;49;39;47;40;2;31
TE045;11.01.2024;3;1.0;40;39;37;39;3;44
TE045;11.01.2024;4;1.0;92;39;91;39;1;46
TE045;11.01.2024;5;1.0;310;36;310;36;0;-1
TE045;11.01.2024;6;1.0;527;30;518;30;9;32
TE045;28.01.2024;10;1.0;407;29;398;29;8;20
TE045;28.01.2024;11;1.0;471;31;465;31;6;10
TE045;28.01.2024;12;1.0;524;28;508;28;16;28
TE045;28.01.2024;13;1.0;560;28;534;28;26;30
TE045;28.01.2024;14;1.0;646;28;605;28;41;27
TE045;28.01.2024;15;1.0;571;26;517;26;54;27
TE045;28.01.2024;16;1.0;667;28;636;28;31;28
TE045;28.01.2024;17;1.0;659;26;616;26;43;26
TE045;28.01.2024;18;1.0;511;28;503;28;8;28
TE045;28.01.2024;19;1.0;447;29;439;29;8;27
TE045;28.01.2024;20;1.0;356;32;349;32;7;32
TE045;28.01.2024;21;1.0;260;33;260;33;0;-1
TE045;28.01.2024;22;1.0;167;34;167;34;0;-1
TE045;28.01.2024;23;1.0;104;34;101;34;3;34
TE045;29.01.2024;0;1.0;62;34;61;34;1;30
TE045;29.01.2024;1;1.0;52;36;50;36;2;38
TE045;29.01.2024;2;1.0;43;37;40;37;3;32
TE045;29.01.2024;3;1.0;22;38;20;37;2;41
TE045;29.01.2024;4;1.0;99;36;97;36;2;33
TE045;29.01.2024;5;1.0;301;32;298;32;3;28
TE045;29.01.2024;6;1.0;563;29;542;29;21;27
TE045;29.01.2024;7;1.0;648;20;602;21;46;21
TE045;29.01.2024;8;1.0;598;22;568;23;30;22
TE045;29.01.2024;9;1.0;549;20;501;21;48;20
TE045;29.01.2024;10;1.0;467;24;419;25;48;17
TE045;29.01.2024;11;1.0;482;26;447;26;35;25
TE045;29.01.2024;12;1.0;473;27;432;27;41;25
TE045;29.01.2024;13;1.0;515;29;474;29;41;27
TE045;29.01.2024;14;1.0;500;27;463;27;37;30
TE045;29.01.2024;15;1.0;455;26;405;27;50;27
TE045;29.01.2024;16;1.0;534;27;493;27;41;26
TE045;29.01.2024;17;1.0;577;23;553;23;24;22
TE045;29.01.2024;18;1.0;479;29;468;29;11;31
TE045;29.01.2024;19;1.0;357;29;344;29;13;26
TE045;29.01.2024;20;1.0;309;31;303;31;6;34
TE045;29.01.2024;21;1.0;245;27;240;27;4;35
TE045;29.01.2024;22;1.0;171;31;170;30;1;34
TE045;30.01.2024;0;1.0;80;32;79;32;1;34
TE045;30.01.2024;1;1.0;50;38;46;37;4;36
TE045;30.01.2024;2;1.0;30;37;28;37;2;30
TE045;30.01.2024;3;1.0;50;37;45;37;5;40
TE045;30.01.2024;4;1.0;75;34;74;34;1;38
TE045;30.01.2024;5;1.0;302;35;292;34;10;35
TE045;30.01.2024;6;1.0;590;28;561;28;29;29
TE045;30.01.2024;7;1.0;581;23;553;24;28;22
TE045;30.01.2024;8;1.0;559;18;528;18;31;17
TE045;30.01.2024;9;1.0;480;24;425;24;55;27
TE045;30.01.2024;10;1.0;451;26;434;26;17;19
TE045;30.01.2024;11;1.0;473;23;426;24;47;24
TE045;30.01.2024;12;1.0;479;26;438;26;40;26
TE045;30.01.2024;13;1.0;471;26;443;26;28;24
TE045;30.01.2024;14;1.0;465;26;415;26;50;26
TE045;30.01.2024;15;1.0;554;28;529;28;25;29
TE045;30.01.2024;16;1.0;527;26;512;26;15;27
TE045;30.01.2024;17;1.0;520;27;504;27;16;28
TE045;30.01.2024;18;1.0;453;28;441;28;12;27
TE045;30.01.2024;19;1.0;386;32;382;32;4;34
TE045;30.01.2024;20;1.0;355;33;350;33;5;34
TE045;30.01.2024;21;1.0;242;36;232;36;10;36
TE045;30.01.2024;22;1.0;194;35;191;35;3;33
TE045;30.01.2024;23;1.0;150;36;150;36;0;-1
TE045;31.01.2024;0;1.0;83;38;81;38;2;32
TE045;31.01.2024;1;1.0;73;40;70;40;3;39
TE045;31.01.2024;2;1.0;74;38;72;38;2;23
TE045;31.01.2024;3;1.0;69;39;64;39;5;36
TE045;31.01.2024;4;1.0;112;38;110;38;2;38
TE045;31.01.2024;5;1.0;253;35;248;35;5;38
TE045;31.01.2024;6;1.0;501;28;492;28;9;27
TE045;31.01.2024;7;1.0;611;22;598;23;13;24
TE045;31.01.2024;8;1.0;626;19;587;19;39;21
TE045;31.01.2024;9;1.0;576;25;546;25;30;26
TE045;31.01.2024;10;1.0;484;22;460;21;24;22
TE045;31.01.2024;11;1.0;473;24;441;24;32;25
TE045;31.01.2024;12;1.0;472;26;434;26;38;27
TE045;31.01.2024;13;1.0;475;25;458;25;17;19
TE045;31.01.2024;14;1.0;493;28;475;28;18;26
TE045;31.01.2024;15;1.0;509;24;489;24;20;22
TE045;31.01.2024;16;1.0;548;24;534;23;14;25
TE045;31.01.2024;17;1.0;586;25;568;25;18;26
TE045;31.01.2024;18;1.0;528;27;521;27;7;24
TE045;31.01.2024;19;1.0;443;32;439;32;4;30
TE045;31.01.2024;20;1.0;309;34;304;34;5;28
TE045;31.01.2024;21;1.0;223;36;223;36;0;-1
TE045;31.01.2024;22;1.0;203;38;198;38;5;38
TE045;31.01.2024;23;1.0;137;37;136;38;1;34
TE053;01.01.2024;0;1.0;107;48;107;48;0;-1
TE053;01.01.2024;1;1.0;282;46;280;46;2;42
TE053;01.01.2024;2;1.0;308;45;307;45;1;45
TE053;01.01.2024;3;1.0;237;47;237;47;0;-1
TE053;01.01.2024;4;1.0;169;47;167;47;2;54
TE053;01.01.2024;5;1.0;164;45;163;45;1;45
TE053;01.01.2024;6;1.0;134;46;133;46;1;40
TE053;01.01.2024;7;1.0;101;46;99;46;2;40
TE053;01.01.2024;8;1.0;100;43;100;43;0;-1
TE053;01.01.2024;9;1.0;129;43;125;43;4;45
TE053;01.01.2024;10;1.0;177;43;169;43;8;42
TE053;01.01.2024;11;1.0;273;43;272;43;1;41
TE053;01.01.2024;12;1.0;365;43;364;43;1;41
TE053;01.01.2024;13;1.0;434;42;431;42;3;43
TE053;01.01.2024;14;1.0;404;43;399;43;5;43
TE053;01.01.2024;15;1.0;467;43;465;43;2;40
TE053;01.01.2024;16;1.0;430;43;418;43;12;43
TE053;01.01.2024;17;1.0;463;42;459;42;4;41
TE053;01.01.2024;18;1.0;370;43;368;43;2;46
TE053;01.01.2024;19;1.0;276;41;272;41;4;34
TE053;01.01.2024;20;1.0;235;42;234;42;1;59
TE053;01.01.2024;21;1.0;185;42;185;42;0;-1
TE053;01.01.2024;22;1.0;186;44;184;44;2;31
TE053;01.01.2024;23;1.0;126;44;126;44;0;-1
TE053;02.01.2024;0;1.0;95;45;95;45;0;-1
TE053;02.01.2024;1;1.0;75;47;74;47;1;42
TE053;02.01.2024;2;1.0;63;47;61;47;2;44
TE053;02.01.2024;3;1.0;53;42;50;42;3;43
TE053;02.01.2024;4;1.0;138;43;131;42;7;48
TE053;02.01.2024;5;1.0;394;41;380;41;14;42
TE053;02.01.2024;6;1.0;485;39;475;39;10;40
TE053;02.01.2024;7;1.0;583;38;578;38;5;37
TE053;02.01.2024;8;1.0;614;38;603;38;11;39
TE053;02.01.2024;9;1.0;590;39;577;39;13;39
TE053;02.01.2024;10;1.0;634;40;631;40;3;39
TE053;02.01.2024;11;1.0;720;39;714;39;6;37
TE053;02.01.2024;12;1.0;755;41;751;41;4;39
TE053;02.01.2024;13;1.0;743;33;737;33;6;31
TE053;02.01.2024;14;1.0;805;40;798;40;7;40
TE053;02.01.2024;15;1.0;810;39;799;39;11;42
TE053;02.01.2024;16;1.0;819;37;813;37;6;38
TE053;02.01.2024;17;1.0;663;41;659;41;4;39
TE053;02.01.2024;18;1.0;592;41;590;41;2;40
TE053;02.01.2024;19;1.0;489;41;486;41;3;44
TE053;02.01.2024;20;1.0;375;43;375;43;0;-1
TE053;02.01.2024;21;1.0;281;42;280;42;1;50
TE053;02.01.2024;22;1.0;235;45;234;45;1;41
TE053;02.01.2024;23;1.0;127;46;125;46;2;48
TE053;03.01.2024;0;1.0;103;49;99;49;4;48
TE053;03.01.2024;1;1.0;73;49;72;49;1;48
TE053;03.01.2024;2;1.0;64;44;61;44;3;39
TE053;03.01.2024;3;1.0;59;43;56;43;3;39
TE053;03.01.2024;4;1.0;137;45;133;45;4;44
TE053;03.01.2024;5;1.0;397;42;379;42;18;42
TE053;03.01.2024;6;1.0;565;42;542;42;23;43
TE053;03.01.2024;7;1.0;619;41;589;41;30;41
TE053;03.01.2024;8;1.0;634;41;617;41;17;40
TE053;03.01.2024;9;1.0;683;41;670;41;13;41
TE053;03.01.2024;10;1.0;724;41;688;41;36;41
TE053;03.01.2024;11;1.0;770;42;717;42;53;42
TE053;03.01.2024;12;1.0;832;36;789;36;43;37
TE053;03.01.2024;13;1.0;769;41;740;41;29;42
TE053;03.01.2024;14;1.0;883;40;858;40;25;42
TE053;03.01.2024;15;1.0;932;37;916;37;16;38
TE053;03.01.2024;16;1.0;874;36;847;35;27;37
TE053;03.01.2024;17;1.0;812;39;796;39;16;39
TE053;03.01.2024;18;1.0;684;39;674;39;10;36
TE053;03.01.2024;19;1.0;592;40;575;40;17;41
TE053;03.01.2024;20;1.0;382;42;379;42;3;40
TE053;03.01.2024;21;1.0;310;45;306;45;4;42
TE053;03.01.2024;22;1.0;222;45;219;45;3;44
TE053;03.01.2024;23;1.0;155;46;149;46;6;48
TE053;04.01.2024;0;1.0;103;48;98;48;5;47
TE053;04.01.2024;1;1.0;57;48;52;48;5;51
TE053;04.01.2024;2;1.0;55;43;52;43;3;46
TE053;04.01.2024;3;1.0;57;45;53;45;4;46
TE053;04.01.2024;4;1.0;173;44;167;44;6;47
TE053;04.01.2024;5;1.0;412;43;409;43;3;42
TE053;04.01.2024;6;1.0;512;43;500;43;12;44
TE053;04.01.2024;7;1.0;631;39;611;39;20;40
TE053;04.01.2024;8;1.0;691;39;680;39;11;39
TE053;04.01.2024;9;1.0;753;40;724;40;29;41
TE053;04.01.2024;10;1.0;776;40;742;40;34;40
TE053;04.01.2024;11;1.0;820;40;800;40;20;40
TE053;04.01.2024;12;1.0;825;39;811;39;14;40
TE053;04.01.2024;13;1.0;827;40;804;40;23;40
TE053;04.01.2024;14;1.0;901;37;864;37;37;35
TE053;04.01.2024;15;1.0;922;35;889;35;33;34
TE053;04.01.2024;16;1.0;843;36;824;36;19;33
TE053;04.01.2024;17;1.0;903;35;876;35;27;34
TE053;04.01.2024;18;1.0;807;36;791;36;16;34
TE053;04.01.2024;19;1.0;571;37;564;37;7;37
TE053;04.01.2024;20;1.0;450;40;444;40;6;44
TE053;04.01.2024;21;1.0;307;42;305;41;2;46
TE053;04.01.2024;22;1.0;270;44;257;44;13;46
TE053;04.01.2024;23;1.0;153;44;143;45;10;44
TE053;05.01.2024;0;1.0;98;47;90;48;8;42
TE053;05.01.2024;1;1.0;86;48;77;48;9;51
TE053;05.01.2024;2;1.0;62;46;58;46;4;52
TE053;05.01.2024;3;1.0;65;46;61;46;4;54
TE053;05.01.2024;4;1.0;154;46;148;46;6;48
TE053;05.01.2024;5;1.0;402;45;385;45;17;42
TE053;05.01.2024;6;1.0;508;44;474;44;34;45
TE053;05.01.2024;7;1.0;613;42;581;42;32;41
TE053;05.01.2024;8;1.0;649;40;638;40;11;41
TE053;05.01.2024;9;1.0;693;40;686;40;7;40
TE053;05.01.2024;10;1.0;751;40;733;40;18;38
TE053;05.01.2024;11;1.0;824;41;804;41;20;41
TE053;05.01.2024;12;1.0;855;38;837;38;18;40
TE053;05.01.2024;13;1.0;828;41;813;41;15;42
TE053;05.01.2024;14;1.0;917;38;893;39;24;34
TE053;05.01.2024;15;1.0;855;37;828;37;27;36
TE053;05.01.2024;16;1.0;829;38;813;38;16;37
TE053;05.01.2024;17;1.0;793;36;782;36;11;38
TE053;05.01.2024;18;1.0;635;41;623;41;12;39
TE053;05.01.2024;19;1.0;580;41;570;41;10;39
TE053;05.01.2024;20;1.0;450;43;450;43;0;-1
TE053;05.01.2024;21;1.0;332;44;331;44;1;41
TE053;05.01.2024;22;1.0;248;45;242;45;6;41
TE053;05.01.2024;23;1.0;192;44;189;44;3;48
TE053;06.01.2024;0;1.0;157;45;157;45;0;-1
TE053;06.01.2024;1;1.0;112;44;112;44;0;-1
TE053;06.01.2024;2;1.0;81;44;81;44;0;-1
TE053;06.01.2024;3;1.0;68;46;64;46;4;46
TE053;06.01.2024;4;1.0;103;45;102;46;1;43
TE053;06.01.2024;5;1.0;208;46;200;46;8;46
TE053;06.01.2024;6;1.0;158;44;149;44;9;42
TE053;06.01.2024;7;1.0;230;45;212;45;18;44
TE053;06.01.2024;8;1.0;289;45;281;45;8;43
TE053;06.01.2024;9;1.0;446;43;439;43;7;41
TE053;06.01.2024;10;1.0;590;42;581;42;9;43
TE053;06.01.2024;11;1.0;728;40;720;40;8;39
TE053;06.01.2024;12;1.0;745;41;734;41;11;40
TE053;06.01.2024;13;1.0;793;41;780;41;13;43
TE053;06.01.2024;14;1.0;811;41;802;41;9;41
TE053;06.01.2024;15;1.0;864;38;850;38;14;37
TE053;06.01.2024;16;1.0;776;39;767;39;9;39
TE053;06.01.2024;17;1.0;790;39;781;39;9;40
TE053;06.01.2024;18;1.0;734;40;728;40;6;39
TE053;06.01.2024;19;1.0;639;39;635;39;4;38
TE053;06.01.2024;20;1.0;491;41;491;41;0;-1
TE053;06.01.2024;21;1.0;333;44;333;44;0;-1
TE053;06.01.2024;22;1.0;294;43;293;43;1;44
TE053;06.01.2024;23;1.0;218;44;218;44;0;-1
TE053;07.01.2024;0;1.0;192;44;191;44;1;43
TE053;07.01.2024;1;1.0;106;44;106;44;0;-1
TE053;07.01.2024;2;1.0;101;43;101;43;0;-1
TE053;07.01.2024;3;1.0;79;40;77;40;2;38
TE053;07.01.2024;4;1.0;73;41;73;41;0;-1
TE053;07.01.2024;5;1.0;117;39;116;39;1;38
TE053;07.01.2024;6;1.0;104;40;104;40;0;-1
TE053;07.01.2024;7;1.0;94;44;92;44;2;39
TE053;07.01.2024;8;1.0;121;43;119;43;2;38
TE053;07.01.2024;9;1.0;233;42;229;42;4;45
TE053;07.01.2024;10;1.0;343;41;341;41;2;40
TE053;07.01.2024;11;1.0;462;40;460;40;2;41
TE053;07.01.2024;12;1.0;505;40;501;40;4;39
TE053;07.01.2024;13;1.0;504;40;501;40;3;38
TE053;07.01.2024;14;1.0;658;40;654;40;4;38
TE053;07.01.2024;15;1.0;595;41;592;41;3;42
TE053;07.01.2024;16;1.0;612;39;611;39;1;38
TE053;07.01.2024;17;1.0;640;38;634;38;6;36
TE053;07.01.2024;18;1.0;577;39;577;39;0;-1
TE053;07.01.2024;19;1.0;430;40;426;40;4;38
TE053;07.01.2024;20;1.0;346;42;344;42;2;42
TE053;07.01.2024;21;1.0;291;40;285;40;6;40
TE053;07.01.2024;22;1.0;199;40;190;40;9;39
TE053;07.01.2024;23;1.0;117;40;110;40;7;41
TE053;08.01.2024;0;1.0;93;41;87;41;6;40
TE053;08.01.2024;1;1.0;57;42;53;42;4;40
TE053;08.01.2024;2;1.0;66;43;59;42;7;42
TE053;08.01.2024;3;1.0;54;40;51;41;3;37
TE053;08.01.2024;4;1.0;186;42;169;41;17;42
TE053;08.01.2024;5;1.0;479;40;457;40;22;40
TE053;08.01.2024;6;1.0;664;33;633;33;31;35
TE053;08.01.2024;7;1.0;787;30;760;30;27;32
TE053;08.01.2024;8;1.0;745;30;704;30;41;26
TE053;08.01.2024;9;1.0;829;33;799;33;30;34
TE053;08.01.2024;10;1.0;729;35;704;35;25;37
TE053;08.01.2024;11;1.0;780;36;747;36;33;36
TE053;08.01.2024;12;1.0;790;36;753;36;37;35
TE053;08.01.2024;13;1.0;729;36;703;36;26;34
TE053;08.01.2024;14;1.0;841;35;819;35;22;33
TE053;08.01.2024;15;1.0;919;35;886;35;33;33
TE053;08.01.2024;16;1.0;911;33;896;33;15;33
TE053;08.01.2024;17;1.0;811;33;801;33;10;29
TE053;08.01.2024;18;1.0;678;35;668;35;10;35
TE053;08.01.2024;19;1.0;523;35;507;35;16;36
TE053;08.01.2024;20;1.0;402;38;396;38;6;37
TE053;08.01.2024;21;1.0;305;38;302;38;3;39
TE053;08.01.2024;22;1.0;231;40;227;40;4;38
TE053;08.01.2024;23;1.0;111;39;107;39;4;38
TE053;09.01.2024;0;1.0;91;41;90;41;1;37
TE053;09.01.2024;1;1.0;57;38;55;38;2;35
TE053;09.01.2024;2;1.0;60;38;55;38;5;40
TE053;09.01.2024;3;1.0;52;40;48;39;4;43
TE053;09.01.2024;4;1.0;187;41;175;41;12;39
TE053;09.01.2024;5;1.0;515;37;497;37;18;38
TE053;09.01.2024;6;1.0;756;35;718;35;38;35
TE053;09.01.2024;7;1.0;781;33;764;33;17;34
TE053;09.01.2024;8;1.0;848;31;822;31;26;29
TE053;09.01.2024;9;1.0;813;32;786;32;27;31
TE053;09.01.2024;10;1.0;794;34;756;34;38;36
TE053;09.01.2024;11;1.0;815;35;769;35;46;36
TE053;09.01.2024;12;1.0;833;34;788;34;45;35
TE053;09.01.2024;13;1.0;865;35;833;35;32;35
TE053;09.01.2024;14;1.0;884;36;850;36;34;36
TE053;09.01.2024;15;1.0;966;32;936;32;30;31
TE053;09.01.2024;16;1.0;945;32;913;32;32;30
TE053;09.01.2024;17;1.0;845;33;834;32;11;32
TE053;09.01.2024;18;1.0;738;33;724;33;14;34
TE053;09.01.2024;19;1.0;571;35;560;35;11;36
TE053;09.01.2024;20;1.0;433;37;426;38;7;36
TE053;09.01.2024;21;1.0;313;39;309;39;4;39
TE053;09.01.2024;22;1.0;257;40;249;40;8;40
TE053;09.01.2024;23;1.0;150;41;142;41;8;47
TE053;10.01.2024;0;1.0;90;39;89;39;1;42
TE053;10.01.2024;1;1.0;81;41;78;41;3;45
TE053;10.01.2024;2;1.0;61;40;58;40;3;41
TE053;10.01.2024;3;1.0;53;39;53;39;0;-1
TE053;10.01.2024;4;1.0;193;38;188;38;5;41
TE053;10.01.2024;5;1.0;579;38;564;38;15;39
TE053;10.01.2024;6;1.0;855;32;827;32;28;32
TE053;10.01.2024;7;1.0;756;26;723;26;33;20
TE053;10.01.2024;8;1.0;897;29;861;29;36;28
TE053;10.01.2024;9;1.0;934;33;901;33;33;33
TE053;10.01.2024;10;1.0;833;36;803;36;30;36
TE053;10.01.2024;11;1.0;792;36;753;36;39;38
TE053;10.01.2024;12;1.0;824;34;800;34;24;35
TE053;10.01.2024;13;1.0;849;36;826;36;23;37
TE053;10.01.2024;14;1.0;975;36;924;36;51;35
TE053;10.01.2024;15;1.0;960;29;932;29;28;26
TE053;10.01.2024;16;1.0;945;31;910;31;35;32
TE053;10.01.2024;17;1.0;940;33;914;33;26;35
TE053;10.01.2024;18;1.0;777;33;771;33;6;37
TE053;10.01.2024;19;1.0;689;33;669;33;20;32
TE053;10.01.2024;20;1.0;504;38;496;38;8;40
TE053;10.01.2024;21;1.0;361;38;359;38;2;40
TE053;10.01.2024;22;1.0;277;40;274;40;3;39
TE053;10.01.2024;23;1.0;167;41;165;40;2;49
TE053;11.01.2024;0;1.0;131;39;131;39;0;-1
TE053;11.01.2024;1;1.0;49;43;45;44;4;36
TE053;11.01.2024;2;1.0;54;39;53;39;1;36
TE053;11.01.2024;3;1.0;61;46;60;46;1;64
TE053;11.01.2024;4;1.0;189;46;179;46;10;47
TE053;11.01.2024;5;1.0;548;46;541;46;7;45
TE053;11.01.2024;6;1.0;747;42;744;42;3;41
TE053;11.01.2024;7;1.0;742;35;733;35;9;28
TE053;11.01.2024;8;1.0;846;34;833;34;13;35
TE053;11.01.2024;9;1.0;807;38;792;38;15;40
TE053;11.01.2024;10;1.0;802;40;784;40;18;39
TE053;11.01.2024;11;1.0;834;40;817;40;17;41
TE053;11.01.2024;12;1.0;816;40;806;41;10;40
TE053;11.01.2024;13;1.0;817;39;807;39;10;38
TE053;11.01.2024;14;1.0;851;34;838;34;13;31
TE053;11.01.2024;15;1.0;859;29;829;29;30;24
TE053;11.01.2024;16;1.0;851;25;815;24;36;23
TE053;11.01.2024;17;1.0;831;28;815;28;16;28
TE053;11.01.2024;18;1.0;746;35;733;35;13;28
TE053;11.01.2024;19;1.0;667;36;658;36;9;30
TE053;11.01.2024;20;1.0;470;42;467;42;3;39
TE053;11.01.2024;21;1.0;341;44;340;44;1;43
TE053;11.01.2024;22;1.0;285;43;280;43;5;42
TE053;11.01.2024;23;1.0;163;46;163;46;0;-1
TE053;12.01.2024;0;1.0;113;48;112;48;1;46
TE053;12.01.2024;1;1.0;65;46;65;46;0;-1
TE053;12.01.2024;2;1.0;69;44;69;44;0;-1
TE053;12.01.2024;3;1.0;72;44;72;44;0;-1
TE053;12.01.2024;4;1.0;175;47;175;47;0;-1
TE053;12.01.2024;5;1.0;469;45;458;45;11;46
TE053;12.01.2024;6;1.0;656;44;642;44;14;44
TE053;12.01.2024;7;1.0;748;36;741;36;7;36
TE053;12.01.2024;8;1.0;742;35;720;35;22;35
TE053;12.01.2024;9;1.0;762;38;754;38;8;38
TE053;12.01.2024;10;1.0;769;39;757;39;12;40
TE053;12.01.2024;11;1.0;780;40;769;40;11;41
TE053;12.01.2024;12;1.0;858;39;854;39;4;40
TE053;12.01.2024;13;1.0;884;38;874;38;10;39
TE053;12.01.2024;14;1.0;910;36;901;36;9;33
TE053;12.01.2024;15;1.0;964;33;941;33;23;30
TE053;12.01.2024;16;1.0;850;27;831;27;19;19
TE053;12.01.2024;17;1.0;881;35;867;35;14;29
TE053;12.01.2024;18;1.0;779;37;773;37;6;37
TE053;12.01.2024;19;1.0;671;39;669;39;2;38
TE053;12.01.2024;20;1.0;498;42;496;42;2;42
TE053;12.01.2024;21;1.0;362;43;362;43;0;-1
TE053;12.01.2024;22;1.0;299;43;297;43;2;42
TE053;12.01.2024;23;1.0;215;44;214;44;1;42
TE053;13.01.2024;0;1.0;191;44;190;44;1;42
TE053;13.01.2024;1;1.0;162;47;160;47;2;46
TE053;13.01.2024;2;1.0;106;43;103;43;3;47
TE053;13.01.2024;3;1.0;78;48;76;48;2;46
TE053;13.01.2024;4;1.0;111;46;109;46;2;63
TE053;13.01.2024;5;1.0;172;43;170;43;2;42
TE053;13.01.2024;6;1.0;175;42;174;42;1;42
TE053;13.01.2024;7;1.0;252;44;250;44;2;40
TE053;13.01.2024;8;1.0;355;42;352;42;3;43
TE053;13.01.2024;9;1.0;512;42;504;42;8;42
TE053;13.01.2024;10;1.0;634;42;630;42;4;42
TE053;13.01.2024;11;1.0;800;38;796;38;4;36
TE053;13.01.2024;12;1.0;883;38;873;38;10;39
TE053;13.01.2024;13;1.0;887;39;879;39;8;41
TE053;13.01.2024;14;1.0;840;39;822;39;18;38
TE053;13.01.2024;15;1.0;881;38;873;38;8;36
TE053;13.01.2024;16;1.0;824;39;812;39;12;40
TE053;13.01.2024;17;1.0;812;38;802;38;10;38
TE053;13.01.2024;18;1.0;726;40;724;40;2;37
TE053;13.01.2024;19;1.0;623;41;621;41;2;43
TE053;13.01.2024;20;1.0;482;43;479;43;3;43
TE053;13.01.2024;21;1.0;383;43;379;43;4;44
TE053;13.01.2024;22;1.0;322;42;322;42;0;-1
TE053;13.01.2024;23;1.0;288;43;288;43;0;-1
TE053;14.01.2024;0;1.0;350;41;349;41;1;45
TE053;14.01.2024;1;1.0;154;43;154;43;0;-1
TE053;14.01.2024;2;1.0;132;46;132;46;0;-1
TE053;14.01.2024;3;1.0;80;44;79;44;1;42
TE053;14.01.2024;4;1.0;95;43;93;43;2;42
TE053;14.01.2024;5;1.0;123;44;123;44;0;-1
TE053;14.01.2024;6;1.0;97;46;95;46;2;43
TE053;14.01.2024;7;1.0;115;44;115;44;0;-1
TE053;14.01.2024;8;1.0;148;41;147;41;1;39
TE053;14.01.2024;9;1.0;272;42;272;42;0;-1
TE053;14.01.2024;10;1.0;384;42;383;42;1;39
TE053;14.01.2024;11;1.0;534;39;529;39;5;44
TE053;14.01.2024;12;1.0;563;39;559;39;4;37
TE053;14.01.2024;13;1.0;619;40;614;40;5;41
TE053;14.01.2024;14;1.0;716;40;714;40;2;39
TE053;14.01.2024;15;1.0;615;41;607;41;8;42
TE053;14.01.2024;16;1.0;651;39;644;39;7;40
TE053;14.01.2024;17;1.0;677;38;672;38;5;40
TE053;14.01.2024;18;1.0;533;41;531;41;2;37
TE053;14.01.2024;19;1.0;417;42;415;42;2;41
TE053;14.01.2024;20;1.0;334;44;334;44;0;-1
TE053;14.01.2024;21;1.0;274;45;270;45;4;45
TE053;14.01.2024;22;1.0;220;43;219;43;1;44
TE053;14.01.2024;23;1.0;130;46;129;46;1;44
TE053;15.01.2024;0;1.0;72;45;68;45;4;42
TE053;15.01.2024;1;1.0;61;48;61;48;0;-1
TE053;15.01.2024;2;1.0;63;45;62;45;1;43
TE053;15.01.2024;3;1.0;59;45;58;45;1;41
TE053;15.01.2024;4;1.0;191;46;185;45;6;48
TE053;15.01.2024;5;1.0;543;47;521;47;22;45
TE053;15.01.2024;6;1.0;685;41;670;40;15;42
TE053;15.01.2024;7;1.0;799;37;787;37;12;40
TE053;15.01.2024;8;1.0;831;36;820;37;11;33
TE053;15.01.2024;9;1.0;701;40;680;40;21;40
TE053;15.01.2024;10;1.0;831;39;810;39;21;40
TE053;15.01.2024;11;1.0;778;40;758;40;20;41
TE053;15.01.2024;12;1.0;845;36;815;36;30;32
TE053;15.01.2024;13;1.0;783;40;771;40;12;38
TE053;15.01.2024;14;1.0;842;36;833;36;10;35
TE053;15.01.2024;15;1.0;853;35;840;35;13;35
TE053;15.01.2024;16;1.0;863;28;841;28;22;26
TE053;15.01.2024;17;1.0;771;37;737;37;34;36
TE053;15.01.2024;18;1.0;694;39;685;39;9;38
TE053;15.01.2024;19;1.0;539;40;531;40;8;42
TE053;15.01.2024;20;1.0;428;41;424;41;4;44
TE053;15.01.2024;21;1.0;300;41;300;41;0;-1
TE053;15.01.2024;22;1.0;254;42;247;43;7;41
TE053;15.01.2024;23;1.0;135;43;134;43;1;42
TE053;16.01.2024;0;1.0;72;44;72;44;0;-1
TE053;16.01.2024;1;1.0;63;48;60;48;3;45
TE053;16.01.2024;2;1.0;47;37;47;37;0;-1
TE053;16.01.2024;3;1.0;51;39;49;39;2;35
TE053;16.01.2024;4;1.0;166;39;162;39;4;38
TE053;16.01.2024;5;1.0;427;38;418;38;9;41
TE053;16.01.2024;6;1.0;595;34;565;34;30;32
TE053;16.01.2024;7;1.0;651;32;618;32;33;25
TE053;16.01.2024;8;1.0;849;34;825;34;24;34
TE053;16.01.2024;9;1.0;786;38;781;38;5;38
TE053;16.01.2024;10;1.0;772;39;759;39;13;38
TE053;16.01.2024;11;1.0;818;40;801;40;17;39
TE053;16.01.2024;12;1.0;833;41;802;41;31;40
TE053;16.01.2024;13;1.0;788;39;770;39;18;40
TE053;16.01.2024;14;1.0;875;40;860;40;15;43
TE053;16.01.2024;15;1.0;979;37;963;37;16;35
TE053;16.01.2024;16;1.0;902;37;896;37;6;36
TE053;16.01.2024;17;1.0;791;35;785;35;6;35
TE053;16.01.2024;18;1.0;792;39;785;39;7;39
TE053;16.01.2024;19;1.0;618;39;607;39;11;38
TE053;16.01.2024;20;1.0;424;41;420;41;4;39
TE053;16.01.2024;21;1.0;324;42;323;43;1;43
TE053;16.01.2024;22;1.0;232;43;230;43;2;51
TE053;16.01.2024;23;1.0;139;41;133;41;6;45
TE053;17.01.2024;0;1.0;85;39;84;39;1;40
TE053;17.01.2024;1;1.0;74;41;71;41;3;47
TE053;17.01.2024;2;1.0;67;41;63;41;4;44
TE053;17.01.2024;3;1.0;63;38;61;38;2;47
TE053;17.01.2024;4;1.0;198;38;194;38;4;44
TE053;17.01.2024;5;1.0;440;39;415;39;25;39
TE053;17.01.2024;6;1.0;777;35;756;35;21;35
TE053;17.01.2024;7;1.0;815;31;788;31;27;31
TE053;17.01.2024;8;1.0;884;29;840;29;44;30
TE053;17.01.2024;9;1.0;797;35;778;35;19;34
TE053;17.01.2024;10;1.0;784;36;751;36;33;36
TE053;17.01.2024;11;1.0;783;36;746;36;37;39
TE053;17.01.2024;12;1.0;833;37;794;37;39;36
TE053;17.01.2024;13;1.0;827;38;801;38;26;39
TE053;17.01.2024;14;1.0;884;36;859;36;25;38
TE053;17.01.2024;15;1.0;946;33;930;33;16;33
TE053;17.01.2024;16;1.0;895;34;878;34;17;30
TE053;17.01.2024;17;1.0;866;33;856;33;10;39
TE053;17.01.2024;18;1.0;806;38;800;38;6;39
TE053;17.01.2024;19;1.0;592;40;584;40;8;39
TE053;17.01.2024;20;1.0;436;40;435;40;1;37
TE053;17.01.2024;21;1.0;334;41;334;41;0;-1
TE053;17.01.2024;22;1.0;237;42;234;42;3;40
TE053;17.01.2024;23;1.0;140;43;140;43;0;-1
TE053;18.01.2024;0;1.0;88;43;87;43;1;50
TE053;18.01.2024;1;1.0;75;44;75;44;0;-1
TE053;18.01.2024;2;1.0;75;44;72;44;3;43
TE053;18.01.2024;3;1.0;63;44;63;44;0;-1
TE053;18.01.2024;4;1.0;188;42;185;42;3;40
TE053;18.01.2024;5;1.0;532;41;525;41;7;44
TE053;18.01.2024;6;1.0;718;37;702;37;16;38
TE053;18.01.2024;7;1.0;808;37;792;37;16;37
TE053;18.01.2024;8;1.0;868;35;846;35;22;34
TE053;18.01.2024;9;1.0;811;37;786;37;25;37
TE053;18.01.2024;10;1.0;860;39;835;38;25;39
TE053;18.01.2024;11;1.0;813;37;787;37;26;36
TE053;18.01.2024;12;1.0;864;39;842;39;22;38
TE053;18.01.2024;13;1.0;859;36;835;36;24;35
TE053;18.01.2024;14;1.0;891;35;866;35;25;33
TE053;18.01.2024;15;1.0;992;31;951;31;41;27
TE053;18.01.2024;16;1.0;880;23;843;23;37;21
TE053;18.01.2024;17;1.0;866;28;846;28;20;23
TE053;18.01.2024;18;1.0;758;35;752;35;6;34
TE053;18.01.2024;19;1.0;578;36;564;36;14;35
TE053;18.01.2024;20;1.0;408;38;406;38;2;37
TE053;18.01.2024;21;1.0;323;39;322;39;1;36
TE053;18.01.2024;22;1.0;270;40;267;40;3;40
TE053;18.01.2024;23;1.0;167;42;164;42;3;39
TE053;19.01.2024;0;1.0;96;41;96;41;0;-1
TE053;19.01.2024;1;1.0;71;43;71;43;0;-1
TE053;19.01.2024;2;1.0;78;43;77;43;1;41
TE053;19.01.2024;3;1.0;68;43;67;43;1;40
TE053;19.01.2024;4;1.0;180;42;178;42;2;41
TE053;19.01.2024;5;1.0;433;42;418;42;15;41
TE053;19.01.2024;6;1.0;616;39;582;39;34;40
TE053;19.01.2024;7;1.0;770;37;740;37;30;37
TE053;19.01.2024;8;1.0;794;36;770;36;24;36
TE053;19.01.2024;9;1.0;759;39;738;39;21;39
TE053;19.01.2024;10;1.0;760;35;722;35;38;35
TE053;19.01.2024;11;1.0;865;35;836;35;29;35
TE053;19.01.2024;12;1.0;941;36;898;36;43;36
TE053;19.01.2024;13;1.0;883;36;861;36;22;36
TE053;19.01.2024;14;1.0;880;36;841;36;39;33
TE053;19.01.2024;15;1.0;910;32;889;32;21;22
TE053;19.01.2024;16;1.0;914;35;899;35;15;34
TE053;19.01.2024;17;1.0;840;38;824;38;16;38
TE053;19.01.2024;18;1.0;788;38;782;38;6;36
TE053;19.01.2024;19;1.0;639;38;633;38;6;39
TE053;19.01.2024;20;1.0;511;39;508;39;3;39
TE053;19.01.2024;21;1.0;354;40;351;40;3;40
TE053;19.01.2024;22;1.0;313;41;312;41;1;41
TE053;19.01.2024;23;1.0;222;42;222;42;0;-1
TE053;20.01.2024;0;1.0;167;42;167;42;0;-1
TE053;20.01.2024;1;1.0;101;44;100;44;1;45
TE053;20.01.2024;2;1.0;82;46;82;46;0;-1
TE053;20.01.2024;3;1.0;74;44;73;44;1;45
TE053;20.01.2024;4;1.0;114;44;112;44;2;40
TE053;20.01.2024;5;1.0;174;44;172;44;2;48
TE053;20.01.2024;6;1.0;170;44;164;44;6;44
TE053;20.01.2024;7;1.0;252;42;248;42;4;45
TE053;20.01.2024;8;1.0;363;43;356;43;7;39
TE053;20.01.2024;9;1.0;532;39;517;40;15;39
TE053;20.01.2024;10;1.0;622;43;602;43;20;45
TE053;20.01.2024;11;1.0;744;39;730;39;14;40
TE053;20.01.2024;12;1.0;808;38;803;38;5;40
TE053;20.01.2024;13;1.0;878;37;860;37;18;36
TE053;20.01.2024;14;1.0;848;38;836;38;12;36
TE053;20.01.2024;15;1.0;870;39;858;39;12;39
TE053;20.01.2024;16;1.0;775;39;758;39;17;39
TE053;20.01.2024;17;1.0;834;39;823;39;11;39
TE053;20.01.2024;18;1.0;797;39;795;39;2;31
TE053;20.01.2024;19;1.0;676;39;666;39;10;37
TE053;20.01.2024;20;1.0;472;38;470;38;2;37
TE053;20.01.2024;21;1.0;377;40;377;40;0;-1
TE053;20.01.2024;22;1.0;301;39;300;39;1;43
TE053;20.01.2024;23;1.0;272;38;271;38;1;43
TE053;21.01.2024;0;1.0;223;38;222;38;1;40
TE053;21.01.2024;1;1.0;156;40;155;40;1;52
TE053;21.01.2024;2;1.0;120;42;120;42;0;-1
TE053;21.01.2024;3;1.0;90;43;89;43;1;44
TE053;21.01.2024;4;1.0;109;40;109;40;0;-1
TE053;21.01.2024;5;1.0;121;42;121;42;0;-1
TE053;21.01.2024;6;1.0;113;45;111;45;2;42
TE053;21.01.2024;7;1.0;100;43;100;43;0;-1
TE053;21.01.2024;8;1.0;165;42;165;42;0;-1
TE053;21.01.2024;9;1.0;340;39;339;39;1;44
TE053;21.01.2024;10;1.0;372;41;370;41;2;38
TE053;21.01.2024;11;1.0;517;41;515;41;2;43
TE053;21.01.2024;12;1.0;562;40;557;40;5;41
TE053;21.01.2024;13;1.0;633;41;629;41;4;38
TE053;21.01.2024;14;1.0;707;40;702;40;5;40
TE053;21.01.2024;15;1.0;660;42;657;42;3;41
TE053;21.01.2024;16;1.0;614;41;610;41;4;41
TE053;21.01.2024;17;1.0;694;40;691;40;3;40
TE053;21.01.2024;18;1.0;626;42;616;42;10;42
TE053;21.01.2024;19;1.0;501;43;496;43;5;46
TE053;21.01.2024;20;1.0;366;43;362;43;4;41
TE053;21.01.2024;21;1.0;331;45;327;45;4;45
TE053;21.01.2024;22;1.0;192;42;189;42;3;43
TE053;21.01.2024;23;1.0;109;45;106;45;3;45
TE053;22.01.2024;0;1.0;97;45;95;45;2;41
TE053;22.01.2024;1;1.0;56;44;54;44;2;43
TE053;22.01.2024;2;1.0;73;42;72;42;1;40
TE053;22.01.2024;3;1.0;81;46;75;46;6;46
TE053;22.01.2024;4;1.0;171;48;162;48;9;47
TE053;22.01.2024;5;1.0;571;46;559;46;12;46
TE053;22.01.2024;6;1.0;821;42;759;42;62;44
TE053;22.01.2024;7;1.0;862;42;789;42;73;43
TE053;22.01.2024;8;1.0;943;42;858;42;85;41
TE053;22.01.2024;9;1.0;783;40;757;40;26;40
TE053;22.01.2024;10;1.0;775;39;757;39;18;39
TE053;22.01.2024;11;1.0;823;40;784;40;39;38
TE053;22.01.2024;12;1.0;811;41;770;41;41;42
TE053;22.01.2024;13;1.0;878;40;803;40;75;39
TE053;22.01.2024;14;1.0;922;41;848;41;74;39
TE053;22.01.2024;15;1.0;807;27;730;27;78;24
TE053;22.01.2024;16;1.0;909;36;881;36;28;37
TE053;22.01.2024;17;1.0;825;37;780;37;45;38
TE053;22.01.2024;18;1.0;724;38;716;38;8;37
TE053;22.01.2024;19;1.0;615;40;610;40;5;41
TE053;22.01.2024;20;1.0;406;42;403;42;3;42
TE053;22.01.2024;21;1.0;265;43;263;43;2;40
TE053;22.01.2024;22;1.0;218;44;217;44;1;43
TE053;22.01.2024;23;1.0;133;43;132;43;1;43
TE053;23.01.2024;0;1.0;93;46;91;46;2;42
TE053;23.01.2024;1;1.0;61;48;58;48;3;50
TE053;23.01.2024;2;1.0;70;40;63;40;6;54
TE053;23.01.2024;3;1.0;57;43;56;43;1;40
TE053;23.01.2024;4;1.0;183;43;179;43;4;44
TE053;23.01.2024;5;1.0;531;38;515;38;17;35
TE053;23.01.2024;6;1.0;764;39;743;39;21;40
TE053;23.01.2024;7;1.0;810;34;784;34;26;33
TE053;23.01.2024;8;1.0;864;37;821;37;43;36
TE053;23.01.2024;9;1.0;899;38;844;38;55;38
TE053;23.01.2024;10;1.0;807;37;777;37;31;35
TE053;23.01.2024;11;1.0;770;40;742;40;28;41
TE053;23.01.2024;12;1.0;802;39;766;39;36;39
TE053;23.01.2024;13;1.0;847;39;819;39;28;39
TE053;23.01.2024;14;1.0;837;37;800;37;37;34
TE053;23.01.2024;15;1.0;909;34;866;34;43;32
TE053;23.01.2024;16;1.0;906;36;883;36;23;35
TE053;23.01.2024;17;1.0;856;32;837;32;20;31
TE053;23.01.2024;18;1.0;770;36;756;36;14;37
TE053;23.01.2024;19;1.0;585;37;568;37;16;37
TE053;23.01.2024;20;1.0;432;37;426;37;5;39
TE053;23.01.2024;21;1.0;316;42;316;42;0;-1
TE053;23.01.2024;22;1.0;245;43;243;43;2;42
TE053;23.01.2024;23;1.0;141;44;140;44;1;33
TE053;24.01.2024;0;1.0;86;47;86;47;0;-1
TE053;24.01.2024;1;1.0;59;48;59;48;0;-1
TE053;24.01.2024;2;1.0;45;42;44;42;1;38
TE053;24.01.2024;3;1.0;76;45;69;45;7;42
TE053;24.01.2024;4;1.0;212;45;203;45;9;49
TE053;24.01.2024;5;1.0;580;44;550;44;30;44
TE053;24.01.2024;6;1.0;841;36;797;36;45;35
TE053;24.01.2024;7;1.0;866;36;806;36;60;34
TE053;24.01.2024;8;1.0;813;21;768;21;45;19
TE053;24.01.2024;9;1.0;957;30;916;30;39;28
TE053;24.01.2024;10;1.0;810;37;785;37;25;37
TE053;24.01.2024;11;1.0;838;33;775;33;62;34
TE053;24.01.2024;12;1.0;803;40;738;40;65;41
TE053;24.01.2024;13;1.0;887;35;826;35;61;33
TE053;24.01.2024;14;1.0;943;33;888;33;56;32
TE053;24.01.2024;15;1.0;856;24;766;24;90;22
TE053;24.01.2024;16;1.0;957;26;919;26;38;26
TE053;24.01.2024;17;1.0;868;30;839;30;28;28
TE053;24.01.2024;18;1.0;789;34;765;34;24;33
TE053;24.01.2024;19;1.0;670;37;655;37;15;35
TE053;24.01.2024;20;1.0;491;40;482;40;9;41
TE053;24.01.2024;21;1.0;372;30;371;30;1;40
TE053;24.01.2024;22;1.0;279;37;277;37;2;41
TE053;24.01.2024;23;1.0;172;38;167;38;5;32
TE053;25.01.2024;0;1.0;120;35;116;34;4;34
TE053;25.01.2024;2;1.0;64;44;57;44;6;50
TE053;25.01.2024;3;1.0;67;43;62;44;4;44
TE053;25.01.2024;4;1.0;183;34;175;34;8;37
TE053;25.01.2024;5;1.0;632;36;586;36;46;38
TE053;25.01.2024;6;1.0;779;37;753;37;26;37
TE053;25.01.2024;7;1.0;858;31;808;31;49;31
TE053;25.01.2024;8;1.0;919;28;896;28;22;29
TE053;25.01.2024;9;1.0;894;28;858;28;34;30
TE053;25.01.2024;10;1.0;796;34;772;34;23;33
TE053;25.01.2024;12;1.0;884;28;868;28;16;28
TE053;25.01.2024;13;1.0;832;28;803;28;29;28
TE053;25.01.2024;14;1.0;921;28;897;28;24;30
TE053;25.01.2024;16;1.0;887;22;858;22;28;21
TE053;25.01.2024;17;1.0;945;23;926;23;19;24
TE053;25.01.2024;18;1.0;844;28;837;28;6;28
TE053;25.01.2024;19;1.0;693;30;682;30;9;29
TE053;25.01.2024;20;1.0;493;29;490;29;3;25
TE053;25.01.2024;22;1.0;316;32;315;32;1;41
TE053;25.01.2024;23;1.0;200;34;197;34;3;38
TE053;26.01.2024;0;1.0;101;36;100;36;1;44
TE053;26.01.2024;1;1.0;78;32;78;32;0;-1
TE053;26.01.2024;2;1.0;68;30;68;30;0;-1
TE053;26.01.2024;3;1.0;85;31;80;31;6;26
TE053;26.01.2024;4;1.0;166;31;164;31;1;44
TE053;26.01.2024;5;1.0;525;34;515;33;10;34
TE053;26.01.2024;6;1.0;777;32;757;32;20;32
TE053;26.01.2024;7;1.0;856;30;826;30;30;29
TE053;26.01.2024;8;1.0;916;27;886;27;29;26
TE053;26.01.2024;9;1.0;865;35;847;35;18;38
TE053;26.01.2024;10;1.0;874;31;854;31;19;34
TE053;26.01.2024;11;1.0;897;36;863;36;34;36
TE053;26.01.2024;12;1.0;946;32;907;32;39;31
TE053;26.01.2024;13;1.0;948;32;921;33;27;29
TE053;26.01.2024;14;1.0;909;24;896;24;13;17
TE053;26.01.2024;15;1.0;889;36;874;37;15;31
TE053;26.01.2024;16;1.0;836;31;818;31;17;33
TE053;26.01.2024;17;1.0;920;23;896;23;24;22
TE053;26.01.2024;18;1.0;812;35;793;35;19;33
TE053;26.01.2024;19;1.0;687;35;676;35;11;36
TE053;26.01.2024;20;1.0;542;38;537;37;5;42
TE053;26.01.2024;21;1.0;432;38;423;38;8;42
TE053;26.01.2024;22;1.0;331;41;328;41;3;42
TE053;26.01.2024;23;1.0;267;36;263;36;4;43
TE053;27.01.2024;0;1.0;240;43;239;43;1;38
TE053;27.01.2024;1;1.0;132;36;131;36;1;45
TE053;27.01.2024;2;1.0;92;39;89;39;3;44
TE053;27.01.2024;3;1.0;74;45;71;45;3;41
TE053;27.01.2024;4;1.0;100;45;96;45;4;45
TE053;27.01.2024;5;1.0;197;40;194;40;2;45
TE053;27.01.2024;6;1.0;190;44;185;44;5;40
TE053;27.01.2024;7;1.0;283;44;276;44;7;44
TE053;27.01.2024;8;1.0;406;39;399;39;6;45
TE053;27.01.2024;9;1.0;555;42;542;41;13;40
TE053;27.01.2024;10;1.0;689;41;678;41;11;40
TE053;27.01.2024;11;1.0;775;38;761;38;14;37
TE053;27.01.2024;12;1.0;866;39;843;40;23;36
TE053;27.01.2024;13;1.0;920;38;905;38;15;38
TE053;27.01.2024;14;1.0;943;35;930;35;13;33
TE053;27.01.2024;15;1.0;909;35;893;35;17;33
TE053;27.01.2024;16;1.0;846;34;838;34;9;34
TE053;27.01.2024;17;1.0;873;37;865;37;8;39
TE053;27.01.2024;18;1.0;863;35;860;35;3;39
TE053;27.01.2024;19;1.0;712;38;707;38;5;37
TE053;27.01.2024;20;1.0;554;39;549;39;5;36
TE053;27.01.2024;21;1.0;451;42;448;42;3;40
TE053;27.01.2024;22;1.0;361;41;358;41;3;40
TE053;27.01.2024;23;1.0;344;41;344;41;0;-1
TE053;28.01.2024;0;1.0;345;40;344;40;1;39
TE053;28.01.2024;1;1.0;207;42;205;42;2;40
TE053;28.01.2024;2;1.0;148;42;147;42;1;44
TE053;28.01.2024;3;1.0;112;42;112;42;0;-1
TE053;28.01.2024;4;1.0;102;42;102;42;0;-1
TE053;28.01.2024;5;1.0;165;42;165;42;0;-1
TE053;28.01.2024;6;1.0;103;42;103;42;0;-1
TE053;28.01.2024;7;1.0;122;41;121;41;1;41
TE053;28.01.2024;8;1.0;187;41;184;41;3;36
TE053;28.01.2024;9;1.0;384;39;382;39;2;40
TE053;28.01.2024;10;1.0;561;36;558;36;3;38
TE053;28.01.2024;11;1.0;650;36;649;36;1;37
TE053;28.01.2024;12;1.0;644;34;635;34;9;31
TE053;28.01.2024;13;1.0;738;35;727;35;12;37
TE053;28.01.2024;14;1.0;767;41;752;41;15;40
TE053;28.01.2024;15;1.0;776;37;753;37;24;37
TE053;28.01.2024;16;1.0;695;38;689;38;6;36
TE053;28.01.2024;17;1.0;777;36;762;36;15;34
TE053;28.01.2024;18;1.0;742;37;728;37;14;34
TE053;28.01.2024;19;1.0;500;41;492;41;8;39
TE053;28.01.2024;20;1.0;397;40;395;40;2;40
TE053;28.01.2024;21;1.0;329;41;324;41;5;42
TE053;28.01.2024;22;1.0;227;41;224;41;3;43
TE053;28.01.2024;23;1.0;138;42;132;42;6;42
TE053;29.01.2024;0;1.0;111;44;105;44;6;42
TE053;29.01.2024;1;1.0;59;42;54;42;5;46
TE053;29.01.2024;2;1.0;62;42;61;42;1;59
TE053;29.01.2024;3;1.0;59;42;55;41;4;47
TE053;29.01.2024;4;1.0;177;39;172;39;4;38
TE053;29.01.2024;5;1.0;553;40;533;40;20;41
TE053;29.01.2024;6;1.0;772;37;751;37;21;37
TE053;29.01.2024;7;1.0;859;35;828;35;31;36
TE053;29.01.2024;8;1.0;878;33;858;33;20;34
TE053;29.01.2024;9;1.0;791;38;735;38;56;38
TE053;29.01.2024;10;1.0;810;37;764;37;46;37
TE053;29.01.2024;11;1.0;865;35;808;35;57;36
TE053;29.01.2024;12;1.0;812;37;768;37;44;37
TE053;29.01.2024;13;1.0;865;39;797;40;68;39
TE053;29.01.2024;14;1.0;863;40;801;40;62;38
TE053;29.01.2024;15;1.0;953;37;915;37;39;35
TE053;29.01.2024;16;1.0;870;36;825;36;45;36
TE053;29.01.2024;17;1.0;870;37;842;37;28;36
TE053;29.01.2024;18;1.0;797;34;776;34;21;35
TE053;29.01.2024;19;1.0;594;36;588;36;5;40
TE053;29.01.2024;20;1.0;433;37;431;37;2;40
TE053;29.01.2024;21;1.0;289;39;288;39;1;42
TE053;29.01.2024;22;1.0;241;42;235;42;6;44
TE053;29.01.2024;23;1.0;138;44;136;44;2;40
TE053;30.01.2024;0;1.0;75;43;75;43;0;-1
TE053;30.01.2024;1;1.0;59;41;57;41;2;34
TE053;30.01.2024;2;1.0;52;42;51;42;1;49
TE053;30.01.2024;3;1.0;52;40;51;40;1;42
TE053;30.01.2024;4;1.0;178;42;174;42;4;42
TE053;30.01.2024;5;1.0;518;41;489;41;29;41
TE053;30.01.2024;6;1.0;742;35;706;35;36;36
TE053;30.01.2024;7;1.0;862;33;837;33;25;35
TE053;30.01.2024;8;1.0;888;34;851;34;37;33
TE053;30.01.2024;9;1.0;829;38;802;38;27;39
TE053;30.01.2024;10;1.0;860;38;815;38;45;40
TE053;30.01.2024;11;1.0;836;37;789;37;47;37
TE053;30.01.2024;12;1.0;815;35;770;35;46;34
TE053;30.01.2024;13;1.0;828;34;802;34;26;34
TE053;30.01.2024;14;1.0;900;34;865;34;35;32
TE053;30.01.2024;15;1.0;776;27;750;27;27;26
TE053;30.01.2024;16;1.0;884;31;853;31;31;30
TE053;30.01.2024;17;1.0;879;35;855;35;24;33
TE053;30.01.2024;18;1.0;781;40;777;40;4;39
TE053;30.01.2024;19;1.0;573;41;564;41;9;41
TE053;30.01.2024;20;1.0;433;45;425;45;8;42
TE053;30.01.2024;21;1.0;320;43;320;43;0;-1
TE053;30.01.2024;22;1.0;213;45;206;44;7;45
TE053;30.01.2024;23;1.0;153;46;151;46;2;46
TE053;31.01.2024;0;1.0;87;45;82;45;5;47
TE053;31.01.2024;1;1.0;54;46;48;46;6;44
TE053;31.01.2024;2;1.0;78;46;71;47;7;44
TE053;31.01.2024;3;1.0;78;44;73;44;5;42
TE053;31.01.2024;4;1.0;169;46;162;46;7;46
TE053;31.01.2024;5;1.0;501;43;486;43;15;45
TE053;31.01.2024;6;1.0;691;40;685;40;6;42
TE053;31.01.2024;7;1.0;720;38;709;38;11;42
TE053;31.01.2024;8;1.0;804;37;793;37;11;35
TE053;31.01.2024;9;1.0;754;39;743;39;11;37
TE053;31.01.2024;10;1.0;791;36;762;36;29;37
TE053;31.01.2024;11;1.0;866;35;841;35;26;34
TE053;31.01.2024;12;1.0;834;34;805;34;29;31
TE053;31.01.2024;13;1.0;779;36;760;36;18;36
TE053;31.01.2024;14;1.0;918;34;896;34;22;31
TE053;31.01.2024;15;1.0;943;30;910;30;33;30
TE053;31.01.2024;16;1.0;914;35;897;35;17;35
TE053;31.01.2024;17;1.0;890;35;876;35;14;35
TE053;31.01.2024;18;1.0;772;36;763;36;9;36
TE053;31.01.2024;19;1.0;584;39;579;39;5;42
TE053;31.01.2024;20;1.0;464;40;461;41;3;39
TE053;31.01.2024;21;1.0;317;42;315;42;2;40
TE053;31.01.2024;22;1.0;259;42;257;42;2;41
TE053;31.01.2024;23;1.0;160;45;160;45;0;-1
TE056;01.01.2024;4;1.0;239;54;236;54;3;53
TE056;01.01.2024;5;1.0;213;69;173;64;40;89
TE056;01.01.2024;6;1.0;216;69;143;60;73;85
TE056;01.01.2024;7;1.0;178;70;130;64;48;85
TE056;01.01.2024;8;1.0;388;91;363;91;25;90
TE056;01.01.2024;9;1.0;162;76;119;72;43;89
TE056;01.01.2024;10;1.0;290;78;253;77;37;90
TE056;02.01.2024;1;1.0;226;54;222;53;4;68
TE056;02.01.2024;2;1.0;111;51;109;51;2;60
TE056;02.01.2024;3;1.0;93;50;87;49;7;50
TE056;02.01.2024;9;1.0;253;43;222;42;30;53
TE056;02.01.2024;10;1.0;306;70;195;58;111;91
TE056;02.01.2024;11;1.0;407;73;291;66;116;91
TE056;02.01.2024;12;1.0;669;68;613;68;56;74
TE056;04.01.2024;16;1.0;678;45;613;43;65;65
TE056;05.01.2024;8;1.0;325;43;309;43;16;40
TE056;05.01.2024;9;1.0;360;45;355;45;5;47
TE056;05.01.2024;10;1.0;386;47;367;47;19;52
TE056;05.01.2024;13;1.0;547;46;525;46;22;49
TE056;05.01.2024;14;1.0;636;45;537;44;99;48
TE056;05.01.2024;15;1.0;649;47;629;47;20;53
TE056;05.01.2024;16;1.0;576;50;501;48;75;62
TE056;05.01.2024;17;1.0;527;48;515;48;12;54
TE056;05.01.2024;18;1.0;438;49;430;49;8;55
TE056;05.01.2024;19;1.0;377;49;372;49;5;53
TE056;05.01.2024;20;1.0;271;50;256;49;15;63
TE056;05.01.2024;21;1.0;278;47;274;47;4;50
TE056;05.01.2024;22;1.0;224;50;220;50;4;47
TE056;05.01.2024;23;1.0;200;47;199;47;1;39
TE056;06.01.2024;0;1.0;156;54;153;54;3;63
TE056;06.01.2024;1;1.0;130;56;124;55;6;68
TE056;06.01.2024;2;1.0;100;60;95;60;5;67
TE056;06.01.2024;3;1.0;87;54;82;54;5;55
TE056;06.01.2024;4;1.0;75;55;70;55;5;57
TE056;06.01.2024;5;1.0;89;51;83;51;6;46
TE056;06.01.2024;6;1.0;71;53;70;53;1;47
TE056;06.01.2024;7;1.0;98;49;89;46;10;69
TE056;06.01.2024;12;1.0;400;47;386;47;14;52
TE056;06.01.2024;13;1.0;446;46;430;46;16;48
TE056;06.01.2024;15;1.0;490;51;467;50;23;55
TE056;06.01.2024;19;1.0;354;51;330;50;24;62
TE056;06.01.2024;20;1.0;301;49;294;49;7;56
TE056;06.01.2024;21;1.0;246;50;235;50;11;55
TE056;06.01.2024;22;1.0;253;51;250;51;3;45
TE056;06.01.2024;23;1.0;245;49;243;49;2;54
TE056;07.01.2024;0;1.0;149;50;145;50;4;53
TE056;07.01.2024;1;1.0;133;52;131;52;2;45
TE056;07.01.2024;2;1.0;111;52;111;52;0;-1
TE056;07.01.2024;10;1.0;267;61;214;54;53;90
TE056;07.01.2024;11;1.0;292;67;198;56;94;91
TE056;07.01.2024;12;1.0;347;69;225;57;122;89
TE056;07.01.2024;13;1.0;391;57;315;51;76;86
TE056;07.01.2024;14;1.0;457;49;450;48;7;59
TE056;07.01.2024;15;1.0;400;67;304;61;96;89
TE056;07.01.2024;16;1.0;391;65;279;55;112;89
TE056;07.01.2024;17;1.0;476;48;471;48;5;45
TE056;08.01.2024;13;1.0;442;42;412;42;30;42
TE056;08.01.2024;14;1.0;576;42;547;42;29;45
TE056;08.01.2024;15;1.0;675;41;654;41;21;45
TE056;08.01.2024;16;1.0;674;39;663;39;11;39
TE056;08.01.2024;17;1.0;616;39;612;39;4;40
TE056;08.01.2024;18;1.0;503;38;498;38;4;43
TE056;08.01.2024;19;1.0;344;42;339;42;5;44
TE056;08.01.2024;20;1.0;247;44;245;44;2;45
TE056;08.01.2024;21;1.0;230;44;223;45;7;46
TE056;08.01.2024;22;1.0;161;44;160;44;1;50
TE056;08.01.2024;23;1.0;74;44;73;44;1;47
TE056;09.01.2024;0;1.0;61;46;61;46;0;-1
TE056;09.01.2024;1;1.0;47;46;45;46;2;47
TE056;09.01.2024;2;1.0;31;47;30;47;1;42
TE056;09.01.2024;3;1.0;24;44;20;43;4;48
TE056;09.01.2024;4;1.0;79;46;75;46;4;48
TE056;09.01.2024;5;1.0;226;42;216;42;10;44
TE056;09.01.2024;6;1.0;388;44;362;44;26;44
TE056;09.01.2024;7;1.0;450;41;437;41;13;42
TE056;09.01.2024;8;1.0;515;42;482;42;33;45
TE056;09.01.2024;14;1.0;672;35;628;34;44;36
TE056;09.01.2024;15;1.0;911;38;891;37;21;38
TE056;09.01.2024;16;1.0;898;40;889;40;9;40
TE056;09.01.2024;17;1.0;757;39;749;39;8;40
TE056;09.01.2024;20;1.0;340;47;322;46;18;58
TE056;09.01.2024;21;1.0;245;45;241;45;4;47
TE056;09.01.2024;22;1.0;189;46;188;46;1;44
TE056;09.01.2024;23;1.0;115;49;113;49;2;68
TE056;10.01.2024;0;1.0;90;52;74;51;16;57
TE056;10.01.2024;3;1.0;52;50;49;50;3;50
TE056;10.01.2024;4;1.0;87;47;80;47;7;49
TE056;10.01.2024;5;1.0;243;45;239;44;4;50
TE056;10.01.2024;6;1.0;401;37;386;37;15;43
TE056;10.01.2024;12;1.0;497;39;479;39;18;39
TE056;10.01.2024;13;1.0;590;41;516;40;74;47
TE056;10.01.2024;14;1.0;732;43;688;43;44;43
TE056;10.01.2024;15;1.0;906;40;879;40;27;41
TE056;10.01.2024;16;1.0;914;38;908;38;6;40
TE056;10.01.2024;17;1.0;801;39;795;39;6;39
TE056;10.01.2024;18;1.0;705;41;693;41;12;40
TE056;10.01.2024;19;1.0;497;43;496;43;1;41
TE056;10.01.2024;20;1.0;390;44;386;44;4;44
TE056;10.01.2024;21;1.0;282;43;278;43;4;44
TE056;10.01.2024;22;1.0;250;42;245;42;5;45
TE056;10.01.2024;23;1.0;193;50;176;48;17;76
TE056;11.01.2024;5;1.0;226;46;222;46;4;48
TE056;11.01.2024;6;1.0;380;46;372;46;8;43
TE056;11.01.2024;8;1.0;599;43;583;43;15;45
TE056;11.01.2024;9;1.0;564;47;546;46;18;47
TE056;11.01.2024;10;1.0;452;49;443;49;9;50
TE056;11.01.2024;11;1.0;450;47;440;47;10;49
TE056;11.01.2024;12;1.0;480;48;467;48;13;48
TE056;11.01.2024;13;1.0;547;47;542;47;5;51
TE056;11.01.2024;14;1.0;696;47;687;47;9;45
TE056;11.01.2024;17;1.0;929;44;912;44;17;46
TE056;11.01.2024;18;1.0;804;46;780;45;24;65
TE056;12.01.2024;15;1.0;897;45;881;45;16;52
TE056;12.01.2024;16;1.0;766;41;741;40;25;41
TE056;12.01.2024;17;1.0;645;46;641;46;4;49
TE056;12.01.2024;18;1.0;548;49;542;49;6;48
TE056;12.01.2024;19;1.0;421;59;343;53;78;87
TE056;12.01.2024;20;1.0;353;69;223;57;130;88
TE056;12.01.2024;21;1.0;303;61;226;52;77;87
TE056;12.01.2024;22;1.0;290;44;286;44;4;52
TE056;13.01.2024;1;1.0;159;51;153;50;6;74
TE056;13.01.2024;2;1.0;110;49;105;49;5;51
TE056;13.01.2024;3;1.0;90;51;88;51;2;40
TE056;13.01.2024;8;1.0;155;45;152;45;3;48
TE056;13.01.2024;9;1.0;227;50;220;49;7;66
TE056;13.01.2024;10;1.0;284;56;244;51;40;88
TE056;13.01.2024;11;1.0;399;45;363;43;36;63
TE056;13.01.2024;12;1.0;421;40;417;40;4;49
TE056;13.01.2024;13;1.0;464;45;459;45;5;54
TE056;13.01.2024;14;1.0;575;46;525;45;50;61
TE056;13.01.2024;15;1.0;509;42;495;42;14;45
TE056;13.01.2024;16;1.0;561;44;559;44;2;55
TE056;13.01.2024;17;1.0;474;44;467;44;7;47
TE056;13.01.2024;18;1.0;408;45;404;44;4;50
TE056;13.01.2024;19;1.0;359;47;351;47;8;50
TE056;13.01.2024;20;1.0;330;50;319;50;11;59
TE056;13.01.2024;21;1.0;285;47;278;47;7;51
TE056;13.01.2024;23;1.0;262;50;261;50;1;46
TE056;14.01.2024;0;1.0;272;48;271;49;1;40
TE056;14.01.2024;1;1.0;202;52;200;52;2;58
TE056;14.01.2024;2;1.0;145;51;142;51;3;58
TE056;14.01.2024;3;1.0;95;58;87;57;8;70
TE056;14.01.2024;4;1.0;70;62;66;61;4;68
TE056;14.01.2024;5;1.0;86;58;76;56;10;69
TE056;14.01.2024;6;1.0;74;58;66;57;8;64
TE056;14.01.2024;7;1.0;63;54;56;53;7;62
TE056;14.01.2024;8;1.0;102;51;97;50;4;81
TE056;14.01.2024;9;1.0;137;47;135;47;2;52
TE056;14.01.2024;10;1.0;262;47;262;47;0;-1
TE056;14.01.2024;11;1.0;398;48;392;48;6;53
TE056;14.01.2024;12;1.0;440;44;440;44;0;-1
TE056;14.01.2024;13;1.0;415;43;408;43;7;49
TE056;14.01.2024;14;1.0;512;44;506;44;6;52
TE056;14.01.2024;15;1.0;405;48;394;48;11;51
TE056;14.01.2024;16;1.0;415;47;408;47;7;53
TE056;14.01.2024;17;1.0;448;49;434;48;14;82
TE056;14.01.2024;18;1.0;393;48;390;47;3;53
TE056;14.01.2024;19;1.0;304;46;300;46;4;51
TE056;14.01.2024;20;1.0;222;48;220;48;2;54
TE056;14.01.2024;21;1.0;154;50;154;50;0;-1
TE056;14.01.2024;22;1.0;180;50;178;50;2;55
TE056;14.01.2024;23;1.0;116;53;115;53;1;63
TE056;15.01.2024;0;1.0;85;58;79;57;6;62
TE056;15.01.2024;1;1.0;54;53;47;51;7;68
TE056;15.01.2024;2;1.0;45;52;45;52;0;-1
TE056;15.01.2024;3;1.0;40;49;36;48;4;54
TE056;15.01.2024;4;1.0;71;44;66;45;4;55
TE056;15.01.2024;5;1.0;237;47;230;47;7;54
TE056;15.01.2024;6;1.0;340;46;323;46;17;49
TE056;15.01.2024;8;1.0;463;46;436;46;27;46
TE056;15.01.2024;11;1.0;403;48;359;47;44;59
TE056;15.01.2024;12;1.0;396;47;375;47;21;48
TE056;15.01.2024;14;1.0;614;47;600;47;14;45
TE056;15.01.2024;15;1.0;757;47;741;47;16;46
TE056;15.01.2024;16;1.0;752;45;719;45;33;49
TE056;15.01.2024;17;1.0;603;45;567;44;37;54
TE056;15.01.2024;18;1.0;529;49;494;48;35;60
TE056;15.01.2024;19;1.0;412;49;397;49;15;53
TE056;15.01.2024;20;1.0;280;48;273;48;7;50
TE056;15.01.2024;21;1.0;227;53;211;52;16;61
TE056;15.01.2024;22;1.0;185;49;180;49;5;53
TE056;15.01.2024;23;1.0;121;51;118;51;3;51
TE056;16.01.2024;0;1.0;74;53;71;53;3;54
TE056;16.01.2024;1;1.0;47;58;41;57;6;67
TE056;16.01.2024;2;1.0;28;46;27;45;1;60
TE056;16.01.2024;3;1.0;30;42;27;42;3;41
TE056;16.01.2024;4;1.0;65;48;58;46;7;64
TE056;16.01.2024;6;1.0;383;49;373;49;10;47
TE056;16.01.2024;7;1.0;453;46;429;45;24;51
TE056;16.01.2024;16;1.0;808;44;770;44;38;45
TE056;16.01.2024;17;1.0;678;45;664;45;14;46
TE056;16.01.2024;18;1.0;574;46;566;46;8;46
TE056;16.01.2024;21;1.0;249;51;237;49;12;82
TE056;16.01.2024;22;1.0;227;47;213;47;13;64
TE056;17.01.2024;0;1.0;84;41;84;41;0;-1
TE056;17.01.2024;1;1.0;62;48;57;48;5;46
TE056;17.01.2024;2;1.0;45;53;42;53;3;69
TE056;17.01.2024;7;1.0;416;43;380;42;35;47
TE056;17.01.2024;8;1.0;523;47;495;47;28;53
TE056;17.01.2024;9;1.0;494;43;454;42;40;53
TE056;17.01.2024;12;1.0;466;46;419;45;47;56
TE056;17.01.2024;13;1.0;529;47;490;47;39;52
TE056;17.01.2024;14;1.0;639;46;590;45;49;58
TE056;17.01.2024;15;1.0;783;46;756;46;27;49
TE056;17.01.2024;16;1.0;823;45;819;45;4;44
TE056;17.01.2024;17;1.0;662;43;655;43;7;45
TE056;17.01.2024;18;1.0;601;46;595;46;6;46
TE056;17.01.2024;19;1.0;445;48;440;48;5;54
TE056;17.01.2024;20;1.0;348;50;342;50;6;56
TE056;17.01.2024;21;1.0;270;49;269;49;1;47
TE056;17.01.2024;22;1.0;225;50;219;50;6;55
TE056;18.01.2024;2;1.0;46;53;42;53;4;58
TE056;18.01.2024;3;1.0;52;58;48;56;4;69
TE056;18.01.2024;7;1.0;431;46;422;46;9;52
TE056;18.01.2024;8;1.0;484;47;464;47;20;49
TE056;18.01.2024;9;1.0;452;55;377;51;75;79
TE056;18.01.2024;10;1.0;437;69;264;56;173;88
TE056;18.01.2024;11;1.0;465;69;296;58;169;90
TE056;18.01.2024;12;1.0;451;47;424;47;27;48
TE056;18.01.2024;13;1.0;549;39;519;39;29;43
TE056;18.01.2024;14;1.0;661;43;641;43;20;45
TE056;18.01.2024;15;1.0;778;47;682;46;95;57
TE056;18.01.2024;16;1.0;812;39;764;39;47;46
TE056;18.01.2024;17;1.0;659;42;608;41;51;48
TE056;18.01.2024;18;1.0;624;43;607;43;17;48
TE056;18.01.2024;19;1.0;452;46;423;45;29;52
TE056;18.01.2024;20;1.0;344;44;310;43;34;49
TE056;18.01.2024;21;1.0;270;43;269;43;1;37
TE056;18.01.2024;22;1.0;285;43;283;43;2;40
TE056;18.01.2024;23;1.0;158;50;150;50;8;57
TE056;19.01.2024;0;1.0;104;45;98;44;6;55
TE056;19.01.2024;7;1.0;384;53;269;42;115;78
TE056;19.01.2024;8;1.0;457;56;293;43;164;78
TE056;19.01.2024;9;1.0;404;45;391;45;13;47
TE056;19.01.2024;10;1.0;463;43;440;43;23;44
TE056;19.01.2024;11;1.0;479;43;458;43;21;43
TE056;19.01.2024;12;1.0;516;41;496;41;20;41
TE056;19.01.2024;13;1.0;647;41;625;41;22;40
TE056;19.01.2024;14;1.0;744;41;721;41;23;41
TE056;19.01.2024;15;1.0;810;42;789;42;21;43
TE056;19.01.2024;16;1.0;688;44;680;44;8;48
TE056;19.01.2024;17;1.0;580;45;562;45;18;54
TE056;19.01.2024;18;1.0;527;46;519;45;8;47
TE056;19.01.2024;19;1.0;441;46;420;46;21;56
TE056;19.01.2024;20;1.0;340;45;317;44;23;56
TE056;19.01.2024;21;1.0;303;39;302;39;1;38
TE056;19.01.2024;22;1.0;316;45;308;44;8;47
TE056;19.01.2024;23;1.0;262;46;256;46;6;52
TE056;20.01.2024;0;1.0;207;45;203;46;4;57
TE056;20.01.2024;1;1.0;162;49;152;49;10;57
TE056;20.01.2024;2;1.0;129;50;123;50;6;49
TE056;20.01.2024;3;1.0;92;56;77;52;15;76
TE056;20.01.2024;4;1.0;72;52;67;52;5;54
TE056;20.01.2024;5;1.0;91;51;87;51;4;52
TE056;20.01.2024;8;1.0;152;47;142;47;10;47
TE056;20.01.2024;9;1.0;252;43;235;43;17;46
TE056;20.01.2024;10;1.0;328;49;318;49;10;52
TE056;20.01.2024;11;1.0;418;55;364;53;54;71
TE056;20.01.2024;12;1.0;458;46;416;45;42;53
TE056;20.01.2024;13;1.0;524;45;456;43;68;63
TE056;20.01.2024;14;1.0;572;42;543;41;28;47
TE056;20.01.2024;15;1.0;556;46;521;45;35;68
TE056;20.01.2024;23;1.0;299;46;296;46;3;46
TE056;21.01.2024;0;1.0;173;43;161;44;12;47
TE056;21.01.2024;1;1.0;169;52;156;52;13;60
TE056;21.01.2024;2;1.0;127;50;123;50;4;48
TE056;21.01.2024;3;1.0;122;54;112;54;10;56
TE056;21.01.2024;5;1.0;99;55;95;56;4;49
TE056;21.01.2024;6;1.0;71;56;66;56;5;58
TE056;21.01.2024;7;1.0;57;56;51;56;6;58
TE056;21.01.2024;8;1.0;89;52;86;52;3;63
TE056;21.01.2024;9;1.0;147;54;141;53;6;61
TE056;21.01.2024;10;1.0;262;44;243;44;18;50
TE056;21.01.2024;11;1.0;359;48;318;48;42;52
TE056;21.01.2024;12;1.0;395;50;355;49;40;57
TE056;21.01.2024;16;1.0;492;44;481;43;11;53
TE056;21.01.2024;17;1.0;495;45;482;45;13;50
TE056;21.01.2024;18;1.0;453;47;412;47;41;56
TE056;21.01.2024;19;1.0;344;48;334;47;10;52
TE056;21.01.2024;20;1.0;259;47;246;47;13;50
TE056;21.01.2024;21;1.0;203;64;125;53;78;80
TE056;21.01.2024;22;1.0;137;44;129;42;9;64
TE056;21.01.2024;23;1.0;97;44;95;44;2;43
TE056;22.01.2024;0;1.0;73;49;71;49;2;66
TE056;22.01.2024;1;1.0;65;55;61;54;4;65
TE056;22.01.2024;2;1.0;36;57;32;57;4;57
TE056;22.01.2024;3;1.0;33;52;28;52;5;49
TE056;22.01.2024;6;1.0;365;43;329;43;36;43
TE056;22.01.2024;7;1.0;459;43;422;42;37;46
TE056;22.01.2024;8;1.0;520;43;483;43;37;44
TE056;22.01.2024;9;1.0;398;44;379;44;19;46
TE056;22.01.2024;12;1.0;481;44;370;43;111;46
TE056;22.01.2024;13;1.0;514;52;402;47;112;73
TE056;22.01.2024;14;1.0;621;39;543;39;77;38
TE056;22.01.2024;15;1.0;793;40;702;39;90;52
TE056;22.01.2024;16;1.0;856;43;770;43;86;50
TE056;23.01.2024;0;1.0;73;47;73;47;0;-1
TE056;23.01.2024;1;1.0;56;54;52;51;4;81
TE056;23.01.2024;9;1.0;500;42;470;42;30;42
TE056;23.01.2024;10;1.0;399;46;358;46;41;46
TE056;23.01.2024;11;1.0;376;44;328;43;48;50
TE056;23.01.2024;12;1.0;461;42;444;43;17;39
TE056;23.01.2024;13;1.0;496;41;459;41;37;41
TE056;23.01.2024;14;1.0;610;40;570;40;40;41
TE056;23.01.2024;17;1.0;686;38;673;38;13;40
TE056;23.01.2024;18;1.0;620;42;559;40;60;58
TE056;23.01.2024;19;1.0;490;65;336;57;154;85
TE056;23.01.2024;20;1.0;359;73;225;63;134;90
TE056;23.01.2024;21;1.0;366;61;300;55;66;89
TE056;24.01.2024;13;1.0;570;40;546;40;24;40
TE056;24.01.2024;21;1.0;330;42;326;42;5;38
TE056;25.01.2024;4;1.0;161;60;153;61;9;39
TE056;25.01.2024;15;1.0;996;44;929;44;67;51
TE056;25.01.2024;16;1.0;987;43;949;43;38;46
TE056;25.01.2024;17;1.0;899;41;888;41;11;42
TE056;25.01.2024;18;1.0;721;43;703;43;18;46
TE056;25.01.2024;19;1.0;565;47;538;47;27;56
TE056;25.01.2024;20;1.0;355;49;328;47;27;69
TE056;25.01.2024;21;1.0;325;45;285;41;40;78
TE056;25.01.2024;23;1.0;231;46;230;46;1;45
TE056;26.01.2024;0;1.0;168;50;165;50;3;50
TE056;26.01.2024;1;1.0;135;46;134;46;1;47
TE056;26.01.2024;2;1.0;45;53;41;52;4;55
TE056;26.01.2024;3;1.0;53;45;48;45;5;47
TE056;26.01.2024;6;1.0;398;49;376;48;22;55
TE056;26.01.2024;7;1.0;430;44;415;43;15;55
TE056;26.01.2024;8;1.0;556;43;536;43;20;46
TE056;26.01.2024;9;1.0;486;47;467;47;19;47
TE056;26.01.2024;10;1.0;468;51;416;48;52;69
TE056;26.01.2024;11;1.0;487;49;442;47;45;67
TE056;26.01.2024;12;1.0;577;39;526;38;51;52
TE056;26.01.2024;13;1.0;732;47;708;46;24;60
TE056;26.01.2024;15;1.0;906;48;835;47;71;68
TE056;26.01.2024;16;1.0;852;43;809;43;43;48
TE056;26.01.2024;17;1.0;702;47;642;45;60;60
TE056;26.01.2024;18;1.0;565;46;521;46;44;55
TE056;26.01.2024;19;1.0;478;44;469;44;9;44
TE056;26.01.2024;20;1.0;415;47;363;45;51;59
TE056;26.01.2024;21;1.0;373;43;365;43;8;42
TE056;26.01.2024;22;1.0;324;48;301;47;23;62
TE056;26.01.2024;23;1.0;293;54;201;50;92;61
TE056;27.01.2024;9;1.0;434;47;423;46;11;81
TE056;27.01.2024;10;1.0;457;45;450;45;7;50
TE056;27.01.2024;11;1.0;654;41;651;41;3;41
TE056;27.01.2024;13;1.0;739;45;724;45;15;45
TE056;27.01.2024;18;1.0;603;39;564;38;39;45
TE056;27.01.2024;19;1.0;443;43;430;43;13;51
TE056;27.01.2024;20;1.0;415;42;399;42;16;50
TE056;27.01.2024;21;1.0;319;40;315;40;4;44
TE056;27.01.2024;22;1.0;338;41;314;41;24;44
TE056;28.01.2024;4;1.0;115;53;104;51;11;61
TE056;28.01.2024;5;1.0;103;42;100;43;3;41
TE056;28.01.2024;6;1.0;89;45;83;45;6;42
TE056;28.01.2024;8;1.0;270;49;267;49;3;44
TE056;28.01.2024;9;1.0;251;45;248;45;3;52
TE056;28.01.2024;10;1.0;380;45;350;44;30;54
TE056;28.01.2024;11;1.0;477;43;469;43;8;44
TE056;28.01.2024;12;1.0;514;42;502;42;12;41
TE056;28.01.2024;13;1.0;690;44;653;43;37;65
TE056;28.01.2024;14;1.0;697;41;682;41;15;43
TE056;28.01.2024;15;1.0;595;43;498;40;97;59
TE056;28.01.2024;16;1.0;647;39;633;39;14;37
TE056;28.01.2024;17;1.0;592;42;570;42;22;47
TE056;28.01.2024;18;1.0;510;48;471;47;39;51
TE056;28.01.2024;19;1.0;366;48;325;48;41;53
TE056;28.01.2024;21;1.0;239;48;217;46;22;58
TE056;28.01.2024;22;1.0;192;42;192;42;0;-1
TE056;28.01.2024;23;1.0;131;43;129;43;2;42
TE056;29.01.2024;0;1.0;87;45;86;45;1;37
TE056;29.01.2024;1;1.0;46;45;45;45;1;37
TE056;29.01.2024;2;1.0;48;46;45;47;3;44
TE056;29.01.2024;5;1.0;221;42;208;42;13;43
TE056;29.01.2024;6;1.0;400;43;386;43;14;43
TE056;29.01.2024;7;1.0;512;42;469;42;43;43
TE056;29.01.2024;8;1.0;538;41;491;40;47;43
TE056;29.01.2024;9;1.0;479;42;431;42;48;42
TE056;29.01.2024;10;1.0;460;43;420;43;40;43
TE056;29.01.2024;11;1.0;491;44;437;44;54;44
TE056;29.01.2024;12;1.0;523;44;486;44;37;44
TE056;29.01.2024;13;1.0;564;37;505;38;59;35
TE056;29.01.2024;14;1.0;675;41;613;41;63;40
TE056;29.01.2024;15;1.0;905;43;837;42;68;45
TE056;29.01.2024;16;1.0;847;42;799;42;48;42
TE056;29.01.2024;17;1.0;674;43;622;43;52;51
TE056;29.01.2024;22;1.0;179;49;158;47;21;62
TE056;29.01.2024;23;1.0;99;53;92;52;7;60
TE056;30.01.2024;2;1.0;32;56;26;54;6;64
TE056;30.01.2024;6;1.0;391;47;349;46;42;55
TE056;30.01.2024;7;1.0;470;48;396;43;74;76
TE056;30.01.2024;8;1.0;536;43;497;43;39;45
TE056;30.01.2024;9;1.0;452;42;415;42;37;42
TE056;30.01.2024;13;1.0;527;42;478;41;49;44
TE056;30.01.2024;15;1.0;867;47;721;42;146;68
TE056;30.01.2024;17;1.0;742;42;693;42;49;49
TE056;30.01.2024;18;1.0;609;54;443;46;166;76
TE056;30.01.2024;19;1.0;608;62;468;59;140;71
TE056;30.01.2024;20;1.0;335;69;180;48;155;93
TE056;30.01.2024;21;1.0;267;71;145;50;122;96
TE056;30.01.2024;22;1.0;296;76;183;68;113;90
TE056;30.01.2024;23;1.0;185;76;123;73;62;82
TE056;31.01.2024;0;1.0;377;93;334;93;43;93
TE056;31.01.2024;1;1.0;58;73;33;52;25;100
TE056;31.01.2024;2;1.0;45;80;20;58;25;97
TE056;31.01.2024;3;1.0;39;80;16;53;23;98
TE056;31.01.2024;4;1.0;58;70;31;51;27;93
TE056;31.01.2024;7;1.0;466;40;438;40;28;42
TE056;31.01.2024;8;1.0;496;41;471;41;25;41
TE056;31.01.2024;9;1.0;434;44;382;43;52;43
TE056;31.01.2024;10;1.0;434;44;400;44;34;52
TE056;31.01.2024;11;1.0;424;47;385;47;39;49
TE056;31.01.2024;12;1.0;496;50;446;47;50;77
TE056;31.01.2024;13;1.0;601;45;573;45;28;48
TE056;31.01.2024;14;1.0;690;42;652;42;38;43
TE056;31.01.2024;15;1.0;810;46;784;45;26;48
TE056;31.01.2024;16;1.0;810;45;788;45;22;48
TE056;31.01.2024;17;1.0;701;47;678;47;23;51
TE056;31.01.2024;18;1.0;669;47;645;47;24;50
TE056;31.01.2024;20;1.0;353;45;349;45;4;48
TE056;31.01.2024;21;1.0;276;43;236;42;40;51
TE056;31.01.2024;22;1.0;231;48;226;48;5;55
TE064;01.01.2024;0;1.0;121;59;110;58;11;59
TE064;01.01.2024;1;1.0;371;58;355;58;16;60
TE064;01.01.2024;2;1.0;364;51;350;51;13;54
TE064;01.01.2024;3;1.0;264;56;249;55;15;62
TE064;01.01.2024;4;1.0;192;57;183;57;9;57
TE064;01.01.2024;5;1.0;198;57;184;57;14;56
TE064;01.01.2024;6;1.0;147;58;136;59;11;58
TE064;01.01.2024;7;1.0;121;57;115;57;6;55
TE064;01.01.2024;8;1.0;106;58;100;58;6;58
TE064;01.01.2024;9;1.0;146;56;139;56;7;58
TE064;01.01.2024;10;1.0;194;57;180;57;14;59
TE064;01.01.2024;11;1.0;255;58;242;58;13;59
TE064;01.01.2024;12;1.0;353;56;334;56;19;57
TE064;01.01.2024;13;1.0;457;54;445;54;12;56
TE064;01.01.2024;14;1.0;459;54;447;54;12;54
TE064;01.01.2024;15;1.0;431;55;417;54;14;57
TE064;01.01.2024;16;1.0;473;54;459;54;14;54
TE064;01.01.2024;17;1.0;472;54;455;54;17;57
TE064;01.01.2024;18;1.0;392;55;371;55;21;58
TE064;01.01.2024;19;1.0;365;55;348;55;17;55
TE064;01.01.2024;20;1.0;311;55;289;55;22;56
TE064;01.01.2024;21;1.0;289;56;274;56;15;54
TE064;01.01.2024;22;1.0;195;56;181;56;14;58
TE064;01.01.2024;23;1.0;160;55;148;56;12;52
TE064;02.01.2024;0;1.0;110;55;99;55;11;50
TE064;02.01.2024;1;1.0;83;58;71;57;12;61
TE064;02.01.2024;2;1.0;66;55;60;55;6;56
TE064;02.01.2024;3;1.0;81;56;75;56;6;61
TE064;02.01.2024;4;1.0;206;59;182;60;24;59
TE064;02.01.2024;5;1.0;531;57;498;57;33;59
TE064;02.01.2024;6;1.0;650;53;627;53;23;55
TE064;02.01.2024;7;1.0;781;52;741;52;40;52
TE064;02.01.2024;8;1.0;830;49;789;49;41;50
TE064;02.01.2024;9;1.0;929;52;874;52;55;50
TE064;02.01.2024;10;1.0;921;48;892;48;29;46
TE064;02.01.2024;11;1.0;970;47;931;48;39;43
TE064;02.01.2024;12;1.0;907;50;876;50;31;46
TE064;02.01.2024;13;1.0;968;45;949;45;19;46
TE064;02.01.2024;14;1.0;1024;46;1013;46;11;49
TE064;02.01.2024;15;1.0;995;49;974;49;21;44
TE064;02.01.2024;16;1.0;884;48;866;48;18;48
TE064;02.01.2024;17;1.0;832;48;818;48;14;50
TE064;02.01.2024;18;1.0;734;54;722;54;12;54
TE064;02.01.2024;19;1.0;479;52;461;52;18;50
TE064;02.01.2024;20;1.0;366;54;348;54;17;55
TE064;02.01.2024;21;1.0;340;58;332;58;8;61
TE064;02.01.2024;22;1.0;290;57;279;57;11;57
TE064;02.01.2024;23;1.0;185;57;171;57;14;58
TE064;03.01.2024;0;1.0;115;58;99;58;16;61
TE064;03.01.2024;1;1.0;80;58;70;58;10;60
TE064;03.01.2024;2;1.0;62;62;52;62;10;60
TE064;03.01.2024;3;1.0;87;59;76;59;11;60
TE064;03.01.2024;4;1.0;202;60;178;61;24;59
TE064;03.01.2024;5;1.0;585;58;550;58;35;60
TE064;03.01.2024;6;1.0;760;59;718;59;42;60
TE064;03.01.2024;7;1.0;886;52;827;52;59;52
TE064;03.01.2024;8;1.0;914;52;841;52;73;52
TE064;03.01.2024;9;1.0;938;53;857;53;81;53
TE064;03.01.2024;10;1.0;912;53;800;53;112;54
TE064;03.01.2024;11;1.0;1019;42;765;43;254;42
TE064;03.01.2024;12;1.0;932;53;836;53;96;52
TE064;03.01.2024;13;1.0;970;49;938;49;32;49
TE064;03.01.2024;14;1.0;985;45;940;45;45;45
TE064;03.01.2024;15;1.0;928;42;905;42;23;36
TE064;03.01.2024;16;1.0;876;41;850;41;26;38
TE064;03.01.2024;17;1.0;859;52;820;52;39;53
TE064;03.01.2024;18;1.0;774;53;735;54;39;52
TE064;03.01.2024;19;1.0;521;55;497;55;24;54
TE064;03.01.2024;20;1.0;447;56;409;56;38;57
TE064;03.01.2024;21;1.0;350;57;308;57;42;56
TE064;03.01.2024;22;1.0;296;60;251;59;45;58
TE064;03.01.2024;23;1.0;182;57;167;57;15;58
TE064;04.01.2024;0;1.0;123;58;109;58;14;58
TE064;04.01.2024;1;1.0;93;62;82;61;11;68
TE064;04.01.2024;2;1.0;76;60;71;60;5;61
TE064;04.01.2024;3;1.0;89;60;79;60;10;63
TE064;04.01.2024;4;1.0;193;60;184;60;9;59
TE064;04.01.2024;5;1.0;593;59;583;59;10;64
TE064;04.01.2024;6;1.0;735;58;728;58;7;56
TE064;04.01.2024;7;1.0;902;53;868;53;34;51
TE064;04.01.2024;8;1.0;902;47;850;47;51;47
TE064;04.01.2024;9;1.0;999;40;881;40;118;41
TE064;04.01.2024;10;1.0;954;49;876;49;78;49
TE064;04.01.2024;11;1.0;1021;45;953;45;68;43
TE064;04.01.2024;12;1.0;998;48;957;49;41;44
TE064;04.01.2024;13;1.0;991;49;927;49;64;47
TE064;04.01.2024;14;1.0;978;35;925;35;53;31
TE064;04.01.2024;15;1.0;963;38;924;39;39;31
TE064;04.01.2024;16;1.0;995;48;941;48;54;48
TE064;04.01.2024;17;1.0;908;43;847;43;61;36
TE064;04.01.2024;18;1.0;779;51;757;51;22;50
TE064;04.01.2024;19;1.0;637;56;606;56;31;56
TE064;04.01.2024;20;1.0;460;57;423;57;37;57
TE064;04.01.2024;21;1.0;405;58;392;58;13;58
TE064;04.01.2024;22;1.0;303;60;291;60;12;61
TE064;04.01.2024;23;1.0;195;59;182;59;13;58
TE064;05.01.2024;0;1.0;135;59;115;59;20;60
TE064;05.01.2024;1;1.0;93;57;82;57;11;59
TE064;05.01.2024;2;1.0;69;59;61;59;8;64
TE064;05.01.2024;3;1.0;105;61;94;61;11;60
TE064;05.01.2024;4;1.0;192;64;169;64;23;63
TE064;05.01.2024;5;1.0;539;62;494;62;45;63
TE064;05.01.2024;6;1.0;726;59;689;59;37;59
TE064;05.01.2024;7;1.0;874;56;814;56;60;57
TE064;05.01.2024;8;1.0;862;52;832;52;30;46
TE064;05.01.2024;9;1.0;878;51;848;51;30;48
TE064;05.01.2024;10;1.0;934;51;901;51;33;53
TE064;05.01.2024;11;1.0;985;50;941;50;44;53
TE064;05.01.2024;12;1.0;958;51;929;51;29;53
TE064;05.01.2024;13;1.0;1048;46;976;47;72;42
TE064;05.01.2024;14;1.0;1064;37;999;37;65;31
TE064;05.01.2024;15;1.0;961;45;921;45;40;36
TE064;05.01.2024;16;1.0;946;51;914;51;32;52
TE064;05.01.2024;17;1.0;928;52;900;52;28;51
TE064;05.01.2024;18;1.0;797;54;779;54;18;54
TE064;05.01.2024;19;1.0;634;56;611;56;23;55
TE064;05.01.2024;20;1.0;504;58;475;58;29;58
TE064;05.01.2024;21;1.0;413;56;388;56;25;56
TE064;05.01.2024;22;1.0;366;56;350;56;16;58
TE064;05.01.2024;23;1.0;301;56;288;56;13;56
TE064;06.01.2024;0;1.0;157;55;148;54;9;56
TE064;06.01.2024;1;1.0;130;56;119;56;11;55
TE064;06.01.2024;2;1.0;108;56;100;56;8;57
TE064;06.01.2024;3;1.0;91;58;84;58;7;64
TE064;06.01.2024;4;1.0;144;59;138;59;6;58
TE064;06.01.2024;5;1.0;227;62;206;62;21;63
TE064;06.01.2024;6;1.0;196;61;176;62;20;60
TE064;06.01.2024;7;1.0;275;60;256;60;19;60
TE064;06.01.2024;8;1.0;431;59;416;59;15;59
TE064;06.01.2024;9;1.0;578;57;545;57;33;57
TE064;06.01.2024;10;1.0;762;55;729;55;33;55
TE064;06.01.2024;11;1.0;881;55;847;55;34;55
TE064;06.01.2024;12;1.0;1038;52;1002;52;36;52
TE064;06.01.2024;13;1.0;1116;51;1072;51;44;50
TE064;06.01.2024;14;1.0;1109;52;1076;52;33;53
TE064;06.01.2024;15;1.0;1097;48;1052;48;45;49
TE064;06.01.2024;16;1.0;962;52;939;52;23;54
TE064;06.01.2024;17;1.0;899;52;871;53;28;53
TE064;06.01.2024;18;1.0;784;53;753;53;31;54
TE064;06.01.2024;19;1.0;681;52;663;52;18;54
TE064;06.01.2024;20;1.0;598;55;568;55;30;55
TE064;06.01.2024;21;1.0;484;54;466;54;18;54
TE064;06.01.2024;22;1.0;402;54;388;54;14;55
TE064;06.01.2024;23;1.0;325;55;308;55;17;56
TE064;07.01.2024;0;1.0;207;56;191;56;16;51
TE064;07.01.2024;1;1.0;170;54;161;54;9;54
TE064;07.01.2024;2;1.0;103;55;98;55;5;50
TE064;07.01.2024;3;1.0;91;50;86;51;5;48
TE064;07.01.2024;4;1.0;111;50;102;50;9;48
TE064;07.01.2024;5;1.0;146;55;140;55;6;53
TE064;07.01.2024;6;1.0;130;56;127;56;3;60
TE064;07.01.2024;7;1.0;136;59;126;59;10;56
TE064;07.01.2024;8;1.0;189;60;185;60;4;58
TE064;07.01.2024;9;1.0;324;60;314;60;10;60
TE064;07.01.2024;10;1.0;414;58;399;57;15;59
TE064;07.01.2024;11;1.0;505;55;484;55;21;58
TE064;07.01.2024;12;1.0;583;58;567;58;16;58
TE064;07.01.2024;13;1.0;700;55;680;55;20;55
TE064;07.01.2024;14;1.0;662;58;645;58;17;59
TE064;07.01.2024;15;1.0;566;55;551;55;15;54
TE064;07.01.2024;16;1.0;606;56;585;56;21;56
TE064;07.01.2024;17;1.0;579;55;562;55;17;54
TE064;07.01.2024;18;1.0;465;56;443;56;22;56
TE064;07.01.2024;19;1.0;427;57;404;57;23;58
TE064;07.01.2024;20;1.0;362;55;334;55;28;53
TE064;07.01.2024;21;1.0;322;52;304;52;18;52
TE064;07.01.2024;22;1.0;226;51;213;51;13;52
TE064;07.01.2024;23;1.0;152;54;143;54;9;52
TE064;08.01.2024;0;1.0;108;51;97;51;11;48
TE064;08.01.2024;1;1.0;77;53;68;53;9;49
TE064;08.01.2024;2;1.0;84;52;78;52;6;53
TE064;08.01.2024;3;1.0;95;54;85;54;10;56
TE064;08.01.2024;4;1.0;245;55;235;55;10;54
TE064;08.01.2024;5;1.0;710;53;667;53;43;52
TE064;08.01.2024;6;1.0;973;48;931;48;42;49
TE064;08.01.2024;7;1.0;1048;42;1008;42;40;43
TE064;08.01.2024;8;1.0;1053;45;1008;45;45;40
TE064;08.01.2024;9;1.0;990;49;959;49;31;48
TE064;08.01.2024;10;1.0;893;50;857;50;36;50
TE064;08.01.2024;11;1.0;884;51;830;51;54;52
TE064;08.01.2024;12;1.0;933;44;888;44;45;44
TE064;08.01.2024;13;1.0;908;50;872;50;36;51
TE064;08.01.2024;14;1.0;957;44;911;44;46;44
TE064;08.01.2024;15;1.0;891;34;857;35;34;24
TE064;08.01.2024;16;1.0;968;45;932;45;36;39
TE064;08.01.2024;17;1.0;947;47;930;47;17;49
TE064;08.01.2024;18;1.0;735;49;719;49;16;50
TE064;08.01.2024;19;1.0;599;52;579;52;20;53
TE064;08.01.2024;20;1.0;430;53;404;53;26;52
TE064;08.01.2024;21;1.0;363;54;352;54;11;55
TE064;08.01.2024;22;1.0;290;53;279;53;11;55
TE064;08.01.2024;23;1.0;194;55;183;54;11;55
TE064;09.01.2024;0;1.0;116;53;104;53;12;53
TE064;09.01.2024;1;1.0;63;54;58;53;5;66
TE064;09.01.2024;2;1.0;83;51;79;51;4;46
TE064;09.01.2024;3;1.0;120;58;111;58;9;56
TE064;09.01.2024;4;1.0;228;56;218;56;10;56
TE064;09.01.2024;5;1.0;676;53;653;53;23;52
TE064;09.01.2024;6;1.0;997;47;963;47;34;41
TE064;09.01.2024;7;1.0;1115;43;1077;43;38;41
TE064;09.01.2024;8;1.0;1112;34;1030;35;82;31
TE064;09.01.2024;9;1.0;1065;43;1013;43;52;40
TE064;09.01.2024;10;1.0;942;39;868;40;74;33
TE064;09.01.2024;11;1.0;975;45;894;45;81;45
TE064;09.01.2024;12;1.0;874;41;825;41;49;36
TE064;09.01.2024;13;1.0;805;48;769;47;36;45
TE064;09.01.2024;14;1.0;921;37;875;37;46;31
TE064;09.01.2024;15;1.0;843;27;826;27;17;22
TE064;09.01.2024;16;1.0;941;36;911;36;30;26
TE064;09.01.2024;17;1.0;933;41;904;41;29;37
TE064;09.01.2024;18;1.0;785;50;766;50;19;51
TE064;09.01.2024;19;1.0;588;38;568;38;20;40
TE064;09.01.2024;20;1.0;425;52;399;52;26;53
TE064;09.01.2024;21;1.0;393;53;383;53;10;55
TE064;09.01.2024;22;1.0;319;56;306;56;13;57
TE064;09.01.2024;23;1.0;200;54;190;54;10;52
TE064;10.01.2024;0;1.0;109;51;99;52;10;49
TE064;10.01.2024;1;1.0;71;58;59;60;12;52
TE064;10.01.2024;2;1.0;78;56;75;56;3;55
TE064;10.01.2024;3;1.0;102;56;95;56;7;55
TE064;10.01.2024;4;1.0;257;56;246;56;11;58
TE064;10.01.2024;5;1.0;704;54;683;54;21;54
TE064;10.01.2024;6;1.0;996;51;949;51;47;52
TE064;10.01.2024;7;1.0;1164;44;1107;44;57;41
TE064;10.01.2024;8;1.0;1179;36;1133;36;46;34
TE064;10.01.2024;9;1.0;979;41;926;41;53;35
TE064;10.01.2024;10;1.0;952;50;900;50;52;49
TE064;10.01.2024;11;1.0;952;42;864;42;88;37
TE064;10.01.2024;12;1.0;985;48;934;48;51;48
TE064;10.01.2024;13;1.0;944;47;902;48;42;42
TE064;10.01.2024;14;1.0;912;34;869;35;43;32
TE064;10.01.2024;15;1.0;1022;34;973;34;49;29
TE064;10.01.2024;16;1.0;968;37;913;37;55;29
TE064;10.01.2024;17;1.0;968;41;937;42;31;35
TE064;10.01.2024;18;1.0;839;45;804;45;35;35
TE064;10.01.2024;19;1.0;659;52;640;51;19;51
TE064;10.01.2024;20;1.0;493;52;462;52;31;52
TE064;10.01.2024;21;1.0;365;55;355;55;10;55
TE064;10.01.2024;22;1.0;334;55;323;55;11;55
TE064;10.01.2024;23;1.0;178;55;170;55;8;55
TE064;11.01.2024;0;1.0;120;54;107;54;13;54
TE064;11.01.2024;1;1.0;94;58;82;59;12;53
TE064;11.01.2024;2;1.0;77;59;77;59;0;-1
TE064;11.01.2024;3;1.0;95;60;86;60;9;59
TE064;11.01.2024;4;1.0;232;61;221;61;11;64
TE064;11.01.2024;5;1.0;659;60;648;60;11;60
TE064;11.01.2024;6;1.0;871;52;861;52;10;51
TE064;11.01.2024;7;1.0;1051;48;1024;48;27;51
TE064;11.01.2024;8;1.0;957;30;917;30;41;22
TE064;11.01.2024;9;1.0;989;44;956;44;33;35
TE064;11.01.2024;10;1.0;952;51;933;51;19;52
TE064;11.01.2024;11;1.0;966;43;952;43;14;33
TE064;11.01.2024;12;1.0;921;41;900;41;21;28
TE064;11.01.2024;13;1.0;1034;42;1004;42;30;35
TE064;11.01.2024;14;1.0;858;30;834;31;24;23
TE064;11.01.2024;15;1.0;1005;39;981;39;24;32
TE064;11.01.2024;16;1.0;956;39;927;39;29;30
TE064;11.01.2024;17;1.0;929;42;894;42;35;39
TE064;11.01.2024;18;1.0;808;48;776;48;32;48
TE064;11.01.2024;19;1.0;645;54;624;54;21;53
TE064;11.01.2024;20;1.0;489;55;458;55;31;56
TE064;11.01.2024;21;1.0;371;57;354;57;17;57
TE064;11.01.2024;22;1.0;337;58;322;58;15;59
TE064;11.01.2024;23;1.0;216;57;203;57;13;57
TE064;12.01.2024;0;1.0;117;57;104;56;13;59
TE064;12.01.2024;1;1.0;74;59;67;59;7;58
TE064;12.01.2024;2;1.0;86;57;81;58;5;57
TE064;12.01.2024;3;1.0;147;58;136;58;11;55
TE064;12.01.2024;4;1.0;181;60;176;60;5;61
TE064;12.01.2024;5;1.0;651;57;632;57;19;57
TE064;12.01.2024;6;1.0;820;54;808;54;12;55
TE064;12.01.2024;7;1.0;1002;50;978;50;24;46
TE064;12.01.2024;8;1.0;925;32;906;32;19;24
TE064;12.01.2024;9;1.0;941;46;897;46;44;44
TE064;12.01.2024;10;1.0;1005;45;980;45;25;37
TE064;12.01.2024;11;1.0;1014;44;976;45;38;37
TE064;12.01.2024;12;1.0;1028;48;993;49;35;43
TE064;12.01.2024;13;1.0;1041;42;1016;42;25;38
TE064;12.01.2024;14;1.0;1046;40;996;41;50;33
TE064;12.01.2024;15;1.0;920;45;885;45;35;40
TE064;12.01.2024;16;1.0;1001;48;989;48;12;48
TE064;12.01.2024;17;1.0;1007;46;983;46;24;41
TE064;12.01.2024;18;1.0;879;50;859;50;20;48
TE064;12.01.2024;19;1.0;712;54;689;54;23;54
TE064;12.01.2024;20;1.0;478;56;456;56;22;55
TE064;12.01.2024;21;1.0;414;56;404;56;10;56
TE064;12.01.2024;22;1.0;382;57;365;57;17;59
TE064;12.01.2024;23;1.0;239;56;226;56;13;55
TE064;13.01.2024;0;1.0;191;56;182;57;9;57
TE064;13.01.2024;1;1.0;162;55;156;55;6;58
TE064;13.01.2024;2;1.0;117;57;109;57;8;61
TE064;13.01.2024;3;1.0;99;61;94;61;5;64
TE064;13.01.2024;4;1.0;141;57;134;57;7;56
TE064;13.01.2024;5;1.0;179;57;174;57;5;52
TE064;13.01.2024;6;1.0;223;57;215;57;8;58
TE064;13.01.2024;7;1.0;281;56;274;56;7;56
TE064;13.01.2024;8;1.0;410;56;402;56;8;57
TE064;13.01.2024;9;1.0;614;56;602;56;12;54
TE064;13.01.2024;10;1.0;812;53;787;53;25;54
TE064;13.01.2024;11;1.0;938;51;907;51;31;51
TE064;13.01.2024;12;1.0;1030;51;1004;51;26;52
TE064;13.01.2024;13;1.0;1168;47;1136;47;32;47
TE064;13.01.2024;14;1.0;1119;49;1089;49;30;48
TE064;13.01.2024;15;1.0;1026;49;997;49;29;50
TE064;13.01.2024;16;1.0;957;50;930;50;27;51
TE064;13.01.2024;17;1.0;946;50;925;50;21;51
TE064;13.01.2024;18;1.0;762;52;736;51;26;52
TE064;13.01.2024;19;1.0;609;52;588;52;21;55
TE064;13.01.2024;20;1.0;545;53;515;53;30;53
TE064;13.01.2024;21;1.0;438;56;418;56;20;56
TE064;13.01.2024;22;1.0;429;53;404;53;25;55
TE064;13.01.2024;23;1.0;335;55;319;56;16;52
TE064;14.01.2024;0;1.0;190;55;182;55;8;55
TE064;14.01.2024;1;1.0;149;56;144;56;5;57
TE064;14.01.2024;2;1.0;135;57;133;57;2;56
TE064;14.01.2024;3;1.0;97;57;93;57;4;59
TE064;14.01.2024;4;1.0;110;55;102;55;8;52
TE064;14.01.2024;5;1.0;158;58;149;58;9;56
TE064;14.01.2024;6;1.0;151;55;147;55;4;46
TE064;14.01.2024;7;1.0;133;57;128;58;5;54
TE064;14.01.2024;8;1.0;221;57;217;57;4;56
TE064;14.01.2024;9;1.0;351;57;343;57;8;60
TE064;14.01.2024;10;1.0;456;57;444;57;12;59
TE064;14.01.2024;11;1.0;540;56;525;56;15;56
TE064;14.01.2024;12;1.0;641;56;629;56;12;58
TE064;14.01.2024;13;1.0;716;54;697;54;19;55
TE064;14.01.2024;14;1.0;705;55;682;55;23;57
TE064;14.01.2024;15;1.0;608;54;589;54;19;56
TE064;14.01.2024;16;1.0;567;54;540;54;27;55
TE064;14.01.2024;17;1.0;629;50;609;50;20;51
TE064;14.01.2024;18;1.0;473;54;455;54;18;55
TE064;14.01.2024;19;1.0;435;54;421;54;14;57
TE064;14.01.2024;20;1.0;371;50;344;50;27;48
TE064;14.01.2024;21;1.0;303;58;286;58;17;57
TE064;14.01.2024;22;1.0;307;51;292;51;15;53
TE064;14.01.2024;23;1.0;205;54;196;54;9;57
TE064;15.01.2024;0;1.0;133;57;121;57;12;57
TE064;15.01.2024;1;1.0;74;56;66;56;8;54
TE064;15.01.2024;2;1.0;89;55;83;55;6;61
TE064;15.01.2024;3;1.0;115;53;107;52;8;59
TE064;15.01.2024;4;1.0;239;53;219;52;20;55
TE064;15.01.2024;5;1.0;738;54;703;54;35;53
TE064;15.01.2024;6;1.0;933;46;901;46;32;45
TE064;15.01.2024;7;1.0;1123;45;1075;45;48;42
TE064;15.01.2024;8;1.0;1036;36;990;36;46;26
TE064;15.01.2024;9;1.0;893;43;847;43;46;39
TE064;15.01.2024;10;1.0;854;46;807;46;47;42
TE064;15.01.2024;11;1.0;921;51;873;51;48;52
TE064;15.01.2024;12;1.0;911;50;875;50;36;51
TE064;15.01.2024;13;1.0;919;49;890;50;29;44
TE064;15.01.2024;14;1.0;981;43;940;43;41;37
TE064;15.01.2024;15;1.0;882;41;861;42;21;37
TE064;15.01.2024;16;1.0;826;36;799;36;27;27
TE064;15.01.2024;17;1.0;911;43;882;43;29;41
TE064;15.01.2024;18;1.0;802;50;780;50;22;50
TE064;15.01.2024;19;1.0;594;54;575;54;19;54
TE064;15.01.2024;20;1.0;426;56;398;56;28;57
TE064;15.01.2024;21;1.0;419;58;397;58;22;58
TE064;15.01.2024;22;1.0;350;58;331;58;19;58
TE064;15.01.2024;23;1.0;162;56;146;57;16;56
TE064;16.01.2024;0;1.0;91;56;82;56;9;51
TE064;16.01.2024;1;1.0;85;54;78;54;7;54
TE064;16.01.2024;2;1.0;73;45;69;45;4;42
TE064;16.01.2024;3;1.0;116;49;109;49;7;52
TE064;16.01.2024;4;1.0;214;51;195;51;19;53
TE064;16.01.2024;5;1.0;650;48;629;48;21;47
TE064;16.01.2024;6;1.0;937;46;914;46;23;45
TE064;16.01.2024;7;1.0;1030;35;1007;35;23;30
TE064;16.01.2024;8;1.0;1042;29;1014;29;28;20
TE064;16.01.2024;9;1.0;990;34;952;34;38;32
TE064;16.01.2024;10;1.0;942;46;897;46;45;43
TE064;16.01.2024;11;1.0;948;40;914;40;34;38
TE064;16.01.2024;12;1.0;934;39;900;39;34;33
TE064;16.01.2024;13;1.0;978;48;927;49;51;45
TE064;16.01.2024;14;1.0;1018;38;974;38;44;38
TE064;16.01.2024;15;1.0;980;38;950;38;30;30
TE064;16.01.2024;16;1.0;959;43;945;43;14;40
TE064;16.01.2024;17;1.0;935;46;916;46;19;37
TE064;16.01.2024;18;1.0;806;52;789;52;17;53
TE064;16.01.2024;19;1.0;590;54;561;54;29;54
TE064;16.01.2024;20;1.0;448;56;418;56;30;55
TE064;16.01.2024;21;1.0;411;56;393;56;18;55
TE064;16.01.2024;22;1.0;351;55;336;55;15;56
TE064;16.01.2024;23;1.0;197;55;188;55;9;56
TE064;17.01.2024;0;1.0;101;53;97;53;4;53
TE064;17.01.2024;1;1.0;87;49;74;49;13;49
TE064;17.01.2024;2;1.0;91;51;83;50;8;53
TE064;17.01.2024;3;1.0;95;52;84;52;11;51
TE064;17.01.2024;4;1.0;219;54;210;54;9;56
TE064;17.01.2024;5;1.0;663;52;645;52;18;52
TE064;17.01.2024;6;1.0;929;46;900;46;29;43
TE064;17.01.2024;7;1.0;1043;38;1017;38;26;33
TE064;17.01.2024;8;1.0;1057;33;1010;34;47;34
TE064;17.01.2024;9;1.0;1048;46;981;46;67;45
TE064;17.01.2024;10;1.0;958;47;899;47;59;43
TE064;17.01.2024;11;1.0;910;50;873;50;37;52
TE064;17.01.2024;12;1.0;975;46;913;47;62;45
TE064;17.01.2024;13;1.0;987;42;946;42;41;44
TE064;17.01.2024;14;1.0;1036;38;971;38;65;34
TE064;17.01.2024;15;1.0;960;39;923;39;37;30
TE064;17.01.2024;16;1.0;935;38;911;38;24;26
TE064;17.01.2024;17;1.0;839;47;812;47;27;44
TE064;17.01.2024;18;1.0;883;51;853;51;30;51
TE064;17.01.2024;19;1.0;590;54;578;54;12;54
TE064;17.01.2024;20;1.0;434;57;404;57;30;57
TE064;17.01.2024;21;1.0;389;58;377;58;12;58
TE064;17.01.2024;22;1.0;319;58;310;58;9;58
TE064;17.01.2024;23;1.0;224;58;214;58;10;58
TE064;18.01.2024;0;1.0;136;55;128;55;8;57
TE064;18.01.2024;1;1.0;97;59;93;59;4;56
TE064;18.01.2024;2;1.0;101;61;97;61;4;58
TE064;18.01.2024;3;1.0;121;59;116;59;5;54
TE064;18.01.2024;4;1.0;257;62;239;62;18;65
TE064;18.01.2024;5;1.0;667;60;635;60;32;60
TE064;18.01.2024;6;1.0;868;53;823;53;45;49
TE064;18.01.2024;7;1.0;1104;48;1059;48;45;41
TE064;18.01.2024;8;1.0;1180;45;1119;45;61;42
TE064;18.01.2024;9;1.0;1006;43;937;44;69;36
TE064;18.01.2024;10;1.0;975;48;907;48;68;44
TE064;18.01.2024;11;1.0;1001;46;950;47;51;44
TE064;18.01.2024;12;1.0;1025;45;985;45;40;47
TE064;18.01.2024;13;1.0;909;36;852;36;57;35
TE064;18.01.2024;14;1.0;932;33;891;33;41;29
TE064;18.01.2024;15;1.0;1024;35;973;35;51;29
TE064;18.01.2024;16;1.0;1100;35;1044;36;55;29
TE064;18.01.2024;17;1.0;1000;45;981;45;19;43
TE064;18.01.2024;18;1.0;885;43;850;43;35;35
TE064;18.01.2024;19;1.0;636;53;614;53;22;52
TE064;18.01.2024;20;1.0;479;53;456;53;23;52
TE064;18.01.2024;21;1.0;412;52;400;52;12;52
TE064;18.01.2024;22;1.0;345;54;333;54;12;56
TE064;18.01.2024;23;1.0;242;54;228;54;14;53
TE064;19.01.2024;0;1.0;141;52;130;52;11;54
TE064;19.01.2024;1;1.0;89;53;81;53;8;56
TE064;19.01.2024;2;1.0;79;59;69;59;10;63
TE064;19.01.2024;3;1.0;104;53;92;54;12;52
TE064;19.01.2024;4;1.0;208;58;194;58;14;59
TE064;19.01.2024;5;1.0;631;55;599;55;32;54
TE064;19.01.2024;6;1.0;806;50;777;50;29;48
TE064;19.01.2024;7;1.0;1077;43;1017;43;60;40
TE064;19.01.2024;8;1.0;1027;39;976;39;51;36
TE064;19.01.2024;9;1.0;944;44;889;44;55;45
TE064;19.01.2024;10;1.0;997;51;925;51;72;52
TE064;19.01.2024;11;1.0;969;44;889;45;80;42
TE064;19.01.2024;12;1.0;1025;46;982;46;43;46
TE064;19.01.2024;13;1.0;1005;36;955;37;50;30
TE064;19.01.2024;14;1.0;1130;42;1067;43;63;43
TE064;19.01.2024;15;1.0;964;39;925;39;39;36
TE064;19.01.2024;16;1.0;889;41;861;41;28;35
TE064;19.01.2024;17;1.0;900;36;858;36;42;32
TE064;19.01.2024;18;1.0;838;46;806;46;32;43
TE064;19.01.2024;19;1.0;644;50;616;50;28;50
TE064;19.01.2024;20;1.0;533;50;503;50;30;50
TE064;19.01.2024;21;1.0;429;52;405;52;24;52
TE064;19.01.2024;22;1.0;396;55;373;55;23;56
TE064;19.01.2024;23;1.0;282;52;265;52;17;53
TE064;20.01.2024;0;1.0;215;54;199;54;16;53
TE064;20.01.2024;1;1.0;159;53;148;53;11;53
TE064;20.01.2024;2;1.0;122;53;113;53;9;52
TE064;20.01.2024;3;1.0;82;54;76;53;6;58
TE064;20.01.2024;4;1.0;114;56;106;56;8;55
TE064;20.01.2024;5;1.0;207;57;193;57;14;59
TE064;20.01.2024;6;1.0;228;55;209;55;19;55
TE064;20.01.2024;7;1.0;302;54;291;54;11;56
TE064;20.01.2024;8;1.0;471;55;448;55;23;56
TE064;20.01.2024;9;1.0;696;55;672;55;24;57
TE064;20.01.2024;10;1.0;866;52;830;52;36;53
TE064;20.01.2024;11;1.0;1003;51;975;51;28;52
TE064;20.01.2024;12;1.0;1076;52;1032;52;44;52
TE064;20.01.2024;13;1.0;1136;46;1097;46;39;46
TE064;20.01.2024;14;1.0;1102;46;1068;46;34;45
TE064;20.01.2024;15;1.0;1031;47;998;47;33;45
TE064;20.01.2024;16;1.0;1012;46;981;46;31;48
TE064;20.01.2024;17;1.0;935;48;907;48;28;48
TE064;20.01.2024;18;1.0;848;47;818;48;30;46
TE064;20.01.2024;19;1.0;682;51;659;51;23;52
TE064;20.01.2024;20;1.0;515;51;493;51;22;50
TE064;20.01.2024;21;1.0;468;51;446;51;22;54
TE064;20.01.2024;22;1.0;394;51;378;51;16;53
TE064;20.01.2024;23;1.0;352;51;331;51;21;52
TE064;21.01.2024;0;1.0;226;52;213;52;13;53
TE064;21.01.2024;1;1.0;162;51;152;50;10;54
TE064;21.01.2024;2;1.0;104;52;102;52;2;52
TE064;21.01.2024;3;1.0;111;54;107;54;4;50
TE064;21.01.2024;4;1.0;90;52;80;52;10;54
TE064;21.01.2024;5;1.0;157;60;152;60;5;60
TE064;21.01.2024;6;1.0;159;56;156;56;3;53
TE064;21.01.2024;7;1.0;171;55;164;55;7;56
TE064;21.01.2024;8;1.0;218;56;214;56;4;56
TE064;21.01.2024;9;1.0;419;55;409;55;10;56
TE064;21.01.2024;10;1.0;514;56;493;56;21;56
TE064;21.01.2024;11;1.0;572;55;554;55;18;55
TE064;21.01.2024;12;1.0;681;54;650;54;31;53
TE064;21.01.2024;13;1.0;669;52;644;52;25;51
TE064;21.01.2024;14;1.0;687;53;665;53;22;55
TE064;21.01.2024;15;1.0;661;53;629;53;32;54
TE064;21.01.2024;16;1.0;580;53;556;53;24;56
TE064;21.01.2024;17;1.0;588;54;570;54;18;60
TE064;21.01.2024;18;1.0;494;54;482;54;12;54
TE064;21.01.2024;19;1.0;441;54;419;54;22;56
TE064;21.01.2024;20;1.0;381;55;343;55;38;55
TE064;21.01.2024;21;1.0;278;55;251;55;27;56
TE064;21.01.2024;22;1.0;239;54;226;54;13;56
TE064;21.01.2024;23;1.0;164;52;153;52;11;55
TE064;22.01.2024;0;1.0;107;54;97;54;10;56
TE064;22.01.2024;1;1.0;65;51;53;52;12;42
TE064;22.01.2024;2;1.0;67;54;59;54;8;55
TE064;22.01.2024;3;1.0;79;56;69;57;10;56
TE064;22.01.2024;4;1.0;236;59;211;59;25;59
TE064;22.01.2024;5;1.0;706;58;649;58;57;58
TE064;22.01.2024;6;1.0;924;52;832;52;92;51
TE064;22.01.2024;7;1.0;1015;44;881;44;134;44
TE064;22.01.2024;8;1.0;1023;32;901;31;122;32
TE064;22.01.2024;9;1.0;1067;48;960;48;107;48
TE064;22.01.2024;10;1.0;935;51;905;51;30;52
TE064;22.01.2024;11;1.0;1021;47;895;46;126;47
TE064;22.01.2024;12;1.0;990;41;804;41;186;40
TE064;22.01.2024;13;1.0;1004;49;772;49;232;49
TE064;22.01.2024;14;1.0;1023;35;831;34;192;38
TE064;22.01.2024;15;1.0;863;35;736;34;127;40
TE064;22.01.2024;16;1.0;945;39;854;38;91;40
TE064;22.01.2024;17;1.0;875;43;854;43;21;39
TE064;22.01.2024;18;1.0;814;51;797;51;17;53
TE064;22.01.2024;19;1.0;641;53;603;53;38;53
TE064;22.01.2024;20;1.0;439;53;404;53;35;53
TE064;22.01.2024;21;1.0;362;55;345;55;17;57
TE064;22.01.2024;22;1.0;341;54;326;54;15;56
TE064;22.01.2024;23;1.0;171;54;155;53;16;54
TE064;23.01.2024;0;1.0;127;55;113;55;14;54
TE064;23.01.2024;1;1.0;76;54;59;53;17;55
TE064;23.01.2024;2;1.0;92;55;79;55;13;54
TE064;23.01.2024;3;1.0;88;58;80;58;8;61
TE064;23.01.2024;4;1.0;215;60;195;60;20;61
TE064;23.01.2024;5;1.0;670;57;626;57;44;57
TE064;23.01.2024;6;1.0;947;47;888;47;59;43
TE064;23.01.2024;7;1.0;1069;43;1002;43;67;41
TE064;23.01.2024;8;1.0;1136;30;1059;30;77;29
TE064;23.01.2024;9;1.0;938;40;819;41;119;38
TE064;23.01.2024;10;1.0;996;52;859;52;137;51
TE064;23.01.2024;11;1.0;1049;44;879;43;170;46
TE064;23.01.2024;12;1.0;972;42;860;41;112;45
TE064;23.01.2024;13;1.0;1030;44;907;44;123;42
TE064;23.01.2024;14;1.0;1091;42;1018;42;73;39
TE064;23.01.2024;15;1.0;1003;37;947;37;56;32
TE064;23.01.2024;16;1.0;965;38;926;38;39;36
TE064;23.01.2024;17;1.0;908;47;833;47;75;46
TE064;23.01.2024;18;1.0;837;49;777;49;60;51
TE064;23.01.2024;19;1.0;634;52;571;52;63;53
TE064;23.01.2024;20;1.0;457;54;428;54;29;55
TE064;23.01.2024;21;1.0;377;55;365;55;12;54
TE064;23.01.2024;22;1.0;338;57;317;56;21;59
TE064;23.01.2024;23;1.0;197;60;183;60;14;61
TE064;24.01.2024;0;1.0;91;58;81;58;10;56
TE064;24.01.2024;1;1.0;71;57;68;57;3;49
TE064;24.01.2024;2;1.0;73;59;65;59;8;60
TE064;24.01.2024;3;1.0;81;61;73;60;8;72
TE064;24.01.2024;4;1.0;227;62;211;62;16;62
TE064;24.01.2024;5;1.0;705;59;661;59;44;59
TE064;24.01.2024;6;1.0;944;47;874;47;70;48
TE064;24.01.2024;7;1.0;1114;45;1033;45;81;44
TE064;24.01.2024;8;1.0;1111;35;1051;35;60;34
TE064;24.01.2024;9;1.0;1081;42;1005;42;76;36
TE064;24.01.2024;10;1.0;981;48;940;48;41;49
TE064;24.01.2024;11;1.0;980;49;816;49;164;50
TE064;24.01.2024;12;1.0;955;37;700;37;255;34
TE064;24.01.2024;13;1.0;1068;46;951;46;117;47
TE064;24.01.2024;14;1.0;1088;43;1013;43;75;42
TE064;24.01.2024;15;1.0;1003;43;949;43;54;42
TE064;24.01.2024;16;1.0;969;33;931;33;38;32
TE064;24.01.2024;17;1.0;946;39;907;40;39;33
TE064;24.01.2024;18;1.0;842;50;819;50;23;50
TE064;24.01.2024;19;1.0;597;53;579;53;18;53
TE064;24.01.2024;20;1.0;494;55;465;55;29;55
TE064;24.01.2024;21;1.0;407;56;388;56;19;55
TE064;24.01.2024;22;1.0;324;55;309;55;15;56
TE064;24.01.2024;23;1.0;174;57;161;57;13;57
TE064;25.01.2024;0;1.0;128;57;106;59;22;51
TE064;25.01.2024;1;1.0;84;59;60;61;24;54
TE064;25.01.2024;2;1.0;71;59;59;59;12;59
TE064;25.01.2024;3;1.0;90;59;78;58;12;60
TE064;25.01.2024;4;1.0;240;62;218;62;22;62
TE064;25.01.2024;5;1.0;734;57;689;57;45;59
TE064;25.01.2024;6;1.0;911;47;878;47;33;55
TE064;25.01.2024;7;1.0;1071;35;1024;35;47;30
TE064;25.01.2024;8;1.0;921;25;880;25;41;24
TE064;25.01.2024;9;1.0;1043;40;985;40;58;37
TE064;25.01.2024;10;1.0;1044;43;1010;43;34;43
TE064;25.01.2024;11;1.0;932;42;908;42;24;36
TE064;25.01.2024;12;1.0;1015;48;985;48;30;43
TE064;25.01.2024;13;1.0;1077;47;1061;47;16;46
TE064;25.01.2024;14;1.0;1039;36;994;37;45;28
TE064;25.01.2024;15;1.0;998;37;958;38;40;29
TE064;25.01.2024;16;1.0;945;42;920;42;25;42
TE064;25.01.2024;17;1.0;704;25;681;25;23;23
TE064;25.01.2024;18;1.0;887;51;852;51;35;51
TE064;25.01.2024;19;1.0;670;55;651;55;19;56
TE064;25.01.2024;20;1.0;489;56;466;56;23;57
TE064;25.01.2024;21;1.0;488;57;471;57;17;56
TE064;25.01.2024;22;1.0;404;53;380;53;24;55
TE064;25.01.2024;23;1.0;235;54;218;54;17;53
TE064;26.01.2024;0;1.0;148;53;131;52;17;54
TE064;26.01.2024;1;1.0;110;53;104;53;6;56
TE064;26.01.2024;2;1.0;94;54;86;54;8;52
TE064;26.01.2024;3;1.0;93;52;90;52;3;51
TE064;26.01.2024;4;1.0;234;57;221;57;13;58
TE064;26.01.2024;5;1.0;657;55;635;55;22;55
TE064;26.01.2024;6;1.0;923;51;892;51;31;51
TE064;26.01.2024;7;1.0;1055;45;1009;45;46;43
TE064;26.01.2024;8;1.0;1035;38;989;38;46;38
TE064;26.01.2024;9;1.0;1006;50;949;50;57;47
TE064;26.01.2024;10;1.0;983;49;926;49;57;50
TE064;26.01.2024;11;1.0;1018;52;964;52;54;52
TE064;26.01.2024;12;1.0;1065;41;967;41;98;40
TE064;26.01.2024;13;1.0;1020;33;988;33;32;23
TE064;26.01.2024;14;1.0;947;30;913;30;34;26
TE064;26.01.2024;15;1.0;984;42;948;42;36;37
TE064;26.01.2024;16;1.0;931;42;903;42;28;31
TE064;26.01.2024;17;1.0;985;47;968;47;17;48
TE064;26.01.2024;18;1.0;882;52;862;52;20;51
TE064;26.01.2024;19;1.0;763;54;736;54;27;55
TE064;26.01.2024;20;1.0;539;54;496;54;43;55
TE064;26.01.2024;21;1.0;461;54;441;54;20;54
TE064;26.01.2024;22;1.0;393;53;364;53;29;55
TE064;26.01.2024;23;1.0;274;54;263;54;11;55
TE064;27.01.2024;0;1.0;167;54;153;53;14;52
TE064;27.01.2024;1;1.0;131;52;120;52;11;53
TE064;27.01.2024;2;1.0;132;55;120;55;12;56
TE064;27.01.2024;3;1.0;98;56;92;56;6;61
TE064;27.01.2024;4;1.0;119;58;109;58;10;59
TE064;27.01.2024;5;1.0;220;56;210;56;10;58
TE064;27.01.2024;6;1.0;251;57;229;57;22;57
TE064;27.01.2024;7;1.0;316;54;298;54;18;57
TE064;27.01.2024;8;1.0;513;57;503;57;10;57
TE064;27.01.2024;9;1.0;783;55;763;55;20;55
TE064;27.01.2024;10;1.0;914;54;891;54;23;55
TE064;27.01.2024;11;1.0;1074;54;1049;54;25;54
TE064;27.01.2024;12;1.0;1057;53;1026;53;31;53
TE064;27.01.2024;13;1.0;1141;48;1098;48;43;51
TE064;27.01.2024;14;1.0;1141;45;1098;45;43;42
TE064;27.01.2024;15;1.0;1068;41;1028;41;40;43
TE064;27.01.2024;16;1.0;1067;49;1033;50;34;50
TE064;27.01.2024;17;1.0;1027;45;989;45;38;45
TE064;27.01.2024;18;1.0;931;48;904;48;27;48
TE064;27.01.2024;19;1.0;704;48;676;48;28;49
TE064;27.01.2024;20;1.0;575;49;548;49;27;50
TE064;27.01.2024;21;1.0;484;51;460;51;24;50
TE064;27.01.2024;22;1.0;441;53;424;53;17;52
TE064;27.01.2024;23;1.0;374;53;359;53;15;51
TE064;28.01.2024;0;1.0;224;53;210;53;14;51
TE064;28.01.2024;1;1.0;168;52;158;52;10;54
TE064;28.01.2024;2;1.0;118;51;114;51;4;47
TE064;28.01.2024;3;1.0;115;51;111;51;4;47
TE064;28.01.2024;4;1.0;94;50;87;50;7;48
TE064;28.01.2024;5;1.0;190;54;186;53;4;61
TE064;28.01.2024;6;1.0;154;51;151;51;3;51
TE064;28.01.2024;7;1.0;160;50;156;51;4;50
TE064;28.01.2024;8;1.0;238;53;231;53;7;52
TE064;28.01.2024;9;1.0;433;53;421;53;12;54
TE064;28.01.2024;10;1.0;563;56;543;56;20;58
TE064;28.01.2024;11;1.0;664;56;643;56;21;57
TE064;28.01.2024;12;1.0;797;54;774;54;23;53
TE064;28.01.2024;13;1.0;840;53;807;53;33;54
TE064;28.01.2024;14;1.0;873;51;840;51;33;51
TE064;28.01.2024;15;1.0;696;53;675;53;21;55
TE064;28.01.2024;16;1.0;768;52;744;52;24;54
TE064;28.01.2024;17;1.0;637;53;615;53;22;57
TE064;28.01.2024;18;1.0;627;52;598;52;29;56
TE064;28.01.2024;19;1.0;551;51;522;51;29;54
TE064;28.01.2024;20;1.0;390;54;359;54;31;56
TE064;28.01.2024;21;1.0;366;54;350;54;16;54
TE064;28.01.2024;22;1.0;283;53;263;54;20;51
TE064;28.01.2024;23;1.0;162;52;150;52;12;52
TE064;29.01.2024;0;1.0;119;53;105;53;14;53
TE064;29.01.2024;1;1.0;82;49;68;50;14;49
TE064;29.01.2024;2;1.0;86;52;75;52;11;55
TE064;29.01.2024;3;1.0;93;57;86;56;7;61
TE064;29.01.2024;4;1.0;210;58;186;59;24;59
TE064;29.01.2024;5;1.0;705;54;646;54;59;55
TE064;29.01.2024;6;1.0;903;50;822;50;81;47
TE064;29.01.2024;7;1.0;1028;35;972;35;56;31
TE064;29.01.2024;8;1.0;1110;37;1034;37;76;35
TE064;29.01.2024;9;1.0;998;45;873;45;125;44
TE064;29.01.2024;10;1.0;979;40;902;41;77;40
TE064;29.01.2024;11;1.0;939;44;836;45;103;38
TE064;29.01.2024;12;1.0;968;42;858;43;110;39
TE064;29.01.2024;13;1.0;962;46;845;47;117;44
TE064;29.01.2024;14;1.0;1035;32;874;32;161;35
TE064;29.01.2024;15;1.0;971;37;872;38;99;30
TE064;29.01.2024;16;1.0;1080;44;1004;44;76;45
TE064;29.01.2024;17;1.0;925;40;868;40;57;38
TE064;29.01.2024;18;1.0;840;48;810;48;30;48
TE064;29.01.2024;19;1.0;594;52;560;52;34;54
TE064;29.01.2024;20;1.0;468;51;430;51;38;52
TE064;29.01.2024;21;1.0;381;54;352;54;29;53
TE064;29.01.2024;22;1.0;365;53;346;53;19;55
TE064;29.01.2024;23;1.0;277;52;264;52;13;52
TE064;30.01.2024;0;1.0;133;53;119;53;14;53
TE064;30.01.2024;1;1.0;97;54;83;54;14;54
TE064;30.01.2024;2;1.0;69;51;63;51;6;54
TE064;30.01.2024;3;1.0;104;56;96;56;8;55
TE064;30.01.2024;4;1.0;229;53;211;53;18;53
TE064;30.01.2024;5;1.0;706;53;676;53;30;53
TE064;30.01.2024;6;1.0;969;46;918;46;51;44
TE064;30.01.2024;7;1.0;1091;42;1035;42;56;40
TE064;30.01.2024;8;1.0;1209;39;1154;39;55;38
TE064;30.01.2024;9;1.0;987;43;904;44;83;41
TE064;30.01.2024;10;1.0;1060;48;926;48;134;47
TE064;30.01.2024;11;1.0;1026;37;940;37;87;36
TE064;30.01.2024;12;1.0;1011;46;897;47;114;41
TE064;30.01.2024;13;1.0;933;39;818;39;115;41
TE064;30.01.2024;14;1.0;1013;39;913;39;100;40
TE064;30.01.2024;15;1.0;1103;43;1026;43;77;36
TE064;30.01.2024;16;1.0;859;29;825;28;34;35
TE064;30.01.2024;17;1.0;954;41;901;42;53;40
TE064;30.01.2024;18;1.0;908;50;861;50;47;50
TE064;30.01.2024;19;1.0;579;55;550;55;29;54
TE064;30.01.2024;20;1.0;484;55;436;55;48;54
TE064;30.01.2024;21;1.0;427;55;410;55;17;55
TE064;30.01.2024;22;1.0;353;56;328;56;25;57
TE064;30.01.2024;23;1.0;199;54;184;54;15;55
TE064;31.01.2024;0;1.0;112;58;89;58;23;56
TE064;31.01.2024;1;1.0;81;55;62;57;19;52
TE064;31.01.2024;2;1.0;68;58;51;58;17;59
TE064;31.01.2024;3;1.0;85;59;76;59;9;57
TE064;31.01.2024;4;1.0;207;61;182;61;25;61
TE064;31.01.2024;5;1.0;715;59;679;59;36;60
TE064;31.01.2024;6;1.0;967;53;920;53;47;50
TE064;31.01.2024;7;1.0;1081;38;1049;38;32;33
TE064;31.01.2024;8;1.0;1047;34;1014;33;33;34
TE064;31.01.2024;9;1.0;1003;39;935;39;68;36
TE064;31.01.2024;10;1.0;927;49;867;49;60;49
TE064;31.01.2024;11;1.0;1009;46;919;46;90;46
TE064;31.01.2024;12;1.0;1036;46;976;46;60;39
TE064;31.01.2024;13;1.0;1079;42;1032;42;47;38
TE064;31.01.2024;14;1.0;1164;45;1102;45;62;42
TE064;31.01.2024;15;1.0;1029;35;982;36;47;30
TE064;31.01.2024;16;1.0;1046;41;989;40;57;40
TE064;31.01.2024;17;1.0;977;42;929;43;48;40
TE064;31.01.2024;18;1.0;969;45;929;45;40;40
TE064;31.01.2024;19;1.0;666;53;636;53;30;51
TE064;31.01.2024;20;1.0;474;54;454;54;20;53
TE064;31.01.2024;21;1.0;357;57;343;57;14;56
TE064;31.01.2024;22;1.0;309;56;295;56;14;56
TE064;31.01.2024;23;1.0;184;57;174;56;10;57
TE065;01.01.2024;0;1.0;116;51;110;51;6;53
TE065;01.01.2024;1;1.0;266;52;260;52;6;52
TE065;01.01.2024;2;1.0;247;51;243;51;4;51
TE065;01.01.2024;3;1.0;225;46;219;46;7;42
TE065;01.01.2024;4;1.0;148;47;137;46;11;49
TE065;01.01.2024;5;1.0;107;52;103;52;4;49
TE065;01.01.2024;6;1.0;153;51;141;51;12;48
TE065;01.01.2024;7;1.0;78;51;73;52;5;48
TE065;01.01.2024;8;1.0;76;51;68;52;8;47
TE065;01.01.2024;9;1.0;79;52;65;52;14;49
TE065;01.01.2024;10;1.0;113;51;97;52;16;49
TE065;01.01.2024;11;1.0;145;51;133;51;12;48
TE065;01.01.2024;12;1.0;221;52;208;52;13;49
TE065;01.01.2024;13;1.0;277;51;263;51;14;50
TE065;01.01.2024;14;1.0;360;51;347;51;13;51
TE065;01.01.2024;15;1.0;335;51;321;52;14;49
TE065;01.01.2024;16;1.0;332;52;317;52;15;51
TE065;01.01.2024;17;1.0;321;52;307;52;14;52
TE065;01.01.2024;18;1.0;338;51;320;51;18;51
TE065;01.01.2024;19;1.0;268;52;256;53;12;51
TE065;01.01.2024;20;1.0;248;47;235;47;13;48
TE065;01.01.2024;21;1.0;227;47;215;47;12;47
TE065;01.01.2024;22;1.0;200;46;192;46;9;43
TE065;01.01.2024;23;1.0;140;52;136;52;4;50
TE065;02.01.2024;0;1.0;92;51;86;52;6;48
TE065;02.01.2024;1;1.0;78;51;76;51;2;49
TE065;02.01.2024;2;1.0;54;51;50;51;4;52
TE065;02.01.2024;3;1.0;39;50;36;49;3;55
TE065;02.01.2024;4;1.0;98;51;81;51;17;50
TE065;02.01.2024;5;1.0;262;50;231;50;31;48
TE065;02.01.2024;6;1.0;341;50;299;50;42;51
TE065;02.01.2024;7;1.0;413;50;386;50;27;49
TE065;02.01.2024;8;1.0;445;50;408;50;37;50
TE065;02.01.2024;9;1.0;518;50;487;50;31;49
TE065;02.01.2024;10;1.0;650;48;617;48;33;46
TE065;02.01.2024;11;1.0;717;48;692;48;25;49
TE065;02.01.2024;12;1.0;752;49;728;49;24;46
TE065;02.01.2024;13;1.0;813;51;780;51;33;50
TE065;02.01.2024;14;1.0;998;50;974;50;24;49
TE065;02.01.2024;15;1.0;1070;50;1048;50;22;48
TE065;02.01.2024;16;1.0;939;50;919;50;20;48
TE065;02.01.2024;17;1.0;812;50;784;50;28;48
TE065;02.01.2024;18;1.0;649;47;622;47;27;46
TE065;02.01.2024;19;1.0;467;47;446;47;21;47
TE065;02.01.2024;20;1.0;371;52;358;52;13;50
TE065;02.01.2024;21;1.0;373;39;357;39;16;39
TE065;02.01.2024;22;1.0;267;51;253;51;14;50
TE065;02.01.2024;23;1.0;161;53;158;53;3;47
TE065;03.01.2024;0;1.0;143;51;134;51;9;48
TE065;03.01.2024;1;1.0;68;51;62;51;6;50
TE065;03.01.2024;2;1.0;46;53;41;53;5;54
TE065;03.01.2024;3;1.0;42;51;38;51;4;47
TE065;03.01.2024;4;1.0;113;52;93;52;20;53
TE065;03.01.2024;5;1.0;260;52;229;52;31;51
TE065;03.01.2024;6;1.0;358;49;304;48;54;48
TE065;03.01.2024;7;1.0;366;46;318;47;49;46
TE065;03.01.2024;8;1.0;547;45;493;45;53;44
TE065;03.01.2024;9;1.0;580;43;525;43;56;42
TE065;03.01.2024;10;1.0;724;48;650;48;74;48
TE065;03.01.2024;11;1.0;863;49;809;49;54;49
TE065;03.01.2024;12;1.0;939;49;880;49;59;49
TE065;03.01.2024;13;1.0;895;48;844;48;51;48
TE065;03.01.2024;14;1.0;1011;49;976;49;35;49
TE065;03.01.2024;15;1.0;1084;49;1060;49;24;49
TE065;03.01.2024;16;1.0;1022;47;998;47;24;48
TE065;03.01.2024;17;1.0;848;48;818;48;30;49
TE065;03.01.2024;18;1.0;691;48;671;48;20;47
TE065;03.01.2024;19;1.0;470;49;450;49;20;48
TE065;03.01.2024;20;1.0;362;50;346;50;16;48
TE065;03.01.2024;21;1.0;323;51;304;51;19;50
TE065;03.01.2024;22;1.0;254;52;244;52;10;50
TE065;03.01.2024;23;1.0;166;50;155;51;11;49
TE065;04.01.2024;0;1.0;115;51;105;51;10;51
TE065;04.01.2024;1;1.0;80;52;77;52;3;49
TE065;04.01.2024;2;1.0;43;51;40;52;3;46
TE065;04.01.2024;3;1.0;42;46;39;47;2;57
TE065;04.01.2024;4;1.0;108;49;94;49;14;47
TE065;04.01.2024;5;1.0;230;49;212;50;17;46
TE065;04.01.2024;6;1.0;347;49;321;49;26;46
TE065;04.01.2024;7;1.0;461;51;428;51;33;48
TE065;04.01.2024;8;1.0;502;49;468;49;34;46
TE065;04.01.2024;9;1.0;584;48;545;48;39;49
TE065;04.01.2024;10;1.0;760;47;675;47;85;48
TE065;04.01.2024;11;1.0;805;48;757;48;48;46
TE065;04.01.2024;12;1.0;848;50;819;50;29;48
TE065;04.01.2024;13;1.0;898;49;856;49;42;48
TE065;04.01.2024;14;1.0;1003;48;969;48;34;47
TE065;04.01.2024;15;1.0;1161;48;1115;48;46;48
TE065;04.01.2024;16;1.0;1139;49;1111;49;28;48
TE065;04.01.2024;17;1.0;1071;49;1045;49;26;49
TE065;04.01.2024;18;1.0;742;50;722;50;20;48
TE065;04.01.2024;19;1.0;482;52;466;52;16;49
TE065;04.01.2024;20;1.0;384;52;370;52;14;50
TE065;04.01.2024;21;1.0;340;48;325;48;15;49
TE065;04.01.2024;22;1.0;287;49;274;49;13;48
TE065;04.01.2024;23;1.0;190;50;180;50;10;47
TE065;05.01.2024;0;1.0;124;51;117;51;7;47
TE065;05.01.2024;1;1.0;77;53;74;53;3;54
TE065;05.01.2024;2;1.0;45;51;43;51;2;54
TE065;05.01.2024;3;1.0;54;53;51;52;3;63
TE065;05.01.2024;4;1.0;125;52;101;53;24;51
TE065;05.01.2024;5;1.0;291;50;260;50;32;48
TE065;05.01.2024;6;1.0;353;54;311;54;42;52
TE065;05.01.2024;7;1.0;453;52;414;52;39;49
TE065;05.01.2024;8;1.0;517;51;489;52;28;49
TE065;05.01.2024;9;1.0;584;48;550;48;34;45
TE065;05.01.2024;10;1.0;732;45;696;45;36;44
TE065;05.01.2024;11;1.0;728;46;690;46;37;43
TE065;05.01.2024;12;1.0;916;50;870;50;46;48
TE065;05.01.2024;13;1.0;1027;51;987;52;40;49
TE065;05.01.2024;14;1.0;1134;49;1092;50;42;48
TE065;05.01.2024;15;1.0;1043;49;1016;49;27;47
TE065;05.01.2024;16;1.0;916;50;885;50;31;49
TE065;05.01.2024;17;1.0;803;48;778;48;25;46
TE065;05.01.2024;18;1.0;638;53;621;53;17;50
TE065;05.01.2024;19;1.0;520;51;501;51;19;48
TE065;05.01.2024;20;1.0;436;54;422;54;14;52
TE065;05.01.2024;21;1.0;336;53;320;53;16;50
TE065;05.01.2024;22;1.0;360;54;348;54;12;52
TE065;05.01.2024;23;1.0;268;53;259;53;9;50
TE065;06.01.2024;0;1.0;185;53;180;53;5;55
TE065;06.01.2024;1;1.0;126;54;123;54;3;50
TE065;06.01.2024;2;1.0;88;53;85;53;3;56
TE065;06.01.2024;3;1.0;72;54;70;54;2;53
TE065;06.01.2024;4;1.0;74;53;69;54;5;51
TE065;06.01.2024;5;1.0;126;49;115;49;11;44
TE065;06.01.2024;6;1.0;138;50;121;51;16;49
TE065;06.01.2024;7;1.0;185;50;171;50;14;51
TE065;06.01.2024;8;1.0;218;47;200;47;18;49
TE065;06.01.2024;9;1.0;379;49;356;50;23;47
TE065;06.01.2024;10;1.0;521;49;490;49;31;49
TE065;06.01.2024;11;1.0;653;49;634;49;19;48
TE065;06.01.2024;12;1.0;749;51;729;51;20;49
TE065;06.01.2024;13;1.0;832;49;814;50;18;49
TE065;06.01.2024;14;1.0;876;49;858;49;18;49
TE065;06.01.2024;15;1.0;830;50;809;50;21;49
TE065;06.01.2024;16;1.0;755;50;728;50;27;48
TE065;06.01.2024;17;1.0;665;51;646;51;19;48
TE065;06.01.2024;18;1.0;657;51;640;51;17;50
TE065;06.01.2024;19;1.0;490;51;478;51;12;49
TE065;06.01.2024;20;1.0;448;53;434;53;14;50
TE065;06.01.2024;21;1.0;372;50;360;50;12;49
TE065;06.01.2024;22;1.0;356;51;342;51;14;49
TE065;06.01.2024;23;1.0;263;52;257;52;6;51
TE065;07.01.2024;0;1.0;187;53;180;53;7;54
TE065;07.01.2024;1;1.0;156;49;151;49;5;45
TE065;07.01.2024;2;1.0;92;50;90;50;2;52
TE065;07.01.2024;3;1.0;92;46;89;46;3;46
TE065;07.01.2024;4;1.0;81;47;72;47;9;44
TE065;07.01.2024;5;1.0;109;45;107;45;2;46
TE065;07.01.2024;6;1.0;100;52;91;53;9;45
TE065;07.01.2024;7;1.0;77;50;75;50;2;42
TE065;07.01.2024;8;1.0;123;49;118;49;5;49
TE065;07.01.2024;9;1.0;210;51;201;51;9;52
TE065;07.01.2024;10;1.0;240;52;227;52;13;53
TE065;07.01.2024;11;1.0;292;51;276;52;16;51
TE065;07.01.2024;12;1.0;393;52;379;53;14;50
TE065;07.01.2024;13;1.0;442;53;427;53;15;52
TE065;07.01.2024;14;1.0;481;55;467;55;14;52
TE065;07.01.2024;15;1.0;439;53;419;53;20;50
TE065;07.01.2024;16;1.0;470;53;457;53;13;50
TE065;07.01.2024;17;1.0;409;48;397;48;12;47
TE065;07.01.2024;18;1.0;410;49;395;49;15;48
TE065;07.01.2024;19;1.0;373;54;359;55;14;51
TE065;07.01.2024;20;1.0;306;52;294;51;12;52
TE065;07.01.2024;21;1.0;260;49;247;49;13;48
TE065;07.01.2024;22;1.0;235;48;222;49;13;48
TE065;07.01.2024;23;1.0;145;47;142;47;3;41
TE065;08.01.2024;0;1.0;109;49;104;49;5;43
TE065;08.01.2024;1;1.0;67;49;65;49;2;42
TE065;08.01.2024;2;1.0;50;50;46;50;4;46
TE065;08.01.2024;3;1.0;55;48;49;48;6;45
TE065;08.01.2024;4;1.0;121;48;97;49;24;47
TE065;08.01.2024;5;1.0;320;51;288;51;32;49
TE065;08.01.2024;6;1.0;408;51;368;51;40;49
TE065;08.01.2024;7;1.0;542;49;506;49;36;49
TE065;08.01.2024;8;1.0;619;44;581;45;37;44
TE065;08.01.2024;9;1.0;582;43;543;44;38;42
TE065;08.01.2024;10;1.0;649;45;602;45;47;43
TE065;08.01.2024;11;1.0;727;47;678;47;49;46
TE065;08.01.2024;12;1.0;745;46;704;46;41;45
TE065;08.01.2024;13;1.0;855;47;801;47;54;47
TE065;08.01.2024;14;1.0;963;49;931;49;32;48
TE065;08.01.2024;15;1.0;1058;48;1025;48;33;47
TE065;08.01.2024;16;1.0;1028;46;995;46;33;45
TE065;08.01.2024;17;1.0;900;47;868;47;32;46
TE065;08.01.2024;18;1.0;670;47;648;47;22;48
TE065;08.01.2024;19;1.0;546;49;527;49;19;47
TE065;08.01.2024;20;1.0;387;49;371;50;16;47
TE065;08.01.2024;21;1.0;308;51;294;51;14;49
TE065;08.01.2024;22;1.0;487;50;474;50;13;49
TE065;08.01.2024;23;1.0;285;50;275;50;10;49
TE065;09.01.2024;0;1.0;163;50;157;50;6;47
TE065;09.01.2024;1;1.0;85;47;83;47;2;40
TE065;09.01.2024;2;1.0;59;47;57;47;2;42
TE065;09.01.2024;3;1.0;44;46;40;47;3;49
TE065;09.01.2024;4;1.0;104;46;93;46;11;42
TE065;09.01.2024;5;1.0;348;52;312;52;36;51
TE065;09.01.2024;6;1.0;403;55;351;55;52;53
TE065;09.01.2024;7;1.0;594;50;555;50;39;47
TE065;09.01.2024;8;1.0;587;51;553;51;34;49
TE065;09.01.2024;9;1.0;728;48;672;48;56;47
TE065;09.01.2024;10;1.0;702;50;643;50;59;49
TE065;09.01.2024;11;1.0;777;48;724;48;53;47
TE065;09.01.2024;12;1.0;888;48;837;48;51;47
TE065;09.01.2024;13;1.0;852;49;799;49;53;48
TE065;09.01.2024;14;1.0;962;48;929;48;33;47
TE065;09.01.2024;15;1.0;1149;47;1104;47;45;49
TE065;09.01.2024;16;1.0;1263;47;1216;47;47;48
TE065;09.01.2024;17;1.0;1121;48;1085;48;36;47
TE065;09.01.2024;18;1.0;785;48;760;48;25;46
TE065;09.01.2024;19;1.0;546;50;525;50;21;48
TE065;09.01.2024;20;1.0;407;49;389;49;18;48
TE065;09.01.2024;21;1.0;309;51;296;51;13;50
TE065;09.01.2024;22;1.0;286;51;274;51;12;50
TE065;09.01.2024;23;1.0;185;50;175;51;10;49
TE065;10.01.2024;0;1.0;105;53;99;53;6;50
TE065;10.01.2024;1;1.0;56;51;54;51;2;44
TE065;10.01.2024;2;1.0;30;45;26;45;3;50
TE065;10.01.2024;3;1.0;48;44;42;43;6;47
TE065;10.01.2024;4;1.0;113;45;97;45;15;48
TE065;10.01.2024;5;1.0;340;48;308;48;33;47
TE065;10.01.2024;6;1.0;434;53;388;54;46;51
TE065;10.01.2024;7;1.0;545;52;509;52;36;50
TE065;10.01.2024;8;1.0;629;51;594;52;35;51
TE065;10.01.2024;9;1.0;672;49;624;50;48;48
TE065;10.01.2024;10;1.0;679;50;624;50;55;49
TE065;10.01.2024;11;1.0;793;48;734;48;59;48
TE065;10.01.2024;12;1.0;908;46;848;47;60;47
TE065;10.01.2024;13;1.0;958;49;898;49;60;48
TE065;10.01.2024;14;1.0;1077;47;1033;47;44;47
TE065;10.01.2024;15;1.0;1260;47;1203;47;57;49
TE065;10.01.2024;16;1.0;1164;48;1134;48;30;48
TE065;10.01.2024;17;1.0;1011;48;977;48;34;48
TE065;10.01.2024;18;1.0;855;41;826;41;29;41
TE065;10.01.2024;19;1.0;618;49;593;49;25;47
TE065;10.01.2024;20;1.0;404;50;385;50;19;49
TE065;10.01.2024;21;1.0;322;48;309;48;13;44
TE065;10.01.2024;22;1.0;267;39;257;39;9;40
TE065;10.01.2024;23;1.0;215;52;203;52;12;51
TE065;11.01.2024;0;1.0;137;49;130;49;7;48
TE065;11.01.2024;1;1.0;77;51;74;51;3;55
TE065;11.01.2024;2;1.0;47;52;44;52;3;46
TE065;11.01.2024;3;1.0;39;51;36;51;3;53
TE065;11.01.2024;4;1.0;137;53;119;54;18;52
TE065;11.01.2024;5;1.0;335;58;308;59;27;56
TE065;11.01.2024;6;1.0;410;57;370;57;40;54
TE065;11.01.2024;7;1.0;531;55;488;55;43;52
TE065;11.01.2024;8;1.0;645;49;587;49;58;46
TE065;11.01.2024;9;1.0;707;54;655;54;52;52
TE065;11.01.2024;10;1.0;728;52;688;52;40;51
TE065;11.01.2024;11;1.0;812;51;779;51;33;48
TE065;11.01.2024;12;1.0;943;45;914;45;29;43
TE065;11.01.2024;13;1.0;944;50;909;50;35;49
TE065;11.01.2024;14;1.0;1024;50;995;50;29;49
TE065;11.01.2024;15;1.0;1218;50;1190;50;28;48
TE065;11.01.2024;16;1.0;1162;48;1142;48;20;45
TE065;11.01.2024;17;1.0;1081;48;1056;48;25;45
TE065;11.01.2024;18;1.0;795;50;772;50;23;49
TE065;11.01.2024;19;1.0;631;52;614;52;17;49
TE065;11.01.2024;20;1.0;451;52;430;52;21;49
TE065;11.01.2024;21;1.0;323;53;307;53;16;51
TE065;11.01.2024;22;1.0;320;53;308;53;12;49
TE065;11.01.2024;23;1.0;216;53;207;53;9;51
TE065;12.01.2024;0;1.0;111;54;107;54;4;48
TE065;12.01.2024;1;1.0;97;54;94;54;3;52
TE065;12.01.2024;2;1.0;47;53;43;53;4;49
TE065;12.01.2024;3;1.0;55;54;53;55;2;49
TE065;12.01.2024;4;1.0;134;52;120;53;14;49
TE065;12.01.2024;5;1.0;354;55;326;55;28;48
TE065;12.01.2024;6;1.0;421;51;384;51;38;48
TE065;12.01.2024;7;1.0;588;53;566;53;22;50
TE065;12.01.2024;8;1.0;612;47;585;48;26;46
TE065;12.01.2024;9;1.0;629;47;601;47;28;46
TE065;12.01.2024;10;1.0;739;50;701;50;38;48
TE065;12.01.2024;11;1.0;834;49;804;50;30;48
TE065;12.01.2024;12;1.0;909;50;881;50;28;48
TE065;12.01.2024;13;1.0;1147;48;1105;48;42;47
TE065;12.01.2024;14;1.0;1155;49;1123;49;32;47
TE065;12.01.2024;15;1.0;1121;50;1091;51;30;50
TE065;12.01.2024;16;1.0;1111;50;1087;51;24;48
TE065;12.01.2024;17;1.0;926;49;899;49;27;47
TE065;12.01.2024;18;1.0;734;51;714;51;20;48
TE065;12.01.2024;19;1.0;532;51;516;51;16;51
TE065;12.01.2024;20;1.0;418;53;398;53;20;50
TE065;12.01.2024;21;1.0;363;51;347;52;16;50
TE065;12.01.2024;22;1.0;365;50;351;51;14;49
TE065;12.01.2024;23;1.0;245;53;240;53;5;50
TE065;13.01.2024;0;1.0;179;52;174;52;5;49
TE065;13.01.2024;1;1.0;124;53;122;53;2;54
TE065;13.01.2024;2;1.0;89;51;86;51;3;51
TE065;13.01.2024;3;1.0;61;53;60;54;1;47
TE065;13.01.2024;4;1.0;72;48;67;48;5;53
TE065;13.01.2024;5;1.0;131;47;119;47;12;44
TE065;13.01.2024;6;1.0;158;46;146;46;12;42
TE065;13.01.2024;7;1.0;160;49;151;49;9;47
TE065;13.01.2024;8;1.0;245;52;232;52;13;50
TE065;13.01.2024;9;1.0;404;52;384;52;20;52
TE065;13.01.2024;10;1.0;556;51;534;51;22;50
TE065;13.01.2024;11;1.0;659;49;642;49;17;48
TE065;13.01.2024;12;1.0;822;48;803;48;19;48
TE065;13.01.2024;13;1.0;833;49;814;49;19;49
TE065;13.01.2024;14;1.0;866;50;850;50;16;48
TE065;13.01.2024;15;1.0;779;51;759;51;20;50
TE065;13.01.2024;16;1.0;751;49;734;49;17;47
TE065;13.01.2024;17;1.0;686;49;669;49;17;47
TE065;13.01.2024;18;1.0;614;48;592;49;22;48
TE065;13.01.2024;19;1.0;502;49;488;49;14;48
TE065;13.01.2024;20;1.0;367;50;353;51;14;48
TE065;13.01.2024;21;1.0;327;53;315;53;12;50
TE065;13.01.2024;22;1.0;352;51;341;51;11;48
TE065;13.01.2024;23;1.0;299;51;294;51;5;48
TE065;14.01.2024;0;1.0;200;53;196;53;4;49
TE065;14.01.2024;1;1.0;134;50;131;50;3;46
TE065;14.01.2024;2;1.0;90;50;88;50;2;46
TE065;14.01.2024;3;1.0;73;54;70;54;3;49
TE065;14.01.2024;4;1.0;79;52;72;52;7;52
TE065;14.01.2024;5;1.0;95;53;91;53;4;53
TE065;14.01.2024;6;1.0;110;54;96;54;14;51
TE065;14.01.2024;7;1.0;73;49;68;49;5;42
TE065;14.01.2024;8;1.0;104;52;99;52;5;48
TE065;14.01.2024;9;1.0;198;52;185;52;13;51
TE065;14.01.2024;10;1.0;258;52;245;52;13;48
TE065;14.01.2024;11;1.0;314;52;300;52;14;51
TE065;14.01.2024;12;1.0;396;52;381;53;15;52
TE065;14.01.2024;13;1.0;497;51;485;51;12;52
TE065;14.01.2024;14;1.0;456;52;439;52;17;50
TE065;14.01.2024;15;1.0;433;51;415;51;18;50
TE065;14.01.2024;16;1.0;484;52;472;52;12;51
TE065;14.01.2024;17;1.0;409;49;397;49;12;48
TE065;14.01.2024;18;1.0;414;49;399;49;15;49
TE065;14.01.2024;19;1.0;351;53;338;53;13;49
TE065;14.01.2024;20;1.0;327;52;316;52;11;51
TE065;14.01.2024;21;1.0;237;54;224;54;13;49
TE065;14.01.2024;22;1.0;220;54;212;54;8;49
TE065;14.01.2024;23;1.0;176;55;172;55;4;51
TE065;15.01.2024;0;1.0;125;53;123;53;2;48
TE065;15.01.2024;1;1.0;54;54;53;54;1;50
TE065;15.01.2024;2;1.0;48;56;44;56;4;58
TE065;15.01.2024;3;1.0;45;56;40;55;5;63
TE065;15.01.2024;4;1.0;115;51;93;52;22;47
TE065;15.01.2024;5;1.0;302;56;272;57;30;52
TE065;15.01.2024;6;1.0;402;55;358;55;44;53
TE065;15.01.2024;7;1.0;556;54;513;54;43;50
TE065;15.01.2024;8;1.0;610;50;560;51;50;43
TE065;15.01.2024;9;1.0;644;46;599;46;46;46
TE065;15.01.2024;10;1.0;702;45;647;45;55;45
TE065;15.01.2024;11;1.0;729;49;686;49;43;46
TE065;15.01.2024;12;1.0;794;50;759;50;35;49
TE065;15.01.2024;13;1.0;861;50;832;50;29;48
TE065;15.01.2024;14;1.0;952;49;925;49;27;48
TE065;15.01.2024;15;1.0;1157;49;1125;49;32;45
TE065;15.01.2024;16;1.0;1201;48;1169;48;32;47
TE065;15.01.2024;17;1.0;941;47;908;47;33;47
TE065;15.01.2024;18;1.0;709;49;687;49;22;47
TE065;15.01.2024;19;1.0;507;52;490;52;17;48
TE065;15.01.2024;20;1.0;374;52;360;52;14;48
TE065;15.01.2024;21;1.0;322;53;310;53;12;49
TE065;15.01.2024;22;1.0;282;54;273;54;9;54
TE065;15.01.2024;23;1.0;182;51;177;51;5;46
TE065;16.01.2024;0;1.0;106;54;101;54;5;46
TE065;16.01.2024;1;1.0;76;50;74;49;2;58
TE065;16.01.2024;2;1.0;44;48;41;48;3;52
TE065;16.01.2024;3;1.0;42;47;38;47;4;47
TE065;16.01.2024;4;1.0;128;46;112;46;16;42
TE065;16.01.2024;5;1.0;296;48;271;48;25;44
TE065;16.01.2024;6;1.0;418;46;390;46;28;42
TE065;16.01.2024;7;1.0;578;44;543;44;35;43
TE065;16.01.2024;8;1.0;612;46;581;46;30;42
TE065;16.01.2024;9;1.0;649;51;620;51;29;49
TE065;16.01.2024;10;1.0;745;51;720;51;25;49
TE065;16.01.2024;11;1.0;795;49;748;50;47;48
TE065;16.01.2024;12;1.0;833;50;801;50;32;48
TE065;16.01.2024;13;1.0;872;50;832;50;40;48
TE065;16.01.2024;14;1.0;1034;51;1004;50;30;50
TE065;16.01.2024;15;1.0;1162;50;1140;50;22;47
TE065;16.01.2024;16;1.0;1142;50;1116;50;26;49
TE065;16.01.2024;17;1.0;1014;50;990;50;24;49
TE065;16.01.2024;18;1.0;752;50;728;50;24;49
TE065;16.01.2024;19;1.0;579;51;562;51;17;50
TE065;16.01.2024;20;1.0;390;52;376;52;14;49
TE065;16.01.2024;21;1.0;371;54;359;54;12;52
TE065;16.01.2024;22;1.0;302;50;289;50;13;49
TE065;16.01.2024;23;1.0;197;52;190;52;7;53
TE065;17.01.2024;0;1.0;131;44;125;44;5;52
TE065;17.01.2024;1;1.0;89;45;84;46;4;51
TE065;17.01.2024;2;1.0;43;47;41;48;2;43
TE065;17.01.2024;3;1.0;46;48;44;48;2;48
TE065;17.01.2024;4;1.0;123;50;104;50;19;50
TE065;17.01.2024;5;1.0;302;53;273;53;29;49
TE065;17.01.2024;6;1.0;449;51;398;52;51;48
TE065;17.01.2024;7;1.0;562;51;517;51;45;48
TE065;17.01.2024;8;1.0;671;49;627;49;44;47
TE065;17.01.2024;9;1.0;637;49;601;49;36;48
TE065;17.01.2024;10;1.0;777;48;710;48;67;48
TE065;17.01.2024;11;1.0;791;49;748;49;43;49
TE065;17.01.2024;12;1.0;828;48;782;48;46;47
TE065;17.01.2024;13;1.0;939;50;889;50;50;48
TE065;17.01.2024;14;1.0;1069;50;1042;50;27;48
TE065;17.01.2024;15;1.0;1209;49;1175;49;34;48
TE065;17.01.2024;16;1.0;1135;49;1106;49;29;45
TE065;17.01.2024;17;1.0;1034;50;1001;50;33;47
TE065;17.01.2024;18;1.0;819;51;801;51;18;48
TE065;17.01.2024;19;1.0;561;51;542;51;19;50
TE065;17.01.2024;20;1.0;438;52;420;52;18;50
TE065;17.01.2024;21;1.0;341;53;329;53;12;50
TE065;17.01.2024;22;1.0;296;52;288;52;8;48
TE065;17.01.2024;23;1.0;196;52;189;53;7;48
TE065;18.01.2024;0;1.0;130;53;123;53;7;51
TE065;18.01.2024;1;1.0;87;55;83;55;4;53
TE065;18.01.2024;2;1.0;56;56;53;56;3;45
TE065;18.01.2024;3;1.0;58;50;55;50;3;44
TE065;18.01.2024;4;1.0;140;52;121;53;19;53
TE065;18.01.2024;5;1.0;318;54;292;54;26;51
TE065;18.01.2024;6;1.0;409;54;370;54;39;51
TE065;18.01.2024;7;1.0;611;52;576;52;35;51
TE065;18.01.2024;8;1.0;635;50;595;51;40;49
TE065;18.01.2024;9;1.0;702;50;642;50;60;50
TE065;18.01.2024;10;1.0;775;47;707;48;68;44
TE065;18.01.2024;11;1.0;807;50;771;50;36;49
TE065;18.01.2024;12;1.0;834;49;793;49;41;48
TE065;18.01.2024;13;1.0;935;48;884;49;51;48
TE065;18.01.2024;14;1.0;1062;48;1017;48;45;48
TE065;18.01.2024;15;1.0;1281;47;1246;47;35;47
TE065;18.01.2024;16;1.0;1200;43;1161;43;40;41
TE065;18.01.2024;17;1.0;1069;47;1045;47;24;46
TE065;18.01.2024;18;1.0;881;47;861;47;20;45
TE065;18.01.2024;19;1.0;590;48;569;48;21;48
TE065;18.01.2024;20;1.0;494;49;471;49;23;47
TE065;18.01.2024;21;1.0;353;48;341;48;12;47
TE065;18.01.2024;22;1.0;340;49;329;49;11;48
TE065;18.01.2024;23;1.0;216;49;210;49;6;45
TE065;19.01.2024;0;1.0;123;51;119;51;4;48
TE065;19.01.2024;1;1.0;96;49;89;49;7;46
TE065;19.01.2024;2;1.0;54;51;50;51;4;51
TE065;19.01.2024;3;1.0;58;50;56;50;2;50
TE065;19.01.2024;4;1.0;134;51;102;51;32;51
TE065;19.01.2024;5;1.0;305;52;275;52;30;50
TE065;19.01.2024;6;1.0;387;51;333;51;54;48
TE065;19.01.2024;7;1.0;568;49;519;49;49;48
TE065;19.01.2024;8;1.0;653;47;606;47;47;47
TE065;19.01.2024;9;1.0;761;48;700;48;61;48
TE065;19.01.2024;10;1.0;806;46;750;46;56;46
TE065;19.01.2024;11;1.0;814;48;770;48;44;47
TE065;19.01.2024;12;1.0;1010;48;947;48;63;46
TE065;19.01.2024;13;1.0;1115;47;1053;47;62;48
TE065;19.01.2024;14;1.0;1184;48;1137;48;47;46
TE065;19.01.2024;15;1.0;1210;48;1153;48;57;47
TE065;19.01.2024;16;1.0;1063;50;1030;50;33;49
TE065;19.01.2024;17;1.0;938;49;910;49;28;47
TE065;19.01.2024;18;1.0;664;48;642;48;22;47
TE065;19.01.2024;19;1.0;595;48;576;48;19;47
TE065;19.01.2024;20;1.0;429;50;409;50;20;49
TE065;19.01.2024;21;1.0;333;50;316;49;17;52
TE065;19.01.2024;22;1.0;369;51;353;51;16;51
TE065;19.01.2024;23;1.0;294;49;287;49;7;49
TE065;20.01.2024;0;1.0;202;48;196;47;6;48
TE065;20.01.2024;1;1.0;154;51;146;51;8;48
TE065;20.01.2024;2;1.0;93;48;90;48;3;50
TE065;20.01.2024;3;1.0;66;52;64;52;2;42
TE065;20.01.2024;4;1.0;80;52;74;52;6;48
TE065;20.01.2024;5;1.0;148;50;132;50;16;48
TE065;20.01.2024;6;1.0;137;50;121;50;16;48
TE065;20.01.2024;7;1.0;188;48;173;48;15;47
TE065;20.01.2024;8;1.0;238;51;217;51;21;51
TE065;20.01.2024;9;1.0;382;50;359;50;23;49
TE065;20.01.2024;10;1.0;590;50;572;50;18;49
TE065;20.01.2024;11;1.0;697;48;673;48;24;46
TE065;20.01.2024;12;1.0;751;50;731;50;20;49
TE065;20.01.2024;13;1.0;866;46;845;46;21;47
TE065;20.01.2024;14;1.0;895;48;877;48;18;47
TE065;20.01.2024;15;1.0;803;47;783;47;20;48
TE065;20.01.2024;16;1.0;774;47;756;47;18;47
TE065;20.01.2024;17;1.0;710;47;690;47;20;46
TE065;20.01.2024;18;1.0;643;48;623;48;20;48
TE065;20.01.2024;19;1.0;524;48;509;48;15;48
TE065;20.01.2024;20;1.0;421;48;407;48;14;48
TE065;20.01.2024;21;1.0;392;46;379;46;13;47
TE065;20.01.2024;22;1.0;329;48;316;48;13;48
TE065;20.01.2024;23;1.0;318;46;312;46;6;48
TE065;21.01.2024;0;1.0;212;46;208;46;4;46
TE065;21.01.2024;1;1.0;170;49;167;49;3;51
TE065;21.01.2024;2;1.0;129;48;127;48;2;47
TE065;21.01.2024;3;1.0;85;49;81;49;4;48
TE065;21.01.2024;4;1.0;60;50;53;50;7;49
TE065;21.01.2024;5;1.0;123;53;119;53;4;51
TE065;21.01.2024;6;1.0;104;54;94;55;10;50
TE065;21.01.2024;7;1.0;80;50;76;49;4;58
TE065;21.01.2024;8;1.0;122;50;119;50;3;48
TE065;21.01.2024;9;1.0;208;50;198;50;10;50
TE065;21.01.2024;10;1.0;264;49;249;49;15;48
TE065;21.01.2024;11;1.0;365;50;354;50;11;50
TE065;21.01.2024;12;1.0;388;50;369;50;19;49
TE065;21.01.2024;13;1.0;479;53;468;53;11;50
TE065;21.01.2024;14;1.0;486;53;471;53;15;50
TE065;21.01.2024;15;1.0;436;51;420;51;16;50
TE065;21.01.2024;16;1.0;525;53;508;53;17;51
TE065;21.01.2024;17;1.0;469;51;454;51;15;50
TE065;21.01.2024;18;1.0;406;52;393;51;13;51
TE065;21.01.2024;19;1.0;382;52;366;52;16;51
TE065;21.01.2024;20;1.0;309;52;296;51;13;51
TE065;21.01.2024;21;1.0;268;51;254;51;14;51
TE065;21.01.2024;22;1.0;221;52;207;52;14;54
TE065;21.01.2024;23;1.0;154;50;147;50;7;49
TE065;22.01.2024;0;1.0;103;52;97;52;6;50
TE065;22.01.2024;1;1.0;76;48;73;48;3;50
TE065;22.01.2024;2;1.0;40;53;36;52;4;57
TE065;22.01.2024;3;1.0;45;53;43;52;2;60
TE065;22.01.2024;4;1.0;120;50;97;50;23;49
TE065;22.01.2024;5;1.0;326;54;287;54;39;53
TE065;22.01.2024;6;1.0;407;53;361;53;46;52
TE065;22.01.2024;7;1.0;686;49;624;49;62;50
TE065;22.01.2024;8;1.0;679;49;613;49;66;48
TE065;22.01.2024;9;1.0;680;49;621;49;59;48
TE065;22.01.2024;10;1.0;828;40;772;40;57;39
TE065;22.01.2024;13;1.0;1082;50;1013;50;69;50
TE065;22.01.2024;14;1.0;1088;49;1026;49;62;48
TE065;22.01.2024;15;1.0;1262;47;1202;47;60;46
TE065;22.01.2024;16;1.0;1147;47;1104;48;43;48
TE065;22.01.2024;17;1.0;1153;47;1119;47;34;46
TE065;22.01.2024;18;1.0;787;48;765;48;22;47
TE065;22.01.2024;19;1.0;582;50;559;50;23;51
TE065;22.01.2024;20;1.0;427;49;409;49;18;49
TE065;22.01.2024;21;1.0;292;50;278;50;14;50
TE065;22.01.2024;22;1.0;329;50;318;50;11;48
TE065;22.01.2024;23;1.0;173;49;165;50;8;47
TE065;23.01.2024;0;1.0;104;49;93;49;11;46
TE065;23.01.2024;1;1.0;73;49;66;49;7;51
TE065;23.01.2024;2;1.0;60;53;57;53;3;60
TE065;23.01.2024;3;1.0;33;52;30;52;3;53
TE065;23.01.2024;4;1.0;128;49;107;49;21;45
TE065;23.01.2024;5;1.0;329;52;296;52;33;52
TE065;23.01.2024;6;1.0;408;51;358;51;50;51
TE065;23.01.2024;7;1.0;611;48;566;48;45;49
TE065;23.01.2024;8;1.0;676;49;604;49;72;49
TE065;23.01.2024;9;1.0;695;50;622;50;73;50
TE065;23.01.2024;10;1.0;740;49;673;49;67;49
TE065;23.01.2024;11;1.0;889;48;819;48;70;48
TE065;23.01.2024;12;1.0;934;48;876;48;58;49
TE065;23.01.2024;13;1.0;1084;47;1025;47;59;48
TE065;23.01.2024;14;1.0;1135;48;1094;48;41;48
TE065;23.01.2024;15;1.0;1219;48;1190;48;29;48
TE065;23.01.2024;16;1.0;1183;48;1136;48;47;47
TE065;23.01.2024;17;1.0;1187;47;1153;47;34;46
TE065;23.01.2024;18;1.0;977;48;944;48;33;49
TE065;23.01.2024;19;1.0;599;48;580;48;19;48
TE065;23.01.2024;20;1.0;421;49;399;49;22;47
TE065;23.01.2024;21;1.0;331;50;315;50;16;49
TE065;23.01.2024;22;1.0;334;51;318;50;16;49
TE065;23.01.2024;23;1.0;186;52;177;52;9;48
TE065;24.01.2024;0;1.0;118;52;113;52;5;47
TE065;24.01.2024;1;1.0;60;54;58;54;2;48
TE065;24.01.2024;2;1.0;50;51;44;51;6;50
TE065;24.01.2024;3;1.0;42;49;39;49;3;52
TE065;24.01.2024;4;1.0;106;53;86;53;20;52
TE065;24.01.2024;5;1.0;356;53;320;53;36;52
TE065;24.01.2024;6;1.0;434;52;364;52;70;51
TE065;24.01.2024;7;1.0;580;50;534;50;46;50
TE065;24.01.2024;8;1.0;621;49;574;49;47;49
TE065;24.01.2024;9;1.0;711;49;652;49;59;48
TE065;24.01.2024;10;1.0;725;48;675;48;50;46
TE065;24.01.2024;11;1.0;800;47;731;47;69;47
TE065;24.01.2024;12;1.0;923;49;851;49;72;50
TE065;24.01.2024;13;1.0;973;49;907;49;66;49
TE065;24.01.2024;14;1.0;1150;47;1092;47;58;48
TE065;24.01.2024;15;1.0;1204;48;1158;48;46;48
TE065;24.01.2024;16;1.0;1174;47;1137;47;37;46
TE065;24.01.2024;17;1.0;1041;47;1003;47;38;48
TE065;24.01.2024;18;1.0;981;48;959;48;22;47
TE065;24.01.2024;19;1.0;679;48;655;48;24;48
TE065;24.01.2024;20;1.0;412;50;397;50;15;47
TE065;24.01.2024;21;1.0;376;51;356;51;20;51
TE065;24.01.2024;22;1.0;331;50;318;50;13;49
TE065;24.01.2024;23;1.0;188;51;177;51;11;49
TE065;25.01.2024;0;1.0;100;50;91;50;9;48
TE065;25.01.2024;1;1.0;77;51;72;51;5;48
TE065;25.01.2024;2;1.0;59;50;56;50;3;49
TE065;25.01.2024;3;1.0;50;49;46;49;4;57
TE065;25.01.2024;4;1.0;135;50;121;50;14;50
TE065;25.01.2024;5;1.0;339;52;305;52;34;51
TE065;25.01.2024;6;1.0;434;51;387;51;47;51
TE065;25.01.2024;7;1.0;647;49;584;49;63;49
TE065;25.01.2024;8;1.0;679;49;626;49;53;48
TE065;25.01.2024;9;1.0;847;46;750;46;97;47
TE065;25.01.2024;10;1.0;706;48;658;47;48;48
TE065;25.01.2024;11;1.0;808;48;774;48;34;48
TE065;25.01.2024;12;1.0;864;50;831;50;33;49
TE065;25.01.2024;13;1.0;1086;48;1050;48;36;48
TE065;25.01.2024;14;1.0;1213;48;1177;48;36;48
TE065;25.01.2024;15;1.0;1238;48;1198;48;40;47
TE065;25.01.2024;16;1.0;1006;47;983;47;23;47
TE065;25.01.2024;17;1.0;925;49;902;49;23;47
TE065;25.01.2024;18;1.0;997;50;970;50;27;50
TE065;25.01.2024;19;1.0;729;52;705;52;24;50
TE065;25.01.2024;20;1.0;435;52;420;52;15;50
TE065;25.01.2024;21;1.0;324;52;311;52;13;50
TE065;25.01.2024;22;1.0;351;49;342;49;9;49
TE065;25.01.2024;23;1.0;209;49;196;49;13;48
TE065;26.01.2024;0;1.0;124;50;114;51;10;47
TE065;26.01.2024;1;1.0;79;52;76;52;3;48
TE065;26.01.2024;2;1.0;60;47;59;47;1;40
TE065;26.01.2024;3;1.0;60;48;50;48;10;46
TE065;26.01.2024;4;1.0;121;51;102;51;19;48
TE065;26.01.2024;5;1.0;334;55;312;55;22;53
TE065;26.01.2024;6;1.0;425;53;386;53;39;53
TE065;26.01.2024;7;1.0;616;49;579;49;37;50
TE065;26.01.2024;8;1.0;659;49;613;49;46;49
TE065;26.01.2024;9;1.0;691;51;651;51;40;51
TE065;26.01.2024;10;1.0;848;49;803;49;45;47
TE065;26.01.2024;11;1.0;862;50;818;50;44;48
TE065;26.01.2024;12;1.0;1025;44;984;45;40;45
TE065;26.01.2024;13;1.0;1143;48;1113;48;30;47
TE065;26.01.2024;14;1.0;1265;46;1232;46;33;46
TE065;26.01.2024;15;1.0;1126;49;1091;48;35;48
TE065;26.01.2024;16;1.0;1167;47;1142;47;25;46
TE065;26.01.2024;17;1.0;989;46;960;46;29;46
TE065;26.01.2024;18;1.0;781;48;761;48;20;47
TE065;26.01.2024;19;1.0;618;48;595;48;23;47
TE065;26.01.2024;20;1.0;457;50;440;50;17;50
TE065;26.01.2024;21;1.0;391;50;372;50;19;50
TE065;26.01.2024;22;1.0;398;49;379;49;19;48
TE065;26.01.2024;23;1.0;288;50;280;50;8;48
TE065;27.01.2024;0;1.0;201;50;194;50;7;47
TE065;27.01.2024;1;1.0;129;50;126;50;3;50
TE065;27.01.2024;2;1.0;109;50;106;50;3;48
TE065;27.01.2024;3;1.0;68;50;64;50;4;50
TE065;27.01.2024;4;1.0;64;49;59;49;5;47
TE065;27.01.2024;5;1.0;127;50;111;50;16;46
TE065;27.01.2024;6;1.0;136;48;120;49;16;49
TE065;27.01.2024;7;1.0;204;49;194;48;10;48
TE065;27.01.2024;8;1.0;278;48;265;48;13;49
TE065;27.01.2024;9;1.0;415;49;397;49;18;50
TE065;27.01.2024;10;1.0;619;49;598;49;21;47
TE065;27.01.2024;11;1.0;774;50;752;50;22;50
TE065;27.01.2024;12;1.0;787;49;769;49;18;47
TE065;27.01.2024;13;1.0;876;49;852;49;24;48
TE065;27.01.2024;14;1.0;877;46;857;46;20;46
TE065;27.01.2024;15;1.0;909;47;887;47;22;46
TE065;27.01.2024;16;1.0;815;46;798;46;17;47
TE065;27.01.2024;17;1.0;740;47;723;47;17;46
TE065;27.01.2024;18;1.0;725;46;703;47;22;47
TE065;27.01.2024;19;1.0;605;47;591;47;14;47
TE065;27.01.2024;20;1.0;482;48;465;48;17;47
TE065;27.01.2024;21;1.0;371;49;356;49;15;49
TE065;27.01.2024;22;1.0;375;48;363;48;12;49
TE065;27.01.2024;23;1.0;345;47;336;47;9;46
TE065;28.01.2024;0;1.0;214;46;210;46;4;46
TE065;28.01.2024;1;1.0;168;48;164;48;4;50
TE065;28.01.2024;2;1.0;122;48;119;48;3;44
TE065;28.01.2024;3;1.0;89;50;85;50;4;46
TE065;28.01.2024;4;1.0;78;49;69;49;9;49
TE065;28.01.2024;5;1.0;113;50;110;50;3;48
TE065;28.01.2024;6;1.0;118;47;107;47;11;50
TE065;28.01.2024;7;1.0;99;46;95;46;4;46
TE065;28.01.2024;8;1.0;110;50;105;49;5;48
TE065;28.01.2024;9;1.0;250;48;235;48;15;47
TE065;28.01.2024;10;1.0;342;49;325;49;17;48
TE065;28.01.2024;11;1.0;396;49;379;49;17;48
TE065;28.01.2024;12;1.0;528;51;510;51;18;50
TE065;28.01.2024;13;1.0;543;49;527;49;16;48
TE065;28.01.2024;14;1.0;643;49;624;49;19;49
TE065;28.01.2024;15;1.0;608;50;591;50;17;48
TE065;28.01.2024;16;1.0;585;49;569;49;16;47
TE065;28.01.2024;17;1.0;574;48;556;48;18;48
TE065;28.01.2024;18;1.0;493;50;475;50;18;49
TE065;28.01.2024;19;1.0;410;45;392;45;18;45
TE065;28.01.2024;20;1.0;387;49;371;49;16;48
TE065;28.01.2024;21;1.0;289;51;274;51;15;49
TE065;28.01.2024;22;1.0;257;47;244;47;13;47
TE065;28.01.2024;23;1.0;151;49;145;49;6;50
TE065;29.01.2024;0;1.0;103;50;99;50;4;51
TE065;29.01.2024;1;1.0;70;47;68;47;2;46
TE065;29.01.2024;2;1.0;48;51;43;51;5;52
TE065;29.01.2024;3;1.0;47;52;40;50;7;62
TE065;29.01.2024;4;1.0;114;49;93;50;21;48
TE065;29.01.2024;5;1.0;279;52;248;52;31;50
TE065;29.01.2024;6;1.0;435;51;388;51;47;50
TE065;29.01.2024;7;1.0;728;48;671;48;57;47
TE065;29.01.2024;8;1.0;779;50;713;49;66;50
TE065;29.01.2024;9;1.0;764;48;688;48;76;48
TE065;29.01.2024;10;1.0;855;46;776;46;79;48
TE065;29.01.2024;11;1.0;957;46;855;45;102;48
TE065;29.01.2024;12;1.0;872;48;802;48;70;48
TE065;29.01.2024;13;1.0;1011;48;942;48;69;49
TE065;29.01.2024;14;1.0;1088;48;1020;48;68;48
TE065;29.01.2024;15;1.0;1263;47;1195;47;68;46
TE065;29.01.2024;16;1.0;1244;48;1200;48;44;48
TE065;29.01.2024;17;1.0;1103;47;1059;47;44;46
TE065;29.01.2024;18;1.0;879;47;857;47;22;46
TE065;29.01.2024;19;1.0;525;49;497;49;28;48
TE065;29.01.2024;20;1.0;384;48;367;48;17;44
TE065;29.01.2024;21;1.0;328;48;312;48;16;46
TE065;29.01.2024;22;1.0;287;49;272;49;15;51
TE065;29.01.2024;23;1.0;178;50;169;50;9;50
TE065;30.01.2024;0;1.0;124;50;116;50;8;49
TE065;30.01.2024;1;1.0;84;49;77;50;7;48
TE065;30.01.2024;2;1.0;48;48;44;48;4;52
TE065;30.01.2024;3;1.0;39;48;36;49;3;45
TE065;30.01.2024;4;1.0;119;50;92;50;27;50
TE065;30.01.2024;5;1.0;321;52;279;52;42;52
TE065;30.01.2024;6;1.0;443;50;370;50;73;51
TE065;30.01.2024;7;1.0;720;49;659;49;61;50
TE065;30.01.2024;8;1.0;760;50;708;50;52;50
TE065;30.01.2024;9;1.0;859;48;785;48;74;48
TE065;30.01.2024;10;1.0;757;47;686;47;71;47
TE065;30.01.2024;11;1.0;837;48;769;48;68;47
TE065;30.01.2024;12;1.0;850;49;785;49;65;48
TE065;30.01.2024;13;1.0;952;49;895;49;57;48
TE065;30.01.2024;14;1.0;1128;49;1076;49;52;49
TE065;30.01.2024;15;1.0;1304;48;1250;48;54;49
TE065;30.01.2024;16;1.0;1295;49;1253;49;42;48
TE065;30.01.2024;17;1.0;1112;47;1077;47;35;46
TE065;30.01.2024;18;1.0;1025;47;994;47;31;47
TE065;30.01.2024;19;1.0;644;49;624;49;20;51
TE065;30.01.2024;20;1.0;423;50;406;50;17;50
TE065;30.01.2024;21;1.0;373;50;359;50;14;49
TE065;30.01.2024;22;1.0;297;50;284;50;13;49
TE065;30.01.2024;23;1.0;194;52;181;51;13;53
TE065;31.01.2024;0;1.0;125;50;113;50;12;52
TE065;31.01.2024;1;1.0;89;52;76;52;13;51
TE065;31.01.2024;2;1.0;35;49;33;49;2;54
TE065;31.01.2024;3;1.0;55;53;51;53;4;56
TE065;31.01.2024;4;1.0;120;50;100;50;20;49
TE065;31.01.2024;5;1.0;320;53;294;54;26;50
TE065;31.01.2024;6;1.0;425;54;387;54;38;50
TE065;31.01.2024;7;1.0;635;51;603;51;32;49
TE065;31.01.2024;8;1.0;663;50;631;50;32;50
TE065;31.01.2024;9;1.0;731;50;695;50;36;49
TE065;31.01.2024;10;1.0;827;46;765;46;62;46
TE065;31.01.2024;11;1.0;923;46;868;46;55;46
TE065;31.01.2024;12;1.0;923;50;885;50;38;49
TE065;31.01.2024;13;1.0;1062;50;1022;50;40;49
TE065;31.01.2024;14;1.0;1181;51;1147;51;34;51
TE065;31.01.2024;15;1.0;1272;48;1230;48;42;50
TE065;31.01.2024;16;1.0;1168;50;1135;50;33;50
TE065;31.01.2024;17;1.0;1142;49;1116;49;26;48
TE065;31.01.2024;18;1.0;846;52;825;52;21;49
TE065;31.01.2024;19;1.0;609;53;588;53;21;53
TE065;31.01.2024;20;1.0;451;54;436;55;15;51
TE065;31.01.2024;21;1.0;327;53;312;53;15;51
TE065;31.01.2024;22;1.0;345;52;333;52;12;51
TE065;31.01.2024;23;1.0;330;52;321;52;9;50
TE070;12.01.2024;7;1.0;447;43;432;43;15;41
TE070;12.01.2024;8;1.0;693;50;669;50;24;45
TE070;12.01.2024;9;1.0;598;50;571;50;27;47
TE070;12.01.2024;10;1.0;588;49;553;49;35;45
TE070;12.01.2024;11;1.0;560;50;513;50;47;52
TE070;12.01.2024;12;1.0;550;48;517;48;33;47
TE070;12.01.2024;13;1.0;608;51;582;51;26;47
TE070;12.01.2024;14;1.0;676;51;655;51;21;50
TE070;12.01.2024;15;1.0;622;52;605;52;17;46
TE070;12.01.2024;16;1.0;552;51;540;51;12;50
TE070;12.01.2024;17;1.0;532;51;521;51;11;49
TE070;12.01.2024;18;1.0;520;51;509;51;11;46
TE070;12.01.2024;19;1.0;409;51;397;51;12;46
TE070;12.01.2024;20;1.0;317;53;311;53;6;52
TE070;12.01.2024;21;1.0;296;54;289;54;7;49
TE070;12.01.2024;22;1.0;308;54;302;54;6;48
TE070;12.01.2024;23;1.0;195;54;190;54;5;59
TE070;13.01.2024;0;1.0;146;54;142;54;4;58
TE070;13.01.2024;1;1.0;136;53;133;53;3;53
TE070;13.01.2024;2;1.0;81;55;77;55;4;52
TE070;13.01.2024;3;1.0;65;56;64;56;1;54
TE070;13.01.2024;4;1.0;70;56;68;56;2;56
TE070;13.01.2024;5;1.0;76;56;71;57;5;54
TE070;13.01.2024;6;1.0;90;51;81;51;9;53
TE070;13.01.2024;7;1.0;95;48;84;49;11;44
TE070;13.01.2024;8;1.0;183;48;177;49;6;50
TE070;13.01.2024;9;1.0;307;48;290;48;17;46
TE070;13.01.2024;10;1.0;363;50;344;50;19;59
TE070;13.01.2024;11;1.0;437;49;431;49;6;60
TE070;13.01.2024;12;1.0;561;49;549;49;12;44
TE070;13.01.2024;13;1.0;607;49;586;49;21;51
TE070;13.01.2024;14;1.0;607;48;596;48;11;50
TE070;13.01.2024;15;1.0;594;47;592;47;2;40
TE070;13.01.2024;16;1.0;472;48;463;48;9;48
TE070;13.01.2024;17;1.0;465;47;464;47;1;56
TE070;13.01.2024;18;1.0;406;49;397;49;9;58
TE070;13.01.2024;19;1.0;408;52;403;52;5;42
TE070;13.01.2024;20;1.0;373;51;365;52;8;44
TE070;13.01.2024;21;1.0;315;51;309;51;6;44
TE070;13.01.2024;22;1.0;272;52;268;53;4;51
TE070;13.01.2024;23;1.0;224;54;222;54;2;58
TE070;14.01.2024;0;1.0;143;54;142;54;1;59
TE070;14.01.2024;1;1.0;133;56;132;56;1;53
TE070;14.01.2024;2;1.0;94;52;94;52;0;-1
TE070;14.01.2024;3;1.0;81;53;81;53;0;-1
TE070;14.01.2024;4;1.0;75;52;74;52;1;50
TE070;14.01.2024;5;1.0;70;57;70;57;0;-1
TE070;14.01.2024;6;1.0;59;54;59;54;0;-1
TE070;14.01.2024;7;1.0;60;55;57;54;3;62
TE070;14.01.2024;8;1.0;92;54;89;54;3;61
TE070;14.01.2024;9;1.0;168;54;159;54;9;56
TE070;14.01.2024;10;1.0;205;52;197;52;8;47
TE070;14.01.2024;11;1.0;273;43;265;42;8;46
TE070;14.01.2024;12;1.0;318;51;306;51;12;51
TE070;14.01.2024;13;1.0;371;51;355;51;16;50
TE070;14.01.2024;14;1.0;382;51;351;52;31;49
TE070;14.01.2024;15;1.0;387;51;361;51;26;46
TE070;14.01.2024;16;1.0;392;53;384;53;8;41
TE070;14.01.2024;17;1.0;510;49;501;49;9;50
TE070;14.01.2024;18;1.0;383;50;378;50;5;44
TE070;14.01.2024;19;1.0;317;51;310;51;7;51
TE070;14.01.2024;20;1.0;294;53;289;53;5;53
TE070;14.01.2024;21;1.0;242;52;240;52;2;44
TE070;14.01.2024;22;1.0;215;51;214;52;1;44
TE070;14.01.2024;23;1.0;107;51;106;51;1;49
TE070;15.01.2024;0;1.0;68;57;66;57;2;54
TE070;15.01.2024;1;1.0;72;49;68;49;4;49
TE070;15.01.2024;2;1.0;71;44;70;44;1;59
TE070;15.01.2024;3;1.0;48;45;43;45;5;43
TE070;15.01.2024;4;1.0;78;54;70;54;8;55
TE070;15.01.2024;5;1.0;197;54;185;54;12;54
TE070;15.01.2024;6;1.0;475;55;453;55;22;53
TE070;15.01.2024;7;1.0;748;50;715;50;33;49
TE070;15.01.2024;8;1.0;706;49;695;49;11;48
TE070;15.01.2024;9;1.0;672;45;654;45;18;46
TE070;15.01.2024;10;1.0;705;52;687;51;18;50
TE070;15.01.2024;11;1.0;867;50;840;50;27;45
TE070;15.01.2024;12;1.0;814;50;773;50;41;47
TE070;15.01.2024;13;1.0;827;49;801;49;26;49
TE070;15.01.2024;14;1.0;826;47;783;47;43;45
TE070;15.01.2024;15;1.0;1007;46;966;46;41;41
TE070;15.01.2024;16;1.0;732;50;715;51;17;48
TE070;15.01.2024;17;1.0;624;49;596;50;28;46
TE070;15.01.2024;18;1.0;441;51;435;51;6;50
TE070;15.01.2024;19;1.0;349;53;344;53;5;50
TE070;15.01.2024;20;1.0;334;52;324;52;10;46
TE070;15.01.2024;21;1.0;233;51;221;51;12;47
TE070;15.01.2024;22;1.0;190;54;187;54;3;48
TE070;15.01.2024;23;1.0;126;54;123;54;3;45
TE070;16.01.2024;0;1.0;104;52;100;52;4;52
TE070;16.01.2024;1;1.0;60;48;60;48;0;-1
TE070;16.01.2024;2;1.0;38;40;37;40;1;38
TE070;16.01.2024;3;1.0;32;39;27;39;5;40
TE070;16.01.2024;4;1.0;38;42;34;43;4;31
TE070;19.01.2024;11;1.0;869;42;824;43;46;37
TE070;19.01.2024;12;1.0;777;49;746;49;31;45
TE070;19.01.2024;13;1.0;880;47;836;48;44;44
TE070;19.01.2024;14;1.0;973;47;933;47;40;42
TE070;19.01.2024;15;1.0;849;50;818;50;31;48
TE070;19.01.2024;16;1.0;700;51;686;51;14;53
TE070;19.01.2024;17;1.0;674;51;662;52;12;41
TE070;19.01.2024;18;1.0;725;49;712;49;13;44
TE070;19.01.2024;19;1.0;606;48;591;48;15;37
TE070;19.01.2024;20;1.0;441;51;426;51;15;44
TE070;19.01.2024;21;1.0;353;50;343;50;10;46
TE070;19.01.2024;22;1.0;444;48;440;48;4;39
TE070;19.01.2024;23;1.0;237;51;230;51;7;44
TE070;20.01.2024;0;1.0;205;51;203;51;2;45
TE070;20.01.2024;1;1.0;140;53;139;53;1;52
TE070;20.01.2024;2;1.0;131;52;130;52;1;46
TE070;20.01.2024;3;1.0;75;54;70;53;5;60
TE070;20.01.2024;4;1.0;75;53;74;53;1;56
TE070;20.01.2024;5;1.0;81;53;74;53;7;53
TE070;20.01.2024;6;1.0;112;50;103;50;9;45
TE070;20.01.2024;7;1.0;130;52;125;52;5;41
TE070;20.01.2024;8;1.0;198;53;189;53;9;52
TE070;20.01.2024;9;1.0;380;54;365;54;15;50
TE070;20.01.2024;10;1.0;467;54;454;54;13;50
TE070;20.01.2024;11;1.0;589;53;573;53;16;45
TE070;20.01.2024;12;1.0;609;51;595;51;14;45
TE070;20.01.2024;13;1.0;729;50;714;50;15;40
TE070;20.01.2024;14;1.0;742;51;729;52;13;44
TE070;20.01.2024;15;1.0;630;51;612;51;18;45
TE070;20.01.2024;16;1.0;650;50;630;50;20;46
TE070;20.01.2024;17;1.0;546;47;527;47;19;40
TE070;20.01.2024;18;1.0;585;52;550;52;35;54
TE070;20.01.2024;19;1.0;499;53;475;53;24;65
TE070;20.01.2024;20;1.0;410;48;391;48;19;44
TE070;20.01.2024;21;1.0;320;49;312;49;8;46
TE070;20.01.2024;22;1.0;321;50;303;50;18;48
TE070;20.01.2024;23;1.0;289;51;277;51;12;52
TE070;21.01.2024;0;1.0;190;51;185;51;5;55
TE070;21.01.2024;1;1.0;146;52;146;52;0;-1
TE070;21.01.2024;2;1.0;128;54;125;54;3;53
TE070;21.01.2024;3;1.0;106;50;105;50;1;41
TE070;21.01.2024;4;1.0;81;50;81;50;0;-1
TE070;21.01.2024;5;1.0;96;54;95;54;1;47
TE070;21.01.2024;6;1.0;74;51;69;51;5;54
TE070;21.01.2024;7;1.0;52;50;45;51;7;48
TE070;21.01.2024;8;1.0;102;53;88;53;14;49
TE070;21.01.2024;9;1.0;209;52;203;52;6;52
TE070;21.01.2024;10;1.0;275;51;249;51;26;49
TE070;21.01.2024;11;1.0;330;52;320;52;10;51
TE070;21.01.2024;12;1.0;350;50;339;50;11;49
TE070;21.01.2024;13;1.0;446;50;427;49;19;52
TE070;21.01.2024;14;1.0;412;49;395;49;17;48
TE070;21.01.2024;15;1.0;465;50;448;50;17;47
TE070;21.01.2024;16;1.0;415;51;403;51;12;49
TE070;21.01.2024;17;1.0;484;50;472;51;12;51
TE070;21.01.2024;18;1.0;433;53;426;53;7;54
TE070;21.01.2024;19;1.0;358;53;351;53;7;48
TE070;21.01.2024;20;1.0;282;54;279;54;3;43
TE070;21.01.2024;21;1.0;285;52;282;52;3;43
TE070;21.01.2024;22;1.0;166;53;159;54;7;42
TE070;21.01.2024;23;1.0;152;52;144;52;8;46
TE070;22.01.2024;0;1.0;88;52;83;53;5;50
TE070;22.01.2024;1;1.0;68;52;67;52;1;44
TE070;22.01.2024;2;1.0;43;51;37;51;6;52
TE070;22.01.2024;3;1.0;34;53;29;54;5;50
TE070;22.01.2024;4;1.0;64;52;62;52;2;56
TE070;22.01.2024;5;1.0;136;57;125;57;11;60
TE070;22.01.2024;6;1.0;317;55;298;56;19;52
TE070;22.01.2024;7;1.0;532;55;516;55;16;54
TE070;22.01.2024;8;1.0;699;52;674;52;25;49
TE070;22.01.2024;9;1.0;712;52;690;53;22;50
TE070;22.01.2024;10;1.0;660;51;637;51;23;50
TE070;22.01.2024;11;1.0;636;51;612;51;24;47
TE070;22.01.2024;12;1.0;599;51;575;51;24;46
TE070;22.01.2024;13;1.0;622;52;594;53;28;47
TE070;22.01.2024;14;1.0;669;53;645;53;24;46
TE070;22.01.2024;15;1.0;725;52;699;53;26;48
TE070;22.01.2024;16;1.0;653;52;641;52;12;45
TE070;22.01.2024;17;1.0;645;51;635;52;10;45
TE070;22.01.2024;18;1.0;664;52;661;52;3;48
TE070;22.01.2024;19;1.0;535;52;520;52;15;49
TE070;22.01.2024;20;1.0;297;52;292;52;5;45
TE070;22.01.2024;21;1.0;232;53;230;53;2;47
TE070;22.01.2024;22;1.0;209;53;206;53;3;61
TE070;22.01.2024;23;1.0;113;52;111;52;2;42
TE070;23.01.2024;0;1.0;88;52;87;52;1;53
TE070;23.01.2024;1;1.0;74;52;73;52;1;49
TE070;23.01.2024;2;1.0;38;48;36;47;2;50
TE070;23.01.2024;3;1.0;43;51;41;51;2;60
TE070;23.01.2024;4;1.0;72;51;65;51;7;51
TE070;23.01.2024;5;1.0;129;55;120;55;9;53
TE070;23.01.2024;6;1.0;331;55;309;54;22;54
TE070;23.01.2024;7;1.0;495;50;479;50;16;46
TE070;23.01.2024;8;1.0;669;49;618;49;51;45
TE070;23.01.2024;9;1.0;701;54;653;54;48;53
TE070;23.01.2024;10;1.0;615;53;554;53;61;51
TE070;23.01.2024;11;1.0;584;53;536;53;48;49
TE070;23.01.2024;12;1.0;574;51;531;51;43;48
TE070;23.01.2024;13;1.0;598;52;528;53;70;50
TE070;23.01.2024;14;1.0;659;52;605;52;54;49
TE070;23.01.2024;15;1.0;667;53;631;53;36;57
TE070;23.01.2024;16;1.0;704;50;684;50;20;46
TE070;23.01.2024;17;1.0;751;50;717;50;34;58
TE070;23.01.2024;18;1.0;643;44;629;44;14;49
TE070;23.01.2024;19;1.0;481;48;458;48;23;49
TE070;23.01.2024;20;1.0;321;52;293;51;28;63
TE070;23.01.2024;21;1.0;237;52;231;52;6;52
TE070;23.01.2024;22;1.0;228;51;223;51;5;58
TE070;23.01.2024;23;1.0;139;51;138;51;1;56
TE070;24.01.2024;0;1.0;85;45;82;45;3;46
TE070;24.01.2024;1;1.0;52;45;52;45;0;-1
TE070;24.01.2024;2;1.0;43;48;43;48;0;-1
TE070;24.01.2024;3;1.0;51;53;50;53;1;49
TE070;24.01.2024;4;1.0;60;54;55;55;5;44
TE070;24.01.2024;5;1.0;116;57;111;57;5;56
TE070;24.01.2024;6;1.0;307;56;297;56;10;56
TE070;24.01.2024;7;1.0;537;55;523;55;14;52
TE070;24.01.2024;8;1.0;694;52;671;52;23;51
TE070;24.01.2024;9;1.0;757;53;735;53;22;49
TE070;24.01.2024;10;1.0;667;52;637;52;30;46
TE070;24.01.2024;11;1.0;606;51;571;52;35;46
TE070;24.01.2024;12;1.0;633;51;608;52;25;48
TE070;24.01.2024;13;1.0;621;50;599;50;22;48
TE070;24.01.2024;14;1.0;703;52;676;52;27;52
TE070;24.01.2024;15;1.0;725;52;707;52;18;48
TE070;24.01.2024;16;1.0;755;51;733;51;22;48
TE070;24.01.2024;17;1.0;733;51;721;51;12;51
TE070;24.01.2024;18;1.0;642;50;626;50;16;45
TE070;24.01.2024;19;1.0;499;52;492;52;7;48
TE070;24.01.2024;20;1.0;357;48;344;48;13;43
TE070;24.01.2024;21;1.0;259;52;255;53;4;48
TE070;24.01.2024;22;1.0;198;53;194;53;4;42
TE070;24.01.2024;23;1.0;157;53;154;53;3;48
TE070;25.01.2024;0;1.0;143;55;141;55;2;46
TE070;25.01.2024;1;1.0;76;51;75;51;1;38
TE070;25.01.2024;2;1.0;76;52;74;52;2;48
TE070;25.01.2024;3;1.0;45;53;41;53;4;52
TE070;25.01.2024;4;1.0;65;55;58;54;7;53
TE070;25.01.2024;5;1.0;137;55;129;55;8;59
TE070;25.01.2024;6;1.0;320;56;301;56;19;53
TE070;25.01.2024;7;1.0;502;53;477;53;25;50
TE070;25.01.2024;8;1.0;759;52;736;52;23;47
TE070;25.01.2024;9;1.0;702;51;672;51;30;49
TE070;25.01.2024;10;1.0;672;50;638;50;34;48
TE070;25.01.2024;11;1.0;669;48;643;49;26;42
TE070;25.01.2024;12;1.0;638;49;618;49;20;45
TE070;25.01.2024;13;1.0;658;49;639;50;19;45
TE070;25.01.2024;14;1.0;645;51;622;51;23;48
TE070;25.01.2024;15;1.0;720;51;693;51;27;45
TE070;25.01.2024;16;1.0;789;47;756;47;33;46
TE071;12.01.2024;7;1.0;483;39;472;39;11;43
TE071;12.01.2024;8;1.0;740;49;724;49;16;50
TE071;12.01.2024;9;1.0;690;49;671;49;19;46
TE071;12.01.2024;10;1.0;641;49;624;49;17;47
TE071;12.01.2024;11;1.0;709;49;698;49;11;45
TE071;12.01.2024;12;1.0;763;48;751;48;12;50
TE071;12.01.2024;13;1.0;727;50;716;50;11;47
TE071;12.01.2024;14;1.0;815;49;804;49;11;46
TE071;12.01.2024;15;1.0;862;48;850;48;12;48
TE071;12.01.2024;16;1.0;838;48;827;48;11;44
TE071;12.01.2024;17;1.0;768;49;756;49;12;49
TE071;12.01.2024;18;1.0;789;48;781;48;8;47
TE071;12.01.2024;19;1.0;661;48;653;48;8;44
TE071;12.01.2024;20;1.0;608;48;601;48;7;40
TE071;12.01.2024;21;1.0;414;49;406;49;8;46
TE071;12.01.2024;22;1.0;456;49;453;49;3;46
TE071;12.01.2024;23;1.0;373;48;365;48;8;46
TE071;13.01.2024;0;1.0;275;49;267;49;8;45
TE071;13.01.2024;1;1.0;207;49;206;49;1;40
TE071;13.01.2024;2;1.0;128;48;128;48;0;-1
TE071;13.01.2024;3;1.0;106;53;105;53;1;37
TE071;13.01.2024;4;1.0;104;51;103;51;1;40
TE071;13.01.2024;5;1.0;91;50;85;51;6;41
TE071;13.01.2024;6;1.0;92;47;87;48;5;40
TE071;13.01.2024;7;1.0;104;48;97;48;7;50
TE071;13.01.2024;8;1.0;189;51;181;51;8;44
TE071;13.01.2024;9;1.0;292;51;285;51;7;46
TE071;13.01.2024;10;1.0;390;49;381;49;9;47
TE071;13.01.2024;11;1.0;517;49;506;50;11;47
TE071;13.01.2024;12;1.0;561;49;553;49;8;47
TE071;13.01.2024;13;1.0;618;51;609;51;9;46
TE071;13.01.2024;14;1.0;705;48;694;48;11;47
TE071;13.01.2024;15;1.0;739;48;732;48;7;44
TE071;13.01.2024;16;1.0;706;49;697;49;9;46
TE071;13.01.2024;17;1.0;662;48;656;48;6;45
TE071;13.01.2024;18;1.0;660;47;651;47;9;43
TE071;13.01.2024;19;1.0;584;48;578;48;6;46
TE071;13.01.2024;20;1.0;533;49;519;49;14;44
TE071;13.01.2024;21;1.0;414;48;407;48;7;43
TE071;13.01.2024;22;1.0;403;49;398;49;5;49
TE071;13.01.2024;23;1.0;401;50;396;50;5;43
TE071;14.01.2024;0;1.0;302;48;300;48;2;44
TE071;14.01.2024;1;1.0;231;50;230;50;1;60
TE071;14.01.2024;2;1.0;181;53;180;53;1;58
TE071;14.01.2024;3;1.0;141;54;140;54;1;49
TE071;14.01.2024;4;1.0;109;51;107;52;2;49
TE071;14.01.2024;5;1.0;115;52;113;52;2;52
TE071;14.01.2024;6;1.0;89;51;87;51;2;54
TE071;14.01.2024;7;1.0;68;50;66;51;2;32
TE071;14.01.2024;8;1.0;92;52;89;52;3;46
TE071;14.01.2024;9;1.0;152;49;149;49;3;49
TE071;14.01.2024;10;1.0;265;50;262;50;3;45
TE071;14.01.2024;11;1.0;407;48;397;49;10;45
TE071;14.01.2024;12;1.0;392;48;385;48;7;49
TE071;14.01.2024;13;1.0;469;51;459;51;10;47
TE071;14.01.2024;14;1.0;543;49;536;49;7;44
TE071;14.01.2024;15;1.0;552;48;543;48;9;52
TE071;14.01.2024;16;1.0;663;48;656;48;7;46
TE071;14.01.2024;17;1.0;654;48;649;48;5;49
TE071;14.01.2024;18;1.0;476;50;473;50;3;45
TE071;14.01.2024;19;1.0;504;45;490;46;14;38
TE071;14.01.2024;20;1.0;425;49;422;49;3;49
TE071;14.01.2024;21;1.0;403;50;393;50;10;45
TE071;14.01.2024;22;1.0;519;46;510;46;9;37
TE071;14.01.2024;23;1.0;392;46;386;46;6;34
TE071;15.01.2024;0;1.0;216;51;208;51;8;45
TE071;15.01.2024;1;1.0;156;50;152;50;4;36
TE071;15.01.2024;2;1.0;98;50;95;50;3;50
TE071;15.01.2024;3;1.0;111;46;110;46;1;50
TE071;15.01.2024;4;1.0;78;53;72;53;6;46
TE071;15.01.2024;5;1.0;326;45;318;45;8;37
TE071;15.01.2024;6;1.0;478;49;456;50;22;48
TE071;15.01.2024;7;1.0;748;47;736;47;12;35
TE071;15.01.2024;8;1.0;778;36;744;36;34;26
TE071;15.01.2024;9;1.0;541;34;522;34;19;23
TE071;15.01.2024;10;1.0;677;47;653;47;24;46
TE071;15.01.2024;11;1.0;727;49;705;49;22;47
TE071;15.01.2024;12;1.0;752;48;727;48;25;48
TE071;15.01.2024;13;1.0;882;46;857;46;25;47
TE071;15.01.2024;14;1.0;878;44;851;44;27;42
TE071;15.01.2024;15;1.0;948;44;936;44;12;41
TE071;15.01.2024;16;1.0;922;44;904;44;18;41
TE071;15.01.2024;17;1.0;880;45;866;45;14;41
TE071;15.01.2024;18;1.0;809;45;797;45;12;42
TE071;15.01.2024;19;1.0;592;48;583;48;9;43
TE071;15.01.2024;20;1.0;488;47;473;47;15;40
TE071;15.01.2024;21;1.0;381;48;371;49;10;45
TE071;15.01.2024;22;1.0;326;51;324;51;2;46
TE071;15.01.2024;23;1.0;234;50;225;50;9;45
TE071;16.01.2024;0;1.0;143;54;138;54;5;46
TE071;16.01.2024;1;1.0;105;51;105;51;0;-1
TE071;16.01.2024;2;1.0;38;38;38;38;0;-1
TE071;16.01.2024;3;1.0;55;38;52;38;3;41
TE071;16.01.2024;4;1.0;60;41;59;42;1;29
TE071;19.01.2024;11;1.0;777;38;737;38;40;39
TE071;19.01.2024;12;1.0;889;46;858;46;31;52
TE071;19.01.2024;13;1.0;955;44;923;44;32;45
TE071;19.01.2024;14;1.0;1067;43;1035;43;32;44
TE071;19.01.2024;15;1.0;1089;45;1064;45;25;47
TE071;19.01.2024;16;1.0;863;47;847;47;16;46
TE071;19.01.2024;17;1.0;863;46;850;46;13;46
TE071;19.01.2024;18;1.0;885;45;872;45;13;44
TE071;19.01.2024;19;1.0;778;43;764;43;14;41
TE071;19.01.2024;20;1.0;632;44;617;44;15;48
TE071;19.01.2024;21;1.0;506;44;491;44;15;48
TE071;19.01.2024;22;1.0;516;46;512;46;4;47
TE071;19.01.2024;23;1.0;436;48;429;48;7;46
TE071;20.01.2024;0;1.0;338;47;331;47;7;47
TE071;20.01.2024;1;1.0;245;49;240;49;5;46
TE071;20.01.2024;2;1.0;195;48;193;48;2;47
TE071;20.01.2024;3;1.0;148;51;144;51;4;48
TE071;20.01.2024;4;1.0;96;49;94;49;2;49
TE071;20.01.2024;5;1.0;116;48;113;48;3;50
TE071;20.01.2024;6;1.0;126;48;121;48;5;51
TE071;20.01.2024;7;1.0;136;48;127;48;9;46
TE071;20.01.2024;8;1.0;214;49;207;49;7;48
TE071;20.01.2024;9;1.0;370;48;358;48;12;49
TE071;20.01.2024;10;1.0;467;48;456;48;11;49
TE071;20.01.2024;11;1.0;623;49;602;49;21;50
TE071;20.01.2024;12;1.0;674;47;657;47;17;48
TE071;20.01.2024;13;1.0;731;45;714;45;17;47
TE071;20.01.2024;14;1.0;759;47;748;47;11;42
TE071;20.01.2024;15;1.0;804;45;794;45;10;46
TE071;20.01.2024;16;1.0;769;44;749;44;20;46
TE071;20.01.2024;17;1.0;757;45;739;45;18;45
TE071;20.01.2024;18;1.0;735;46;723;46;12;42
TE071;20.01.2024;19;1.0;693;46;682;46;11;43
TE071;20.01.2024;20;1.0;533;46;527;46;6;44
TE071;20.01.2024;21;1.0;444;45;435;45;9;44
TE071;20.01.2024;22;1.0;488;46;481;46;7;40
TE071;20.01.2024;23;1.0;456;46;447;46;9;44
TE071;21.01.2024;0;1.0;359;48;353;48;6;48
TE071;21.01.2024;1;1.0;279;48;276;48;3;49
TE071;21.01.2024;2;1.0;190;51;188;51;2;48
TE071;21.01.2024;3;1.0;163;50;162;50;1;56
TE071;21.01.2024;4;1.0;127;52;126;52;1;56
TE071;21.01.2024;5;1.0;115;54;113;54;2;60
TE071;21.01.2024;6;1.0;108;53;106;53;2;47
TE071;21.01.2024;7;1.0;78;50;73;51;5;45
TE071;21.01.2024;8;1.0;102;53;92;54;10;46
TE071;21.01.2024;9;1.0;228;48;215;48;13;44
TE071;21.01.2024;10;1.0;328;49;320;49;8;43
TE071;21.01.2024;11;1.0;431;48;424;48;7;50
TE071;21.01.2024;12;1.0;547;44;528;44;19;44
TE071;21.01.2024;13;1.0;561;46;546;46;15;47
TE071;21.01.2024;14;1.0;590;46;579;46;11;47
TE071;21.01.2024;15;1.0;556;44;540;44;16;47
TE071;21.01.2024;16;1.0;559;45;554;45;5;47
TE071;21.01.2024;17;1.0;618;44;607;44;11;46
TE071;21.01.2024;18;1.0;523;46;516;46;7;46
TE071;21.01.2024;19;1.0;455;45;447;45;8;44
TE071;21.01.2024;20;1.0;377;46;372;46;5;45
TE071;21.01.2024;21;1.0;330;46;320;46;10;42
TE071;21.01.2024;22;1.0;286;47;284;47;2;46
TE071;21.01.2024;23;1.0;206;46;202;46;4;45
TE071;22.01.2024;0;1.0;142;45;135;45;7;45
TE071;22.01.2024;1;1.0;101;48;96;48;5;50
TE071;22.01.2024;2;1.0;57;50;53;50;4;50
TE071;22.01.2024;3;1.0;59;45;58;45;1;39
TE071;22.01.2024;4;1.0;40;40;38;39;2;45
TE071;22.01.2024;5;1.0;146;47;138;47;8;44
TE071;22.01.2024;6;1.0;293;45;278;45;15;47
TE071;22.01.2024;7;1.0;547;45;516;45;31;48
TE071;22.01.2024;8;1.0;757;44;721;44;36;45
TE071;22.01.2024;9;1.0;787;45;761;45;26;46
TE071;22.01.2024;10;1.0;676;47;652;47;24;47
TE071;22.01.2024;11;1.0;680;47;653;47;27;47
TE071;22.01.2024;12;1.0;797;45;768;45;29;47
TE071;22.01.2024;13;1.0;724;44;693;44;31;45
TE071;22.01.2024;14;1.0;870;45;849;44;21;48
TE071;22.01.2024;15;1.0;891;42;876;42;15;45
TE071;22.01.2024;16;1.0;859;42;839;42;20;47
TE071;22.01.2024;17;1.0;598;42;596;42;2;38
TE071;22.01.2024;18;1.0;673;45;667;45;6;50
TE071;22.01.2024;19;1.0;593;45;581;45;12;45
TE071;22.01.2024;20;1.0;451;45;445;45;6;47
TE071;22.01.2024;21;1.0;339;47;330;47;9;46
TE071;22.01.2024;22;1.0;278;48;276;48;2;48
TE071;22.01.2024;23;1.0;201;48;197;49;4;40
TE071;23.01.2024;0;1.0;133;47;128;47;5;46
TE071;23.01.2024;1;1.0;91;47;90;47;1;42
TE071;23.01.2024;2;1.0;72;47;70;48;2;35
TE071;23.01.2024;3;1.0;54;46;53;47;1;35
TE071;23.01.2024;4;1.0;51;44;48;43;3;45
TE071;23.01.2024;5;1.0;136;48;129;47;7;49
TE071;23.01.2024;6;1.0;306;45;298;45;8;43
TE071;23.01.2024;7;1.0;567;46;553;46;14;48
TE071;23.01.2024;8;1.0;852;46;819;46;33;47
TE071;23.01.2024;9;1.0;781;46;743;46;38;44
TE071;23.01.2024;10;1.0;795;47;752;46;43;48
TE071;23.01.2024;11;1.0;776;44;747;44;29;45
TE071;23.01.2024;12;1.0;822;44;791;44;31;46
TE071;23.01.2024;13;1.0;841;44;805;44;36;46
TE071;23.01.2024;14;1.0;800;45;778;45;22;46
TE071;23.01.2024;15;1.0;899;45;881;45;18;45
TE071;23.01.2024;16;1.0;998;42;984;42;14;44
TE071;23.01.2024;17;1.0;911;42;884;42;27;42
TE071;23.01.2024;18;1.0;854;42;841;42;13;37
TE071;23.01.2024;19;1.0;609;42;599;42;10;44
TE071;23.01.2024;20;1.0;507;44;490;44;17;46
TE071;23.01.2024;21;1.0;370;47;357;47;13;45
TE071;23.01.2024;22;1.0;319;47;311;47;8;50
TE071;23.01.2024;23;1.0;223;49;219;49;4;46
TE071;24.01.2024;0;1.0;151;50;148;50;3;41
TE071;24.01.2024;1;1.0;98;48;96;48;2;51
TE071;24.01.2024;2;1.0;64;48;61;49;3;49
TE071;24.01.2024;3;1.0;58;50;55;51;3;46
TE071;24.01.2024;4;1.0;57;48;56;48;1;40
TE071;24.01.2024;5;1.0;128;46;121;46;7;47
TE071;24.01.2024;6;1.0;353;46;334;46;19;47
TE071;24.01.2024;7;1.0;622;45;603;45;19;45
TE071;24.01.2024;8;1.0;871;45;854;45;17;46
TE071;24.01.2024;9;1.0;818;45;786;45;32;46
TE071;24.01.2024;10;1.0;737;46;711;46;26;46
TE071;24.01.2024;11;1.0;725;48;701;47;24;48
TE071;24.01.2024;12;1.0;779;45;737;45;42;45
TE071;24.01.2024;13;1.0;765;45;746;45;19;46
TE071;24.01.2024;14;1.0;811;45;795;45;16;44
TE071;24.01.2024;15;1.0;1013;43;996;43;17;43
TE071;24.01.2024;16;1.0;1160;41;1139;41;21;41
TE071;24.01.2024;17;1.0;1109;42;1089;42;20;45
TE071;24.01.2024;18;1.0;1001;43;984;43;17;44
TE071;24.01.2024;19;1.0;631;45;618;45;13;44
TE071;24.01.2024;20;1.0;524;46;515;46;9;38
TE071;24.01.2024;21;1.0;409;47;400;47;9;49
TE071;24.01.2024;22;1.0;363;46;359;46;4;47
TE071;24.01.2024;23;1.0;242;46;236;46;6;46
TE071;25.01.2024;0;1.0;153;48;146;48;7;46
TE071;25.01.2024;1;1.0;97;48;93;48;4;48
TE071;25.01.2024;2;1.0;84;47;80;47;4;46
TE071;25.01.2024;3;1.0;81;49;77;49;4;46
TE071;25.01.2024;4;1.0;64;46;59;47;5;42
TE071;25.01.2024;5;1.0;129;45;126;45;3;44
TE071;25.01.2024;6;1.0;310;46;301;46;9;42
TE071;25.01.2024;7;1.0;599;46;579;45;20;49
TE071;25.01.2024;8;1.0;800;45;780;45;20;50
TE071;25.01.2024;9;1.0;756;45;738;45;18;44
TE071;25.01.2024;10;1.0;847;46;820;46;27;48
TE071;25.01.2024;11;1.0;1066;42;1037;42;29;42
TE071;25.01.2024;12;1.0;1105;38;1056;38;49;36
TE071;25.01.2024;13;1.0;943;44;908;44;35;43
TE071;25.01.2024;14;1.0;855;46;834;46;21;46
TE071;25.01.2024;15;1.0;983;39;962;39;21;40
TE071;25.01.2024;16;1.0;1152;42;1133;42;19;45
TE080;01.01.2024;0;1.0;35;51;33;51;2;50
TE080;01.01.2024;1;1.0;179;47;179;47;0;-1
TE080;01.01.2024;2;1.0;159;48;159;48;0;-1
TE080;01.01.2024;3;1.0;122;49;122;49;0;-1
TE080;01.01.2024;4;1.0;55;49;54;49;1;49
TE080;01.01.2024;5;1.0;49;54;48;55;1;49
TE080;01.01.2024;6;1.0;50;52;46;53;4;46
TE080;01.01.2024;7;1.0;59;52;57;52;2;50
TE080;01.01.2024;8;1.0;60;49;57;50;3;45
TE080;01.01.2024;9;1.0;96;50;93;50;3;51
TE080;01.01.2024;10;1.0;153;50;146;50;7;48
TE080;01.01.2024;11;1.0;236;49;235;49;1;51
TE080;01.01.2024;12;1.0;306;48;300;48;6;48
TE080;01.01.2024;13;1.0;354;49;344;49;10;50
TE080;01.01.2024;14;1.0;420;47;416;47;4;43
TE080;01.01.2024;15;1.0;363;47;358;47;5;51
TE080;01.01.2024;16;1.0;289;46;283;46;6;46
TE080;01.01.2024;17;1.0;230;49;226;49;4;50
TE080;01.01.2024;18;1.0;196;51;193;51;3;52
TE080;01.01.2024;19;1.0;130;53;127;54;3;44
TE080;01.01.2024;20;1.0;120;51;115;51;5;53
TE080;01.01.2024;21;1.0;107;54;106;54;1;55
TE080;01.01.2024;22;1.0;70;54;67;55;3;39
TE080;01.01.2024;23;1.0;51;53;47;53;4;46
TE080;02.01.2024;0;1.0;43;52;42;51;1;60
TE080;02.01.2024;1;1.0;21;52;21;52;0;-1
TE080;02.01.2024;2;1.0;32;52;26;52;6;51
TE080;02.01.2024;3;1.0;51;52;48;52;3;56
TE080;02.01.2024;4;1.0;89;53;80;53;9;54
TE080;02.01.2024;5;1.0;250;52;221;52;29;52
TE080;02.01.2024;6;1.0;435;50;404;50;31;49
TE080;02.01.2024;7;1.0;516;43;496;43;20;46
TE080;02.01.2024;8;1.0;508;47;494;47;14;50
TE080;02.01.2024;9;1.0;438;47;425;47;13;47
TE080;02.01.2024;10;1.0;510;49;478;49;32;48
TE080;02.01.2024;11;1.0;470;43;441;44;29;41
TE080;02.01.2024;12;1.0;509;42;470;42;39;41
TE080;02.01.2024;13;1.0;554;43;538;43;16;46
TE080;02.01.2024;14;1.0;725;42;696;42;29;37
TE080;02.01.2024;15;1.0;699;42;679;42;20;41
TE080;02.01.2024;16;1.0;761;42;735;42;26;40
TE080;02.01.2024;17;1.0;550;46;536;46;14;44
TE080;02.01.2024;18;1.0;449;51;442;51;7;55
TE080;02.01.2024;19;1.0;306;51;302;51;4;51
TE080;02.01.2024;20;1.0;230;52;227;52;3;54
TE080;02.01.2024;21;1.0;187;53;183;53;4;56
TE080;02.01.2024;22;1.0;130;52;127;52;3;51
TE080;02.01.2024;23;1.0;101;50;95;50;6;45
TE080;03.01.2024;0;1.0;49;51;45;50;4;54
TE080;03.01.2024;1;1.0;39;51;33;52;6;49
TE080;03.01.2024;2;1.0;41;51;35;50;6;53
TE080;03.01.2024;3;1.0;58;52;52;53;6;51
TE080;03.01.2024;4;1.0;103;49;91;50;12;47
TE080;03.01.2024;5;1.0;274;48;260;48;14;46
TE080;03.01.2024;6;1.0;490;44;473;44;17;44
TE080;03.01.2024;7;1.0;621;43;579;43;42;44
TE080;03.01.2024;8;1.0;605;40;576;40;29;41
TE080;03.01.2024;9;1.0;531;42;467;42;65;41
TE080;03.01.2024;10;1.0;554;42;502;42;52;45
TE080;03.01.2024;11;1.0;568;43;521;43;47;43
TE080;03.01.2024;12;1.0;643;43;584;43;59;42
TE080;03.01.2024;13;1.0;756;41;711;41;45;42
TE080;03.01.2024;14;1.0;802;36;747;37;55;36
TE080;03.01.2024;15;1.0;915;32;888;32;27;38
TE080;03.01.2024;16;1.0;815;37;789;37;26;38
TE080;03.01.2024;17;1.0;641;41;623;41;18;41
TE080;03.01.2024;18;1.0;508;44;488;44;20;43
TE080;03.01.2024;19;1.0;347;45;334;45;13;45
TE080;03.01.2024;20;1.0;235;49;225;49;10;46
TE080;03.01.2024;21;1.0;218;50;205;50;13;49
TE080;03.01.2024;22;1.0;186;52;180;52;6;48
TE080;03.01.2024;23;1.0;98;50;93;50;5;47
TE080;04.01.2024;0;1.0;57;50;53;50;4;46
TE080;04.01.2024;1;1.0;30;47;27;47;3;48
TE080;04.01.2024;2;1.0;33;48;27;49;6;47
TE080;04.01.2024;3;1.0;62;52;56;52;6;53
TE080;04.01.2024;4;1.0;114;56;113;56;1;29
TE080;04.01.2024;5;1.0;314;53;309;53;5;52
TE080;04.01.2024;6;1.0;435;53;428;53;7;52
TE080;04.01.2024;7;1.0;607;47;582;47;25;43
TE080;04.01.2024;8;1.0;577;41;521;41;56;41
TE080;04.01.2024;9;1.0;531;42;435;42;96;42
TE080;04.01.2024;10;1.0;579;45;491;45;88;45
TE080;04.01.2024;11;1.0;611;44;530;43;81;45
TE080;04.01.2024;12;1.0;599;46;576;46;23;46
TE080;04.01.2024;13;1.0;701;40;657;40;44;39
TE080;04.01.2024;14;1.0;847;37;789;37;58;36
TE080;04.01.2024;15;1.0;883;36;857;36;26;36
TE080;04.01.2024;16;1.0;873;34;833;34;40;34
TE080;04.01.2024;17;1.0;697;42;681;42;16;41
TE080;04.01.2024;18;1.0;519;44;502;44;17;42
TE080;04.01.2024;19;1.0;358;47;349;47;9;50
TE080;04.01.2024;20;1.0;267;49;255;49;12;48
TE080;04.01.2024;21;1.0;211;53;198;53;13;50
TE080;04.01.2024;22;1.0;184;51;177;52;7;51
TE080;04.01.2024;23;1.0;102;51;98;51;4;51
TE080;05.01.2024;0;1.0;53;51;47;50;6;53
TE080;05.01.2024;1;1.0;34;54;30;53;4;53
TE080;05.01.2024;2;1.0;45;55;40;55;5;54
TE080;05.01.2024;3;1.0;62;58;51;59;11;57
TE080;05.01.2024;4;1.0;125;56;111;56;14;55
TE080;05.01.2024;5;1.0;305;52;275;52;30;54
TE080;05.01.2024;6;1.0;493;49;450;49;43;50
TE080;05.01.2024;7;1.0;590;45;547;45;43;46
TE080;05.01.2024;8;1.0;502;46;485;46;17;42
TE080;05.01.2024;9;1.0;475;46;468;46;7;46
TE080;05.01.2024;10;1.0;565;45;538;45;27;44
TE080;05.01.2024;11;1.0;623;41;579;41;44;41
TE080;05.01.2024;12;1.0;693;41;631;41;62;41
TE080;05.01.2024;13;1.0;762;39;710;39;52;37
TE080;05.01.2024;14;1.0;919;37;866;37;53;35
TE080;05.01.2024;15;1.0;880;35;840;35;40;37
TE080;05.01.2024;21;1.0;212;49;209;49;3;38
TE080;05.01.2024;22;1.0;206;53;200;53;6;49
TE080;05.01.2024;23;1.0;122;53;119;53;3;49
TE080;06.01.2024;0;1.0;76;53;75;53;1;52
TE080;06.01.2024;1;1.0;71;51;68;51;3;51
TE080;06.01.2024;2;1.0;51;49;50;49;1;51
TE080;06.01.2024;3;1.0;55;53;53;53;2;50
TE080;06.01.2024;4;1.0;64;58;59;58;5;58
TE080;06.01.2024;5;1.0;88;56;84;56;4;51
TE080;06.01.2024;6;1.0;128;54;124;54;4;53
TE080;06.01.2024;7;1.0;198;57;187;57;11;55
TE080;06.01.2024;8;1.0;202;52;197;52;5;49
TE080;06.01.2024;9;1.0;351;49;342;49;9;44
TE080;06.01.2024;10;1.0;427;44;412;44;15;46
TE080;06.01.2024;11;1.0;492;45;478;45;14;45
TE080;06.01.2024;12;1.0;531;44;520;44;11;44
TE080;06.01.2024;13;1.0;492;47;489;47;3;47
TE080;06.01.2024;14;1.0;567;43;557;43;10;42
TE080;06.01.2024;15;1.0;505;42;493;42;12;40
TE080;06.01.2024;16;1.0;414;45;406;45;8;49
TE080;06.01.2024;17;1.0;386;47;381;47;5;47
TE080;06.01.2024;18;1.0;363;48;356;48;7;49
TE080;06.01.2024;19;1.0;261;51;259;51;2;50
TE080;06.01.2024;20;1.0;226;51;222;50;4;50
TE080;06.01.2024;21;1.0;173;52;169;52;4;51
TE080;06.01.2024;22;1.0;143;53;142;53;1;56
TE080;06.01.2024;23;1.0;119;53;118;53;1;47
TE080;07.01.2024;0;1.0;72;54;70;54;2;48
TE080;07.01.2024;1;1.0;53;55;53;55;0;-1
TE080;07.01.2024;2;1.0;34;56;34;56;0;-1
TE080;07.01.2024;3;1.0;23;55;21;54;2;65
TE080;07.01.2024;4;1.0;34;53;34;53;0;-1
TE080;07.01.2024;5;1.0;45;52;44;52;1;44
TE080;07.01.2024;6;1.0;58;52;56;52;2;46
TE080;07.01.2024;7;1.0;53;53;50;53;3;49
TE080;07.01.2024;8;1.0;118;53;114;53;4;46
TE080;07.01.2024;9;1.0;199;53;196;53;3;52
TE080;07.01.2024;10;1.0;287;53;275;53;12;53
TE080;07.01.2024;11;1.0;331;52;322;52;9;48
TE080;07.01.2024;12;1.0;417;49;406;49;11;49
TE080;07.01.2024;13;1.0;437;48;433;48;4;45
TE080;07.01.2024;14;1.0;437;46;434;46;3;45
TE080;07.01.2024;15;1.0;399;51;392;51;7;49
TE080;07.01.2024;16;1.0;340;52;333;52;7;51
TE080;07.01.2024;17;1.0;334;50;330;50;4;51
TE080;07.01.2024;18;1.0;291;51;285;51;6;54
TE080;07.01.2024;19;1.0;208;53;205;53;3;50
TE080;07.01.2024;20;1.0;166;54;157;54;9;52
TE080;07.01.2024;21;1.0;119;50;107;50;12;50
TE080;07.01.2024;22;1.0;109;51;100;51;9;46
TE080;07.01.2024;23;1.0;58;52;49;54;9;43
TE080;08.01.2024;0;1.0;48;49;40;50;8;47
TE080;08.01.2024;1;1.0;35;54;27;53;8;52
TE080;08.01.2024;2;1.0;48;53;42;53;6;55
TE080;08.01.2024;3;1.0;62;50;50;50;12;51
TE080;08.01.2024;4;1.0;124;52;109;51;15;52
TE080;08.01.2024;5;1.0;343;49;304;49;39;48
TE080;08.01.2024;6;1.0;526;45;491;45;35;45
TE080;08.01.2024;7;1.0;633;40;583;40;50;38
TE080;08.01.2024;8;1.0;571;42;527;42;44;43
TE080;08.01.2024;9;1.0;481;42;436;41;45;42
TE080;08.01.2024;10;1.0;459;42;431;42;28;42
TE080;08.01.2024;11;1.0;483;39;449;39;34;35
TE080;08.01.2024;12;1.0;524;40;488;40;36;40
TE080;08.01.2024;16;1.0;786;36;750;36;36;35
TE080;08.01.2024;17;1.0;616;38;581;38;35;37
TE080;08.01.2024;18;1.0;488;43;474;42;14;45
TE080;08.01.2024;19;1.0;307;47;296;47;11;47
TE080;08.01.2024;20;1.0;258;45;246;45;12;43
TE080;08.01.2024;21;1.0;203;47;191;47;12;45
TE080;08.01.2024;22;1.0;191;48;184;49;7;38
TE080;08.01.2024;23;1.0;89;48;80;48;9;40
TE080;09.01.2024;0;1.0;55;50;41;51;14;48
TE080;09.01.2024;1;1.0;36;54;33;54;3;50
TE080;09.01.2024;2;1.0;39;49;33;49;6;50
TE080;09.01.2024;3;1.0;63;53;59;53;4;52
TE080;09.01.2024;4;1.0;108;50;96;50;12;52
TE080;09.01.2024;5;1.0;361;51;323;51;38;51
TE080;09.01.2024;6;1.0;567;44;526;44;41;43
TE080;09.01.2024;7;1.0;650;39;610;39;40;40
TE080;09.01.2024;8;1.0;709;36;645;36;64;36
TE080;09.01.2024;9;1.0;631;38;578;38;53;38
TE080;09.01.2024;10;1.0;599;36;560;36;39;35
TE080;09.01.2024;11;1.0;599;39;567;39;32;39
TE080;09.01.2024;12;1.0;677;36;632;36;45;37
TE080;09.01.2024;13;1.0;723;33;652;33;71;34
TE080;09.01.2024;14;1.0;817;29;767;29;50;29
TE080;09.01.2024;15;1.0;862;28;810;28;52;28
TE080;09.01.2024;16;1.0;897;30;847;31;50;27
TE080;09.01.2024;17;1.0;849;25;796;26;53;21
TE080;09.01.2024;18;1.0;639;37;614;37;26;37
TE080;09.01.2024;19;1.0;358;38;345;38;12;39
TE080;09.01.2024;20;1.0;298;49;280;49;18;46
TE080;09.01.2024;21;1.0;217;50;212;50;5;47
TE080;09.01.2024;22;1.0;198;50;192;50;6;51
TE080;09.01.2024;23;1.0;96;50;92;50;4;50
TE080;10.01.2024;0;1.0;61;52;57;53;4;48
TE080;10.01.2024;1;1.0;47;55;45;55;2;58
TE080;10.01.2024;2;1.0;37;54;34;54;3;57
TE080;10.01.2024;3;1.0;69;57;62;57;7;51
TE080;10.01.2024;4;1.0;126;53;110;53;16;54
TE080;10.01.2024;5;1.0;345;52;312;52;33;51
TE080;10.01.2024;6;1.0;626;46;585;46;41;46
TE080;10.01.2024;7;1.0;657;38;602;39;55;38
TE080;10.01.2024;8;1.0;747;37;698;37;49;38
TE080;10.01.2024;9;1.0;567;41;524;41;43;44
TE080;10.01.2024;10;1.0;617;36;590;36;27;36
TE080;10.01.2024;11;1.0;597;38;567;38;30;39
TE080;10.01.2024;12;1.0;713;34;669;34;44;36
TE080;10.01.2024;13;1.0;683;37;637;37;46;34
TE080;10.01.2024;14;1.0;900;29;839;29;61;30
TE080;10.01.2024;15;1.0;980;21;936;21;44;19
TE080;10.01.2024;16;1.0;933;32;891;33;42;27
TE080;10.01.2024;17;1.0;833;37;808;37;25;37
TE080;10.01.2024;18;1.0;625;40;597;40;28;40
TE080;10.01.2024;19;1.0;401;46;384;46;17;41
TE080;10.01.2024;20;1.0;253;47;242;48;11;42
TE080;10.01.2024;21;1.0;262;49;258;49;4;45
TE080;10.01.2024;22;1.0;207;50;197;50;10;49
TE080;10.01.2024;23;1.0;115;51;106;52;9;46
TE080;11.01.2024;0;1.0;35;50;30;51;5;51
TE080;11.01.2024;1;1.0;41;54;41;54;0;-1
TE080;11.01.2024;2;1.0;41;55;35;55;6;49
TE080;11.01.2024;3;1.0;65;56;61;56;4;55
TE080;11.01.2024;4;1.0;116;59;109;59;7;56
TE080;11.01.2024;5;1.0;374;54;367;54;7;55
TE080;11.01.2024;6;1.0;552;47;544;47;8;45
TE080;11.01.2024;7;1.0;653;44;636;44;17;46
TE080;11.01.2024;8;1.0;697;37;641;37;56;38
TE080;11.01.2024;9;1.0;605;40;556;40;49;42
TE080;11.01.2024;10;1.0;509;47;447;46;62;47
TE080;11.01.2024;11;1.0;601;44;540;44;61;42
TE080;11.01.2024;12;1.0;648;43;593;43;55;41
TE080;11.01.2024;13;1.0;672;35;650;35;22;33
TE080;11.01.2024;14;1.0;860;34;834;34;26;41
TE080;11.01.2024;15;1.0;1002;23;987;23;15;19
TE080;11.01.2024;16;1.0;1028;26;1019;27;9;18
TE080;11.01.2024;17;1.0;845;33;831;33;14;32
TE080;11.01.2024;18;1.0;643;44;638;44;5;40
TE080;11.01.2024;19;1.0;429;47;424;47;5;45
TE080;11.01.2024;20;1.0;298;49;295;49;3;45
TE080;11.01.2024;21;1.0;214;54;211;54;3;44
TE080;11.01.2024;22;1.0;179;53;176;53;3;50
TE080;11.01.2024;23;1.0;88;54;86;54;2;47
TE080;12.01.2024;0;1.0;67;57;65;57;2;64
TE080;12.01.2024;1;1.0;37;59;35;60;2;59
TE080;12.01.2024;2;1.0;40;57;39;57;1;74
TE080;12.01.2024;3;1.0;68;60;68;60;0;-1
TE080;12.01.2024;4;1.0;134;58;132;58;2;60
TE080;12.01.2024;5;1.0;287;55;277;55;10;55
TE080;12.01.2024;6;1.0;226;52;220;52;6;49
TE080;12.01.2024;7;1.0;21;48;19;48;2;48
TE080;12.01.2024;8;1.0;22;45;18;46;4;38
TE080;12.01.2024;9;1.0;41;46;39;47;2;25
TE080;12.01.2024;10;1.0;47;47;43;47;4;44
TE080;12.01.2024;11;1.0;51;50;47;52;4;32
TE080;12.01.2024;12;1.0;47;45;45;46;2;38
TE080;12.01.2024;13;1.0;45;48;43;49;2;25
TE080;12.01.2024;14;1.0;67;47;66;48;1;27
TE080;12.01.2024;15;1.0;74;49;72;50;2;27
TE080;12.01.2024;16;1.0;68;49;66;50;2;26
TE080;12.01.2024;17;1.0;388;46;386;46;2;46
TE080;12.01.2024;18;1.0;469;47;461;47;8;48
TE080;12.01.2024;19;1.0;341;51;334;51;7;47
TE080;12.01.2024;20;1.0;277;50;272;50;5;49
TE080;12.01.2024;21;1.0;221;54;218;54;3;42
TE080;12.01.2024;22;1.0;181;53;178;53;3;51
TE080;12.01.2024;23;1.0;135;54;130;53;5;51
TE080;13.01.2024;0;1.0;99;52;92;52;7;55
TE080;13.01.2024;1;1.0;60;53;58;54;2;50
TE080;13.01.2024;2;1.0;42;55;42;55;0;-1
TE080;13.01.2024;3;1.0;33;54;32;54;1;51
TE080;13.01.2024;4;1.0;55;58;53;58;2;51
TE080;13.01.2024;5;1.0;90;58;85;58;5;53
TE080;13.01.2024;6;1.0;142;55;138;55;4;55
TE080;13.01.2024;7;1.0;158;55;156;55;2;55
TE080;13.01.2024;8;1.0;185;54;182;54;3;54
TE080;13.01.2024;9;1.0;332;50;323;50;9;50
TE080;13.01.2024;10;1.0;414;46;412;46;2;51
TE080;13.01.2024;11;1.0;454;45;450;45;4;48
TE080;13.01.2024;12;1.0;503;49;496;49;7;47
TE080;13.01.2024;13;1.0;546;47;540;47;6;48
TE080;13.01.2024;14;1.0;514;47;510;47;4;43
TE080;13.01.2024;15;1.0;496;44;485;44;11;36
TE080;13.01.2024;16;1.0;439;47;419;47;20;45
TE080;13.01.2024;17;1.0;341;48;308;48;33;50
TE080;13.01.2024;18;1.0;342;50;314;50;28;49
TE080;13.01.2024;19;1.0;279;52;269;53;10;39
TE080;13.01.2024;20;1.0;219;53;198;53;21;50
TE080;13.01.2024;21;1.0;185;55;175;55;10;49
TE080;13.01.2024;22;1.0;157;54;156;54;1;51
TE080;13.01.2024;23;1.0;152;53;146;54;6;50
TE080;14.01.2024;0;1.0;85;56;81;56;4;56
TE080;14.01.2024;1;1.0;49;58;47;58;2;58
TE080;14.01.2024;2;1.0;41;53;39;53;2;56
TE080;14.01.2024;3;1.0;27;54;27;54;0;-1
TE080;14.01.2024;4;1.0;32;54;32;54;0;-1
TE080;14.01.2024;5;1.0;54;53;53;54;1;47
TE080;14.01.2024;6;1.0;50;56;46;57;4;47
TE080;14.01.2024;7;1.0;61;53;59;53;2;52
TE080;14.01.2024;8;1.0;111;56;108;56;3;54
TE080;14.01.2024;9;1.0;225;53;222;53;3;55
TE080;14.01.2024;10;1.0;333;51;331;51;2;54
TE080;14.01.2024;11;1.0;432;51;427;51;5;54
TE080;14.01.2024;12;1.0;464;50;458;50;6;51
TE080;14.01.2024;13;1.0;489;49;484;49;5;48
TE080;14.01.2024;14;1.0;524;45;515;45;9;48
TE080;14.01.2024;15;1.0;411;50;403;50;8;50
TE080;14.01.2024;16;1.0;327;48;320;48;7;45
TE080;14.01.2024;17;1.0;340;50;297;49;43;55
TE080;14.01.2024;18;1.0;292;53;270;53;22;51
TE080;14.01.2024;19;1.0;232;53;216;53;16;53
TE080;14.01.2024;20;1.0;169;53;166;54;3;47
TE080;14.01.2024;21;1.0;134;54;130;54;4;50
TE080;14.01.2024;22;1.0;101;54;99;54;2;54
TE080;14.01.2024;23;1.0;78;55;71;55;7;57
TE080;15.01.2024;0;1.0;37;52;36;52;1;58
TE080;15.01.2024;1;1.0;36;58;36;58;0;-1
TE080;15.01.2024;2;1.0;36;61;35;61;1;61
TE080;15.01.2024;3;1.0;48;58;47;57;1;69
TE080;15.01.2024;4;1.0;123;54;120;54;3;53
TE080;15.01.2024;5;1.0;363;53;345;53;18;54
TE080;15.01.2024;6;1.0;570;48;553;48;17;48
TE080;15.01.2024;7;1.0;689;42;672;42;17;45
TE080;15.01.2024;8;1.0;667;38;648;38;19;37
TE080;15.01.2024;9;1.0;484;39;459;39;25;37
TE080;15.01.2024;10;1.0;487;48;469;48;18;49
TE080;15.01.2024;11;1.0;530;46;504;46;26;45
TE080;15.01.2024;12;1.0;613;42;586;42;27;45
TE080;15.01.2024;13;1.0;711;41;686;41;25;41
TE080;15.01.2024;14;1.0;812;35;783;35;29;35
TE080;15.01.2024;15;1.0;816;32;801;32;15;29
TE080;15.01.2024;16;1.0;933;29;906;29;27;31
TE080;15.01.2024;17;1.0;642;41;629;41;13;40
TE080;15.01.2024;18;1.0;531;45;524;45;7;41
TE080;15.01.2024;19;1.0;339;50;335;50;4;45
TE080;15.01.2024;20;1.0;287;50;277;50;10;45
TE080;15.01.2024;21;1.0;191;51;186;51;5;40
TE080;15.01.2024;22;1.0;155;54;153;54;2;42
TE080;15.01.2024;23;1.0;121;55;113;55;8;48
TE080;16.01.2024;0;1.0;42;54;39;54;3;58
TE080;16.01.2024;1;1.0;31;56;31;56;0;-1
TE080;16.01.2024;2;1.0;35;53;35;53;0;-1
TE080;16.01.2024;3;1.0;52;52;46;50;6;63
TE080;16.01.2024;4;1.0;104;46;104;46;0;-1
TE080;16.01.2024;5;1.0;364;41;349;41;15;46
TE080;16.01.2024;6;1.0;596;33;562;33;34;30
TE080;16.01.2024;7;1.0;569;31;541;31;28;30
TE080;16.01.2024;8;1.0;681;29;671;29;10;35
TE080;16.01.2024;9;1.0;550;33;547;33;3;36
TE080;16.01.2024;10;1.0;547;43;536;43;11;42
TE080;16.01.2024;11;1.0;641;41;612;41;29;41
TE080;16.01.2024;12;1.0;631;41;598;41;33;42
TE080;16.01.2024;13;1.0;689;37;640;37;49;39
TE080;16.01.2024;14;1.0;891;30;850;30;41;32
TE080;16.01.2024;15;1.0;881;27;859;27;22;27
TE080;16.01.2024;16;1.0;914;22;885;22;29;23
TE080;16.01.2024;17;1.0;794;33;777;33;17;28
TE080;16.01.2024;18;1.0;589;41;583;41;6;40
TE080;16.01.2024;19;1.0;410;43;399;44;11;37
TE080;16.01.2024;20;1.0;270;49;261;49;9;40
TE080;16.01.2024;21;1.0;202;50;199;50;3;38
TE080;16.01.2024;22;1.0;144;51;143;51;1;27
TE080;16.01.2024;23;1.0;118;52;108;52;10;50
TE080;17.01.2024;0;1.0;63;54;58;55;5;51
TE080;17.01.2024;1;1.0;31;55;30;55;1;57
TE080;17.01.2024;2;1.0;52;55;46;54;6;60
TE080;17.01.2024;3;1.0;69;53;65;53;4;54
TE080;17.01.2024;4;1.0;161;54;151;54;10;53
TE080;17.01.2024;5;1.0;402;52;373;52;29;50
TE080;17.01.2024;6;1.0;601;46;577;46;24;46
TE080;17.01.2024;7;1.0;728;38;692;38;36;37
TE080;17.01.2024;8;1.0;757;37;695;37;62;37
TE080;17.01.2024;9;1.0;618;39;569;39;49;37
TE080;17.01.2024;10;1.0;568;41;521;41;47;41
TE080;17.01.2024;11;1.0;638;39;569;39;69;40
TE080;17.01.2024;12;1.0;669;38;595;38;74;38
TE080;17.01.2024;13;1.0;706;37;620;37;86;37
TE080;17.01.2024;14;1.0;811;34;750;34;61;37
TE080;17.01.2024;15;1.0;963;28;923;28;40;27
TE080;17.01.2024;16;1.0;1063;31;1042;31;21;29
TE080;17.01.2024;17;1.0;772;38;750;38;22;36
TE080;17.01.2024;18;1.0;556;42;547;42;9;40
TE080;17.01.2024;19;1.0;380;50;379;50;1;42
TE080;17.01.2024;20;1.0;225;50;223;50;2;40
TE080;17.01.2024;21;1.0;226;50;224;50;2;46
TE080;17.01.2024;22;1.0;168;53;165;54;3;34
TE080;17.01.2024;23;1.0;96;54;94;54;2;46
TE080;18.01.2024;0;1.0;45;56;43;56;2;46
TE080;18.01.2024;1;1.0;38;56;38;56;0;-1
TE080;18.01.2024;2;1.0;37;57;37;57;0;-1
TE080;18.01.2024;3;1.0;55;58;52;58;3;55
TE080;18.01.2024;4;1.0;127;56;124;56;3;59
TE080;18.01.2024;5;1.0;367;53;352;53;15;54
TE080;18.01.2024;6;1.0;586;50;570;50;16;45
TE080;18.01.2024;7;1.0;672;43;662;43;10;39
TE080;18.01.2024;8;1.0;717;40;683;40;34;40
TE080;18.01.2024;9;1.0;671;39;646;39;25;39
TE080;18.01.2024;10;1.0;610;40;566;40;44;42
TE080;18.01.2024;11;1.0;564;43;524;43;40;44
TE080;18.01.2024;12;1.0;661;40;617;40;44;38
TE080;18.01.2024;13;1.0;696;39;625;38;71;42
TE080;18.01.2024;14;1.0;808;32;769;32;39;31
TE080;18.01.2024;15;1.0;895;31;846;31;49;30
TE080;18.01.2024;16;1.0;918;23;863;24;55;18
TE080;18.01.2024;17;1.0;761;35;736;35;25;35
TE080;18.01.2024;18;1.0;572;42;552;42;20;36
TE080;18.01.2024;19;1.0;407;45;400;45;7;42
TE080;18.01.2024;20;1.0;297;46;289;46;8;48
TE080;18.01.2024;21;1.0;239;50;236;50;3;42
TE080;18.01.2024;22;1.0;205;51;203;51;2;40
TE080;18.01.2024;23;1.0;107;53;102;54;5;43
TE080;19.01.2024;0;1.0;48;53;46;54;2;35
TE080;19.01.2024;1;1.0;35;53;33;52;2;61
TE080;19.01.2024;2;1.0;37;57;37;57;0;-1
TE080;19.01.2024;3;1.0;62;50;60;50;2;49
TE080;19.01.2024;4;1.0;132;47;128;47;4;46
TE080;19.01.2024;5;1.0;344;46;333;45;11;49
TE080;19.01.2024;6;1.0;561;46;544;46;17;45
TE080;19.01.2024;7;1.0;617;41;589;41;28;39
TE080;19.01.2024;8;1.0;674;39;646;39;28;36
TE080;19.01.2024;9;1.0;547;40;524;40;23;40
TE080;19.01.2024;10;1.0;534;37;495;37;39;38
TE080;19.01.2024;11;1.0;650;36;609;36;41;36
TE080;19.01.2024;12;1.0;756;34;716;34;40;36
TE080;19.01.2024;13;1.0;841;29;784;29;57;28
TE080;19.01.2024;14;1.0;863;24;811;24;52;24
TE080;19.01.2024;15;1.0;917;28;880;28;37;27
TE080;19.01.2024;16;1.0;839;30;817;30;22;30
TE080;19.01.2024;17;1.0;617;43;608;43;9;39
TE080;19.01.2024;18;1.0;589;44;581;44;8;45
TE080;19.01.2024;19;1.0;399;44;390;45;9;40
TE080;19.01.2024;20;1.0;302;45;294;45;8;40
TE080;19.01.2024;21;1.0;196;48;192;48;4;51
TE080;19.01.2024;22;1.0;198;47;195;47;3;40
TE080;19.01.2024;23;1.0;163;48;157;48;6;44
TE080;20.01.2024;0;1.0;96;48;92;48;4;48
TE080;20.01.2024;1;1.0;56;52;53;52;3;49
TE080;20.01.2024;2;1.0;53;52;45;51;8;53
TE080;20.01.2024;3;1.0;44;51;44;51;0;-1
TE080;20.01.2024;4;1.0;53;54;49;54;4;53
TE080;20.01.2024;5;1.0;99;54;93;54;6;54
TE080;20.01.2024;6;1.0;158;51;146;51;12;48
TE080;20.01.2024;7;1.0;192;49;177;49;15;49
TE080;20.01.2024;8;1.0;289;47;282;47;7;47
TE080;20.01.2024;9;1.0;381;45;375;45;6;38
TE080;20.01.2024;10;1.0;509;45;489;45;20;46
TE080;20.01.2024;11;1.0;584;41;556;42;28;39
TE080;20.01.2024;12;1.0;545;41;524;41;21;42
TE080;20.01.2024;13;1.0;570;40;555;40;15;39
TE080;20.01.2024;14;1.0;656;38;635;38;21;38
TE080;20.01.2024;15;1.0;520;41;501;40;19;40
TE080;20.01.2024;16;1.0;414;44;397;45;17;41
TE080;20.01.2024;17;1.0;407;44;402;44;5;45
TE080;20.01.2024;18;1.0;372;47;365;47;7;47
TE080;20.01.2024;19;1.0;301;47;297;47;4;38
TE080;20.01.2024;20;1.0;239;48;235;48;4;48
TE080;20.01.2024;21;1.0;174;49;173;49;1;43
TE080;20.01.2024;22;1.0;150;49;149;49;1;44
TE080;20.01.2024;23;1.0;141;48;138;48;3;48
TE080;21.01.2024;0;1.0;109;51;108;51;1;51
TE080;21.01.2024;1;1.0;70;51;70;51;0;-1
TE080;21.01.2024;2;1.0;46;53;46;53;0;-1
TE080;21.01.2024;3;1.0;33;55;33;55;0;-1
TE080;21.01.2024;4;1.0;21;58;21;58;0;-1
TE080;21.01.2024;5;1.0;40;54;39;55;1;48
TE080;21.01.2024;6;1.0;54;55;52;55;2;55
TE080;21.01.2024;7;1.0;65;52;62;53;3;44
TE080;21.01.2024;8;1.0;135;52;130;52;5;46
TE080;21.01.2024;9;1.0;236;49;230;49;6;50
TE080;21.01.2024;10;1.0;328;46;325;46;3;45
TE080;21.01.2024;11;1.0;419;44;410;44;9;43
TE080;21.01.2024;12;1.0;468;44;456;44;12;42
TE080;21.01.2024;13;1.0;475;43;464;43;11;42
TE080;21.01.2024;14;1.0;484;42;477;42;7;40
TE080;21.01.2024;15;1.0;379;44;375;44;4;43
TE080;21.01.2024;16;1.0;314;43;311;43;3;40
TE080;21.01.2024;17;1.0;333;44;327;44;6;42
TE080;21.01.2024;18;1.0;325;47;322;47;3;42
TE080;21.01.2024;19;1.0;225;50;221;50;4;46
TE080;21.01.2024;20;1.0;180;48;177;48;3;42
TE080;21.01.2024;21;1.0;147;48;142;48;5;46
TE080;21.01.2024;22;1.0;90;49;89;49;1;46
TE080;21.01.2024;23;1.0;61;50;58;51;3;49
TE080;22.01.2024;0;1.0;54;48;50;49;4;42
TE080;22.01.2024;1;1.0;27;51;26;52;1;24
TE080;22.01.2024;2;1.0;27;55;24;55;3;47
TE080;22.01.2024;3;1.0;67;52;58;52;9;52
TE080;22.01.2024;4;1.0;134;51;122;51;12;52
TE080;22.01.2024;5;1.0;341;51;316;51;25;50
TE080;22.01.2024;6;1.0;615;46;563;46;52;45
TE080;22.01.2024;7;1.0;753;39;681;39;72;40
TE080;22.01.2024;8;1.0;699;37;627;37;72;36
TE080;22.01.2024;9;1.0;614;40;543;40;71;39
TE080;22.01.2024;10;1.0;521;45;464;45;57;43
TE080;22.01.2024;11;1.0;574;43;515;43;59;41
TE080;22.01.2024;12;1.0;626;39;555;39;71;41
TE080;22.01.2024;13;1.0;722;38;625;37;97;39
TE080;22.01.2024;14;1.0;767;37;695;38;72;36
TE080;22.01.2024;15;1.0;913;32;835;32;78;30
TE080;22.01.2024;16;1.0;963;28;899;29;64;27
TE080;22.01.2024;17;1.0;727;41;704;41;23;40
TE080;22.01.2024;18;1.0;634;43;608;43;26;43
TE080;22.01.2024;19;1.0;344;46;332;46;12;46
TE080;22.01.2024;20;1.0;253;49;247;49;6;43
TE080;22.01.2024;21;1.0;207;50;201;50;6;38
TE080;22.01.2024;22;1.0;196;47;194;47;2;46
TE080;22.01.2024;23;1.0;100;46;96;47;4;34
TE080;23.01.2024;0;1.0;56;50;55;49;1;62
TE080;23.01.2024;1;1.0;23;51;19;51;4;52
TE080;23.01.2024;2;1.0;37;53;33;54;4;50
TE080;23.01.2024;3;1.0;48;52;47;53;1;46
TE080;23.01.2024;4;1.0;128;51;119;50;9;51
TE080;23.01.2024;5;1.0;343;49;329;49;14;48
TE080;23.01.2024;6;1.0;542;50;516;50;26;47
TE080;23.01.2024;7;1.0;734;38;706;38;28;39
TE080;23.01.2024;8;1.0;701;37;672;37;29;39
TE080;23.01.2024;9;1.0;600;39;538;39;62;38
TE080;23.01.2024;10;1.0;616;42;546;42;70;43
TE080;23.01.2024;11;1.0;667;40;601;40;66;42
TE080;23.01.2024;12;1.0;696;38;633;38;63;37
TE080;23.01.2024;13;1.0;702;40;644;40;58;40
TE080;23.01.2024;14;1.0;847;35;785;35;62;36
TE080;23.01.2024;15;1.0;895;33;864;33;31;34
TE080;23.01.2024;16;1.0;916;32;886;32;30;34
TE080;23.01.2024;17;1.0;826;31;800;31;26;33
TE080;23.01.2024;18;1.0;672;39;655;39;17;39
TE080;23.01.2024;19;1.0;398;43;379;43;19;39
TE080;23.01.2024;20;1.0;249;47;242;47;7;40
TE080;23.01.2024;21;1.0;245;49;240;50;5;40
TE080;23.01.2024;22;1.0;221;49;218;49;3;37
TE080;23.01.2024;23;1.0;99;51;93;51;6;50
TE080;24.01.2024;0;1.0;38;57;36;57;2;54
TE080;24.01.2024;1;1.0;32;54;31;54;1;55
TE080;24.01.2024;2;1.0;29;52;28;52;1;47
TE080;24.01.2024;3;1.0;53;55;46;55;7;57
TE080;24.01.2024;4;1.0;131;52;117;52;14;52
TE080;24.01.2024;5;1.0;405;50;349;50;56;50
TE080;24.01.2024;6;1.0;599;45;534;45;65;45
TE080;24.01.2024;7;1.0;764;39;689;39;75;37
TE080;24.01.2024;8;1.0;819;34;745;34;74;36
TE080;24.01.2024;9;1.0;671;38;618;38;53;36
TE080;24.01.2024;10;1.0;608;45;562;45;46;44
TE080;24.01.2024;11;1.0;664;41;610;41;54;42
TE080;24.01.2024;12;1.0;716;41;624;41;92;41
TE080;24.01.2024;13;1.0;701;40;637;40;64;43
TE080;24.01.2024;14;1.0;866;36;799;35;67;34
TE080;24.01.2024;15;1.0;981;28;921;28;60;26
TE080;24.01.2024;16;1.0;933;25;904;25;29;21
TE080;24.01.2024;17;1.0;871;33;839;33;32;26
TE080;24.01.2024;18;1.0;693;42;667;41;26;43
TE080;24.01.2024;19;1.0;451;44;439;44;12;43
TE080;24.01.2024;20;1.0;303;47;287;47;16;45
TE080;24.01.2024;21;1.0;252;49;241;49;11;45
TE080;24.01.2024;22;1.0;196;49;191;49;5;51
TE080;24.01.2024;23;1.0;128;48;121;49;7;36
TE080;25.01.2024;0;1.0;55;50;49;49;6;50
TE080;25.01.2024;1;1.0;38;54;29;54;9;56
TE080;25.01.2024;2;1.0;42;52;39;52;3;53
TE080;25.01.2024;3;1.0;57;49;43;50;14;47
TE080;25.01.2024;4;1.0;128;51;112;51;16;52
TE080;25.01.2024;5;1.0;350;49;330;49;20;48
TE080;25.01.2024;6;1.0;599;47;583;47;16;48
TE080;25.01.2024;7;1.0;741;39;714;39;27;38
TE080;25.01.2024;8;1.0;703;36;680;36;23;35
TE080;25.01.2024;9;1.0;612;41;569;41;43;42
TE080;25.01.2024;10;1.0;591;48;558;48;33;48
TE080;25.01.2024;11;1.0;628;41;581;41;47;42
TE080;25.01.2024;12;1.0;745;37;690;37;55;37
TE080;25.01.2024;13;1.0;715;36;648;36;67;35
TE080;25.01.2024;14;1.0;917;25;831;25;86;25
TE080;25.01.2024;15;1.0;932;26;887;26;45;26
TE080;25.01.2024;16;1.0;923;34;900;34;23;31
TE080;25.01.2024;17;1.0;930;35;906;35;24;39
TE080;25.01.2024;18;1.0;661;44;652;44;9;43
TE080;25.01.2024;19;1.0;468;50;461;50;7;47
TE080;25.01.2024;20;1.0;297;51;284;51;13;51
TE080;25.01.2024;21;1.0;263;49;252;49;11;46
TE080;25.01.2024;22;1.0;216;45;205;45;11;43
TE080;25.01.2024;23;1.0;132;47;127;47;5;40
TE080;26.01.2024;0;1.0;42;48;38;48;4;54
TE080;26.01.2024;1;1.0;34;47;27;48;7;44
TE080;26.01.2024;2;1.0;49;49;44;50;5;45
TE080;26.01.2024;3;1.0;68;53;61;52;7;56
TE080;26.01.2024;4;1.0;117;53;104;53;13;52
TE080;26.01.2024;5;1.0;340;55;296;54;44;54
TE080;26.01.2024;6;1.0;568;51;525;51;43;51
TE080;26.01.2024;7;1.0;730;39;680;39;50;38
TE080;26.01.2024;8;1.0;689;40;641;40;48;39
TE080;26.01.2024;9;1.0;612;45;582;45;30;45
TE080;26.01.2024;10;1.0;594;44;559;44;35;44
TE080;26.01.2024;11;1.0;645;41;619;41;26;41
TE080;26.01.2024;12;1.0;786;36;743;37;43;35
TE080;26.01.2024;13;1.0;847;33;802;33;45;36
TE080;26.01.2024;14;1.0;941;33;887;33;54;32
TE080;26.01.2024;15;1.0;948;28;885;28;63;29
TE080;26.01.2024;16;1.0;918;32;854;32;64;32
TE080;26.01.2024;17;1.0;691;41;661;41;30;39
TE080;26.01.2024;18;1.0;588;46;574;46;14;45
TE080;26.01.2024;19;1.0;410;46;400;46;10;45
TE080;26.01.2024;20;1.0;314;46;303;47;11;42
TE080;26.01.2024;21;1.0;211;47;206;47;5;46
TE080;26.01.2024;22;1.0;239;47;235;47;4;45
TE080;26.01.2024;23;1.0;160;49;155;49;5;40
TE080;27.01.2024;0;1.0;120;50;115;50;5;45
TE080;27.01.2024;1;1.0;57;51;53;51;4;52
TE080;27.01.2024;2;1.0;53;49;53;49;0;-1
TE080;27.01.2024;3;1.0;58;53;57;53;1;56
TE080;27.01.2024;4;1.0;72;47;69;47;3;48
TE080;27.01.2024;5;1.0;117;50;113;50;4;49
TE080;27.01.2024;6;1.0;166;52;158;52;8;52
TE080;27.01.2024;7;1.0;212;51;205;51;7;51
TE080;27.01.2024;8;1.0;327;50;316;50;11;49
TE080;27.01.2024;9;1.0;414;46;407;46;7;46
TE080;27.01.2024;10;1.0;567;45;558;45;9;44
TE080;27.01.2024;11;1.0;599;44;574;44;25;46
TE080;27.01.2024;12;1.0;617;46;605;46;12;48
TE080;27.01.2024;13;1.0;612;42;586;42;26;42
TE080;27.01.2024;14;1.0;673;36;639;36;34;37
TE080;27.01.2024;15;1.0;623;37;600;37;23;36
TE080;27.01.2024;16;1.0;468;41;444;41;24;38
TE080;27.01.2024;17;1.0;469;43;455;43;14;38
TE080;27.01.2024;18;1.0;375;46;364;46;11;42
TE080;27.01.2024;19;1.0;344;43;338;43;6;42
TE080;27.01.2024;20;1.0;253;44;246;44;7;40
TE080;27.01.2024;21;1.0;201;47;198;47;3;43
TE080;27.01.2024;22;1.0;225;47;220;47;5;49
TE080;27.01.2024;23;1.0;162;44;155;44;7;36
TE080;28.01.2024;0;1.0;106;46;102;47;4;42
TE080;28.01.2024;1;1.0;80;45;78;45;2;42
TE080;28.01.2024;2;1.0;53;49;52;49;1;47
TE080;28.01.2024;3;1.0;42;48;41;48;1;47
TE080;28.01.2024;4;1.0;32;49;32;49;0;-1
TE080;28.01.2024;5;1.0;57;49;55;49;2;47
TE080;28.01.2024;6;1.0;64;51;62;51;2;44
TE080;28.01.2024;7;1.0;99;49;92;49;7;46
TE080;28.01.2024;8;1.0;168;47;163;47;5;50
TE080;28.01.2024;9;1.0;280;45;274;45;6;40
TE080;28.01.2024;10;1.0;431;40;418;40;13;40
TE080;28.01.2024;11;1.0;600;38;588;38;12;38
TE080;28.01.2024;12;1.0;674;30;654;31;20;26
TE080;28.01.2024;15;1.0;503;31;480;31;23;30
TE080;28.01.2024;16;1.0;410;42;395;42;15;40
TE080;28.01.2024;17;1.0;423;39;411;39;12;39
TE080;28.01.2024;18;1.0;371;43;365;43;6;41
TE080;28.01.2024;19;1.0;276;45;274;45;2;42
TE080;28.01.2024;20;1.0;210;46;204;46;6;44
TE080;28.01.2024;21;1.0;156;46;151;46;5;46
TE080;28.01.2024;22;1.0;111;49;107;49;4;50
TE080;28.01.2024;23;1.0;72;46;66;47;6;41
TE080;29.01.2024;0;1.0;53;50;49;50;4;56
TE080;29.01.2024;1;1.0;25;50;24;50;1;53
TE080;29.01.2024;2;1.0;35;49;34;49;1;56
TE080;29.01.2024;3;1.0;78;52;75;52;3;55
TE080;29.01.2024;4;1.0;113;49;108;49;5;44
TE080;29.01.2024;5;1.0;378;47;366;47;12;44
TE080;29.01.2024;6;1.0;635;45;611;45;24;44
TE080;29.01.2024;7;1.0;763;36;726;36;37;36
TE080;29.01.2024;8;1.0;729;31;689;32;40;30
TE080;29.01.2024;9;1.0;672;36;641;36;31;36
TE080;29.01.2024;10;1.0;620;36;540;36;80;37
TE080;29.01.2024;11;1.0;618;30;513;30;106;30
TE080;29.01.2024;14;1.0;909;22;846;22;63;22
TE080;29.01.2024;17;1.0;742;31;707;31;35;32
TE080;29.01.2024;18;1.0;625;38;603;38;22;38
TE080;29.01.2024;19;1.0;406;43;391;43;15;42
TE080;29.01.2024;20;1.0;284;46;263;46;21;46
TE080;29.01.2024;21;1.0;227;46;217;46;10;45
TE080;29.01.2024;22;1.0;184;46;178;47;6;41
TE080;29.01.2024;23;1.0;100;48;93;48;7;43
TE080;30.01.2024;0;1.0;39;50;35;51;4;46
TE080;30.01.2024;1;1.0;38;52;36;52;2;52
TE080;30.01.2024;2;1.0;38;51;37;51;1;49
TE080;30.01.2024;3;1.0;74;54;65;55;9;54
TE080;30.01.2024;4;1.0;131;51;124;51;7;49
TE080;30.01.2024;5;1.0;394;48;375;48;19;47
TE080;30.01.2024;6;1.0;636;44;609;44;27;43
TE080;30.01.2024;7;1.0;754;37;719;37;35;39
TE080;30.01.2024;8;1.0;696;39;661;39;35;40
TE080;30.01.2024;9;1.0;685;39;627;39;58;38
TE080;30.01.2024;10;1.0;590;36;546;36;44;36
TE080;30.01.2024;11;1.0;656;40;597;40;59;40
TE080;30.01.2024;12;1.0;657;37;603;37;54;35
TE080;30.01.2024;13;1.0;670;33;610;34;60;31
TE080;30.01.2024;14;1.0;854;37;812;37;42;37
TE080;30.01.2024;15;1.0;891;34;852;34;39;33
TE080;30.01.2024;16;1.0;926;31;892;31;34;30
TE080;30.01.2024;17;1.0;834;35;810;34;24;36
TE080;30.01.2024;18;1.0;622;44;605;44;17;43
TE080;30.01.2024;19;1.0;416;46;410;46;6;41
TE080;30.01.2024;20;1.0;285;51;281;51;4;38
TE080;30.01.2024;21;1.0;264;49;258;49;6;45
TE080;30.01.2024;22;1.0;193;48;188;49;5;40
TE080;30.01.2024;23;1.0;99;48;94;48;5;34
TE080;31.01.2024;0;1.0;48;47;47;47;1;48
TE080;31.01.2024;1;1.0;31;52;28;52;3;46
TE080;31.01.2024;2;1.0;43;53;39;54;4;43
TE080;31.01.2024;3;1.0;59;54;42;55;17;50
TE080;31.01.2024;4;1.0;129;53;120;53;9;52
TE080;31.01.2024;5;1.0;359;52;327;52;32;52
TE080;31.01.2024;6;1.0;628;47;593;47;35;48
TE080;31.01.2024;7;1.0;755;41;720;41;35;39
TE080;31.01.2024;8;1.0;685;36;666;36;19;35
TE080;31.01.2024;9;1.0;588;44;559;44;29;41
TE080;31.01.2024;10;1.0;563;44;516;44;47;44
TE080;31.01.2024;11;1.0;583;44;519;44;64;43
TE080;31.01.2024;12;1.0;767;39;687;39;80;41
TE080;31.01.2024;13;1.0;732;42;672;42;60;41
TE080;31.01.2024;14;1.0;901;38;842;38;59;39
TE080;31.01.2024;15;1.0;854;36;819;36;35;39
TE080;31.01.2024;16;1.0;893;38;859;38;34;40
TE080;31.01.2024;17;1.0;849;38;829;38;20;36
TE080;31.01.2024;18;1.0;635;41;627;41;8;36
TE080;31.01.2024;19;1.0;415;49;409;49;6;46
TE080;31.01.2024;20;1.0;281;52;275;52;6;47
TE080;31.01.2024;21;1.0;250;54;245;54;5;50
TE080;31.01.2024;22;1.0;205;51;204;51;1;46
TE080;31.01.2024;23;1.0;109;54;104;54;5;56
TE104;01.01.2024;0;1.0;174;63;167;63;7;61
TE104;01.01.2024;1;1.0;513;58;507;58;6;55
TE104;01.01.2024;2;1.0;580;57;578;57;2;57
TE104;01.01.2024;3;1.0;394;58;392;58;2;56
TE104;01.01.2024;4;1.0;291;59;291;59;0;-1
TE104;01.01.2024;5;1.0;237;59;236;59;1;62
TE104;01.01.2024;6;1.0;195;62;195;62;0;-1
TE104;01.01.2024;7;1.0;152;60;152;60;0;-1
TE104;01.01.2024;8;1.0;120;60;120;60;0;-1
TE104;01.01.2024;9;1.0;133;58;131;58;2;61
TE104;01.01.2024;10;1.0;223;59;220;59;3;55
TE104;01.01.2024;11;1.0;342;58;339;58;3;54
TE104;01.01.2024;12;1.0;456;58;451;58;5;54
TE104;01.01.2024;13;1.0;569;58;564;58;5;53
TE104;01.01.2024;14;1.0;672;56;670;56;2;54
TE104;01.01.2024;15;1.0;718;57;713;57;5;56
TE104;01.01.2024;16;1.0;666;46;661;46;4;56
TE104;01.01.2024;17;1.0;669;55;666;55;3;54
TE104;01.01.2024;18;1.0;580;57;577;57;3;55
TE104;01.01.2024;19;1.0;500;58;499;58;1;56
TE104;01.01.2024;20;1.0;471;56;467;56;4;55
TE104;01.01.2024;21;1.0;391;58;388;58;3;58
TE104;01.01.2024;22;1.0;327;58;323;58;4;58
TE104;01.01.2024;23;1.0;240;59;239;59;1;61
TE104;02.01.2024;0;1.0;171;62;165;62;6;60
TE104;02.01.2024;1;1.0;115;62;108;62;7;58
TE104;02.01.2024;2;1.0;66;57;63;57;3;55
TE104;02.01.2024;3;1.0;72;55;71;55;1;55
TE104;02.01.2024;4;1.0;112;55;111;55;1;55
TE104;02.01.2024;5;1.0;363;52;358;52;5;50
TE104;02.01.2024;6;1.0;632;51;622;51;10;49
TE104;02.01.2024;7;1.0;826;50;816;50;10;47
TE104;02.01.2024;8;1.0;801;51;790;51;11;51
TE104;02.01.2024;9;1.0;888;52;875;52;13;50
TE104;02.01.2024;10;1.0;917;53;898;53;19;51
TE104;02.01.2024;11;1.0;1028;52;1014;52;14;49
TE104;02.01.2024;12;1.0;1109;52;1086;52;23;49
TE104;02.01.2024;13;1.0;1280;51;1263;51;17;49
TE104;02.01.2024;14;1.0;1544;49;1520;49;24;49
TE104;02.01.2024;15;1.0;1581;50;1570;50;11;49
TE104;02.01.2024;16;1.0;1548;51;1544;51;4;48
TE104;02.01.2024;17;1.0;1318;53;1315;53;3;47
TE104;02.01.2024;18;1.0;1099;56;1092;56;7;51
TE104;02.01.2024;19;1.0;859;57;852;57;7;55
TE104;02.01.2024;20;1.0;596;59;590;59;6;56
TE104;02.01.2024;21;1.0;520;59;517;59;3;62
TE104;02.01.2024;22;1.0;485;59;481;59;4;57
TE104;02.01.2024;23;1.0;322;60;321;60;1;63
TE104;03.01.2024;0;1.0;206;62;196;62;10;60
TE104;03.01.2024;1;1.0;124;60;119;59;5;60
TE104;03.01.2024;2;1.0;88;59;85;59;3;59
TE104;03.01.2024;3;1.0;93;58;87;59;6;56
TE104;03.01.2024;4;1.0;129;58;123;58;6;58
TE104;03.01.2024;5;1.0;436;55;420;55;16;54
TE104;03.01.2024;6;1.0;713;55;684;55;29;54
TE104;03.01.2024;7;1.0;882;53;846;53;36;53
TE104;03.01.2024;8;1.0;897;53;872;53;25;51
TE104;03.01.2024;9;1.0;1045;53;991;53;54;52
TE104;03.01.2024;10;1.0;1092;54;1028;54;64;53
TE104;03.01.2024;11;1.0;1189;53;1143;53;46;53
TE104;03.01.2024;12;1.0;1172;51;1148;51;24;50
TE104;03.01.2024;13;1.0;1317;50;1288;50;29;49
TE104;03.01.2024;14;1.0;1590;48;1544;48;46;46
TE104;03.01.2024;15;1.0;1640;47;1629;47;11;46
TE104;03.01.2024;16;1.0;1670;48;1656;48;14;47
TE104;03.01.2024;17;1.0;1384;49;1378;49;6;49
TE104;03.01.2024;18;1.0;1163;50;1151;50;12;49
TE104;03.01.2024;19;1.0;895;49;887;49;8;50
TE104;03.01.2024;20;1.0;678;50;670;50;8;50
TE104;03.01.2024;21;1.0;601;54;594;54;7;53
TE104;03.01.2024;22;1.0;533;52;529;52;4;53
TE104;03.01.2024;23;1.0;300;57;298;57;2;57
TE104;04.01.2024;0;1.0;201;60;192;60;9;61
TE104;04.01.2024;1;1.0;115;59;109;59;6;60
TE104;04.01.2024;2;1.0;81;58;75;59;6;55
TE104;04.01.2024;3;1.0;93;59;91;59;2;57
TE104;04.01.2024;4;1.0;150;58;150;58;0;-1
TE104;04.01.2024;5;1.0;444;57;438;57;6;59
TE104;04.01.2024;6;1.0;704;55;700;55;4;54
TE104;04.01.2024;7;1.0;968;53;954;53;14;51
TE104;04.01.2024;8;1.0;940;46;898;46;42;46
TE104;04.01.2024;9;1.0;1055;45;1008;45;47;46
TE104;04.01.2024;10;1.0;1136;44;1076;44;60;46
TE104;04.01.2024;11;1.0;1200;38;1152;38;48;38
TE104;04.01.2024;12;1.0;1299;49;1265;49;34;48
TE104;04.01.2024;13;1.0;1431;43;1392;43;39;42
TE104;04.01.2024;14;1.0;1646;43;1608;43;38;43
TE104;04.01.2024;15;1.0;1728;46;1686;46;42;46
TE104;04.01.2024;16;1.0;1672;44;1634;44;38;40
TE104;04.01.2024;17;1.0;1443;47;1431;47;12;46
TE104;04.01.2024;18;1.0;1253;49;1232;49;21;49
TE104;04.01.2024;19;1.0;980;50;969;50;11;50
TE104;04.01.2024;20;1.0;697;53;679;53;18;50
TE104;04.01.2024;21;1.0;616;52;609;52;7;51
TE104;04.01.2024;22;1.0;551;53;547;53;4;53
TE104;04.01.2024;23;1.0;317;54;311;55;6;52
TE104;05.01.2024;0;1.0;192;58;182;58;10;61
TE104;05.01.2024;1;1.0;130;59;122;59;8;59
TE104;05.01.2024;2;1.0;90;56;85;56;5;54
TE104;05.01.2024;3;1.0;96;58;90;58;6;55
TE104;05.01.2024;4;1.0;132;57;115;57;17;56
TE104;05.01.2024;5;1.0;446;55;418;55;28;54
TE104;05.01.2024;6;1.0;626;53;599;53;27;52
TE104;05.01.2024;7;1.0;940;54;887;54;53;57
TE104;05.01.2024;8;1.0;889;53;876;53;13;50
TE104;05.01.2024;9;1.0;987;54;970;54;17;52
TE104;05.01.2024;10;1.0;1144;51;1107;51;37;50
TE104;05.01.2024;11;1.0;1210;49;1163;49;47;47
TE104;05.01.2024;12;1.0;1273;47;1235;47;38;46
TE104;05.01.2024;13;1.0;1541;47;1501;47;40;45
TE104;05.01.2024;14;1.0;1694;46;1660;46;34;44
TE104;05.01.2024;15;1.0;1499;49;1471;49;28;49
TE104;05.01.2024;16;1.0;1554;49;1540;49;14;48
TE104;05.01.2024;17;1.0;1267;52;1257;52;10;50
TE104;05.01.2024;18;1.0;1086;54;1075;54;11;55
TE104;05.01.2024;19;1.0;901;54;893;54;8;53
TE104;05.01.2024;20;1.0;756;56;744;56;12;55
TE104;05.01.2024;21;1.0;615;56;611;56;4;54
TE104;05.01.2024;22;1.0;585;55;582;55;3;52
TE104;05.01.2024;23;1.0;370;58;368;58;2;56
TE104;06.01.2024;0;1.0;287;57;278;57;9;57
TE104;06.01.2024;1;1.0;212;57;207;57;5;55
TE104;06.01.2024;2;1.0;149;56;149;56;0;-1
TE104;06.01.2024;3;1.0;117;57;115;57;2;57
TE104;06.01.2024;4;1.0;114;57;113;57;1;56
TE104;06.01.2024;5;1.0;190;57;179;57;11;55
TE104;06.01.2024;6;1.0;248;58;238;58;10;57
TE104;06.01.2024;7;1.0;273;57;255;57;18;57
TE104;06.01.2024;8;1.0;419;53;402;53;17;54
TE104;06.01.2024;9;1.0;652;53;639;53;13;52
TE104;06.01.2024;10;1.0;877;53;864;53;13;53
TE104;06.01.2024;11;1.0;1087;51;1070;51;17;49
TE104;06.01.2024;12;1.0;1254;50;1237;50;17;49
TE104;06.01.2024;13;1.0;1396;49;1384;49;12;48
TE104;06.01.2024;14;1.0;1464;49;1452;50;12;48
TE104;06.01.2024;15;1.0;1309;51;1302;51;7;49
TE104;06.01.2024;16;1.0;1251;51;1238;51;13;50
TE104;06.01.2024;17;1.0;1235;54;1220;54;15;54
TE104;06.01.2024;18;1.0;1045;52;1034;52;11;52
TE104;06.01.2024;19;1.0;899;54;890;54;9;54
TE104;06.01.2024;20;1.0;703;54;694;54;9;53
TE104;06.01.2024;21;1.0;650;53;645;53;5;55
TE104;06.01.2024;22;1.0;624;54;617;54;7;54
TE104;06.01.2024;23;1.0;441;57;439;57;2;54
TE104;07.01.2024;0;1.0;337;57;332;57;5;55
TE104;07.01.2024;1;1.0;249;55;242;55;7;57
TE104;07.01.2024;2;1.0;169;56;169;56;0;-1
TE104;07.01.2024;3;1.0;148;56;147;56;1;53
TE104;07.01.2024;4;1.0;100;54;99;54;1;50
TE104;07.01.2024;5;1.0;141;55;141;55;0;-1
TE104;07.01.2024;6;1.0;151;56;150;56;1;53
TE104;07.01.2024;7;1.0;148;55;147;55;1;53
TE104;07.01.2024;8;1.0;183;54;183;54;0;-1
TE104;07.01.2024;9;1.0;361;53;358;53;3;54
TE104;07.01.2024;10;1.0;537;53;530;53;7;52
TE104;07.01.2024;11;1.0;701;53;698;53;3;52
TE104;07.01.2024;12;1.0;876;53;871;53;5;55
TE104;07.01.2024;13;1.0;1044;53;1041;53;3;53
TE104;07.01.2024;14;1.0;1074;52;1069;52;5;52
TE104;07.01.2024;16;1.0;838;44;829;44;8;45
TE104;07.01.2024;17;1.0;785;53;783;53;2;50
TE104;07.01.2024;18;1.0;821;55;819;55;2;52
TE104;07.01.2024;19;1.0;712;56;707;56;5;52
TE104;07.01.2024;20;1.0;589;55;583;55;6;53
TE104;07.01.2024;21;1.0;502;53;496;53;6;52
TE104;07.01.2024;22;1.0;397;53;389;53;8;48
TE104;07.01.2024;23;1.0;244;53;238;53;6;50
TE104;08.01.2024;0;1.0;161;53;153;53;8;50
TE104;08.01.2024;1;1.0;124;58;116;58;8;53
TE104;08.01.2024;2;1.0;83;56;80;56;3;52
TE104;08.01.2024;3;1.0;82;53;78;53;4;54
TE104;08.01.2024;4;1.0;184;53;175;53;9;54
TE104;08.01.2024;5;1.0;704;49;691;49;13;47
TE104;08.01.2024;6;1.0;883;47;839;47;44;44
TE104;08.01.2024;7;1.0;1228;46;1195;46;33;44
TE104;08.01.2024;8;1.0;1150;45;1113;45;37;44
TE104;08.01.2024;9;1.0;1111;46;1086;46;25;44
TE104;08.01.2024;10;1.0;1034;46;994;46;40;44
TE104;08.01.2024;11;1.0;1042;49;993;49;49;48
TE104;08.01.2024;12;1.0;1162;49;1122;49;40;47
TE104;08.01.2024;13;1.0;1386;47;1345;47;41;48
TE104;08.01.2024;14;1.0;1610;43;1548;43;62;43
TE104;08.01.2024;15;1.0;1677;44;1643;44;34;43
TE104;08.01.2024;16;1.0;1614;45;1588;45;26;44
TE104;08.01.2024;17;1.0;1583;45;1562;45;21;43
TE104;08.01.2024;18;1.0;1355;46;1341;46;14;46
TE104;08.01.2024;19;1.0;903;48;891;48;12;47
TE104;08.01.2024;20;1.0;680;49;666;50;14;48
TE104;08.01.2024;21;1.0;654;49;647;49;7;48
TE104;08.01.2024;22;1.0;494;49;490;49;4;50
TE104;08.01.2024;23;1.0;263;52;260;52;3;50
TE104;09.01.2024;0;1.0;163;54;156;55;7;54
TE104;09.01.2024;1;1.0;104;52;99;52;5;54
TE104;09.01.2024;2;1.0;70;53;65;52;5;54
TE104;09.01.2024;3;1.0;90;50;82;51;8;46
TE104;09.01.2024;4;1.0;166;52;156;52;10;53
TE104;09.01.2024;5;1.0;612;48;602;48;10;47
TE104;09.01.2024;6;1.0;876;46;843;47;33;45
TE104;09.01.2024;7;1.0;1208;46;1170;46;38;43
TE104;09.01.2024;8;1.0;1220;45;1175;46;45;43
TE104;09.01.2024;9;1.0;1172;46;1134;46;38;44
TE104;09.01.2024;10;1.0;1095;47;1063;47;32;46
TE104;09.01.2024;11;1.0;1131;48;1087;48;44;47
TE104;09.01.2024;12;1.0;1309;47;1263;47;46;46
TE104;09.01.2024;13;1.0;1547;44;1489;44;58;45
TE104;09.01.2024;14;1.0;1733;43;1685;43;48;42
TE104;09.01.2024;15;1.0;1690;44;1652;44;38;43
TE104;09.01.2024;16;1.0;1900;43;1869;43;31;40
TE104;09.01.2024;17;1.0;1784;43;1759;43;25;43
TE104;09.01.2024;18;1.0;1604;42;1570;42;33;40
TE104;09.01.2024;19;1.0;1358;48;1330;48;28;46
TE104;09.01.2024;20;1.0;858;48;839;48;19;47
TE104;09.01.2024;21;1.0;740;49;726;49;14;48
TE104;09.01.2024;22;1.0;551;50;548;50;3;50
TE104;09.01.2024;23;1.0;323;53;319;53;4;52
TE104;10.01.2024;0;1.0;181;54;170;54;11;53
TE104;10.01.2024;1;1.0;103;54;97;54;6;52
TE104;10.01.2024;2;1.0;83;48;80;48;3;55
TE104;10.01.2024;3;1.0;92;51;86;51;5;53
TE104;10.01.2024;4;1.0;162;53;158;53;4;57
TE104;10.01.2024;5;1.0;704;47;690;47;14;48
TE104;10.01.2024;6;1.0;851;46;829;47;22;43
TE104;10.01.2024;7;1.0;1283;44;1248;44;35;42
TE104;10.01.2024;8;1.0;1137;45;1094;45;43;43
TE104;10.01.2024;9;1.0;1190;45;1162;45;28;43
TE104;10.01.2024;10;1.0;1077;48;1021;48;56;47
TE104;10.01.2024;11;1.0;1226;48;1190;48;36;47
TE104;10.01.2024;12;1.0;1325;49;1274;49;51;49
TE104;10.01.2024;13;1.0;1452;46;1404;46;48;44
TE104;10.01.2024;14;1.0;1762;44;1696;44;66;44
TE104;10.01.2024;15;1.0;1758;44;1728;44;30;43
TE104;10.01.2024;16;1.0;1838;43;1810;43;28;40
TE104;10.01.2024;17;1.0;1678;44;1652;44;26;44
TE104;10.01.2024;18;1.0;1435;44;1416;44;19;42
TE104;10.01.2024;19;1.0;1142;47;1127;47;15;45
TE104;10.01.2024;20;1.0;809;48;792;48;17;46
TE104;10.01.2024;21;1.0;733;48;728;48;5;45
TE104;10.01.2024;22;1.0;608;41;601;41;7;40
TE104;10.01.2024;23;1.0;327;43;325;43;2;48
TE104;11.01.2024;0;1.0;188;54;179;54;9;54
TE104;11.01.2024;1;1.0;119;58;113;58;6;55
TE104;11.01.2024;2;1.0;80;54;73;54;7;54
TE104;11.01.2024;3;1.0;92;57;85;58;7;53
TE104;11.01.2024;4;1.0;158;58;146;58;12;60
TE104;11.01.2024;5;1.0;636;57;631;57;5;55
TE104;11.01.2024;6;1.0;819;57;812;57;7;55
TE104;11.01.2024;7;1.0;1165;54;1158;54;7;52
TE104;11.01.2024;8;1.0;1074;49;1062;49;12;46
TE104;11.01.2024;9;1.0;1132;54;1109;54;23;51
TE104;11.01.2024;10;1.0;1149;53;1136;53;13;50
TE104;11.01.2024;11;1.0;1246;52;1211;52;35;50
TE104;11.01.2024;12;1.0;1353;52;1330;52;23;50
TE104;11.01.2024;13;1.0;1484;50;1460;50;24;48
TE104;11.01.2024;14;1.0;1695;45;1666;45;29;47
TE104;11.01.2024;15;1.0;1733;50;1712;50;21;49
TE104;11.01.2024;16;1.0;1760;50;1750;50;10;49
TE104;11.01.2024;17;1.0;1745;50;1738;50;7;47
TE104;11.01.2024;18;1.0;1381;53;1369;53;12;50
TE104;11.01.2024;19;1.0;992;50;988;50;4;53
TE104;11.01.2024;20;1.0;752;56;737;56;15;54
TE104;11.01.2024;21;1.0;695;56;688;56;7;53
TE104;11.01.2024;22;1.0;567;57;564;57;3;61
TE104;11.01.2024;23;1.0;352;60;348;60;4;57
TE104;12.01.2024;1;1.0;109;51;106;51;2;58
TE104;12.01.2024;2;1.0;89;63;87;63;2;62
TE104;12.01.2024;3;1.0;106;60;105;60;1;55
TE104;12.01.2024;4;1.0;178;59;178;59;0;-1
TE104;12.01.2024;5;1.0;667;56;660;56;7;54
TE104;12.01.2024;6;1.0;779;56;763;56;16;58
TE104;12.01.2024;7;1.0;1230;52;1215;52;15;50
TE104;12.01.2024;8;1.0;1089;52;1074;53;15;52
TE104;12.01.2024;9;1.0;1107;53;1085;53;22;52
TE104;12.01.2024;10;1.0;1101;53;1072;53;29;52
TE104;12.01.2024;11;1.0;1226;52;1183;52;43;51
TE104;12.01.2024;12;1.0;1341;52;1315;52;26;51
TE104;12.01.2024;13;1.0;1700;46;1675;46;25;47
TE104;12.01.2024;14;1.0;1799;45;1779;45;20;46
TE104;12.01.2024;15;1.0;1755;50;1729;50;26;47
TE104;12.01.2024;16;1.0;1687;49;1666;49;21;44
TE104;12.01.2024;17;1.0;1512;51;1499;51;13;47
TE104;12.01.2024;18;1.0;1287;53;1270;53;17;49
TE104;12.01.2024;19;1.0;991;50;981;50;11;48
TE104;12.01.2024;20;1.0;826;56;808;57;18;54
TE104;12.01.2024;21;1.0;671;55;663;55;8;50
TE104;12.01.2024;22;1.0;633;56;629;56;4;54
TE104;12.01.2024;23;1.0;488;46;481;46;6;48
TE104;13.01.2024;0;1.0;319;58;311;58;8;56
TE104;13.01.2024;1;1.0;223;58;216;58;7;54
TE104;13.01.2024;2;1.0;160;56;157;56;3;55
TE104;13.01.2024;3;1.0;102;56;100;56;2;53
TE104;13.01.2024;4;1.0;126;58;125;58;1;57
TE104;13.01.2024;5;1.0;216;57;215;57;1;55
TE104;13.01.2024;6;1.0;263;57;261;57;2;54
TE104;13.01.2024;7;1.0;302;58;300;58;2;53
TE104;13.01.2024;8;1.0;438;57;437;57;1;57
TE104;13.01.2024;9;1.0;731;57;727;57;4;52
TE104;13.01.2024;10;1.0;1024;55;1017;55;7;53
TE104;13.01.2024;11;1.0;1127;52;1118;52;9;53
TE104;13.01.2024;12;1.0;1423;52;1417;52;6;48
TE104;13.01.2024;13;1.0;1506;52;1491;52;15;51
TE104;13.01.2024;14;1.0;1549;51;1542;51;7;51
TE104;13.01.2024;15;1.0;1427;53;1420;53;7;55
TE104;13.01.2024;16;1.0;1345;50;1341;50;3;50
TE104;13.01.2024;17;1.0;1172;47;1166;47;6;43
TE104;13.01.2024;18;1.0;1077;55;1072;55;5;54
TE104;13.01.2024;19;1.0;874;57;870;57;4;56
TE104;13.01.2024;20;1.0;757;56;750;56;7;54
TE104;13.01.2024;21;1.0;623;57;614;57;9;57
TE104;13.01.2024;22;1.0;629;58;625;58;4;52
TE104;13.01.2024;23;1.0;481;58;479;58;2;52
TE104;14.01.2024;0;1.0;378;60;374;60;4;58
TE104;14.01.2024;1;1.0;264;60;258;60;6;57
TE104;14.01.2024;2;1.0;193;65;193;65;0;-1
TE104;14.01.2024;3;1.0;136;62;136;62;0;-1
TE104;14.01.2024;4;1.0;118;57;118;57;0;-1
TE104;14.01.2024;5;1.0;141;59;141;59;0;-1
TE104;14.01.2024;6;1.0;141;61;140;61;1;65
TE104;14.01.2024;7;1.0;163;55;163;55;0;-1
TE104;14.01.2024;8;1.0;293;59;291;59;2;60
TE104;14.01.2024;9;1.0;462;56;462;56;0;-1
TE104;14.01.2024;10;1.0;580;60;579;60;1;55
TE104;14.01.2024;11;1.0;823;55;823;55;0;-1
TE104;14.01.2024;12;1.0;982;57;978;57;4;52
TE104;14.01.2024;13;1.0;991;59;988;59;3;60
TE104;14.01.2024;14;1.0;1081;56;1076;56;5;55
TE104;14.01.2024;15;1.0;977;53;970;53;7;52
TE104;14.01.2024;16;1.0;976;54;973;54;3;58
TE104;14.01.2024;17;1.0;924;55;919;55;5;57
TE104;14.01.2024;18;1.0;884;56;876;56;8;56
TE104;14.01.2024;19;1.0;692;57;688;57;4;60
TE104;14.01.2024;20;1.0;612;59;604;59;8;57
TE104;14.01.2024;21;1.0;543;58;541;58;2;58
TE104;14.01.2024;22;1.0;369;53;367;53;2;55
TE104;15.01.2024;0;1.0;205;61;200;61;5;62
TE104;15.01.2024;1;1.0;121;62;113;62;8;60
TE104;15.01.2024;2;1.0;70;58;67;58;3;61
TE104;15.01.2024;3;1.0;71;53;70;53;1;52
TE104;15.01.2024;4;1.0;156;61;152;61;4;62
TE104;15.01.2024;5;1.0;688;55;676;55;12;54
TE104;15.01.2024;6;1.0;886;54;869;54;17;52
TE104;15.01.2024;7;1.0;1319;53;1286;53;33;53
TE104;15.01.2024;8;1.0;1197;51;1156;51;41;50
TE104;15.01.2024;9;1.0;1206;51;1139;51;67;51
TE104;15.01.2024;10;1.0;1112;52;1068;52;44;49
TE104;15.01.2024;11;1.0;1203;52;1150;52;53;50
TE104;15.01.2024;12;1.0;1222;49;1183;49;39;47
TE104;15.01.2024;13;1.0;1496;44;1453;44;43;43
TE104;15.01.2024;14;1.0;1712;40;1686;40;26;38
TE104;15.01.2024;15;1.0;1710;46;1683;46;27;46
TE104;15.01.2024;16;1.0;1760;45;1743;45;17;44
TE104;15.01.2024;17;1.0;1669;46;1652;46;17;45
TE104;15.01.2024;18;1.0;1375;46;1357;46;18;45
TE104;15.01.2024;19;1.0;947;52;938;52;9;54
TE104;15.01.2024;20;1.0;735;53;728;53;7;52
TE104;15.01.2024;21;1.0;633;52;627;52;6;50
TE104;15.01.2024;22;1.0;547;54;544;54;3;55
TE104;15.01.2024;23;1.0;314;56;309;56;5;55
TE104;16.01.2024;0;1.0;163;57;154;57;9;58
TE104;16.01.2024;1;1.0;131;54;124;55;7;55
TE104;16.01.2024;2;1.0;74;46;71;46;3;45
TE104;16.01.2024;3;1.0;110;47;98;46;12;50
TE104;16.01.2024;4;1.0;167;39;161;39;6;40
TE104;16.01.2024;5;1.0;621;38;618;38;3;34
TE104;16.01.2024;6;1.0;881;37;864;37;17;37
TE104;16.01.2024;7;1.0;1192;39;1174;39;18;37
TE104;16.01.2024;8;1.0;1147;46;1128;46;19;44
TE104;16.01.2024;9;1.0;1064;51;1050;51;14;48
TE104;16.01.2024;10;1.0;1091;52;1065;52;26;50
TE104;16.01.2024;11;1.0;1157;50;1103;50;54;48
TE104;16.01.2024;12;1.0;1274;52;1240;52;34;50
TE104;16.01.2024;13;1.0;1437;50;1400;50;37;49
TE104;16.01.2024;14;1.0;1713;45;1661;45;52;44
TE104;16.01.2024;15;1.0;1760;46;1729;46;31;44
TE104;16.01.2024;16;1.0;1736;38;1715;38;22;38
TE104;16.01.2024;17;1.0;1544;47;1537;47;7;48
TE104;16.01.2024;18;1.0;1303;50;1293;50;10;49
TE104;16.01.2024;19;1.0;1029;52;1023;52;6;52
TE104;16.01.2024;20;1.0;726;54;713;54;13;52
TE104;16.01.2024;21;1.0;668;55;664;55;4;51
TE104;16.01.2024;22;1.0;539;52;530;52;9;49
TE104;16.01.2024;23;1.0;361;52;357;52;4;48
TE104;17.01.2024;0;1.0;181;49;174;49;7;49
TE104;17.01.2024;1;1.0;104;52;98;52;6;49
TE104;17.01.2024;2;1.0;90;50;88;50;2;46
TE104;17.01.2024;3;1.0;91;49;88;49;3;46
TE104;17.01.2024;4;1.0;136;38;129;38;7;35
TE104;17.01.2024;9;1.0;1168;36;1144;36;24;35
TE104;17.01.2024;10;1.0;1070;48;1023;48;47;47
TE104;17.01.2024;11;1.0;1253;48;1200;48;53;46
TE104;17.01.2024;12;1.0;1352;48;1300;48;52;47
TE104;17.01.2024;13;1.0;1554;45;1510;45;44;45
TE104;17.01.2024;14;1.0;1736;44;1685;44;51;43
TE104;17.01.2024;15;1.0;1776;47;1738;47;38;46
TE104;17.01.2024;16;1.0;1727;47;1710;47;17;47
TE104;17.01.2024;17;1.0;1666;49;1652;49;14;47
TE104;17.01.2024;18;1.0;1306;51;1291;51;15;51
TE104;17.01.2024;19;1.0;1009;53;1004;53;5;53
TE104;17.01.2024;20;1.0;736;56;729;56;7;51
TE104;17.01.2024;21;1.0;708;55;700;55;8;54
TE104;17.01.2024;22;1.0;565;55;563;55;2;57
TE104;17.01.2024;23;1.0;369;55;368;55;1;56
TE104;18.01.2024;0;1.0;161;58;150;58;11;56
TE104;18.01.2024;1;1.0;126;59;119;59;7;60
TE104;18.01.2024;2;1.0;114;59;111;60;3;54
TE104;18.01.2024;3;1.0;117;60;115;60;2;64
TE104;18.01.2024;4;1.0;185;55;178;55;7;57
TE104;18.01.2024;5;1.0;665;54;646;54;19;55
TE104;18.01.2024;6;1.0;918;51;894;51;24;50
TE104;18.01.2024;7;1.0;1280;49;1239;49;41;47
TE104;18.01.2024;8;1.0;1261;48;1220;48;41;46
TE104;18.01.2024;9;1.0;1162;51;1115;51;47;48
TE104;18.01.2024;10;1.0;1179;51;1127;51;52;49
TE104;18.01.2024;11;1.0;1245;50;1184;50;61;47
TE104;18.01.2024;12;1.0;1365;47;1321;47;44;46
TE104;18.01.2024;13;1.0;1460;45;1404;45;56;43
TE104;18.01.2024;14;1.0;1747;42;1693;42;54;41
TE104;18.01.2024;15;1.0;1838;43;1810;43;28;42
TE104;18.01.2024;16;1.0;1849;39;1812;40;37;32
TE104;18.01.2024;17;1.0;1652;43;1635;43;17;43
TE104;18.01.2024;18;1.0;1391;46;1368;46;23;44
TE104;18.01.2024;19;1.0;1096;46;1084;46;12;45
TE104;18.01.2024;20;1.0;750;47;730;47;20;47
TE104;18.01.2024;21;1.0;693;47;685;47;8;46
TE104;18.01.2024;22;1.0;598;48;597;48;1;46
TE104;18.01.2024;23;1.0;366;49;362;49;4;48
TE104;19.01.2024;0;1.0;207;52;198;52;9;52
TE104;19.01.2024;1;1.0;121;50;116;50;5;48
TE104;19.01.2024;2;1.0;84;50;81;50;3;48
TE104;19.01.2024;3;1.0;88;53;85;53;3;49
TE104;19.01.2024;4;1.0;152;53;151;53;1;50
TE104;19.01.2024;5;1.0;624;51;615;51;9;49
TE104;19.01.2024;6;1.0;841;48;822;48;19;48
TE104;19.01.2024;7;1.0;1245;47;1223;47;22;44
TE104;19.01.2024;8;1.0;1172;48;1140;48;32;45
TE104;19.01.2024;9;1.0;1161;49;1101;49;60;47
TE104;19.01.2024;10;1.0;1370;46;1303;46;67;46
TE104;19.01.2024;11;1.0;1403;48;1337;48;66;47
TE104;19.01.2024;12;1.0;1505;47;1455;47;50;48
TE104;19.01.2024;13;1.0;1682;45;1633;45;49;47
TE104;19.01.2024;14;1.0;1791;43;1742;43;49;42
TE104;19.01.2024;15;1.0;1867;46;1831;46;36;45
TE104;19.01.2024;16;1.0;1686;48;1661;48;25;48
TE104;19.01.2024;17;1.0;1408;50;1396;50;12;50
TE104;19.01.2024;18;1.0;1259;49;1237;49;22;47
TE104;19.01.2024;19;1.0;1044;46;1035;46;9;45
TE104;19.01.2024;20;1.0;743;48;738;48;5;45
TE104;19.01.2024;21;1.0;752;48;745;48;7;47
TE104;19.01.2024;22;1.0;656;52;649;52;7;52
TE104;19.01.2024;23;1.0;510;46;505;46;4;48
TE104;20.01.2024;0;1.0;318;54;310;54;8;54
TE104;20.01.2024;1;1.0;211;55;201;55;10;55
TE104;20.01.2024;2;1.0;145;50;144;50;1;63
TE104;20.01.2024;3;1.0;118;57;118;57;0;-1
TE104;20.01.2024;4;1.0;131;56;131;56;0;-1
TE104;20.01.2024;5;1.0;225;56;224;56;1;55
TE104;20.01.2024;6;1.0;292;54;282;54;10;55
TE104;20.01.2024;7;1.0;309;54;303;54;6;56
TE104;20.01.2024;8;1.0;446;55;436;55;10;54
TE104;20.01.2024;9;1.0;873;56;860;56;13;55
TE104;20.01.2024;10;1.0;1066;55;1047;55;19;54
TE104;20.01.2024;11;1.0;1272;53;1254;53;18;52
TE104;20.01.2024;12;1.0;1394;53;1379;53;15;52
TE104;20.01.2024;13;1.0;1521;51;1502;51;19;50
TE104;20.01.2024;14;1.0;1562;51;1544;51;18;48
TE104;20.01.2024;15;1.0;1445;47;1433;47;12;47
TE104;20.01.2024;16;1.0;1326;43;1316;43;10;40
TE104;20.01.2024;17;1.0;1202;44;1193;44;9;40
TE104;20.01.2024;18;1.0;1141;46;1132;46;9;44
TE104;20.01.2024;19;1.0;864;46;858;46;6;44
TE104;20.01.2024;20;1.0;764;47;751;47;13;44
TE104;20.01.2024;21;1.0;665;47;661;47;4;44
TE104;20.01.2024;22;1.0;654;47;649;47;5;45
TE104;20.01.2024;23;1.0;507;49;504;49;3;46
TE104;21.01.2024;0;1.0;423;51;416;51;7;52
TE104;21.01.2024;1;1.0;270;53;264;53;6;53
TE104;21.01.2024;2;1.0;194;49;191;49;3;49
TE104;21.01.2024;3;1.0;127;48;125;48;2;43
TE104;21.01.2024;4;1.0;146;47;145;47;1;46
TE104;21.01.2024;5;1.0;168;58;167;58;1;61
TE104;21.01.2024;6;1.0;175;55;174;55;1;59
TE104;21.01.2024;7;1.0;179;55;179;55;0;-1
TE104;21.01.2024;8;1.0;230;53;229;53;1;49
TE104;21.01.2024;9;1.0;447;52;444;52;3;50
TE104;21.01.2024;10;1.0;678;53;670;53;8;50
TE104;21.01.2024;11;1.0;801;53;790;53;11;54
TE104;21.01.2024;12;1.0;1096;52;1085;52;11;51
TE104;21.01.2024;13;1.0;1120;53;1103;53;17;53
TE104;21.01.2024;14;1.0;1080;52;1078;52;2;48
TE104;21.01.2024;15;1.0;989;50;980;50;9;51
TE104;21.01.2024;16;1.0;962;50;952;50;10;47
TE104;21.01.2024;17;1.0;973;52;959;52;14;53
TE104;21.01.2024;18;1.0;881;54;872;54;9;52
TE104;21.01.2024;19;1.0;757;54;750;54;7;52
TE104;21.01.2024;20;1.0;575;56;558;56;17;54
TE104;21.01.2024;21;1.0;566;54;557;54;9;53
TE104;21.01.2024;22;1.0;424;55;417;55;7;56
TE104;21.01.2024;23;1.0;246;56;243;56;3;56
TE104;22.01.2024;0;1.0;175;59;165;59;10;57
TE104;22.01.2024;1;1.0;101;60;93;60;8;58
TE104;22.01.2024;2;1.0;78;58;74;59;4;52
TE104;22.01.2024;3;1.0;71;58;65;58;6;56
TE104;22.01.2024;4;1.0;169;58;158;59;11;58
TE104;22.01.2024;5;1.0;719;53;696;53;23;54
TE104;22.01.2024;6;1.0;895;55;842;55;53;55
TE104;22.01.2024;7;1.0;1284;52;1193;52;91;51
TE104;22.01.2024;8;1.0;1195;52;1093;52;102;51
TE104;22.01.2024;9;1.0;1079;49;1054;49;25;48
TE104;22.01.2024;10;1.0;1212;51;1201;51;11;49
TE104;22.01.2024;11;1.0;1273;51;1205;51;68;50
TE104;22.01.2024;12;1.0;1335;51;1272;51;63;52
TE104;22.01.2024;13;1.0;1524;49;1381;49;143;48
TE104;22.01.2024;14;1.0;1811;43;1704;43;107;45
TE104;22.01.2024;15;1.0;1821;46;1773;46;48;47
TE104;22.01.2024;16;1.0;1690;48;1669;48;21;49
TE104;22.01.2024;17;1.0;1582;49;1566;49;16;50
TE104;22.01.2024;18;1.0;1422;50;1415;50;7;48
TE104;22.01.2024;19;1.0;944;53;936;53;8;53
TE104;22.01.2024;20;1.0;709;52;703;52;6;53
TE104;22.01.2024;21;1.0;609;52;604;52;5;51
TE104;22.01.2024;22;1.0;528;53;525;53;3;55
TE104;22.01.2024;23;1.0;277;56;274;56;3;53
TE104;23.01.2024;0;1.0;155;57;148;57;7;56
TE104;23.01.2024;1;1.0;105;57;96;57;9;58
TE104;23.01.2024;2;1.0;74;57;71;57;3;58
TE104;23.01.2024;3;1.0;78;58;76;58;2;56
TE104;23.01.2024;4;1.0;162;57;156;57;6;56
TE104;23.01.2024;5;1.0;671;54;665;54;6;53
TE104;23.01.2024;6;1.0;939;49;926;49;13;47
TE104;23.01.2024;7;1.0;1226;51;1171;51;55;49
TE104;23.01.2024;8;1.0;1273;51;1171;52;102;49
TE104;23.01.2024;9;1.0;1154;52;1081;52;73;53
TE104;23.01.2024;10;1.0;1200;52;1143;52;57;51
TE104;23.01.2024;11;1.0;1260;52;1220;52;40;52
TE104;23.01.2024;12;1.0;1302;50;1254;50;48;49
TE104;23.01.2024;13;1.0;1531;47;1498;47;33;45
TE104;23.01.2024;14;1.0;1825;46;1788;46;37;45
TE104;23.01.2024;15;1.0;1873;46;1848;46;25;44
TE104;23.01.2024;16;1.0;1757;44;1728;44;29;45
TE104;23.01.2024;17;1.0;1594;45;1578;45;16;43
TE104;23.01.2024;18;1.0;1448;43;1432;43;16;41
TE104;23.01.2024;19;1.0;1078;47;1067;47;11;48
TE104;23.01.2024;20;1.0;697;48;689;48;8;50
TE104;23.01.2024;21;1.0;755;51;749;51;6;51
TE104;23.01.2024;22;1.0;555;54;550;54;5;54
TE104;23.01.2024;23;1.0;297;56;295;56;2;50
TE104;24.01.2024;0;1.0;155;61;149;61;6;62
TE104;24.01.2024;1;1.0;104;64;97;64;7;63
TE104;24.01.2024;2;1.0;83;60;81;60;2;66
TE104;24.01.2024;3;1.0;86;59;85;59;1;49
TE104;24.01.2024;4;1.0;180;57;173;58;7;56
TE104;24.01.2024;5;1.0;693;52;676;52;17;53
TE104;24.01.2024;6;1.0;985;51;934;51;51;50
TE104;24.01.2024;7;1.0;1249;47;1183;47;66;47
TE104;24.01.2024;8;1.0;1128;48;1088;48;40;48
TE104;24.01.2024;9;1.0;1300;50;1241;50;59;50
TE104;24.01.2024;10;1.0;1206;52;1164;52;42;51
TE104;24.01.2024;11;1.0;1410;52;1276;52;134;53
TE104;24.01.2024;12;1.0;1386;53;1275;53;111;53
TE104;24.01.2024;13;1.0;1537;47;1453;47;84;47
TE104;24.01.2024;14;1.0;1832;45;1769;45;63;45
TE104;24.01.2024;15;1.0;1895;46;1856;46;39;46
TE104;24.01.2024;16;1.0;1780;47;1743;47;37;47
TE104;24.01.2024;17;1.0;1729;48;1712;48;17;46
TE104;24.01.2024;18;1.0;1394;48;1373;48;21;47
TE104;24.01.2024;19;1.0;1029;51;1012;51;17;49
TE104;24.01.2024;20;1.0;769;51;757;51;12;51
TE104;24.01.2024;21;1.0;717;52;710;52;7;52
TE104;24.01.2024;22;1.0;619;53;615;53;4;51
TE104;24.01.2024;23;1.0;338;57;330;58;8;57
TE104;25.01.2024;0;1.0;214;57;202;57;12;57
TE104;25.01.2024;1;1.0;122;58;113;58;9;57
TE104;25.01.2024;2;1.0;102;62;98;62;4;62
TE104;25.01.2024;3;1.0;79;58;74;58;5;59
TE104;25.01.2024;4;1.0;164;59;154;59;10;58
TE104;25.01.2024;5;1.0;669;56;661;56;8;57
TE104;25.01.2024;6;1.0;907;53;884;53;23;52
TE104;25.01.2024;7;1.0;1304;47;1270;47;34;47
TE104;25.01.2024;8;1.0;1268;49;1228;49;40;48
TE104;25.01.2024;9;1.0;1233;49;1195;49;38;47
TE104;25.01.2024;10;1.0;1179;49;1150;49;29;49
TE104;25.01.2024;11;1.0;1143;49;1120;49;23;47
TE104;25.01.2024;12;1.0;1268;49;1226;49;42;48
TE104;25.01.2024;13;1.0;1530;47;1497;47;33;45
TE104;25.01.2024;14;1.0;1808;41;1770;41;38;37
TE104;25.01.2024;15;1.0;1965;41;1934;41;31;41
TE104;25.01.2024;16;1.0;1910;44;1890;44;20;41
TE104;25.01.2024;17;1.0;1693;48;1682;48;11;47
TE104;25.01.2024;18;1.0;1445;49;1434;49;11;49
TE104;25.01.2024;19;1.0;1104;52;1094;52;10;50
TE104;25.01.2024;20;1.0;832;53;818;53;14;51
TE104;25.01.2024;21;1.0;750;50;743;50;7;49
TE104;25.01.2024;22;1.0;629;50;624;50;5;48
TE104;25.01.2024;23;1.0;374;52;371;52;3;49
TE104;26.01.2024;0;1.0;234;54;224;54;10;52
TE104;26.01.2024;1;1.0;113;56;104;56;9;52
TE104;26.01.2024;2;1.0;108;52;105;52;3;52
TE104;26.01.2024;3;1.0;91;53;89;53;2;52
TE104;26.01.2024;4;1.0;141;53;129;53;12;50
TE104;26.01.2024;5;1.0;655;52;644;52;11;53
TE104;26.01.2024;6;1.0;903;53;863;53;40;51
TE104;26.01.2024;7;1.0;1272;46;1219;46;53;45
TE104;26.01.2024;8;1.0;1165;50;1129;50;36;49
TE104;26.01.2024;9;1.0;1291;53;1259;53;32;51
TE104;26.01.2024;10;1.0;1237;53;1190;53;47;52
TE104;26.01.2024;11;1.0;1339;52;1306;52;33;51
TE104;26.01.2024;12;1.0;1532;46;1509;47;22;41
TE104;26.01.2024;13;1.0;1630;49;1613;49;17;47
TE104;26.01.2024;14;1.0;1836;45;1813;45;23;43
TE104;26.01.2024;15;1.0;1735;50;1730;50;5;48
TE104;26.01.2024;16;1.0;1600;48;1589;48;11;47
TE104;26.01.2024;17;1.0;1472;47;1457;47;15;46
TE104;26.01.2024;18;1.0;1359;50;1349;50;10;49
TE104;26.01.2024;19;1.0;1101;50;1090;50;11;50
TE104;26.01.2024;20;1.0;832;51;822;51;10;49
TE104;26.01.2024;21;1.0;774;51;770;51;4;50
TE104;26.01.2024;22;1.0;666;51;660;51;6;50
TE104;26.01.2024;23;1.0;542;53;538;53;4;50
TE104;27.01.2024;0;1.0;337;56;331;56;6;54
TE104;27.01.2024;1;1.0;216;56;208;56;8;56
TE104;27.01.2024;2;1.0;161;57;159;57;2;56
TE104;27.01.2024;3;1.0;124;59;123;59;1;59
TE104;27.01.2024;4;1.0;150;58;148;58;2;57
TE104;27.01.2024;5;1.0;252;55;250;55;2;54
TE104;27.01.2024;6;1.0;272;56;270;56;2;60
TE104;27.01.2024;7;1.0;327;54;320;54;7;54
TE104;27.01.2024;8;1.0;561;55;548;55;13;54
TE104;27.01.2024;9;1.0;855;54;846;55;9;53
TE104;27.01.2024;10;1.0;1083;54;1070;54;13;53
TE104;27.01.2024;11;1.0;1320;52;1306;52;14;49
TE104;27.01.2024;12;1.0;1450;50;1439;50;11;49
TE104;27.01.2024;13;1.0;1644;48;1629;48;15;47
TE104;27.01.2024;14;1.0;1591;49;1575;49;16;49
TE104;27.01.2024;15;1.0;1451;48;1436;48;15;47
TE104;27.01.2024;16;1.0;1381;47;1363;47;18;45
TE104;27.01.2024;17;1.0;1235;46;1221;46;14;43
TE104;27.01.2024;18;1.0;1189;47;1177;47;12;46
TE104;27.01.2024;19;1.0;1067;39;1058;39;9;39
TE104;27.01.2024;20;1.0;808;47;797;47;11;42
TE104;27.01.2024;21;1.0;690;48;687;48;3;41
TE104;27.01.2024;22;1.0;669;46;662;46;7;44
TE104;27.01.2024;23;1.0;545;46;540;46;5;50
TE104;28.01.2024;0;1.0;418;50;413;50;5;47
TE104;28.01.2024;1;1.0;316;54;310;55;6;51
TE104;28.01.2024;2;1.0;206;53;206;53;0;-1
TE104;28.01.2024;3;1.0;160;57;159;57;1;50
TE104;28.01.2024;4;1.0;142;53;142;53;0;-1
TE104;28.01.2024;5;1.0;166;52;166;52;0;-1
TE104;28.01.2024;6;1.0;156;54;156;54;0;-1
TE104;28.01.2024;7;1.0;168;51;166;51;2;54
TE104;28.01.2024;8;1.0;306;53;306;53;0;-1
TE104;28.01.2024;9;1.0;469;55;465;55;4;53
TE104;28.01.2024;10;1.0;694;54;687;54;7;51
TE104;28.01.2024;11;1.0;850;55;841;55;9;54
TE104;28.01.2024;12;1.0;1272;50;1262;50;9;55
TE104;28.01.2024;13;1.0;1415;54;1400;54;15;54
TE104;28.01.2024;14;1.0;1436;50;1416;50;20;49
TE104;28.01.2024;15;1.0;1335;45;1310;45;25;49
TE104;28.01.2024;16;1.0;1085;39;1075;39;10;40
TE104;28.01.2024;17;1.0;1067;43;1057;42;10;39
TE104;28.01.2024;18;1.0;1016;48;1002;48;14;47
TE104;28.01.2024;19;1.0;801;44;793;44;8;40
TE104;28.01.2024;20;1.0;624;51;610;51;14;48
TE104;28.01.2024;21;1.0;594;53;587;53;7;49
TE104;28.01.2024;22;1.0;393;52;392;52;1;50
TE104;28.01.2024;23;1.0;284;52;281;52;3;53
TE104;29.01.2024;0;1.0;175;53;170;53;5;48
TE104;29.01.2024;1;1.0;119;56;112;56;7;45
TE104;29.01.2024;2;1.0;79;53;77;53;2;48
TE104;29.01.2024;3;1.0;104;54;97;54;7;51
TE104;29.01.2024;4;1.0;174;55;173;55;1;53
TE104;29.01.2024;5;1.0;664;49;647;49;17;49
TE104;29.01.2024;6;1.0;935;48;893;48;42;47
TE104;29.01.2024;7;1.0;1299;46;1262;46;37;45
TE104;29.01.2024;8;1.0;1242;48;1191;48;51;46
TE104;29.01.2024;9;1.0;1227;50;1113;51;114;49
TE104;29.01.2024;10;1.0;1281;51;1182;51;99;50
TE104;29.01.2024;11;1.0;1322;42;1230;42;93;41
TE104;29.01.2024;12;1.0;1359;51;1269;51;90;50
TE104;29.01.2024;13;1.0;1466;46;1392;46;74;46
TE104;29.01.2024;14;1.0;1779;40;1679;40;100;42
TE104;29.01.2024;15;1.0;1692;44;1615;44;77;42
TE104;29.01.2024;16;1.0;1825;42;1781;42;44;42
TE104;29.01.2024;17;1.0;1724;40;1686;40;38;40
TE104;29.01.2024;18;1.0;1458;43;1425;43;33;43
TE104;29.01.2024;19;1.0;977;40;968;40;9;40
TE104;29.01.2024;20;1.0;763;45;750;45;13;45
TE104;29.01.2024;21;1.0;683;42;674;42;9;37
TE104;29.01.2024;22;1.0;577;42;574;42;3;51
TE104;29.01.2024;23;1.0;319;53;315;53;4;50
TE104;30.01.2024;0;1.0;185;54;177;54;8;52
TE104;30.01.2024;1;1.0;100;57;93;57;7;55
TE104;30.01.2024;2;1.0;68;54;66;54;2;54
TE104;30.01.2024;3;1.0;89;53;84;53;5;52
TE104;30.01.2024;4;1.0;171;54;166;54;5;53
TE104;30.01.2024;5;1.0;664;53;651;53;13;53
TE104;30.01.2024;6;1.0;984;50;960;51;24;47
TE104;30.01.2024;7;1.0;1325;47;1268;47;57;45
TE104;30.01.2024;8;1.0;1302;49;1239;49;63;48
TE104;30.01.2024;9;1.0;1230;49;1174;49;56;49
TE104;30.01.2024;10;1.0;1267;49;1169;50;98;49
TE104;30.01.2024;11;1.0;1304;50;1236;50;68;49
TE104;30.01.2024;12;1.0;1371;50;1297;50;74;49
TE104;30.01.2024;13;1.0;1532;47;1453;47;79;46
TE104;30.01.2024;14;1.0;1850;40;1780;40;70;40
TE104;30.01.2024;15;1.0;1842;46;1797;46;45;42
TE104;30.01.2024;16;1.0;1790;44;1773;44;17;40
TE104;30.01.2024;17;1.0;1742;43;1715;43;27;44
TE104;30.01.2024;18;1.0;1466;47;1445;47;21;45
TE104;30.01.2024;19;1.0;1006;51;994;51;12;47
TE104;30.01.2024;20;1.0;788;52;775;52;13;51
TE104;30.01.2024;21;1.0;733;52;726;52;7;50
TE104;30.01.2024;22;1.0;552;53;549;53;3;53
TE104;30.01.2024;23;1.0;316;57;311;57;5;56
TE104;31.01.2024;0;1.0;184;57;174;57;10;54
TE104;31.01.2024;1;1.0;113;61;105;61;8;62
TE104;31.01.2024;2;1.0;71;59;67;59;4;62
TE104;31.01.2024;3;1.0;96;57;89;57;7;56
TE104;31.01.2024;4;1.0;182;59;171;60;11;60
TE104;31.01.2024;5;1.0;648;57;640;57;8;58
TE104;31.01.2024;6;1.0;933;50;905;50;28;48
TE104;31.01.2024;7;1.0;1303;51;1285;51;18;48
TE104;31.01.2024;8;1.0;1274;49;1227;49;47;48
TE104;31.01.2024;9;1.0;1259;49;1201;49;58;48
TE104;31.01.2024;11;1.0;1243;40;1177;40;66;38
TE104;31.01.2024;12;1.0;1310;46;1242;46;68;46
TE104;31.01.2024;13;1.0;1498;46;1449;46;49;47
TE104;31.01.2024;14;1.0;1805;43;1721;43;84;41
TE104;31.01.2024;15;1.0;1829;47;1789;47;40;47
TE104;31.01.2024;16;1.0;1817;47;1792;47;25;47
TE104;31.01.2024;17;1.0;1661;47;1643;47;18;47
TE104;31.01.2024;18;1.0;1657;46;1643;46;14;47
TE104;31.01.2024;19;1.0;1390;47;1380;47;10;47
TE104;31.01.2024;20;1.0;774;51;765;51;9;49
TE104;31.01.2024;21;1.0;689;51;688;51;1;48
TE104;31.01.2024;22;1.0;605;52;600;52;5;49
TE104;31.01.2024;23;1.0;369;56;364;56;5;52
TE105;01.01.2024;0;1.0;235;55;233;55;2;54
TE105;01.01.2024;1;1.0;573;55;572;55;1;63
TE105;01.01.2024;2;1.0;594;52;592;52;2;52
TE105;01.01.2024;3;1.0;407;52;406;52;1;57
TE105;01.01.2024;4;1.0;299;54;296;54;3;55
TE105;01.01.2024;5;1.0;236;54;236;54;0;-1
TE105;01.01.2024;6;1.0;186;57;178;57;8;54
TE105;01.01.2024;7;1.0;131;58;130;58;1;54
TE105;01.01.2024;8;1.0;137;57;137;57;0;-1
TE105;01.01.2024;9;1.0;184;56;179;56;5;55
TE105;01.01.2024;10;1.0;281;54;276;54;5;54
TE105;01.01.2024;11;1.0;398;54;394;54;4;52
TE105;01.01.2024;12;1.0;523;54;520;54;3;53
TE105;01.01.2024;13;1.0;686;53;682;53;4;53
TE105;01.01.2024;14;1.0;744;50;741;50;3;48
TE105;01.01.2024;15;1.0;782;51;774;51;8;51
TE105;01.01.2024;16;1.0;790;50;785;50;5;51
TE105;01.01.2024;17;1.0;750;48;746;48;4;48
TE105;01.01.2024;18;1.0;653;53;649;53;4;56
TE105;01.01.2024;19;1.0;498;52;496;52;2;53
TE105;01.01.2024;20;1.0;478;55;477;55;1;54
TE105;01.01.2024;21;1.0;395;61;390;61;5;62
TE105;01.01.2024;22;1.0;275;60;269;60;6;61
TE105;01.01.2024;23;1.0;207;58;205;58;2;63
TE105;02.01.2024;0;1.0;147;59;146;59;1;59
TE105;02.01.2024;1;1.0;88;56;86;56;2;55
TE105;02.01.2024;2;1.0;77;54;74;54;3;52
TE105;02.01.2024;3;1.0;97;50;93;50;4;49
TE105;02.01.2024;4;1.0;240;43;226;43;14;47
TE105;02.01.2024;5;1.0;920;44;907;44;13;46
TE105;02.01.2024;6;1.0;1124;49;1101;49;23;49
TE105;02.01.2024;7;1.0;1167;48;1128;48;39;47
TE105;02.01.2024;8;1.0;1046;52;1030;52;16;53
TE105;02.01.2024;9;1.0;982;53;961;53;21;55
TE105;02.01.2024;10;1.0;980;50;949;51;31;51
TE105;02.01.2024;11;1.0;1155;47;1128;47;27;47
TE105;02.01.2024;12;1.0;1220;45;1202;45;18;46
TE105;02.01.2024;13;1.0;1219;46;1200;46;19;46
TE105;02.01.2024;14;1.0;1299;45;1291;45;8;47
TE105;02.01.2024;15;1.0;1295;47;1280;47;15;47
TE105;02.01.2024;16;1.0;1271;44;1263;44;8;48
TE105;02.01.2024;17;1.0;1179;47;1175;47;4;45
TE105;02.01.2024;18;1.0;920;46;916;46;4;46
TE105;02.01.2024;19;1.0;768;50;760;50;8;48
TE105;02.01.2024;20;1.0;669;54;665;54;4;50
TE105;02.01.2024;21;1.0;485;57;482;57;3;58
TE105;02.01.2024;22;1.0;377;57;374;57;3;56
TE105;02.01.2024;23;1.0;264;53;263;53;1;51
TE105;03.01.2024;0;1.0;169;54;169;54;0;-1
TE105;03.01.2024;1;1.0;104;57;100;57;4;58
TE105;03.01.2024;2;1.0;81;58;78;57;3;61
TE105;03.01.2024;3;1.0;109;56;103;56;6;57
TE105;03.01.2024;4;1.0;263;55;245;55;18;56
TE105;03.01.2024;5;1.0;973;50;956;50;17;51
TE105;03.01.2024;6;1.0;1239;48;1217;48;22;48
TE105;03.01.2024;7;1.0;1277;48;1238;48;39;49
TE105;03.01.2024;8;1.0;1231;50;1198;50;33;49
TE105;03.01.2024;9;1.0;1132;49;1091;49;41;49
TE105;03.01.2024;10;1.0;1135;45;1072;45;63;47
TE105;03.01.2024;11;1.0;1159;43;1109;43;50;45
TE105;03.01.2024;12;1.0;1216;46;1181;46;35;48
TE105;03.01.2024;13;1.0;1426;43;1389;43;37;43
TE105;03.01.2024;14;1.0;1430;41;1404;41;26;45
TE105;03.01.2024;15;1.0;1421;40;1403;40;19;38
TE105;03.01.2024;16;1.0;1320;47;1305;47;15;46
TE105;03.01.2024;17;1.0;1262;48;1253;48;9;47
TE105;03.01.2024;18;1.0;990;46;979;46;11;48
TE105;03.01.2024;19;1.0;863;44;852;44;11;45
TE105;03.01.2024;20;1.0;624;41;612;41;12;42
TE105;03.01.2024;21;1.0;536;39;531;39;5;47
TE105;03.01.2024;22;1.0;395;40;392;40;3;43
TE105;03.01.2024;23;1.0;284;47;281;47;3;51
TE105;04.01.2024;0;1.0;156;52;152;52;4;55
TE105;04.01.2024;1;1.0;100;52;99;52;1;59
TE105;04.01.2024;2;1.0;93;52;63;49;29;61
TE105;04.01.2024;3;1.0;99;47;96;46;3;58
TE105;04.01.2024;4;1.0;261;53;249;53;12;56
TE105;04.01.2024;5;1.0;976;51;967;51;9;55
TE105;04.01.2024;6;1.0;1274;53;1236;53;38;52
TE105;04.01.2024;7;1.0;1323;49;1300;49;23;50
TE105;04.01.2024;8;1.0;1279;45;1165;45;114;51
TE105;04.01.2024;9;1.0;1168;42;1006;41;162;48
TE105;04.01.2024;10;1.0;1147;38;1071;37;76;39
TE105;04.01.2024;11;1.0;1254;43;1206;43;48;47
TE105;04.01.2024;12;1.0;1272;46;1212;46;60;48
TE105;04.01.2024;13;1.0;1520;46;1301;43;219;56
TE105;04.01.2024;14;1.0;1486;42;1437;42;49;48
TE105;04.01.2024;15;1.0;1547;43;1517;43;30;46
TE105;04.01.2024;16;1.0;1457;41;1423;41;34;43
TE105;04.01.2024;17;1.0;1323;47;1298;47;25;49
TE105;04.01.2024;18;1.0;1087;47;1075;47;12;48
TE105;04.01.2024;19;1.0;815;48;803;48;12;47
TE105;04.01.2024;20;1.0;623;47;613;47;10;48
TE105;04.01.2024;21;1.0;558;47;549;47;9;50
TE105;04.01.2024;22;1.0;421;50;414;50;7;51
TE105;04.01.2024;23;1.0;260;44;253;44;7;54
TE105;05.01.2024;0;1.0;154;49;148;49;6;58
TE105;05.01.2024;1;1.0;104;51;97;51;7;58
TE105;05.01.2024;2;1.0;100;51;94;50;6;57
TE105;05.01.2024;3;1.0;110;58;102;58;8;62
TE105;05.01.2024;4;1.0;246;49;225;49;21;57
TE105;05.01.2024;5;1.0;924;39;903;39;21;44
TE105;05.01.2024;6;1.0;1254;45;1201;45;53;52
TE105;05.01.2024;7;1.0;1186;44;1140;44;46;47
TE105;05.01.2024;8;1.0;1064;53;1044;53;20;52
TE105;05.01.2024;9;1.0;1149;50;1132;50;17;49
TE105;05.01.2024;10;1.0;1169;53;1110;54;59;54
TE105;05.01.2024;11;1.0;1220;49;1132;48;88;54
TE105;05.01.2024;12;1.0;1314;44;1267;43;47;50
TE105;05.01.2024;13;1.0;1400;44;1343;44;57;48
TE105;05.01.2024;14;1.0;1563;49;1351;45;212;73
TE105;05.01.2024;15;1.0;1368;46;1247;46;121;54
TE105;05.01.2024;16;1.0;1318;48;1295;48;23;51
TE105;05.01.2024;17;1.0;1244;50;1228;50;16;51
TE105;05.01.2024;18;1.0;1060;47;1051;47;9;45
TE105;05.01.2024;19;1.0;893;51;887;51;6;50
TE105;05.01.2024;20;1.0;718;53;710;53;8;55
TE105;05.01.2024;21;1.0;581;56;573;56;8;56
TE105;05.01.2024;22;1.0;412;57;406;57;6;59
TE105;05.01.2024;23;1.0;323;55;319;55;4;58
TE105;06.01.2024;0;1.0;265;60;262;60;3;57
TE105;06.01.2024;1;1.0;178;66;177;66;1;57
TE105;06.01.2024;5;1.0;274;58;257;58;17;63
TE105;06.01.2024;6;1.0;249;56;238;56;11;57
TE105;06.01.2024;7;1.0;333;51;320;51;13;54
TE105;06.01.2024;8;1.0;493;45;478;45;15;51
TE105;06.01.2024;9;1.0;702;47;687;47;15;49
TE105;06.01.2024;10;1.0;942;44;925;44;17;47
TE105;06.01.2024;11;1.0;1114;49;1093;49;21;51
TE105;06.01.2024;12;1.0;1289;45;1269;45;20;48
TE105;06.01.2024;13;1.0;1366;41;1349;41;16;48
TE105;06.01.2024;14;1.0;1443;45;1434;45;9;49
TE105;06.01.2024;15;1.0;1417;46;1407;46;10;48
TE105;06.01.2024;16;1.0;1304;52;1146;49;158;74
TE105;06.01.2024;17;1.0;1336;47;1323;47;13;57
TE105;06.01.2024;18;1.0;1098;50;1085;50;13;50
TE105;06.01.2024;19;1.0;917;51;911;51;6;47
TE105;06.01.2024;20;1.0;748;51;739;51;9;52
TE105;06.01.2024;21;1.0;662;47;655;47;8;46
TE105;06.01.2024;22;1.0;538;54;534;54;4;54
TE105;06.01.2024;23;1.0;426;56;420;56;6;57
TE105;07.01.2024;0;1.0;314;52;312;52;2;49
TE105;07.01.2024;1;1.0;221;48;221;48;0;-1
TE105;07.01.2024;2;1.0;166;49;165;49;1;48
TE105;07.01.2024;3;1.0;133;52;129;52;4;54
TE105;07.01.2024;4;1.0;113;56;108;56;5;56
TE105;07.01.2024;5;1.0;204;56;193;56;11;56
TE105;07.01.2024;6;1.0;177;56;157;56;20;50
TE105;07.01.2024;7;1.0;219;61;216;60;3;62
TE105;07.01.2024;8;1.0;282;56;279;56;3;55
TE105;07.01.2024;9;1.0;486;60;476;60;10;62
TE105;07.01.2024;10;1.0;673;56;661;56;12;58
TE105;07.01.2024;11;1.0;792;52;785;52;7;53
TE105;07.01.2024;12;1.0;829;48;821;48;8;49
TE105;07.01.2024;13;1.0;926;50;922;50;4;55
TE105;07.01.2024;14;1.0;1013;50;1004;50;9;53
TE105;07.01.2024;15;1.0;1018;56;1011;56;7;52
TE105;07.01.2024;16;1.0;951;59;940;59;11;59
TE105;07.01.2024;17;1.0;948;55;940;55;8;55
TE105;07.01.2024;18;1.0;832;57;803;57;29;58
TE105;07.01.2024;19;1.0;732;59;719;59;13;60
TE105;07.01.2024;20;1.0;591;57;586;57;5;56
TE105;07.01.2024;21;1.0;522;48;508;48;14;51
TE105;07.01.2024;22;1.0;291;51;273;51;18;51
TE105;07.01.2024;23;1.0;211;51;206;51;5;51
TE105;08.01.2024;0;1.0;137;54;133;54;4;54
TE105;08.01.2024;1;1.0;95;56;88;56;7;56
TE105;08.01.2024;2;1.0;82;56;76;56;6;52
TE105;08.01.2024;3;1.0;113;53;106;53;7;52
TE105;08.01.2024;4;1.0;269;54;241;54;28;54
TE105;08.01.2024;5;1.0;1263;48;1212;48;51;49
TE105;08.01.2024;6;1.0;1628;43;1568;43;60;43
TE105;08.01.2024;7;1.0;1532;44;1487;44;45;47
TE105;08.01.2024;8;1.0;1500;44;1447;44;53;45
TE105;08.01.2024;9;1.0;1224;47;1175;47;49;49
TE105;08.01.2024;10;1.0;1097;47;1064;47;33;49
TE105;08.01.2024;11;1.0;1124;46;1085;46;39;48
TE105;08.01.2024;12;1.0;1185;47;1144;47;41;50
TE105;08.01.2024;13;1.0;1275;44;1230;44;45;46
TE105;08.01.2024;14;1.0;1495;39;1427;39;68;38
TE105;08.01.2024;15;1.0;1489;44;1459;44;30;47
TE105;08.01.2024;16;1.0;814;36;795;35;19;45
TE105;08.01.2024;17;1.0;368;5;357;4;11;9
TE105;08.01.2024;18;1.0;416;6;411;6;5;8
TE105;08.01.2024;19;1.0;530;24;520;24;10;14
TE105;08.01.2024;20;1.0;643;51;634;51;9;54
TE105;08.01.2024;21;1.0;578;50;571;50;7;48
TE105;08.01.2024;22;1.0;403;51;385;51;18;55
TE105;08.01.2024;23;1.0;286;52;279;52;7;54
TE105;09.01.2024;0;1.0;143;57;134;57;9;58
TE105;09.01.2024;1;1.0;99;57;88;56;11;57
TE105;09.01.2024;2;1.0;94;55;86;56;8;56
TE105;09.01.2024;3;1.0;94;59;79;58;15;59
TE105;09.01.2024;4;1.0;1098;8;1057;8;41;20
TE105;09.01.2024;5;1.0;782;37;752;37;30;22
TE105;09.01.2024;6;1.0;1270;29;1217;29;53;17
TE105;09.01.2024;7;1.0;1339;27;1162;27;177;30
TE105;09.01.2024;8;1.0;1416;12;1342;12;74;13
TE105;09.01.2024;9;1.0;672;19;644;20;27;11
TE105;09.01.2024;10;1.0;1102;44;853;42;249;55
TE105;09.01.2024;11;1.0;1304;44;959;37;345;66
TE105;09.01.2024;12;1.0;1464;56;817;46;647;69
TE105;09.01.2024;14;1.0;1669;43;1543;42;126;55
TE105;09.01.2024;15;1.0;1497;44;1449;43;48;46
TE105;09.01.2024;16;1.0;1539;43;1509;43;30;46
TE105;09.01.2024;17;1.0;1335;45;1308;45;27;46
TE105;09.01.2024;18;1.0;1081;45;1067;45;14;46
TE105;09.01.2024;19;1.0;853;47;847;47;6;50
TE105;09.01.2024;20;1.0;651;49;639;49;12;53
TE105;09.01.2024;21;1.0;587;50;580;50;7;51
TE105;09.01.2024;22;1.0;450;53;443;53;7;52
TE105;09.01.2024;23;1.0;298;53;294;54;4;54
TE105;10.01.2024;0;1.0;150;59;145;59;5;54
TE105;10.01.2024;1;1.0;92;53;89;54;3;52
TE105;10.01.2024;2;1.0;80;57;76;57;4;61
TE105;10.01.2024;3;1.0;99;58;93;58;6;57
TE105;10.01.2024;4;1.0;287;57;263;57;24;59
TE105;10.01.2024;5;1.0;1322;50;1303;50;19;52
TE105;10.01.2024;6;1.0;1725;40;1664;40;61;39
TE105;10.01.2024;7;1.0;1605;18;1558;17;47;22
TE105;10.01.2024;8;1.0;1492;12;1448;12;44;14
TE105;10.01.2024;9;1.0;1364;40;1318;40;46;45
TE105;10.01.2024;10;1.0;1139;38;1092;38;47;44
TE105;10.01.2024;11;1.0;1278;47;1231;47;47;47
TE105;10.01.2024;12;1.0;1335;42;1273;42;62;48
TE105;10.01.2024;13;1.0;1499;41;1424;41;75;45
TE105;10.01.2024;14;1.0;1437;22;1344;20;93;30
TE105;10.01.2024;15;1.0;1546;41;1505;41;41;45
TE105;10.01.2024;16;1.0;1537;41;1508;41;29;44
TE105;10.01.2024;17;1.0;1365;46;1335;46;30;48
TE105;10.01.2024;18;1.0;1195;47;1170;47;25;48
TE105;10.01.2024;19;1.0;851;48;834;48;17;48
TE105;10.01.2024;20;1.0;751;43;743;43;8;45
TE105;10.01.2024;21;1.0;698;51;689;51;9;53
TE105;10.01.2024;22;1.0;560;52;554;52;6;53
TE105;10.01.2024;23;1.0;305;53;298;53;7;54
TE105;11.01.2024;0;1.0;170;57;165;57;5;56
TE105;11.01.2024;1;1.0;94;59;86;59;8;59
TE105;11.01.2024;2;1.0;81;55;73;55;8;57
TE105;11.01.2024;3;1.0;110;54;103;54;7;58
TE105;11.01.2024;4;1.0;325;56;317;56;8;62
TE105;11.01.2024;5;1.0;1227;38;1223;38;4;46
TE105;11.01.2024;6;1.0;1629;32;1622;31;7;40
TE105;11.01.2024;7;1.0;1552;17;1463;17;89;14
TE105;11.01.2024;8;1.0;1496;11;1476;11;19;13
TE105;11.01.2024;9;1.0;1367;33;1354;33;13;35
TE105;11.01.2024;10;1.0;1204;36;1190;36;14;43
TE105;11.01.2024;11;1.0;1324;36;1296;36;28;38
TE105;11.01.2024;12;1.0;1342;39;1331;39;11;36
TE105;11.01.2024;13;1.0;1463;34;1455;34;8;31
TE105;11.01.2024;14;1.0;1587;35;1563;35;24;36
TE105;11.01.2024;15;1.0;1507;42;1494;42;13;43
TE105;11.01.2024;16;1.0;1464;44;1455;44;9;40
TE105;11.01.2024;17;1.0;1312;45;1304;45;8;45
TE105;11.01.2024;18;1.0;1230;45;1224;45;6;41
TE105;11.01.2024;19;1.0;860;50;852;50;8;49
TE105;11.01.2024;20;1.0;653;52;646;53;7;51
TE105;11.01.2024;21;1.0;540;53;537;53;3;56
TE105;11.01.2024;22;1.0;475;57;468;57;7;58
TE105;11.01.2024;23;1.0;317;59;314;59;3;60
TE105;12.01.2024;0;1.0;152;60;149;60;3;63
TE105;12.01.2024;1;1.0;101;61;98;61;3;60
TE105;12.01.2024;2;1.0;105;65;102;65;3;63
TE105;12.01.2024;3;1.0;131;67;123;66;8;73
TE105;12.01.2024;4;1.0;312;65;305;66;7;64
TE105;12.01.2024;5;1.0;1108;54;1098;54;10;55
TE105;12.01.2024;6;1.0;1517;43;1506;43;11;42
TE105;12.01.2024;7;1.0;1450;33;1427;33;23;31
TE105;12.01.2024;8;1.0;1424;31;1405;32;19;25
TE105;12.01.2024;9;1.0;1203;44;1185;44;18;43
TE105;12.01.2024;10;1.0;1231;43;1212;43;19;49
TE105;12.01.2024;11;1.0;1182;46;1170;46;12;48
TE105;12.01.2024;12;1.0;1371;44;1353;44;18;47
TE105;12.01.2024;13;1.0;1520;40;1497;40;23;41
TE105;12.01.2024;14;1.0;1601;32;1573;32;28;31
TE105;12.01.2024;15;1.0;1455;45;1442;45;13;46
TE105;12.01.2024;16;1.0;1410;43;1392;43;18;43
TE105;12.01.2024;17;1.0;1425;46;1417;46;8;49
TE105;12.01.2024;18;1.0;1185;47;1175;47;10;46
TE105;12.01.2024;19;1.0;953;48;946;48;7;48
TE105;12.01.2024;20;1.0;732;51;725;51;7;50
TE105;12.01.2024;21;1.0;643;54;640;54;3;55
TE105;12.01.2024;22;1.0;551;55;546;55;5;59
TE105;12.01.2024;23;1.0;376;57;369;57;7;62
TE105;13.01.2024;0;1.0;267;61;265;61;2;62
TE105;13.01.2024;1;1.0;182;66;177;66;5;68
TE105;13.01.2024;2;1.0;107;63;105;63;2;66
TE105;13.01.2024;3;1.0;104;62;103;62;1;69
TE105;13.01.2024;4;1.0;149;60;146;60;3;62
TE105;13.01.2024;5;1.0;302;59;296;59;6;59
TE105;13.01.2024;6;1.0;263;61;261;61;2;56
TE105;13.01.2024;7;1.0;344;62;341;62;3;64
TE105;13.01.2024;8;1.0;547;61;544;60;3;64
TE105;13.01.2024;9;1.0;802;56;798;56;4;57
TE105;13.01.2024;10;1.0;1017;49;1014;49;3;45
TE105;13.01.2024;11;1.0;1193;46;1186;46;7;43
TE105;13.01.2024;12;1.0;1360;45;1350;45;10;44
TE105;13.01.2024;13;1.0;1474;44;1462;44;12;44
TE105;13.01.2024;14;1.0;1521;42;1510;42;11;39
TE105;13.01.2024;15;1.0;1430;44;1422;44;8;46
TE105;13.01.2024;16;1.0;1309;42;1304;42;5;42
TE105;13.01.2024;17;1.0;1269;43;1263;43;6;41
TE105;13.01.2024;18;1.0;1179;49;1173;49;6;51
TE105;13.01.2024;19;1.0;945;51;937;51;8;52
TE105;13.01.2024;20;1.0;775;54;768;54;7;52
TE105;13.01.2024;21;1.0;650;54;644;54;6;53
TE105;13.01.2024;22;1.0;566;58;557;58;9;63
TE105;13.01.2024;23;1.0;430;53;427;53;3;55
TE105;14.01.2024;0;1.0;327;59;325;59;2;60
TE105;14.01.2024;1;1.0;225;62;223;62;2;70
TE105;14.01.2024;2;1.0;162;63;161;63;1;68
TE105;14.01.2024;3;1.0;117;64;117;64;0;-1
TE105;14.01.2024;4;1.0;121;59;119;59;2;50
TE105;14.01.2024;5;1.0;197;69;190;69;7;65
TE105;14.01.2024;6;1.0;165;66;157;66;8;64
TE105;14.01.2024;7;1.0;188;64;183;64;5;61
TE105;14.01.2024;8;1.0;322;64;320;64;2;62
TE105;14.01.2024;9;1.0;551;56;543;56;9;56
TE105;14.01.2024;10;1.0;758;56;748;57;10;53
TE105;14.01.2024;11;1.0;793;52;786;52;7;55
TE105;14.01.2024;12;1.0;929;50;920;50;9;53
TE105;14.01.2024;13;1.0;1081;49;1056;49;25;54
TE105;14.01.2024;14;1.0;1068;56;1038;56;30;59
TE105;14.01.2024;15;1.0;1019;55;986;55;33;60
TE105;14.01.2024;16;1.0;1012;54;984;54;28;57
TE105;14.01.2024;17;1.0;984;54;976;54;8;52
TE105;14.01.2024;18;1.0;892;54;865;54;27;57
TE105;14.01.2024;19;1.0;657;54;649;54;8;59
TE105;14.01.2024;20;1.0;635;53;625;53;10;55
TE105;14.01.2024;21;1.0;497;54;494;54;3;54
TE105;14.01.2024;22;1.0;351;54;345;54;6;48
TE105;14.01.2024;23;1.0;196;56;191;56;5;64
TE105;15.01.2024;0;1.0;135;56;135;56;0;-1
TE105;15.01.2024;1;1.0;92;62;89;61;3;72
TE105;15.01.2024;2;1.0;103;54;93;54;10;51
TE105;15.01.2024;3;1.0;121;62;119;62;2;60
TE105;15.01.2024;4;1.0;330;66;304;66;26;69
TE105;15.01.2024;5;1.0;1265;47;1234;47;31;49
TE105;15.01.2024;6;1.0;1606;39;1580;39;26;41
TE105;15.01.2024;7;1.0;1577;29;1555;29;22;30
TE105;15.01.2024;8;1.0;1452;51;1415;51;37;52
TE105;15.01.2024;9;1.0;1215;55;1161;55;54;57
TE105;15.01.2024;10;1.0;1140;54;1076;54;64;59
TE105;15.01.2024;11;1.0;1161;50;1116;50;45;53
TE105;15.01.2024;12;1.0;1208;46;1174;46;34;49
TE105;15.01.2024;13;1.0;1308;48;1267;48;41;50
TE105;15.01.2024;14;1.0;1459;38;1428;38;31;37
TE105;15.01.2024;15;1.0;1324;45;1305;45;19;46
TE105;15.01.2024;16;1.0;1353;46;1326;46;27;48
TE105;15.01.2024;17;1.0;1281;50;1264;50;17;51
TE105;15.01.2024;18;1.0;1024;50;1004;50;20;52
TE105;15.01.2024;19;1.0;774;52;765;52;9;51
TE105;15.01.2024;20;1.0;673;53;661;53;12;55
TE105;15.01.2024;21;1.0;560;54;553;54;7;57
TE105;15.01.2024;22;1.0;433;55;428;55;5;49
TE105;15.01.2024;23;1.0;308;59;305;59;3;53
TE105;16.01.2024;0;1.0;117;59;116;59;1;57
TE105;16.01.2024;1;1.0;84;57;80;57;4;58
TE105;16.01.2024;2;1.0;77;49;70;49;7;49
TE105;16.01.2024;3;1.0;131;58;124;58;7;54
TE105;16.01.2024;4;1.0;307;61;281;61;26;61
TE105;16.01.2024;5;1.0;1031;44;1020;44;11;54
TE105;16.01.2024;6;1.0;1241;15;1208;15;33;13
TE105;16.01.2024;7;1.0;1104;8;1084;8;20;9
TE105;16.01.2024;8;1.0;1242;10;1216;10;26;10
TE105;16.01.2024;9;1.0;1294;17;1262;17;32;15
TE105;16.01.2024;10;1.0;1191;48;1178;48;13;50
TE105;16.01.2024;11;1.0;1187;49;1144;49;43;51
TE105;16.01.2024;12;1.0;1253;47;1229;47;24;48
TE105;16.01.2024;13;1.0;1404;45;1384;45;20;47
TE105;16.01.2024;14;1.0;1480;38;1452;38;29;40
TE105;16.01.2024;15;1.0;1393;48;1372;48;21;49
TE105;16.01.2024;16;1.0;1387;49;1377;49;10;48
TE105;16.01.2024;17;1.0;1206;47;1194;47;12;48
TE105;16.01.2024;18;1.0;1087;49;1077;49;10;47
TE105;16.01.2024;19;1.0;862;51;855;51;7;51
TE105;16.01.2024;20;1.0;656;40;653;40;3;36
TE105;16.01.2024;21;1.0;545;56;539;56;6;56
TE105;16.01.2024;22;1.0;418;55;414;55;4;56
TE105;16.01.2024;23;1.0;305;59;302;59;3;55
TE105;17.01.2024;0;1.0;142;54;138;54;4;52
TE105;17.01.2024;1;1.0;103;53;98;53;5;51
TE105;17.01.2024;2;1.0;75;58;70;58;5;65
TE105;17.01.2024;3;1.0;116;59;111;59;5;62
TE105;17.01.2024;4;1.0;292;55;273;55;19;55
TE105;17.01.2024;5;1.0;1124;49;1089;49;35;50
TE105;17.01.2024;6;1.0;1605;36;1566;36;39;42
TE105;17.01.2024;7;1.0;1495;14;1443;13;52;14
TE105;17.01.2024;8;1.0;1427;19;1379;19;48;24
TE105;17.01.2024;9;1.0;1387;43;1346;43;41;43
TE105;17.01.2024;10;1.0;1175;51;1126;51;49;52
TE105;17.01.2024;11;1.0;1206;49;1153;49;53;50
TE105;17.01.2024;12;1.0;1259;48;1173;48;86;49
TE105;17.01.2024;13;1.0;1421;46;1381;46;40;48
TE105;17.01.2024;14;1.0;1562;44;1537;44;25;45
TE105;17.01.2024;15;1.0;1536;46;1521;46;15;48
TE105;17.01.2024;16;1.0;1493;45;1473;45;20;46
TE105;17.01.2024;17;1.0;1346;48;1334;48;12;49
TE105;17.01.2024;18;1.0;1155;46;1147;46;8;46
TE105;17.01.2024;19;1.0;845;49;836;49;9;48
TE105;17.01.2024;20;1.0;727;51;721;51;6;51
TE105;17.01.2024;21;1.0;584;55;580;55;4;54
TE105;17.01.2024;22;1.0;452;55;446;55;6;56
TE105;17.01.2024;23;1.0;302;59;298;59;4;58
TE105;18.01.2024;0;1.0;142;66;139;66;3;69
TE105;18.01.2024;1;1.0;101;62;97;62;4;59
TE105;18.01.2024;2;1.0;112;65;106;64;6;66
TE105;18.01.2024;3;1.0;149;65;144;65;5;67
TE105;18.01.2024;4;1.0;302;64;283;64;19;66
TE105;18.01.2024;5;1.0;1154;56;1132;56;22;59
TE105;18.01.2024;6;1.0;1588;52;1538;52;50;55
TE105;18.01.2024;7;1.0;1485;28;1445;28;40;36
TE105;18.01.2024;8;1.0;1414;17;1368;17;46;16
TE105;18.01.2024;9;1.0;1303;47;1246;47;57;49
TE105;18.01.2024;10;1.0;1210;47;1141;46;69;49
TE105;18.01.2024;11;1.0;1277;46;1209;46;68;49
TE105;18.01.2024;12;1.0;1330;44;1261;44;69;47
TE105;18.01.2024;13;1.0;1458;38;1389;38;69;33
TE105;18.01.2024;14;1.0;1591;45;1568;45;23;46
TE105;18.01.2024;15;1.0;1601;45;1574;45;27;46
TE105;18.01.2024;16;1.0;1538;42;1522;42;16;41
TE105;18.01.2024;17;1.0;1397;47;1387;47;10;48
TE105;18.01.2024;18;1.0;1187;46;1171;46;16;47
TE105;18.01.2024;19;1.0;891;48;877;48;14;48
TE105;18.01.2024;20;1.0;716;49;709;49;7;51
TE105;18.01.2024;21;1.0;632;51;624;51;8;52
TE105;18.01.2024;22;1.0;446;52;441;52;5;54
TE105;18.01.2024;23;1.0;346;54;339;54;7;53
TE105;19.01.2024;0;1.0;124;58;120;58;4;56
TE105;19.01.2024;1;1.0;102;61;97;61;5;60
TE105;19.01.2024;2;1.0;80;61;76;61;4;61
TE105;19.01.2024;3;1.0;113;62;105;62;8;62
TE105;19.01.2024;4;1.0;289;58;266;58;23;58
TE105;19.01.2024;5;1.0;1065;53;1037;53;28;53
TE105;19.01.2024;6;1.0;1513;46;1479;46;34;49
TE105;19.01.2024;7;1.0;1522;43;1489;43;33;42
TE105;19.01.2024;8;1.0;1491;41;1455;41;36;39
TE105;19.01.2024;9;1.0;1310;46;1279;46;31;48
TE105;19.01.2024;10;1.0;1277;45;1217;45;60;49
TE105;19.01.2024;11;1.0;1369;44;1298;44;71;48
TE105;19.01.2024;12;1.0;1460;43;1364;42;96;45
TE105;19.01.2024;13;1.0;1609;43;1554;43;55;47
TE105;19.01.2024;14;1.0;1638;41;1598;41;40;43
TE105;19.01.2024;15;1.0;1477;47;1447;47;30;47
TE105;19.01.2024;16;1.0;1529;50;1505;50;24;51
TE105;19.01.2024;17;1.0;1319;50;1303;50;16;50
TE105;19.01.2024;18;1.0;1243;49;1231;49;12;48
TE105;19.01.2024;19;1.0;967;49;951;49;16;51
TE105;19.01.2024;20;1.0;760;48;757;48;3;48
TE105;19.01.2024;21;1.0;681;48;674;48;7;47
TE105;19.01.2024;22;1.0;572;52;566;52;6;52
TE105;19.01.2024;23;1.0;471;51;467;51;4;54
TE105;20.01.2024;0;1.0;245;54;237;54;8;52
TE105;20.01.2024;1;1.0;176;53;171;53;5;47
TE105;20.01.2024;2;1.0;130;51;130;51;0;-1
TE105;20.01.2024;3;1.0;128;53;127;53;1;40
TE105;20.01.2024;4;1.0;158;54;153;54;5;61
TE105;20.01.2024;5;1.0;297;50;287;50;10;52
TE105;20.01.2024;6;1.0;317;51;310;51;7;53
TE105;20.01.2024;7;1.0;432;51;424;51;8;56
TE105;20.01.2024;8;1.0;603;55;590;55;13;55
TE105;20.01.2024;9;1.0;849;58;825;58;24;60
TE105;20.01.2024;10;1.0;1064;56;1044;56;20;59
TE105;20.01.2024;11;1.0;1192;51;1168;51;24;52
TE105;20.01.2024;12;1.0;1431;47;1417;47;14;48
TE105;20.01.2024;13;1.0;1580;46;1561;46;19;46
TE105;20.01.2024;14;1.0;1528;49;1513;49;15;50
TE105;20.01.2024;15;1.0;1499;49;1491;49;8;49
TE105;20.01.2024;16;1.0;1369;47;1360;47;9;47
TE105;20.01.2024;17;1.0;1405;45;1395;45;10;44
TE105;20.01.2024;18;1.0;1287;48;1278;48;9;46
TE105;20.01.2024;19;1.0;970;48;962;48;8;49
TE105;20.01.2024;20;1.0;811;49;805;49;6;47
TE105;20.01.2024;21;1.0;675;48;669;48;6;50
TE105;20.01.2024;22;1.0;585;50;583;50;2;50
TE105;20.01.2024;23;1.0;470;46;467;45;3;51
TE105;21.01.2024;0;1.0;370;50;368;50;2;50
TE105;21.01.2024;1;1.0;247;52;244;52;3;53
TE105;21.01.2024;2;1.0;188;52;187;52;1;54
TE105;21.01.2024;3;1.0;126;53;124;53;2;58
TE105;21.01.2024;4;1.0;127;49;125;49;2;53
TE105;21.01.2024;5;1.0;189;58;188;58;1;56
TE105;21.01.2024;6;1.0;219;60;209;60;10;58
TE105;21.01.2024;7;1.0;206;61;202;60;4;64
TE105;21.01.2024;8;1.0;307;59;301;59;6;62
TE105;21.01.2024;9;1.0;652;56;634;56;18;58
TE105;21.01.2024;10;1.0;786;53;773;54;13;52
TE105;21.01.2024;11;1.0;919;54;906;54;13;54
TE105;21.01.2024;12;1.0;976;45;960;44;16;47
TE105;21.01.2024;13;1.0;1095;49;1077;49;18;48
TE105;21.01.2024;14;1.0;1089;52;1081;52;8;52
TE105;21.01.2024;15;1.0;1018;51;1011;51;7;51
TE105;21.01.2024;16;1.0;1284;52;1279;52;5;55
TE105;21.01.2024;17;1.0;1069;48;1064;48;5;50
TE105;21.01.2024;18;1.0;891;55;884;55;7;55
TE105;21.01.2024;19;1.0;674;49;668;49;6;48
TE105;21.01.2024;20;1.0;608;45;605;45;3;42
TE105;21.01.2024;21;1.0;485;38;484;38;1;55
TE105;21.01.2024;22;1.0;330;44;325;44;5;37
TE105;21.01.2024;23;1.0;205;49;201;49;4;54
TE105;22.01.2024;0;1.0;122;49;119;49;3;59
TE105;22.01.2024;1;1.0;104;48;98;48;6;59
TE105;22.01.2024;2;1.0;78;43;74;42;4;51
TE105;22.01.2024;3;1.0;110;48;105;48;5;59
TE105;22.01.2024;4;1.0;298;45;284;45;14;59
TE105;22.01.2024;5;1.0;1196;40;1173;40;23;47
TE105;22.01.2024;6;1.0;1595;33;1539;33;56;44
TE105;22.01.2024;7;1.0;1543;24;1456;23;87;43
TE105;22.01.2024;8;1.0;1514;21;1445;21;69;39
TE105;22.01.2024;9;1.0;1318;44;1269;44;49;49
TE105;22.01.2024;10;1.0;1215;51;1188;51;27;52
TE105;22.01.2024;11;1.0;1225;37;1173;36;52;44
TE105;22.01.2024;12;1.0;1247;32;1185;31;62;45
TE105;22.01.2024;13;1.0;1494;29;1429;29;65;45
TE105;22.01.2024;14;1.0;1628;26;1583;25;45;45
TE105;22.01.2024;15;1.0;1475;27;1460;27;15;45
TE105;22.01.2024;16;1.0;1537;40;1515;40;22;48
TE105;22.01.2024;17;1.0;1293;46;1287;46;6;45
TE105;22.01.2024;18;1.0;1114;50;1103;50;11;48
TE105;22.01.2024;19;1.0;817;46;810;46;7;45
TE105;22.01.2024;20;1.0;626;44;618;44;8;46
TE105;22.01.2024;21;1.0;546;52;542;52;4;52
TE105;22.01.2024;22;1.0;416;46;414;46;2;50
TE105;22.01.2024;23;1.0;285;43;282;43;3;44
TE105;23.01.2024;0;1.0;132;46;130;46;2;52
TE105;23.01.2024;1;1.0;84;51;81;51;3;54
TE105;23.01.2024;2;1.0;70;54;66;54;4;56
TE105;23.01.2024;3;1.0;112;58;109;58;3;56
TE105;23.01.2024;4;1.0;294;56;275;56;19;56
TE105;23.01.2024;5;1.0;1191;53;1171;53;20;55
TE105;23.01.2024;6;1.0;1637;37;1599;37;38;34
TE105;23.01.2024;7;1.0;1516;30;1455;30;61;34
TE105;23.01.2024;8;1.0;1370;13;1323;13;47;12
TE105;23.01.2024;9;1.0;1508;38;1381;39;127;40
TE105;23.01.2024;10;1.0;1245;33;1206;32;39;43
TE105;23.01.2024;11;1.0;1346;41;1273;41;73;47
TE105;23.01.2024;12;1.0;1371;43;1337;43;34;48
TE105;23.01.2024;13;1.0;1516;42;1483;42;33;44
TE105;23.01.2024;14;1.0;1625;43;1590;43;35;43
TE105;23.01.2024;15;1.0;1529;49;1490;49;39;50
TE105;23.01.2024;16;1.0;1598;46;1570;46;28;45
TE105;23.01.2024;17;1.0;1403;42;1387;42;16;42
TE105;23.01.2024;18;1.0;1202;40;1186;40;16;41
TE105;23.01.2024;19;1.0;898;40;885;40;13;40
TE105;23.01.2024;20;1.0;658;43;653;43;5;45
TE105;23.01.2024;21;1.0;585;51;579;51;6;52
TE105;23.01.2024;22;1.0;455;47;451;47;4;52
TE105;23.01.2024;23;1.0;298;53;295;53;3;52
TE105;24.01.2024;0;1.0;133;56;133;56;0;-1
TE105;24.01.2024;1;1.0;86;61;84;61;2;57
TE105;24.01.2024;2;1.0;89;58;87;58;2;60
TE105;24.01.2024;3;1.0;100;54;98;54;2;58
TE105;24.01.2024;4;1.0;329;51;313;51;16;53
TE105;24.01.2024;5;1.0;1307;48;1274;48;33;51
TE105;24.01.2024;6;1.0;1476;25;1430;25;46;30
TE105;24.01.2024;7;1.0;1242;10;1209;10;33;12
TE105;24.01.2024;8;1.0;1312;14;1274;14;38;15
TE105;24.01.2024;9;1.0;1405;27;1340;27;65;30
TE105;24.01.2024;10;1.0;1192;44;1151;44;41;47
TE105;24.01.2024;11;1.0;1225;44;1169;44;56;49
TE105;24.01.2024;12;1.0;1348;31;1286;30;62;49
TE105;24.01.2024;13;1.0;1481;39;1400;39;81;46
TE105;24.01.2024;14;1.0;1592;40;1499;39;93;46
TE105;24.01.2024;15;1.0;1499;39;1422;39;77;49
TE105;24.01.2024;16;1.0;1559;46;1515;46;44;49
TE105;24.01.2024;17;1.0;1482;46;1462;46;20;48
TE105;24.01.2024;18;1.0;1204;47;1178;47;26;48
TE105;24.01.2024;19;1.0;856;49;834;49;22;50
TE105;24.01.2024;20;1.0;688;44;677;44;11;46
TE105;24.01.2024;21;1.0;641;51;637;51;4;50
TE105;24.01.2024;22;1.0;437;43;433;43;4;36
TE105;24.01.2024;23;1.0;335;44;332;44;3;50
TE105;25.01.2024;0;1.0;163;50;162;50;1;51
TE105;25.01.2024;1;1.0;95;54;92;54;3;57
TE105;25.01.2024;2;1.0;69;51;62;50;7;52
TE105;25.01.2024;3;1.0;108;54;103;53;5;57
TE105;25.01.2024;4;1.0;312;54;293;54;19;61
TE105;25.01.2024;5;1.0;1208;52;1186;52;22;53
TE105;25.01.2024;6;1.0;1670;47;1601;47;69;47
TE105;25.01.2024;7;1.0;1658;39;1608;39;50;39
TE105;25.01.2024;8;1.0;1490;14;1463;13;27;15
TE105;25.01.2024;9;1.0;1375;47;1331;47;44;46
TE105;25.01.2024;10;1.0;1225;47;1190;47;35;42
TE105;25.01.2024;11;1.0;1380;46;1325;46;55;47
TE105;25.01.2024;12;1.0;1400;47;1336;47;64;48
TE105;25.01.2024;13;1.0;1515;46;1478;46;37;45
TE105;25.01.2024;14;1.0;1585;34;1532;34;53;33
TE105;25.01.2024;15;1.0;1592;36;1564;36;28;35
TE105;25.01.2024;16;1.0;1593;44;1577;44;16;45
TE105;25.01.2024;17;1.0;1496;48;1484;48;12;49
TE105;25.01.2024;18;1.0;1304;47;1288;47;16;45
TE105;25.01.2024;19;1.0;949;51;939;51;10;52
TE105;25.01.2024;20;1.0;735;51;729;51;6;51
TE105;25.01.2024;21;1.0;654;53;647;53;7;52
TE105;25.01.2024;22;1.0;467;52;464;52;3;49
TE105;25.01.2024;23;1.0;323;46;319;46;4;53
TE105;26.01.2024;0;1.0;148;40;146;40;2;48
TE105;26.01.2024;1;1.0;107;35;105;35;2;44
TE105;26.01.2024;2;1.0;91;41;86;40;5;50
TE105;26.01.2024;3;1.0;100;42;94;41;6;53
TE105;26.01.2024;4;1.0;321;49;302;49;19;55
TE105;26.01.2024;5;1.0;1119;53;1078;53;41;56
TE105;26.01.2024;6;1.0;1569;55;1501;55;68;55
TE105;26.01.2024;7;1.0;1615;44;1563;44;52;45
TE105;26.01.2024;8;1.0;1574;46;1511;46;63;47
TE105;26.01.2024;9;1.0;1351;48;1286;48;65;51
TE105;26.01.2024;10;1.0;1310;43;1264;43;46;47
TE105;26.01.2024;11;1.0;1429;40;1398;40;31;44
TE105;26.01.2024;12;1.0;1475;40;1461;40;13;37
TE105;26.01.2024;13;1.0;1524;41;1505;41;19;36
TE105;26.01.2024;14;1.0;1640;35;1617;35;23;34
TE105;26.01.2024;15;1.0;1374;49;1357;49;17;51
TE105;26.01.2024;16;1.0;1517;45;1502;45;15;47
TE105;26.01.2024;17;1.0;1396;47;1380;47;16;44
TE105;26.01.2024;18;1.0;1261;47;1249;47;12;46
TE105;26.01.2024;19;1.0;988;43;976;43;12;43
TE105;26.01.2024;20;1.0;834;42;826;42;8;43
TE105;26.01.2024;21;1.0;649;46;642;46;7;52
TE105;26.01.2024;22;1.0;580;42;577;42;3;43
TE105;26.01.2024;23;1.0;484;50;477;50;7;50
TE105;27.01.2024;0;1.0;294;52;293;52;1;52
TE105;27.01.2024;1;1.0;176;52;176;52;0;-1
TE105;27.01.2024;2;1.0;140;37;140;37;0;-1
TE105;27.01.2024;3;1.0;124;51;124;51;0;-1
TE105;27.01.2024;4;1.0;182;42;177;42;5;56
TE105;27.01.2024;5;1.0;309;39;294;38;15;52
TE105;27.01.2024;6;1.0;347;56;343;56;4;58
TE105;27.01.2024;7;1.0;432;52;423;52;9;52
TE105;27.01.2024;8;1.0;617;57;604;57;13;56
TE105;27.01.2024;9;1.0;929;58;913;58;16;60
TE105;27.01.2024;10;1.0;1121;53;1110;53;11;54
TE105;27.01.2024;11;1.0;1346;40;1331;40;15;43
TE105;27.01.2024;12;1.0;1531;47;1516;47;15;47
TE105;27.01.2024;13;1.0;1719;45;1700;45;19;46
TE105;27.01.2024;14;1.0;1562;42;1542;42;20;42
TE105;27.01.2024;15;1.0;1489;44;1469;44;20;45
TE105;27.01.2024;16;1.0;1500;41;1482;41;18;42
TE105;27.01.2024;17;1.0;1506;40;1489;40;17;41
TE105;27.01.2024;18;1.0;1398;40;1386;40;12;36
TE105;27.01.2024;19;1.0;1074;44;1064;44;10;41
TE105;27.01.2024;20;1.0;840;44;827;44;13;40
TE105;27.01.2024;21;1.0;694;47;687;47;7;49
TE105;27.01.2024;22;1.0;642;48;636;48;6;49
TE105;27.01.2024;23;1.0;478;44;475;44;3;50
TE105;28.01.2024;0;1.0;342;49;341;49;1;54
TE105;28.01.2024;1;1.0;235;51;234;51;1;50
TE105;28.01.2024;2;1.0;185;50;182;50;3;47
TE105;28.01.2024;3;1.0;138;48;136;48;2;39
TE105;28.01.2024;4;1.0;130;52;129;52;1;43
TE105;28.01.2024;5;1.0;227;55;225;55;2;55
TE105;28.01.2024;6;1.0;199;53;190;53;9;52
TE105;28.01.2024;7;1.0;239;51;238;51;1;57
TE105;28.01.2024;8;1.0;361;51;356;51;5;52
TE105;28.01.2024;9;1.0;686;50;679;50;7;50
TE105;28.01.2024;10;1.0;883;49;866;49;17;51
TE105;28.01.2024;11;1.0;997;50;974;49;23;52
TE105;28.01.2024;12;1.0;1158;43;1110;43;48;52
TE105;28.01.2024;13;1.0;1263;40;1210;40;53;49
TE105;28.01.2024;14;1.0;1292;38;1283;38;9;48
TE105;28.01.2024;15;1.0;1233;35;1225;35;8;41
TE105;28.01.2024;16;1.0;1299;33;1287;33;12;46
TE105;28.01.2024;17;1.0;1208;36;1202;36;6;43
TE105;28.01.2024;18;1.0;976;38;970;38;6;46
TE105;28.01.2024;19;1.0;736;42;729;42;7;47
TE105;28.01.2024;20;1.0;651;42;643;42;8;50
TE105;28.01.2024;21;1.0;518;46;511;46;7;49
TE105;28.01.2024;22;1.0;363;42;360;42;3;37
TE105;28.01.2024;23;1.0;204;46;201;46;3;45
TE105;29.01.2024;0;1.0;126;46;125;46;1;62
TE105;29.01.2024;1;1.0;79;46;76;46;3;61
TE105;29.01.2024;2;1.0;80;45;77;45;3;53
TE105;29.01.2024;3;1.0;101;48;96;48;5;54
TE105;29.01.2024;4;1.0;301;48;278;47;23;57
TE105;29.01.2024;5;1.0;1215;43;1178;43;37;47
TE105;29.01.2024;6;1.0;1680;37;1613;37;67;38
TE105;29.01.2024;7;1.0;1624;33;1568;33;56;35
TE105;29.01.2024;8;1.0;1490;19;1432;18;58;31
TE105;29.01.2024;9;1.0;1334;39;1211;37;123;53
TE105;29.01.2024;10;1.0;1259;36;1119;33;140;60
TE105;29.01.2024;11;1.0;1286;36;995;28;291;64
TE105;29.01.2024;12;1.0;1333;38;1136;35;197;54
TE105;29.01.2024;13;1.0;1583;32;1507;31;76;47
TE105;29.01.2024;14;1.0;1626;30;1591;29;35;45
TE105;29.01.2024;15;1.0;1558;31;1528;31;30;48
TE105;29.01.2024;16;1.0;1509;33;1478;32;31;49
TE105;29.01.2024;17;1.0;1425;35;1401;35;24;46
TE105;29.01.2024;18;1.0;1147;38;1135;38;12;42
TE105;29.01.2024;19;1.0;873;38;866;38;7;38
TE105;29.01.2024;20;1.0;621;41;614;41;7;42
TE105;29.01.2024;21;1.0;581;40;573;40;8;45
TE105;29.01.2024;22;1.0;417;44;413;44;4;42
TE105;29.01.2024;23;1.0;320;47;315;46;5;54
TE105;30.01.2024;0;1.0;129;43;128;42;1;57
TE105;30.01.2024;1;1.0;83;50;78;50;5;61
TE105;30.01.2024;2;1.0;79;42;73;42;6;50
TE105;30.01.2024;3;1.0;88;50;81;50;7;50
TE105;30.01.2024;4;1.0;278;55;256;54;22;55
TE105;30.01.2024;5;1.0;1242;47;1213;47;29;47
TE105;30.01.2024;6;1.0;1669;42;1625;42;44;44
TE105;30.01.2024;7;1.0;1539;27;1485;27;54;33
TE105;30.01.2024;8;1.0;1452;13;1424;13;28;15
TE105;30.01.2024;9;1.0;1383;42;1319;42;64;45
TE105;30.01.2024;10;1.0;1301;39;1227;39;74;45
TE105;30.01.2024;11;1.0;1325;37;1274;37;51;45
TE105;30.01.2024;12;1.0;1348;40;1295;40;53;46
TE105;30.01.2024;13;1.0;1489;43;1443;43;46;44
TE105;30.01.2024;14;1.0;1711;34;1660;34;51;35
TE105;30.01.2024;15;1.0;1561;37;1525;37;36;34
TE105;30.01.2024;16;1.0;1602;42;1570;42;32;43
TE105;30.01.2024;17;1.0;1427;43;1413;43;14;43
TE105;30.01.2024;18;1.0;1074;44;1065;44;9;44
TE105;30.01.2024;19;1.0;929;43;918;43;11;41
TE105;30.01.2024;20;1.0;722;33;715;33;7;49
TE105;30.01.2024;21;1.0;605;37;597;37;8;47
TE105;30.01.2024;22;1.0;460;41;457;41;3;45
TE105;30.01.2024;23;1.0;348;36;343;36;5;57
TE105;31.01.2024;0;1.0;152;37;150;37;2;57
TE105;31.01.2024;1;1.0;85;45;80;44;5;64
TE105;31.01.2024;2;1.0;81;46;74;45;7;60
TE105;31.01.2024;3;1.0;99;47;95;47;4;58
TE105;31.01.2024;4;1.0;293;55;273;54;20;60
TE105;31.01.2024;5;1.0;1174;57;1149;57;25;58
TE105;31.01.2024;6;1.0;1617;51;1573;51;44;51
TE105;31.01.2024;7;1.0;1619;26;1580;26;39;28
TE105;31.01.2024;8;1.0;1384;21;1335;21;49;18
TE105;31.01.2024;9;1.0;1455;49;1417;49;38;49
TE105;31.01.2024;10;1.0;1250;47;1203;47;47;47
TE105;31.01.2024;11;1.0;1339;45;1281;45;58;46
TE105;31.01.2024;12;1.0;1461;42;1415;42;46;45
TE105;31.01.2024;13;1.0;1469;45;1430;44;39;47
TE105;31.01.2024;14;1.0;1628;34;1588;34;40;40
TE105;31.01.2024;15;1.0;1665;43;1623;42;42;44
TE105;31.01.2024;16;1.0;1546;46;1521;46;25;47
TE105;31.01.2024;17;1.0;1419;47;1402;47;17;48
TE105;31.01.2024;18;1.0;1122;48;1112;48;10;46
TE105;31.01.2024;19;1.0;906;51;896;51;10;52
TE105;31.01.2024;20;1.0;810;49;804;49;6;50
TE105;31.01.2024;21;1.0;653;55;648;55;5;53
TE105;31.01.2024;22;1.0;470;57;464;57;6;56
TE105;31.01.2024;23;1.0;721;60;716;60;5;59
TE106;01.01.2024;0;1.0;228;51;226;51;2;44
TE106;01.01.2024;1;1.0;425;49;425;49;0;-1
TE106;01.01.2024;2;1.0;583;53;583;53;0;-1
TE106;01.01.2024;3;1.0;410;52;409;52;1;54
TE106;01.01.2024;4;1.0;320;54;320;54;0;-1
TE106;01.01.2024;5;1.0;224;55;223;55;1;52
TE106;01.01.2024;6;1.0;182;54;182;54;0;-1
TE106;01.01.2024;7;1.0;147;56;147;56;0;-1
TE106;01.01.2024;8;1.0;127;56;125;56;2;58
TE106;01.01.2024;9;1.0;161;55;158;55;3;55
TE106;01.01.2024;10;1.0;224;56;221;56;3;55
TE106;01.01.2024;11;1.0;367;54;366;54;1;54
TE106;01.01.2024;12;1.0;464;55;460;55;4;57
TE106;01.01.2024;13;1.0;622;55;622;55;0;-1
TE106;01.01.2024;14;1.0;659;51;658;51;1;50
TE106;01.01.2024;15;1.0;713;54;707;54;6;54
TE106;01.01.2024;16;1.0;706;53;700;53;6;54
TE106;01.01.2024;17;1.0;691;51;690;51;1;60
TE106;01.01.2024;18;1.0;553;53;552;53;1;52
TE106;01.01.2024;19;1.0;472;56;472;56;0;-1
TE106;01.01.2024;20;1.0;462;50;461;50;1;48
TE106;01.01.2024;21;1.0;360;56;360;56;0;-1
TE106;01.01.2024;22;1.0;270;56;268;56;2;53
TE106;01.01.2024;23;1.0;197;56;194;57;3;56
TE106;02.01.2024;0;1.0;125;54;121;54;4;50
TE106;02.01.2024;1;1.0;85;56;83;56;2;64
TE106;02.01.2024;2;1.0;84;52;84;52;0;-1
TE106;02.01.2024;3;1.0;98;51;94;51;4;50
TE106;02.01.2024;4;1.0;195;53;191;53;4;52
TE106;02.01.2024;5;1.0;621;54;615;54;6;56
TE106;02.01.2024;6;1.0;834;52;825;52;9;52
TE106;02.01.2024;7;1.0;911;51;889;51;22;51
TE106;02.01.2024;8;1.0;977;52;950;52;27;51
TE106;02.01.2024;9;1.0;815;51;799;51;16;52
TE106;02.01.2024;10;1.0;848;56;838;56;10;58
TE106;02.01.2024;11;1.0;882;55;864;55;18;54
TE106;02.01.2024;12;1.0;930;51;913;51;17;53
TE106;02.01.2024;13;1.0;997;53;985;53;12;53
TE106;02.01.2024;14;1.0;1104;53;1095;53;9;50
TE106;02.01.2024;15;1.0;1001;54;989;54;12;55
TE106;02.01.2024;16;1.0;1043;53;1041;53;2;50
TE106;02.01.2024;17;1.0;921;55;916;55;5;54
TE106;02.01.2024;18;1.0;789;55;787;55;2;61
TE106;02.01.2024;19;1.0;611;56;611;56;0;-1
TE106;02.01.2024;20;1.0;520;53;519;53;1;55
TE106;02.01.2024;21;1.0;505;53;504;53;1;48
TE106;02.01.2024;22;1.0;421;52;420;52;1;46
TE107;03.01.2024;10;1.0;853;47;832;47;21;46
TE107;03.01.2024;11;1.0;858;34;843;34;15;48
TE107;03.01.2024;12;1.0;902;25;892;25;10;46
TE107;03.01.2024;13;1.0;952;38;941;37;11;48
TE107;03.01.2024;14;1.0;962;23;953;23;9;38
TE107;03.01.2024;15;1.0;970;23;957;22;13;40
TE107;03.01.2024;16;1.0;960;27;949;27;11;46
TE107;03.01.2024;17;1.0;889;23;880;23;9;43
TE107;03.01.2024;18;1.0;783;36;773;36;10;43
TE107;03.01.2024;19;1.0;549;35;539;35;10;38
TE107;03.01.2024;20;1.0;396;38;386;38;10;44
TE107;03.01.2024;21;1.0;372;24;368;25;4;38
TE107;03.01.2024;22;1.0;294;22;291;22;3;42
TE107;03.01.2024;23;1.0;161;25;154;24;7;47
TE107;04.01.2024;0;1.0;74;19;72;18;2;32
TE107;04.01.2024;1;1.0;63;28;61;27;2;39
TE107;04.01.2024;2;1.0;47;28;46;27;1;42
TE107;04.01.2024;3;1.0;30;28;29;27;1;39
TE107;04.01.2024;4;1.0;51;27;51;27;0;-1
TE107;04.01.2024;5;1.0;150;38;147;37;3;69
TE107;04.01.2024;6;1.0;325;40;321;40;4;61
TE107;04.01.2024;7;1.0;634;48;627;48;7;48
TE107;04.01.2024;8;1.0;897;43;886;43;11;43
TE107;04.01.2024;9;1.0;978;45;948;45;30;46
TE107;04.01.2024;10;1.0;967;45;940;45;27;45
TE107;04.01.2024;11;1.0;904;46;885;46;19;46
TE107;04.01.2024;12;1.0;925;48;912;48;13;48
TE107;04.01.2024;13;1.0;936;44;918;44;18;45
TE107;04.01.2024;14;1.0;917;43;905;43;12;46
TE107;04.01.2024;15;1.0;930;48;921;48;9;48
TE107;04.01.2024;16;1.0;948;45;938;45;10;50
TE107;04.01.2024;17;1.0;886;47;872;47;14;46
TE107;04.01.2024;18;1.0;880;49;871;49;9;48
TE107;04.01.2024;19;1.0;608;48;600;48;8;50
TE107;04.01.2024;20;1.0;452;51;444;51;8;50
TE107;04.01.2024;21;1.0;393;49;389;49;4;47
TE107;04.01.2024;22;1.0;333;50;330;50;3;51
TE107;04.01.2024;23;1.0;166;50;163;50;3;49
TE107;05.01.2024;0;1.0;116;49;110;49;6;51
TE107;05.01.2024;1;1.0;47;53;45;54;2;46
TE107;05.01.2024;2;1.0;51;59;49;59;2;58
TE107;05.01.2024;3;1.0;44;58;39;58;5;53
TE107;05.01.2024;4;1.0;74;55;71;55;3;49
TE107;05.01.2024;5;1.0;187;55;180;55;7;58
TE107;05.01.2024;6;1.0;372;51;358;51;14;51
TE107;05.01.2024;7;1.0;624;48;610;48;14;46
TE107;05.01.2024;8;1.0;767;56;751;56;16;56
TE107;05.01.2024;9;1.0;873;50;868;50;5;55
TE107;05.01.2024;10;1.0;883;50;876;50;7;52
TE107;05.01.2024;11;1.0;904;50;889;50;15;50
TE107;05.01.2024;12;1.0;922;50;895;50;27;51
TE107;05.01.2024;13;1.0;974;50;952;49;22;51
TE107;05.01.2024;14;1.0;905;44;882;44;23;43
TE107;05.01.2024;15;1.0;986;44;971;45;15;39
TE107;05.01.2024;16;1.0;961;47;953;47;8;48
TE107;05.01.2024;17;1.0;832;49;826;49;6;50
TE107;05.01.2024;18;1.0;770;47;765;47;5;49
TE107;05.01.2024;19;1.0;636;48;630;48;6;50
TE107;05.01.2024;20;1.0;432;45;424;45;8;48
TE107;05.01.2024;21;1.0;399;49;394;49;5;51
TE107;05.01.2024;22;1.0;366;51;361;51;5;56
TE107;05.01.2024;23;1.0;215;49;210;49;5;49
TE107;06.01.2024;0;1.0;151;52;145;52;6;55
TE107;06.01.2024;1;1.0;107;52;105;52;2;54
TE107;06.01.2024;2;1.0;76;50;75;50;1;55
TE107;06.01.2024;3;1.0;63;51;61;51;2;56
TE107;06.01.2024;4;1.0;62;56;56;56;6;54
TE107;06.01.2024;5;1.0;77;60;69;59;8;62
TE107;06.01.2024;6;1.0;96;58;94;58;2;58
TE107;06.01.2024;7;1.0;151;58;146;58;5;58
TE107;06.01.2024;8;1.0;234;50;229;50;5;55
TE107;06.01.2024;9;1.0;485;50;479;50;6;51
TE107;06.01.2024;10;1.0;616;52;607;52;9;53
TE107;06.01.2024;11;1.0;789;51;772;51;17;51
TE107;06.01.2024;12;1.0;914;50;910;50;4;51
TE107;06.01.2024;13;1.0;942;51;936;51;6;51
TE107;06.01.2024;14;1.0;938;50;929;50;9;54
TE107;06.01.2024;15;1.0;981;49;972;49;9;52
TE107;06.01.2024;16;1.0;894;49;889;49;5;52
TE107;06.01.2024;17;1.0;850;51;846;51;4;55
TE107;06.01.2024;18;1.0;550;47;546;47;4;53
TE107;06.01.2024;19;1.0;293;42;292;42;1;53
TE107;06.01.2024;20;1.0;316;40;314;40;2;45
TE107;06.01.2024;21;1.0;355;44;353;44;2;50
TE107;06.01.2024;22;1.0;289;44;286;44;3;50
TE107;06.01.2024;23;1.0;243;49;237;49;6;53
TE107;07.01.2024;0;1.0;201;56;196;55;5;59
TE107;07.01.2024;1;1.0;122;59;119;59;3;67
TE107;07.01.2024;2;1.0;71;55;70;55;1;51
TE107;07.01.2024;3;1.0;69;53;64;53;5;53
TE107;07.01.2024;4;1.0;52;51;49;51;3;51
TE107;07.01.2024;5;1.0;74;51;71;51;3;53
TE107;07.01.2024;6;1.0;72;56;71;56;1;45
TE107;07.01.2024;7;1.0;112;58;111;58;1;45
TE107;07.01.2024;8;1.0;146;65;143;65;3;64
TE107;07.01.2024;9;1.0;328;56;327;56;1;56
TE107;07.01.2024;10;1.0;543;52;540;52;3;52
TE107;07.01.2024;11;1.0;619;51;616;51;3;48
TE107;07.01.2024;12;1.0;800;51;793;51;7;51
TE107;07.01.2024;13;1.0;838;50;834;50;4;53
TE107;07.01.2024;16;1.0;845;39;840;39;5;38
TE107;07.01.2024;17;1.0;765;50;764;50;1;48
TE107;07.01.2024;18;1.0;699;50;698;50;1;50
TE107;07.01.2024;19;1.0;417;51;411;51;6;57
TE107;07.01.2024;20;1.0;356;56;352;56;4;53
TE107;07.01.2024;21;1.0;250;50;239;50;11;52
TE107;07.01.2024;22;1.0;208;50;204;50;4;51
TE107;07.01.2024;23;1.0;117;52;110;52;7;51
TE107;08.01.2024;0;1.0;81;53;69;54;12;52
TE107;08.01.2024;1;1.0;52;54;50;54;2;56
TE107;08.01.2024;2;1.0;35;48;32;48;3;56
TE107;08.01.2024;3;1.0;42;56;32;55;10;58
TE107;08.01.2024;4;1.0;70;55;62;55;8;56
TE107;08.01.2024;5;1.0;193;51;186;51;7;51
TE107;08.01.2024;6;1.0;488;51;473;51;15;51
TE108;01.01.2024;0;1.0;135;48;128;48;7;49
TE108;01.01.2024;1;1.0;291;48;287;48;4;48
TE108;01.01.2024;2;1.0;290;49;284;49;6;48
TE108;01.01.2024;3;1.0;190;52;188;52;2;54
TE108;01.01.2024;4;1.0;113;50;108;50;5;50
TE108;01.01.2024;5;1.0;107;54;105;54;2;54
TE108;01.01.2024;6;1.0;96;53;92;53;4;52
TE108;01.01.2024;7;1.0;69;52;66;52;3;49
TE108;01.01.2024;8;1.0;70;50;66;50;4;50
TE108;01.01.2024;9;1.0;134;52;128;52;6;51
TE108;01.01.2024;10;1.0;165;50;159;50;6;50
TE108;01.01.2024;11;1.0;247;49;242;50;5;48
TE108;01.01.2024;12;1.0;354;49;350;49;4;49
TE108;01.01.2024;13;1.0;420;48;415;48;5;48
TE108;01.01.2024;14;1.0;474;48;469;48;5;47
TE108;01.01.2024;15;1.0;398;47;394;47;4;48
TE108;01.01.2024;16;1.0;368;48;361;48;7;47
TE108;01.01.2024;17;1.0;323;48;321;48;2;44
TE108;01.01.2024;18;1.0;324;51;318;51;6;48
TE108;01.01.2024;19;1.0;244;51;241;51;3;50
TE108;01.01.2024;20;1.0;239;49;237;49;2;49
TE108;01.01.2024;21;1.0;189;51;189;51;0;-1
TE108;01.01.2024;22;1.0;158;48;154;48;4;46
TE108;01.01.2024;23;1.0;89;50;87;50;2;52
TE108;02.01.2024;0;1.0;53;49;52;49;1;53
TE108;02.01.2024;1;1.0;41;50;39;50;2;54
TE108;02.01.2024;2;1.0;29;46;26;46;3;52
TE108;02.01.2024;3;1.0;30;44;28;44;2;45
TE108;02.01.2024;4;1.0;80;47;74;47;6;45
TE108;02.01.2024;5;1.0;127;47;120;46;7;46
TE108;02.01.2024;6;1.0;230;48;213;48;17;47
TE108;02.01.2024;7;1.0;292;47;285;47;7;49
TE108;02.01.2024;8;1.0;431;47;425;47;6;49
TE108;02.01.2024;9;1.0;458;50;453;50;5;51
TE108;02.01.2024;10;1.0;486;48;482;48;4;48
TE108;02.01.2024;11;1.0;484;48;481;48;3;49
TE108;02.01.2024;12;1.0;548;46;544;46;4;46
TE108;02.01.2024;13;1.0;584;49;579;49;5;48
TE108;02.01.2024;14;1.0;621;47;615;47;6;47
TE108;02.01.2024;15;1.0;754;46;751;46;3;48
TE108;02.01.2024;16;1.0;719;47;719;47;0;-1
TE108;02.01.2024;17;1.0;671;48;668;48;3;50
TE108;02.01.2024;18;1.0;641;50;637;50;4;50
TE108;02.01.2024;19;1.0;436;51;434;51;2;50
TE108;02.01.2024;20;1.0;275;50;273;50;2;52
TE108;02.01.2024;21;1.0;194;51;192;51;2;50
TE108;02.01.2024;22;1.0;173;50;171;50;2;50
TE108;02.01.2024;23;1.0;130;51;128;51;2;47
TE108;03.01.2024;0;1.0;71;51;67;52;4;50
TE108;03.01.2024;1;1.0;40;49;37;49;3;52
TE108;03.01.2024;2;1.0;39;52;36;52;3;55
TE108;03.01.2024;3;1.0;34;52;27;51;7;54
TE108;03.01.2024;4;1.0;84;49;60;49;24;50
TE108;03.01.2024;5;1.0;146;49;134;49;12;47
TE108;03.01.2024;6;1.0;254;41;232;42;20;41
TE108;03.01.2024;7;1.0;403;37;377;37;27;36
TE108;03.01.2024;8;1.0;518;45;504;45;14;46
TE108;03.01.2024;9;1.0;540;46;524;46;16;46
TE108;03.01.2024;10;1.0;557;46;542;46;15;47
TE108;03.01.2024;11;1.0;602;47;589;47;13;47
TE108;03.01.2024;12;1.0;614;47;590;47;24;47
TE108;03.01.2024;13;1.0;722;45;703;45;19;45
TE108;03.01.2024;14;1.0;748;46;729;46;19;47
TE108;03.01.2024;15;1.0;821;46;810;46;11;46
TE108;03.01.2024;16;1.0;782;46;772;46;10;46
TE108;03.01.2024;17;1.0;776;47;766;47;10;46
TE108;03.01.2024;18;1.0;713;45;709;45;4;45
TE108;03.01.2024;19;1.0;475;48;469;48;6;47
TE108;03.01.2024;20;1.0;331;48;325;48;6;47
TE108;03.01.2024;21;1.0;265;48;259;48;6;48
TE108;03.01.2024;22;1.0;247;48;242;48;5;49
TE108;03.01.2024;23;1.0;158;49;154;49;4;49
TE108;04.01.2024;0;1.0;67;49;63;49;4;49
TE108;04.01.2024;1;1.0;33;51;30;51;3;50
TE108;04.01.2024;2;1.0;37;51;35;50;2;56
TE108;04.01.2024;3;1.0;35;46;29;45;6;46
TE108;04.01.2024;4;1.0;74;53;69;53;5;46
TE108;04.01.2024;5;1.0;130;52;128;52;2;56
TE108;04.01.2024;6;1.0;232;54;225;54;7;53
TE108;04.01.2024;7;1.0;387;49;376;49;11;51
TE108;04.01.2024;8;1.0;579;46;569;46;10;42
TE108;04.01.2024;9;1.0;596;44;576;44;20;44
TE108;04.01.2024;10;1.0;588;45;573;45;15;44
TE108;04.01.2024;11;1.0;634;44;625;44;9;42
TE108;04.01.2024;12;1.0;688;47;682;47;6;46
TE108;04.01.2024;13;1.0;701;45;685;45;16;45
TE108;04.01.2024;14;1.0;757;42;740;42;17;40
TE108;04.01.2024;15;1.0;887;44;880;44;7;45
TE108;04.01.2024;16;1.0;796;46;786;46;10;47
TE108;04.01.2024;17;1.0;765;46;756;46;9;45
TE108;04.01.2024;18;1.0;744;46;738;45;6;46
TE108;04.01.2024;19;1.0;507;48;503;48;4;46
TE108;04.01.2024;20;1.0;352;50;349;50;3;49
TE108;04.01.2024;21;1.0;248;49;242;49;6;46
TE108;04.01.2024;22;1.0;291;47;285;47;6;46
TE108;04.01.2024;23;1.0;172;47;168;47;4;43
TE108;05.01.2024;0;1.0;88;50;84;50;4;51
TE108;05.01.2024;1;1.0;57;51;55;51;2;44
TE108;05.01.2024;2;1.0;39;53;38;53;1;60
TE108;05.01.2024;3;1.0;42;51;39;51;3;51
TE108;05.01.2024;4;1.0;90;55;70;55;20;54
TE108;05.01.2024;5;1.0;126;53;107;53;19;51
TE108;05.01.2024;6;1.0;232;52;201;52;31;52
TE108;05.01.2024;7;1.0;405;51;388;51;17;49
TE108;05.01.2024;8;1.0;564;50;555;50;9;51
TE108;05.01.2024;9;1.0;554;52;551;52;3;52
TE108;05.01.2024;10;1.0;583;48;574;48;9;51
TE108;05.01.2024;11;1.0;604;47;595;47;9;48
TE108;05.01.2024;12;1.0;686;42;670;42;16;44
TE108;05.01.2024;13;1.0;724;43;712;43;12;44
TE108;05.01.2024;14;1.0;900;45;890;45;10;45
TE108;05.01.2024;15;1.0;856;45;843;45;13;45
TE108;05.01.2024;16;1.0;716;47;709;47;7;48
TE108;05.01.2024;17;1.0;710;49;697;49;13;48
TE108;05.01.2024;18;1.0;682;48;677;48;5;49
TE108;05.01.2024;19;1.0;470;49;469;49;1;48
TE108;05.01.2024;20;1.0;347;49;343;49;4;50
TE108;05.01.2024;21;1.0;295;53;291;53;4;54
TE108;05.01.2024;22;1.0;292;51;287;51;5;51
TE108;05.01.2024;23;1.0;229;52;223;52;6;54
TE108;06.01.2024;0;1.0;156;52;154;52;2;52
TE108;06.01.2024;1;1.0;111;54;110;54;1;53
TE108;06.01.2024;2;1.0;69;55;67;55;2;55
TE108;06.01.2024;3;1.0;45;52;43;52;2;52
TE108;06.01.2024;4;1.0;67;53;62;53;5;51
TE108;06.01.2024;5;1.0;92;55;77;55;15;52
TE108;06.01.2024;6;1.0;80;57;72;57;8;59
TE108;06.01.2024;7;1.0;97;54;88;54;9;51
TE108;06.01.2024;8;1.0;204;51;195;51;9;51
TE108;06.01.2024;9;1.0;289;51;271;51;18;48
TE108;06.01.2024;10;1.0;399;48;385;48;14;48
TE108;06.01.2024;11;1.0;541;47;536;47;5;46
TE108;06.01.2024;12;1.0;591;46;589;46;2;44
TE108;06.01.2024;13;1.0;664;45;659;45;5;48
TE108;06.01.2024;14;1.0;713;47;705;47;8;47
TE108;06.01.2024;15;1.0;659;46;650;46;9;46
TE108;06.01.2024;16;1.0;568;46;561;46;7;43
TE108;06.01.2024;17;1.0;574;49;569;49;5;49
TE108;06.01.2024;18;1.0;511;47;506;47;5;47
TE108;06.01.2024;19;1.0;458;44;453;44;5;43
TE108;06.01.2024;20;1.0;396;45;391;45;5;45
TE108;06.01.2024;21;1.0;281;38;278;38;2;46
TE108;06.01.2024;22;1.0;271;51;269;51;2;48
TE108;06.01.2024;23;1.0;219;50;207;49;12;49
TE108;07.01.2024;0;1.0;175;47;175;47;0;-1
TE108;07.01.2024;1;1.0;104;47;103;47;1;49
TE108;07.01.2024;2;1.0;99;47;96;47;3;47
TE108;07.01.2024;3;1.0;67;46;65;46;2;48
TE108;07.01.2024;4;1.0;48;48;45;48;3;45
TE108;07.01.2024;5;1.0;68;49;62;49;6;48
TE108;07.01.2024;6;1.0;66;49;58;50;8;48
TE108;07.01.2024;7;1.0;65;55;56;55;9;54
TE108;07.01.2024;8;1.0;125;48;120;48;5;49
TE108;07.01.2024;9;1.0;241;53;230;53;11;53
TE108;07.01.2024;10;1.0;378;51;370;51;8;50
TE108;07.01.2024;11;1.0;493;47;484;47;9;47
TE108;07.01.2024;12;1.0;632;46;630;46;2;46
TE108;07.01.2024;13;1.0;638;46;633;46;5;45
TE108;07.01.2024;14;1.0;680;48;677;48;3;49
TE108;07.01.2024;15;1.0;573;50;571;50;2;48
TE108;07.01.2024;16;1.0;551;48;550;48;1;47
TE108;07.01.2024;17;1.0;533;48;531;48;2;48
TE108;07.01.2024;18;1.0;460;50;458;50;2;50
TE108;07.01.2024;19;1.0;391;52;387;52;4;50
TE108;07.01.2024;20;1.0;259;49;253;49;6;50
TE108;07.01.2024;21;1.0;205;46;202;46;3;45
TE108;07.01.2024;22;1.0;194;46;191;47;3;46
TE108;07.01.2024;23;1.0;119;44;116;44;3;44
TE108;08.01.2024;0;1.0;72;47;67;47;5;46
TE108;08.01.2024;1;1.0;42;50;39;50;3;44
TE108;08.01.2024;2;1.0;34;48;30;48;4;49
TE108;08.01.2024;3;1.0;26;48;23;48;3;48
TE108;08.01.2024;4;1.0;70;49;48;47;22;54
TE108;08.01.2024;5;1.0;147;46;128;46;19;46
TE108;08.01.2024;6;1.0;276;46;245;46;31;46
TE108;08.01.2024;7;1.0;634;40;613;40;21;42
TE108;08.01.2024;8;1.0;789;40;767;40;22;38
TE108;08.01.2024;9;1.0;626;42;608;42;18;42
TE108;08.01.2024;10;1.0;564;43;549;43;15;45
TE108;08.01.2024;11;1.0;636;43;625;43;11;43
TE108;08.01.2024;12;1.0;657;44;648;44;9;44
TE108;08.01.2024;13;1.0;731;40;712;40;19;41
TE108;08.01.2024;14;1.0;809;42;787;42;22;43
TE108;08.01.2024;15;1.0;940;42;932;42;8;40
TE108;08.01.2024;16;1.0;922;42;905;42;17;42
TE108;08.01.2024;17;1.0;910;42;903;42;7;42
TE108;08.01.2024;18;1.0;804;40;788;40;16;41
TE108;08.01.2024;19;1.0;603;43;593;43;10;44
TE108;08.01.2024;20;1.0;391;44;387;44;4;43
TE108;08.01.2024;21;1.0;291;44;286;44;5;45
TE108;08.01.2024;22;1.0;218;45;213;45;5;46
TE108;08.01.2024;23;1.0;133;46;128;46;5;46
TE108;09.01.2024;0;1.0;78;49;74;49;4;49
TE108;09.01.2024;1;1.0;34;47;31;47;3;47
TE108;09.01.2024;2;1.0;35;50;34;50;1;52
TE108;09.01.2024;3;1.0;43;49;41;49;2;46
TE108;09.01.2024;4;1.0;103;52;82;50;21;56
TE108;09.01.2024;5;1.0;130;49;116;49;14;52
TE108;09.01.2024;6;1.0;270;48;250;48;20;48
TE108;09.01.2024;7;1.0;648;41;630;41;18;44
TE108;09.01.2024;8;1.0;755;42;742;42;13;41
TE108;09.01.2024;9;1.0;663;45;650;45;13;45
TE108;09.01.2024;10;1.0;664;45;651;45;13;43
TE108;09.01.2024;11;1.0;649;45;641;45;8;44
TE108;09.01.2024;12;1.0;752;44;736;44;16;43
TE108;09.01.2024;13;1.0;797;42;780;42;17;44
TE108;09.01.2024;14;1.0;859;41;847;41;12;40
TE108;09.01.2024;15;1.0;1046;39;1033;39;13;39
TE108;09.01.2024;16;1.0;1002;39;982;39;20;39
TE108;09.01.2024;17;1.0;876;41;865;41;11;41
TE108;09.01.2024;18;1.0;931;39;924;39;7;42
TE108;09.01.2024;19;1.0;640;44;633;44;7;45
TE108;09.01.2024;20;1.0;458;47;452;47;6;47
TE108;09.01.2024;21;1.0;338;45;334;45;4;42
TE108;09.01.2024;22;1.0;256;45;251;45;5;44
TE108;09.01.2024;23;1.0;132;47;128;47;4;46
TE108;10.01.2024;0;1.0;64;49;62;49;2;47
TE108;10.01.2024;1;1.0;37;51;33;51;4;52
TE108;10.01.2024;2;1.0;32;50;30;50;2;52
TE108;10.01.2024;3;1.0;37;52;33;52;4;47
TE108;10.01.2024;4;1.0;78;52;66;52;12;54
TE108;10.01.2024;5;1.0;154;50;149;50;5;50
TE108;10.01.2024;6;1.0;301;50;279;50;22;51
TE108;10.01.2024;7;1.0;721;43;705;43;16;43
TE108;10.01.2024;8;1.0;814;43;792;43;22;43
TE108;10.01.2024;9;1.0;698;45;685;45;13;45
TE108;10.01.2024;10;1.0;682;42;663;42;19;43
TE108;10.01.2024;11;1.0;629;45;616;45;13;44
TE108;10.01.2024;12;1.0;785;39;766;39;19;37
TE108;10.01.2024;13;1.0;855;43;836;43;19;44
TE108;10.01.2024;14;1.0;949;42;936;42;13;41
TE108;10.01.2024;15;1.0;1071;39;1051;39;20;39
TE108;10.01.2024;16;1.0;1133;39;1112;39;21;36
TE108;10.01.2024;17;1.0;1031;41;1015;41;16;41
TE108;10.01.2024;18;1.0;915;42;911;42;4;40
TE108;10.01.2024;19;1.0;698;44;691;44;7;42
TE108;10.01.2024;20;1.0;436;49;433;49;3;51
TE108;10.01.2024;21;1.0;316;46;314;46;2;46
TE108;10.01.2024;22;1.0;250;48;247;48;3;48
TE108;10.01.2024;23;1.0;165;49;160;49;5;48
TE108;11.01.2024;0;1.0;81;50;78;50;3;50
TE108;11.01.2024;1;1.0;43;48;42;48;1;47
TE108;11.01.2024;2;1.0;42;52;38;51;4;56
TE108;11.01.2024;3;1.0;29;54;28;54;1;61
TE108;11.01.2024;4;1.0;63;60;50;59;13;65
TE108;11.01.2024;5;1.0;176;56;169;56;7;55
TE108;11.01.2024;6;1.0;277;55;270;55;7;55
TE108;11.01.2024;7;1.0;603;49;590;48;13;51
TE108;11.01.2024;8;1.0;816;41;805;41;11;40
TE108;11.01.2024;9;1.0;660;50;652;50;8;49
TE108;11.01.2024;10;1.0;663;48;652;48;11;48
TE108;11.01.2024;11;1.0;690;49;677;49;13;50
TE108;11.01.2024;12;1.0;788;47;774;47;14;47
TE108;11.01.2024;13;1.0;798;46;791;46;7;46
TE108;11.01.2024;14;1.0;949;47;944;47;5;48
TE108;11.01.2024;15;1.0;1078;44;1069;44;9;46
TE108;11.01.2024;16;1.0;1057;42;1048;42;9;44
TE108;11.01.2024;17;1.0;1086;39;1077;39;9;41
TE108;11.01.2024;18;1.0;1004;41;990;41;14;41
TE108;11.01.2024;19;1.0;690;48;685;48;5;48
TE108;11.01.2024;20;1.0;449;49;442;49;7;51
TE108;11.01.2024;21;1.0;321;50;319;50;2;50
TE108;11.01.2024;22;1.0;299;50;294;50;5;51
TE108;11.01.2024;23;1.0;181;52;178;52;3;50
TE108;12.01.2024;0;1.0;99;53;95;53;4;53
TE108;12.01.2024;1;1.0;57;54;55;54;2;54
TE108;12.01.2024;2;1.0;44;54;41;54;3;55
TE108;12.01.2024;3;1.0;38;53;35;53;3;47
TE108;12.01.2024;4;1.0;93;53;87;53;6;54
TE108;12.01.2024;5;1.0;143;55;139;55;4;57
TE108;12.01.2024;6;1.0;302;53;291;53;11;53
TE108;12.01.2024;7;1.0;663;45;650;45;13;47
TE108;12.01.2024;8;1.0;716;41;701;41;15;32
TE108;12.01.2024;9;1.0;648;49;642;50;6;49
TE108;12.01.2024;10;1.0;605;48;594;48;11;49
TE108;12.01.2024;11;1.0;663;49;657;49;6;49
TE108;12.01.2024;12;1.0;726;46;717;46;9;45
TE108;12.01.2024;13;1.0;901;44;891;44;10;45
TE108;12.01.2024;14;1.0;916;45;912;45;4;48
TE108;12.01.2024;15;1.0;1003;44;1000;44;3;42
TE108;12.01.2024;16;1.0;882;45;869;45;13;46
TE108;12.01.2024;17;1.0;757;46;748;46;9;45
TE108;12.01.2024;18;1.0;727;47;723;47;4;48
TE108;12.01.2024;19;1.0;540;50;538;50;2;54
TE108;12.01.2024;20;1.0;430;52;424;52;6;52
TE108;12.01.2024;21;1.0;351;51;348;51;3;52
TE108;12.01.2024;22;1.0;368;51;364;51;4;52
TE108;12.01.2024;23;1.0;260;51;255;51;5;51
TE108;13.01.2024;0;1.0;167;55;163;55;4;61
TE108;13.01.2024;1;1.0;100;54;98;54;2;62
TE108;13.01.2024;2;1.0;78;54;76;54;2;61
TE108;13.01.2024;3;1.0;51;55;49;55;2;54
TE108;13.01.2024;4;1.0;62;56;61;56;1;51
TE108;13.01.2024;5;1.0;96;57;93;57;3;54
TE108;13.01.2024;6;1.0;103;55;101;55;2;63
TE108;13.01.2024;7;1.0;133;54;126;54;7;55
TE108;13.01.2024;8;1.0;262;54;256;54;6;55
TE108;13.01.2024;9;1.0;367;51;362;50;5;53
TE108;13.01.2024;10;1.0;432;49;428;49;4;48
TE108;13.01.2024;11;1.0;603;49;595;49;8;48
TE108;13.01.2024;12;1.0;717;46;713;46;4;46
TE108;13.01.2024;13;1.0;720;46;718;46;2;43
TE108;13.01.2024;14;1.0;714;47;712;47;2;46
TE108;13.01.2024;15;1.0;714;47;712;47;2;50
TE108;13.01.2024;16;1.0;580;49;579;49;1;46
TE108;13.01.2024;17;1.0;532;50;531;50;1;47
TE108;13.01.2024;18;1.0;521;51;519;51;2;57
TE108;13.01.2024;19;1.0;464;50;462;50;2;51
TE108;13.01.2024;20;1.0;351;52;345;52;6;56
TE108;13.01.2024;21;1.0;329;53;326;53;3;54
TE108;13.01.2024;22;1.0;267;52;265;52;2;54
TE108;13.01.2024;23;1.0;274;52;271;52;3;50
TE108;14.01.2024;0;1.0;223;53;222;53;1;59
TE108;14.01.2024;1;1.0;118;52;116;52;2;54
TE108;14.01.2024;2;1.0;86;52;85;52;1;60
TE108;14.01.2024;3;1.0;78;52;78;52;0;-1
TE108;14.01.2024;4;1.0;62;51;62;51;0;-1
TE108;14.01.2024;5;1.0;63;51;63;51;0;-1
TE108;14.01.2024;6;1.0;58;51;56;51;2;44
TE108;14.01.2024;7;1.0;82;48;80;48;2;44
TE108;14.01.2024;8;1.0;115;52;114;52;1;56
TE108;14.01.2024;9;1.0;254;53;251;53;3;54
TE108;14.01.2024;10;1.0;412;51;408;51;4;50
TE108;14.01.2024;11;1.0;449;52;447;52;2;57
TE108;14.01.2024;12;1.0;652;50;649;50;3;51
TE108;14.01.2024;13;1.0;693;50;689;50;4;53
TE108;14.01.2024;14;1.0;698;48;694;48;4;47
TE108;14.01.2024;15;1.0;618;47;615;47;3;49
TE108;14.01.2024;16;1.0;559;47;556;47;3;46
TE108;14.01.2024;17;1.0;519;49;516;49;3;47
TE108;14.01.2024;18;1.0;442;50;428;50;14;47
TE108;14.01.2024;19;1.0;364;49;361;49;3;50
TE108;14.01.2024;20;1.0;264;51;262;51;2;50
TE108;14.01.2024;21;1.0;261;52;258;52;3;52
TE108;14.01.2024;22;1.0;187;53;186;53;1;52
TE108;14.01.2024;23;1.0;126;52;121;52;5;52
TE108;15.01.2024;0;1.0;181;50;177;50;4;56
TE108;15.01.2024;1;1.0;27;57;27;57;0;-1
TE108;15.01.2024;2;1.0;25;54;24;54;1;50
TE108;15.01.2024;3;1.0;33;52;31;52;2;51
TE108;15.01.2024;4;1.0;61;51;56;51;5;51
TE108;15.01.2024;5;1.0;159;54;144;54;15;53
TE108;15.01.2024;6;1.0;262;51;249;51;13;51
TE108;15.01.2024;7;1.0;583;43;569;43;14;47
TE108;15.01.2024;8;1.0;726;43;705;43;21;43
TE108;15.01.2024;9;1.0;653;47;635;47;18;48
TE108;15.01.2024;10;1.0;586;47;570;47;16;50
TE108;15.01.2024;11;1.0;601;48;590;48;11;50
TE108;15.01.2024;12;1.0;641;46;626;46;15;45
TE108;15.01.2024;13;1.0;690;47;682;47;8;48
TE108;15.01.2024;14;1.0;853;38;838;38;15;37
TE108;15.01.2024;15;1.0;969;43;960;43;9;41
TE108;15.01.2024;16;1.0;893;45;888;45;5;45
TE108;15.01.2024;17;1.0;864;42;863;42;1;35
TE108;15.01.2024;18;1.0;810;43;800;43;10;42
TE108;15.01.2024;19;1.0;567;47;563;47;4;50
TE108;15.01.2024;20;1.0;399;50;395;50;4;50
TE108;15.01.2024;21;1.0;302;40;301;40;1;47
TE108;15.01.2024;22;1.0;247;46;244;46;3;45
TE108;15.01.2024;23;1.0;140;50;136;50;4;50
TE108;16.01.2024;0;1.0;64;53;61;53;3;53
TE108;16.01.2024;1;1.0;48;58;48;58;0;-1
TE108;16.01.2024;2;1.0;28;42;26;42;2;43
TE108;16.01.2024;3;1.0;47;40;40;40;7;39
TE108;16.01.2024;4;1.0;89;40;67;40;22;43
TE108;16.01.2024;5;1.0;127;44;118;44;9;45
TE108;16.01.2024;6;1.0;294;41;274;41;20;41
TE108;16.01.2024;7;1.0;581;32;573;32;8;36
TE108;16.01.2024;8;1.0;710;29;704;29;6;28
TE108;16.01.2024;9;1.0;611;36;606;36;5;36
TE108;16.01.2024;10;1.0;630;43;609;43;21;42
TE108;16.01.2024;11;1.0;668;46;657;45;11;45
TE108;16.01.2024;12;1.0;709;47;698;47;11;46
TE108;16.01.2024;13;1.0;746;46;735;46;11;46
TE108;16.01.2024;14;1.0;879;45;865;45;14;44
TE108;16.01.2024;15;1.0;1005;42;977;42;28;42
TE108;16.01.2024;16;1.0;1066;42;1054;42;12;43
TE108;16.01.2024;17;1.0;1096;44;1091;44;5;43
TE108;16.01.2024;18;1.0;896;44;892;44;4;43
TE108;16.01.2024;19;1.0;654;47;649;47;5;46
TE108;16.01.2024;20;1.0;421;49;417;49;4;46
TE108;16.01.2024;21;1.0;339;50;334;50;5;49
TE108;16.01.2024;22;1.0;288;50;279;50;9;50
TE108;16.01.2024;23;1.0;172;51;166;51;6;52
TE108;17.01.2024;0;1.0;88;49;84;49;4;48
TE108;17.01.2024;1;1.0;48;51;46;51;2;53
TE108;17.01.2024;2;1.0;33;47;32;46;1;67
TE108;17.01.2024;3;1.0;33;48;28;49;5;43
TE108;17.01.2024;4;1.0;82;55;61;56;21;53
TE108;17.01.2024;5;1.0;136;50;127;50;9;50
TE108;17.01.2024;6;1.0;298;47;274;47;24;47
TE108;17.01.2024;7;1.0;681;40;658;40;23;43
TE108;17.01.2024;8;1.0;759;40;738;40;21;42
TE108;17.01.2024;9;1.0;672;44;665;44;7;45
TE108;17.01.2024;10;1.0;616;46;604;46;12;46
TE108;17.01.2024;11;1.0;607;45;591;45;16;46
TE108;17.01.2024;12;1.0;708;45;684;45;24;44
TE108;17.01.2024;13;1.0;694;46;672;46;22;46
TE108;17.01.2024;14;1.0;917;44;896;44;21;44
TE108;17.01.2024;15;1.0;947;45;929;45;18;46
TE108;17.01.2024;16;1.0;889;45;879;45;10;44
TE108;17.01.2024;17;1.0;891;44;882;44;9;45
TE108;17.01.2024;18;1.0;848;45;843;45;5;44
TE108;17.01.2024;19;1.0;643;47;636;47;7;46
TE108;17.01.2024;20;1.0;461;50;457;50;4;51
TE108;17.01.2024;21;1.0;342;51;338;51;4;48
TE108;17.01.2024;22;1.0;247;52;243;52;4;54
TE108;17.01.2024;23;1.0;147;54;143;55;4;54
TE108;18.01.2024;0;1.0;76;53;72;53;4;54
TE108;18.01.2024;1;1.0;38;55;35;55;3;56
TE108;18.01.2024;2;1.0;48;56;45;56;3;57
TE108;18.01.2024;3;1.0;39;54;33;53;6;58
TE108;18.01.2024;4;1.0;82;56;73;56;9;61
TE108;18.01.2024;5;1.0;165;56;154;56;11;56
TE108;18.01.2024;6;1.0;302;52;287;52;15;52
TE108;18.01.2024;7;1.0;648;44;628;44;20;46
TE108;18.01.2024;8;1.0;753;42;742;42;11;42
TE108;18.01.2024;9;1.0;657;48;644;48;13;47
TE108;18.01.2024;10;1.0;622;48;610;48;12;47
TE108;18.01.2024;11;1.0;677;45;661;45;16;46
TE108;18.01.2024;12;1.0;752;45;737;45;15;45
TE108;18.01.2024;13;1.0;815;44;788;44;27;44
TE108;18.01.2024;14;1.0;913;40;896;40;17;42
TE108;18.01.2024;15;1.0;1016;40;995;40;21;40
TE108;18.01.2024;16;1.0;1023;37;1009;37;15;34
TE108;18.01.2024;17;1.0;872;42;867;42;5;40
TE108;18.01.2024;18;1.0;894;42;889;42;5;43
TE108;18.01.2024;19;1.0;734;44;725;44;9;45
TE108;18.01.2024;20;1.0;471;46;470;46;1;46
TE108;18.01.2024;21;1.0;335;48;331;48;4;49
TE108;18.01.2024;22;1.0;357;47;353;47;4;46
TE108;18.01.2024;23;1.0;219;48;216;48;3;45
TE108;19.01.2024;0;1.0;110;48;107;48;3;49
TE108;19.01.2024;1;1.0;52;49;51;49;1;52
TE108;19.01.2024;2;1.0;41;47;37;47;4;42
TE108;19.01.2024;3;1.0;34;49;32;49;2;50
TE108;19.01.2024;4;1.0;74;52;69;52;5;51
TE108;19.01.2024;5;1.0;133;48;127;48;6;45
TE108;19.01.2024;6;1.0;294;47;283;47;11;47
TE108;19.01.2024;7;1.0;648;42;632;42;16;45
TE108;19.01.2024;8;1.0;707;42;698;42;9;42
TE108;19.01.2024;9;1.0;630;44;618;44;12;43
TE108;19.01.2024;10;1.0;737;41;718;41;19;42
TE108;19.01.2024;11;1.0;762;43;749;43;13;44
TE108;19.01.2024;12;1.0;866;42;848;42;18;41
TE108;19.01.2024;13;1.0;898;42;867;42;31;42
TE108;19.01.2024;14;1.0;1064;39;1043;39;21;37
TE108;19.01.2024;15;1.0;1062;42;1050;42;12;41
TE108;19.01.2024;16;1.0;973;43;952;43;21;43
TE108;19.01.2024;17;1.0;831;45;817;45;14;45
TE108;19.01.2024;18;1.0;770;48;763;48;7;49
TE108;19.01.2024;19;1.0;598;44;593;44;5;45
TE108;19.01.2024;20;1.0;495;45;490;45;5;45
TE108;19.01.2024;21;1.0;339;47;335;47;4;49
TE108;19.01.2024;22;1.0;361;48;357;48;4;48
TE108;19.01.2024;23;1.0;286;48;281;48;5;50
TE108;20.01.2024;0;1.0;186;47;181;47;5;47
TE108;20.01.2024;1;1.0;119;50;115;50;4;50
TE108;20.01.2024;2;1.0;81;51;78;51;3;50
TE108;20.01.2024;3;1.0;62;53;62;53;0;-1
TE108;20.01.2024;4;1.0;58;52;55;52;3;54
TE108;20.01.2024;5;1.0;111;51;104;51;7;50
TE108;20.01.2024;6;1.0;106;49;97;49;9;50
TE108;20.01.2024;7;1.0;150;49;141;49;9;51
TE108;20.01.2024;8;1.0;249;49;240;49;9;48
TE108;20.01.2024;9;1.0;417;50;405;50;12;49
TE108;20.01.2024;10;1.0;546;49;533;49;13;50
TE108;20.01.2024;11;1.0;664;47;649;47;15;47
TE108;20.01.2024;12;1.0;723;47;711;47;12;47
TE108;20.01.2024;13;1.0;732;44;721;43;11;43
TE108;20.01.2024;14;1.0;736;44;731;44;5;42
TE108;20.01.2024;15;1.0;694;47;683;47;11;47
TE108;20.01.2024;16;1.0;574;46;563;46;11;46
TE108;20.01.2024;17;1.0;630;43;623;43;7;43
TE108;20.01.2024;18;1.0;573;46;565;46;8;44
TE108;20.01.2024;19;1.0;488;46;482;46;6;42
TE108;20.01.2024;20;1.0;365;48;360;48;5;44
TE108;20.01.2024;21;1.0;295;47;286;47;9;46
TE108;20.01.2024;22;1.0;272;47;267;47;5;46
TE108;20.01.2024;23;1.0;266;46;261;46;5;47
TE108;21.01.2024;0;1.0;181;47;175;46;6;46
TE108;21.01.2024;1;1.0;155;48;153;48;2;50
TE108;21.01.2024;2;1.0;82;49;77;49;5;52
TE108;21.01.2024;3;1.0;67;55;64;55;3;51
TE108;21.01.2024;4;1.0;57;53;54;52;3;57
TE108;21.01.2024;5;1.0;74;56;70;56;4;52
TE108;21.01.2024;6;1.0;64;56;55;55;9;57
TE108;21.01.2024;7;1.0;80;51;72;52;8;47
TE108;21.01.2024;8;1.0;135;52;133;52;2;50
TE108;21.01.2024;9;1.0;266;51;259;51;7;50
TE108;21.01.2024;10;1.0;373;50;370;50;3;51
TE108;21.01.2024;11;1.0;510;49;506;49;4;48
TE108;21.01.2024;12;1.0;633;47;623;47;10;48
TE108;21.01.2024;13;1.0;680;46;673;46;7;47
TE108;21.01.2024;14;1.0;684;47;671;47;13;47
TE108;21.01.2024;15;1.0;567;45;564;45;3;45
TE108;21.01.2024;16;1.0;486;47;483;47;3;49
TE108;21.01.2024;17;1.0;502;45;498;45;4;46
TE108;21.01.2024;18;1.0;557;46;552;46;5;46
TE108;21.01.2024;19;1.0;384;46;383;46;1;47
TE108;21.01.2024;20;1.0;283;48;276;48;7;46
TE108;21.01.2024;21;1.0;259;46;258;46;1;43
TE108;21.01.2024;22;1.0;196;47;191;47;5;46
TE108;21.01.2024;23;1.0;112;49;107;49;5;49
TE108;22.01.2024;0;1.0;62;51;58;51;4;54
TE108;22.01.2024;1;1.0;36;52;34;52;2;53
TE108;22.01.2024;2;1.0;32;51;30;52;2;47
TE108;22.01.2024;3;1.0;22;54;20;53;2;61
TE108;22.01.2024;4;1.0;94;51;87;51;7;48
TE108;22.01.2024;5;1.0;155;49;153;49;2;49
TE108;22.01.2024;6;1.0;337;50;319;50;18;49
TE108;22.01.2024;7;1.0;692;40;665;40;27;42
TE108;22.01.2024;8;1.0;762;41;739;41;23;41
TE108;22.01.2024;9;1.0;717;43;702;43;15;42
TE108;22.01.2024;10;1.0;626;43;606;43;20;43
TE108;22.01.2024;11;1.0;669;46;651;46;18;46
TE108;22.01.2024;12;1.0;735;46;714;46;21;47
TE108;22.01.2024;13;1.0;785;43;754;43;31;42
TE108;22.01.2024;14;1.0;902;40;886;40;16;38
TE108;22.01.2024;15;1.0;1044;38;1036;38;8;34
TE108;22.01.2024;16;1.0;976;38;966;38;10;39
TE108;22.01.2024;17;1.0;1017;39;1008;39;9;42
TE108;22.01.2024;18;1.0;983;41;979;41;4;42
TE108;22.01.2024;19;1.0;740;42;733;42;7;40
TE108;22.01.2024;20;1.0;430;44;424;44;6;45
TE108;22.01.2024;21;1.0;293;46;289;46;4;45
TE108;22.01.2024;22;1.0;233;46;226;46;7;44
TE108;22.01.2024;23;1.0;158;46;153;46;5;49
TE108;23.01.2024;0;1.0;90;49;86;49;4;50
TE108;23.01.2024;1;1.0;28;51;24;52;4;49
TE108;23.01.2024;2;1.0;38;49;38;49;0;-1
TE108;23.01.2024;3;1.0;25;51;21;50;4;56
TE108;23.01.2024;4;1.0;81;53;67;53;14;52
TE108;23.01.2024;5;1.0;154;49;145;49;9;50
TE108;23.01.2024;6;1.0;326;48;304;48;22;47
TE108;23.01.2024;7;1.0;644;44;616;44;28;44
TE108;23.01.2024;8;1.0;732;44;705;44;27;44
TE108;23.01.2024;9;1.0;713;46;692;46;21;46
TE108;23.01.2024;10;1.0;659;47;642;47;17;46
TE108;23.01.2024;11;1.0;671;45;649;45;22;44
TE108;23.01.2024;12;1.0;761;45;743;45;18;46
TE108;23.01.2024;13;1.0;793;44;761;45;32;44
TE108;23.01.2024;14;1.0;964;42;932;42;32;41
TE108;23.01.2024;15;1.0;1043;42;1009;42;34;39
TE108;23.01.2024;16;1.0;1092;41;1065;41;27;41
TE108;23.01.2024;17;1.0;950;39;936;39;14;41
TE108;23.01.2024;18;1.0;944;41;936;41;8;42
TE108;23.01.2024;19;1.0;652;45;646;45;6;44
TE108;23.01.2024;20;1.0;459;45;454;45;5;44
TE108;23.01.2024;21;1.0;372;46;363;46;9;43
TE108;23.01.2024;22;1.0;238;49;230;49;8;47
TE108;23.01.2024;23;1.0;188;51;184;51;4;48
TE108;24.01.2024;0;1.0;78;54;77;54;1;54
TE108;24.01.2024;1;1.0;49;53;48;53;1;54
TE108;24.01.2024;2;1.0;39;51;38;51;1;57
TE108;24.01.2024;3;1.0;34;49;31;50;3;47
TE108;24.01.2024;4;1.0;90;49;81;48;9;52
TE108;24.01.2024;5;1.0;147;48;135;48;12;48
TE108;24.01.2024;6;1.0;320;50;286;50;34;49
TE108;24.01.2024;7;1.0;724;42;688;42;36;43
TE108;24.01.2024;8;1.0;795;41;776;41;19;42
TE108;24.01.2024;9;1.0;794;45;783;45;11;44
TE108;24.01.2024;10;1.0;713;45;697;45;16;44
TE108;24.01.2024;11;1.0;736;46;716;46;20;46
TE108;24.01.2024;12;1.0;763;46;736;46;27;46
TE108;24.01.2024;13;1.0;858;44;822;44;36;42
TE108;24.01.2024;14;1.0;938;42;914;42;24;42
TE108;24.01.2024;15;1.0;1072;42;1059;42;13;41
TE108;24.01.2024;16;1.0;1011;42;998;42;13;41
TE108;24.01.2024;17;1.0;1109;41;1095;41;14;40
TE108;24.01.2024;18;1.0;988;41;970;41;18;39
TE108;24.01.2024;19;1.0;743;43;717;43;26;43
TE108;24.01.2024;20;1.0;487;45;480;45;7;45
TE108;24.01.2024;21;1.0;377;48;374;48;3;49
TE108;24.01.2024;22;1.0;282;47;275;47;7;47
TE108;24.01.2024;23;1.0;169;49;162;49;7;48
TE108;25.01.2024;0;1.0;91;51;88;51;3;52
TE108;25.01.2024;1;1.0;54;48;51;49;3;45
TE108;25.01.2024;2;1.0;32;48;31;49;1;51
TE108;25.01.2024;3;1.0;29;50;25;49;4;57
TE108;25.01.2024;4;1.0;75;54;58;55;17;53
TE108;25.01.2024;5;1.0;158;50;144;51;14;50
TE108;25.01.2024;6;1.0;322;49;299;49;23;48
TE108;25.01.2024;7;1.0;666;43;645;43;21;43
TE108;25.01.2024;8;1.0;829;44;804;44;25;42
TE108;25.01.2024;9;1.0;717;43;695;43;22;44
TE108;25.01.2024;10;1.0;710;45;692;45;18;45
TE108;25.01.2024;11;1.0;839;46;822;46;17;45
TE108;25.01.2024;12;1.0;928;43;907;43;21;44
TE108;25.01.2024;13;1.0;906;43;876;43;30;44
TE108;25.01.2024;14;1.0;1028;41;1007;41;21;41
TE108;25.01.2024;15;1.0;1130;31;1090;31;40;27
TE108;25.01.2024;16;1.0;1012;32;984;32;28;28
TE108;25.01.2024;17;1.0;1176;40;1157;40;19;37
TE108;25.01.2024;18;1.0;1042;43;1030;43;12;43
TE108;25.01.2024;19;1.0;695;45;689;46;6;45
TE108;25.01.2024;20;1.0;485;47;476;47;9;46
TE108;25.01.2024;21;1.0;365;47;361;47;4;50
TE108;25.01.2024;22;1.0;364;47;361;47;3;46
TE108;25.01.2024;23;1.0;204;39;203;39;1;45
TE108;26.01.2024;0;1.0;98;48;96;48;2;45
TE108;26.01.2024;1;1.0;56;49;54;49;2;50
TE108;26.01.2024;2;1.0;34;47;34;47;0;-1
TE108;26.01.2024;3;1.0;54;47;52;48;2;43
TE108;26.01.2024;4;1.0;67;50;53;50;14;48
TE108;26.01.2024;5;1.0;126;48;118;48;8;43
TE108;26.01.2024;6;1.0;309;49;294;49;15;50
TE108;26.01.2024;7;1.0;632;42;604;42;28;43
TE108;26.01.2024;8;1.0;733;46;713;46;20;47
TE108;26.01.2024;9;1.0;739;48;724;48;15;48
TE108;26.01.2024;10;1.0;659;47;647;47;12;48
TE108;26.01.2024;11;1.0;746;46;733;46;13;44
TE108;26.01.2024;12;1.0;812;42;801;42;10;44
TE108;26.01.2024;13;1.0;852;44;849;44;3;45
TE108;26.01.2024;14;1.0;1086;44;1076;44;10;44
TE108;26.01.2024;15;1.0;1211;38;1180;38;31;37
TE108;26.01.2024;16;1.0;1076;40;1066;40;10;40
TE108;26.01.2024;17;1.0;853;42;845;42;8;41
TE108;26.01.2024;18;1.0;827;47;824;47;3;45
TE108;26.01.2024;19;1.0;605;46;597;46;8;46
TE108;26.01.2024;20;1.0;454;46;450;46;4;45
TE108;26.01.2024;21;1.0;352;46;342;46;10;44
TE108;26.01.2024;22;1.0;337;43;331;43;6;43
TE108;26.01.2024;23;1.0;265;47;258;48;7;49
TE108;27.01.2024;0;1.0;177;48;172;48;5;47
TE108;27.01.2024;1;1.0;113;49;109;49;4;51
TE108;27.01.2024;2;1.0;81;49;78;49;3;48
TE108;27.01.2024;3;1.0;49;48;44;48;5;49
TE108;27.01.2024;4;1.0;66;51;61;51;5;49
TE108;27.01.2024;5;1.0;110;50;101;51;9;43
TE108;27.01.2024;6;1.0;116;49;109;50;7;44
TE108;27.01.2024;7;1.0;143;49;134;49;9;46
TE108;27.01.2024;8;1.0;275;50;268;50;7;47
TE108;27.01.2024;9;1.0;425;49;420;49;5;49
TE108;27.01.2024;10;1.0;525;48;519;48;6;48
TE108;27.01.2024;11;1.0;661;48;650;48;11;47
TE108;27.01.2024;12;1.0;729;46;720;46;9;46
TE108;27.01.2024;13;1.0;761;46;751;46;10;46
TE108;27.01.2024;14;1.0;794;46;787;46;7;46
TE108;27.01.2024;15;1.0;762;45;750;45;12;45
TE108;27.01.2024;16;1.0;656;43;644;43;12;42
TE108;27.01.2024;17;1.0;683;43;674;43;9;44
TE108;27.01.2024;18;1.0;643;47;638;47;5;46
TE108;27.01.2024;19;1.0;476;45;471;45;5;44
TE108;27.01.2024;20;1.0;362;46;356;46;6;45
TE108;27.01.2024;21;1.0;345;45;340;45;5;46
TE108;27.01.2024;22;1.0;363;46;356;46;7;46
TE108;27.01.2024;23;1.0;269;46;262;46;7;41
TE108;28.01.2024;0;1.0;204;49;198;48;6;50
TE108;28.01.2024;1;1.0;139;48;135;48;4;47
TE108;28.01.2024;2;1.0;112;50;108;50;4;47
TE108;28.01.2024;3;1.0;69;49;65;49;4;51
TE108;28.01.2024;4;1.0;59;46;57;46;2;45
TE108;28.01.2024;5;1.0;52;48;49;48;3;50
TE108;28.01.2024;6;1.0;73;50;69;50;4;52
TE108;28.01.2024;7;1.0;96;49;94;49;2;50
TE108;28.01.2024;8;1.0;159;45;156;45;3;47
TE108;28.01.2024;9;1.0;303;45;297;45;6;46
TE108;28.01.2024;10;1.0;498;44;491;44;7;44
TE108;28.01.2024;11;1.0;756;44;746;44;10;44
TE108;28.01.2024;12;1.0;818;42;806;42;12;43
TE108;28.01.2024;13;1.0;909;38;901;38;8;40
TE108;28.01.2024;14;1.0;894;41;886;41;8;40
TE108;28.01.2024;15;1.0;779;42;771;42;8;40
TE108;28.01.2024;16;1.0;615;45;611;45;4;44
TE108;28.01.2024;17;1.0;566;46;557;46;9;45
TE108;28.01.2024;18;1.0;534;46;528;46;6;44
TE108;28.01.2024;19;1.0;397;41;392;42;4;46
TE108;28.01.2024;20;1.0;317;47;313;47;4;45
TE108;28.01.2024;21;1.0;256;47;252;47;4;48
TE108;28.01.2024;22;1.0;225;47;219;47;6;44
TE108;28.01.2024;23;1.0;125;48;121;48;4;47
TE108;29.01.2024;0;1.0;68;48;64;48;4;48
TE108;29.01.2024;1;1.0;41;49;38;49;3;47
TE108;29.01.2024;2;1.0;21;47;17;46;4;49
TE108;29.01.2024;3;1.0;26;49;23;47;3;69
TE108;29.01.2024;4;1.0;91;50;84;50;7;52
TE108;29.01.2024;5;1.0;156;48;152;48;4;48
TE108;29.01.2024;6;1.0;292;48;277;48;15;49
TE108;29.01.2024;7;1.0;678;43;653;43;25;46
TE108;29.01.2024;8;1.0;829;43;807;43;22;42
TE108;29.01.2024;9;1.0;749;44;725;44;24;43
TE108;29.01.2024;10;1.0;686;44;668;43;18;43
TE108;29.01.2024;11;1.0;722;43;702;43;20;42
TE108;29.01.2024;12;1.0;787;39;766;40;21;39
TE108;29.01.2024;13;1.0;835;38;812;38;23;39
TE108;29.01.2024;14;1.0;950;34;930;34;20;33
TE108;29.01.2024;16;1.0;1016;35;1001;35;15;37
TE108;29.01.2024;17;1.0;940;38;917;37;23;39
TE108;29.01.2024;18;1.0;876;39;865;39;11;39
TE108;29.01.2024;19;1.0;642;43;638;43;4;46
TE108;29.01.2024;20;1.0;452;46;445;46;7;44
TE108;29.01.2024;21;1.0;309;46;303;46;6;47
TE108;29.01.2024;22;1.0;248;46;243;46;5;47
TE108;29.01.2024;23;1.0;132;49;126;49;6;48
TE108;30.01.2024;0;1.0;68;48;63;48;5;50
TE108;30.01.2024;1;1.0;32;51;28;51;4;51
TE108;30.01.2024;2;1.0;28;53;26;53;2;47
TE108;30.01.2024;3;1.0;32;48;26;48;6;50
TE108;30.01.2024;4;1.0;94;55;83;55;11;55
TE108;30.01.2024;5;1.0;155;49;139;49;16;51
TE108;30.01.2024;6;1.0;297;50;283;50;14;49
TE108;30.01.2024;7;1.0;666;45;627;45;39;46
TE108;30.01.2024;8;1.0;816;44;793;44;23;44
TE108;30.01.2024;9;1.0;767;45;740;45;27;44
TE108;30.01.2024;10;1.0;724;44;699;44;25;44
TE108;30.01.2024;11;1.0;760;38;751;38;9;40
TE108;30.01.2024;12;1.0;736;42;718;42;18;42
TE108;30.01.2024;13;1.0;825;40;806;40;19;42
TE108;30.01.2024;14;1.0;916;37;889;37;27;38
TE108;30.01.2024;15;1.0;1096;38;1082;38;14;37
TE108;30.01.2024;16;1.0;1060;38;1046;37;14;39
TE108;30.01.2024;17;1.0;980;38;962;38;18;41
TE108;30.01.2024;18;1.0;1001;41;993;41;8;43
TE108;30.01.2024;19;1.0;707;42;703;42;4;47
TE108;30.01.2024;20;1.0;495;44;487;44;8;41
TE108;30.01.2024;21;1.0;362;44;355;44;7;47
TE108;30.01.2024;22;1.0;273;45;268;45;5;45
TE108;30.01.2024;23;1.0;161;43;151;43;10;42
TE108;31.01.2024;0;1.0;91;40;89;40;2;42
TE108;31.01.2024;1;1.0;46;41;46;41;0;-1
TE108;31.01.2024;2;1.0;36;44;31;44;5;46
TE108;31.01.2024;3;1.0;29;44;27;43;2;68
TE108;31.01.2024;4;1.0;99;46;92;45;7;55
TE108;31.01.2024;5;1.0;171;49;166;49;5;52
TE108;31.01.2024;6;1.0;331;53;321;53;10;53
TE108;31.01.2024;7;1.0;680;45;652;45;28;46
TE108;31.01.2024;8;1.0;842;41;810;41;32;43
TE108;31.01.2024;9;1.0;689;44;671;44;19;44
TE108;31.01.2024;10;1.0;659;40;643;40;15;41
TE108;31.01.2024;11;1.0;730;40;717;40;14;39
TE108;31.01.2024;12;1.0;733;45;715;45;18;44
TE108;31.01.2024;13;1.0;817;44;794;44;23;43
TE108;31.01.2024;14;1.0;941;39;910;39;31;38
TE108;31.01.2024;15;1.0;1050;40;1031;40;19;40
TE108;31.01.2024;16;1.0;1097;43;1084;43;13;43
TE108;31.01.2024;17;1.0;980;37;972;37;8;38
TE108;31.01.2024;18;1.0;942;41;937;41;4;50
TE108;31.01.2024;19;1.0;708;43;702;43;6;50
TE108;31.01.2024;20;1.0;488;45;484;45;4;51
TE108;31.01.2024;21;1.0;320;46;315;46;5;49
TE108;31.01.2024;22;1.0;269;42;265;42;4;38
TE108;31.01.2024;23;1.0;187;51;180;51;7;46
TE112;01.01.2024;0;1.0;25;55;22;55;3;55
TE112;01.01.2024;1;1.0;113;56;109;56;4;55
TE112;01.01.2024;2;1.0;126;54;124;54;2;53
TE112;01.01.2024;3;1.0;80;51;77;51;3;50
TE112;01.01.2024;4;1.0;54;49;52;50;2;34
TE112;01.01.2024;5;1.0;40;56;35;56;5;56
TE112;01.01.2024;6;1.0;38;57;33;58;5;52
TE112;01.01.2024;7;1.0;21;55;17;55;4;53
TE112;01.01.2024;8;1.0;19;56;17;56;2;52
TE112;01.01.2024;9;1.0;37;51;32;51;5;53
TE112;01.01.2024;10;1.0;65;50;57;50;8;55
TE112;01.01.2024;11;1.0;68;54;57;54;11;54
TE112;01.01.2024;12;1.0;126;56;113;55;13;62
TE112;01.01.2024;13;1.0;152;51;147;51;5;50
TE112;01.01.2024;14;1.0;170;54;164;54;6;54
TE112;01.01.2024;15;1.0;170;51;163;51;7;51
TE112;01.01.2024;16;1.0;185;47;175;46;11;49
TE112;01.01.2024;17;1.0;143;51;126;52;17;50
TE112;01.01.2024;18;1.0;132;53;117;53;15;53
TE112;01.01.2024;19;1.0;101;60;95;59;6;65
TE112;01.01.2024;20;1.0;101;52;95;52;6;52
TE112;01.01.2024;21;1.0;92;62;88;63;4;59
TE112;01.01.2024;22;1.0;69;58;65;58;4;62
TE112;01.01.2024;23;1.0;40;58;38;59;2;56
TE112;02.01.2024;0;1.0;22;56;17;57;5;54
TE112;02.01.2024;1;1.0;20;48;18;49;2;38
TE112;02.01.2024;2;1.0;8;57;5;56;3;60
TE112;02.01.2024;3;1.0;22;59;20;58;2;65
TE112;02.01.2024;4;1.0;20;58;17;58;3;58
TE112;02.01.2024;5;1.0;101;49;99;49;2;48
TE112;02.01.2024;6;1.0;145;45;139;45;7;42
TE112;02.01.2024;7;1.0;172;48;165;48;7;47
TE112;02.01.2024;8;1.0;219;47;211;47;8;44
TE112;02.01.2024;9;1.0;218;54;209;54;9;53
TE112;02.01.2024;10;1.0;228;52;218;52;10;52
TE112;02.01.2024;11;1.0;222;52;211;52;11;51
TE112;02.01.2024;12;1.0;254;49;249;49;5;54
TE112;02.01.2024;13;1.0;285;56;275;56;10;58
TE112;02.01.2024;14;1.0;343;54;334;54;9;52
TE112;02.01.2024;15;1.0;390;53;381;53;9;53
TE112;02.01.2024;16;1.0;392;51;380;51;12;51
TE112;02.01.2024;17;1.0;309;57;303;57;6;55
TE112;02.01.2024;18;1.0;286;64;278;64;8;69
TE112;02.01.2024;19;1.0;188;62;183;62;5;61
TE112;02.01.2024;20;1.0;157;60;151;60;6;57
TE112;02.01.2024;21;1.0;118;59;112;59;6;60
TE112;02.01.2024;22;1.0;110;59;105;58;5;61
TE112;02.01.2024;23;1.0;47;56;42;56;5;54
TE112;03.01.2024;0;1.0;34;52;30;52;4;52
TE112;03.01.2024;1;1.0;14;54;11;55;3;50
TE112;03.01.2024;2;1.0;16;60;14;59;2;70
TE112;03.01.2024;3;1.0;23;54;19;54;4;54
TE112;03.01.2024;4;1.0;26;50;23;50;3;49
TE112;03.01.2024;5;1.0;104;54;99;54;5;54
TE112;03.01.2024;6;1.0;147;49;134;49;13;47
TE112;03.01.2024;7;1.0;188;47;171;47;17;47
TE112;03.01.2024;8;1.0;316;45;288;45;28;46
TE112;03.01.2024;9;1.0;287;47;267;47;20;47
TE112;03.01.2024;10;1.0;312;46;271;46;41;47
TE112;03.01.2024;11;1.0;294;50;152;50;142;49
TE112;03.01.2024;12;1.0;393;48;362;48;31;50
TE112;03.01.2024;13;1.0;389;50;372;50;17;48
TE112;03.01.2024;14;1.0;438;48;425;48;13;47
TE112;03.01.2024;15;1.0;436;47;363;47;73;48
TE112;03.01.2024;16;1.0;380;48;325;48;55;48
TE112;03.01.2024;17;1.0;371;48;316;48;55;48
TE112;03.01.2024;18;1.0;325;54;315;54;10;54
TE112;03.01.2024;19;1.0;198;53;188;53;10;54
TE112;03.01.2024;20;1.0;205;57;196;57;9;56
TE112;03.01.2024;21;1.0;143;59;127;59;16;61
TE112;03.01.2024;22;1.0;104;52;102;52;2;47
TE112;03.01.2024;23;1.0;71;51;68;51;3;50
TE112;04.01.2024;0;1.0;39;54;37;54;2;50
TE112;04.01.2024;1;1.0;19;57;16;57;3;57
TE112;04.01.2024;2;1.0;10;63;8;62;2;67
TE112;04.01.2024;3;1.0;15;68;11;65;4;76
TE112;04.01.2024;4;1.0;28;61;25;62;3;56
TE112;04.01.2024;5;1.0;98;63;94;64;4;55
TE112;04.01.2024;6;1.0;141;54;136;54;5;51
TE112;04.01.2024;7;1.0;173;51;168;51;5;55
TE112;04.01.2024;8;1.0;300;47;289;47;11;45
TE112;04.01.2024;9;1.0;293;47;274;47;19;47
TE112;04.01.2024;10;1.0;314;49;289;50;25;49
TE112;04.01.2024;11;1.0;287;51;254;51;33;52
TE112;04.01.2024;12;1.0;301;49;292;49;9;51
TE112;04.01.2024;13;1.0;373;50;363;50;10;49
TE112;04.01.2024;14;1.0;444;51;430;51;14;52
TE112;04.01.2024;15;1.0;440;51;429;51;11;52
TE112;04.01.2024;16;1.0;445;51;427;51;18;50
TE112;04.01.2024;17;1.0;423;50;415;50;8;50
TE112;04.01.2024;18;1.0;351;61;340;61;11;60
TE112;04.01.2024;19;1.0;249;59;238;59;11;60
TE112;04.01.2024;20;1.0;180;56;171;56;9;55
TE112;04.01.2024;21;1.0;136;61;131;61;5;60
TE112;04.01.2024;22;1.0;110;60;105;60;5;59
TE112;04.01.2024;23;1.0;48;60;45;60;3;62
TE112;05.01.2024;0;1.0;28;57;25;57;3;56
TE112;05.01.2024;1;1.0;25;64;22;64;3;56
TE112;05.01.2024;2;1.0;14;57;12;58;2;54
TE112;05.01.2024;3;1.0;18;54;15;55;3;48
TE112;05.01.2024;4;1.0;27;60;25;61;2;54
TE112;05.01.2024;5;1.0;95;66;88;66;7;65
TE112;05.01.2024;6;1.0;139;55;130;55;9;55
TE112;05.01.2024;7;1.0;185;46;170;45;15;48
TE112;05.01.2024;8;1.0;225;55;209;55;16;52
TE112;05.01.2024;9;1.0;250;55;243;55;7;52
TE112;05.01.2024;10;1.0;276;56;267;56;9;55
TE112;05.01.2024;11;1.0;265;54;246;54;19;54
TE112;05.01.2024;12;1.0;303;54;294;54;9;52
TE112;05.01.2024;13;1.0;380;53;365;53;15;52
TE112;05.01.2024;14;1.0;407;53;393;53;14;56
TE112;05.01.2024;15;1.0;433;52;417;52;16;52
TE112;05.01.2024;16;1.0;370;54;360;54;10;53
TE112;05.01.2024;17;1.0;315;53;309;53;6;57
TE112;05.01.2024;18;1.0;282;59;276;59;6;58
TE112;05.01.2024;19;1.0;224;59;217;59;7;60
TE112;05.01.2024;20;1.0;179;58;173;58;6;56
TE112;05.01.2024;21;1.0;126;61;121;61;5;60
TE112;05.01.2024;22;1.0;113;58;109;58;4;59
TE112;05.01.2024;23;1.0;86;59;82;59;4;58
TE112;06.01.2024;0;1.0;61;56;56;57;5;52
TE112;06.01.2024;1;1.0;45;66;40;67;5;57
TE112;06.01.2024;2;1.0;26;60;23;60;3;62
TE112;06.01.2024;3;1.0;27;60;23;60;4;65
TE112;06.01.2024;4;1.0;23;54;18;54;5;53
TE112;06.01.2024;5;1.0;41;65;37;64;4;72
TE112;06.01.2024;6;1.0;38;61;30;61;8;62
TE112;06.01.2024;7;1.0;45;54;34;55;11;51
TE112;06.01.2024;8;1.0;69;55;63;55;6;54
TE112;06.01.2024;9;1.0;151;58;143;58;8;57
TE112;06.01.2024;10;1.0;186;57;179;57;7;58
TE112;06.01.2024;11;1.0;235;59;227;59;8;60
TE112;06.01.2024;12;1.0;267;61;256;61;11;60
TE112;06.01.2024;13;1.0;282;58;271;58;11;57
TE112;06.01.2024;14;1.0;310;61;300;61;10;65
TE112;06.01.2024;15;1.0;364;57;353;57;11;57
TE112;06.01.2024;16;1.0;295;54;287;54;8;56
TE112;06.01.2024;17;1.0;275;54;267;55;8;53
TE112;06.01.2024;18;1.0;241;57;230;57;11;58
TE112;06.01.2024;19;1.0;191;62;185;63;6;58
TE112;06.01.2024;20;1.0;162;62;152;62;10;61
TE112;06.01.2024;21;1.0;110;57;106;58;4;55
TE112;06.01.2024;22;1.0;137;58;132;57;5;63
TE112;06.01.2024;23;1.0;82;62;75;63;7;59
TE112;07.01.2024;0;1.0;56;57;53;57;3;62
TE112;07.01.2024;1;1.0;51;63;46;62;5;66
TE112;07.01.2024;2;1.0;21;59;18;59;3;59
TE112;07.01.2024;3;1.0;19;56;17;56;2;56
TE112;07.01.2024;4;1.0;22;50;20;51;2;45
TE112;07.01.2024;5;1.0;31;54;29;54;2;56
TE112;07.01.2024;6;1.0;26;58;22;57;4;62
TE112;07.01.2024;7;1.0;21;58;18;59;3;54
TE112;07.01.2024;8;1.0;34;64;30;63;4;68
TE112;07.01.2024;9;1.0;88;59;82;59;6;61
TE112;07.01.2024;10;1.0;121;67;117;67;4;66
TE112;07.01.2024;11;1.0;153;64;145;64;8;64
TE112;07.01.2024;12;1.0;193;67;186;67;7;65
TE112;07.01.2024;13;1.0;221;64;207;65;14;64
TE112;07.01.2024;14;1.0;219;62;214;62;5;61
TE112;07.01.2024;15;1.0;222;63;217;63;5;63
TE112;07.01.2024;16;1.0;180;59;173;59;7;61
TE112;07.01.2024;17;1.0;212;58;204;58;8;62
TE112;07.01.2024;18;1.0;183;61;176;61;7;58
TE112;07.01.2024;19;1.0;165;58;158;58;7;59
TE112;07.01.2024;20;1.0;129;59;119;59;10;57
TE112;07.01.2024;21;1.0;95;58;91;58;4;62
TE112;07.01.2024;22;1.0;71;55;64;55;7;53
TE112;07.01.2024;23;1.0;38;51;35;51;3;52
TE112;08.01.2024;0;1.0;25;49;20;49;5;48
TE112;08.01.2024;12;1.0;320;48;304;48;16;46
TE112;08.01.2024;13;1.0;344;49;327;49;17;50
TE112;08.01.2024;14;1.0;398;49;386;49;12;48
TE112;08.01.2024;15;1.0;512;48;499;48;13;48
TE112;08.01.2024;16;1.0;507;49;497;49;10;49
TE112;08.01.2024;17;1.0;448;49;441;49;7;50
TE112;08.01.2024;18;1.0;352;56;343;56;9;58
TE112;08.01.2024;19;1.0;231;55;220;55;11;59
TE112;08.01.2024;20;1.0;189;56;182;56;7;57
TE112;08.01.2024;21;1.0;143;54;139;54;4;57
TE112;08.01.2024;22;1.0;106;57;98;57;8;60
TE112;08.01.2024;23;1.0;37;57;33;58;4;54
TE112;09.01.2024;0;1.0;22;60;19;60;3;63
TE112;09.01.2024;1;1.0;12;55;10;55;2;57
TE112;09.01.2024;2;1.0;25;51;23;51;2;47
TE112;09.01.2024;3;1.0;24;62;20;63;4;58
TE112;09.01.2024;4;1.0;27;56;23;56;4;54
TE112;09.01.2024;5;1.0;114;57;109;57;5;53
TE112;09.01.2024;6;1.0;194;51;184;51;10;52
TE112;09.01.2024;7;1.0;244;49;235;49;9;48
TE112;09.01.2024;8;1.0;370;50;356;50;14;54
TE112;09.01.2024;9;1.0;297;48;284;48;13;46
TE112;09.01.2024;10;1.0;277;50;259;50;18;51
TE112;09.01.2024;11;1.0;281;47;262;47;19;46
TE112;09.01.2024;12;1.0;311;47;297;47;14;47
TE112;09.01.2024;13;1.0;359;47;347;47;12;48
TE112;09.01.2024;14;1.0;437;49;417;49;20;49
TE112;09.01.2024;15;1.0;535;46;523;46;12;47
TE112;09.01.2024;16;1.0;544;45;530;45;14;46
TE112;09.01.2024;17;1.0;455;48;449;48;6;47
TE112;09.01.2024;18;1.0;412;57;403;57;9;56
TE112;09.01.2024;19;1.0;300;53;289;53;11;56
TE112;09.01.2024;20;1.0;192;57;183;57;9;56
TE112;09.01.2024;21;1.0;145;55;141;55;4;53
TE112;09.01.2024;22;1.0;108;53;104;53;4;53
TE112;09.01.2024;23;1.0;58;56;52;56;6;59
TE112;10.01.2024;0;1.0;39;48;33;48;6;50
TE112;10.01.2024;1;1.0;12;63;10;62;2;72
TE112;10.01.2024;2;1.0;13;59;11;59;2;62
TE112;10.01.2024;3;1.0;34;50;26;50;8;50
TE112;10.01.2024;4;1.0;28;59;26;59;2;58
TE112;10.01.2024;5;1.0;139;61;129;61;10;61
TE112;10.01.2024;6;1.0;190;51;177;51;13;55
TE112;10.01.2024;7;1.0;251;50;239;49;12;52
TE112;10.01.2024;8;1.0;363;50;349;50;14;50
TE112;10.01.2024;9;1.0;305;50;283;50;22;51
TE112;10.01.2024;10;1.0;292;46;273;46;19;46
TE112;10.01.2024;11;1.0;340;49;308;49;32;51
TE112;10.01.2024;12;1.0;335;48;319;48;16;49
TE112;10.01.2024;13;1.0;398;48;377;48;21;49
TE112;10.01.2024;14;1.0;420;47;404;47;16;47
TE112;10.01.2024;15;1.0;480;46;464;46;16;47
TE112;10.01.2024;16;1.0;541;46;528;46;13;47
TE112;10.01.2024;17;1.0;476;47;463;47;13;47
TE112;10.01.2024;18;1.0;405;56;390;56;15;56
TE112;10.01.2024;19;1.0;306;52;287;52;19;51
TE112;10.01.2024;20;1.0;213;53;200;53;13;51
TE112;10.01.2024;21;1.0;155;56;144;56;11;54
TE112;10.01.2024;22;1.0;120;54;113;54;7;50
TE112;10.01.2024;23;1.0;56;58;47;58;9;59
TE112;11.01.2024;0;1.0;41;63;28;63;13;61
TE112;11.01.2024;1;1.0;25;64;19;62;6;69
TE112;11.01.2024;2;1.0;19;53;16;53;2;82
TE112;11.01.2024;3;1.0;24;56;18;56;6;58
TE112;11.01.2024;4;1.0;40;62;32;64;8;57
TE112;11.01.2024;5;1.0;123;67;116;67;7;67
TE112;11.01.2024;6;1.0;158;55;149;55;9;55
TE112;11.01.2024;7;1.0;252;53;243;53;9;53
TE112;11.01.2024;8;1.0;333;49;320;49;13;49
TE112;11.01.2024;9;1.0;299;51;278;51;21;51
TE112;11.01.2024;10;1.0;294;53;275;53;19;54
TE112;11.01.2024;11;1.0;349;50;337;50;12;51
TE112;11.01.2024;12;1.0;336;50;330;50;6;45
TE112;11.01.2024;13;1.0;407;50;403;50;4;48
TE112;11.01.2024;14;1.0;446;52;443;52;3;54
TE112;11.01.2024;15;1.0;489;52;483;52;6;56
TE112;11.01.2024;16;1.0;516;52;511;52;5;54
TE112;11.01.2024;17;1.0;464;51;459;51;5;51
TE112;11.01.2024;18;1.0;459;59;449;59;10;59
TE112;11.01.2024;19;1.0;342;62;332;62;10;64
TE112;11.01.2024;20;1.0;207;60;186;60;21;60
TE112;11.01.2024;21;1.0;123;64;113;64;10;61
TE112;11.01.2024;22;1.0;116;61;109;62;7;55
TE112;11.01.2024;23;1.0;79;57;62;57;17;54
TE112;12.01.2024;0;1.0;31;53;27;53;4;52
TE112;12.01.2024;1;1.0;29;55;25;55;4;52
TE112;12.01.2024;2;1.0;18;58;13;57;5;60
TE112;12.01.2024;3;1.0;30;52;21;53;9;48
TE114;01.01.2024;0;1.0;35;54;29;54;6;54
TE114;01.01.2024;1;1.0;115;52;109;52;6;51
TE114;01.01.2024;2;1.0;139;50;133;50;6;47
TE114;01.01.2024;3;1.0;106;50;99;50;7;47
TE114;01.01.2024;4;1.0;65;55;59;55;6;54
TE114;01.01.2024;5;1.0;38;62;36;62;2;62
TE114;01.01.2024;6;1.0;35;51;35;51;0;-1
TE114;01.01.2024;7;1.0;23;58;22;57;1;62
TE114;01.01.2024;8;1.0;37;58;36;58;1;58
TE114;01.01.2024;9;1.0;50;55;49;55;1;56
TE114;01.01.2024;10;1.0;80;53;75;53;5;50
TE114;01.01.2024;11;1.0;103;50;97;51;6;49
TE114;01.01.2024;12;1.0;152;47;150;47;2;44
TE114;01.01.2024;13;1.0;184;49;180;49;4;45
TE114;01.01.2024;14;1.0;223;53;221;53;2;53
TE114;01.01.2024;15;1.0;189;51;187;51;2;48
TE114;01.01.2024;16;1.0;187;49;184;49;3;46
TE114;01.01.2024;17;1.0;178;51;174;51;4;47
TE114;01.01.2024;18;1.0;162;56;155;56;7;54
TE114;01.01.2024;19;1.0;135;58;128;58;7;56
TE114;01.01.2024;20;1.0;118;58;111;58;7;55
TE114;01.01.2024;21;1.0;107;56;103;56;4;58
TE114;01.01.2024;22;1.0;69;55;66;55;3;55
TE114;01.01.2024;23;1.0;61;56;56;57;5;55
TE114;02.01.2024;0;1.0;55;57;50;56;5;64
TE114;02.01.2024;1;1.0;31;52;29;51;2;60
TE114;02.01.2024;2;1.0;23;61;21;62;2;54
TE114;02.01.2024;3;1.0;20;61;16;61;4;60
TE114;02.01.2024;4;1.0;46;56;38;56;8;56
TE114;02.01.2024;5;1.0;113;57;105;57;8;54
TE114;02.01.2024;6;1.0;148;59;142;59;6;56
TE114;02.01.2024;7;1.0;229;55;225;55;4;51
TE114;02.01.2024;8;1.0;276;56;271;56;5;59
TE114;02.01.2024;9;1.0;275;59;269;60;6;58
TE114;02.01.2024;10;1.0;301;58;292;58;9;59
TE114;02.01.2024;11;1.0;339;56;335;56;4;54
TE114;02.01.2024;12;1.0;376;57;371;57;5;54
TE114;02.01.2024;13;1.0;417;56;413;56;4;54
TE114;02.01.2024;14;1.0;522;56;518;56;4;55
TE114;02.01.2024;15;1.0;547;56;546;56;1;63
TE114;02.01.2024;16;1.0;519;57;515;57;4;56
TE114;02.01.2024;17;1.0;416;55;410;55;6;54
TE114;02.01.2024;18;1.0;367;58;362;58;5;56
TE114;02.01.2024;19;1.0;287;57;280;57;7;55
TE114;02.01.2024;20;1.0;188;57;181;57;7;57
TE114;02.01.2024;21;1.0;154;54;146;54;8;54
TE114;02.01.2024;22;1.0;164;54;158;54;6;52
TE114;02.01.2024;23;1.0;65;57;60;56;5;62
TE114;03.01.2024;0;1.0;42;56;38;56;4;57
TE114;03.01.2024;1;1.0;37;50;31;50;6;49
TE114;03.01.2024;2;1.0;19;51;14;50;5;53
TE114;03.01.2024;3;1.0;14;50;12;49;2;52
TE114;03.01.2024;4;1.0;49;50;47;50;2;52
TE114;03.01.2024;5;1.0;110;55;103;55;7;55
TE114;03.01.2024;6;1.0;191;53;171;54;20;50
TE114;03.01.2024;7;1.0;260;53;238;53;22;54
TE114;03.01.2024;8;1.0;339;53;323;53;16;53
TE114;03.01.2024;9;1.0;354;53;333;53;21;54
TE114;03.01.2024;10;1.0;364;61;325;60;39;68
TE114;03.01.2024;11;1.0;447;54;419;54;28;63
TE114;03.01.2024;12;1.0;441;51;420;51;21;53
TE114;03.01.2024;13;1.0;522;51;507;51;15;50
TE114;03.01.2024;14;1.0;655;49;627;49;28;50
TE114;03.01.2024;15;1.0;632;50;621;50;11;49
TE114;03.01.2024;16;1.0;575;48;569;48;6;50
TE114;03.01.2024;17;1.0;522;49;508;49;14;48
TE114;03.01.2024;18;1.0;401;48;390;48;11;49
TE114;03.01.2024;19;1.0;309;50;293;50;16;50
TE114;03.01.2024;20;1.0;215;52;204;52;11;52
TE114;03.01.2024;21;1.0;176;48;166;48;10;47
TE114;03.01.2024;22;1.0;182;52;173;52;9;52
TE114;03.01.2024;23;1.0;62;52;54;52;8;54
TE114;04.01.2024;0;1.0;46;53;42;54;4;52
TE114;04.01.2024;1;1.0;35;53;30;52;5;54
TE114;04.01.2024;2;1.0;18;58;12;58;6;58
TE114;04.01.2024;3;1.0;22;58;21;58;1;58
TE114;04.01.2024;4;1.0;35;61;32;61;3;57
TE114;04.01.2024;5;1.0;90;59;86;59;4;56
TE114;04.01.2024;6;1.0;172;61;162;61;10;58
TE114;04.01.2024;7;1.0;240;58;231;59;9;55
TE114;04.01.2024;8;1.0;354;56;337;56;17;55
TE114;04.01.2024;9;1.0;373;56;334;57;39;57
TE114;04.01.2024;10;1.0;392;57;360;57;32;61
TE114;04.01.2024;11;1.0;411;57;380;58;31;60
TE114;04.01.2024;12;1.0;484;57;472;57;12;58
TE114;04.01.2024;13;1.0;507;55;485;55;22;55
TE114;04.01.2024;14;1.0;656;54;632;54;24;54
TE114;04.01.2024;15;1.0;674;54;648;54;26;55
TE114;04.01.2024;16;1.0;611;53;602;53;9;54
TE114;04.01.2024;17;1.0;496;57;488;57;8;58
TE114;04.01.2024;18;1.0;397;57;385;57;12;55
TE114;04.01.2024;19;1.0;310;56;296;56;14;54
TE114;04.01.2024;20;1.0;237;56;221;56;16;56
TE114;04.01.2024;21;1.0;170;60;160;59;10;59
TE114;04.01.2024;22;1.0;195;56;184;56;11;53
TE114;04.01.2024;23;1.0;70;58;63;58;7;54
TE114;05.01.2024;0;1.0;39;59;34;59;5;62
TE114;05.01.2024;1;1.0;19;60;16;60;3;59
TE114;05.01.2024;2;1.0;15;67;11;69;4;62
TE114;05.01.2024;3;1.0;17;65;14;62;3;76
TE114;05.01.2024;4;1.0;40;64;34;64;6;68
TE114;05.01.2024;5;1.0;129;60;109;59;20;60
TE114;05.01.2024;6;1.0;202;59;183;59;19;59
TE114;05.01.2024;7;1.0;273;58;244;57;29;59
TE114;05.01.2024;8;1.0;308;56;299;56;9;58
TE114;05.01.2024;9;1.0;307;57;303;57;4;56
TE114;05.01.2024;10;1.0;392;58;382;58;10;55
TE114;05.01.2024;11;1.0;458;58;437;58;21;60
TE114;05.01.2024;12;1.0;470;57;446;57;24;58
TE114;05.01.2024;13;1.0;563;55;536;55;27;57
TE114;05.01.2024;14;1.0;667;54;651;54;16;54
TE114;05.01.2024;15;1.0;642;55;632;55;10;56
TE114;05.01.2024;16;1.0;525;55;518;55;7;56
TE114;05.01.2024;17;1.0;435;55;426;55;9;56
TE114;05.01.2024;18;1.0;373;59;366;59;7;58
TE114;05.01.2024;19;1.0;315;58;305;58;10;58
TE114;05.01.2024;20;1.0;224;58;215;58;9;55
TE114;05.01.2024;21;1.0;154;59;144;59;10;58
TE114;05.01.2024;22;1.0;193;57;189;57;4;58
TE114;05.01.2024;23;1.0;168;57;156;57;12;58
TE114;06.01.2024;0;1.0;94;60;92;60;2;62
TE114;06.01.2024;1;1.0;72;59;65;58;7;60
TE114;06.01.2024;2;1.0;48;61;44;61;4;57
TE114;06.01.2024;3;1.0;38;65;34;65;4;65
TE114;06.01.2024;4;1.0;36;64;34;64;2;71
TE114;06.01.2024;5;1.0;57;62;52;62;5;56
TE114;06.01.2024;6;1.0;54;64;52;64;2;65
TE114;06.01.2024;7;1.0;73;62;66;62;7;65
TE114;06.01.2024;8;1.0;179;59;172;59;7;61
TE114;06.01.2024;9;1.0;218;57;215;57;3;56
TE114;06.01.2024;10;1.0;322;57;318;57;4;55
TE114;06.01.2024;11;1.0;405;57;395;57;10;58
TE114;06.01.2024;12;1.0;427;56;422;56;5;59
TE114;06.01.2024;13;1.0;455;59;450;59;5;59
TE114;06.01.2024;14;1.0;444;57;435;57;9;58
TE114;06.01.2024;15;1.0;479;58;470;58;9;61
TE114;06.01.2024;16;1.0;357;56;354;56;3;58
TE114;06.01.2024;17;1.0;348;53;341;53;8;52
TE114;06.01.2024;18;1.0;305;58;299;58;6;54
TE114;06.01.2024;19;1.0;272;59;261;59;11;59
TE114;06.01.2024;20;1.0;205;60;194;59;11;60
TE114;06.01.2024;21;1.0;179;61;168;61;11;60
TE114;06.01.2024;22;1.0;131;58;125;59;6;59
TE114;06.01.2024;23;1.0;104;60;99;60;5;55
TE114;07.01.2024;0;1.0;60;62;57;63;3;55
TE114;07.01.2024;1;1.0;46;59;43;60;3;59
TE114;07.01.2024;2;1.0;31;62;29;62;2;57
TE114;07.01.2024;3;1.0;20;67;15;67;5;67
TE114;07.01.2024;4;1.0;18;61;13;60;5;65
TE114;07.01.2024;5;1.0;25;54;24;54;1;56
TE114;07.01.2024;6;1.0;33;54;31;54;2;54
TE114;07.01.2024;7;1.0;37;54;33;55;4;51
TE114;07.01.2024;8;1.0;82;57;79;56;3;59
TE114;07.01.2024;9;1.0;148;58;143;58;5;56
TE114;07.01.2024;10;1.0;216;55;210;56;6;52
TE114;07.01.2024;11;1.0;250;57;243;57;7;56
TE114;07.01.2024;12;1.0;300;56;294;56;6;54
TE114;07.01.2024;13;1.0;280;56;274;57;6;53
TE114;07.01.2024;14;1.0;279;59;273;59;6;60
TE114;07.01.2024;15;1.0;279;59;273;60;6;54
TE114;07.01.2024;16;1.0;232;59;227;59;5;55
TE114;07.01.2024;17;1.0;236;57;228;56;8;59
TE114;07.01.2024;18;1.0;226;56;221;57;5;55
TE114;07.01.2024;19;1.0;191;58;181;58;10;55
TE114;07.01.2024;20;1.0;134;59;127;59;7;57
TE114;07.01.2024;21;1.0;137;56;129;56;8;58
TE114;07.01.2024;22;1.0;87;55;83;55;4;56
TE114;07.01.2024;23;1.0;64;55;58;56;6;52
TE114;08.01.2024;0;1.0;32;57;30;57;2;59
TE114;08.01.2024;1;1.0;29;59;25;57;4;71
TE114;08.01.2024;2;1.0;15;58;12;58;3;62
TE114;08.01.2024;3;1.0;12;58;8;55;4;65
TE114;08.01.2024;4;1.0;48;56;33;56;14;58
TE114;08.01.2024;5;1.0;129;57;114;57;15;57
TE114;08.01.2024;6;1.0;244;57;228;57;16;58
TE114;08.01.2024;7;1.0;354;55;322;55;32;55
TE114;08.01.2024;8;1.0;384;56;364;56;20;59
TE114;08.01.2024;9;1.0;346;57;323;58;23;58
TE114;08.01.2024;10;1.0;348;55;325;55;23;56
TE114;08.01.2024;11;1.0;396;54;380;54;16;53
TE114;08.01.2024;12;1.0;398;53;381;53;17;54
TE114;08.01.2024;13;1.0;458;52;433;52;25;51
TE114;08.01.2024;14;1.0;647;53;630;53;17;55
TE114;08.01.2024;15;1.0;641;50;625;50;16;51
TE114;08.01.2024;16;1.0;614;44;599;44;16;41
TE114;08.01.2024;17;1.0;572;55;561;55;11;53
TE114;08.01.2024;18;1.0;441;55;427;55;14;54
TE114;08.01.2024;19;1.0;336;56;322;56;14;53
TE114;08.01.2024;20;1.0;230;55;219;55;11;53
TE114;08.01.2024;21;1.0;143;56;132;56;11;54
TE114;08.01.2024;22;1.0;167;57;160;57;7;56
TE114;08.01.2024;23;1.0;61;55;55;55;6;57
TE114;09.01.2024;0;1.0;39;59;37;60;2;54
TE114;09.01.2024;1;1.0;29;58;27;58;2;56
TE114;09.01.2024;2;1.0;18;58;15;55;3;70
TE114;09.01.2024;3;1.0;25;64;22;63;3;80
TE114;09.01.2024;4;1.0;49;64;46;64;3;66
TE114;09.01.2024;5;1.0;120;55;112;55;8;55
TE114;09.01.2024;6;1.0;251;56;232;57;19;54
TE114;09.01.2024;7;1.0;370;57;350;57;20;57
TE114;09.01.2024;8;1.0;440;58;407;58;33;58
TE114;09.01.2024;9;1.0;391;60;365;60;26;60
TE114;09.01.2024;10;1.0;415;57;389;57;26;57
TE114;09.01.2024;11;1.0;416;54;388;54;28;55
TE114;09.01.2024;12;1.0;454;53;427;53;27;53
TE114;09.01.2024;13;1.0;500;53;472;53;28;52
TE114;09.01.2024;14;1.0;682;54;651;54;31;54
TE114;09.01.2024;15;1.0;748;53;718;53;30;54
TE114;09.01.2024;16;1.0;710;53;688;53;22;52
TE114;09.01.2024;17;1.0;592;54;580;54;12;53
TE114;09.01.2024;19;1.0;311;55;298;55;13;52
TE114;09.01.2024;20;1.0;250;56;238;56;12;56
TE114;09.01.2024;21;1.0;169;56;163;56;6;52
TE114;09.01.2024;22;1.0;195;59;188;59;7;58
TE114;09.01.2024;23;1.0;72;57;69;58;3;46
TE114;10.01.2024;0;1.0;30;58;27;59;3;54
TE114;10.01.2024;1;1.0;22;59;21;58;1;66
TE114;10.01.2024;2;1.0;22;61;19;62;3;53
TE114;10.01.2024;3;1.0;23;64;20;62;3;70
TE114;10.01.2024;4;1.0;44;59;41;59;3;55
TE114;10.01.2024;5;1.0;121;57;110;57;11;58
TE114;10.01.2024;6;1.0;250;59;232;59;18;58
TE114;10.01.2024;7;1.0;370;57;356;57;14;55
TE114;10.01.2024;8;1.0;417;55;393;55;24;54
TE114;10.01.2024;9;1.0;377;58;349;58;28;58
TE114;10.01.2024;10;1.0;405;54;373;54;32;56
TE114;10.01.2024;11;1.0;418;51;385;51;33;51
TE114;10.01.2024;12;1.0;486;51;452;51;34;51
TE114;10.01.2024;13;1.0;487;53;461;53;26;52
TE114;10.01.2024;14;1.0;695;52;656;52;39;51
TE114;10.01.2024;15;1.0;699;52;686;52;13;51
TE114;10.01.2024;16;1.0;624;52;610;52;14;52
TE114;10.01.2024;17;1.0;608;52;595;52;13;50
TE114;10.01.2024;18;1.0;489;53;472;53;17;51
TE114;10.01.2024;19;1.0;311;56;298;56;13;52
TE114;10.01.2024;20;1.0;227;55;215;55;12;54
TE114;10.01.2024;21;1.0;174;56;163;57;11;55
TE114;10.01.2024;22;1.0;174;55;163;55;11;54
TE114;10.01.2024;23;1.0;72;59;68;59;4;58
TE114;11.01.2024;0;1.0;32;57;30;58;2;55
TE114;11.01.2024;1;1.0;16;59;14;59;2;58
TE114;11.01.2024;2;1.0;17;56;15;54;2;72
TE114;11.01.2024;3;1.0;18;61;15;60;3;61
TE114;11.01.2024;4;1.0;46;60;40;61;6;58
TE114;11.01.2024;5;1.0;122;57;116;57;6;59
TE114;11.01.2024;6;1.0;240;61;233;61;7;54
TE114;11.01.2024;7;1.0;335;57;325;57;10;58
TE114;11.01.2024;8;1.0;375;51;359;51;15;51
TE114;11.01.2024;9;1.0;341;55;330;55;11;54
TE114;11.01.2024;10;1.0;375;51;364;51;11;56
TE114;11.01.2024;11;1.0;437;52;426;52;11;52
TE114;11.01.2024;12;1.0;470;52;454;52;16;53
TE114;11.01.2024;13;1.0;497;50;480;50;17;54
TE114;11.01.2024;14;1.0;627;47;622;47;5;50
TE114;11.01.2024;15;1.0;684;49;669;49;15;50
TE114;11.01.2024;16;1.0;617;50;610;50;7;53
TE114;11.01.2024;17;1.0;540;51;534;51;6;53
TE114;11.01.2024;18;1.0;417;52;408;52;9;50
TE114;11.01.2024;19;1.0;342;54;326;54;16;54
TE114;11.01.2024;20;1.0;236;53;221;53;15;53
TE114;11.01.2024;21;1.0;180;54;170;54;10;52
TE114;11.01.2024;22;1.0;207;55;200;55;7;54
TE114;11.01.2024;23;1.0;68;55;64;55;4;55
TE114;12.01.2024;0;1.0;41;56;39;56;2;58
TE114;12.01.2024;1;1.0;29;54;26;54;3;54
TE114;12.01.2024;2;1.0;15;56;12;55;3;55
TE114;12.01.2024;3;1.0;21;55;19;56;2;56
TE114;12.01.2024;4;1.0;46;58;42;59;4;54
TE114;12.01.2024;5;1.0;131;57;122;57;9;57
TE114;12.01.2024;6;1.0;209;56;196;56;13;52
TE114;12.01.2024;7;1.0;297;51;289;51;8;55
TE114;12.01.2024;8;1.0;383;54;367;54;16;55
TE114;12.01.2024;9;1.0;355;57;338;57;17;56
TE114;12.01.2024;10;1.0;375;56;363;56;12;56
TE114;12.01.2024;11;1.0;434;56;421;56;13;54
TE114;12.01.2024;12;1.0;495;55;471;55;24;54
TE114;12.01.2024;13;1.0;583;55;574;55;9;53
TE114;12.01.2024;14;1.0;614;56;607;56;7;55
TE114;12.01.2024;15;1.0;640;55;629;55;11;54
TE114;12.01.2024;16;1.0;584;55;577;55;7;53
TE114;12.01.2024;17;1.0;432;56;429;56;3;55
TE114;12.01.2024;18;1.0;401;56;395;56;6;54
TE114;12.01.2024;19;1.0;313;57;304;57;9;51
TE114;12.01.2024;20;1.0;250;57;240;57;10;55
TE114;12.01.2024;21;1.0;178;56;164;56;14;55
TE114;12.01.2024;22;1.0;210;57;202;57;8;58
TE114;12.01.2024;23;1.0;109;55;101;55;8;54
TE114;13.01.2024;0;1.0;63;55;59;55;4;53
TE114;13.01.2024;1;1.0;38;50;35;50;3;53
TE114;13.01.2024;2;1.0;32;47;29;47;3;48
TE114;13.01.2024;3;1.0;23;54;20;54;3;51
TE114;13.01.2024;4;1.0;36;61;34;61;2;57
TE114;13.01.2024;5;1.0;56;57;53;57;3;61
TE114;13.01.2024;6;1.0;74;58;71;58;3;57
TE114;13.01.2024;7;1.0;83;57;78;56;5;62
TE114;13.01.2024;8;1.0;157;57;153;57;4;56
TE114;13.01.2024;9;1.0;214;53;205;52;9;59
TE114;13.01.2024;10;1.0;324;47;315;47;9;59
TE114;13.01.2024;11;1.0;441;55;437;55;4;57
TE114;13.01.2024;12;1.0;436;55;433;55;3;54
TE114;13.01.2024;13;1.0;471;54;467;54;4;60
TE114;13.01.2024;14;1.0;453;53;443;53;10;55
TE114;13.01.2024;15;1.0;415;57;410;57;5;57
TE114;13.01.2024;16;1.0;411;53;405;53;6;56
TE114;13.01.2024;17;1.0;342;53;340;52;2;52
TE114;13.01.2024;18;1.0;302;51;294;52;8;52
TE114;13.01.2024;19;1.0;288;54;277;54;11;57
TE114;13.01.2024;20;1.0;179;58;166;58;13;57
TE114;13.01.2024;21;1.0;160;58;145;58;15;60
TE114;13.01.2024;22;1.0;138;56;132;56;6;55
TE114;13.01.2024;23;1.0;115;57;110;57;5;57
TE114;14.01.2024;0;1.0;75;55;68;55;7;55
TE114;14.01.2024;1;1.0;42;56;40;56;2;58
TE114;14.01.2024;2;1.0;40;61;37;61;3;57
TE114;14.01.2024;3;1.0;21;63;19;63;2;66
TE114;14.01.2024;4;1.0;27;68;23;67;4;68
TE114;14.01.2024;5;1.0;35;55;33;55;2;64
TE114;14.01.2024;6;1.0;38;54;37;54;1;55
TE114;14.01.2024;7;1.0;36;56;34;57;2;55
TE114;14.01.2024;8;1.0;78;58;76;57;2;58
TE114;14.01.2024;9;1.0;155;58;153;58;2;55
TE114;14.01.2024;10;1.0;249;56;241;56;8;56
TE114;14.01.2024;11;1.0;265;57;258;57;7;56
TE114;14.01.2024;12;1.0;316;55;309;55;7;53
TE114;14.01.2024;13;1.0;290;57;285;57;5;56
TE114;14.01.2024;14;1.0;344;58;337;58;7;57
TE114;14.01.2024;15;1.0;271;58;260;58;11;58
TE114;14.01.2024;16;1.0;271;55;262;55;9;56
TE114;14.01.2024;17;1.0;259;58;251;58;8;60
TE114;14.01.2024;18;1.0;247;60;240;60;7;59
TE114;14.01.2024;19;1.0;205;61;198;61;7;60
TE114;14.01.2024;20;1.0;143;60;135;60;8;61
TE114;14.01.2024;21;1.0;130;61;127;61;3;59
TE114;14.01.2024;22;1.0;76;61;71;61;5;58
TE114;14.01.2024;23;1.0;67;59;63;59;4;58
TE114;15.01.2024;0;1.0;34;57;31;57;3;54
TE114;15.01.2024;1;1.0;15;60;12;60;3;61
TE114;15.01.2024;2;1.0;9;65;7;66;2;59
TE114;15.01.2024;3;1.0;16;61;13;60;3;63
TE114;15.01.2024;4;1.0;44;62;38;62;6;61
TE114;15.01.2024;5;1.0;120;58;110;58;10;59
TE114;15.01.2024;6;1.0;201;61;191;62;10;59
TE114;15.01.2024;7;1.0;356;59;338;59;18;58
TE114;15.01.2024;8;1.0;348;56;331;56;17;54
TE114;15.01.2024;9;1.0;348;57;326;57;22;57
TE114;15.01.2024;10;1.0;387;57;355;57;32;57
TE114;15.01.2024;11;1.0;453;58;425;58;28;58
TE114;15.01.2024;12;1.0;451;56;435;56;16;55
TE114;15.01.2024;13;1.0;463;56;457;56;6;57
TE114;15.01.2024;14;1.0;648;56;634;56;14;59
TE114;15.01.2024;15;1.0;632;55;616;54;16;54
TE114;15.01.2024;16;1.0;588;55;583;55;5;54
TE114;15.01.2024;17;1.0;527;57;515;57;12;55
TE114;15.01.2024;18;1.0;368;57;353;57;15;56
TE114;15.01.2024;19;1.0;296;57;282;57;14;56
TE114;15.01.2024;20;1.0;221;60;211;60;10;54
TE114;15.01.2024;21;1.0;168;57;153;57;15;58
TE114;15.01.2024;22;1.0;184;59;178;59;6;58
TE114;15.01.2024;23;1.0;90;61;82;61;8;60
TE114;16.01.2024;0;1.0;29;63;26;64;3;59
TE114;16.01.2024;1;1.0;27;59;24;59;3;61
TE114;16.01.2024;2;1.0;13;55;9;53;4;58
TE114;16.01.2024;3;1.0;22;52;18;53;4;48
TE114;16.01.2024;4;1.0;46;52;38;52;8;54
TE114;16.01.2024;5;1.0;120;51;112;51;8;48
TE114;16.01.2024;6;1.0;235;46;226;46;9;43
TE114;16.01.2024;7;1.0;340;42;336;42;4;44
TE114;16.01.2024;8;1.0;418;38;405;38;13;38
TE114;16.01.2024;9;1.0;349;54;339;54;10;53
TE114;16.01.2024;10;1.0;374;57;363;57;11;54
TE114;16.01.2024;11;1.0;427;57;407;57;20;56
TE114;16.01.2024;12;1.0;419;57;399;57;20;55
TE114;16.01.2024;13;1.0;465;60;433;60;32;58
TE114;16.01.2024;14;1.0;619;58;604;58;15;57
TE114;16.01.2024;15;1.0;642;56;632;56;10;55
TE114;16.01.2024;16;1.0;635;57;631;56;4;59
TE114;16.01.2024;17;1.0;572;56;562;56;10;56
TE114;16.01.2024;18;1.0;469;58;459;58;10;56
TE114;16.01.2024;19;1.0;336;57;325;57;11;55
TE114;16.01.2024;20;1.0;218;59;206;59;12;58
TE114;16.01.2024;21;1.0;159;59;152;59;7;54
TE114;16.01.2024;22;1.0;191;59;184;59;7;55
TE114;16.01.2024;23;1.0;83;59;76;59;7;59
TE114;17.01.2024;0;1.0;33;59;31;58;2;58
TE114;17.01.2024;1;1.0;29;56;27;56;2;56
TE114;17.01.2024;2;1.0;19;57;17;58;2;48
TE114;17.01.2024;3;1.0;24;60;20;59;4;62
TE114;17.01.2024;4;1.0;57;58;50;58;7;57
TE114;17.01.2024;5;1.0;139;60;131;60;8;58
TE114;17.01.2024;6;1.0;265;59;250;59;15;57
TE114;17.01.2024;7;1.0;361;59;340;58;21;58
TE114;17.01.2024;8;1.0;427;58;401;58;26;56
TE114;17.01.2024;9;1.0;356;60;308;60;48;59
TE114;17.01.2024;10;1.0;427;59;367;59;60;60
TE114;17.01.2024;11;1.0;444;58;395;58;49;58
TE114;17.01.2024;12;1.0;474;55;421;55;53;54
TE114;17.01.2024;13;1.0;500;56;469;56;31;58
TE114;17.01.2024;14;1.0;637;57;608;57;29;57
TE114;17.01.2024;15;1.0;643;58;626;58;17;58
TE114;17.01.2024;16;1.0;603;57;592;57;11;57
TE114;17.01.2024;17;1.0;529;55;526;55;3;54
TE114;17.01.2024;18;1.0;393;56;381;56;12;54
TE114;17.01.2024;19;1.0;308;56;296;56;12;56
TE114;17.01.2024;20;1.0;197;52;184;52;13;52
TE114;17.01.2024;21;1.0;161;52;156;52;5;52
TE114;17.01.2024;22;1.0;171;53;163;53;8;51
TE114;17.01.2024;23;1.0;60;51;56;52;4;48
TE114;18.01.2024;0;1.0;34;55;32;55;2;48
TE114;18.01.2024;1;1.0;22;53;19;53;3;53
TE114;18.01.2024;2;1.0;19;54;17;55;2;50
TE114;18.01.2024;3;1.0;20;51;17;51;3;54
TE114;18.01.2024;4;1.0;48;58;43;58;5;53
TE114;18.01.2024;5;1.0;107;61;99;60;8;65
TE114;18.01.2024;6;1.0;231;56;212;57;19;53
TE114;18.01.2024;7;1.0;351;55;343;55;8;54
TE114;18.01.2024;8;1.0;388;56;375;56;13;56
TE114;18.01.2024;9;1.0;364;57;344;57;20;56
TE114;18.01.2024;10;1.0;439;58;419;58;20;58
TE114;18.01.2024;11;1.0;415;58;396;58;19;56
TE114;18.01.2024;12;1.0;466;57;442;57;24;57
TE114;18.01.2024;13;1.0;499;60;465;59;34;60
TE114;18.01.2024;14;1.0;685;56;658;56;27;56
TE114;18.01.2024;15;1.0;654;56;638;56;16;56
TE114;18.01.2024;16;1.0;652;50;629;51;23;53
TE114;18.01.2024;17;1.0;545;55;531;55;14;56
TE114;18.01.2024;18;1.0;437;55;426;55;11;55
TE114;18.01.2024;19;1.0;317;58;310;58;7;55
TE114;18.01.2024;20;1.0;279;56;263;56;16;58
TE114;18.01.2024;21;1.0;164;61;153;61;11;59
TE114;18.01.2024;22;1.0;190;59;184;59;6;58
TE114;18.01.2024;23;1.0;76;62;73;62;3;59
TE114;19.01.2024;0;1.0;41;64;39;64;2;64
TE114;19.01.2024;1;1.0;22;64;20;64;2;72
TE114;19.01.2024;2;1.0;20;59;16;58;4;60
TE114;19.01.2024;3;1.0;12;59;10;58;2;60
TE114;19.01.2024;4;1.0;42;57;34;56;8;56
TE114;19.01.2024;5;1.0;137;59;125;59;12;60
TE114;19.01.2024;6;1.0;230;60;219;60;11;60
TE114;19.01.2024;7;1.0;296;58;284;58;12;59
TE114;19.01.2024;8;1.0;426;58;396;58;30;57
TE114;19.01.2024;9;1.0;329;57;298;57;31;57
TE114;19.01.2024;10;1.0;429;52;404;52;25;54
TE114;19.01.2024;11;1.0;496;45;476;45;20;45
TE114;19.01.2024;12;1.0;500;46;479;47;21;44
TE114;19.01.2024;13;1.0;603;48;590;48;13;47
TE114;19.01.2024;14;1.0;701;49;680;49;21;51
TE114;19.01.2024;15;1.0;649;51;636;51;13;51
TE114;19.01.2024;16;1.0;605;50;590;50;15;49
TE114;19.01.2024;17;1.0;498;52;493;52;5;51
TE114;19.01.2024;18;1.0;428;54;421;54;7;54
TE114;19.01.2024;19;1.0;350;54;336;54;14;52
TE114;19.01.2024;20;1.0;276;51;265;51;11;50
TE114;19.01.2024;21;1.0;186;53;170;53;16;53
TE114;19.01.2024;22;1.0;209;52;201;52;8;50
TE114;19.01.2024;23;1.0;108;51;102;52;6;50
TE114;20.01.2024;0;1.0;70;50;65;52;5;39
TE114;20.01.2024;1;1.0;48;54;45;54;3;56
TE114;20.01.2024;2;1.0;32;55;31;56;1;48
TE114;20.01.2024;3;1.0;24;57;18;57;6;54
TE114;20.01.2024;4;1.0;29;59;25;59;4;58
TE114;20.01.2024;5;1.0;57;54;54;54;3;57
TE114;20.01.2024;6;1.0;58;57;52;56;6;59
TE114;20.01.2024;7;1.0;82;55;76;56;6;55
TE114;20.01.2024;8;1.0;176;56;171;56;5;58
TE114;20.01.2024;9;1.0;231;53;227;53;4;52
TE114;20.01.2024;10;1.0;336;53;330;53;6;56
TE114;20.01.2024;11;1.0;403;50;401;50;2;47
TE114;20.01.2024;12;1.0;504;53;496;53;8;51
TE114;20.01.2024;13;1.0;504;48;500;48;4;44
TE114;20.01.2024;14;1.0;479;51;472;51;7;53
TE114;20.01.2024;15;1.0;482;55;475;55;7;58
TE114;20.01.2024;16;1.0;379;55;372;56;7;57
TE114;20.01.2024;17;1.0;346;54;343;54;3;51
TE114;20.01.2024;18;1.0;348;54;338;54;10;52
TE114;20.01.2024;19;1.0;260;55;250;55;10;53
TE114;20.01.2024;20;1.0;199;55;186;55;13;53
TE114;20.01.2024;21;1.0;200;56;187;56;13;57
TE114;20.01.2024;22;1.0;152;55;146;55;6;51
TE114;20.01.2024;23;1.0;107;57;103;57;4;52
TE114;21.01.2024;0;1.0;100;54;96;54;4;51
TE114;21.01.2024;1;1.0;56;55;53;55;3;55
TE114;21.01.2024;2;1.0;37;57;35;57;2;60
TE114;21.01.2024;3;1.0;32;59;30;59;2;54
TE114;21.01.2024;4;1.0;23;58;21;59;2;52
TE114;21.01.2024;5;1.0;26;63;24;63;2;66
TE114;21.01.2024;6;1.0;36;64;35;64;1;66
TE114;21.01.2024;7;1.0;34;62;31;62;3;69
TE114;21.01.2024;8;1.0;89;60;86;60;3;61
TE114;21.01.2024;9;1.0;161;57;157;57;4;58
TE114;21.01.2024;10;1.0;252;54;243;54;9;53
TE114;21.01.2024;11;1.0;303;55;294;55;9;54
TE114;21.01.2024;12;1.0;307;54;295;54;12;54
TE114;21.01.2024;13;1.0;296;48;287;48;10;46
TE114;21.01.2024;14;1.0;351;50;341;50;10;46
TE114;21.01.2024;15;1.0;285;53;275;53;10;50
TE114;21.01.2024;16;1.0;261;53;251;53;10;52
TE114;21.01.2024;17;1.0;265;51;251;51;14;50
TE114;21.01.2024;18;1.0;228;50;218;50;10;48
TE114;21.01.2024;19;1.0;184;53;174;53;10;52
TE114;21.01.2024;20;1.0;167;52;157;52;10;51
TE114;21.01.2024;21;1.0;105;55;100;54;5;56
TE114;21.01.2024;22;1.0;87;51;82;52;5;49
TE114;21.01.2024;23;1.0;58;55;53;55;5;54
TE114;22.01.2024;0;1.0;34;56;29;55;5;59
TE114;22.01.2024;1;1.0;25;57;22;58;3;55
TE114;22.01.2024;2;1.0;21;58;17;56;4;68
TE114;22.01.2024;3;1.0;11;61;6;61;5;62
TE114;22.01.2024;4;1.0;50;57;37;58;13;58
TE114;22.01.2024;5;1.0;142;57;128;57;14;57
TE114;22.01.2024;6;1.0;238;56;208;56;30;56
TE114;22.01.2024;7;1.0;370;51;322;51;48;52
TE114;22.01.2024;8;1.0;485;48;439;48;46;47
TE114;22.01.2024;9;1.0;377;55;332;54;45;57
TE114;22.01.2024;10;1.0;413;59;342;58;72;64
TE114;22.01.2024;11;1.0;461;55;408;54;53;59
TE114;22.01.2024;12;1.0;496;51;444;51;52;53
TE114;22.01.2024;13;1.0;517;51;479;51;38;51
TE114;22.01.2024;14;1.0;693;43;672;43;21;45
TE114;22.01.2024;15;1.0;688;43;670;43;18;47
TE114;22.01.2024;16;1.0;647;45;634;45;13;41
TE114;22.01.2024;17;1.0;572;46;562;46;10;42
TE114;22.01.2024;18;1.0;431;46;422;46;9;45
TE114;22.01.2024;19;1.0;323;42;312;42;11;37
TE114;22.01.2024;20;1.0;227;48;218;48;9;44
TE114;22.01.2024;21;1.0;161;50;147;50;14;50
TE114;22.01.2024;22;1.0;180;52;174;52;6;52
TE114;22.01.2024;23;1.0;61;49;57;49;4;52
TE114;23.01.2024;0;1.0;42;53;40;53;2;53
TE114;23.01.2024;1;1.0;25;56;23;56;2;58
TE114;23.01.2024;2;1.0;16;48;13;47;3;53
TE114;23.01.2024;3;1.0;20;55;17;55;3;55
TE114;23.01.2024;4;1.0;48;54;47;54;1;46
TE114;23.01.2024;5;1.0;154;51;144;51;10;52
TE114;23.01.2024;6;1.0;264;52;252;53;12;50
TE114;23.01.2024;7;1.0;404;54;371;54;33;56
TE114;23.01.2024;8;1.0;424;47;391;47;33;49
TE114;23.01.2024;9;1.0;397;50;368;50;29;50
TE114;23.01.2024;10;1.0;436;52;388;52;48;53
TE114;23.01.2024;11;1.0;508;49;472;49;36;50
TE114;23.01.2024;12;1.0;512;50;460;50;52;50
TE114;23.01.2024;13;1.0;536;49;494;49;42;50
TE114;23.01.2024;14;1.0;704;47;671;47;33;46
TE114;23.01.2024;15;1.0;721;44;704;43;17;43
TE114;23.01.2024;16;1.0;625;45;614;45;11;42
TE114;23.01.2024;17;1.0;572;37;566;37;6;44
TE114;23.01.2024;18;1.0;474;47;462;47;12;47
TE114;23.01.2024;19;1.0;325;48;310;48;15;46
TE114;23.01.2024;20;1.0;257;51;244;51;13;49
TE114;23.01.2024;21;1.0;194;51;182;51;12;51
TE114;23.01.2024;22;1.0;166;53;160;53;6;51
TE114;23.01.2024;23;1.0;73;53;66;53;7;52
TE114;24.01.2024;0;1.0;39;58;37;58;2;50
TE114;24.01.2024;1;1.0;29;55;26;56;3;53
TE114;24.01.2024;2;1.0;18;56;16;55;2;60
TE114;24.01.2024;3;1.0;15;60;12;59;3;66
TE114;24.01.2024;4;1.0;74;63;56;63;18;63
TE114;24.01.2024;5;1.0;149;59;133;59;16;66
TE114;24.01.2024;6;1.0;267;54;239;54;28;52
TE114;24.01.2024;7;1.0;385;50;349;50;36;50
TE114;24.01.2024;8;1.0;432;49;390;50;42;49
TE114;24.01.2024;9;1.0;427;49;399;49;28;49
TE114;24.01.2024;10;1.0;403;51;368;51;35;52
TE114;24.01.2024;11;1.0;457;50;416;50;41;52
TE114;24.01.2024;12;1.0;442;43;419;43;23;47
TE114;24.01.2024;13;1.0;493;53;457;52;36;54
TE114;24.01.2024;14;1.0;660;49;626;49;34;49
TE114;24.01.2024;15;1.0;684;49;661;49;23;47
TE114;24.01.2024;16;1.0;655;50;640;51;15;48
TE114;24.01.2024;17;1.0;584;46;579;46;5;43
TE114;24.01.2024;18;1.0;453;52;437;52;16;51
TE114;24.01.2024;19;1.0;296;50;283;51;13;49
TE114;24.01.2024;20;1.0;228;52;217;52;11;52
TE114;24.01.2024;21;1.0;201;49;189;49;12;48
TE114;24.01.2024;22;1.0;181;49;175;49;6;47
TE114;24.01.2024;23;1.0;77;48;68;48;9;50
TE114;25.01.2024;0;1.0;35;52;31;53;4;51
TE114;25.01.2024;1;1.0;21;52;18;53;3;49
TE114;25.01.2024;2;1.0;20;51;16;50;4;52
TE114;25.01.2024;3;1.0;24;50;21;49;3;56
TE114;25.01.2024;4;1.0;50;52;43;52;7;52
TE114;25.01.2024;5;1.0;150;54;135;54;15;55
TE114;25.01.2024;6;1.0;259;53;236;53;23;53
TE114;25.01.2024;7;1.0;392;53;354;53;38;54
TE114;25.01.2024;8;1.0;463;54;419;54;44;54
TE114;25.01.2024;9;1.0;452;51;418;51;34;51
TE114;25.01.2024;10;1.0;462;52;423;52;39;52
TE114;25.01.2024;11;1.0;513;52;481;52;32;52
TE114;25.01.2024;12;1.0;522;53;491;53;31;55
TE114;25.01.2024;13;1.0;526;53;497;53;29;53
TE114;25.01.2024;14;1.0;707;51;672;51;35;51
TE114;25.01.2024;15;1.0;695;51;674;51;21;50
TE114;25.01.2024;16;1.0;662;50;645;50;17;50
TE114;25.01.2024;17;1.0;587;50;573;50;14;50
TE114;25.01.2024;18;1.0;507;51;493;51;14;52
TE114;25.01.2024;19;1.0;326;51;310;51;16;53
TE114;25.01.2024;20;1.0;225;55;214;56;11;56
TE114;25.01.2024;21;1.0;188;54;180;54;8;54
TE114;25.01.2024;22;1.0;204;50;191;50;13;51
TE114;25.01.2024;23;1.0;82;47;77;48;5;47
TE114;26.01.2024;0;1.0;40;52;34;51;6;60
TE114;26.01.2024;1;1.0;26;52;24;52;2;54
TE114;26.01.2024;2;1.0;18;58;16;60;2;49
TE114;26.01.2024;3;1.0;20;58;17;59;3;58
TE114;26.01.2024;4;1.0;62;61;58;61;4;58
TE114;26.01.2024;5;1.0;128;62;119;63;9;56
TE114;26.01.2024;6;1.0;227;59;213;60;14;59
TE114;26.01.2024;7;1.0;368;56;343;56;25;58
TE114;26.01.2024;8;1.0;417;56;405;56;12;55
TE114;26.01.2024;9;1.0;393;52;365;52;28;53
TE114;26.01.2024;10;1.0;461;51;429;51;32;54
TE114;26.01.2024;11;1.0;487;55;459;55;28;56
TE114;26.01.2024;12;1.0;565;44;530;44;35;44
TE114;26.01.2024;13;1.0;587;50;574;50;13;50
TE114;26.01.2024;14;1.0;691;48;676;48;15;49
TE114;26.01.2024;15;1.0;637;46;620;46;17;46
TE114;26.01.2024;16;1.0;565;50;554;50;11;46
TE114;26.01.2024;17;1.0;509;51;500;51;9;52
TE114;26.01.2024;18;1.0;440;54;429;54;11;52
TE114;26.01.2024;19;1.0;391;53;368;53;23;53
TE114;26.01.2024;20;1.0;254;52;241;53;13;51
TE114;26.01.2024;21;1.0;191;53;180;53;11;52
TE114;26.01.2024;22;1.0;202;51;193;51;9;49
TE114;26.01.2024;23;1.0;120;54;113;54;7;52
TE114;27.01.2024;0;1.0;70;53;65;53;5;52
TE114;27.01.2024;1;1.0;48;54;45;54;3;55
TE114;27.01.2024;2;1.0;30;56;27;56;3;53
TE114;27.01.2024;3;1.0;22;57;18;56;4;62
TE114;27.01.2024;4;1.0;32;57;29;57;3;61
TE114;27.01.2024;5;1.0;56;55;54;55;2;57
TE114;27.01.2024;6;1.0;80;57;74;56;6;61
TE114;27.01.2024;7;1.0;102;56;94;56;8;56
TE114;27.01.2024;8;1.0;196;53;194;53;2;52
TE114;27.01.2024;9;1.0;259;54;252;54;7;55
TE114;27.01.2024;10;1.0;364;52;359;52;5;51
TE114;27.01.2024;11;1.0;484;55;477;55;7;55
TE114;27.01.2024;12;1.0;507;55;503;55;4;52
TE114;27.01.2024;13;1.0;523;54;515;54;8;54
TE114;27.01.2024;14;1.0;467;53;461;53;6;53
TE114;27.01.2024;15;1.0;458;52;448;52;10;52
TE114;27.01.2024;16;1.0;418;49;413;49;5;50
TE114;27.01.2024;17;1.0;384;51;378;51;6;51
TE114;27.01.2024;18;1.0;343;51;336;51;7;50
TE114;27.01.2024;19;1.0;294;51;284;51;10;50
TE114;27.01.2024;20;1.0;246;51;229;51;17;50
TE114;27.01.2024;21;1.0;194;52;179;52;15;51
TE114;27.01.2024;22;1.0;130;51;121;51;9;50
TE114;27.01.2024;23;1.0;108;51;102;51;6;52
TE114;28.01.2024;0;1.0;83;53;78;53;5;50
TE114;28.01.2024;1;1.0;43;50;39;50;4;46
TE114;28.01.2024;2;1.0;30;60;28;61;2;50
TE114;28.01.2024;3;1.0;32;59;29;59;3;62
TE114;28.01.2024;4;1.0;33;56;31;56;2;56
TE114;28.01.2024;5;1.0;23;58;21;58;2;50
TE114;28.01.2024;6;1.0;30;59;29;59;1;57
TE114;28.01.2024;7;1.0;47;63;45;63;2;61
TE114;28.01.2024;8;1.0;98;60;95;60;3;52
TE114;28.01.2024;9;1.0;163;55;160;55;3;51
TE114;28.01.2024;10;1.0;291;51;284;51;7;50
TE114;28.01.2024;11;1.0;354;48;341;48;13;46
TE114;28.01.2024;12;1.0;404;51;388;52;16;51
TE114;28.01.2024;13;1.0;487;50;475;50;12;49
TE114;28.01.2024;14;1.0;396;49;382;49;14;47
TE114;28.01.2024;15;1.0;321;49;310;49;11;46
TE114;28.01.2024;16;1.0;312;48;301;49;11;45
TE114;28.01.2024;17;1.0;287;51;276;51;11;51
TE114;28.01.2024;18;1.0;233;52;225;52;8;50
TE114;28.01.2024;19;1.0;212;51;204;51;8;50
TE114;28.01.2024;20;1.0;182;54;171;54;11;54
TE114;28.01.2024;21;1.0;128;53;124;53;4;54
TE114;28.01.2024;22;1.0;97;54;91;54;6;52
TE114;28.01.2024;23;1.0;52;52;45;52;7;51
TE114;29.01.2024;0;1.0;44;55;35;55;9;52
TE114;29.01.2024;1;1.0;15;55;12;54;3;61
TE114;29.01.2024;2;1.0;10;56;8;57;2;52
TE114;29.01.2024;3;1.0;14;60;12;62;2;54
TE114;29.01.2024;4;1.0;44;56;35;57;9;56
TE114;29.01.2024;5;1.0;143;59;125;58;18;60
TE114;29.01.2024;6;1.0;251;58;230;59;21;59
TE114;29.01.2024;7;1.0;369;55;342;55;27;55
TE114;29.01.2024;8;1.0;433;56;391;56;42;56
TE114;29.01.2024;9;1.0;434;56;365;56;69;55
TE114;29.01.2024;10;1.0;395;51;355;51;40;51
TE114;29.01.2024;11;1.0;496;49;444;49;52;51
TE114;29.01.2024;12;1.0;524;47;475;47;49;48
TE114;29.01.2024;13;1.0;491;50;456;50;35;49
TE114;29.01.2024;14;1.0;673;45;639;45;34;50
TE114;29.01.2024;15;1.0;720;45;702;45;18;43
TE114;29.01.2024;16;1.0;698;46;672;46;26;44
TE114;29.01.2024;17;1.0;595;48;586;48;9;47
TE114;29.01.2024;18;1.0;412;50;401;50;11;50
TE114;29.01.2024;19;1.0;338;52;322;52;16;53
TE114;29.01.2024;20;1.0;216;54;206;54;10;52
TE114;29.01.2024;21;1.0;168;51;156;51;12;51
TE114;29.01.2024;22;1.0;174;53;167;53;7;51
TE114;29.01.2024;23;1.0;69;57;60;57;9;57
TE114;30.01.2024;0;1.0;28;59;25;59;3;62
TE114;30.01.2024;1;1.0;23;57;21;57;2;56
TE114;30.01.2024;2;1.0;13;57;11;56;2;57
TE114;30.01.2024;3;1.0;16;58;12;56;4;62
TE114;30.01.2024;4;1.0;52;58;47;58;5;52
TE114;30.01.2024;5;1.0;124;55;117;55;7;57
TE114;30.01.2024;6;1.0;282;55;257;55;25;54
TE114;30.01.2024;7;1.0;400;53;378;53;22;53
TE114;30.01.2024;8;1.0;464;52;420;52;44;52
TE114;30.01.2024;9;1.0;449;55;409;55;40;54
TE114;30.01.2024;10;1.0;456;52;401;53;55;53
TE114;30.01.2024;11;1.0;497;50;451;50;46;51
TE114;30.01.2024;12;1.0;520;53;471;52;49;60
TE114;30.01.2024;13;1.0;516;50;486;50;30;51
TE114;30.01.2024;14;1.0;707;49;669;49;38;49
TE114;30.01.2024;15;1.0;747;45;728;45;19;45
TE114;30.01.2024;16;1.0;677;45;665;45;12;42
TE114;30.01.2024;17;1.0;552;42;545;42;7;44
TE114;30.01.2024;18;1.0;471;49;456;49;15;48
TE114;30.01.2024;19;1.0;340;51;324;51;16;48
TE114;30.01.2024;20;1.0;237;52;222;52;15;48
TE114;30.01.2024;21;1.0;178;50;166;50;12;48
TE114;30.01.2024;22;1.0;183;51;173;51;10;50
TE114;30.01.2024;23;1.0;56;47;51;47;5;47
TE114;31.01.2024;0;1.0;33;48;29;48;4;44
TE114;31.01.2024;1;1.0;23;56;17;56;6;56
TE114;31.01.2024;2;1.0;20;52;16;51;4;54
TE114;31.01.2024;3;1.0;19;53;16;53;3;55
TE114;31.01.2024;4;1.0;62;54;56;54;6;54
TE114;31.01.2024;5;1.0;143;52;132;53;11;52
TE114;31.01.2024;6;1.0;262;54;241;54;21;55
TE114;31.01.2024;7;1.0;396;52;364;51;32;53
TE114;31.01.2024;8;1.0;434;50;407;50;27;50
TE114;31.01.2024;9;1.0;417;55;388;56;29;55
TE114;31.01.2024;10;1.0;422;55;398;55;24;53
TE114;31.01.2024;11;1.0;472;56;443;57;29;54
TE114;31.01.2024;12;1.0;511;54;475;55;36;54
TE114;31.01.2024;13;1.0;521;57;491;57;30;58
TE114;31.01.2024;14;1.0;708;58;675;58;33;57
TE114;31.01.2024;15;1.0;674;55;665;55;9;57
TE114;31.01.2024;16;1.0;663;55;654;55;9;54
TE114;31.01.2024;17;1.0;604;56;595;56;9;57
TE114;31.01.2024;18;1.0;425;56;413;56;12;54
TE114;31.01.2024;19;1.0;322;56;310;56;12;56
TE114;31.01.2024;20;1.0;230;59;218;59;12;58
TE114;31.01.2024;21;1.0;181;58;165;58;16;58
TE114;31.01.2024;22;1.0;195;52;187;52;8;50
TE114;31.01.2024;23;1.0;63;51;56;51;7;52
TE127;01.01.2024;0;1.0;13;34;13;34;0;-1
TE127;01.01.2024;1;1.0;86;39;85;39;1;45
TE127;01.01.2024;2;1.0;132;42;132;42;0;-1
TE127;01.01.2024;3;1.0;104;45;103;45;1;40
TE127;01.01.2024;4;1.0;82;45;81;45;1;40
TE127;01.01.2024;5;1.0;83;46;79;46;4;48
TE127;01.01.2024;6;1.0;57;57;54;57;3;52
TE127;01.01.2024;7;1.0;35;55;32;56;3;43
TE127;01.01.2024;8;1.0;24;51;24;51;0;-1
TE127;01.01.2024;9;1.0;49;47;47;47;2;50
TE127;01.01.2024;10;1.0;85;44;83;44;2;46
TE127;01.01.2024;11;1.0;115;47;112;47;3;47
TE127;01.01.2024;12;1.0;147;46;147;46;0;-1
TE127;01.01.2024;13;1.0;177;44;176;44;1;44
TE127;01.01.2024;14;1.0;188;42;187;42;1;45
TE127;01.01.2024;15;1.0;171;43;169;43;2;49
TE127;01.01.2024;16;1.0;186;45;183;45;3;45
TE127;01.01.2024;17;1.0;157;45;154;45;3;46
TE127;01.01.2024;18;1.0;145;49;144;49;1;34
TE127;01.01.2024;19;1.0;107;46;106;46;1;49
TE127;01.01.2024;20;1.0;105;45;105;45;0;-1
TE127;01.01.2024;21;1.0;77;49;76;49;1;49
TE127;01.01.2024;22;1.0;68;54;66;54;2;49
TE127;01.01.2024;23;1.0;39;52;38;52;1;54
TE127;02.01.2024;0;1.0;21;56;21;56;0;-1
TE127;02.01.2024;1;1.0;29;52;26;52;3;54
TE127;02.01.2024;2;1.0;34;47;30;47;4;49
TE127;02.01.2024;3;1.0;55;48;47;48;8;48
TE127;02.01.2024;4;1.0;129;45;116;45;13;46
TE127;02.01.2024;5;1.0;301;41;281;41;20;43
TE127;02.01.2024;6;1.0;259;42;245;42;14;41
TE127;02.01.2024;7;1.0;260;42;244;42;16;42
TE127;02.01.2024;8;1.0;239;41;229;41;10;39
TE127;02.01.2024;9;1.0;204;41;198;41;6;41
TE127;02.01.2024;10;1.0;221;44;217;44;4;44
TE127;02.01.2024;11;1.0;212;41;203;41;9;43
TE127;02.01.2024;12;1.0;249;43;241;43;8;43
TE127;02.01.2024;13;1.0;284;44;279;44;5;44
TE127;02.01.2024;14;1.0;291;43;289;43;2;44
TE127;02.01.2024;15;1.0;276;43;275;43;1;45
TE127;02.01.2024;16;1.0;307;43;305;43;2;41
TE127;02.01.2024;17;1.0;260;46;259;46;1;49
TE127;02.01.2024;18;1.0;220;45;219;45;1;49
TE127;02.01.2024;19;1.0;167;42;167;42;0;-1
TE127;02.01.2024;20;1.0;162;48;162;48;0;-1
TE127;02.01.2024;21;1.0;97;49;97;49;0;-1
TE127;02.01.2024;22;1.0;81;49;81;49;0;-1
TE127;02.01.2024;23;1.0;41;50;39;50;2;41
TE127;03.01.2024;0;1.0;39;48;39;48;0;-1
TE127;03.01.2024;1;1.0;15;55;15;55;0;-1
TE127;03.01.2024;2;1.0;46;47;42;46;4;57
TE127;03.01.2024;3;1.0;53;45;45;45;8;44
TE127;03.01.2024;4;1.0;145;45;135;44;10;46
TE127;03.01.2024;5;1.0;333;41;326;41;7;40
TE127;03.01.2024;6;1.0;262;42;256;42;6;42
TE127;03.01.2024;7;1.0;317;41;308;42;9;39
TE127;03.01.2024;8;1.0;234;41;226;41;8;40
TE127;03.01.2024;9;1.0;257;41;238;41;19;40
TE127;03.01.2024;10;1.0;234;42;215;42;19;41
TE127;03.01.2024;11;1.0;304;41;276;41;28;42
TE127;03.01.2024;12;1.0;310;41;290;41;20;43
TE127;03.01.2024;13;1.0;289;39;277;39;12;37
TE127;03.01.2024;14;1.0;315;39;292;38;23;41
TE127;03.01.2024;15;1.0;320;42;308;42;12;41
TE127;03.01.2024;16;1.0;354;37;344;37;10;33
TE127;03.01.2024;17;1.0;288;41;281;41;7;42
TE127;03.01.2024;18;1.0;252;39;250;39;2;40
TE127;03.01.2024;19;1.0;181;40;179;40;2;43
TE127;03.01.2024;20;1.0;160;41;152;41;8;41
TE127;03.01.2024;21;1.0;126;45;124;45;2;47
TE127;03.01.2024;22;1.0;75;48;71;48;4;45
TE127;03.01.2024;23;1.0;46;44;45;43;1;69
TE127;04.01.2024;0;1.0;29;49;29;49;0;-1
TE127;04.01.2024;1;1.0;31;43;31;43;0;-1
TE127;04.01.2024;2;1.0;39;48;32;47;7;46
TE127;04.01.2024;3;1.0;46;48;40;48;6;49
TE127;04.01.2024;4;1.0;137;42;132;42;5;44
TE127;04.01.2024;5;1.0;289;47;285;47;4;54
TE127;04.01.2024;6;1.0;280;45;270;45;10;47
TE127;04.01.2024;7;1.0;336;43;326;43;10;44
TE127;04.01.2024;8;1.0;295;42;269;42;26;42
TE127;04.01.2024;9;1.0;286;36;266;36;20;37
TE127;04.01.2024;10;1.0;258;27;250;27;8;29
TE127;04.01.2024;11;1.0;283;33;277;33;6;34
TE127;04.01.2024;12;1.0;270;43;254;43;16;45
TE127;04.01.2024;13;1.0;262;41;250;41;12;42
TE127;04.01.2024;14;1.0;294;34;285;34;9;35
TE127;04.01.2024;15;1.0;297;37;289;37;8;39
TE127;04.01.2024;16;1.0;327;37;321;37;6;38
TE127;04.01.2024;17;1.0;264;41;249;41;15;46
TE127;04.01.2024;18;1.0;231;41;225;41;6;44
TE127;04.01.2024;19;1.0;197;42;196;41;1;64
TE127;04.01.2024;20;1.0;146;44;141;44;5;45
TE127;04.01.2024;21;1.0;127;46;127;46;0;-1
TE127;04.01.2024;22;1.0;87;53;85;53;2;60
TE127;04.01.2024;23;1.0;42;40;40;41;2;35
TE127;05.01.2024;0;1.0;30;43;30;43;0;-1
TE127;05.01.2024;1;1.0;31;43;28;44;3;32
TE127;05.01.2024;2;1.0;40;44;33;44;7;44
TE127;05.01.2024;3;1.0;64;42;55;43;9;43
TE127;05.01.2024;4;1.0;145;40;133;40;12;38
TE127;05.01.2024;5;1.0;275;44;258;43;17;46
TE127;05.01.2024;6;1.0;260;43;223;43;37;46
TE127;05.01.2024;7;1.0;257;34;244;34;13;38
TE127;05.01.2024;8;1.0;217;43;216;43;1;57
TE127;05.01.2024;9;1.0;246;41;241;41;5;42
TE127;05.01.2024;10;1.0;241;44;233;44;8;47
TE127;05.01.2024;11;1.0;273;44;266;44;7;45
TE127;05.01.2024;12;1.0;306;43;297;43;9;43
TE127;05.01.2024;13;1.0;294;39;292;39;2;38
TE127;05.01.2024;14;1.0;312;40;297;40;15;42
TE127;05.01.2024;15;1.0;299;39;292;39;7;42
TE127;05.01.2024;16;1.0;283;42;271;42;12;41
TE127;05.01.2024;17;1.0;280;41;279;41;1;44
TE127;05.01.2024;18;1.0;222;42;216;42;6;40
TE127;05.01.2024;19;1.0;192;43;190;43;2;40
TE127;05.01.2024;20;1.0;166;45;161;45;5;38
TE127;05.01.2024;21;1.0;126;47;126;47;0;-1
TE127;05.01.2024;22;1.0;106;48;105;48;1;50
TE127;05.01.2024;23;1.0;58;49;58;49;0;-1
TE127;06.01.2024;0;1.0;47;50;47;50;0;-1
TE127;06.01.2024;1;1.0;33;46;31;46;2;50
TE127;06.01.2024;2;1.0;32;53;31;53;1;50
TE127;06.01.2024;3;1.0;53;58;48;57;5;66
TE127;06.01.2024;4;1.0;64;53;60;53;4;56
TE127;06.01.2024;5;1.0;77;48;70;48;7;48
TE127;06.01.2024;6;1.0;81;56;68;56;13;57
TE127;06.01.2024;7;1.0;79;55;74;55;5;54
TE127;06.01.2024;8;1.0;147;46;139;46;8;44
TE127;06.01.2024;9;1.0;182;46;176;46;6;45
TE127;06.01.2024;10;1.0;239;44;232;44;7;42
TE127;06.01.2024;11;1.0;291;43;279;43;12;46
TE127;06.01.2024;12;1.0;267;43;262;43;5;45
TE127;06.01.2024;13;1.0;314;38;307;38;7;37
TE127;06.01.2024;14;1.0;292;38;290;38;2;36
TE127;06.01.2024;15;1.0;284;41;279;41;5;43
TE127;06.01.2024;16;1.0;293;42;288;42;5;43
TE127;06.01.2024;17;1.0;262;43;258;43;4;42
TE127;06.01.2024;18;1.0;233;45;232;45;1;47
TE127;06.01.2024;19;1.0;220;46;217;46;3;48
TE127;06.01.2024;20;1.0;176;46;175;46;1;52
TE127;06.01.2024;21;1.0;118;45;114;45;4;44
TE127;06.01.2024;22;1.0;97;45;97;45;0;-1
TE127;06.01.2024;23;1.0;72;46;72;46;0;-1
TE127;07.01.2024;0;1.0;57;42;57;42;0;-1
TE127;07.01.2024;1;1.0;49;42;49;42;0;-1
TE127;07.01.2024;2;1.0;32;46;32;46;0;-1
TE127;07.01.2024;3;1.0;33;47;32;47;1;48
TE127;07.01.2024;4;1.0;38;45;37;45;1;44
TE127;07.01.2024;5;1.0;43;47;41;47;2;47
TE127;07.01.2024;6;1.0;42;49;40;49;2;47
TE127;07.01.2024;7;1.0;40;57;35;58;5;55
TE127;07.01.2024;8;1.0;43;53;43;53;0;-1
TE127;07.01.2024;9;1.0;93;47;93;47;0;-1
TE127;07.01.2024;10;1.0;120;42;120;42;0;-1
TE127;07.01.2024;11;1.0;178;41;175;41;3;44
TE127;07.01.2024;12;1.0;185;41;182;41;3;44
TE127;07.01.2024;13;1.0;216;42;214;42;2;40
TE127;07.01.2024;14;1.0;201;44;197;44;4;42
TE127;07.01.2024;15;1.0;237;44;234;44;3;46
TE127;07.01.2024;16;1.0;200;45;199;45;1;47
TE127;07.01.2024;17;1.0;216;44;213;44;3;41
TE127;07.01.2024;18;1.0;195;47;193;47;2;48
TE127;07.01.2024;19;1.0;154;51;152;51;2;47
TE127;07.01.2024;20;1.0;148;43;148;43;0;-1
TE127;07.01.2024;21;1.0;108;42;108;42;0;-1
TE127;07.01.2024;22;1.0;91;41;91;41;0;-1
TE127;07.01.2024;23;1.0;63;43;61;43;2;44
TE127;08.01.2024;0;1.0;33;43;31;43;2;44
TE127;08.01.2024;1;1.0;26;52;23;51;3;60
TE127;08.01.2024;2;1.0;29;52;22;52;7;56
TE127;08.01.2024;3;1.0;55;50;43;49;12;53
TE127;08.01.2024;4;1.0;149;43;131;43;18;45
TE127;08.01.2024;5;1.0;337;39;315;39;22;39
TE127;08.01.2024;6;1.0;349;36;324;36;25;38
TE127;08.01.2024;7;1.0;317;37;299;37;18;37
TE127;08.01.2024;8;1.0;355;35;318;35;37;32
TE127;08.01.2024;9;1.0;240;37;224;37;16;37
TE127;08.01.2024;10;1.0;221;40;202;40;19;42
TE127;08.01.2024;11;1.0;201;43;174;43;27;43
TE127;08.01.2024;12;1.0;262;41;245;41;17;41
TE127;08.01.2024;13;1.0;300;41;285;41;15;41
TE127;08.01.2024;14;1.0;281;37;263;37;18;32
TE127;08.01.2024;15;1.0;340;37;329;37;11;40
TE127;08.01.2024;16;1.0;303;41;287;42;16;41
TE127;08.01.2024;17;1.0;280;37;274;37;6;36
TE127;08.01.2024;18;1.0;221;40;215;40;6;34
TE127;08.01.2024;19;1.0;172;44;169;44;3;40
TE127;08.01.2024;20;1.0;129;41;123;41;6;43
TE127;08.01.2024;21;1.0;121;41;120;41;1;43
TE127;08.01.2024;22;1.0;78;37;77;37;1;44
TE127;08.01.2024;23;1.0;39;36;39;36;0;-1
TE127;09.01.2024;0;1.0;24;35;24;35;0;-1
TE127;09.01.2024;1;1.0;24;36;23;36;1;52
TE127;09.01.2024;2;1.0;31;33;28;33;3;34
TE127;09.01.2024;3;1.0;51;46;43;46;8;46
TE127;09.01.2024;4;1.0;151;48;129;48;22;50
TE127;09.01.2024;5;1.0;294;42;272;42;22;43
TE127;09.01.2024;6;1.0;395;35;367;35;28;36
TE127;09.01.2024;7;1.0;334;27;319;27;15;30
TE127;09.01.2024;8;1.0;354;34;329;34;25;36
TE127;09.01.2024;9;1.0;316;35;303;35;13;36
TE127;09.01.2024;10;1.0;257;40;243;40;14;41
TE127;09.01.2024;11;1.0;290;40;258;40;32;40
TE127;09.01.2024;12;1.0;292;40;274;40;18;40
TE127;09.01.2024;13;1.0;303;41;288;41;15;40
TE127;09.01.2024;14;1.0;319;40;311;40;8;38
TE127;09.01.2024;15;1.0;295;42;283;42;12;45
TE127;09.01.2024;16;1.0;318;40;310;40;8;40
TE127;09.01.2024;17;1.0;304;38;297;38;7;38
TE127;09.01.2024;18;1.0;289;36;285;36;3;38
TE127;09.01.2024;19;1.0;204;42;203;42;1;46
TE127;09.01.2024;20;1.0;175;39;171;39;4;44
TE127;09.01.2024;21;1.0;124;43;120;43;4;45
TE127;09.01.2024;22;1.0;101;46;99;46;2;48
TE127;09.01.2024;23;1.0;42;41;39;41;3;42
TE127;10.01.2024;0;1.0;21;41;21;41;0;-1
TE127;10.01.2024;1;1.0;17;44;17;44;0;-1
TE127;10.01.2024;2;1.0;38;49;31;48;7;49
TE127;10.01.2024;3;1.0;60;43;53;43;7;44
TE127;10.01.2024;4;1.0;192;36;178;36;14;38
TE127;10.01.2024;5;1.0;371;35;341;35;30;35
TE127;10.01.2024;6;1.0;379;34;349;34;30;36
TE127;10.01.2024;7;1.0;382;36;364;36;18;35
TE127;10.01.2024;8;1.0;354;35;335;35;19;36
TE127;10.01.2024;9;1.0;282;43;270;43;12;41
TE127;10.01.2024;10;1.0;300;41;292;41;8;44
TE127;10.01.2024;11;1.0;247;43;221;42;26;45
TE127;10.01.2024;12;1.0;318;42;299;42;19;40
TE127;10.01.2024;13;1.0;305;41;296;41;9;37
TE127;10.01.2024;14;1.0;293;39;282;39;11;40
TE127;10.01.2024;15;1.0;364;39;347;39;17;39
TE127;10.01.2024;16;1.0;348;38;342;38;6;38
TE127;10.01.2024;17;1.0;272;41;263;41;9;40
TE127;10.01.2024;18;1.0;290;41;286;41;4;42
TE127;10.01.2024;19;1.0;219;39;216;39;3;38
TE127;10.01.2024;20;1.0;178;41;172;41;6;40
TE127;10.01.2024;21;1.0;141;38;141;38;0;-1
TE127;10.01.2024;22;1.0;90;35;89;35;1;37
TE127;10.01.2024;23;1.0;67;37;66;37;1;38
TE127;11.01.2024;0;1.0;40;42;39;42;1;42
TE127;11.01.2024;1;1.0;20;45;19;44;1;74
TE127;11.01.2024;2;1.0;36;47;35;47;1;45
TE127;11.01.2024;3;1.0;41;44;39;44;2;43
TE127;11.01.2024;4;1.0;182;46;180;46;2;48
TE127;11.01.2024;5;1.0;364;44;360;44;4;51
TE127;11.01.2024;6;1.0;372;42;371;42;1;36
TE127;11.01.2024;7;1.0;364;37;356;37;8;36
TE127;11.01.2024;8;1.0;308;40;307;40;1;41
TE127;11.01.2024;9;1.0;307;43;301;43;6;44
TE127;11.01.2024;10;1.0;240;45;239;45;1;50
TE127;11.01.2024;11;1.0;264;44;257;44;7;43
TE127;11.01.2024;12;1.0;267;42;259;42;8;47
TE127;11.01.2024;13;1.0;308;42;302;42;6;40
TE127;11.01.2024;14;1.0;302;40;294;40;8;39
TE127;11.01.2024;15;1.0;286;40;280;40;6;34
TE127;11.01.2024;16;1.0;331;41;330;41;1;41
TE127;11.01.2024;17;1.0;285;43;285;43;0;-1
TE127;11.01.2024;18;1.0;266;46;263;46;3;44
TE127;11.01.2024;19;1.0;196;45;195;45;1;45
TE127;11.01.2024;20;1.0;190;43;187;43;2;50
TE127;11.01.2024;21;1.0;135;45;134;45;1;48
TE127;11.01.2024;22;1.0;104;48;102;48;2;52
TE127;11.01.2024;23;1.0;56;55;54;55;2;61
TE127;12.01.2024;0;1.0;31;57;30;57;1;59
TE127;12.01.2024;1;1.0;28;55;27;54;1;59
TE127;12.01.2024;2;1.0;47;54;47;54;0;-1
TE127;12.01.2024;3;1.0;53;52;53;52;0;-1
TE127;12.01.2024;4;1.0;175;47;173;46;2;66
TE127;12.01.2024;5;1.0;324;44;321;44;3;43
TE127;12.01.2024;6;1.0;338;38;335;38;3;42
TE127;12.01.2024;7;1.0;321;35;319;35;2;42
TE127;12.01.2024;8;1.0;317;37;313;37;4;36
TE127;12.01.2024;9;1.0;304;38;303;38;1;39
TE127;12.01.2024;10;1.0;262;36;259;36;3;26
TE127;12.01.2024;11;1.0;271;40;263;40;8;36
TE127;12.01.2024;12;1.0;266;41;261;41;5;45
TE127;12.01.2024;13;1.0;332;36;328;36;4;35
TE127;12.01.2024;14;1.0;339;41;333;41;6;38
TE127;12.01.2024;15;1.0;286;39;283;39;3;39
TE127;12.01.2024;16;1.0;307;40;305;40;2;40
TE127;12.01.2024;17;1.0;296;37;293;37;3;41
TE127;12.01.2024;18;1.0;241;39;240;39;1;33
TE127;12.01.2024;19;1.0;203;41;200;41;3;42
TE127;12.01.2024;20;1.0;159;47;157;47;2;44
TE127;12.01.2024;21;1.0;130;45;127;45;3;47
TE127;12.01.2024;22;1.0;108;52;107;52;1;54
TE127;12.01.2024;23;1.0;87;53;86;53;1;53
TE127;13.01.2024;0;1.0;48;52;48;52;0;-1
TE127;13.01.2024;1;1.0;50;59;47;59;3;58
TE127;13.01.2024;2;1.0;35;62;29;62;6;62
TE127;13.01.2024;3;1.0;45;53;39;53;6;56
TE127;13.01.2024;4;1.0;59;53;57;53;2;54
TE127;13.01.2024;5;1.0;76;50;76;50;0;-1
TE127;13.01.2024;6;1.0;88;50;87;50;1;57
TE127;13.01.2024;7;1.0;87;52;87;52;0;-1
TE127;13.01.2024;8;1.0;127;50;127;50;0;-1
TE127;13.01.2024;9;1.0;182;48;181;48;1;57
TE127;13.01.2024;10;1.0;222;46;219;46;3;46
TE127;13.01.2024;11;1.0;266;42;263;42;3;39
TE127;13.01.2024;12;1.0;259;41;258;41;1;41
TE127;13.01.2024;13;1.0;279;39;276;39;3;33
TE127;13.01.2024;14;1.0;333;40;331;40;2;40
TE127;13.01.2024;15;1.0;282;39;282;39;0;-1
TE127;13.01.2024;16;1.0;296;42;296;42;0;-1
TE127;13.01.2024;17;1.0;253;41;253;41;0;-1
TE127;13.01.2024;18;1.0;240;39;240;39;0;-1
TE127;13.01.2024;19;1.0;195;45;193;45;2;43
TE127;13.01.2024;20;1.0;182;44;182;44;0;-1
TE127;13.01.2024;21;1.0;141;49;139;49;2;54
TE127;13.01.2024;22;1.0;112;49;112;49;0;-1
TE127;13.01.2024;23;1.0;91;45;91;45;0;-1
TE127;14.01.2024;0;1.0;59;47;59;47;0;-1
TE127;14.01.2024;1;1.0;51;50;51;50;0;-1
TE127;14.01.2024;2;1.0;34;49;34;49;0;-1
TE127;14.01.2024;3;1.0;41;50;39;50;2;52
TE127;14.01.2024;4;1.0;39;56;37;56;2;58
TE127;14.01.2024;5;1.0;57;49;57;49;0;-1
TE127;14.01.2024;6;1.0;44;51;44;51;0;-1
TE127;14.01.2024;7;1.0;41;50;41;50;0;-1
TE127;14.01.2024;8;1.0;56;46;56;46;0;-1
TE127;14.01.2024;9;1.0;92;50;89;50;3;53
TE127;14.01.2024;10;1.0;147;48;146;48;1;52
TE127;14.01.2024;11;1.0;192;42;192;42;0;-1
TE127;14.01.2024;12;1.0;208;43;208;43;0;-1
TE127;14.01.2024;13;1.0;244;42;243;42;1;40
TE127;14.01.2024;14;1.0;243;44;243;44;0;-1
TE127;14.01.2024;15;1.0;247;43;246;43;1;41
TE127;14.01.2024;16;1.0;217;46;217;46;0;-1
TE127;14.01.2024;17;1.0;222;48;222;48;0;-1
TE127;14.01.2024;18;1.0;209;50;208;50;1;56
TE127;14.01.2024;19;1.0;148;42;146;42;2;44
TE127;14.01.2024;20;1.0;152;45;152;45;0;-1
TE127;14.01.2024;21;1.0;114;47;114;47;0;-1
TE127;14.01.2024;22;1.0;67;44;67;44;0;-1
TE127;14.01.2024;23;1.0;60;45;60;45;0;-1
TE127;15.01.2024;0;1.0;28;43;28;43;0;-1
TE127;15.01.2024;1;1.0;24;41;23;41;1;41
TE127;15.01.2024;2;1.0;29;44;29;44;0;-1
TE127;15.01.2024;3;1.0;62;47;57;47;5;49
TE127;15.01.2024;4;1.0;156;48;150;48;6;48
TE127;15.01.2024;5;1.0;336;45;320;45;16;46
TE127;15.01.2024;6;1.0;358;42;345;42;13;40
TE127;15.01.2024;7;1.0;352;36;345;36;7;39
TE127;15.01.2024;8;1.0;268;43;262;43;6;43
TE127;15.01.2024;9;1.0;296;41;288;41;8;43
TE127;15.01.2024;10;1.0;267;44;254;44;13;46
TE127;15.01.2024;11;1.0;274;41;265;41;9;44
TE127;15.01.2024;12;1.0;298;43;281;43;17;42
TE127;15.01.2024;13;1.0;307;41;293;41;14;42
TE127;15.01.2024;14;1.0;288;39;282;39;6;40
TE127;15.01.2024;15;1.0;288;43;286;43;2;48
TE127;15.01.2024;16;1.0;307;41;302;41;5;44
TE127;15.01.2024;17;1.0;276;39;271;39;5;39
TE127;15.01.2024;18;1.0;223;44;217;43;6;48
TE127;15.01.2024;19;1.0;170;43;169;43;1;41
TE127;15.01.2024;20;1.0;178;44;176;44;2;44
TE127;15.01.2024;21;1.0;102;44;100;44;2;45
TE127;15.01.2024;22;1.0;81;45;79;45;2;44
TE127;15.01.2024;23;1.0;36;43;35;43;1;45
TE127;16.01.2024;0;1.0;30;53;28;54;2;32
TE127;16.01.2024;1;1.0;14;53;14;53;0;-1
TE127;16.01.2024;2;1.0;19;57;18;57;1;48
TE127;16.01.2024;3;1.0;23;47;18;46;5;48
TE127;16.01.2024;4;1.0;64;43;33;42;31;45
TE127;16.01.2024;5;1.0;117;33;89;32;28;34
TE127;16.01.2024;6;1.0;148;31;111;31;37;31
TE127;16.01.2024;7;1.0;170;27;154;27;16;30
TE127;16.01.2024;8;1.0;141;23;135;23;6;30
TE127;16.01.2024;9;1.0;220;37;208;37;12;36
TE127;16.01.2024;10;1.0;161;42;144;42;17;44
TE127;16.01.2024;11;1.0;258;43;238;44;20;41
TE127;16.01.2024;12;1.0;264;43;245;43;19;44
TE127;16.01.2024;13;1.0;259;44;250;44;9;44
TE127;16.01.2024;14;1.0;239;44;233;44;6;44
TE127;16.01.2024;15;1.0;330;36;324;36;6;43
TE127;16.01.2024;16;1.0;288;42;282;42;6;44
TE127;16.01.2024;17;1.0;298;41;296;41;2;38
TE127;16.01.2024;18;1.0;260;44;260;44;0;-1
TE127;16.01.2024;19;1.0;206;44;198;44;8;43
TE127;16.01.2024;20;1.0;174;47;172;47;2;53
TE127;16.01.2024;21;1.0;122;47;122;47;0;-1
TE127;16.01.2024;22;1.0;88;48;87;48;1;47
TE127;16.01.2024;23;1.0;47;47;47;47;0;-1
TE127;17.01.2024;0;1.0;20;47;20;47;0;-1
TE127;17.01.2024;1;1.0;31;46;30;46;1;49
TE127;17.01.2024;2;1.0;32;45;28;45;4;48
TE127;17.01.2024;3;1.0;60;46;52;47;8;44
TE127;17.01.2024;4;1.0;139;45;127;45;12;45
TE127;17.01.2024;5;1.0;330;42;303;42;27;42
TE127;17.01.2024;6;1.0;362;38;344;38;18;38
TE127;17.01.2024;7;1.0;365;37;345;37;20;39
TE127;17.01.2024;8;1.0;371;35;358;35;13;35
TE127;17.01.2024;9;1.0;303;38;276;38;27;41
TE127;17.01.2024;10;1.0;249;41;239;41;10;42
TE127;17.01.2024;11;1.0;260;38;237;39;23;38
TE127;17.01.2024;12;1.0;302;43;276;43;26;45
TE127;17.01.2024;13;1.0;297;41;282;41;15;39
TE127;17.01.2024;14;1.0;315;42;306;42;9;44
TE127;17.01.2024;15;1.0;286;40;270;40;16;40
TE127;17.01.2024;16;1.0;321;39;313;39;8;36
TE127;17.01.2024;17;1.0;293;43;287;43;6;40
TE127;17.01.2024;18;1.0;265;40;260;40;5;40
TE127;17.01.2024;19;1.0;175;44;174;44;1;48
TE127;17.01.2024;20;1.0;136;44;135;44;1;46
TE127;17.01.2024;21;1.0;132;46;131;46;1;19
TE127;17.01.2024;22;1.0;101;44;101;44;0;-1
TE127;17.01.2024;23;1.0;37;44;37;44;0;-1
TE127;18.01.2024;0;1.0;24;47;24;47;0;-1
TE127;18.01.2024;1;1.0;18;47;16;47;2;47
TE127;18.01.2024;2;1.0;33;49;32;49;1;45
TE127;18.01.2024;3;1.0;67;51;62;50;5;56
TE127;18.01.2024;4;1.0;179;48;174;48;5;41
TE127;18.01.2024;5;1.0;346;45;337;45;9;47
TE127;18.01.2024;6;1.0;387;41;377;41;10;38
TE127;18.01.2024;7;1.0;375;39;366;39;9;42
TE127;18.01.2024;8;1.0;386;37;374;37;12;40
TE127;18.01.2024;9;1.0;338;37;323;37;15;37
TE127;18.01.2024;10;1.0;242;43;231;43;11;46
TE127;18.01.2024;11;1.0;233;42;212;42;21;44
TE127;18.01.2024;12;1.0;321;41;302;41;19;41
TE127;18.01.2024;13;1.0;302;41;283;41;19;41
TE127;18.01.2024;14;1.0;306;41;298;40;8;41
TE127;18.01.2024;15;1.0;318;39;310;39;8;38
TE127;18.01.2024;16;1.0;271;37;264;37;7;37
TE127;18.01.2024;17;1.0;265;37;262;37;3;35
TE127;18.01.2024;18;1.0;245;43;244;43;1;42
TE127;18.01.2024;19;1.0;192;42;188;42;4;42
TE127;18.01.2024;20;1.0;173;44;170;44;3;39
TE127;18.01.2024;21;1.0;139;44;137;44;2;43
TE127;18.01.2024;22;1.0;86;46;86;46;0;-1
TE127;18.01.2024;23;1.0;64;42;62;42;2;45
TE127;19.01.2024;0;1.0;27;49;27;49;0;-1
TE127;19.01.2024;1;1.0;20;50;19;50;1;49
TE127;19.01.2024;2;1.0;27;50;27;50;0;-1
TE127;19.01.2024;3;1.0;54;51;49;51;5;50
TE127;19.01.2024;4;1.0;144;47;133;48;11;44
TE127;19.01.2024;5;1.0;307;44;296;44;11;44
TE127;19.01.2024;6;1.0;358;40;345;40;13;43
TE127;19.01.2024;7;1.0;356;39;343;39;13;38
TE127;19.01.2024;8;1.0;306;37;299;37;7;37
TE127;19.01.2024;9;1.0;260;42;253;42;7;41
TE127;19.01.2024;10;1.0;278;43;264;43;14;42
TE127;19.01.2024;11;1.0;263;40;245;39;18;41
TE127;19.01.2024;12;1.0;263;38;256;38;7;42
TE127;19.01.2024;13;1.0;301;39;292;39;9;38
TE127;19.01.2024;14;1.0;302;38;299;38;3;38
TE127;19.01.2024;15;1.0;318;38;308;38;10;42
TE127;19.01.2024;16;1.0;312;40;299;40;13;38
TE127;19.01.2024;17;1.0;258;42;254;42;4;42
TE127;19.01.2024;18;1.0;259;42;258;42;1;42
TE127;19.01.2024;19;1.0;192;44;191;44;1;47
TE127;19.01.2024;20;1.0;120;44;117;44;3;46
TE127;19.01.2024;21;1.0;122;44;119;44;3;46
TE127;19.01.2024;22;1.0;92;46;87;46;5;45
TE127;19.01.2024;23;1.0;60;50;60;50;0;-1
TE127;20.01.2024;0;1.0;57;45;56;45;1;41
TE127;20.01.2024;1;1.0;33;43;33;43;0;-1
TE127;20.01.2024;2;1.0;31;49;30;49;1;48
TE127;20.01.2024;3;1.0;33;50;25;49;8;55
TE127;20.01.2024;4;1.0;51;53;48;53;3;48
TE127;20.01.2024;5;1.0;80;50;73;50;7;51
TE127;20.01.2024;6;1.0;63;45;59;45;4;42
TE127;20.01.2024;7;1.0;92;43;89;43;3;44
TE127;20.01.2024;8;1.0;140;44;137;44;3;46
TE127;20.01.2024;9;1.0;178;46;176;46;2;49
TE127;20.01.2024;10;1.0;253;46;245;46;8;44
TE127;20.01.2024;11;1.0;271;43;270;43;1;46
TE127;20.01.2024;12;1.0;282;43;277;43;5;43
TE127;20.01.2024;13;1.0;294;37;293;37;1;32
TE127;20.01.2024;14;1.0;281;40;279;40;2;36
TE127;20.01.2024;15;1.0;248;47;243;46;5;48
TE127;20.01.2024;16;1.0;260;43;257;43;3;47
TE127;20.01.2024;17;1.0;257;41;251;41;6;45
TE127;20.01.2024;18;1.0;191;42;189;42;2;40
TE127;20.01.2024;19;1.0;184;42;183;42;1;43
TE127;20.01.2024;20;1.0;124;44;123;44;1;43
TE127;20.01.2024;21;1.0;118;44;118;44;0;-1
TE127;20.01.2024;22;1.0;94;44;93;44;1;46
TE127;20.01.2024;23;1.0;76;44;76;44;0;-1
TE127;21.01.2024;0;1.0;61;45;59;45;2;46
TE127;21.01.2024;1;1.0;33;47;32;47;1;45
TE127;21.01.2024;2;1.0;42;40;41;41;1;33
TE127;21.01.2024;3;1.0;33;48;31;49;2;44
TE127;21.01.2024;4;1.0;31;47;30;47;1;50
TE127;21.01.2024;5;1.0;56;44;55;44;1;35
TE127;21.01.2024;6;1.0;33;44;32;44;1;36
TE127;21.01.2024;7;1.0;37;46;35;46;2;45
TE127;21.01.2024;8;1.0;73;50;72;50;1;47
TE127;21.01.2024;9;1.0;90;46;89;46;1;42
TE127;21.01.2024;10;1.0;142;45;140;45;2;47
TE127;21.01.2024;11;1.0;179;46;179;46;0;-1
TE127;21.01.2024;12;1.0;209;41;208;41;1;45
TE127;21.01.2024;13;1.0;169;41;167;41;2;44
TE127;21.01.2024;14;1.0;204;39;204;39;0;-1
TE127;21.01.2024;15;1.0;213;39;212;39;1;39
TE127;21.01.2024;16;1.0;228;34;227;34;1;30
TE127;21.01.2024;17;1.0;226;37;226;37;0;-1
TE127;21.01.2024;18;1.0;220;44;218;44;2;52
TE127;21.01.2024;19;1.0;151;36;149;36;2;36
TE127;21.01.2024;20;1.0;138;42;138;42;0;-1
TE127;21.01.2024;21;1.0;105;40;104;40;1;40
TE127;21.01.2024;22;1.0;62;49;60;49;2;56
TE127;21.01.2024;23;1.0;47;40;47;40;0;-1
TE127;22.01.2024;0;1.0;28;38;27;38;1;40
TE127;22.01.2024;1;1.0;21;33;21;33;0;-1
TE127;22.01.2024;2;1.0;24;33;23;33;1;32
TE127;22.01.2024;3;1.0;63;33;59;33;4;33
TE127;22.01.2024;4;1.0;174;39;163;39;11;40
TE127;22.01.2024;5;1.0;340;40;326;40;14;40
TE127;22.01.2024;6;1.0;362;36;342;35;20;37
TE127;22.01.2024;7;1.0;304;33;293;33;11;34
TE127;22.01.2024;8;1.0;290;32;277;32;13;34
TE127;22.01.2024;9;1.0;277;40;257;40;20;41
TE127;22.01.2024;10;1.0;221;35;216;35;5;36
TE127;22.01.2024;11;1.0;225;37;205;36;20;46
TE127;22.01.2024;12;1.0;289;40;269;40;20;40
TE127;22.01.2024;13;1.0;242;37;229;37;13;36
TE127;22.01.2024;14;1.0;284;33;272;33;12;37
TE127;22.01.2024;15;1.0;297;36;285;36;12;34
TE127;22.01.2024;16;1.0;288;34;285;34;3;37
TE127;22.01.2024;17;1.0;252;32;249;32;3;34
TE127;22.01.2024;18;1.0;241;39;236;39;5;38
TE127;22.01.2024;19;1.0;179;37;178;37;1;40
TE127;22.01.2024;20;1.0;160;36;160;36;0;-1
TE127;22.01.2024;21;1.0;114;49;110;49;4;54
TE127;22.01.2024;22;1.0;86;47;86;47;0;-1
TE127;22.01.2024;23;1.0;41;44;40;44;1;57
TE127;23.01.2024;0;1.0;29;45;28;45;1;43
TE127;23.01.2024;1;1.0;17;48;16;48;1;48
TE127;23.01.2024;2;1.0;33;51;28;51;5;51
TE127;23.01.2024;3;1.0;49;55;39;54;10;60
TE127;23.01.2024;4;1.0;156;50;146;49;10;50
TE127;23.01.2024;5;1.0;334;45;315;45;19;47
TE127;23.01.2024;6;1.0;357;49;337;49;20;49
TE127;23.01.2024;7;1.0;343;44;327;44;16;47
TE127;23.01.2024;8;1.0;319;42;295;42;24;40
TE127;23.01.2024;9;1.0;295;42;272;42;23;42
TE127;23.01.2024;10;1.0;224;42;202;41;22;44
TE127;23.01.2024;11;1.0;270;41;246;41;24;41
TE127;23.01.2024;12;1.0;289;37;277;37;12;34
TE127;23.01.2024;13;1.0;299;34;284;34;15;36
TE127;23.01.2024;14;1.0;287;31;276;31;11;35
TE127;23.01.2024;15;1.0;313;32;307;31;6;33
TE127;23.01.2024;16;1.0;284;35;280;35;4;34
TE127;23.01.2024;17;1.0;317;31;315;31;2;34
TE127;23.01.2024;18;1.0;267;35;264;35;3;44
TE127;23.01.2024;19;1.0;228;34;226;34;2;34
TE127;23.01.2024;20;1.0;171;38;167;38;4;39
TE129;01.01.2024;0;1.0;71;45;70;45;1;41
TE129;01.01.2024;1;1.0;252;35;248;35;4;31
TE129;01.01.2024;3;1.0;234;41;233;41;1;47
TE129;01.01.2024;4;1.0;179;38;178;38;1;47
TE129;01.01.2024;5;1.0;136;45;134;45;2;47
TE129;01.01.2024;6;1.0;107;49;106;49;1;47
TE129;01.01.2024;7;1.0;68;48;67;48;1;41
TE129;01.01.2024;8;1.0;48;46;48;46;0;-1
TE129;01.01.2024;9;1.0;94;50;91;50;3;51
TE129;01.01.2024;10;1.0;183;47;181;47;2;46
TE129;01.01.2024;11;1.0;236;48;236;48;0;-1
TE129;01.01.2024;12;1.0;324;45;315;45;9;46
TE129;01.01.2024;13;1.0;390;45;389;45;1;46
TE129;01.01.2024;14;1.0;439;39;438;39;1;46
TE129;01.01.2024;15;1.0;408;42;399;42;9;35
TE129;01.01.2024;16;1.0;397;42;390;42;7;31
TE129;01.01.2024;17;1.0;371;43;365;43;6;41
TE129;01.01.2024;18;1.0;327;44;327;44;0;-1
TE129;01.01.2024;19;1.0;272;44;272;44;0;-1
TE129;01.01.2024;20;1.0;220;48;219;48;1;52
TE129;01.01.2024;21;1.0;164;52;163;52;1;52
TE129;01.01.2024;22;1.0;127;54;125;54;2;52
TE129;01.01.2024;23;1.0;75;50;73;50;2;49
TE129;02.01.2024;0;1.0;33;48;32;48;1;51
TE129;02.01.2024;1;1.0;43;51;40;52;2;48
TE129;02.01.2024;2;1.0;55;49;52;50;2;45
TE129;02.01.2024;3;1.0;74;48;67;48;8;47
TE129;02.01.2024;4;1.0;217;46;204;46;13;47
TE129;02.01.2024;5;1.0;478;46;454;46;24;48
TE129;02.01.2024;6;1.0;531;45;511;45;20;46
TE129;02.01.2024;7;1.0;584;42;560;41;24;46
TE129;02.01.2024;8;1.0;516;44;510;44;6;45
TE129;02.01.2024;9;1.0;472;44;460;44;12;48
TE129;02.01.2024;10;1.0;488;40;483;40;5;45
TE129;02.01.2024;11;1.0;543;37;537;37;6;46
TE129;02.01.2024;12;1.0;539;42;538;42;1;46
TE129;02.01.2024;13;1.0;615;38;615;38;0;-1
TE129;02.01.2024;14;1.0;752;31;748;31;3;43
TE129;02.01.2024;15;1.0;779;31;779;31;0;-1
TE129;02.01.2024;16;1.0;703;35;702;35;1;9
TE129;02.01.2024;17;1.0;665;34;664;34;1;9
TE129;02.01.2024;18;1.0;546;40;546;40;0;-1
TE129;02.01.2024;19;1.0;360;45;360;45;0;-1
TE129;02.01.2024;20;1.0;356;46;353;46;3;54
TE129;02.01.2024;21;1.0;203;49;201;49;2;53
TE129;02.01.2024;22;1.0;174;46;174;46;0;-1
TE129;02.01.2024;23;1.0;93;49;91;49;2;59
TE129;03.01.2024;0;1.0;77;51;75;51;2;54
TE129;03.01.2024;1;1.0;36;56;35;57;1;48
TE129;03.01.2024;2;1.0;68;52;65;53;3;49
TE129;03.01.2024;3;1.0;91;49;83;50;8;50
TE129;03.01.2024;4;1.0;208;50;198;50;10;49
TE129;03.01.2024;5;1.0;562;40;547;40;15;40
TE129;03.01.2024;6;1.0;541;39;528;38;13;39
TE129;03.01.2024;7;1.0;676;38;658;37;18;41
TE129;03.01.2024;8;1.0;572;38;559;38;13;42
TE129;03.01.2024;9;1.0;606;35;582;35;24;38
TE129;03.01.2024;10;1.0;509;38;469;38;39;40
TE129;03.01.2024;11;1.0;586;40;543;40;43;42
TE129;03.01.2024;12;1.0;618;41;587;41;31;43
TE129;03.01.2024;13;1.0;642;37;626;36;16;42
TE129;03.01.2024;14;1.0;739;36;712;36;27;39
TE129;03.01.2024;15;1.0;853;32;833;31;20;42
TE129;03.01.2024;16;1.0;797;35;778;35;19;36
TE129;03.01.2024;17;1.0;750;35;737;35;13;32
TE129;03.01.2024;18;1.0;556;36;548;35;8;42
TE129;03.01.2024;19;1.0;349;42;346;42;3;36
TE129;03.01.2024;20;1.0;291;42;281;42;10;43
TE129;03.01.2024;21;1.0;230;48;227;48;3;45
TE129;03.01.2024;22;1.0;159;50;152;50;7;46
TE129;03.01.2024;23;1.0;92;50;88;51;4;44
TE129;04.01.2024;0;1.0;51;50;47;49;4;50
TE129;04.01.2024;1;1.0;49;51;46;51;3;51
TE129;04.01.2024;2;1.0;68;53;60;53;8;50
TE129;04.01.2024;3;1.0;82;53;76;53;6;56
TE129;04.01.2024;4;1.0;192;56;188;56;4;55
TE129;04.01.2024;5;1.0;534;48;530;48;4;54
TE129;04.01.2024;6;1.0;592;43;587;43;5;47
TE129;04.01.2024;7;1.0;683;39;680;39;3;46
TE129;04.01.2024;8;1.0;653;39;632;39;21;43
TE129;04.01.2024;9;1.0;628;37;584;37;44;41
TE129;04.01.2024;10;1.0;579;35;541;35;38;39
TE129;04.01.2024;11;1.0;596;34;554;34;41;38
TE129;04.01.2024;12;1.0;653;36;634;35;19;39
TE129;04.01.2024;13;1.0;648;32;617;32;32;39
TE129;04.01.2024;14;1.0;754;32;727;31;27;41
TE129;04.01.2024;15;1.0;982;29;966;29;16;41
TE129;04.01.2024;16;1.0;898;31;882;31;16;39
TE129;04.01.2024;17;1.0;772;33;754;33;18;42
TE129;04.01.2024;18;1.0;580;39;566;39;14;44
TE129;04.01.2024;19;1.0;428;43;417;43;11;42
TE129;04.01.2024;20;1.0;308;48;296;48;12;49
TE129;04.01.2024;21;1.0;236;49;234;49;2;48
TE129;04.01.2024;22;1.0;173;51;173;51;0;-1
TE129;04.01.2024;23;1.0;76;53;74;53;2;52
TE129;05.01.2024;0;1.0;69;53;67;53;2;43
TE129;05.01.2024;1;1.0;50;54;49;54;1;59
TE129;05.01.2024;2;1.0;68;57;59;57;9;55
TE129;05.01.2024;3;1.0;111;50;103;50;9;49
TE129;05.01.2024;4;1.0;217;50;202;51;15;48
TE129;05.01.2024;5;1.0;540;43;516;43;24;42
TE129;05.01.2024;6;1.0;686;39;650;38;36;43
TE129;05.01.2024;7;1.0;659;41;635;40;24;45
TE129;05.01.2024;8;1.0;589;40;584;40;5;45
TE129;05.01.2024;9;1.0;567;45;556;45;11;39
TE129;05.01.2024;10;1.0;549;40;544;40;5;44
TE129;05.01.2024;11;1.0;582;42;569;42;13;46
TE129;05.01.2024;12;1.0;685;38;675;38;10;45
TE129;05.01.2024;13;1.0;731;38;720;38;11;45
TE129;05.01.2024;14;1.0;797;35;782;35;15;44
TE129;05.01.2024;15;1.0;839;34;824;34;15;45
TE129;05.01.2024;16;1.0;759;33;752;33;7;43
TE129;05.01.2024;17;1.0;611;41;602;41;9;48
TE129;05.01.2024;18;1.0;601;38;594;37;7;49
TE129;05.01.2024;19;1.0;418;42;415;42;3;50
TE129;05.01.2024;20;1.0;390;44;387;44;3;49
TE129;05.01.2024;21;1.0;263;45;262;45;1;49
TE129;05.01.2024;22;1.0;222;48;221;48;1;53
TE129;05.01.2024;23;1.0;136;49;135;49;1;45
TE129;06.01.2024;0;1.0;98;51;97;51;1;45
TE129;06.01.2024;1;1.0;78;55;77;55;1;54
TE129;06.01.2024;2;1.0;79;50;78;49;1;58
TE129;06.01.2024;3;1.0;81;48;77;48;3;51
TE129;06.01.2024;4;1.0;102;58;101;58;1;48
TE129;06.01.2024;5;1.0;151;53;142;53;9;56
TE129;06.01.2024;6;1.0;163;51;159;51;4;51
TE129;06.01.2024;7;1.0;187;51;185;51;2;54
TE129;06.01.2024;8;1.0;288;48;283;48;5;51
TE129;06.01.2024;9;1.0;347;49;344;49;3;49
TE129;06.01.2024;10;1.0;462;39;454;39;8;42
TE129;06.01.2024;11;1.0;557;42;549;41;8;45
TE129;06.01.2024;12;1.0;604;43;595;43;9;40
TE129;06.01.2024;13;1.0;672;43;654;43;18;36
TE129;06.01.2024;14;1.0;775;40;767;40;8;27
TE129;06.01.2024;15;1.0;779;34;775;34;4;48
TE129;06.01.2024;16;1.0;683;34;681;34;2;44
TE129;06.01.2024;17;1.0;653;34;653;34;0;-1
TE129;06.01.2024;18;1.0;605;37;602;36;3;52
TE129;06.01.2024;19;1.0;504;42;501;42;3;48
TE129;06.01.2024;20;1.0;340;46;336;46;4;47
TE129;06.01.2024;21;1.0;270;48;270;48;0;-1
TE129;06.01.2024;22;1.0;233;46;233;46;0;-1
TE129;06.01.2024;23;1.0;152;50;149;50;3;53
TE129;07.01.2024;0;1.0;134;45;134;45;0;-1
TE129;07.01.2024;1;1.0;92;54;91;54;1;58
TE129;07.01.2024;2;1.0;68;49;66;49;2;52
TE129;07.01.2024;3;1.0;72;47;70;46;2;53
TE129;07.01.2024;4;1.0;57;50;55;50;2;55
TE129;07.01.2024;5;1.0;88;50;86;50;2;50
TE129;07.01.2024;6;1.0;80;48;77;48;3;46
TE129;07.01.2024;7;1.0;72;49;70;49;2;44
TE129;07.01.2024;8;1.0;104;54;104;54;0;-1
TE129;07.01.2024;9;1.0;215;49;214;49;1;49
TE129;07.01.2024;10;1.0;299;45;297;45;2;52
TE129;07.01.2024;11;1.0;379;45;376;45;3;51
TE129;07.01.2024;12;1.0;505;42;503;42;2;48
TE129;07.01.2024;13;1.0;484;44;483;44;1;48
TE129;07.01.2024;14;1.0;632;39;629;39;3;47
TE129;07.01.2024;15;1.0;672;38;666;38;6;50
TE129;07.01.2024;16;1.0;567;40;566;40;1;42
TE129;07.01.2024;17;1.0;578;36;577;36;1;42
TE129;07.01.2024;18;1.0;472;39;472;39;0;-1
TE129;07.01.2024;19;1.0;381;45;380;45;1;48
TE129;07.01.2024;20;1.0;330;47;328;47;2;50
TE129;07.01.2024;21;1.0;220;46;218;46;2;52
TE129;07.01.2024;22;1.0;177;49;173;49;4;52
TE129;07.01.2024;23;1.0;96;48;93;48;3;51
TE129;08.01.2024;0;1.0;63;47;57;47;6;48
TE129;08.01.2024;1;1.0;54;54;50;55;4;52
TE129;08.01.2024;2;1.0;62;49;56;48;7;46
TE129;08.01.2024;3;1.0;83;52;69;52;14;50
TE129;08.01.2024;4;1.0;230;51;206;51;24;52
TE129;08.01.2024;5;1.0;586;44;540;44;46;47
TE129;08.01.2024;6;1.0;783;39;741;38;42;44
TE129;08.01.2024;7;1.0;918;32;887;32;31;41
TE129;08.01.2024;8;1.0;697;28;656;27;41;29
TE129;08.01.2024;9;1.0;631;41;594;40;37;45
TE129;08.01.2024;10;1.0;646;31;622;31;24;40
TE129;08.01.2024;11;1.0;551;35;517;35;34;40
TE129;08.01.2024;12;1.0;597;35;571;35;26;42
TE129;08.01.2024;13;1.0;686;32;661;32;25;40
TE129;08.01.2024;14;1.0;741;30;710;30;31;40
TE129;08.01.2024;15;1.0;871;30;853;30;18;40
TE129;08.01.2024;16;1.0;807;35;796;35;11;44
TE129;08.01.2024;17;1.0;704;34;692;34;12;42
TE129;08.01.2024;18;1.0;560;38;548;38;12;46
TE129;08.01.2024;19;1.0;403;37;399;37;4;46
TE129;08.01.2024;20;1.0;293;42;285;42;8;42
TE129;08.01.2024;21;1.0;227;42;223;42;4;46
TE129;08.01.2024;22;1.0;157;46;155;46;2;48
TE129;08.01.2024;23;1.0;89;51;86;51;3;45
TE129;09.01.2024;0;1.0;50;52;47;52;3;52
TE129;09.01.2024;1;1.0;46;49;46;49;0;-1
TE129;09.01.2024;2;1.0;59;53;52;54;7;50
TE129;09.01.2024;3;1.0;76;56;70;55;6;57
TE129;09.01.2024;4;1.0;227;49;213;49;14;52
TE129;09.01.2024;5;1.0;542;42;522;42;20;46
TE129;09.01.2024;6;1.0;789;28;755;29;34;26
TE129;09.01.2024;7;1.0;841;37;811;37;30;36
TE129;09.01.2024;8;1.0;865;36;847;36;18;40
TE129;09.01.2024;9;1.0;785;37;772;37;13;43
TE129;09.01.2024;10;1.0;676;34;657;34;19;42
TE129;09.01.2024;11;1.0;750;32;707;32;43;41
TE129;09.01.2024;12;1.0;679;36;651;36;28;42
TE129;09.01.2024;13;1.0;747;32;729;32;18;41
TE129;09.01.2024;14;1.0;868;28;846;28;22;40
TE129;09.01.2024;15;1.0;916;30;895;30;21;42
TE129;09.01.2024;16;1.0;896;29;875;29;21;38
TE129;09.01.2024;17;1.0;863;28;849;28;14;37
TE129;09.01.2024;18;1.0;762;30;754;30;8;38
TE129;09.01.2024;19;1.0;479;36;472;36;7;37
TE129;09.01.2024;20;1.0;346;42;341;42;5;44
TE129;09.01.2024;21;1.0;277;47;274;47;3;49
TE129;09.01.2024;22;1.0;202;46;199;46;3;48
TE129;09.01.2024;23;1.0;109;52;107;52;2;48
TE129;10.01.2024;0;1.0;55;55;53;55;2;46
TE129;10.01.2024;1;1.0;47;54;47;54;0;-1
TE129;10.01.2024;2;1.0;63;56;60;57;3;52
TE129;10.01.2024;3;1.0;94;55;90;55;4;54
TE129;10.01.2024;4;1.0;278;52;270;52;8;53
TE129;10.01.2024;5;1.0;675;44;651;44;24;46
TE129;10.01.2024;6;1.0;974;36;960;36;14;44
TE129;10.01.2024;7;1.0;1126;25;1107;26;19;28
TE129;10.01.2024;8;1.0;935;29;915;30;20;32
TE129;10.01.2024;9;1.0;692;24;680;24;12;23
TE129;10.01.2024;10;1.0;523;31;509;31;14;31
TE129;10.01.2024;11;1.0;674;31;648;30;26;39
TE129;10.01.2024;12;1.0;628;35;611;34;17;39
TE129;10.01.2024;13;1.0;753;31;737;31;15;40
TE129;10.01.2024;14;1.0;871;30;854;30;17;40
TE129;10.01.2024;15;1.0;1009;29;994;29;15;42
TE129;10.01.2024;16;1.0;976;29;964;29;12;38
TE129;10.01.2024;17;1.0;864;29;854;29;10;40
TE129;10.01.2024;18;1.0;825;34;810;34;15;32
TE129;10.01.2024;19;1.0;585;36;575;36;10;44
TE129;10.01.2024;20;1.0;429;39;415;39;14;45
TE129;10.01.2024;21;1.0;256;47;252;47;4;49
TE129;10.01.2024;22;1.0;214;45;212;45;2;51
TE129;10.01.2024;23;1.0;145;50;145;50;0;-1
TE129;11.01.2024;0;1.0;77;52;77;52;0;-1
TE129;11.01.2024;1;1.0;45;50;44;50;1;50
TE129;11.01.2024;2;1.0;62;54;60;54;2;56
TE129;11.01.2024;3;1.0;66;54;66;54;0;-1
TE129;11.01.2024;4;1.0;245;51;244;51;1;55
TE129;11.01.2024;5;1.0;635;47;631;47;4;50
TE129;11.01.2024;6;1.0;923;39;918;39;5;46
TE129;11.01.2024;7;1.0;922;31;916;31;6;41
TE129;11.01.2024;8;1.0;812;37;811;37;1;47
TE129;11.01.2024;9;1.0;747;37;742;37;5;49
TE129;11.01.2024;10;1.0;601;38;598;38;3;49
TE129;11.01.2024;11;1.0;611;35;607;35;4;37
TE129;11.01.2024;12;1.0;724;37;717;37;7;42
TE129;11.01.2024;13;1.0;668;38;665;38;3;47
TE129;11.01.2024;14;1.0;926;31;916;31;10;44
TE129;11.01.2024;15;1.0;968;30;966;30;2;44
TE129;11.01.2024;16;1.0;928;30;926;30;1;47
TE129;11.01.2024;17;1.0;872;28;872;28;0;-1
TE129;11.01.2024;18;1.0;868;27;866;27;2;23
TE129;11.01.2024;19;1.0;537;35;530;35;6;40
TE129;11.01.2024;20;1.0;385;44;379;43;6;48
TE129;11.01.2024;21;1.0;294;45;291;45;3;47
TE129;11.01.2024;22;1.0;216;46;214;46;2;58
TE129;11.01.2024;23;1.0;113;50;109;50;4;52
TE129;12.01.2024;0;1.0;83;54;81;54;2;51
TE129;12.01.2024;1;1.0;46;45;46;45;0;-1
TE129;12.01.2024;2;1.0;69;58;67;58;2;65
TE129;12.01.2024;3;1.0;90;50;88;50;2;52
TE129;12.01.2024;4;1.0;216;48;209;48;7;45
TE129;12.01.2024;5;1.0;561;47;559;47;2;46
TE129;12.01.2024;6;1.0;845;37;840;37;5;46
TE129;12.01.2024;7;1.0;818;36;814;36;4;44
TE129;12.01.2024;8;1.0;699;39;694;39;5;41
TE129;12.01.2024;9;1.0;746;37;744;37;2;44
TE129;12.01.2024;10;1.0;655;37;648;37;7;40
TE129;12.01.2024;11;1.0;680;38;676;37;4;28
TE129;12.01.2024;12;1.0;738;35;733;35;5;48
TE129;12.01.2024;13;1.0;811;35;808;35;3;47
TE129;12.01.2024;14;1.0;882;34;879;34;3;32
TE129;12.01.2024;15;1.0;902;32;900;32;2;45
TE129;12.01.2024;16;1.0;908;33;906;33;2;43
TE129;12.01.2024;17;1.0;943;23;943;23;0;-1
TE129;12.01.2024;18;1.0;832;24;832;24;0;-1
TE129;12.01.2024;19;1.0;478;42;474;42;4;36
TE129;12.01.2024;20;1.0;397;41;396;41;1;46
TE129;12.01.2024;21;1.0;316;46;316;46;0;-1
TE129;12.01.2024;22;1.0;217;50;214;50;3;52
TE129;12.01.2024;23;1.0;174;48;170;48;4;50
TE129;13.01.2024;0;1.0;113;53;111;53;2;50
TE129;13.01.2024;1;1.0;89;53;87;53;2;54
TE129;13.01.2024;2;1.0;71;54;67;54;4;50
TE129;13.01.2024;3;1.0;67;51;62;51;5;52
TE129;13.01.2024;4;1.0;100;56;97;56;3;60
TE129;13.01.2024;5;1.0;145;53;140;52;5;57
TE129;13.01.2024;6;1.0;161;53;157;53;4;56
TE129;13.01.2024;7;1.0;181;49;180;49;1;54
TE129;13.01.2024;8;1.0;246;47;243;47;3;59
TE129;13.01.2024;9;1.0;399;49;393;49;6;37
TE129;13.01.2024;10;1.0;483;46;482;46;1;16
TE129;13.01.2024;11;1.0;581;44;577;43;4;47
TE129;13.01.2024;12;1.0;626;39;622;39;4;45
TE129;13.01.2024;13;1.0;668;39;666;40;2;26
TE129;13.01.2024;14;1.0;848;33;843;33;5;33
TE129;13.01.2024;15;1.0;801;35;800;35;1;48
TE129;13.01.2024;16;1.0;662;39;661;39;1;4
TE129;13.01.2024;17;1.0;629;39;628;39;1;46
TE129;13.01.2024;18;1.0;617;39;617;39;0;-1
TE129;13.01.2024;19;1.0;483;45;483;45;0;-1
TE129;13.01.2024;20;1.0;365;46;364;46;1;46
TE129;13.01.2024;21;1.0;288;50;286;50;2;50
TE129;13.01.2024;22;1.0;233;51;233;51;0;-1
TE129;13.01.2024;23;1.0;187;52;187;52;0;-1
TE129;14.01.2024;0;1.0;155;47;155;47;0;-1
TE129;14.01.2024;1;1.0;92;56;92;56;0;-1
TE129;14.01.2024;2;1.0;68;51;67;51;1;51
TE129;14.01.2024;3;1.0;77;51;75;51;2;59
TE129;14.01.2024;4;1.0;62;54;61;54;1;59
TE129;14.01.2024;5;1.0;110;52;109;52;1;47
TE129;14.01.2024;6;1.0;72;53;71;53;1;58
TE129;14.01.2024;7;1.0;91;55;89;56;2;52
TE129;14.01.2024;8;1.0;133;54;133;54;0;-1
TE129;14.01.2024;9;1.0;236;50;232;50;4;48
TE129;14.01.2024;10;1.0;372;48;371;48;1;49
TE129;14.01.2024;11;1.0;457;47;456;47;1;45
TE129;14.01.2024;12;1.0;538;43;537;43;1;18
TE129;14.01.2024;13;1.0;524;43;523;43;1;45
TE129;14.01.2024;14;1.0;583;40;583;40;0;-1
TE129;14.01.2024;15;1.0;631;38;629;38;2;46
TE129;14.01.2024;16;1.0;575;41;572;41;3;25
TE129;14.01.2024;17;1.0;550;42;546;42;4;23
TE129;14.01.2024;18;1.0;550;39;550;39;0;-1
TE129;14.01.2024;19;1.0;393;43;392;43;1;49
TE129;14.01.2024;20;1.0;302;47;302;47;0;-1
TE129;14.01.2024;21;1.0;241;50;241;50;0;-1
TE129;14.01.2024;22;1.0;148;52;146;52;2;60
TE129;14.01.2024;23;1.0;101;53;99;52;2;56
TE129;15.01.2024;0;1.0;43;50;41;51;1;53
TE129;15.01.2024;1;1.0;45;53;45;53;0;-1
TE129;15.01.2024;2;1.0;43;55;43;55;0;-1
TE129;15.01.2024;3;1.0;77;55;74;55;3;54
TE129;15.01.2024;4;1.0;229;53;226;53;3;49
TE129;15.01.2024;5;1.0;616;48;601;48;15;50
TE129;15.01.2024;6;1.0;814;39;802;40;12;39
TE129;15.01.2024;7;1.0;786;32;777;32;9;32
TE129;15.01.2024;8;1.0;718;36;710;36;8;46
TE129;15.01.2024;9;1.0;713;36;705;36;8;43
TE129;15.01.2024;10;1.0;617;40;597;40;20;40
TE129;15.01.2024;11;1.0;610;39;594;39;16;44
TE129;15.01.2024;12;1.0;655;39;639;39;16;48
TE129;15.01.2024;13;1.0;688;38;672;38;16;41
TE129;15.01.2024;14;1.0;756;37;749;37;7;26
TE129;15.01.2024;15;1.0;898;35;884;35;14;34
TE129;15.01.2024;16;1.0;847;35;843;35;4;44
TE129;15.01.2024;17;1.0;714;40;703;40;11;34
TE129;15.01.2024;18;1.0;636;39;616;40;20;35
TE129;15.01.2024;19;1.0;414;47;411;47;3;43
TE129;15.01.2024;20;1.0;345;47;342;47;3;40
TE129;15.01.2024;21;1.0;198;47;197;47;1;46
TE129;15.01.2024;22;1.0;147;48;144;48;3;54
TE129;15.01.2024;23;1.0;83;56;82;56;1;56
TE129;16.01.2024;0;1.0;65;54;63;54;2;58
TE129;16.01.2024;1;1.0;42;59;41;59;1;58
TE129;16.01.2024;2;1.0;62;45;62;45;0;-1
TE129;16.01.2024;3;1.0;92;45;91;45;1;44
TE129;16.01.2024;4;1.0;209;42;207;42;2;43
TE129;16.01.2024;5;1.0;541;41;537;41;4;40
TE129;16.01.2024;6;1.0;705;28;695;28;10;33
TE129;16.01.2024;7;1.0;714;31;705;31;9;32
TE129;16.01.2024;8;1.0;732;26;720;26;12;34
TE129;16.01.2024;9;1.0;768;37;763;37;5;47
TE129;16.01.2024;10;1.0;577;36;569;36;8;41
TE129;16.01.2024;11;1.0;565;40;547;40;18;44
TE129;16.01.2024;12;1.0;627;37;602;37;25;44
TE129;16.01.2024;13;1.0;690;37;672;37;18;38
TE129;16.01.2024;14;1.0;693;28;671;27;22;31
TE129;16.01.2024;15;1.0;776;23;757;23;19;21
TE129;16.01.2024;16;1.0;885;32;879;32;6;42
TE129;16.01.2024;17;1.0;873;29;872;29;1;50
TE129;16.01.2024;18;1.0;672;35;671;35;1;49
TE129;16.01.2024;19;1.0;455;41;453;40;2;49
TE129;16.01.2024;20;1.0;335;47;335;47;0;-1
TE129;16.01.2024;21;1.0;250;51;250;51;0;-1
TE129;16.01.2024;22;1.0;190;51;189;50;1;51
TE129;16.01.2024;23;1.0;93;54;93;54;0;-1
TE129;17.01.2024;0;1.0;55;48;54;47;1;50
TE129;17.01.2024;1;1.0;59;56;57;56;2;58
TE129;17.01.2024;2;1.0;68;56;65;56;3;53
TE129;17.01.2024;3;1.0;94;53;88;53;6;52
TE129;17.01.2024;4;1.0;236;49;221;49;15;49
TE129;17.01.2024;5;1.0;594;45;561;45;33;45
TE129;17.01.2024;6;1.0;845;37;819;37;26;42
TE129;17.01.2024;7;1.0;890;35;862;35;28;42
TE129;17.01.2024;8;1.0;926;35;902;35;24;38
TE129;17.01.2024;9;1.0;740;39;709;38;31;44
TE129;17.01.2024;10;1.0;675;36;657;36;18;42
TE129;17.01.2024;11;1.0;562;41;528;41;34;46
TE129;17.01.2024;12;1.0;667;36;645;36;22;43
TE129;17.01.2024;13;1.0;666;35;635;34;31;38
TE129;17.01.2024;14;1.0;783;35;763;35;20;45
TE129;17.01.2024;15;1.0;835;36;824;36;11;45
TE129;17.01.2024;16;1.0;834;35;829;35;5;40
TE129;17.01.2024;17;1.0;850;31;845;31;5;47
TE129;17.01.2024;18;1.0;662;38;657;38;5;47
TE129;17.01.2024;19;1.0;475;40;475;40;0;-1
TE129;17.01.2024;20;1.0;336;45;335;45;1;51
TE129;17.01.2024;21;1.0;295;47;295;47;0;-1
TE129;17.01.2024;22;1.0;190;48;190;48;0;-1
TE129;17.01.2024;23;1.0;86;54;86;54;0;-1
TE129;18.01.2024;0;1.0;79;51;79;51;0;-1
TE129;18.01.2024;1;1.0;55;54;55;54;0;-1
TE129;18.01.2024;2;1.0;63;56;63;56;0;-1
TE129;18.01.2024;3;1.0;91;53;89;53;2;59
TE129;18.01.2024;4;1.0;239;52;237;52;2;49
TE129;18.01.2024;5;1.0;591;46;582;46;9;48
TE129;18.01.2024;6;1.0;799;40;792;39;7;47
TE129;18.01.2024;7;1.0;875;34;865;34;10;44
TE129;18.01.2024;8;1.0;923;36;906;36;17;43
TE129;18.01.2024;9;1.0;813;34;794;34;19;40
TE129;18.01.2024;10;1.0;574;37;549;37;25;41
TE129;18.01.2024;11;1.0;677;39;651;38;26;45
TE129;18.01.2024;12;1.0;700;39;671;39;29;46
TE129;18.01.2024;13;1.0;720;39;692;38;28;45
TE129;18.01.2024;14;1.0;838;30;803;30;35;41
TE129;18.01.2024;15;1.0;917;30;902;30;15;43
TE129;18.01.2024;16;1.0;820;30;807;30;13;33
TE129;18.01.2024;17;1.0;761;33;753;33;8;42
TE129;18.01.2024;18;1.0;727;34;723;34;4;45
TE129;18.01.2024;19;1.0;578;37;574;37;4;46
TE129;18.01.2024;20;1.0;390;42;388;42;2;50
TE129;18.01.2024;21;1.0;262;45;262;45;0;-1
TE129;18.01.2024;22;1.0;199;47;199;47;0;-1
TE129;18.01.2024;23;1.0;129;49;124;48;5;51
TE129;19.01.2024;0;1.0;80;51;80;51;0;-1
TE129;19.01.2024;1;1.0;36;54;35;54;1;56
TE129;19.01.2024;2;1.0;66;44;65;44;1;48
TE129;19.01.2024;3;1.0;94;53;89;53;5;57
TE129;19.01.2024;4;1.0;230;51;226;51;4;54
TE129;19.01.2024;5;1.0;582;43;568;43;14;45
TE129;19.01.2024;6;1.0;854;30;844;30;11;34
TE129;19.01.2024;7;1.0;834;36;825;36;9;41
TE129;19.01.2024;8;1.0;822;36;789;36;33;37
TE129;19.01.2024;9;1.0;692;28;680;28;12;31
TE129;19.01.2024;10;1.0;723;26;702;26;21;33
TE129;19.01.2024;11;1.0;665;34;642;34;23;42
TE129;19.01.2024;12;1.0;711;37;681;37;30;42
TE129;19.01.2024;13;1.0;813;32;785;31;28;40
TE129;19.01.2024;14;1.0;884;32;865;31;19;42
TE129;19.01.2024;15;1.0;952;28;936;28;15;38
TE129;19.01.2024;16;1.0;798;34;789;35;9;33
TE129;19.01.2024;17;1.0;807;34;803;34;4;44
TE129;19.01.2024;18;1.0;669;38;667;38;2;42
TE129;19.01.2024;19;1.0;534;34;532;34;2;42
TE129;19.01.2024;20;1.0;351;39;350;39;1;48
TE129;19.01.2024;21;1.0;277;43;277;43;0;-1
TE129;19.01.2024;22;1.0;215;46;213;46;2;48
TE129;19.01.2024;23;1.0;158;46;156;46;2;48
TE129;20.01.2024;0;1.0;98;46;98;46;0;-1
TE129;20.01.2024;1;1.0;79;43;77;44;1;50
TE129;20.01.2024;2;1.0;90;51;89;51;1;54
TE129;20.01.2024;3;1.0;65;52;63;52;2;57
TE129;20.01.2024;4;1.0;87;52;85;52;2;51
TE129;20.01.2024;5;1.0;129;51;124;51;5;46
TE129;20.01.2024;6;1.0;151;47;147;47;4;45
TE129;20.01.2024;7;1.0;192;34;191;34;1;49
TE129;20.01.2024;8;1.0;297;46;284;46;13;45
TE129;20.01.2024;9;1.0;422;46;414;46;8;48
TE129;20.01.2024;10;1.0;517;44;507;44;10;45
TE129;20.01.2024;11;1.0;607;41;598;41;9;45
TE129;20.01.2024;12;1.0;698;40;692;40;6;46
TE129;20.01.2024;13;1.0;758;34;748;34;10;42
TE129;20.01.2024;14;1.0;757;37;750;37;7;43
TE129;20.01.2024;15;1.0;651;42;647;42;4;40
TE129;20.01.2024;16;1.0;658;39;650;39;8;33
TE129;20.01.2024;17;1.0;718;36;708;36;10;30
TE129;20.01.2024;18;1.0;596;37;593;37;3;46
TE129;20.01.2024;19;1.0;446;40;445;40;1;50
TE129;20.01.2024;20;1.0;331;42;330;42;1;50
TE129;20.01.2024;21;1.0;267;42;267;42;0;-1
TE129;20.01.2024;22;1.0;222;48;221;48;1;51
TE129;20.01.2024;23;1.0;180;47;180;47;0;-1
TE129;21.01.2024;0;1.0;155;46;153;46;2;50
TE129;21.01.2024;1;1.0;110;45;110;45;0;-1
TE129;21.01.2024;2;1.0;76;54;76;54;0;-1
TE129;21.01.2024;3;1.0;55;47;52;47;3;30
TE129;21.01.2024;4;1.0;74;54;72;54;2;57
TE129;21.01.2024;5;1.0;90;55;89;55;1;50
TE129;21.01.2024;6;1.0;77;52;76;52;1;50
TE129;21.01.2024;7;1.0;87;53;85;53;2;59
TE129;21.01.2024;8;1.0;161;51;161;51;0;-1
TE129;21.01.2024;9;1.0;260;48;258;48;2;54
TE129;21.01.2024;10;1.0;317;46;314;46;3;45
TE129;21.01.2024;11;1.0;449;47;443;47;6;43
TE129;21.01.2024;12;1.0;524;38;516;38;7;29
TE129;21.01.2024;13;1.0;536;42;532;42;4;37
TE129;21.01.2024;14;1.0;572;38;567;38;5;46
TE129;21.01.2024;15;1.0;578;38;574;38;4;34
TE129;21.01.2024;16;1.0;550;38;547;38;3;40
TE129;21.01.2024;17;1.0;531;38;526;38;5;42
TE129;21.01.2024;18;1.0;449;40;447;40;2;39
TE129;21.01.2024;19;1.0;380;40;379;40;1;44
TE129;21.01.2024;20;1.0;301;44;299;44;2;48
TE129;21.01.2024;21;1.0;235;46;232;46;3;45
TE129;21.01.2024;22;1.0;143;49;138;49;5;50
TE129;21.01.2024;23;1.0;90;50;86;51;4;48
TE129;22.01.2024;0;1.0;44;52;39;52;5;51
TE129;22.01.2024;1;1.0;46;52;43;53;3;50
TE129;22.01.2024;2;1.0;44;55;41;55;3;57
TE129;22.01.2024;3;1.0;80;52;70;52;10;51
TE129;22.01.2024;4;1.0;225;50;208;50;17;48
TE129;22.01.2024;5;1.0;582;45;565;45;17;46
TE129;22.01.2024;6;1.0;774;40;743;40;31;41
TE129;22.01.2024;7;1.0;777;36;748;35;29;41
TE129;22.01.2024;8;1.0;729;38;691;38;38;42
TE129;22.01.2024;9;1.0;705;37;660;37;45;43
TE129;22.01.2024;10;1.0;567;40;546;40;21;46
TE129;22.01.2024;11;1.0;591;35;557;35;34;39
TE129;22.01.2024;12;1.0;689;38;652;37;37;42
TE129;22.01.2024;13;1.0;609;39;564;39;45;43
TE129;22.01.2024;14;1.0;625;40;594;40;31;41
TE129;22.01.2024;15;1.0;818;33;788;33;30;40
TE129;22.01.2024;16;1.0;830;34;804;34;26;39
TE129;22.01.2024;17;1.0;675;39;649;39;26;35
TE129;22.01.2024;18;1.0;580;38;561;38;19;39
TE129;22.01.2024;19;1.0;390;43;377;43;13;44
TE129;22.01.2024;20;1.0;333;40;328;40;5;46
TE129;22.01.2024;21;1.0;238;47;231;47;7;50
TE129;22.01.2024;22;1.0;175;45;173;45;2;49
TE129;22.01.2024;23;1.0;86;47;86;47;0;-1
TE129;23.01.2024;0;1.0;54;48;53;48;1;53
TE129;23.01.2024;1;1.0;41;48;37;48;4;50
TE129;23.01.2024;2;1.0;59;52;57;53;2;50
TE129;23.01.2024;3;1.0;72;48;69;48;3;50
TE129;23.01.2024;4;1.0;240;50;229;50;11;52
TE129;23.01.2024;5;1.0;630;40;614;40;16;43
TE129;23.01.2024;6;1.0;853;35;832;35;21;39
TE129;23.01.2024;7;1.0;920;34;896;34;24;38
TE129;23.01.2024;8;1.0;820;35;797;35;23;40
TE129;23.01.2024;9;1.0;758;38;715;37;43;43
TE129;23.01.2024;10;1.0;581;37;550;37;31;39
TE129;23.01.2024;11;1.0;691;37;646;37;45;44
TE129;23.01.2024;12;1.0;685;39;654;39;31;42
TE129;23.01.2024;13;1.0;663;39;620;38;43;42
TE129;23.01.2024;14;1.0;732;37;695;36;37;41
TE129;23.01.2024;15;1.0;1016;29;972;29;44;29
TE129;23.01.2024;16;1.0;766;39;739;39;27;36
TE129;23.01.2024;17;1.0;816;34;798;34;18;32
TE129;23.01.2024;18;1.0;810;33;793;33;17;31
TE129;23.01.2024;19;1.0;507;36;496;36;11;40
TE129;23.01.2024;20;1.0;374;38;371;38;3;42
TE129;23.01.2024;21;1.0;257;45;255;45;2;46
TE129;23.01.2024;22;1.0;207;44;204;44;3;47
TE129;23.01.2024;23;1.0;109;52;107;52;2;52
TE129;24.01.2024;0;1.0;55;53;54;53;1;53
TE129;24.01.2024;1;1.0;47;55;47;55;0;-1
TE129;24.01.2024;2;1.0;52;55;48;54;4;59
TE129;24.01.2024;3;1.0;100;51;89;52;11;47
TE129;24.01.2024;4;1.0;256;52;243;52;13;51
TE129;24.01.2024;5;1.0;638;42;616;42;22;44
TE129;24.01.2024;6;1.0;843;28;817;28;26;29
TE129;24.01.2024;7;1.0;893;25;849;26;44;29
TE129;24.01.2024;8;1.0;969;25;943;24;26;31
TE129;24.01.2024;9;1.0;843;33;805;32;38;42
TE129;24.01.2024;10;1.0;585;40;559;39;26;41
TE129;24.01.2024;11;1.0;640;38;603;38;37;44
TE129;24.01.2024;12;1.0;688;39;636;38;52;42
TE129;24.01.2024;13;1.0;664;38;617;38;47;43
TE129;24.01.2024;14;1.0;763;35;709;35;54;37
TE129;24.01.2024;15;1.0;881;33;849;33;32;36
TE129;24.01.2024;16;1.0;805;37;761;37;44;36
TE129;24.01.2024;17;1.0;1066;30;1048;30;18;33
TE129;24.01.2024;18;1.0;793;31;782;31;11;42
TE129;24.01.2024;19;1.0;636;35;619;35;17;37
TE129;24.01.2024;20;1.0;430;40;420;40;10;46
TE129;24.01.2024;21;1.0;266;49;259;49;7;54
TE129;24.01.2024;22;1.0;213;46;213;46;0;-1
TE129;24.01.2024;23;1.0;103;47;97;48;6;46
TE129;25.01.2024;0;1.0;79;51;72;51;7;49
TE129;25.01.2024;1;1.0;49;53;46;53;3;53
TE129;25.01.2024;2;1.0;66;55;58;56;8;53
TE129;25.01.2024;3;1.0;77;49;69;49;8;53
TE129;25.01.2024;4;1.0;249;50;223;50;26;50
TE129;25.01.2024;5;1.0;638;43;608;43;30;45
TE129;25.01.2024;6;1.0;809;37;759;37;50;34
TE129;25.01.2024;7;1.0;855;25;814;25;41;24
TE129;25.01.2024;8;1.0;872;28;833;28;38;30
TE129;25.01.2024;9;1.0;844;33;810;33;34;40
TE129;25.01.2024;10;1.0;730;32;703;32;27;42
TE129;25.01.2024;11;1.0;708;36;688;35;20;44
TE129;25.01.2024;12;1.0;771;34;745;33;26;39
TE129;25.01.2024;13;1.0;894;30;860;30;34;40
TE129;25.01.2024;14;1.0;825;36;751;36;74;42
TE129;25.01.2024;15;1.0;888;30;864;30;24;34
TE129;25.01.2024;16;1.0;860;32;851;32;9;39
TE129;25.01.2024;17;1.0;819;33;816;33;3;40
TE129;25.01.2024;18;1.0;839;32;829;32;10;34
TE129;25.01.2024;19;1.0;505;36;498;36;7;40
TE129;25.01.2024;20;1.0;389;42;386;42;3;44
TE129;25.01.2024;21;1.0;270;45;268;45;2;29
TE129;25.01.2024;22;1.0;244;41;240;41;4;42
TE129;25.01.2024;23;1.0;122;45;119;45;3;43
TE129;26.01.2024;0;1.0;75;48;72;48;3;42
TE129;26.01.2024;1;1.0;70;50;69;50;1;43
TE129;26.01.2024;2;1.0;59;52;57;52;2;52
TE129;26.01.2024;3;1.0;94;48;91;48;3;48
TE129;26.01.2024;4;1.0;249;48;242;48;7;53
TE129;26.01.2024;5;1.0;627;45;613;45;14;49
TE129;26.01.2024;6;1.0;795;38;786;38;9;44
TE129;26.01.2024;7;1.0;878;36;859;36;19;41
TE129;26.01.2024;8;1.0;858;35;825;35;33;40
TE129;26.01.2024;9;1.0;725;36;702;35;23;45
TE129;26.01.2024;10;1.0;686;37;670;36;16;45
TE129;26.01.2024;11;1.0;739;38;720;38;19;44
TE129;26.01.2024;12;1.0;807;34;791;34;16;42
TE129;26.01.2024;13;1.0;800;37;792;37;8;43
TE129;26.01.2024;14;1.0;852;35;849;35;3;7
TE129;26.01.2024;15;1.0;787;36;780;36;7;42
TE129;26.01.2024;16;1.0;1033;29;1026;29;7;41
TE129;26.01.2024;17;1.0;865;31;852;31;13;38
TE129;26.01.2024;18;1.0;755;32;745;32;10;32
TE129;26.01.2024;19;1.0;535;36;533;36;2;44
TE129;26.01.2024;20;1.0;372;40;366;40;6;45
TE129;26.01.2024;21;1.0;316;45;313;45;3;46
TE129;26.01.2024;22;1.0;242;43;239;43;3;43
TE129;26.01.2024;23;1.0;188;45;188;45;0;-1
TE129;27.01.2024;0;1.0;147;48;142;47;5;51
TE129;27.01.2024;1;1.0;86;48;84;48;2;49
TE129;27.01.2024;2;1.0;73;51;69;51;4;48
TE129;27.01.2024;3;1.0;72;50;67;50;5;48
TE129;27.01.2024;4;1.0;108;51;105;51;3;55
TE129;27.01.2024;5;1.0;176;44;171;44;5;49
TE129;27.01.2024;6;1.0;202;47;194;47;8;48
TE129;27.01.2024;7;1.0;228;45;218;45;10;45
TE129;27.01.2024;8;1.0;352;46;341;46;11;46
TE129;27.01.2024;9;1.0;574;40;567;40;7;43
TE129;27.01.2024;10;1.0;627;40;621;40;6;43
TE129;27.01.2024;11;1.0;692;40;684;40;8;41
TE129;27.01.2024;12;1.0;840;33;836;33;4;44
TE129;27.01.2024;13;1.0;788;38;780;38;8;42
TE129;27.01.2024;14;1.0;816;34;799;34;17;36
TE129;27.01.2024;15;1.0;782;35;767;35;15;35
TE129;27.01.2024;16;1.0;744;34;736;34;8;28
TE129;27.01.2024;17;1.0;707;37;696;37;11;34
TE129;27.01.2024;18;1.0;724;28;713;28;11;39
TE129;27.01.2024;19;1.0;468;40;463;40;5;27
TE129;27.01.2024;20;1.0;339;41;331;41;8;43
TE129;27.01.2024;21;1.0;278;42;277;42;1;13
TE129;27.01.2024;22;1.0;267;42;267;42;0;-1
TE129;27.01.2024;23;1.0;220;43;219;43;1;43
TE129;28.01.2024;0;1.0;179;44;178;44;1;48
TE129;28.01.2024;1;1.0;108;46;105;46;3;48
TE129;28.01.2024;2;1.0;76;44;76;44;0;-1
TE129;28.01.2024;3;1.0;64;42;64;42;0;-1
TE129;28.01.2024;4;1.0;85;50;84;50;1;51
TE129;28.01.2024;5;1.0;121;46;121;46;0;-1
TE129;28.01.2024;6;1.0;105;49;105;49;0;-1
TE129;28.01.2024;7;1.0;100;43;98;43;2;47
TE129;28.01.2024;8;1.0;169;48;168;48;1;50
TE129;28.01.2024;9;1.0;275;41;272;41;3;42
TE129;28.01.2024;10;1.0;481;36;472;36;9;41
TE129;28.01.2024;11;1.0;607;34;602;34;5;44
TE129;28.01.2024;12;1.0;683;39;675;39;8;43
TE129;28.01.2024;13;1.0;879;35;824;35;54;34
TE129;28.01.2024;14;1.0;904;39;861;39;43;42
TE129;28.01.2024;15;1.0;800;34;774;34;26;32
TE129;28.01.2024;16;1.0;577;38;567;38;10;37
TE129;28.01.2024;17;1.0;742;35;735;35;7;29
TE129;28.01.2024;18;1.0;823;30;817;30;6;39
TE129;28.01.2024;19;1.0;455;36;454;36;1;39
TE129;28.01.2024;20;1.0;340;39;334;39;6;42
TE129;28.01.2024;21;1.0;247;43;245;43;2;46
TE129;28.01.2024;22;1.0;179;45;176;45;3;48
TE129;28.01.2024;23;1.0;108;49;107;49;1;50
TE129;29.01.2024;0;1.0;73;44;73;44;0;-1
TE129;29.01.2024;1;1.0;53;53;51;53;2;46
TE129;29.01.2024;2;1.0;59;53;58;53;1;58
TE129;29.01.2024;3;1.0;73;55;70;55;3;52
TE129;29.01.2024;4;1.0;243;51;232;51;11;51
TE129;29.01.2024;5;1.0;674;40;656;40;18;44
TE129;29.01.2024;6;1.0;837;36;812;36;25;42
TE129;29.01.2024;7;1.0;993;23;972;23;21;29
TE129;29.01.2024;8;1.0;903;28;881;27;22;41
TE129;29.01.2024;9;1.0;691;36;664;35;27;41
TE129;29.01.2024;10;1.0;601;37;547;37;54;42
TE129;29.01.2024;11;1.0;592;38;534;38;58;42
TE129;29.01.2024;12;1.0;742;34;701;33;41;42
TE129;29.01.2024;13;1.0;682;39;637;39;45;41
TE129;29.01.2024;14;1.0;743;34;702;34;41;38
TE129;29.01.2024;15;1.0;779;35;749;35;30;37
TE129;29.01.2024;16;1.0;927;40;799;36;128;63
TE129;29.01.2024;17;1.0;774;32;748;31;26;41
TE129;29.01.2024;18;1.0;685;32;672;32;13;41
TE129;29.01.2024;19;1.0;457;37;453;37;4;44
TE129;29.01.2024;20;1.0;322;39;310;39;12;46
TE129;29.01.2024;21;1.0;251;43;245;43;6;48
TE129;29.01.2024;22;1.0;200;44;198;45;2;25
TE129;29.01.2024;23;1.0;89;50;87;50;2;52
TE129;30.01.2024;0;1.0;71;48;68;48;3;56
TE129;30.01.2024;1;1.0;31;51;31;51;0;-1
TE129;30.01.2024;2;1.0;77;55;71;55;6;59
TE129;30.01.2024;3;1.0;81;51;74;50;7;54
TE129;30.01.2024;4;1.0;257;51;240;51;17;52
TE129;30.01.2024;5;1.0;594;32;568;32;26;35
TE129;30.01.2024;6;1.0;862;36;832;35;30;41
TE129;30.01.2024;7;1.0;954;29;928;30;26;35
TE129;30.01.2024;8;1.0;977;36;950;36;27;39
TE129;30.01.2024;9;1.0;775;35;739;35;36;43
TE129;30.01.2024;10;1.0;620;36;591;36;29;42
TE129;30.01.2024;11;1.0;607;39;568;39;39;43
TE129;30.01.2024;12;1.0;626;38;593;39;33;41
TE129;30.01.2024;13;1.0;657;37;633;37;24;42
TE129;30.01.2024;14;1.0;836;32;802;32;34;39
TE129;30.01.2024;15;1.0;881;32;856;32;24;38
TE129;30.01.2024;16;1.0;900;31;881;30;19;39
TE129;30.01.2024;17;1.0;912;30;901;30;11;38
TE129;30.01.2024;18;1.0;792;31;786;31;6;41
TE129;30.01.2024;19;1.0;509;39;498;38;11;43
TE129;30.01.2024;20;1.0;405;37;398;36;7;48
TE129;30.01.2024;21;1.0;293;45;288;45;5;46
TE129;30.01.2024;22;1.0;182;48;176;48;6;50
TE129;30.01.2024;23;1.0;97;51;96;51;1;56
TE129;31.01.2024;0;1.0;52;51;50;50;2;56
TE129;31.01.2024;1;1.0;48;52;43;52;5;53
TE129;31.01.2024;2;1.0;63;54;60;54;3;54
TE129;31.01.2024;3;1.0;72;51;61;51;11;49
TE129;31.01.2024;4;1.0;229;49;201;49;28;50
TE129;31.01.2024;5;1.0;611;42;588;42;23;44
TE129;31.01.2024;6;1.0;750;42;740;42;10;46
TE129;31.01.2024;7;1.0;905;36;897;36;8;41
TE129;31.01.2024;8;1.0;945;25;924;24;21;36
TE129;31.01.2024;9;1.0;747;38;727;37;20;45
TE129;31.01.2024;10;1.0;647;41;608;41;39;44
TE129;31.01.2024;11;1.0;711;40;669;39;42;45
TE129;31.01.2024;12;1.0;697;41;658;41;39;43
TE129;31.01.2024;13;1.0;741;37;714;37;27;44
TE129;31.01.2024;14;1.0;895;33;871;33;24;44
TE129;31.01.2024;15;1.0;862;35;845;35;17;44
TE129;31.01.2024;16;1.0;938;33;928;33;10;43
TE129;31.01.2024;17;1.0;934;33;914;33;20;17
TE129;31.01.2024;18;1.0;772;34;760;34;12;28
TE129;31.01.2024;19;1.0;476;42;472;42;4;46
TE129;31.01.2024;20;1.0;372;46;368;46;4;46
TE129;31.01.2024;21;1.0;274;49;273;49;1;44
TE129;31.01.2024;22;1.0;157;46;156;46;1;60
TE129;31.01.2024;23;1.0;98;51;96;50;2;46
TE130;01.01.2024;0;1.0;99;61;96;61;3;51
TE130;01.01.2024;1;1.0;325;60;325;60;0;-1
TE130;01.01.2024;2;1.0;368;59;365;59;3;59
TE130;01.01.2024;3;1.0;251;59;251;59;0;-1
TE130;01.01.2024;4;1.0;173;59;173;59;0;-1
TE130;01.01.2024;5;1.0;153;59;152;59;1;54
TE130;01.01.2024;6;1.0;161;60;159;60;2;58
TE130;01.01.2024;7;1.0;97;60;97;60;0;-1
TE130;01.01.2024;8;1.0;68;57;68;57;0;-1
TE130;01.01.2024;9;1.0;125;57;122;56;3;60
TE130;01.01.2024;10;1.0;183;53;179;53;3;57
TE130;01.01.2024;11;1.0;270;56;267;56;3;62
TE130;01.01.2024;12;1.0;361;54;360;54;1;58
TE130;01.01.2024;13;1.0;432;54;430;54;2;60
TE130;01.01.2024;14;1.0;439;58;437;58;2;59
TE130;01.01.2024;15;1.0;451;58;450;58;1;56
TE130;01.01.2024;16;1.0;439;57;435;57;4;59
TE130;01.01.2024;17;1.0;404;57;398;57;6;58
TE130;01.01.2024;18;1.0;338;58;335;58;3;59
TE130;01.01.2024;19;1.0;290;60;290;60;0;-1
TE130;01.01.2024;20;1.0;239;59;236;59;3;59
TE130;01.01.2024;21;1.0;176;62;176;62;0;-1
TE130;01.01.2024;22;1.0;163;60;159;60;4;63
TE130;01.01.2024;23;1.0;108;58;107;58;1;62
TE130;02.01.2024;0;1.0;90;59;84;59;6;58
TE130;02.01.2024;1;1.0;57;61;56;61;1;58
TE130;02.01.2024;2;1.0;48;62;45;61;3;73
TE130;02.01.2024;3;1.0;62;58;61;58;1;62
TE130;02.01.2024;4;1.0;155;57;141;57;14;59
TE130;02.01.2024;5;1.0;365;58;340;57;25;60
TE130;02.01.2024;6;1.0;451;56;423;56;28;59
TE130;02.01.2024;7;1.0;552;57;523;57;29;60
TE130;02.01.2024;8;1.0;529;59;517;59;12;62
TE130;02.01.2024;9;1.0;594;54;577;54;16;56
TE130;02.01.2024;10;1.0;556;55;545;55;11;53
TE130;02.01.2024;11;1.0;681;54;674;54;7;51
TE130;02.01.2024;12;1.0;711;54;703;54;6;60
TE130;02.01.2024;13;1.0;764;54;759;54;4;59
TE130;02.01.2024;14;1.0;892;59;886;59;6;60
TE130;02.01.2024;15;1.0;970;59;965;59;5;61
TE130;02.01.2024;16;1.0;909;53;907;53;2;58
TE130;02.01.2024;17;1.0;807;59;805;59;2;58
TE130;02.01.2024;18;1.0;679;59;677;59;2;62
TE130;02.01.2024;19;1.0;541;61;541;61;0;-1
TE130;02.01.2024;20;1.0;377;61;377;61;0;-1
TE130;02.01.2024;21;1.0;272;60;272;60;0;-1
TE130;02.01.2024;22;1.0;183;60;183;60;0;-1
TE130;02.01.2024;23;1.0;153;54;152;54;1;58
TE130;03.01.2024;0;1.0;78;58;73;58;5;61
TE130;03.01.2024;1;1.0;57;61;54;61;3;56
TE130;03.01.2024;2;1.0;57;60;46;60;11;63
TE130;03.01.2024;3;1.0;81;51;75;52;5;53
TE130;03.01.2024;4;1.0;150;60;134;60;16;59
TE130;03.01.2024;5;1.0;383;56;360;56;23;56
TE130;03.01.2024;6;1.0;559;56;525;56;34;55
TE130;03.01.2024;7;1.0;638;56;605;56;33;55
TE130;03.01.2024;8;1.0;608;51;576;51;31;52
TE130;03.01.2024;9;1.0;713;51;685;51;29;51
TE130;03.01.2024;10;1.0;761;51;711;51;49;52
TE130;03.01.2024;11;1.0;744;55;710;55;34;55
TE130;03.01.2024;12;1.0;892;56;860;56;32;55
TE130;03.01.2024;13;1.0;801;54;777;54;24;55
TE130;03.01.2024;14;1.0;964;55;933;55;31;55
TE130;03.01.2024;15;1.0;1089;50;1064;50;25;51
TE130;03.01.2024;16;1.0;962;51;941;51;22;49
TE130;03.01.2024;17;1.0;861;50;849;50;13;50
TE130;03.01.2024;18;1.0;704;55;693;55;11;56
TE130;03.01.2024;19;1.0;542;56;538;56;4;54
TE130;03.01.2024;20;1.0;371;55;366;55;5;60
TE130;03.01.2024;21;1.0;307;58;301;58;6;58
TE130;03.01.2024;22;1.0;217;58;214;58;3;59
TE130;03.01.2024;23;1.0;133;58;131;58;2;57
TE130;04.01.2024;0;1.0;82;60;77;60;5;61
TE130;04.01.2024;1;1.0;68;58;65;58;3;60
TE130;04.01.2024;2;1.0;60;58;48;58;12;58
TE130;04.01.2024;3;1.0;85;60;75;61;10;58
TE130;04.01.2024;4;1.0;142;59;137;60;4;54
TE130;04.01.2024;5;1.0;352;56;346;56;5;62
TE130;04.01.2024;6;1.0;547;59;523;58;24;58
TE130;04.01.2024;7;1.0;610;55;596;55;14;55
TE130;04.01.2024;8;1.0;635;58;599;58;36;57
TE130;04.01.2024;9;1.0;801;52;752;52;48;51
TE130;04.01.2024;10;1.0;808;54;758;54;50;54
TE130;04.01.2024;11;1.0;827;51;782;51;45;50
TE130;04.01.2024;12;1.0;831;56;804;56;27;57
TE130;04.01.2024;13;1.0;870;56;833;56;37;56
TE130;04.01.2024;14;1.0;978;55;948;55;30;53
TE130;04.01.2024;15;1.0;1059;55;1035;55;24;55
TE130;04.01.2024;16;1.0;1062;50;1050;50;14;47
TE130;04.01.2024;17;1.0;941;55;924;55;17;55
TE130;04.01.2024;18;1.0;775;56;754;56;21;55
TE130;04.01.2024;19;1.0;561;57;556;57;5;57
TE130;04.01.2024;20;1.0;450;59;439;59;11;58
TE130;04.01.2024;21;1.0;292;55;292;55;0;-1
TE130;04.01.2024;22;1.0;217;60;216;60;1;59
TE130;04.01.2024;23;1.0;129;57;126;57;3;64
TE130;05.01.2024;0;1.0;94;60;88;59;6;63
TE130;05.01.2024;1;1.0;53;63;52;63;1;56
TE130;05.01.2024;2;1.0;59;62;44;62;15;63
TE130;05.01.2024;3;1.0;72;62;62;61;10;68
TE130;05.01.2024;4;1.0;143;65;126;65;17;63
TE130;05.01.2024;5;1.0;346;61;306;62;40;61
TE130;05.01.2024;6;1.0;530;58;480;59;50;57
TE130;05.01.2024;7;1.0;605;57;567;57;38;56
TE130;05.01.2024;8;1.0;573;55;558;55;15;56
TE130;05.01.2024;9;1.0;700;54;689;55;10;59
TE130;05.01.2024;10;1.0;742;54;732;54;9;59
TE130;05.01.2024;11;1.0;751;48;723;48;29;47
TE130;05.01.2024;12;1.0;816;58;806;58;10;57
TE130;05.01.2024;13;1.0;962;57;932;57;30;57
TE130;05.01.2024;14;1.0;993;51;978;51;14;53
TE130;05.01.2024;15;1.0;1021;57;1007;57;14;57
TE130;05.01.2024;16;1.0;952;56;941;56;11;55
TE130;05.01.2024;17;1.0;829;51;820;51;9;55
TE130;05.01.2024;18;1.0;685;54;678;54;7;58
TE130;05.01.2024;19;1.0;532;59;531;59;1;56
TE130;05.01.2024;20;1.0;396;55;394;55;2;58
TE130;05.01.2024;21;1.0;365;60;363;60;2;61
TE130;05.01.2024;22;1.0;265;57;263;57;2;61
TE130;05.01.2024;23;1.0;191;63;187;63;4;62
TE130;06.01.2024;0;1.0;122;62;119;62;3;59
TE130;06.01.2024;1;1.0;89;65;88;65;1;64
TE130;06.01.2024;2;1.0;76;64;76;64;0;-1
TE130;06.01.2024;3;1.0;75;63;70;63;5;66
TE130;06.01.2024;4;1.0;92;61;84;61;8;61
TE130;06.01.2024;5;1.0;139;63;121;63;18;62
TE130;06.01.2024;6;1.0;130;63;118;62;12;64
TE130;06.01.2024;7;1.0;180;60;174;60;6;60
TE130;06.01.2024;8;1.0;283;60;273;60;10;59
TE130;06.01.2024;9;1.0;417;53;404;53;13;55
TE130;06.01.2024;12;1.0;820;52;812;52;8;57
TE130;06.01.2024;13;1.0;816;56;809;56;7;55
TE130;06.01.2024;14;1.0;989;56;979;56;10;57
TE130;06.01.2024;15;1.0;950;52;943;51;8;50
TE130;06.01.2024;16;1.0;818;55;810;55;8;56
TE130;06.01.2024;17;1.0;829;51;818;51;11;50
TE130;06.01.2024;18;1.0;678;57;674;57;4;58
TE130;06.01.2024;19;1.0;603;44;601;44;1;59
TE130;06.01.2024;20;1.0;457;60;454;60;3;61
TE130;06.01.2024;21;1.0;338;53;338;53;0;-1
TE130;06.01.2024;22;1.0;261;60;261;60;0;-1
TE130;06.01.2024;23;1.0;241;54;238;54;3;61
TE130;07.01.2024;0;1.0;178;55;178;55;0;-1
TE130;07.01.2024;1;1.0;137;57;137;57;0;-1
TE130;07.01.2024;2;1.0;86;56;85;56;1;64
TE130;07.01.2024;3;1.0;74;61;74;61;0;-1
TE130;07.01.2024;4;1.0;93;58;92;58;1;65
TE130;07.01.2024;5;1.0;122;59;120;59;2;58
TE130;07.01.2024;6;1.0;105;58;102;58;3;50
TE130;07.01.2024;7;1.0;90;60;89;59;1;66
TE130;07.01.2024;8;1.0;100;61;99;60;1;66
TE130;07.01.2024;9;1.0;209;61;208;61;1;49
TE130;07.01.2024;10;1.0;335;50;330;51;4;56
TE130;07.01.2024;11;1.0;388;60;385;60;3;60
TE130;07.01.2024;12;1.0;468;60;467;60;1;58
TE130;07.01.2024;13;1.0;545;59;544;59;1;58
TE130;07.01.2024;14;1.0;645;59;644;59;1;58
TE130;07.01.2024;15;1.0;575;61;572;61;3;66
TE130;07.01.2024;16;1.0;554;58;552;58;2;62
TE130;07.01.2024;17;1.0;603;60;601;60;2;62
TE130;07.01.2024;18;1.0;494;60;494;60;0;-1
TE130;07.01.2024;19;1.0;391;62;390;62;1;62
TE130;07.01.2024;20;1.0;349;59;349;59;0;-1
TE130;07.01.2024;21;1.0;261;43;260;42;1;62
TE130;07.01.2024;22;1.0;178;58;176;58;2;58
TE130;07.01.2024;23;1.0;125;55;120;55;4;64
TE130;08.01.2024;0;1.0;101;57;91;58;10;52
TE130;08.01.2024;1;1.0;70;60;65;60;5;56
TE130;08.01.2024;2;1.0;57;59;50;59;7;60
TE130;08.01.2024;3;1.0;78;60;66;60;12;62
TE130;08.01.2024;4;1.0;184;60;159;60;25;59
TE130;08.01.2024;5;1.0;424;57;387;56;37;58
TE130;08.01.2024;6;1.0;743;49;675;49;68;49
TE130;08.01.2024;7;1.0;978;53;941;54;37;53
TE130;08.01.2024;8;1.0;776;55;733;55;43;55
TE130;08.01.2024;9;1.0;729;54;692;54;37;56
TE130;08.01.2024;10;1.0;670;45;650;45;19;46
TE130;08.01.2024;11;1.0;750;50;711;50;38;49
TE130;08.01.2024;12;1.0;795;46;763;46;33;45
TE130;08.01.2024;13;1.0;814;51;791;51;23;52
TE130;08.01.2024;14;1.0;973;49;952;49;22;50
TE130;08.01.2024;15;1.0;1074;52;1052;52;22;53
TE130;08.01.2024;16;1.0;1034;51;1019;51;15;52
TE130;08.01.2024;17;1.0;900;48;881;48;19;47
TE130;08.01.2024;18;1.0;703;54;684;53;19;54
TE130;08.01.2024;19;1.0;489;55;476;55;13;54
TE130;08.01.2024;20;1.0;424;55;415;55;9;54
TE130;08.01.2024;21;1.0;262;51;256;51;5;59
TE130;08.01.2024;22;1.0;221;52;219;52;1;62
TE130;08.01.2024;23;1.0;103;49;102;49;1;62
TE130;09.01.2024;0;1.0;81;45;75;44;6;50
TE130;09.01.2024;1;1.0;44;60;44;60;0;-1
TE130;09.01.2024;2;1.0;63;59;50;59;13;57
TE130;09.01.2024;3;1.0;69;58;61;58;8;55
TE130;09.01.2024;4;1.0;170;57;140;57;30;59
TE130;09.01.2024;5;1.0;453;58;414;58;39;58
TE130;09.01.2024;6;1.0;730;50;680;50;50;50
TE130;09.01.2024;7;1.0;858;49;817;49;40;50
TE130;09.01.2024;8;1.0;788;38;756;38;32;39
TE130;09.01.2024;9;1.0;796;44;765;44;30;45
TE130;09.01.2024;10;1.0;767;45;746;44;22;44
TE130;09.01.2024;11;1.0;770;40;734;40;36;41
TE130;09.01.2024;13;1.0;897;49;865;49;32;49
TE130;09.01.2024;14;1.0;1012;51;994;51;18;53
TE130;09.01.2024;15;1.0;1086;53;1068;53;18;52
TE130;09.01.2024;16;1.0;1002;54;983;54;19;55
TE130;09.01.2024;17;1.0;1072;54;1056;54;16;54
TE130;09.01.2024;18;1.0;754;53;741;53;13;55
TE130;09.01.2024;19;1.0;593;50;577;50;16;52
TE130;09.01.2024;20;1.0;419;56;412;56;7;55
TE130;09.01.2024;21;1.0;303;56;299;56;4;53
TE130;09.01.2024;22;1.0;256;57;253;57;3;57
TE130;09.01.2024;23;1.0;118;59;115;59;3;59
TE130;10.01.2024;0;1.0;73;58;68;58;5;52
TE130;10.01.2024;1;1.0;69;62;68;62;1;56
TE130;10.01.2024;2;1.0;51;64;41;62;10;70
TE130;10.01.2024;3;1.0;62;58;58;57;4;55
TE130;10.01.2024;4;1.0;214;58;180;58;34;58
TE130;10.01.2024;5;1.0;518;58;470;58;48;57
TE130;10.01.2024;6;1.0;755;51;714;51;40;51
TE130;10.01.2024;7;1.0;1001;49;964;49;37;49
TE130;10.01.2024;8;1.0;848;56;823;56;25;56
TE130;10.01.2024;9;1.0;839;55;811;55;28;56
TE130;10.01.2024;10;1.0;767;55;738;55;29;56
TE130;10.01.2024;11;1.0;782;55;759;55;23;55
TE130;10.01.2024;12;1.0;864;55;831;55;33;54
TE130;10.01.2024;13;1.0;916;55;883;55;33;55
TE130;10.01.2024;14;1.0;1054;54;1020;54;34;54
TE130;10.01.2024;15;1.0;1166;53;1141;53;25;53
TE130;10.01.2024;16;1.0;1108;51;1082;51;26;50
TE130;10.01.2024;17;1.0;963;52;948;52;15;53
TE130;10.01.2024;18;1.0;798;53;784;53;14;52
TE130;10.01.2024;19;1.0;607;51;594;51;12;52
TE130;10.01.2024;20;1.0;462;56;455;56;7;56
TE130;10.01.2024;21;1.0;329;58;327;58;2;62
TE130;10.01.2024;22;1.0;271;58;269;58;2;60
TE130;10.01.2024;23;1.0;181;43;176;43;6;36
TE130;11.01.2024;0;1.0;111;58;106;58;5;55
TE130;11.01.2024;1;1.0;58;54;56;54;2;54
TE130;11.01.2024;2;1.0;47;60;45;60;2;64
TE130;11.01.2024;3;1.0;60;62;58;63;2;61
TE130;11.01.2024;4;1.0;176;55;176;55;0;-1
TE130;11.01.2024;5;1.0;456;57;453;57;3;60
TE130;11.01.2024;6;1.0;752;54;739;54;13;54
TE130;11.01.2024;7;1.0;820;54;815;54;5;59
TE130;11.01.2024;8;1.0;753;50;745;50;7;55
TE130;11.01.2024;9;1.0;742;56;732;56;9;61
TE130;11.01.2024;10;1.0;750;61;745;61;5;61
TE130;11.01.2024;11;1.0;847;61;839;61;8;62
TE130;11.01.2024;12;1.0;872;59;868;59;4;60
TE130;11.01.2024;13;1.0;861;59;854;59;7;60
TE130;11.01.2024;14;1.0;1069;53;1064;53;5;56
TE130;11.01.2024;15;1.0;1052;48;1045;48;6;49
TE130;11.01.2024;16;1.0;1092;46;1091;46;1;53
TE130;11.01.2024;17;1.0;1033;54;1030;54;3;53
TE130;11.01.2024;18;1.0;819;56;817;56;2;53
TE130;11.01.2024;19;1.0;643;56;639;56;4;52
TE130;11.01.2024;20;1.0;465;58;463;58;2;60
TE130;11.01.2024;21;1.0;355;55;351;55;3;61
TE130;11.01.2024;22;1.0;250;60;249;60;1;52
TE130;11.01.2024;23;1.0;130;62;130;62;0;-1
TE130;12.01.2024;0;1.0;90;63;89;63;1;56
TE130;12.01.2024;1;1.0;48;53;47;53;1;59
TE130;12.01.2024;2;1.0;70;49;69;48;1;66
TE130;12.01.2024;3;1.0;93;55;91;55;2;63
TE130;12.01.2024;4;1.0;189;55;187;55;2;59
TE130;12.01.2024;5;1.0;440;62;434;62;6;64
TE130;12.01.2024;6;1.0;637;48;627;48;10;47
TE130;12.01.2024;7;1.0;786;56;778;56;8;55
TE130;12.01.2024;8;1.0;732;52;727;52;5;54
TE130;12.01.2024;9;1.0;740;58;737;58;3;57
TE130;12.01.2024;10;1.0;751;57;748;57;3;58
TE130;12.01.2024;11;1.0;754;57;740;57;14;57
TE130;12.01.2024;12;1.0;880;52;868;52;12;51
TE130;12.01.2024;13;1.0;1050;48;1041;48;10;46
TE130;12.01.2024;14;1.0;1100;52;1093;52;6;56
TE130;12.01.2024;15;1.0;1044;57;1041;57;3;59
TE130;12.01.2024;16;1.0;947;57;943;57;4;58
TE130;12.01.2024;17;1.0;916;52;912;52;4;56
TE130;12.01.2024;18;1.0;766;53;765;53;1;58
TE130;12.01.2024;19;1.0;584;54;580;54;4;58
TE130;12.01.2024;20;1.0;487;59;484;59;3;58
TE130;12.01.2024;21;1.0;326;58;323;58;3;59
TE130;12.01.2024;22;1.0;285;50;281;50;3;60
TE130;12.01.2024;23;1.0;203;49;200;49;4;45
TE130;13.01.2024;0;1.0;126;50;122;51;4;45
TE130;13.01.2024;1;1.0;109;53;109;53;0;-1
TE130;13.01.2024;2;1.0;55;62;54;62;1;51
TE130;13.01.2024;3;1.0;72;57;69;57;3;61
TE130;13.01.2024;4;1.0;82;48;78;47;3;60
TE130;13.01.2024;5;1.0;146;61;135;61;11;57
TE130;13.01.2024;6;1.0;156;61;144;61;12;62
TE130;13.01.2024;7;1.0;183;60;179;60;4;60
TE130;13.01.2024;8;1.0;281;55;274;55;8;51
TE130;13.01.2024;9;1.0;495;61;492;61;3;60
TE130;13.01.2024;10;1.0;575;56;570;56;5;62
TE130;13.01.2024;11;1.0;726;55;722;55;4;59
TE130;13.01.2024;12;1.0;729;59;723;59;6;58
TE130;13.01.2024;13;1.0;893;54;888;54;5;58
TE130;13.01.2024;14;1.0;927;52;924;52;2;58
TE130;13.01.2024;15;1.0;934;53;930;53;3;57
TE130;13.01.2024;16;1.0;833;48;831;48;1;60
TE130;13.01.2024;17;1.0;765;49;763;49;2;58
TE130;13.01.2024;18;1.0;689;54;687;54;2;59
TE130;13.01.2024;19;1.0;597;45;592;45;5;46
TE130;13.01.2024;20;1.0;473;60;471;60;2;53
TE130;13.01.2024;21;1.0;367;57;366;57;1;57
TE130;13.01.2024;22;1.0;294;55;293;55;1;59
TE130;13.01.2024;23;1.0;257;59;254;59;3;57
TE130;14.01.2024;0;1.0;199;62;195;62;4;60
TE130;14.01.2024;1;1.0;120;54;120;54;0;-1
TE130;14.01.2024;2;1.0;78;57;78;57;0;-1
TE130;14.01.2024;3;1.0;90;53;90;53;0;-1
TE130;14.01.2024;4;1.0;87;54;87;54;0;-1
TE130;14.01.2024;5;1.0;133;58;132;58;1;63
TE130;14.01.2024;6;1.0;83;57;83;57;0;-1
TE130;14.01.2024;7;1.0;68;62;68;62;0;-1
TE130;14.01.2024;8;1.0;168;65;168;65;0;-1
TE130;14.01.2024;9;1.0;247;54;245;54;2;64
TE130;14.01.2024;10;1.0;516;59;513;59;3;60
TE130;14.01.2024;11;1.0;686;58;675;58;11;58
TE130;14.01.2024;12;1.0;829;47;822;47;8;43
TE130;14.01.2024;13;1.0;601;54;599;54;2;59
TE130;14.01.2024;14;1.0;658;55;656;55;2;61
TE130;14.01.2024;15;1.0;561;55;559;55;2;62
TE130;14.01.2024;16;1.0;516;44;514;44;3;36
TE130;14.01.2024;17;1.0;521;56;520;56;1;53
TE130;14.01.2024;18;1.0;537;56;536;56;1;56
TE130;14.01.2024;19;1.0;381;57;380;57;1;59
TE130;14.01.2024;20;1.0;291;63;289;63;2;63
TE130;14.01.2024;22;1.0;163;48;161;49;1;66
TE130;14.01.2024;23;1.0;129;60;127;60;2;66
TE130;15.01.2024;0;1.0;67;48;62;48;5;48
TE130;15.01.2024;1;1.0;60;61;58;61;2;68
TE130;15.01.2024;2;1.0;53;52;53;52;0;-1
TE130;15.01.2024;3;1.0;75;57;71;58;3;61
TE130;15.01.2024;4;1.0;166;65;158;65;8;66
TE130;15.01.2024;5;1.0;460;58;442;58;18;62
TE130;15.01.2024;6;1.0;686;46;655;46;32;46
TE130;15.01.2024;7;1.0;833;53;807;53;27;50
TE130;15.01.2024;8;1.0;750;53;722;53;27;53
TE130;15.01.2024;9;1.0;915;58;886;58;29;55
TE130;15.01.2024;10;1.0;766;57;742;57;24;57
TE130;15.01.2024;12;1.0;846;52;815;52;32;52
TE130;15.01.2024;13;1.0;837;54;816;54;21;53
TE130;15.01.2024;14;1.0;975;58;947;58;28;57
TE130;15.01.2024;15;1.0;1007;59;995;59;12;60
TE130;15.01.2024;16;1.0;1061;55;1051;55;10;52
TE130;15.01.2024;17;1.0;940;53;920;53;20;52
TE130;15.01.2024;18;1.0;741;51;733;51;7;53
TE130;15.01.2024;19;1.0;552;58;550;58;2;58
TE130;15.01.2024;20;1.0;418;61;414;61;4;60
TE130;15.01.2024;21;1.0;313;60;313;60;0;-1
TE130;15.01.2024;22;1.0;232;62;228;62;4;62
TE130;15.01.2024;23;1.0;110;60;109;60;1;51
TE130;16.01.2024;0;1.0;88;66;84;66;4;59
TE130;16.01.2024;1;1.0;48;58;47;58;1;64
TE130;16.01.2024;2;1.0;42;42;40;43;1;59
TE130;16.01.2024;3;1.0;82;46;77;45;5;46
TE130;16.01.2024;4;1.0;190;49;174;49;16;48
TE130;16.01.2024;5;1.0;453;54;444;54;9;53
TE130;16.01.2024;6;1.0;722;48;706;48;16;49
TE130;16.01.2024;7;1.0;797;54;788;54;9;54
TE130;16.01.2024;8;1.0;782;52;770;52;12;53
TE130;16.01.2024;9;1.0;748;59;728;59;20;58
TE130;16.01.2024;10;1.0;713;54;691;54;20;56
TE130;16.01.2024;11;1.0;828;48;805;48;23;47
TE130;16.01.2024;12;1.0;854;54;826;54;29;52
TE130;16.01.2024;13;1.0;835;45;812;44;23;44
TE130;16.01.2024;14;1.0;1003;54;991;54;12;53
TE130;16.01.2024;15;1.0;1096;53;1078;53;18;54
TE130;16.01.2024;16;1.0;1025;57;1014;57;11;57
TE130;16.01.2024;17;1.0;905;56;895;55;10;55
TE130;16.01.2024;18;1.0;786;48;781;48;4;59
TE130;16.01.2024;19;1.0;539;49;536;49;2;54
TE130;16.01.2024;20;1.0;397;50;390;50;8;42
TE130;16.01.2024;21;1.0;319;62;317;62;2;62
TE130;16.01.2024;22;1.0;230;51;230;51;0;-1
TE130;16.01.2024;23;1.0;135;61;135;61;0;-1
TE130;17.01.2024;0;1.0;74;56;72;56;2;56
TE130;17.01.2024;1;1.0;53;41;51;41;3;40
TE130;17.01.2024;2;1.0;73;56;65;56;7;66
TE130;17.01.2024;3;1.0;79;46;69;47;10;42
TE130;17.01.2024;4;1.0;176;58;165;58;11;58
TE130;17.01.2024;6;1.0;685;40;636;40;49;40
TE130;17.01.2024;7;1.0;826;38;782;38;44;39
TE130;17.01.2024;9;1.0;846;46;801;46;44;48
TE130;17.01.2024;10;1.0;726;40;685;40;41;40
TE130;17.01.2024;11;1.0;746;48;718;47;29;47
TE130;17.01.2024;12;1.0;823;41;778;41;44;41
TE130;17.01.2024;13;1.0;831;43;794;43;37;42
TE130;17.01.2024;14;1.0;996;51;948;51;48;51
TE130;17.01.2024;15;1.0;1095;48;1078;48;18;48
TE130;17.01.2024;16;1.0;1031;43;1012;43;18;44
TE130;17.01.2024;17;1.0;736;59;728;59;8;58
TE130;17.01.2024;18;1.0;757;49;753;49;3;58
TE130;17.01.2024;19;1.0;538;49;534;48;4;58
TE130;17.01.2024;20;1.0;363;44;360;44;2;58
TE130;17.01.2024;21;1.0;321;61;320;61;1;59
TE130;17.01.2024;22;1.0;238;61;238;61;0;-1
TE130;17.01.2024;23;1.0;120;57;119;57;1;66
TE130;18.01.2024;0;1.0;88;61;85;61;3;66
TE130;18.01.2024;1;1.0;65;59;65;59;0;-1
TE130;18.01.2024;2;1.0;51;59;50;58;1;94
TE130;18.01.2024;3;1.0;107;51;102;50;5;49
TE130;18.01.2024;4;1.0;193;51;180;51;14;46
TE130;18.01.2024;5;1.0;445;56;422;55;23;55
TE130;18.01.2024;6;1.0;707;59;676;59;31;58
TE130;18.01.2024;7;1.0;834;53;814;53;18;55
TE130;18.01.2024;8;1.0;828;56;801;56;27;56
TE130;18.01.2024;9;1.0;784;58;753;58;31;58
TE130;18.01.2024;10;1.0;761;59;712;59;49;59
TE130;18.01.2024;11;1.0;889;58;840;58;49;58
TE130;18.01.2024;12;1.0;850;59;805;59;45;59
TE130;18.01.2024;13;1.0;915;50;864;50;51;51
TE130;18.01.2024;14;1.0;1035;53;1005;53;30;54
TE130;18.01.2024;15;1.0;1113;53;1091;53;22;52
TE130;18.01.2024;16;1.0;1140;47;1122;47;18;51
TE130;18.01.2024;17;1.0;907;52;886;52;21;53
TE130;18.01.2024;18;1.0;776;48;761;48;15;45
TE130;18.01.2024;19;1.0;654;44;643;44;11;42
TE130;18.01.2024;20;1.0;436;45;432;45;4;42
TE130;18.01.2024;21;1.0;327;44;325;44;2;54
TE130;18.01.2024;22;1.0;261;53;259;53;2;52
TE130;18.01.2024;23;1.0;159;51;158;51;1;55
TE130;19.01.2024;0;1.0;81;56;78;56;3;54
TE130;19.01.2024;1;1.0;47;51;47;51;0;-1
TE130;19.01.2024;2;1.0;63;53;58;54;4;59
TE130;19.01.2024;3;1.0;79;46;76;45;3;51
TE130;19.01.2024;4;1.0;167;58;157;58;10;58
TE130;19.01.2024;5;1.0;412;55;386;54;26;55
TE130;19.01.2024;6;1.0;629;50;601;50;28;50
TE130;19.01.2024;7;1.0;848;47;809;47;39;46
TE130;19.01.2024;8;1.0;702;54;663;54;39;53
TE130;19.01.2024;9;1.0;848;49;825;48;24;49
TE130;19.01.2024;10;1.0;778;53;748;53;30;52
TE130;19.01.2024;11;1.0;814;49;781;49;33;49
TE130;19.01.2024;12;1.0;894;54;863;54;31;53
TE130;19.01.2024;13;1.0;975;50;944;50;32;50
TE130;19.01.2024;14;1.0;1120;40;1100;40;20;40
TE130;19.01.2024;15;1.0;1029;40;1012;40;17;39
TE130;19.01.2024;16;1.0;970;42;955;42;16;40
TE130;19.01.2024;17;1.0;921;45;912;45;10;43
TE130;19.01.2024;19;1.0;564;40;557;40;6;43
TE130;19.01.2024;20;1.0;445;40;441;40;4;42
TE130;19.01.2024;21;1.0;390;45;385;46;5;41
TE130;19.01.2024;23;1.0;189;42;186;42;4;42
TE130;20.01.2024;0;1.0;142;51;136;52;5;55
TE130;20.01.2024;1;1.0;110;47;110;47;0;-1
TE130;20.01.2024;3;1.0;89;44;87;43;2;54
TE130;20.01.2024;4;1.0;78;54;76;54;2;64
TE130;20.01.2024;5;1.0;129;50;121;50;7;54
TE130;20.01.2024;6;1.0;166;58;160;57;6;57
TE130;20.01.2024;7;1.0;197;50;192;49;5;54
TE130;20.01.2024;8;1.0;333;53;324;53;9;49
TE130;20.01.2024;9;1.0;519;44;515;44;4;45
TE130;20.01.2024;10;1.0;576;52;571;52;4;56
TE130;20.01.2024;11;1.0;717;47;706;47;11;46
TE130;20.01.2024;12;1.0;830;58;817;58;13;58
TE130;20.01.2024;13;1.0;912;45;901;45;11;44
TE130;20.01.2024;14;1.0;988;53;979;53;9;53
TE130;20.01.2024;15;1.0;893;45;886;45;8;40
TE130;20.01.2024;16;1.0;810;54;804;54;6;54
TE130;20.01.2024;17;1.0;766;49;754;49;12;48
TE130;20.01.2024;18;1.0;734;42;729;42;4;40
TE130;20.01.2024;19;1.0;581;41;578;41;3;35
TE130;20.01.2024;20;1.0;445;46;445;46;0;-1
TE130;20.01.2024;21;1.0;328;56;326;56;2;54
TE130;20.01.2024;22;1.0;266;52;265;52;1;59
TE130;20.01.2024;23;1.0;249;52;247;52;2;58
TE130;21.01.2024;0;1.0;200;48;196;48;5;46
TE130;21.01.2024;1;1.0;123;48;122;48;1;59
TE130;21.01.2024;2;1.0;90;48;90;48;0;-1
TE130;21.01.2024;3;1.0;62;54;62;54;0;-1
TE130;21.01.2024;4;1.0;87;55;86;55;1;64
TE130;21.01.2024;5;1.0;101;58;99;59;1;47
TE130;21.01.2024;6;1.0;86;47;86;47;0;-1
TE130;21.01.2024;7;1.0;76;56;76;56;0;-1
TE130;21.01.2024;8;1.0;162;53;160;54;1;64
TE130;21.01.2024;9;1.0;237;61;232;61;5;54
TE130;21.01.2024;10;1.0;389;54;386;54;3;56
TE130;21.01.2024;11;1.0;465;56;460;56;4;62
TE130;21.01.2024;12;1.0;499;52;497;52;2;52
TE130;21.01.2024;13;1.0;583;57;579;57;4;54
TE130;21.01.2024;14;1.0;581;53;574;53;7;58
TE130;21.01.2024;15;1.0;584;47;578;47;6;47
TE130;21.01.2024;16;1.0;545;46;542;46;2;57
TE130;21.01.2024;17;1.0;640;41;637;41;3;34
TE130;21.01.2024;18;1.0;523;47;515;47;9;42
TE130;21.01.2024;19;1.0;410;47;408;47;1;56
TE130;21.01.2024;20;1.0;310;48;310;48;0;-1
TE130;21.01.2024;22;1.0;178;43;177;43;1;54
TE130;21.01.2024;23;1.0;101;41;100;41;1;61
TE130;22.01.2024;1;1.0;47;50;46;50;1;64
TE130;22.01.2024;2;1.0;42;43;39;43;3;37
TE130;22.01.2024;3;1.0;81;52;77;53;3;58
TE130;22.01.2024;4;1.0;168;46;145;46;22;47
TE130;22.01.2024;5;1.0;425;44;392;44;33;44
TE130;22.01.2024;6;1.0;710;46;663;47;48;46
TE130;22.01.2024;7;1.0;868;36;798;36;70;33
TE130;22.01.2024;9;1.0;818;40;766;40;52;41
TE130;22.01.2024;11;1.0;764;46;716;46;50;46
TE130;22.01.2024;14;1.0;1005;41;964;41;41;41
TE130;22.01.2024;15;1.0;1050;47;1027;47;22;49
TE130;22.01.2024;16;1.0;1123;45;1103;45;21;43
TE130;22.01.2024;18;1.0;750;46;739;46;11;43
TE130;22.01.2024;19;1.0;540;45;531;44;9;48
TE130;22.01.2024;20;1.0;410;42;408;42;1;59
TE130;22.01.2024;21;1.0;293;42;287;42;6;46
TE130;22.01.2024;22;1.0;231;49;229;49;2;53
TE130;22.01.2024;23;1.0;129;47;124;47;5;47
TE130;23.01.2024;0;1.0;98;49;93;49;5;46
TE130;23.01.2024;1;1.0;49;48;45;48;3;59
TE130;23.01.2024;2;1.0;54;53;47;53;6;62
TE130;23.01.2024;3;1.0;64;48;61;49;2;58
TE130;23.01.2024;5;1.0;468;46;446;46;22;44
TE130;23.01.2024;7;1.0;869;45;826;45;43;45
TE130;23.01.2024;8;1.0;804;46;761;46;43;46
TE130;23.01.2024;9;1.0;732;43;688;42;44;41
TE130;23.01.2024;10;1.0;768;55;716;55;52;56
TE130;23.01.2024;11;1.0;824;55;772;55;52;56
TE130;23.01.2024;12;1.0;887;56;853;56;34;55
TE130;23.01.2024;13;1.0;879;56;832;56;47;55
TE130;23.01.2024;14;1.0;1045;51;1001;51;45;50
TE130;23.01.2024;15;1.0;1144;46;1107;46;37;46
TE130;23.01.2024;16;1.0;1086;54;1061;54;25;54
TE130;23.01.2024;17;1.0;1004;49;978;49;26;49
TE130;23.01.2024;18;1.0;785;54;767;54;18;54
TE130;23.01.2024;19;1.0;580;45;569;45;11;43
TE130;23.01.2024;20;1.0;434;55;425;55;9;56
TE130;23.01.2024;21;1.0;283;42;279;42;4;40
TE130;23.01.2024;23;1.0;149;54;145;54;4;57
TE130;24.01.2024;2;1.0;51;55;47;55;4;61
TE130;24.01.2024;3;1.0;72;57;70;56;2;60
TE130;24.01.2024;4;1.0;207;56;191;57;16;55
TE130;24.01.2024;5;1.0;514;57;471;57;43;57
TE130;24.01.2024;6;1.0;775;56;720;56;55;56
TE130;24.01.2024;7;1.0;922;54;875;54;47;55
TE130;24.01.2024;8;1.0;895;54;843;54;52;53
TE130;24.01.2024;9;1.0;854;55;795;55;59;56
TE130;24.01.2024;10;1.0;790;56;746;56;44;56
TE130;24.01.2024;11;1.0;842;56;790;56;52;55
TE130;24.01.2024;12;1.0;884;55;836;55;48;55
TE130;24.01.2024;13;1.0;975;51;932;51;44;51
TE130;24.01.2024;14;1.0;1059;54;1004;54;55;55
TE130;24.01.2024;15;1.0;1022;52;984;52;38;46
TE130;24.01.2024;16;1.0;480;9;457;9;23;10
TE130;24.01.2024;17;1.0;843;38;813;39;30;16
TE130;24.01.2024;18;1.0;778;55;770;55;8;38
TE130;24.01.2024;19;1.0;613;55;603;55;10;55
TE130;24.01.2024;20;1.0;461;53;460;53;1;56
TE130;24.01.2024;21;1.0;313;52;312;52;1;63
TE130;24.01.2024;22;1.0;295;51;295;51;0;-1
TE130;24.01.2024;23;1.0;144;52;141;53;2;54
TE130;25.01.2024;0;1.0;94;54;88;54;5;56
TE130;25.01.2024;1;1.0;69;58;64;58;5;54
TE130;25.01.2024;2;1.0;62;57;51;58;11;56
TE130;25.01.2024;3;1.0;69;54;67;54;2;56
TE130;25.01.2024;4;1.0;215;59;188;59;27;59
TE130;25.01.2024;5;1.0;495;58;443;58;52;58
TE130;25.01.2024;6;1.0;846;54;766;54;80;55
TE130;25.01.2024;7;1.0;873;54;811;54;62;54
TE130;25.01.2024;8;1.0;858;56;808;56;50;56
TE130;25.01.2024;9;1.0;868;56;822;56;46;55
TE130;25.01.2024;10;1.0;849;55;812;55;37;56
TE130;25.01.2024;11;1.0;867;57;837;57;30;56
TE130;25.01.2024;12;1.0;893;54;853;54;40;55
TE130;25.01.2024;13;1.0;972;54;930;54;42;54
TE130;25.01.2024;14;1.0;1027;50;987;50;39;50
TE130;25.01.2024;15;1.0;1117;51;1101;51;16;51
TE130;25.01.2024;16;1.0;987;47;976;47;11;44
TE130;25.01.2024;17;1.0;940;51;929;51;9;54
TE130;25.01.2024;18;1.0;808;52;793;52;15;52
TE130;25.01.2024;19;1.0;678;56;669;56;9;57
TE130;25.01.2024;20;1.0;550;59;549;59;1;59
TE130;25.01.2024;21;1.0;347;58;344;58;3;56
TE130;25.01.2024;22;1.0;266;51;266;51;0;-1
TE130;25.01.2024;23;1.0;165;56;165;56;0;-1
TE130;26.01.2024;0;1.0;97;57;93;57;4;58
TE130;26.01.2024;1;1.0;58;55;56;55;2;55
TE130;26.01.2024;2;1.0;50;55;46;56;4;50
TE130;26.01.2024;3;1.0;65;56;63;56;2;52
TE130;26.01.2024;4;1.0;191;52;182;52;9;50
TE130;26.01.2024;5;1.0;482;60;450;60;32;61
TE130;26.01.2024;6;1.0;731;58;693;58;38;58
TE130;26.01.2024;7;1.0;876;51;830;51;46;51
TE130;26.01.2024;8;1.0;790;50;729;50;61;50
TE130;26.01.2024;9;1.0;854;54;816;54;37;54
TE130;26.01.2024;10;1.0;824;49;807;49;17;49
TE130;26.01.2024;11;1.0;877;53;841;53;36;53
TE130;26.01.2024;12;1.0;1032;51;989;51;43;51
TE130;26.01.2024;13;1.0;1030;52;1009;52;21;51
TE130;26.01.2024;14;1.0;1135;56;1133;56;2;55
TE130;26.01.2024;15;1.0;1058;55;1050;55;8;56
TE130;26.01.2024;16;1.0;1014;54;1005;54;9;54
TE130;26.01.2024;17;1.0;923;47;914;47;9;46
TE130;26.01.2024;18;1.0;826;56;819;56;7;51
TE130;26.01.2024;19;1.0;616;50;613;50;3;55
TE130;26.01.2024;20;1.0;519;55;510;55;9;54
TE130;26.01.2024;21;1.0;392;51;388;51;3;56
TE130;26.01.2024;22;1.0;321;55;319;55;2;53
TE130;26.01.2024;23;1.0;214;52;209;52;4;54
TE130;27.01.2024;0;1.0;164;59;157;59;7;57
TE130;27.01.2024;1;1.0;114;56;109;56;5;55
TE130;27.01.2024;2;1.0;87;57;84;57;3;57
TE130;27.01.2024;3;1.0;63;55;60;55;3;54
TE130;27.01.2024;7;1.0;205;58;196;58;9;60
TE130;27.01.2024;8;1.0;357;55;350;55;8;53
TE130;27.01.2024;9;1.0;557;58;547;58;10;60
TE130;27.01.2024;10;1.0;701;58;687;58;14;59
TE130;27.01.2024;11;1.0;820;58;806;58;14;57
TE130;27.01.2024;12;1.0;893;58;879;58;14;58
TE130;27.01.2024;13;1.0;988;59;974;59;14;59
TE130;27.01.2024;14;1.0;1075;54;1058;54;17;54
TE130;27.01.2024;15;1.0;958;44;946;44;12;43
TE130;27.01.2024;16;1.0;880;49;869;49;12;50
TE130;27.01.2024;17;1.0;913;48;898;48;14;48
TE130;27.01.2024;18;1.0;778;48;773;48;5;51
TE130;27.01.2024;19;1.0;680;53;665;53;15;52
TE130;27.01.2024;20;1.0;483;55;477;55;6;57
TE130;27.01.2024;21;1.0;360;56;357;56;3;55
TE130;27.01.2024;22;1.0;385;52;384;52;1;59
TE130;27.01.2024;23;1.0;260;57;257;57;3;58
TE130;28.01.2024;0;1.0;211;54;206;54;4;57
TE130;28.01.2024;1;1.0;134;59;133;59;1;59
TE130;28.01.2024;2;1.0;113;52;113;52;0;-1
TE130;28.01.2024;3;1.0;83;55;83;55;0;-1
TE130;28.01.2024;4;1.0;105;58;105;58;0;-1
TE130;28.01.2024;5;1.0;159;57;158;56;1;62
TE130;28.01.2024;6;1.0;99;52;98;52;1;52
TE130;28.01.2024;7;1.0;88;47;88;47;0;-1
TE130;28.01.2024;8;1.0;169;58;169;58;0;-1
TE130;28.01.2024;9;1.0;312;51;310;51;2;56
TE130;28.01.2024;10;1.0;451;51;444;51;7;55
TE130;28.01.2024;11;1.0;541;51;532;51;9;50
TE130;28.01.2024;12;1.0;690;46;680;46;9;49
TE130;28.01.2024;13;1.0;793;51;788;51;5;54
TE130;28.01.2024;14;1.0;759;54;754;54;5;55
TE130;28.01.2024;15;1.0;690;49;685;49;5;54
TE130;28.01.2024;16;1.0;682;54;675;54;7;55
TE130;28.01.2024;17;1.0;759;53;746;53;13;53
TE130;28.01.2024;18;1.0;687;49;679;49;6;52
TE130;28.01.2024;19;1.0;405;50;400;50;4;57
TE130;28.01.2024;20;1.0;351;52;347;52;4;55
TE130;28.01.2024;21;1.0;405;51;399;51;5;55
TE130;28.01.2024;22;1.0;238;56;235;56;3;54
TE130;28.01.2024;23;1.0;185;55;183;55;2;57
TE130;29.01.2024;0;1.0;115;55;110;55;5;53
TE130;29.01.2024;1;1.0;73;60;71;60;2;55
TE130;29.01.2024;2;1.0;56;50;52;49;4;58
TE130;29.01.2024;3;1.0;64;57;64;57;0;-1
TE130;29.01.2024;4;1.0;205;54;187;54;19;53
TE130;29.01.2024;5;1.0;452;51;411;51;41;50
TE130;29.01.2024;6;1.0;742;53;687;53;55;52
TE130;29.01.2024;7;1.0;906;52;852;52;54;52
TE130;29.01.2024;8;1.0;819;50;774;50;46;50
TE130;29.01.2024;9;1.0;875;53;818;53;57;53
TE130;29.01.2024;10;1.0;790;54;738;54;52;54
TE130;29.01.2024;11;1.0;821;54;761;54;60;54
TE130;29.01.2024;12;1.0;914;54;861;54;53;54
TE130;29.01.2024;13;1.0;917;54;869;54;48;55
TE130;29.01.2024;14;1.0;1044;54;1006;54;38;54
TE130;29.01.2024;15;1.0;1178;54;1144;54;34;54
TE130;29.01.2024;16;1.0;1189;53;1166;53;23;52
TE130;29.01.2024;17;1.0;1016;47;982;47;34;47
TE130;29.01.2024;18;1.0;794;49;780;49;15;47
TE130;29.01.2024;19;1.0;596;50;583;50;12;49
TE130;29.01.2024;20;1.0;387;55;381;56;6;52
TE130;29.01.2024;21;1.0;313;52;309;52;4;56
TE130;29.01.2024;22;1.0;200;57;197;57;3;55
TE130;29.01.2024;23;1.0;124;57;119;57;5;56
TE130;30.01.2024;0;1.0;86;56;79;57;7;56
TE130;30.01.2024;1;1.0;45;58;44;58;1;51
TE130;30.01.2024;2;1.0;44;58;36;56;8;65
TE130;30.01.2024;3;1.0;52;60;49;60;3;58
TE130;30.01.2024;4;1.0;190;60;165;60;25;62
TE130;30.01.2024;5;1.0;472;58;433;58;39;59
TE130;30.01.2024;6;1.0;818;56;766;56;52;56
TE130;30.01.2024;7;1.0;913;50;839;50;74;51
TE130;30.01.2024;8;1.0;832;55;788;55;44;56
TE130;30.01.2024;9;1.0;833;55;780;54;53;54
TE130;30.01.2024;10;1.0;814;54;765;54;49;54
TE130;30.01.2024;11;1.0;858;54;801;54;57;53
TE130;30.01.2024;12;1.0;894;53;843;53;51;54
TE130;30.01.2024;13;1.0;945;54;903;54;42;54
TE130;30.01.2024;14;1.0;1052;49;1006;49;46;51
TE130;30.01.2024;15;1.0;1128;51;1097;50;32;50
TE130;30.01.2024;16;1.0;1114;49;1078;49;36;49
TE130;30.01.2024;17;1.0;1027;48;1005;48;22;48
TE130;30.01.2024;18;1.0;809;45;791;45;18;45
TE130;30.01.2024;19;1.0;599;51;587;51;12;52
TE130;30.01.2024;20;1.0;400;57;398;57;2;56
TE130;30.01.2024;21;1.0;383;57;375;57;8;57
TE130;30.01.2024;22;1.0;239;59;235;59;4;58
TE130;30.01.2024;23;1.0;142;52;141;52;1;55
TE130;31.01.2024;0;1.0;68;59;63;59;5;56
TE130;31.01.2024;1;1.0;58;59;53;59;5;58
TE130;31.01.2024;2;1.0;43;61;37;60;6;66
TE130;31.01.2024;3;1.0;57;57;50;57;7;58
TE130;31.01.2024;4;1.0;172;58;148;58;24;58
TE130;31.01.2024;5;1.0;482;59;432;59;50;58
TE130;31.01.2024;6;1.0;753;60;723;60;30;60
TE130;31.01.2024;7;1.0;1016;59;996;59;20;60
TE130;31.01.2024;8;1.0;923;58;889;58;34;58
TE130;31.01.2024;9;1.0;834;59;803;59;31;60
TE130;31.01.2024;10;1.0;770;57;737;57;33;57
TE130;31.01.2024;11;1.0;840;55;796;55;44;56
TE130;31.01.2024;12;1.0;914;58;866;58;48;57
TE130;31.01.2024;13;1.0;936;57;893;57;43;57
TE130;31.01.2024;14;1.0;1056;58;1032;58;24;59
TE130;31.01.2024;15;1.0;1492;47;1468;47;25;38
TE130;31.01.2024;16;1.0;1107;47;1082;47;25;49
TE130;31.01.2024;17;1.0;1036;51;1016;51;20;52
TE130;31.01.2024;18;1.0;787;57;784;57;3;55
TE130;31.01.2024;19;1.0;601;59;598;59;3;60
TE130;31.01.2024;20;1.0;424;60;418;60;6;61
TE130;31.01.2024;21;1.0;341;61;340;61;1;58
TE130;31.01.2024;22;1.0;243;61;242;61;1;49
TE130;31.01.2024;23;1.0;130;59;127;59;3;56
TE131;01.01.2024;0;1.0;88;51;83;52;5;38
TE131;01.01.2024;1;1.0;286;53;281;53;5;61
TE131;01.01.2024;2;1.0;347;57;339;57;8;62
TE131;01.01.2024;3;1.0;230;51;228;51;2;52
TE131;01.01.2024;4;1.0;151;49;144;50;7;43
TE131;01.01.2024;5;1.0;133;55;126;55;7;57
TE131;01.01.2024;6;1.0;98;69;65;67;33;74
TE131;01.01.2024;7;1.0;94;67;47;61;47;73
TE131;01.01.2024;8;1.0;85;65;50;59;35;73
TE131;01.01.2024;9;1.0;106;56;104;56;2;64
TE131;01.01.2024;10;1.0;181;57;153;59;28;49
TE131;01.01.2024;11;1.0;257;48;155;52;102;44
TE131;01.01.2024;12;1.0;320;48;258;50;62;40
TE131;01.01.2024;13;1.0;397;49;317;50;80;44
TE131;01.01.2024;14;1.0;463;48;400;49;63;41
TE131;01.01.2024;15;1.0;450;47;344;48;106;43
TE131;01.01.2024;16;1.0;425;46;350;47;75;39
TE131;01.01.2024;17;1.0;379;47;311;48;68;39
TE131;01.01.2024;18;1.0;324;48;269;49;55;40
TE131;01.01.2024;19;1.0;230;49;214;49;16;44
TE131;01.01.2024;20;1.0;207;57;201;56;6;64
TE131;01.01.2024;21;1.0;155;61;140;61;15;63
TE131;01.01.2024;22;1.0;161;62;146;61;15;64
TE131;01.01.2024;23;1.0;95;62;87;62;8;66
TE131;02.01.2024;0;1.0;51;57;49;56;2;62
TE131;02.01.2024;1;1.0;36;58;34;57;2;60
TE131;02.01.2024;2;1.0;31;54;30;54;1;57
TE131;02.01.2024;3;1.0;55;52;49;52;6;60
TE131;02.01.2024;4;1.0;116;48;109;49;7;52
TE131;02.01.2024;5;1.0;371;56;345;56;26;56
TE131;02.01.2024;6;1.0;623;50;509;50;114;51
TE131;02.01.2024;7;1.0;750;41;627;41;123;41
TE131;02.01.2024;8;1.0;657;50;514;50;143;49
TE131;02.01.2024;9;1.0;722;51;581;52;141;49
TE131;02.01.2024;10;1.0;899;61;585;58;314;67
TE131;02.01.2024;11;1.0;1122;64;559;56;563;72
TE131;02.01.2024;12;1.0;1022;48;705;47;317;50
TE131;02.01.2024;13;1.0;1038;48;781;47;257;48
TE131;02.01.2024;14;1.0;1022;47;699;49;323;45
TE131;02.01.2024;15;1.0;1025;50;743;50;282;50
TE131;02.01.2024;16;1.0;1131;55;594;50;537;60
TE131;02.01.2024;17;1.0;901;64;470;59;431;67
TE131;02.01.2024;18;1.0;602;36;418;42;184;23
TE131;02.01.2024;19;1.0;435;37;228;46;207;27
TE131;02.01.2024;20;1.0;203;41;134;54;69;16
TE131;02.01.2024;21;1.0;212;39;111;50;101;28
TE131;02.01.2024;22;1.0;179;53;128;57;51;44
TE131;02.01.2024;23;1.0;109;49;106;49;3;55
TE131;03.01.2024;0;1.0;49;52;46;53;3;54
TE131;03.01.2024;1;1.0;31;49;30;49;1;55
TE131;03.01.2024;2;1.0;42;55;38;55;4;54
TE131;03.01.2024;3;1.0;89;50;84;50;5;59
TE131;03.01.2024;4;1.0;129;55;119;55;10;57
TE131;03.01.2024;5;1.0;385;52;373;52;12;54
TE131;03.01.2024;6;1.0;698;42;626;43;72;41
TE131;03.01.2024;7;1.0;838;47;660;47;178;45
TE131;03.01.2024;8;1.0;661;42;593;42;68;37
TE131;03.01.2024;9;1.0;894;47;700;47;194;46
TE131;03.01.2024;10;1.0;989;54;781;53;208;58
TE131;03.01.2024;11;1.0;1055;42;887;41;168;47
TE131;03.01.2024;12;1.0;971;43;820;42;150;54
TE131;03.01.2024;13;1.0;988;43;824;41;164;47
TE131;03.01.2024;14;1.0;1110;37;923;37;186;38
TE131;03.01.2024;15;1.0;1215;39;1031;39;184;38
TE131;03.01.2024;16;1.0;1060;39;1010;39;50;35
TE131;03.01.2024;17;1.0;909;41;768;41;141;41
TE131;03.01.2024;18;1.0;714;46;670;45;44;47
TE131;03.01.2024;19;1.0;489;44;463;44;26;40
TE131;03.01.2024;20;1.0;355;36;311;37;44;30
TE131;03.01.2024;21;1.0;261;48;227;49;34;43
TE131;03.01.2024;22;1.0;215;52;176;54;39;45
TE131;03.01.2024;23;1.0;143;51;75;53;68;49
TE131;04.01.2024;0;1.0;107;49;39;53;68;47
TE131;04.01.2024;1;1.0;73;48;20;50;53;47
TE131;04.01.2024;2;1.0;44;49;13;55;31;47
TE131;04.01.2024;3;1.0;80;47;42;54;38;39
TE131;04.01.2024;4;1.0;141;54;101;57;40;46
TE131;04.01.2024;5;1.0;407;53;324;53;83;48
TE131;04.01.2024;6;1.0;690;36;651;35;39;48
TE131;04.01.2024;7;1.0;801;49;738;49;63;49
TE131;04.01.2024;8;1.0;812;39;728;38;83;46
TE131;04.01.2024;9;1.0;842;24;788;23;54;44
TE131;04.01.2024;10;1.0;803;41;611;41;191;38
TE131;04.01.2024;11;1.0;960;28;875;26;85;47
TE131;04.01.2024;12;1.0;1161;57;828;53;333;64
TE131;04.01.2024;13;1.0;949;52;495;49;454;56
TE131;04.01.2024;14;1.0;931;39;679;33;252;53
TE131;04.01.2024;15;1.0;934;26;827;27;107;23
TE131;04.01.2024;16;1.0;862;34;697;34;165;32
TE131;04.01.2024;17;1.0;933;48;508;48;425;49
TE131;04.01.2024;18;1.0;550;30;462;32;89;23
TE131;04.01.2024;19;1.0;334;48;228;52;106;38
TE131;05.01.2024;7;1.0;840;41;611;40;229;44
TE131;05.01.2024;8;1.0;784;36;590;32;194;46
TE131;05.01.2024;9;1.0;672;44;507;44;165;41
TE131;05.01.2024;10;1.0;806;44;637;44;169;45
TE131;05.01.2024;11;1.0;960;44;694;46;266;43
TE131;05.01.2024;12;1.0;885;33;726;34;159;26
TE131;05.01.2024;13;1.0;943;45;653;45;290;44
TE131;05.01.2024;14;1.0;674;39;479;41;195;34
TE131;05.01.2024;15;1.0;923;34;746;35;177;29
TE131;05.01.2024;16;1.0;623;33;569;35;54;19
TE131;05.01.2024;17;1.0;837;41;580;39;257;44
TE131;05.01.2024;18;1.0;767;48;581;47;186;50
TE131;05.01.2024;19;1.0;570;47;439;47;131;50
TE131;05.01.2024;20;1.0;419;51;261;52;158;47
TE131;05.01.2024;21;1.0;315;54;157;56;158;51
TE131;05.01.2024;22;1.0;278;56;154;59;124;52
TE131;05.01.2024;23;1.0;213;57;132;60;81;53
TE131;06.01.2024;0;1.0;148;55;75;61;73;49
TE131;06.01.2024;1;1.0;96;61;48;59;48;63
TE131;06.01.2024;2;1.0;85;55;33;58;52;53
TE131;06.01.2024;3;1.0;68;57;23;61;45;56
TE131;06.01.2024;4;1.0;76;55;30;61;46;50
TE131;06.01.2024;5;1.0;201;57;65;64;136;55
TE131;06.01.2024;6;1.0;224;58;72;60;152;57
TE131;06.01.2024;7;1.0;277;58;87;60;190;57
TE131;06.01.2024;8;1.0;375;56;139;60;236;54
TE131;06.01.2024;9;1.0;487;34;360;31;127;41
TE131;06.01.2024;10;1.0;731;41;535;40;196;41
TE131;06.01.2024;11;1.0;970;43;719;42;251;46
TE131;06.01.2024;13;1.0;917;32;784;32;133;36
TE131;06.01.2024;15;1.0;936;38;683;40;253;32
TE131;06.01.2024;16;1.0;935;48;656;49;279;46
TE131;06.01.2024;18;1.0;629;48;451;49;178;44
TE131;06.01.2024;19;1.0;449;55;342;56;107;52
TE131;06.01.2024;20;1.0;477;57;275;57;202;57
TE131;06.01.2024;21;1.0;314;58;154;58;160;58
TE131;06.01.2024;22;1.0;300;63;151;62;149;64
TE131;06.01.2024;23;1.0;255;65;110;63;145;66
TE131;07.01.2024;0;1.0;234;64;112;63;122;65
TE131;07.01.2024;1;1.0;134;69;50;62;84;73
TE131;07.01.2024;2;1.0;77;57;32;62;45;54
TE131;07.01.2024;3;1.0;41;56;24;62;17;48
TE131;07.01.2024;4;1.0;55;55;27;56;28;53
TE131;07.01.2024;5;1.0;77;54;43;57;34;50
TE131;07.01.2024;6;1.0;45;52;40;54;5;39
TE131;07.01.2024;7;1.0;25;62;24;63;1;55
TE131;07.01.2024;8;1.0;42;63;42;63;0;-1
TE131;07.01.2024;9;1.0;160;52;105;57;55;40
TE131;07.01.2024;10;1.0;357;47;169;51;187;44
TE131;07.01.2024;11;1.0;249;46;178;54;71;25
TE131;07.01.2024;12;1.0;370;49;241;55;130;38
TE131;07.01.2024;13;1.0;550;50;292;54;258;45
TE131;07.01.2024;14;1.0;707;46;395;51;312;39
TE131;07.01.2024;15;1.0;659;57;400;57;259;56
TE131;07.01.2024;16;1.0;430;54;341;55;89;50
TE131;07.01.2024;17;1.0;259;51;230;56;29;14
TE131;07.01.2024;18;1.0;308;48;249;53;58;28
TE131;07.01.2024;19;1.0;375;36;268;39;107;30
TE131;07.01.2024;20;1.0;142;52;118;59;24;16
TE131;07.01.2024;21;1.0;83;54;77;55;6;40
TE131;07.01.2024;22;1.0;85;58;82;59;3;28
TE131;07.01.2024;23;1.0;44;59;43;59;1;57
TE131;08.01.2024;0;1.0;26;57;24;58;2;51
TE131;08.01.2024;1;1.0;22;59;16;58;6;61
TE131;08.01.2024;2;1.0;15;68;13;66;2;78
TE131;08.01.2024;3;1.0;27;62;18;60;9;68
TE131;08.01.2024;4;1.0;73;60;65;60;8;61
TE131;08.01.2024;5;1.0;214;55;191;55;23;57
TE131;08.01.2024;6;1.0;377;48;358;48;19;49
TE131;08.01.2024;7;1.0;576;41;544;41;32;41
TE131;08.01.2024;8;1.0;447;48;416;48;31;48
TE131;08.01.2024;9;1.0;372;46;343;46;29;45
TE131;08.01.2024;10;1.0;363;48;337;48;26;45
TE131;08.01.2024;11;1.0;724;48;587;48;138;47
TE131;08.01.2024;12;1.0;957;46;732;47;225;41
TE131;08.01.2024;13;1.0;1002;46;707;46;295;44
TE131;08.01.2024;14;1.0;968;48;771;49;198;47
TE131;08.01.2024;15;1.0;440;42;417;43;23;38
TE131;08.01.2024;16;1.0;423;44;414;44;9;46
TE131;08.01.2024;17;1.0;320;46;311;46;9;47
TE131;08.01.2024;18;1.0;262;48;256;48;6;47
TE131;08.01.2024;19;1.0;194;50;189;50;5;51
TE131;08.01.2024;20;1.0;136;51;130;51;6;50
TE131;08.01.2024;21;1.0;115;53;112;53;3;55
TE131;08.01.2024;22;1.0;87;54;84;54;3;52
TE131;08.01.2024;23;1.0;51;57;49;57;2;58
TE131;09.01.2024;0;1.0;24;54;23;53;1;78
TE131;09.01.2024;1;1.0;23;61;21;62;2;60
TE131;09.01.2024;2;1.0;12;56;11;57;1;53
TE131;09.01.2024;3;1.0;30;58;24;58;6;57
TE131;09.01.2024;4;1.0;73;62;67;62;6;64
TE131;09.01.2024;5;1.0;184;56;177;56;7;60
TE131;09.01.2024;6;1.0;393;50;375;50;18;52
TE131;09.01.2024;7;1.0;464;46;447;46;17;45
TE131;09.01.2024;8;1.0;474;46;453;46;21;45
TE131;09.01.2024;9;1.0;347;49;326;50;21;47
TE131;09.01.2024;10;1.0;358;48;336;48;22;48
TE131;09.01.2024;11;1.0;664;36;441;39;223;29
TE131;09.01.2024;12;1.0;1030;49;839;50;191;49
TE131;09.01.2024;13;1.0;1013;47;837;47;176;46
TE131;09.01.2024;14;1.0;1205;34;981;34;224;33
TE131;09.01.2024;15;1.0;816;20;759;20;57;21
TE131;09.01.2024;17;1.0;464;20;441;20;23;14
TE131;09.01.2024;18;1.0;286;47;280;48;6;24
TE131;09.01.2024;19;1.0;200;53;190;53;10;53
TE131;09.01.2024;20;1.0;149;55;144;55;5;55
TE131;09.01.2024;21;1.0;109;58;107;58;2;61
TE131;09.01.2024;22;1.0;77;56;77;56;0;-1
TE131;09.01.2024;23;1.0;59;60;57;60;2;60
TE131;10.01.2024;0;1.0;22;65;20;65;2;56
TE131;10.01.2024;1;1.0;19;62;18;62;1;63
TE131;10.01.2024;2;1.0;18;70;17;70;1;71
TE131;10.01.2024;3;1.0;37;56;32;55;5;63
TE131;10.01.2024;4;1.0;80;65;71;65;9;63
TE131;10.01.2024;5;1.0;178;60;174;60;4;64
TE131;10.01.2024;6;1.0;431;53;421;53;10;53
TE131;10.01.2024;7;1.0;492;45;469;45;23;47
TE131;10.01.2024;8;1.0;473;46;451;46;22;45
TE131;10.01.2024;9;1.0;417;48;398;49;19;46
TE131;10.01.2024;10;1.0;537;41;460;43;77;34
TE131;10.01.2024;11;1.0;1007;44;855;45;152;41
TE131;10.01.2024;12;1.0;955;45;871;45;84;45
TE131;10.01.2024;13;1.0;1088;42;993;42;95;41
TE131;10.01.2024;14;1.0;1254;44;977;44;277;48
TE131;10.01.2024;15;1.0;1037;35;795;35;242;39
TE131;10.01.2024;16;1.0;631;28;615;28;16;29
TE131;10.01.2024;17;1.0;367;41;353;41;14;18
TE131;10.01.2024;18;1.0;320;46;314;46;6;45
TE131;10.01.2024;19;1.0;203;50;195;51;8;50
TE131;10.01.2024;20;1.0;170;53;165;53;5;55
TE131;10.01.2024;21;1.0;134;57;132;57;2;58
TE131;10.01.2024;22;1.0;112;58;111;58;1;58
TE131;10.01.2024;23;1.0;65;61;64;61;1;60
TE131;11.01.2024;0;1.0;36;61;33;61;3;61
TE131;11.01.2024;1;1.0;21;63;20;64;1;55
TE131;11.01.2024;2;1.0;17;67;17;67;0;-1
TE131;11.01.2024;3;1.0;28;64;27;64;1;59
TE131;11.01.2024;4;1.0;85;66;85;66;0;-1
TE131;11.01.2024;5;1.0;186;62;186;62;0;-1
TE131;11.01.2024;6;1.0;367;56;365;56;2;52
TE131;11.01.2024;7;1.0;476;48;473;48;3;51
TE131;11.01.2024;8;1.0;510;43;465;46;45;21
TE131;11.01.2024;9;1.0;447;45;399;48;48;14
TE131;11.01.2024;10;1.0;650;39;483;46;166;17
TE131;11.01.2024;11;1.0;886;42;540;45;346;37
TE131;11.01.2024;12;1.0;808;43;563;47;245;34
TE131;11.01.2024;13;1.0;410;45;407;46;3;34
TE131;11.01.2024;14;1.0;411;49;407;49;4;50
TE131;11.01.2024;15;1.0;473;35;463;35;10;34
TE131;11.01.2024;16;1.0;666;22;618;23;48;12
TE131;11.01.2024;17;1.0;735;41;457;45;278;35
TE131;11.01.2024;18;1.0;878;41;505;46;373;36
TE131;11.01.2024;19;1.0;599;52;357;53;242;51
TE131;11.01.2024;20;1.0;469;50;280;53;189;47
TE131;11.01.2024;21;1.0;336;47;173;52;163;41
TE131;11.01.2024;22;1.0;272;49;135;54;137;46
TE131;11.01.2024;23;1.0;169;49;92;55;77;41
TE131;12.01.2024;0;1.0;83;46;43;57;40;33
TE131;12.01.2024;1;1.0;78;50;18;66;60;45
TE131;12.01.2024;2;1.0;51;53;19;66;32;46
TE131;12.01.2024;3;1.0;96;53;45;57;51;49
TE131;12.01.2024;4;1.0;209;72;99;64;110;80
TE131;12.01.2024;5;1.0;525;76;251;70;274;82
TE131;12.01.2024;6;1.0;948;52;658;53;290;52
TE131;12.01.2024;7;1.0;1116;66;801;61;315;76
TE131;12.01.2024;8;1.0;1094;45;839;44;255;46
TE131;12.01.2024;9;1.0;1010;51;548;52;462;50
TE131;12.01.2024;10;1.0;1001;43;590;46;411;39
TE131;12.01.2024;11;1.0;997;45;623;46;374;42
TE131;12.01.2024;12;1.0;1088;45;637;46;451;43
TE131;12.01.2024;13;1.0;1141;44;685;44;456;43
TE131;12.01.2024;14;1.0;1014;41;679;43;336;36
TE131;12.01.2024;15;1.0;1036;38;748;38;288;36
TE131;12.01.2024;16;1.0;1126;47;692;46;434;49
TE131;12.01.2024;17;1.0;834;44;463;45;371;43
TE131;12.01.2024;18;1.0;860;53;522;53;338;54
TE131;12.01.2024;19;1.0;617;47;384;49;233;43
TE131;12.01.2024;20;1.0;472;52;295;54;177;50
TE131;12.01.2024;21;1.0;298;49;198;50;100;46
TE131;12.01.2024;22;1.0;299;52;175;54;124;48
TE131;12.01.2024;23;1.0;232;51;87;57;145;47
TE131;13.01.2024;0;1.0;182;55;61;59;121;52
TE131;13.01.2024;1;1.0;110;61;56;64;54;57
TE131;13.01.2024;2;1.0;79;75;40;68;39;82
TE131;13.01.2024;3;1.0;70;79;29;70;41;85
TE131;13.01.2024;4;1.0;114;76;64;71;50;82
TE131;13.01.2024;5;1.0;149;69;69;66;80;72
TE131;13.01.2024;6;1.0;200;56;95;56;105;56
TE131;13.01.2024;7;1.0;248;65;113;63;135;67
TE131;13.01.2024;8;1.0;291;68;158;62;133;76
TE131;13.01.2024;10;1.0;872;49;523;51;349;48
TE131;13.01.2024;11;1.0;850;47;587;46;264;49
TE131;13.01.2024;12;1.0;936;47;706;47;230;47
TE131;13.01.2024;13;1.0;1079;50;761;50;318;51
TE131;13.01.2024;14;1.0;1020;42;683;42;337;42
TE131;13.01.2024;15;1.0;1057;48;579;50;478;47
TE131;13.01.2024;16;1.0;772;47;453;49;319;42
TE131;13.01.2024;17;1.0;845;48;489;51;356;45
TE131;13.01.2024;19;1.0;557;55;352;49;205;65
TE131;13.01.2024;20;1.0;423;52;279;52;143;53
TE131;13.01.2024;21;1.0;340;60;141;59;199;60
TE131;13.01.2024;22;1.0;351;56;134;61;217;53
TE131;13.01.2024;23;1.0;309;57;125;56;184;57
TE131;14.01.2024;0;1.0;223;63;76;62;147;63
TE131;14.01.2024;1;1.0;177;63;68;63;109;63
TE131;14.01.2024;2;1.0;96;56;38;58;58;55
TE131;14.01.2024;3;1.0;106;60;32;61;74;59
TE131;14.01.2024;4;1.0;119;65;44;67;75;64
TE131;14.01.2024;5;1.0;164;60;54;61;110;59
TE131;14.01.2024;6;1.0;137;64;32;64;105;64
TE131;14.01.2024;7;1.0;93;56;37;61;56;53
TE131;14.01.2024;8;1.0;169;62;51;62;118;61
TE131;14.01.2024;9;1.0;323;58;115;61;208;56
TE131;14.01.2024;10;1.0;811;49;610;49;201;50
TE131;14.01.2024;11;1.0;873;58;698;59;175;54
TE131;14.01.2024;12;1.0;1012;55;861;55;151;56
TE131;14.01.2024;13;1.0;665;57;577;57;88;59
TE131;14.01.2024;14;1.0;713;58;607;58;106;59
TE131;14.01.2024;15;1.0;604;58;527;58;77;59
TE131;14.01.2024;16;1.0;607;60;429;59;178;61
TE131;14.01.2024;17;1.0;620;61;428;61;192;63
TE131;14.01.2024;18;1.0;476;57;367;55;109;64
TE131;14.01.2024;19;1.0;443;54;289;56;154;50
TE131;14.01.2024;20;1.0;321;54;174;57;147;50
TE131;14.01.2024;21;1.0;252;47;157;52;95;40
TE131;14.01.2024;22;1.0;194;47;104;54;91;38
TE131;14.01.2024;23;1.0;120;51;60;60;60;42
TE131;15.01.2024;0;1.0;73;57;33;58;40;55
TE131;15.01.2024;1;1.0;39;50;18;57;21;44
TE131;15.01.2024;2;1.0;57;59;22;68;35;52
TE131;15.01.2024;3;1.0;70;56;22;64;48;53
TE131;15.01.2024;4;1.0;192;59;87;63;105;55
TE131;15.01.2024;5;1.0;520;58;328;60;192;53
TE131;15.01.2024;7;1.0;1145;54;949;51;196;65
TE131;15.01.2024;8;1.0;1066;39;765;40;301;36
TE131;15.01.2024;9;1.0;1264;43;957;44;307;41
TE131;15.01.2024;10;1.0;1038;46;666;47;372;44
TE131;15.01.2024;11;1.0;980;48;857;49;123;45
TE131;15.01.2024;12;1.0;948;50;781;50;167;52
TE131;15.01.2024;13;1.0;991;43;709;42;282;43
TE131;15.01.2024;15;1.0;1027;39;727;41;300;34
TE131;15.01.2024;16;1.0;1061;45;812;45;249;46
TE131;15.01.2024;17;1.0;873;40;760;41;113;29
TE131;15.01.2024;18;1.0;799;49;511;50;288;48
TE131;15.01.2024;19;1.0;513;48;333;49;181;43
TE131;15.01.2024;20;1.0;202;47;150;55;52;21
TE131;15.01.2024;21;1.0;220;50;163;51;57;46
TE131;15.01.2024;22;1.0;259;55;107;59;152;52
TE131;15.01.2024;23;1.0;156;53;63;59;93;47
TE131;16.01.2024;0;1.0;71;51;24;59;47;47
TE131;16.01.2024;1;1.0;37;38;14;57;23;26
TE131;16.01.2024;2;1.0;31;49;25;56;6;19
TE131;16.01.2024;3;1.0;51;48;41;52;10;26
TE131;16.01.2024;4;1.0;153;48;98;53;55;39
TE131;16.01.2024;5;1.0;453;49;267;49;186;49
TE131;16.01.2024;6;1.0;932;45;511;43;421;46
TE131;16.01.2024;7;1.0;1110;42;731;42;379;42
TE131;16.01.2024;8;1.0;1128;47;888;47;240;46
TE131;16.01.2024;9;1.0;870;58;568;55;302;65
TE131;16.01.2024;10;1.0;1022;47;696;48;326;44
TE131;16.01.2024;11;1.0;1003;46;698;46;305;46
TE131;16.01.2024;12;1.0;949;40;745;42;204;37
TE131;16.01.2024;15;1.0;1037;39;778;38;259;43
TE131;16.01.2024;16;1.0;1059;33;815;34;244;31
TE131;16.01.2024;17;1.0;893;47;626;47;267;48
TE131;16.01.2024;18;1.0;789;50;569;50;220;50
TE131;16.01.2024;19;1.0;529;44;372;46;157;42
TE131;16.01.2024;20;1.0;350;52;235;53;115;49
TE131;16.01.2024;21;1.0;305;56;241;57;64;52
TE131;16.01.2024;22;1.0;182;56;115;62;67;45
TE131;16.01.2024;23;1.0;139;50;87;50;52;50
TE131;17.01.2024;0;1.0;108;67;26;59;82;69
TE131;17.01.2024;1;1.0;70;68;13;61;57;69
TE131;17.01.2024;2;1.0;72;64;23;54;49;68
TE131;17.01.2024;3;1.0;77;67;32;61;45;72
TE131;17.01.2024;4;1.0;210;67;87;63;123;71
TE131;17.01.2024;5;1.0;623;64;222;59;402;66
TE131;17.01.2024;8;1.0;861;55;492;49;370;63
TE131;17.01.2024;9;1.0;445;45;388;46;57;35
TE131;17.01.2024;10;1.0;678;47;443;48;235;43
TE131;17.01.2024;11;1.0;927;44;729;45;198;42
TE131;17.01.2024;12;1.0;858;48;712;48;146;46
TE131;17.01.2024;13;1.0;1060;43;837;44;223;42
TE131;17.01.2024;14;1.0;1069;45;802;44;267;46
TE131;17.01.2024;15;1.0;1027;38;822;38;205;36
TE131;17.01.2024;16;1.0;1115;42;755;40;360;46
TE131;17.01.2024;17;1.0;848;41;512;44;336;38
TE131;17.01.2024;18;1.0;862;49;449;50;413;48
TE131;17.01.2024;19;1.0;573;52;274;54;299;50
TE131;17.01.2024;20;1.0;240;48;152;52;88;41
TE131;17.01.2024;21;1.0;271;49;136;54;135;44
TE131;17.01.2024;22;1.0;240;51;140;52;100;49
TE131;17.01.2024;23;1.0;137;58;65;59;72;57
TE131;18.01.2024;0;1.0;100;57;36;63;64;54
TE131;18.01.2024;1;1.0;61;75;21;68;40;79
TE131;18.01.2024;2;1.0;73;64;35;61;38;66
TE131;18.01.2024;3;1.0;101;58;43;61;58;55
TE131;18.01.2024;4;1.0;196;62;99;63;97;60
TE131;18.01.2024;5;1.0;592;60;317;61;275;60
TE131;18.01.2024;6;1.0;954;57;634;56;320;59
TE131;18.01.2024;7;1.0;1161;47;831;48;330;45
TE131;18.01.2024;8;1.0;1259;58;734;52;525;66
TE131;18.01.2024;9;1.0;991;53;578;51;414;57
TE131;18.01.2024;12;1.0;1273;72;648;65;625;81
TE131;18.01.2024;13;1.0;877;70;528;62;349;83
TE131;18.01.2024;14;1.0;1079;30;891;31;188;27
TE131;18.01.2024;15;1.0;924;26;839;26;85;21
TE131;18.01.2024;16;1.0;632;31;539;33;93;21
TE131;18.01.2024;17;1.0;442;39;368;42;75;24
TE131;18.01.2024;18;1.0;447;39;361;41;86;30
TE131;18.01.2024;19;1.0;219;46;207;47;12;20
TE131;18.01.2024;20;1.0;156;46;140;49;16;20
TE131;18.01.2024;21;1.0;129;50;121;52;8;22
TE131;18.01.2024;22;1.0;99;54;94;56;5;27
TE131;18.01.2024;23;1.0;45;55;45;55;0;-1
TE131;19.01.2024;0;1.0;33;60;31;60;2;48
TE131;19.01.2024;1;1.0;17;54;16;53;1;79
TE131;19.01.2024;2;1.0;25;60;21;59;4;66
TE131;19.01.2024;3;1.0;30;57;29;57;1;62
TE131;19.01.2024;4;1.0;67;59;63;59;4;57
TE131;19.01.2024;5;1.0;308;38;246;39;62;34
TE131;19.01.2024;7;1.0;774;33;626;35;148;26
TE131;19.01.2024;8;1.0;665;33;525;36;140;21
TE131;19.01.2024;9;1.0;871;42;504;44;367;40
TE131;19.01.2024;10;1.0;1051;57;738;55;313;61
TE131;19.01.2024;13;1.0;1260;59;699;48;561;72
TE131;19.01.2024;14;1.0;1207;45;884;45;323;45
TE131;19.01.2024;15;1.0;1117;34;1019;35;98;30
TE131;19.01.2024;17;1.0;867;43;718;44;149;39
TE131;19.01.2024;18;1.0;754;33;660;35;94;28
TE131;19.01.2024;19;1.0;420;31;314;36;105;17
TE131;19.01.2024;20;1.0;398;52;293;51;104;54
TE131;19.01.2024;21;1.0;129;49;116;50;13;39
TE131;19.01.2024;22;1.0;283;37;215;37;68;38
TE131;19.01.2024;23;1.0;171;47;104;55;68;33
TE131;20.01.2024;0;1.0;66;50;57;55;9;13
TE131;20.01.2024;1;1.0;45;53;37;60;8;20
TE131;20.01.2024;2;1.0;27;56;25;59;2;12
TE131;20.01.2024;3;1.0;50;44;20;60;30;33
TE131;20.01.2024;4;1.0;78;51;35;64;43;40
TE131;20.01.2024;5;1.0;137;50;56;57;81;46
TE131;20.01.2024;6;1.0;90;48;60;57;30;32
TE131;20.01.2024;7;1.0;170;44;103;53;67;30
TE131;20.01.2024;8;1.0;232;46;184;48;48;40
TE131;20.01.2024;9;1.0;607;53;483;53;124;53
TE131;20.01.2024;10;1.0;877;54;795;53;82;55
TE131;20.01.2024;11;1.0;968;53;841;52;127;54
TE131;20.01.2024;12;1.0;919;52;779;52;140;54
TE131;20.01.2024;13;1.0;1133;44;902;45;231;43
TE131;20.01.2024;15;1.0;998;51;764;49;234;54
TE131;20.01.2024;16;1.0;863;47;657;47;206;46
TE131;20.01.2024;17;1.0;769;40;658;40;111;33
TE131;20.01.2024;18;1.0;791;50;576;46;215;60
TE131;20.01.2024;19;1.0;509;49;380;49;129;49
TE131;20.01.2024;20;1.0;411;53;303;53;108;53
TE131;20.01.2024;21;1.0;343;53;173;54;170;53
TE131;20.01.2024;22;1.0;365;53;175;54;190;53
TE131;20.01.2024;23;1.0;289;55;134;55;155;54
TE131;21.01.2024;0;1.0;199;64;89;57;110;69
TE131;21.01.2024;1;1.0;88;60;64;56;24;69
TE131;21.01.2024;2;1.0;30;53;30;53;0;-1
TE131;21.01.2024;3;1.0;22;60;22;60;0;-1
TE131;21.01.2024;4;1.0;30;60;30;60;0;-1
TE131;21.01.2024;5;1.0;28;59;25;63;3;32
TE131;21.01.2024;6;1.0;34;59;30;62;4;36
TE131;21.01.2024;7;1.0;31;60;30;60;1;47
TE131;21.01.2024;8;1.0;109;38;81;49;28;8
TE131;21.01.2024;9;1.0;220;48;167;50;53;41
TE131;21.01.2024;10;1.0;341;29;333;29;8;25
TE131;21.01.2024;11;1.0;433;55;387;55;46;53
TE131;21.01.2024;12;1.0;607;53;495;53;112;53
TE131;21.01.2024;13;1.0;589;53;520;53;69;53
TE131;21.01.2024;14;1.0;638;54;593;54;45;52
TE131;21.01.2024;15;1.0;628;49;517;49;111;49
TE131;21.01.2024;16;1.0;638;52;564;52;74;49
TE131;21.01.2024;17;1.0;611;46;479;47;132;40
TE131;21.01.2024;18;1.0;515;46;344;49;171;41
TE131;21.01.2024;19;1.0;388;43;287;48;101;31
TE131;21.01.2024;20;1.0;243;64;208;63;35;68
TE131;21.01.2024;21;1.0;233;66;176;61;56;81
TE131;21.01.2024;22;1.0;161;60;120;55;41;74
TE131;22.01.2024;8;1.0;1062;58;579;47;482;71
TE131;22.01.2024;9;1.0;846;36;605;32;241;46
TE131;22.01.2024;10;1.0;1072;44;584;45;488;44
TE131;22.01.2024;11;1.0;968;40;854;40;114;39
TE131;22.01.2024;12;1.0;1127;42;962;42;165;42
TE131;22.01.2024;13;1.0;1073;44;927;44;146;43
TE131;22.01.2024;14;1.0;1122;38;967;38;155;40
TE131;22.01.2024;15;1.0;1110;37;934;37;176;42
TE131;22.01.2024;16;1.0;1206;32;957;31;249;36
TE131;22.01.2024;17;1.0;834;42;699;42;135;43
TE131;22.01.2024;18;1.0;759;35;513;38;246;29
TE131;22.01.2024;19;1.0;491;38;408;39;83;30
TE131;22.01.2024;20;1.0;349;38;310;39;39;31
TE131;22.01.2024;21;1.0;253;46;184;49;69;37
TE131;22.01.2024;22;1.0;209;57;183;57;26;52
TE131;23.01.2024;0;1.0;58;55;51;54;8;59
TE131;23.01.2024;1;1.0;32;57;29;57;3;59
TE131;23.01.2024;2;1.0;32;45;28;46;4;48
TE131;23.01.2024;3;1.0;54;55;50;56;4;53
TE131;23.01.2024;4;1.0;156;58;144;58;12;57
TE131;23.01.2024;5;1.0;485;58;454;58;31;58
TE131;23.01.2024;6;1.0;972;51;848;50;124;58
TE131;23.01.2024;7;1.0;1089;49;890;44;199;72
TE131;23.01.2024;8;1.0;1244;57;705;47;539;70
TE131;23.01.2024;9;1.0;1023;38;871;38;152;42
TE131;23.01.2024;10;1.0;1077;41;923;40;154;45
TE131;23.01.2024;11;1.0;944;40;839;40;105;42
TE131;23.01.2024;12;1.0;876;46;788;45;88;48
TE131;23.01.2024;13;1.0;1057;42;898;42;159;42
TE131;23.01.2024;14;1.0;1061;41;882;40;179;43
TE131;23.01.2024;15;1.0;1104;44;959;43;145;47
TE131;23.01.2024;16;1.0;1137;39;1008;39;129;43
TE131;23.01.2024;17;1.0;1059;38;956;38;103;40
TE131;23.01.2024;18;1.0;995;44;665;43;330;46
TE131;23.01.2024;19;1.0;591;47;537;47;54;45
TE131;23.01.2024;20;1.0;405;49;372;49;33;50
TE131;23.01.2024;21;1.0;262;46;247;46;15;41
TE131;23.01.2024;22;1.0;227;45;180;44;47;49
TE131;23.01.2024;23;1.0;127;53;71;57;56;49
TE131;24.01.2024;0;1.0;58;48;22;57;36;43
TE131;24.01.2024;1;1.0;50;46;31;50;19;41
TE131;24.01.2024;2;1.0;39;48;34;50;5;41
TE131;24.01.2024;3;1.0;71;52;65;51;6;61
TE131;24.01.2024;4;1.0;172;57;154;57;18;59
TE131;24.01.2024;5;1.0;449;57;417;57;32;57
TE131;24.01.2024;6;1.0;956;46;867;46;89;46
TE131;24.01.2024;7;1.0;1119;34;966;33;153;36
TE131;24.01.2024;8;1.0;1060;38;977;38;83;40
TE131;24.01.2024;9;1.0;1088;44;906;44;182;47
TE131;24.01.2024;10;1.0;959;47;864;46;95;49
TE131;24.01.2024;11;1.0;1024;43;794;43;230;44
TE131;24.01.2024;12;1.0;1078;52;668;48;410;59
TE131;24.01.2024;13;1.0;1180;47;643;42;537;54
TE131;24.01.2024;14;1.0;981;36;728;38;253;31
TE131;24.01.2024;15;1.0;977;39;839;39;138;41
TE131;24.01.2024;16;1.0;935;24;892;23;43;30
TE131;24.01.2024;17;1.0;913;31;827;29;86;36
TE131;24.01.2024;18;1.0;866;38;799;38;67;44
TE131;24.01.2024;19;1.0;516;54;480;54;36;54
TE131;24.01.2024;20;1.0;380;46;354;46;26;39
TE131;24.01.2024;21;1.0;289;45;257;46;32;37
TE131;24.01.2024;22;1.0;240;48;236;48;4;47
TE131;24.01.2024;23;1.0;133;54;131;54;2;60
TE131;25.01.2024;0;1.0;84;52;63;54;21;50
TE131;25.01.2024;1;1.0;43;51;29;49;14;53
TE131;25.01.2024;2;1.0;51;58;22;61;29;55
TE131;25.01.2024;3;1.0;74;56;40;56;34;56
TE131;25.01.2024;4;1.0;202;56;127;57;75;53
TE131;25.01.2024;5;1.0;513;48;460;48;53;45
TE131;25.01.2024;6;1.0;1141;43;932;43;209;43
TE131;25.01.2024;7;1.0;1169;39;934;38;235;42
TE131;25.01.2024;8;1.0;1169;38;969;38;200;42
TE131;25.01.2024;9;1.0;1090;34;938;34;152;30
TE131;25.01.2024;10;1.0;1056;39;866;39;190;39
TE131;25.01.2024;11;1.0;1260;39;924;40;336;37
TE131;25.01.2024;12;1.0;1252;34;992;34;260;31
TE131;25.01.2024;13;1.0;1233;42;1023;42;210;42
TE131;25.01.2024;14;1.0;1259;34;1152;33;107;34
TE131;25.01.2024;15;1.0;960;14;940;14;20;16
TE131;25.01.2024;16;1.0;960;24;889;24;71;27
TE131;25.01.2024;17;1.0;950;22;882;22;68;27
TE131;25.01.2024;18;1.0;775;41;697;38;78;69
TE131;25.01.2024;19;1.0;572;48;449;49;123;45
TE131;25.01.2024;20;1.0;355;53;328;53;27;54
TE131;25.01.2024;21;1.0;312;49;300;49;12;51
TE131;25.01.2024;22;1.0;269;50;257;50;12;50
TE131;25.01.2024;23;1.0;140;50;134;50;6;51
TE131;26.01.2024;0;1.0;75;48;70;48;5;43
TE131;26.01.2024;1;1.0;50;52;45;52;5;53
TE131;26.01.2024;2;1.0;47;48;40;52;7;27
TE131;26.01.2024;3;1.0;71;49;58;50;13;48
TE131;26.01.2024;4;1.0;173;57;164;57;9;55
TE131;26.01.2024;5;1.0;519;65;312;63;207;68
TE131;26.01.2024;6;1.0;1112;58;771;59;341;56
TE131;26.01.2024;9;1.0;1041;47;870;47;171;45
TE131;26.01.2024;10;1.0;947;47;847;47;100;49
TE131;26.01.2024;11;1.0;1148;45;944;45;204;44
TE131;26.01.2024;12;1.0;1179;41;981;41;198;41
TE131;26.01.2024;13;1.0;931;38;823;38;108;42
TE131;26.01.2024;14;1.0;867;19;821;19;46;20
TE131;26.01.2024;15;1.0;1013;35;942;35;71;32
TE131;26.01.2024;16;1.0;1074;38;942;39;132;32
TE131;26.01.2024;17;1.0;1008;43;962;43;46;47
TE131;26.01.2024;18;1.0;814;36;773;36;41;36
TE131;26.01.2024;19;1.0;571;31;556;31;15;22
TE131;26.01.2024;20;1.0;429;43;401;43;28;49
TE131;26.01.2024;21;1.0;306;47;297;46;9;44
TE131;26.01.2024;22;1.0;298;51;279;51;19;51
TE131;26.01.2024;23;1.0;171;53;149;53;22;53
TE131;27.01.2024;0;1.0;188;53;103;55;85;51
TE131;27.01.2024;1;1.0;92;49;52;52;40;45
TE131;27.01.2024;2;1.0;44;50;41;50;3;59
TE131;27.01.2024;3;1.0;71;42;27;60;44;29
TE131;27.01.2024;4;1.0;91;39;53;48;38;25
TE131;27.01.2024;5;1.0;119;39;75;50;44;22
TE131;27.01.2024;6;1.0;283;47;111;51;172;44
TE131;27.01.2024;7;1.0;285;46;124;51;161;42
TE131;27.01.2024;8;1.0;389;50;186;53;203;47
TE131;27.01.2024;9;1.0;693;49;496;49;197;48
TE131;27.01.2024;10;1.0;989;49;801;49;188;50
TE131;27.01.2024;11;1.0;978;49;854;49;124;49
TE131;27.01.2024;12;1.0;1084;39;974;39;110;38
TE131;27.01.2024;13;1.0;1128;34;1096;33;32;28
TE131;27.01.2024;14;1.0;1025;35;961;35;64;29
TE131;27.01.2024;15;1.0;1156;38;1032;37;124;47
TE131;27.01.2024;16;1.0;1091;38;1015;38;76;36
TE131;27.01.2024;17;1.0;737;38;650;38;87;34
TE131;27.01.2024;18;1.0;682;39;540;41;142;34
TE131;27.01.2024;19;1.0;414;40;281;44;133;32
TE131;27.01.2024;20;1.0;388;39;211;44;177;33
TE131;27.01.2024;21;1.0;238;44;148;49;90;35
TE131;27.01.2024;22;1.0;210;40;128;50;82;24
TE131;27.01.2024;23;1.0;187;39;101;49;86;27
TE131;28.01.2024;0;1.0;140;40;82;55;58;20
TE131;28.01.2024;1;1.0;73;41;56;50;17;11
TE131;28.01.2024;2;1.0;39;44;32;52;7;8
TE131;28.01.2024;3;1.0;37;47;33;52;4;9
TE131;28.01.2024;4;1.0;36;58;35;57;1;69
TE131;28.01.2024;5;1.0;53;54;52;54;1;53
TE131;28.01.2024;6;1.0;43;54;40;54;3;53
TE131;28.01.2024;7;1.0;45;49;45;49;0;-1
TE131;28.01.2024;8;1.0;62;50;61;50;1;47
TE131;28.01.2024;9;1.0;192;39;139;43;53;30
TE131;28.01.2024;10;1.0;400;48;327;47;73;54
TE131;28.01.2024;11;1.0;557;46;533;46;24;47
TE131;28.01.2024;12;1.0;667;41;631;41;36;35
TE131;28.01.2024;13;1.0;863;51;801;51;62;51
TE131;28.01.2024;14;1.0;833;37;728;38;105;35
TE131;28.01.2024;15;1.0;872;38;550;41;322;33
TE131;28.01.2024;16;1.0;540;36;393;41;147;24
TE131;28.01.2024;17;1.0;544;39;412;42;132;31
TE131;28.01.2024;18;1.0;615;40;424;47;190;24
TE131;28.01.2024;19;1.0;447;53;438;53;9;55
TE131;28.01.2024;20;1.0;315;51;294;51;21;51
TE131;28.01.2024;21;1.0;242;49;235;49;7;50
TE131;28.01.2024;22;1.0;166;49;159;49;7;45
TE131;28.01.2024;23;1.0;133;66;125;65;8;74
TE131;29.01.2024;0;1.0;85;69;74;67;11;77
TE131;29.01.2024;1;1.0;55;68;45;66;10;76
TE131;29.01.2024;2;1.0;55;54;35;55;20;52
TE131;29.01.2024;3;1.0;75;49;32;51;43;47
TE131;29.01.2024;4;1.0;194;48;116;50;78;46
TE131;29.01.2024;5;1.0;430;49;335;50;95;45
TE131;29.01.2024;6;1.0;610;36;516;39;94;26
TE131;29.01.2024;7;1.0;883;34;602;37;280;27
TE131;29.01.2024;8;1.0;963;27;774;27;189;29
TE131;29.01.2024;9;1.0;970;38;716;39;254;34
TE131;29.01.2024;10;1.0;811;37;696;36;115;39
TE131;29.01.2024;11;1.0;958;48;712;41;246;70
TE131;29.01.2024;12;1.0;1159;37;1035;37;124;40
TE131;29.01.2024;13;1.0;1235;47;834;38;400;67
TE131;29.01.2024;14;1.0;1065;46;753;37;313;69
TE131;29.01.2024;15;1.0;1257;37;991;37;266;35
TE131;29.01.2024;16;1.0;1126;44;840;43;286;46
TE131;29.01.2024;17;1.0;1001;37;857;37;144;38
TE131;29.01.2024;18;1.0;807;40;640;41;167;37
TE131;29.01.2024;19;1.0;535;40;377;42;158;36
TE131;29.01.2024;20;1.0;354;39;187;46;167;31
TE131;29.01.2024;21;1.0;187;42;109;50;78;29
TE131;29.01.2024;22;1.0;89;49;81;51;8;27
TE131;29.01.2024;23;1.0;73;41;59;47;14;15
TE131;30.01.2024;0;1.0;86;35;62;38;24;30
TE131;30.01.2024;1;1.0;34;39;22;48;12;23
TE131;30.01.2024;2;1.0;23;55;21;56;2;50
TE131;30.01.2024;3;1.0;34;50;26;55;8;35
TE131;30.01.2024;4;1.0;115;50;80;55;36;37
TE131;30.01.2024;5;1.0;289;45;238;47;51;38
TE131;30.01.2024;6;1.0;794;34;651;36;143;24
TE131;30.01.2024;7;1.0;1133;36;926;37;207;33
TE131;30.01.2024;8;1.0;1100;39;902;40;198;36
TE131;30.01.2024;9;1.0;1037;38;763;39;274;34
TE131;30.01.2024;10;1.0;1048;41;835;41;213;41
TE131;30.01.2024;11;1.0;993;42;831;42;162;45
TE131;30.01.2024;12;1.0;985;38;847;38;137;40
TE131;30.01.2024;13;1.0;1093;42;917;41;176;45
TE131;30.01.2024;14;1.0;886;34;741;34;144;36
TE131;30.01.2024;15;1.0;1022;36;909;36;113;34
TE131;30.01.2024;16;1.0;1009;34;923;34;86;32
TE131;30.01.2024;17;1.0;1087;38;992;38;95;38
TE131;30.01.2024;18;1.0;796;47;668;47;128;48
TE131;30.01.2024;19;1.0;637;48;504;49;133;47
TE131;30.01.2024;20;1.0;331;52;291;53;40;50
TE131;30.01.2024;21;1.0;253;58;235;58;18;63
TE131;30.01.2024;22;1.0;226;51;217;51;9;54
TE131;30.01.2024;23;1.0;129;55;113;55;16;54
TE131;31.01.2024;0;1.0;53;50;31;51;22;51
TE131;31.01.2024;1;1.0;40;47;23;49;17;43
TE131;31.01.2024;2;1.0;66;52;32;58;34;46
TE131;31.01.2024;3;1.0;68;56;36;56;32;55
TE131;31.01.2024;4;1.0;176;54;116;55;60;52
TE131;31.01.2024;5;1.0;517;48;482;48;35;53
TE131;31.01.2024;6;1.0;1133;47;1083;47;50;47
TE131;31.01.2024;7;1.0;1418;39;1295;38;123;47
TE131;31.01.2024;8;1.0;1485;40;1316;40;169;41
TE131;31.01.2024;9;1.0;1249;48;1064;48;185;50
TE131;31.01.2024;10;1.0;1016;40;838;41;178;39
TE131;31.01.2024;11;1.0;889;40;707;41;182;36
TE131;31.01.2024;12;1.0;1145;37;989;37;156;40
TE131;31.01.2024;13;1.0;1126;53;858;51;268;59
TE131;31.01.2024;14;1.0;1172;34;1018;30;154;54
TE131;31.01.2024;15;1.0;1237;27;1110;27;127;28
TE131;31.01.2024;16;1.0;1217;47;982;48;235;44
TE131;31.01.2024;17;1.0;1000;35;864;34;136;39
TE131;31.01.2024;18;1.0;852;46;697;47;155;42
TE131;31.01.2024;19;1.0;494;46;431;46;63;41
TE131;31.01.2024;20;1.0;442;48;316;50;126;43
TE131;31.01.2024;21;1.0;319;49;238;51;81;43
TE131;31.01.2024;22;1.0;270;49;180;51;90;46
TE131;31.01.2024;23;1.0;166;51;71;58;95;46
TE134;01.01.2024;0;1.0;20;30;20;30;0;-1
TE134;01.01.2024;1;1.0;71;40;71;40;0;-1
TE134;01.01.2024;2;1.0;119;44;113;44;6;42
TE134;01.01.2024;3;1.0;86;41;84;41;2;30
TE134;01.01.2024;4;1.0;75;47;68;47;7;46
TE134;01.01.2024;5;1.0;46;47;43;47;3;47
TE134;01.01.2024;6;1.0;46;44;44;44;2;47
TE134;01.01.2024;7;1.0;25;47;25;47;0;-1
TE134;01.01.2024;8;1.0;34;46;33;46;1;42
TE134;01.01.2024;9;1.0;32;46;32;46;0;-1
TE134;01.01.2024;10;1.0;57;44;52;44;5;45
TE134;01.01.2024;11;1.0;88;40;87;40;1;47
TE134;01.01.2024;12;1.0;106;36;101;36;4;41
TE134;01.01.2024;13;1.0;103;40;99;40;3;48
TE134;01.01.2024;14;1.0;146;40;142;40;4;42
TE134;01.01.2024;15;1.0;172;40;169;41;3;38
TE134;01.01.2024;16;1.0;165;43;158;44;7;40
TE134;01.01.2024;17;1.0;151;42;144;42;7;43
TE134;01.01.2024;18;1.0;116;44;114;44;2;50
TE134;01.01.2024;19;1.0;108;46;105;46;3;46
TE134;01.01.2024;20;1.0;100;45;99;45;1;46
TE134;01.01.2024;21;1.0;43;43;43;43;0;-1
TE134;01.01.2024;22;1.0;46;46;46;46;0;-1
TE134;01.01.2024;23;1.0;33;45;33;45;0;-1
TE134;02.01.2024;0;1.0;26;43;26;43;0;-1
TE134;02.01.2024;1;1.0;16;37;13;37;3;39
TE134;02.01.2024;2;1.0;10;40;10;40;0;-1
TE134;02.01.2024;3;1.0;11;37;11;37;0;-1
TE134;02.01.2024;4;1.0;20;40;20;40;0;-1
TE134;02.01.2024;5;1.0;31;41;29;41;2;40
TE134;02.01.2024;6;1.0;71;43;69;43;2;44
TE134;02.01.2024;7;1.0;138;43;135;43;3;46
TE134;02.01.2024;8;1.0;158;42;154;42;4;40
TE134;02.01.2024;9;1.0;219;45;207;45;12;42
TE134;02.01.2024;10;1.0;212;45;210;45;2;46
TE134;02.01.2024;11;1.0;183;44;183;44;0;-1
TE134;02.01.2024;12;1.0;243;41;241;41;2;45
TE134;02.01.2024;13;1.0;237;45;235;45;2;45
TE134;02.01.2024;14;1.0;109;40;109;40;0;-1
TE134;02.01.2024;15;1.0;211;41;211;41;0;-1
TE134;02.01.2024;16;1.0;218;44;215;44;3;42
TE134;02.01.2024;17;1.0;214;45;211;45;3;44
TE134;02.01.2024;18;1.0;201;44;196;44;5;41
TE134;02.01.2024;19;1.0;165;45;162;45;3;45
TE134;02.01.2024;20;1.0;131;45;128;45;3;46
TE134;02.01.2024;21;1.0;106;45;104;45;2;52
TE134;02.01.2024;22;1.0;83;46;82;46;1;51
TE134;02.01.2024;23;1.0;47;48;47;48;0;-1
TE134;03.01.2024;0;1.0;26;43;26;43;0;-1
TE134;03.01.2024;1;1.0;16;43;13;41;3;50
TE134;03.01.2024;2;1.0;7;40;5;46;1;51
TE134;03.01.2024;3;1.0;13;32;11;33;2;30
TE134;03.01.2024;4;1.0;17;44;16;43;1;59
TE134;03.01.2024;5;1.0;34;42;31;42;3;43
TE134;03.01.2024;6;1.0;78;41;69;42;9;37
TE134;03.01.2024;7;1.0;151;38;139;38;12;39
TE134;03.01.2024;8;1.0;253;40;242;40;11;40
TE134;03.01.2024;9;1.0;229;41;212;41;17;40
TE134;03.01.2024;10;1.0;76;32;63;32;13;34
TE134;03.01.2024;11;1.0;188;41;171;41;17;41
TE134;03.01.2024;12;1.0;237;42;215;42;22;42
TE134;03.01.2024;13;1.0;259;41;247;41;12;38
TE134;03.01.2024;14;1.0;274;43;261;43;13;43
TE134;03.01.2024;15;1.0;292;40;274;40;18;40
TE134;03.01.2024;16;1.0;328;39;304;39;24;38
TE134;03.01.2024;17;1.0;228;40;201;40;27;40
TE134;03.01.2024;18;1.0;200;40;195;40;5;39
TE134;03.01.2024;19;1.0;175;41;166;41;9;42
TE134;03.01.2024;20;1.0;126;41;116;41;10;39
TE134;03.01.2024;21;1.0;89;41;79;41;10;43
TE134;03.01.2024;22;1.0;70;41;69;41;1;40
TE134;03.01.2024;23;1.0;61;42;61;42;0;-1
TE134;04.01.2024;0;1.0;32;44;30;43;2;55
TE134;04.01.2024;1;1.0;20;40;20;40;0;-1
TE134;04.01.2024;2;1.0;16;41;15;41;1;41
TE134;04.01.2024;3;1.0;18;44;18;44;0;-1
TE134;04.01.2024;4;1.0;9;50;9;50;0;-1
TE134;04.01.2024;5;1.0;34;35;34;35;0;-1
TE134;04.01.2024;6;1.0;64;48;63;48;1;50
TE134;04.01.2024;7;1.0;103;47;99;47;4;46
TE134;04.01.2024;8;1.0;285;43;275;43;10;43
TE134;04.01.2024;9;1.0;223;42;207;42;16;43
TE134;04.01.2024;10;1.0;243;42;224;42;19;42
TE134;04.01.2024;11;1.0;213;42;201;42;12;42
TE134;04.01.2024;12;1.0;167;43;164;43;3;42
TE134;04.01.2024;13;1.0;249;42;240;42;9;42
TE134;04.01.2024;14;1.0;231;42;229;42;2;42
TE134;04.01.2024;15;1.0;235;41;226;41;9;43
TE134;04.01.2024;16;1.0;251;41;238;41;13;38
TE134;04.01.2024;17;1.0;270;42;262;42;8;41
TE134;04.01.2024;18;1.0;216;44;208;44;8;43
TE134;04.01.2024;19;1.0;183;44;178;44;5;44
TE134;04.01.2024;20;1.0;126;43;123;43;3;40
TE134;04.01.2024;21;1.0;87;42;86;42;1;43
TE134;04.01.2024;22;1.0;69;43;68;43;1;30
TE134;04.01.2024;23;1.0;50;46;49;46;1;50
TE134;05.01.2024;0;1.0;33;47;32;46;1;49
TE134;05.01.2024;1;1.0;26;41;24;42;2;28
TE134;05.01.2024;2;1.0;12;42;12;42;0;-1
TE134;05.01.2024;3;1.0;19;50;19;50;0;-1
TE134;05.01.2024;4;1.0;19;42;18;43;1;29
TE134;05.01.2024;5;1.0;33;43;31;43;2;37
TE134;05.01.2024;6;1.0;78;43;68;43;10;41
TE134;05.01.2024;7;1.0;123;41;117;41;7;37
TE134;05.01.2024;8;1.0;185;48;179;48;6;49
TE134;05.01.2024;9;1.0;199;46;195;46;4;45
TE134;05.01.2024;10;1.0;163;44;157;44;6;43
TE134;05.01.2024;11;1.0;191;40;183;40;8;42
TE134;05.01.2024;12;1.0;209;42;198;41;11;42
TE134;05.01.2024;13;1.0;174;40;164;40;10;42
TE134;05.01.2024;14;1.0;230;42;225;42;5;44
TE134;05.01.2024;15;1.0;288;43;280;43;8;45
TE134;05.01.2024;16;1.0;266;43;260;43;6;43
TE134;05.01.2024;17;1.0;293;44;292;44;1;47
TE134;05.01.2024;18;1.0;261;44;254;44;7;44
TE134;05.01.2024;19;1.0;228;44;225;44;3;46
TE134;05.01.2024;20;1.0;161;44;157;44;4;42
TE134;05.01.2024;21;1.0;105;42;103;42;2;49
TE134;05.01.2024;22;1.0;90;46;86;45;4;46
TE134;05.01.2024;23;1.0;81;47;81;47;0;-1
TE134;06.01.2024;0;1.0;48;48;48;48;0;-1
TE134;06.01.2024;1;1.0;39;47;36;47;3;39
TE134;06.01.2024;2;1.0;31;54;29;55;2;47
TE134;06.01.2024;3;1.0;19;48;18;48;1;50
TE134;06.01.2024;4;1.0;11;47;10;46;1;52
TE134;06.01.2024;5;1.0;26;45;26;45;0;-1
TE134;06.01.2024;6;1.0;33;49;31;49;2;50
TE134;06.01.2024;7;1.0;39;49;34;49;5;49
TE134;06.01.2024;8;1.0;62;42;62;42;0;-1
TE134;06.01.2024;9;1.0;82;43;76;43;6;44
TE134;06.01.2024;10;1.0;156;45;153;45;3;46
TE134;06.01.2024;11;1.0;183;43;176;43;7;46
TE134;06.01.2024;12;1.0;152;43;147;43;5;45
TE134;06.01.2024;13;1.0;227;43;220;43;7;40
TE134;06.01.2024;14;1.0;217;41;209;41;8;41
TE134;06.01.2024;15;1.0;241;43;232;43;9;43
TE134;06.01.2024;16;1.0;231;43;222;44;9;43
TE134;06.01.2024;17;1.0;207;45;201;45;6;47
TE134;06.01.2024;18;1.0;224;46;221;46;3;45
TE134;06.01.2024;19;1.0;197;46;192;46;5;47
TE134;06.01.2024;20;1.0;145;47;140;47;5;47
TE134;06.01.2024;21;1.0;128;43;126;43;2;46
TE134;06.01.2024;22;1.0;101;45;100;45;1;45
TE134;06.01.2024;23;1.0;84;49;83;49;1;46
TE134;07.01.2024;0;1.0;67;48;67;48;0;-1
TE134;07.01.2024;1;1.0;51;47;50;47;1;46
TE134;07.01.2024;2;1.0;37;46;36;46;1;44
TE134;07.01.2024;3;1.0;25;48;25;48;0;-1
TE134;07.01.2024;4;1.0;20;45;20;45;0;-1
TE134;07.01.2024;5;1.0;21;48;17;49;4;45
TE134;07.01.2024;6;1.0;24;48;22;49;2;35
TE134;07.01.2024;7;1.0;20;44;20;44;0;-1
TE134;07.01.2024;8;1.0;29;49;27;47;2;66
TE134;07.01.2024;9;1.0;60;48;60;48;0;-1
TE134;07.01.2024;10;1.0;82;41;80;41;2;47
TE134;07.01.2024;11;1.0;144;44;142;44;2;46
TE134;07.01.2024;12;1.0;149;45;145;45;4;44
TE134;07.01.2024;13;1.0;191;47;189;47;2;49
TE134;07.01.2024;14;1.0;169;47;166;48;3;46
TE134;07.01.2024;15;1.0;159;49;156;49;3;47
TE134;07.01.2024;16;1.0;201;45;197;45;4;44
TE134;07.01.2024;17;1.0;197;46;191;46;6;47
TE134;07.01.2024;18;1.0;151;43;147;43;3;44
TE134;07.01.2024;19;1.0;136;48;132;48;4;45
TE134;07.01.2024;20;1.0;106;48;102;48;4;46
TE134;07.01.2024;21;1.0;106;41;102;41;4;40
TE134;07.01.2024;22;1.0;75;45;71;45;4;43
TE134;07.01.2024;23;1.0;35;46;33;46;2;45
TE134;08.01.2024;0;1.0;27;43;26;43;1;44
TE134;08.01.2024;1;1.0;23;46;23;46;0;-1
TE134;08.01.2024;2;1.0;11;44;11;44;0;-1
TE134;08.01.2024;3;1.0;11;48;10;46;1;70
TE134;08.01.2024;4;1.0;24;41;23;40;1;70
TE134;08.01.2024;5;1.0;42;43;37;43;5;39
TE134;08.01.2024;6;1.0;112;41;102;41;10;39
TE134;08.01.2024;7;1.0;216;40;206;40;10;39
TE134;08.01.2024;8;1.0;332;39;319;39;13;38
TE134;08.01.2024;9;1.0;244;39;231;39;13;39
TE134;08.01.2024;10;1.0;183;37;176;37;7;35
TE134;08.01.2024;11;1.0;214;40;201;40;13;38
TE134;08.01.2024;12;1.0;210;39;194;39;16;40
TE134;08.01.2024;13;1.0;212;37;205;37;7;38
TE134;08.01.2024;14;1.0;223;38;211;38;12;37
TE134;08.01.2024;15;1.0;281;38;271;38;10;37
TE134;08.01.2024;16;1.0;270;38;262;38;8;38
TE134;08.01.2024;17;1.0;251;38;247;38;4;36
TE134;08.01.2024;18;1.0;195;40;183;40;12;40
TE134;08.01.2024;19;1.0;177;40;168;40;9;39
TE134;08.01.2024;20;1.0;139;40;135;40;4;40
TE134;08.01.2024;21;1.0;94;39;92;39;2;42
TE134;08.01.2024;22;1.0;83;42;81;42;2;40
TE134;08.01.2024;23;1.0;47;40;46;40;1;36
TE134;09.01.2024;0;1.0;30;40;29;40;1;42
TE134;09.01.2024;1;1.0;15;42;13;43;2;35
TE134;09.01.2024;2;1.0;9;43;7;42;2;46
TE134;09.01.2024;3;1.0;17;42;17;42;0;-1
TE134;09.01.2024;4;1.0;23;39;23;39;0;-1
TE134;09.01.2024;5;1.0;50;42;45;42;5;47
TE134;09.01.2024;6;1.0;104;43;99;43;5;46
TE134;09.01.2024;7;1.0;272;41;263;41;9;41
TE134;09.01.2024;8;1.0;285;40;278;40;7;36
TE134;09.01.2024;9;1.0;314;40;308;40;6;39
TE134;09.01.2024;10;1.0;253;39;249;39;4;37
TE134;09.01.2024;11;1.0;218;39;214;39;4;42
TE134;09.01.2024;12;1.0;161;36;157;36;4;39
TE134;09.01.2024;13;1.0;239;37;226;37;13;39
TE134;09.01.2024;14;1.0;272;36;252;36;20;36
TE134;09.01.2024;15;1.0;289;38;275;38;14;39
TE134;09.01.2024;16;1.0;305;35;294;35;11;34
TE134;09.01.2024;17;1.0;295;38;285;38;10;37
TE134;09.01.2024;18;1.0;236;39;230;39;6;38
TE134;09.01.2024;19;1.0;223;39;209;39;14;41
TE134;09.01.2024;20;1.0;154;40;152;40;2;40
TE134;09.01.2024;21;1.0;90;39;87;39;3;38
TE134;09.01.2024;22;1.0;74;40;72;40;2;42
TE134;09.01.2024;23;1.0;53;43;52;43;1;40
TE134;10.01.2024;0;1.0;23;34;23;34;0;-1
TE134;10.01.2024;1;1.0;26;43;24;43;2;41
TE134;10.01.2024;2;1.0;14;42;14;42;0;-1
TE134;10.01.2024;3;1.0;13;45;9;44;4;48
TE134;10.01.2024;4;1.0;15;35;15;35;0;-1
TE134;10.01.2024;5;1.0;33;42;31;42;2;39
TE134;10.01.2024;6;1.0;102;39;99;39;3;39
TE134;10.01.2024;7;1.0;229;42;224;42;5;40
TE134;10.01.2024;8;1.0;368;36;354;36;14;36
TE134;10.01.2024;9;1.0;272;36;267;36;5;37
TE134;10.01.2024;10;1.0;309;36;298;36;11;36
TE134;10.01.2024;11;1.0;121;36;111;36;10;33
TE134;10.01.2024;12;1.0;225;39;218;39;7;40
TE134;10.01.2024;13;1.0;256;38;240;38;16;38
TE134;10.01.2024;14;1.0;249;38;238;38;11;39
TE134;10.01.2024;15;1.0;307;38;289;38;18;38
TE134;10.01.2024;16;1.0;324;39;307;39;17;39
TE134;10.01.2024;17;1.0;291;37;283;37;8;37
TE134;10.01.2024;18;1.0;280;39;269;39;11;37
TE134;10.01.2024;19;1.0;202;40;197;40;5;40
TE134;10.01.2024;20;1.0;165;41;157;41;8;40
TE134;10.01.2024;21;1.0;118;42;109;42;9;42
TE134;10.01.2024;22;1.0;88;43;82;43;6;42
TE134;10.01.2024;23;1.0;64;41;60;41;4;42
TE134;11.01.2024;0;1.0;25;47;24;47;1;49
TE134;11.01.2024;1;1.0;22;44;22;44;0;-1
TE134;11.01.2024;2;1.0;14;44;13;44;1;38
TE134;11.01.2024;3;1.0;8;33;8;33;0;-1
TE134;11.01.2024;4;1.0;12;48;12;48;0;-1
TE134;11.01.2024;5;1.0;38;47;36;47;2;44
TE134;11.01.2024;6;1.0;99;47;97;47;2;47
TE134;11.01.2024;7;1.0;218;48;213;48;5;48
TE134;11.01.2024;8;1.0;338;40;334;40;4;49
TE134;11.01.2024;9;1.0;321;46;318;46;3;46
TE134;11.01.2024;10;1.0;235;45;222;45;13;46
TE134;11.01.2024;11;1.0;189;41;182;41;7;42
TE134;11.01.2024;12;1.0;220;43;213;43;7;43
TE134;11.01.2024;13;1.0;226;43;221;43;5;44
TE134;11.01.2024;14;1.0;272;43;262;43;10;42
TE134;11.01.2024;15;1.0;328;42;325;42;3;46
TE134;11.01.2024;16;1.0;304;41;295;41;9;41
TE134;11.01.2024;17;1.0;267;41;260;41;7;41
TE134;11.01.2024;18;1.0;265;42;259;42;6;41
TE134;11.01.2024;19;1.0;216;44;212;44;4;42
TE134;11.01.2024;20;1.0;138;45;132;45;6;46
TE134;11.01.2024;21;1.0;98;47;95;47;3;49
TE134;11.01.2024;22;1.0;79;44;76;44;3;46
TE134;11.01.2024;23;1.0;81;45;80;45;1;44
TE134;12.01.2024;0;1.0;46;48;40;48;6;46
TE134;12.01.2024;1;1.0;19;49;16;50;3;48
TE134;12.01.2024;2;1.0;9;47;8;46;1;50
TE134;12.01.2024;3;1.0;14;45;14;45;0;-1
TE134;12.01.2024;4;1.0;24;44;23;45;1;36
TE134;12.01.2024;5;1.0;37;47;34;47;3;46
TE134;12.01.2024;6;1.0;74;47;70;47;4;43
TE134;12.01.2024;7;1.0;169;48;168;48;1;45
TE134;12.01.2024;8;1.0;242;42;235;42;7;39
TE134;12.01.2024;9;1.0;289;41;279;41;10;40
TE134;12.01.2024;10;1.0;284;42;277;42;7;43
TE134;12.01.2024;11;1.0;251;43;245;43;6;44
TE134;12.01.2024;12;1.0;249;41;238;41;11;43
TE134;12.01.2024;13;1.0;222;42;217;42;5;45
TE134;12.01.2024;14;1.0;245;42;238;42;7;44
TE134;12.01.2024;15;1.0;284;43;276;43;8;43
TE134;12.01.2024;16;1.0;337;41;328;41;9;40
TE134;12.01.2024;17;1.0;211;42;205;42;6;46
TE134;12.01.2024;18;1.0;252;42;250;42;2;41
TE134;12.01.2024;19;1.0;223;46;216;46;7;47
TE134;12.01.2024;20;1.0;170;46;165;46;5;46
TE134;12.01.2024;21;1.0;138;45;135;45;3;42
TE134;12.01.2024;22;1.0;126;47;125;47;1;48
TE134;12.01.2024;23;1.0;90;46;89;47;1;43
TE134;13.01.2024;0;1.0;53;41;53;41;0;-1
TE134;13.01.2024;1;1.0;37;48;34;48;3;49
TE134;13.01.2024;2;1.0;44;46;43;46;1;51
TE134;13.01.2024;3;1.0;33;48;31;49;2;37
TE134;13.01.2024;4;1.0;15;51;12;49;3;59
TE134;13.01.2024;5;1.0;20;45;18;44;2;52
TE134;13.01.2024;6;1.0;19;48;17;48;2;50
TE134;13.01.2024;7;1.0;23;42;21;42;2;44
TE134;13.01.2024;8;1.0;51;50;45;50;6;51
TE134;13.01.2024;9;1.0;108;51;101;51;7;51
TE134;13.01.2024;10;1.0;146;50;142;50;4;50
TE134;13.01.2024;11;1.0;202;45;199;45;3;44
TE134;13.01.2024;12;1.0;209;43;207;43;2;42
TE134;13.01.2024;13;1.0;235;42;234;42;1;43
TE134;13.01.2024;14;1.0;263;44;258;44;5;42
TE134;13.01.2024;15;1.0;240;44;229;44;11;45
TE134;13.01.2024;16;1.0;224;47;213;47;11;49
TE134;13.01.2024;17;1.0;189;47;186;47;3;49
TE134;13.01.2024;18;1.0;191;47;187;47;4;45
TE134;13.01.2024;19;1.0;167;46;164;46;3;50
TE134;13.01.2024;20;1.0;141;49;132;49;9;48
TE134;13.01.2024;21;1.0;105;47;102;47;3;49
TE134;13.01.2024;22;1.0;125;47;122;47;3;41
TE134;13.01.2024;23;1.0;64;52;62;52;2;56
TE134;14.01.2024;0;1.0;41;49;38;48;3;50
TE134;14.01.2024;1;1.0;38;52;38;52;0;-1
TE134;14.01.2024;2;1.0;28;52;27;52;1;43
TE134;14.01.2024;3;1.0;23;54;21;55;2;43
TE134;14.01.2024;4;1.0;24;52;22;52;2;57
TE134;14.01.2024;5;1.0;16;41;15;40;1;61
TE134;14.01.2024;6;1.0;25;48;24;48;1;49
TE134;14.01.2024;7;1.0;21;47;20;47;1;49
TE134;14.01.2024;8;1.0;38;51;37;51;1;42
TE134;14.01.2024;9;1.0;55;51;50;51;5;45
TE134;14.01.2024;10;1.0;104;48;103;48;1;46
TE134;14.01.2024;11;1.0;132;46;129;46;3;48
TE134;14.01.2024;12;1.0;126;48;121;48;5;48
TE134;14.01.2024;13;1.0;151;48;149;48;2;49
TE134;14.01.2024;14;1.0;181;47;177;47;4;46
TE134;14.01.2024;15;1.0;178;45;172;45;6;44
TE134;14.01.2024;16;1.0;162;45;156;45;6;44
TE134;14.01.2024;17;1.0;145;47;142;47;3;50
TE134;14.01.2024;18;1.0;120;46;118;46;2;48
TE134;14.01.2024;19;1.0;103;46;102;46;1;50
TE134;14.01.2024;20;1.0;95;46;91;46;4;49
TE134;14.01.2024;21;1.0;87;46;84;46;3;45
TE134;14.01.2024;22;1.0;50;49;50;49;0;-1
TE134;14.01.2024;23;1.0;43;47;42;47;1;56
TE134;15.01.2024;0;1.0;26;53;26;53;0;-1
TE134;15.01.2024;1;1.0;14;48;14;48;0;-1
TE134;15.01.2024;2;1.0;3;52;3;52;0;-1
TE134;15.01.2024;3;1.0;11;48;10;49;1;45
TE134;15.01.2024;4;1.0;10;45;10;45;0;-1
TE134;15.01.2024;5;1.0;33;47;30;47;3;45
TE134;15.01.2024;6;1.0;101;48;97;48;4;48
TE134;15.01.2024;7;1.0;219;44;213;44;6;43
TE134;15.01.2024;8;1.0;310;42;296;42;14;41
TE134;15.01.2024;9;1.0;295;41;282;41;13;42
TE134;15.01.2024;10;1.0;234;42;222;42;12;43
TE134;15.01.2024;11;1.0;207;44;195;44;12;43
TE134;15.01.2024;12;1.0;234;41;227;41;7;40
TE134;15.01.2024;13;1.0;249;44;243;44;6;41
TE134;15.01.2024;14;1.0;232;43;223;43;9;44
TE134;15.01.2024;15;1.0;285;44;277;44;8;44
TE134;15.01.2024;16;1.0;298;42;289;42;9;42
TE134;15.01.2024;17;1.0;228;41;220;41;8;40
TE134;15.01.2024;18;1.0;228;42;221;42;7;40
TE134;15.01.2024;19;1.0;169;46;164;46;5;45
TE134;15.01.2024;20;1.0;118;43;118;43;0;-1
TE134;15.01.2024;21;1.0;108;40;104;40;4;50
TE134;15.01.2024;22;1.0;85;45;84;45;1;36
TE134;15.01.2024;23;1.0;58;49;58;49;0;-1
TE134;16.01.2024;0;1.0;30;51;29;51;1;47
TE134;16.01.2024;1;1.0;10;48;9;47;1;58
TE134;16.01.2024;2;1.0;2;14;2;14;0;-1
TE134;16.01.2024;3;1.0;5;37;4;37;1;38
TE134;16.01.2024;4;1.0;7;37;5;35;2;41
TE134;16.01.2024;5;1.0;29;43;28;43;1;41
TE134;16.01.2024;6;1.0;88;44;85;44;3;46
TE134;16.01.2024;7;1.0;256;40;251;40;5;41
TE134;16.01.2024;8;1.0;305;41;296;41;9;41
TE134;16.01.2024;9;1.0;181;36;180;36;1;42
TE134;16.01.2024;10;1.0;213;40;200;40;13;40
TE134;16.01.2024;11;1.0;197;40;188;40;9;37
TE134;16.01.2024;12;1.0;216;40;211;40;5;43
TE134;16.01.2024;13;1.0;238;42;229;42;9;44
TE134;16.01.2024;14;1.0;264;43;261;43;3;43
TE134;16.01.2024;15;1.0;330;42;325;42;5;42
TE134;16.01.2024;16;1.0;324;41;315;41;9;40
TE134;16.01.2024;17;1.0;241;40;236;40;5;40
TE134;16.01.2024;18;1.0;213;42;210;42;3;40
TE134;16.01.2024;19;1.0;137;41;134;41;3;41
TE134;16.01.2024;20;1.0;107;45;106;45;1;48
TE134;16.01.2024;21;1.0;79;44;75;44;4;46
TE134;16.01.2024;22;1.0;92;45;84;46;8;44
TE134;16.01.2024;23;1.0;66;49;66;49;0;-1
TE134;17.01.2024;0;1.0;28;39;27;39;1;40
TE134;17.01.2024;1;1.0;17;49;17;49;0;-1
TE134;17.01.2024;2;1.0;17;46;15;47;2;40
TE134;17.01.2024;3;1.0;11;39;9;36;2;49
TE134;17.01.2024;4;1.0;20;42;18;43;2;39
TE134;17.01.2024;5;1.0;49;39;48;39;1;39
TE134;17.01.2024;6;1.0;60;40;58;40;2;40
TE134;17.01.2024;7;1.0;250;42;241;42;9;41
TE134;17.01.2024;8;1.0;411;42;403;42;8;42
TE134;17.01.2024;9;1.0;338;43;333;43;5;42
TE134;17.01.2024;10;1.0;279;43;264;43;15;43
TE134;17.01.2024;11;1.0;263;41;250;41;13;42
TE134;17.01.2024;12;1.0;197;39;190;39;7;40
TE134;17.01.2024;13;1.0;238;38;233;38;5;40
TE134;17.01.2024;14;1.0;250;41;241;41;9;42
TE134;17.01.2024;15;1.0;266;42;259;42;7;40
TE134;17.01.2024;16;1.0;270;41;264;41;6;40
TE134;17.01.2024;17;1.0;265;42;262;42;3;38
TE134;17.01.2024;18;1.0;213;44;209;44;4;46
TE134;17.01.2024;19;1.0;168;42;166;42;2;46
TE134;17.01.2024;20;1.0;96;45;93;45;3;42
TE134;17.01.2024;21;1.0;93;46;91;46;2;44
TE134;17.01.2024;22;1.0;80;48;77;48;3;47
TE134;17.01.2024;23;1.0;44;48;44;48;0;-1
TE134;18.01.2024;0;1.0;29;44;29;44;0;-1
TE134;18.01.2024;1;1.0;15;45;14;45;1;42
TE134;18.01.2024;2;1.0;12;42;10;42;2;40
TE134;18.01.2024;3;1.0;10;36;9;37;1;30
TE134;18.01.2024;4;1.0;19;45;19;45;0;-1
TE134;18.01.2024;5;1.0;39;46;38;47;1;30
TE134;18.01.2024;6;1.0;90;46;89;47;1;44
TE134;18.01.2024;7;1.0;193;45;191;45;2;46
TE134;18.01.2024;8;1.0;314;42;307;42;7;43
TE134;18.01.2024;9;1.0;272;43;264;43;8;44
TE134;18.01.2024;10;1.0;164;41;157;41;7;36
TE134;18.01.2024;11;1.0;223;42;216;42;7;40
TE134;18.01.2024;12;1.0;224;40;219;40;5;40
TE134;18.01.2024;13;1.0;215;40;207;40;8;41
TE134;18.01.2024;14;1.0;278;38;276;38;2;38
TE134;18.01.2024;15;1.0;323;39;320;39;3;38
TE134;18.01.2024;16;1.0;292;36;273;36;20;36
TE134;18.01.2024;17;1.0;314;39;305;39;9;38
TE134;18.01.2024;18;1.0;300;41;294;41;6;42
TE134;18.01.2024;19;1.0;244;39;236;39;8;36
TE134;18.01.2024;20;1.0;150;42;144;42;6;41
TE134;18.01.2024;21;1.0;129;42;127;42;2;44
TE134;18.01.2024;22;1.0;108;43;101;44;7;42
TE134;18.01.2024;23;1.0;73;44;70;44;3;39
TE134;19.01.2024;0;1.0;56;43;54;43;2;45
TE134;19.01.2024;1;1.0;27;43;24;42;3;45
TE134;19.01.2024;2;1.0;23;44;22;44;1;43
TE134;19.01.2024;3;1.0;10;47;10;47;0;-1
TE134;19.01.2024;4;1.0;10;40;10;40;0;-1
TE134;19.01.2024;5;1.0;48;41;46;41;2;44
TE134;19.01.2024;6;1.0;105;41;102;41;3;41
TE134;19.01.2024;7;1.0;225;41;215;41;10;44
TE134;19.01.2024;8;1.0;341;40;326;40;15;41
TE134;19.01.2024;9;1.0;334;40;324;40;10;39
TE134;19.01.2024;10;1.0;203;39;193;39;10;39
TE134;19.01.2024;11;1.0;248;42;238;42;10;41
TE134;19.01.2024;12;1.0;300;41;280;41;20;40
TE134;19.01.2024;13;1.0;329;40;310;40;19;41
TE134;19.01.2024;14;1.0;346;41;327;41;19;40
TE134;19.01.2024;15;1.0;354;38;337;38;17;37
TE134;19.01.2024;16;1.0;366;41;358;41;8;42
TE134;19.01.2024;17;1.0;304;41;296;41;8;43
TE134;19.01.2024;18;1.0;297;41;285;41;12;40
TE134;19.01.2024;19;1.0;231;40;225;40;6;39
TE134;19.01.2024;20;1.0;159;41;158;41;1;40
TE134;19.01.2024;21;1.0;147;42;138;42;9;41
TE134;19.01.2024;22;1.0;112;42;106;42;6;42
TE134;19.01.2024;23;1.0;106;41;99;41;7;39
TE134;20.01.2024;0;1.0;89;44;83;45;6;40
TE134;20.01.2024;1;1.0;54;43;52;43;2;45
TE134;20.01.2024;2;1.0;50;46;47;46;3;49
TE134;20.01.2024;3;1.0;22;43;19;43;3;45
TE134;20.01.2024;4;1.0;26;46;25;45;1;53
TE134;20.01.2024;5;1.0;27;43;26;43;1;40
TE134;20.01.2024;6;1.0;35;39;34;39;1;35
TE134;20.01.2024;7;1.0;47;44;43;44;4;42
TE134;20.01.2024;8;1.0;68;45;61;45;7;46
TE134;20.01.2024;9;1.0;166;45;163;45;3;47
TE134;20.01.2024;10;1.0;195;44;190;44;5;45
TE134;20.01.2024;11;1.0;230;42;222;42;8;41
TE134;20.01.2024;12;1.0;254;42;238;42;16;42
TE134;20.01.2024;13;1.0;265;40;256;39;9;40
TE134;20.01.2024;14;1.0;280;41;271;41;9;41
TE134;20.01.2024;15;1.0;256;42;246;42;10;41
TE134;20.01.2024;16;1.0;260;40;251;40;9;38
TE134;20.01.2024;17;1.0;237;39;231;39;6;38
TE134;20.01.2024;18;1.0;282;41;268;41;14;40
TE134;20.01.2024;19;1.0;197;41;191;40;6;42
TE134;20.01.2024;20;1.0;149;41;146;41;3;41
TE134;20.01.2024;21;1.0;127;43;122;43;5;44
TE134;20.01.2024;22;1.0;121;40;119;40;2;38
TE134;20.01.2024;23;1.0;92;43;90;43;2;40
TE134;21.01.2024;0;1.0;90;43;88;43;2;46
TE134;21.01.2024;1;1.0;63;42;60;42;3;46
TE134;21.01.2024;2;1.0;40;44;38;44;2;49
TE134;21.01.2024;3;1.0;25;44;25;44;0;-1
TE134;21.01.2024;4;1.0;25;39;25;39;0;-1
TE134;21.01.2024;5;1.0;21;47;21;47;0;-1
TE134;21.01.2024;6;1.0;12;47;12;47;0;-1
TE134;21.01.2024;7;1.0;20;44;20;44;0;-1
TE134;21.01.2024;8;1.0;37;46;37;46;0;-1
TE134;21.01.2024;9;1.0;89;44;88;44;1;37
TE134;21.01.2024;10;1.0;139;42;137;42;2;46
TE134;21.01.2024;11;1.0;128;44;125;44;3;43
TE134;21.01.2024;12;1.0;149;41;142;41;7;40
TE134;21.01.2024;13;1.0;150;43;142;43;8;42
TE134;21.01.2024;14;1.0;183;41;176;41;7;43
TE134;21.01.2024;15;1.0;197;41;193;41;4;42
TE134;21.01.2024;16;1.0;179;42;177;42;2;40
TE134;21.01.2024;17;1.0;227;41;219;41;8;42
TE134;21.01.2024;18;1.0;196;42;189;42;7;42
TE134;21.01.2024;19;1.0;149;42;149;42;0;-1
TE134;21.01.2024;20;1.0;105;41;103;41;2;42
TE134;21.01.2024;21;1.0;103;42;100;42;3;43
TE134;21.01.2024;22;1.0;63;40;62;40;1;39
TE134;21.01.2024;23;1.0;58;39;54;39;4;40
TE134;22.01.2024;0;1.0;30;41;30;41;0;-1
TE134;22.01.2024;1;1.0;15;40;14;40;1;41
TE134;22.01.2024;2;1.0;6;41;6;41;0;-1
TE134;22.01.2024;3;1.0;11;36;11;36;0;-1
TE134;22.01.2024;4;1.0;17;38;16;38;1;27
TE134;22.01.2024;5;1.0;33;40;31;40;2;40
TE134;22.01.2024;6;1.0;113;42;101;43;12;42
TE134;22.01.2024;7;1.0;242;41;222;41;20;41
TE134;22.01.2024;8;1.0;328;39;296;39;32;39
TE134;22.01.2024;9;1.0;328;40;318;40;10;40
TE134;22.01.2024;10;1.0;255;42;240;42;15;42
TE134;22.01.2024;11;1.0;242;40;222;40;20;43
TE134;22.01.2024;12;1.0;250;40;238;40;12;39
TE134;22.01.2024;13;1.0;228;41;210;41;18;40
TE134;22.01.2024;14;1.0;249;40;236;40;13;40
TE134;22.01.2024;15;1.0;249;41;239;41;10;42
TE134;22.01.2024;16;1.0;318;39;304;39;14;38
TE134;22.01.2024;17;1.0;336;40;328;40;8;40
TE134;22.01.2024;18;1.0;318;40;309;40;9;42
TE134;22.01.2024;19;1.0;267;41;260;41;7;40
TE134;22.01.2024;20;1.0;126;41;123;41;3;43
TE134;22.01.2024;21;1.0;97;43;90;43;7;40
TE134;22.01.2024;22;1.0;90;40;83;40;7;37
TE134;22.01.2024;23;1.0;51;43;48;42;3;46
TE134;23.01.2024;0;1.0;22;45;21;45;1;52
TE134;23.01.2024;1;1.0;24;45;23;45;1;40
TE134;23.01.2024;2;1.0;15;45;15;45;0;-1
TE134;23.01.2024;3;1.0;12;43;11;43;1;43
TE134;23.01.2024;4;1.0;15;41;14;41;1;46
TE134;23.01.2024;5;1.0;29;42;26;42;3;39
TE134;23.01.2024;6;1.0;99;43;89;43;10;42
TE134;23.01.2024;7;1.0;205;41;195;41;10;38
TE134;23.01.2024;8;1.0;333;40;314;40;19;40
TE134;23.01.2024;9;1.0;330;41;316;41;14;40
TE134;23.01.2024;10;1.0;278;39;266;39;12;38
TE134;23.01.2024;11;1.0;192;40;165;40;27;38
TE134;23.01.2024;12;1.0;227;41;200;41;27;41
TE134;23.01.2024;13;1.0;293;39;275;39;18;38
TE134;23.01.2024;14;1.0;304;40;289;40;15;39
TE134;23.01.2024;15;1.0;294;41;272;41;22;40
TE134;23.01.2024;16;1.0;346;38;333;39;13;38
TE134;23.01.2024;17;1.0;306;38;292;38;14;38
TE134;23.01.2024;18;1.0;312;39;293;39;19;39
TE134;23.01.2024;19;1.0;236;41;219;41;17;40
TE134;23.01.2024;20;1.0;143;41;129;41;14;40
TE134;23.01.2024;21;1.0;112;41;100;41;12;40
TE134;23.01.2024;22;1.0;83;42;72;43;11;40
TE134;23.01.2024;23;1.0;62;45;56;45;6;45
TE134;24.01.2024;0;1.0;27;47;22;47;5;45
TE134;24.01.2024;1;1.0;14;45;11;40;3;63
TE134;24.01.2024;2;1.0;11;45;7;45;4;46
TE134;24.01.2024;3;1.0;8;40;8;40;0;-1
TE134;24.01.2024;4;1.0;20;43;17;43;3;46
TE134;24.01.2024;5;1.0;32;40;25;39;7;45
TE134;24.01.2024;6;1.0;103;45;89;45;14;44
TE134;24.01.2024;7;1.0;220;42;201;42;19;44
TE134;24.01.2024;8;1.0;349;39;328;39;21;39
TE134;24.01.2024;9;1.0;341;41;316;41;25;40
TE134;24.01.2024;10;1.0;327;43;322;43;5;43
TE134;24.01.2024;11;1.0;262;39;246;39;16;39
TE134;24.01.2024;12;1.0;232;39;216;39;16;38
TE134;24.01.2024;13;1.0;274;40;253;40;21;40
TE134;24.01.2024;14;1.0;266;40;249;40;17;41
TE134;24.01.2024;15;1.0;320;40;293;40;27;39
TE134;24.01.2024;16;1.0;385;40;367;40;18;39
TE134;24.01.2024;17;1.0;374;40;364;40;10;40
TE134;24.01.2024;18;1.0;307;39;301;39;6;39
TE134;24.01.2024;19;1.0;221;41;214;41;7;39
TE134;24.01.2024;20;1.0;163;42;157;42;6;41
TE134;24.01.2024;21;1.0;108;43;104;43;4;42
TE134;24.01.2024;22;1.0;85;42;83;42;2;44
TE134;24.01.2024;23;1.0;67;42;64;42;3;45
TE134;25.01.2024;0;1.0;40;42;38;42;2;41
TE134;25.01.2024;1;1.0;22;44;20;45;2;39
TE134;25.01.2024;2;1.0;21;43;20;43;1;45
TE134;25.01.2024;3;1.0;26;48;24;49;2;38
TE134;25.01.2024;4;1.0;23;43;22;43;1;46
TE134;25.01.2024;5;1.0;55;37;54;37;1;39
TE134;25.01.2024;6;1.0;135;41;127;41;8;40
TE134;25.01.2024;7;1.0;208;39;202;39;6;40
TE134;25.01.2024;8;1.0;319;40;307;40;12;38
TE134;25.01.2024;9;1.0;337;41;317;41;20;41
TE134;25.01.2024;10;1.0;250;42;228;42;22;42
TE134;25.01.2024;11;1.0;272;41;252;41;20;40
TE134;25.01.2024;12;1.0;253;39;239;39;14;38
TE134;25.01.2024;13;1.0;250;40;241;40;9;39
TE134;25.01.2024;14;1.0;272;40;262;40;10;40
TE134;25.01.2024;15;1.0;305;41;292;41;13;42
TE134;25.01.2024;16;1.0;346;38;334;38;12;39
TE134;25.01.2024;17;1.0;361;42;355;42;6;42
TE134;25.01.2024;18;1.0;333;41;328;41;5;40
TE134;25.01.2024;19;1.0;261;43;254;44;7;43
TE134;25.01.2024;20;1.0;153;45;149;45;4;46
TE134;25.01.2024;21;1.0;97;45;95;45;2;48
TE134;25.01.2024;22;1.0;88;38;83;38;5;39
TE134;25.01.2024;23;1.0;77;41;66;41;11;40
TE134;26.01.2024;0;1.0;41;43;36;43;5;45
TE134;26.01.2024;1;1.0;16;41;15;41;1;36
TE134;26.01.2024;2;1.0;20;41;19;41;1;36
TE134;26.01.2024;3;1.0;8;38;8;38;0;-1
TE134;26.01.2024;4;1.0;16;44;16;44;0;-1
TE134;26.01.2024;5;1.0;38;41;38;41;0;-1
TE134;26.01.2024;6;1.0;93;46;90;46;3;42
TE134;26.01.2024;7;1.0;146;42;134;43;12;39
TE134;26.01.2024;8;1.0;313;42;300;42;13;41
TE134;26.01.2024;9;1.0;269;43;262;43;7;43
TE134;26.01.2024;10;1.0;203;40;198;40;5;36
TE134;26.01.2024;11;1.0;271;42;261;42;10;42
TE134;26.01.2024;12;1.0;244;37;231;37;13;38
TE134;26.01.2024;13;1.0;235;42;222;42;13;42
TE134;26.01.2024;14;1.0;283;39;273;39;10;39
TE134;26.01.2024;15;1.0;331;40;315;40;16;40
TE134;26.01.2024;16;1.0;298;37;293;37;5;31
TE134;26.01.2024;17;1.0;240;39;231;39;9;40
TE134;26.01.2024;18;1.0;257;43;251;43;6;44
TE134;26.01.2024;19;1.0;218;43;211;43;7;43
TE134;26.01.2024;20;1.0;207;42;204;42;3;43
TE134;26.01.2024;21;1.0;157;43;149;43;8;43
TE134;26.01.2024;22;1.0;122;41;116;41;6;39
TE134;26.01.2024;23;1.0;101;42;97;42;4;47
TE134;27.01.2024;0;1.0;59;43;53;42;6;44
TE134;27.01.2024;1;1.0;55;43;52;43;3;35
TE134;27.01.2024;2;1.0;32;45;31;45;1;47
TE134;27.01.2024;3;1.0;28;39;25;39;3;37
TE134;27.01.2024;4;1.0;20;43;19;44;1;40
TE134;27.01.2024;5;1.0;18;43;17;43;1;40
TE134;27.01.2024;6;1.0;44;45;41;45;3;41
TE134;27.01.2024;7;1.0;40;44;34;44;6;44
TE134;27.01.2024;8;1.0;49;39;45;39;4;41
TE134;27.01.2024;9;1.0;139;43;131;43;8;42
TE134;27.01.2024;10;1.0;199;45;195;45;4;46
TE134;27.01.2024;11;1.0;204;46;196;46;8;44
TE134;27.01.2024;12;1.0;276;45;263;45;13;46
TE134;27.01.2024;13;1.0;253;45;241;45;12;46
TE134;27.01.2024;14;1.0;238;40;230;40;8;40
TE134;27.01.2024;15;1.0;258;40;244;40;14;41
TE134;27.01.2024;16;1.0;283;40;267;40;16;39
TE134;27.01.2024;17;1.0;283;40;268;40;15;41
TE134;27.01.2024;18;1.0;259;40;243;40;16;41
TE134;27.01.2024;19;1.0;245;40;236;40;9;40
TE134;27.01.2024;20;1.0;164;41;158;41;6;39
TE134;27.01.2024;21;1.0;141;40;133;40;8;39
TE134;27.01.2024;22;1.0;125;40;121;40;4;36
TE134;27.01.2024;23;1.0;99;41;93;41;6;41
TE134;28.01.2024;0;1.0;84;42;81;42;3;43
TE134;28.01.2024;1;1.0;66;45;62;45;4;43
TE134;28.01.2024;2;1.0;51;38;48;39;3;27
TE134;28.01.2024;3;1.0;25;41;25;41;0;-1
TE134;28.01.2024;4;1.0;23;47;23;47;0;-1
TE134;28.01.2024;5;1.0;23;43;21;44;2;40
TE134;28.01.2024;6;1.0;28;41;27;41;1;36
TE134;28.01.2024;7;1.0;33;41;33;41;0;-1
TE134;28.01.2024;8;1.0;50;38;50;38;0;-1
TE134;28.01.2024;9;1.0;90;41;86;41;4;40
TE134;28.01.2024;10;1.0;125;43;119;43;6;45
TE134;28.01.2024;11;1.0;136;42;127;42;9;43
TE134;28.01.2024;12;1.0;188;41;180;41;8;41
TE134;28.01.2024;13;1.0;193;40;181;40;12;40
TE134;28.01.2024;14;1.0;242;40;225;40;17;40
TE134;28.01.2024;15;1.0;233;41;219;41;14;40
TE134;28.01.2024;16;1.0;254;40;240;40;14;40
TE134;28.01.2024;17;1.0;242;39;232;39;10;39
TE134;28.01.2024;18;1.0;214;41;209;41;5;42
TE134;28.01.2024;19;1.0;162;39;156;39;6;40
TE134;28.01.2024;20;1.0;131;40;126;40;5;40
TE134;28.01.2024;21;1.0;115;41;109;41;6;43
TE134;28.01.2024;22;1.0;62;42;61;42;1;43
TE134;28.01.2024;23;1.0;36;41;33;41;3;39
TE134;29.01.2024;0;1.0;27;44;24;44;3;40
TE134;29.01.2024;1;1.0;15;47;11;47;4;45
TE134;29.01.2024;2;1.0;16;40;15;41;1;34
TE134;29.01.2024;3;1.0;9;42;7;43;2;36
TE134;29.01.2024;4;1.0;19;38;19;38;0;-1
TE134;29.01.2024;5;1.0;34;41;33;41;1;32
TE134;29.01.2024;6;1.0;109;41;107;41;2;40
TE134;29.01.2024;7;1.0;234;42;221;42;13;43
TE134;29.01.2024;8;1.0;373;39;347;39;26;39
TE134;29.01.2024;9;1.0;321;39;294;39;27;40
TE134;29.01.2024;10;1.0;227;39;205;39;22;40
TE134;29.01.2024;11;1.0;183;39;164;39;19;40
TE134;29.01.2024;12;1.0;154;36;141;36;13;36
TE134;29.01.2024;13;1.0;137;35;127;35;10;35
TE134;29.01.2024;14;1.0;124;38;117;38;7;38
TE134;29.01.2024;15;1.0;169;39;148;39;21;39
TE134;29.01.2024;16;1.0;255;39;225;39;30;39
TE134;29.01.2024;17;1.0;303;37;285;37;18;38
TE134;29.01.2024;18;1.0;254;40;231;40;23;39
TE134;29.01.2024;19;1.0;192;41;181;40;11;42
TE134;29.01.2024;20;1.0;96;40;87;40;9;38
TE134;29.01.2024;21;1.0;61;40;57;40;4;40
TE134;29.01.2024;22;1.0;83;42;81;42;2;42
TE134;29.01.2024;23;1.0;50;43;44;43;6;41
TE134;30.01.2024;0;1.0;24;42;24;42;0;-1
TE134;30.01.2024;1;1.0;14;40;11;40;3;41
TE134;30.01.2024;2;1.0;12;41;11;41;1;42
TE134;30.01.2024;3;1.0;10;40;9;40;1;42
TE134;30.01.2024;4;1.0;19;36;18;36;1;42
TE134;30.01.2024;5;1.0;37;42;34;42;3;40
TE134;30.01.2024;6;1.0;97;41;87;42;10;41
TE134;30.01.2024;7;1.0;191;40;181;40;10;39
TE134;30.01.2024;8;1.0;364;39;348;39;16;39
TE134;30.01.2024;9;1.0;316;39;295;39;21;39
TE134;30.01.2024;10;1.0;250;37;228;37;22;38
TE134;30.01.2024;11;1.0;282;38;265;38;17;39
TE134;30.01.2024;12;1.0;201;38;182;38;19;38
TE134;30.01.2024;13;1.0;264;38;246;38;18;38
TE134;30.01.2024;14;1.0;205;38;190;38;15;38
TE134;30.01.2024;15;1.0;266;39;253;39;13;41
TE134;30.01.2024;16;1.0;292;39;269;39;23;40
TE134;30.01.2024;17;1.0;303;38;283;38;20;38
TE134;30.01.2024;18;1.0;278;40;263;40;15;39
TE134;30.01.2024;19;1.0;237;42;231;42;6;40
TE134;30.01.2024;20;1.0;151;42;145;42;6;43
TE134;30.01.2024;21;1.0;118;40;112;40;6;42
TE134;30.01.2024;22;1.0;92;45;83;44;9;46
TE134;30.01.2024;23;1.0;40;40;39;40;1;48
TE134;31.01.2024;0;1.0;27;43;27;43;0;-1
TE134;31.01.2024;1;1.0;14;38;12;39;2;29
TE134;31.01.2024;2;1.0;16;42;15;43;1;29
TE134;31.01.2024;3;1.0;11;46;10;45;1;57
TE134;31.01.2024;4;1.0;20;39;17;38;3;44
TE134;31.01.2024;5;1.0;39;39;36;39;3;41
TE134;31.01.2024;6;1.0;106;42;101;42;5;45
TE134;31.01.2024;7;1.0;215;42;205;42;10;41
TE134;31.01.2024;8;1.0;328;43;317;43;11;43
TE134;31.01.2024;9;1.0;316;42;307;42;9;42
TE134;31.01.2024;10;1.0;240;42;226;42;14;43
TE134;31.01.2024;11;1.0;148;38;141;38;7;33
TE134;31.01.2024;12;1.0;261;40;259;40;2;39
TE134;31.01.2024;13;1.0;268;42;260;42;8;43
TE134;31.01.2024;14;1.0;271;41;265;41;6;40
TE134;31.01.2024;15;1.0;324;39;320;39;4;40
TE134;31.01.2024;16;1.0;347;41;342;41;5;38
TE134;31.01.2024;17;1.0;269;42;264;42;5;41
TE134;31.01.2024;18;1.0;255;42;254;42;1;39
TE134;31.01.2024;19;1.0;218;46;211;46;7;46
TE134;31.01.2024;20;1.0;134;46;133;46;1;58
TE134;31.01.2024;21;1.0;108;44;103;44;5;38
TE134;31.01.2024;22;1.0;88;48;85;47;3;49
TE134;31.01.2024;23;1.0;65;47;63;47;2;48
TE135;12.01.2024;20;1.0;102;64;79;59;23;80
TE136;09.01.2024;9;1.0;584;33;557;33;27;33
TE136;09.01.2024;10;1.0;700;32;683;32;17;30
TE136;09.01.2024;11;1.0;786;32;772;32;14;31
TE136;09.01.2024;12;1.0;801;32;777;33;24;31
TE136;09.01.2024;13;1.0;808;33;788;33;20;32
TE136;09.01.2024;14;1.0;785;31;747;31;38;30
TE136;09.01.2024;15;1.0;601;33;570;34;31;29
TE136;09.01.2024;16;1.0;544;36;524;36;20;33
TE136;09.01.2024;17;1.0;405;37;385;37;20;34
TE136;09.01.2024;18;1.0;357;38;336;38;21;36
TE136;09.01.2024;19;1.0;268;38;251;39;17;36
TE136;09.01.2024;20;1.0;173;41;159;42;14;36
TE136;09.01.2024;21;1.0;116;39;111;39;5;39
TE136;09.01.2024;22;1.0;82;43;79;43;3;41
TE136;09.01.2024;23;1.0;61;42;57;43;4;34
TE136;10.01.2024;0;1.0;118;39;103;39;15;37
TE136;10.01.2024;1;1.0;223;38;202;38;21;36
TE136;10.01.2024;2;1.0;430;38;393;38;37;36
TE136;10.01.2024;3;1.0;544;34;527;34;17;35
TE136;10.01.2024;4;1.0;635;33;606;33;29;32
TE136;10.01.2024;5;1.0;643;34;623;35;20;33
TE136;10.01.2024;6;1.0;635;36;611;36;24;33
TE136;10.01.2024;7;1.0;649;33;615;33;34;31
TE136;10.01.2024;8;1.0;666;32;641;32;25;30
TE136;10.01.2024;9;1.0;715;31;691;31;24;30
TE136;10.01.2024;10;1.0;780;31;751;31;29;29
TE136;10.01.2024;11;1.0;840;33;817;33;23;31
TE136;10.01.2024;12;1.0;922;33;901;33;21;31
TE136;10.01.2024;13;1.0;913;32;880;32;33;30
TE136;10.01.2024;14;1.0;985;32;951;32;34;29
TE136;10.01.2024;15;1.0;721;35;692;35;29;30
TE136;10.01.2024;16;1.0;552;36;518;37;34;32
TE136;10.01.2024;17;1.0;499;38;482;38;17;34
TE136;10.01.2024;18;1.0;440;39;421;39;19;35
TE136;10.01.2024;19;1.0;299;40;277;41;22;37
TE136;10.01.2024;20;1.0;194;40;181;40;13;38
TE136;10.01.2024;21;1.0;134;41;129;41;5;38
TE136;10.01.2024;22;1.0;82;42;81;42;1;39
TE136;10.01.2024;23;1.0;71;41;68;41;3;41
TE136;11.01.2024;0;1.0;141;41;125;41;16;40
TE136;11.01.2024;1;1.0;284;39;269;39;15;34
TE136;11.01.2024;2;1.0;450;34;397;34;53;34
TE136;11.01.2024;3;1.0;607;35;589;35;18;36
TE136;11.01.2024;4;1.0;680;35;656;35;24;34
TE136;11.01.2024;5;1.0;660;35;639;36;21;32
TE136;11.01.2024;6;1.0;648;34;624;34;24;33
TE136;11.01.2024;7;1.0;684;32;660;32;24;33
TE136;11.01.2024;8;1.0;725;31;699;31;26;31
TE136;11.01.2024;9;1.0;728;32;698;32;30;30
TE136;11.01.2024;10;1.0;796;31;766;31;30;30
TE136;11.01.2024;11;1.0;868;32;851;32;17;30
TE136;11.01.2024;12;1.0;829;31;800;31;29;29
TE136;11.01.2024;13;1.0;935;33;914;33;21;30
TE136;11.01.2024;14;1.0;865;31;827;31;38;30
TE136;11.01.2024;15;1.0;705;35;671;35;34;34
TE136;11.01.2024;16;1.0;609;35;579;35;30;32
TE136;11.01.2024;17;1.0;506;36;488;36;18;34
TE136;11.01.2024;18;1.0;473;38;453;38;20;33
TE136;11.01.2024;19;1.0;369;40;353;40;16;35
TE136;11.01.2024;20;1.0;205;39;193;39;12;36
TE136;11.01.2024;21;1.0;136;41;128;41;8;38
TE136;11.01.2024;22;1.0;96;42;94;42;2;56
TE136;11.01.2024;23;1.0;72;42;69;41;3;49
TE136;12.01.2024;0;1.0;147;39;137;39;10;39
TE136;12.01.2024;1;1.0;253;43;241;43;12;38
TE136;12.01.2024;2;1.0;439;43;426;43;13;38
TE136;12.01.2024;3;1.0;528;34;522;34;6;34
TE136;12.01.2024;4;1.0;586;38;576;38;10;35
TE136;12.01.2024;5;1.0;608;36;596;36;12;33
TE136;12.01.2024;6;1.0;678;31;658;31;20;29
TE136;12.01.2024;7;1.0;683;35;665;35;18;33
TE136;12.01.2024;8;1.0;771;36;758;36;13;33
TE136;12.01.2024;9;1.0;730;36;718;36;12;33
TE136;12.01.2024;10;1.0;777;36;767;36;10;33
TE136;12.01.2024;11;1.0;900;36;885;36;15;35
TE136;12.01.2024;12;1.0;927;35;913;35;14;33
TE136;12.01.2024;13;1.0;933;34;922;34;11;35
TE136;12.01.2024;14;1.0;875;34;854;34;21;31
TE136;12.01.2024;15;1.0;749;35;730;35;19;31
TE136;12.01.2024;16;1.0;583;38;558;38;25;37
TE136;12.01.2024;17;1.0;479;38;464;38;15;36
TE136;12.01.2024;18;1.0;577;37;558;37;19;36
TE136;12.01.2024;19;1.0;359;42;345;42;14;38
TE136;12.01.2024;20;1.0;252;44;244;44;8;37
TE136;12.01.2024;21;1.0;174;46;170;46;4;40
TE136;12.01.2024;22;1.0;93;45;92;45;1;39
TE136;12.01.2024;23;1.0;108;47;105;47;3;39
TE136;13.01.2024;0;1.0;146;45;133;45;13;39
TE136;13.01.2024;1;1.0;243;43;236;43;7;41
TE136;13.01.2024;2;1.0;406;43;389;43;17;40
TE136;13.01.2024;3;1.0;562;39;553;39;9;33
TE136;13.01.2024;4;1.0;600;36;591;36;9;34
TE136;13.01.2024;5;1.0;591;37;579;37;12;36
TE136;13.01.2024;6;1.0;645;36;627;36;18;34
TE136;13.01.2024;7;1.0;656;35;637;35;19;34
TE136;13.01.2024;8;1.0;796;34;776;34;20;35
TE136;13.01.2024;9;1.0;805;34;785;34;20;33
TE136;13.01.2024;10;1.0;834;35;819;35;15;33
TE136;13.01.2024;11;1.0;925;35;911;35;14;34
TE136;13.01.2024;12;1.0;829;35;825;35;4;34
TE136;13.01.2024;13;1.0;804;36;792;36;12;34
TE136;13.01.2024;14;1.0;740;34;718;34;22;32
TE136;13.01.2024;15;1.0;688;36;671;36;17;34
TE136;13.01.2024;16;1.0;592;39;575;39;17;35
TE136;13.01.2024;17;1.0;585;39;571;39;14;34
TE136;13.01.2024;18;1.0;650;38;629;38;21;37
TE136;13.01.2024;19;1.0;474;41;462;41;12;38
TE136;13.01.2024;20;1.0;401;43;387;43;14;39
TE136;13.01.2024;21;1.0;321;43;313;43;8;38
TE136;13.01.2024;22;1.0;240;45;230;45;10;41
TE136;13.01.2024;23;1.0;181;47;173;47;8;47
TE136;14.01.2024;0;1.0;188;48;183;48;5;42
TE136;14.01.2024;1;1.0;179;46;169;46;10;46
TE136;14.01.2024;2;1.0;184;45;171;45;13;44
TE136;14.01.2024;3;1.0;213;40;198;41;15;34
TE136;14.01.2024;4;1.0;304;41;295;41;9;40
TE136;14.01.2024;5;1.0;470;37;453;37;17;34
TE136;14.01.2024;6;1.0;633;35;615;35;18;34
TE136;14.01.2024;7;1.0;616;35;601;35;15;32
TE136;14.01.2024;8;1.0;750;33;730;33;20;31
TE136;14.01.2024;9;1.0;757;29;735;29;22;29
TE136;14.01.2024;10;1.0;810;34;791;34;19;30
TE136;14.01.2024;11;1.0;836;32;821;33;15;29
TE136;14.01.2024;12;1.0;792;27;773;27;19;28
TE136;14.01.2024;13;1.0;784;32;757;32;27;30
TE136;14.01.2024;14;1.0;800;35;786;35;14;32
TE136;14.01.2024;15;1.0;712;29;691;29;21;28
TE136;14.01.2024;16;1.0;699;36;684;36;15;34
TE136;14.01.2024;17;1.0;593;38;581;38;12;34
TE136;14.01.2024;18;1.0;646;39;630;39;16;36
TE136;14.01.2024;19;1.0;587;40;576;40;11;36
TE136;14.01.2024;20;1.0;471;43;462;44;9;38
TE136;14.01.2024;21;1.0;386;44;381;44;5;38
TE136;14.01.2024;22;1.0;271;46;268;46;3;39
TE136;14.01.2024;23;1.0;260;48;252;48;8;41
TE136;15.01.2024;0;1.0;207;44;203;45;4;38
TE136;15.01.2024;1;1.0;199;45;193;46;6;43
TE136;15.01.2024;2;1.0;144;44;136;44;8;41
TE136;15.01.2024;3;1.0;133;45;126;45;7;42
TE136;15.01.2024;4;1.0;192;42;177;43;15;37
TE136;15.01.2024;5;1.0;343;40;328;40;15;36
TE136;15.01.2024;6;1.0;412;40;395;40;17;37
TE136;15.01.2024;7;1.0;483;39;466;39;17;36
TE136;15.01.2024;8;1.0;620;36;598;36;22;36
TE136;15.01.2024;9;1.0;754;34;725;34;29;33
TE136;15.01.2024;10;1.0;693;36;670;36;23;34
TE136;15.01.2024;11;1.0;682;36;652;36;30;33
TE136;15.01.2024;12;1.0;803;32;781;32;22;30
TE136;15.01.2024;13;1.0;713;37;698;37;15;34
TE136;21.01.2024;3;1.0;795;30;748;30;47;29
TE136;21.01.2024;4;1.0;863;32;838;32;25;30
TE136;21.01.2024;5;1.0;937;32;907;32;30;33
TE136;21.01.2024;6;1.0;829;35;810;35;19;33
TE136;21.01.2024;7;1.0;789;35;775;35;14;35
TE136;21.01.2024;8;1.0;761;34;731;34;30;33
TE136;21.01.2024;9;1.0;682;33;656;33;26;32
TE136;21.01.2024;10;1.0;674;33;646;33;28;32
TE136;21.01.2024;11;1.0;645;34;620;34;25;32
TE136;21.01.2024;12;1.0;664;37;648;37;16;32
TE136;21.01.2024;13;1.0;589;36;563;36;26;34
TE136;21.01.2024;14;1.0;421;38;409;38;12;35
TE136;21.01.2024;15;1.0;352;39;339;39;13;37
TE136;21.01.2024;16;1.0;281;40;271;41;10;38
TE136;21.01.2024;17;1.0;205;41;196;41;9;40
TE136;21.01.2024;18;1.0;164;42;158;42;6;41
TE136;21.01.2024;19;1.0;215;41;205;41;10;43
TE136;21.01.2024;20;1.0;206;38;181;39;25;39
TE136;21.01.2024;21;1.0;231;38;212;38;19;37
TE136;21.01.2024;22;1.0;341;38;320;38;21;36
TE136;21.01.2024;23;1.0;476;38;449;38;27;36
TE136;22.01.2024;0;1.0;599;34;572;34;27;34
TE136;22.01.2024;1;1.0;632;34;600;34;32;33
TE136;22.01.2024;2;1.0;730;32;703;32;27;32
TE136;22.01.2024;3;1.0;825;28;792;28;33;28
TE136;22.01.2024;4;1.0;854;32;830;32;24;30
TE136;22.01.2024;5;1.0;846;33;832;33;14;32
TE136;22.01.2024;6;1.0;852;29;818;29;34;28
TE136;22.01.2024;7;1.0;821;29;783;29;38;27
TE136;22.01.2024;8;1.0;842;31;805;31;37;28
TE136;22.01.2024;9;1.0;816;30;783;31;33;27
TE136;22.01.2024;10;1.0;723;32;684;32;39;30
TE136;22.01.2024;11;1.0;664;35;637;35;27;33
TE136;22.01.2024;12;1.0;637;34;606;34;31;33
TE136;22.01.2024;13;1.0;602;35;580;35;22;33
TE136;22.01.2024;14;1.0;501;38;488;38;13;33
TE136;22.01.2024;15;1.0;396;33;389;33;7;31
TE136;22.01.2024;16;1.0;317;41;308;41;9;38
TE136;22.01.2024;17;1.0;245;42;233;42;12;40
TE136;22.01.2024;18;1.0;207;45;199;45;8;42
TE136;22.01.2024;19;1.0;182;47;176;47;6;41
TE136;22.01.2024;20;1.0;172;45;164;46;8;39
TE136;22.01.2024;21;1.0;144;46;128;46;16;42
TE136;22.01.2024;22;1.0;214;43;199;43;15;39
TE136;22.01.2024;23;1.0;343;39;326;39;17;37
TE136;23.01.2024;0;1.0;487;37;458;37;29;35
TE136;23.01.2024;1;1.0;492;38;468;38;24;37
TE136;23.01.2024;2;1.0;659;33;634;33;25;31
TE136;23.01.2024;3;1.0;796;32;764;32;32;31
TE136;23.01.2024;4;1.0;732;34;707;34;25;33
TE136;23.01.2024;5;1.0;697;33;661;33;36;32
TE136;23.01.2024;6;1.0;781;31;749;31;32;29
TE136;23.01.2024;7;1.0;835;32;807;32;28;30
TE136;23.01.2024;8;1.0;788;33;763;33;25;31
TE136;23.01.2024;9;1.0;604;35;578;35;26;34
TE136;23.01.2024;10;1.0;544;35;524;35;20;34
TE136;23.01.2024;11;1.0;468;36;445;36;23;34
TE136;23.01.2024;12;1.0;451;37;431;37;20;35
TE136;23.01.2024;13;1.0;307;40;287;40;20;36
TE136;23.01.2024;14;1.0;182;42;170;42;12;38
TE136;23.01.2024;15;1.0;139;40;132;41;7;37
TE136;23.01.2024;16;1.0;80;43;77;43;3;39
TE136;23.01.2024;17;1.0;90;42;85;42;5;36
TE136;23.01.2024;18;1.0;101;38;90;39;11;35
TE136;23.01.2024;19;1.0;212;38;190;38;22;35
TE136;23.01.2024;20;1.0;462;36;430;37;32;35
TE136;23.01.2024;21;1.0;527;34;498;34;29;32
TE136;23.01.2024;22;1.0;597;32;548;32;49;32
TE136;23.01.2024;23;1.0;612;32;582;32;30;32
TE136;24.01.2024;0;1.0;645;33;613;33;32;31
TE136;24.01.2024;1;1.0;674;33;630;33;44;32
TE136;24.01.2024;2;1.0;736;32;681;33;55;32
TE136;24.01.2024;3;1.0;742;32;681;33;61;31
TE136;24.01.2024;4;1.0;738;33;684;33;54;32
TE136;24.01.2024;5;1.0;842;33;803;33;39;31
TE136;24.01.2024;6;1.0;822;33;785;33;37;31
TE136;24.01.2024;7;1.0;829;33;794;33;35;32
TE136;24.01.2024;8;1.0;897;32;862;32;35;31
TE136;24.01.2024;9;1.0;716;33;676;33;40;31
TE136;24.01.2024;10;1.0;559;34;534;34;25;34
TE136;24.01.2024;11;1.0;473;36;451;36;22;36
TE136;24.01.2024;12;1.0;405;38;380;38;25;35
TE136;24.01.2024;13;1.0;340;36;318;37;22;33
TE136;24.01.2024;14;1.0;221;37;210;38;11;38
TE136;24.01.2024;15;1.0;130;41;122;41;8;38
TE136;24.01.2024;16;1.0;99;43;98;43;1;38
TE136;24.01.2024;17;1.0;78;40;74;40;4;36
TE136;24.01.2024;18;1.0;106;38;92;38;14;32
TE136;24.01.2024;19;1.0;237;38;212;38;25;36
TE136;24.01.2024;20;1.0;403;36;376;36;27;34
TE136;24.01.2024;21;1.0;500;33;483;33;17;34
TE136;24.01.2024;22;1.0;580;32;555;32;25;32
TE136;24.01.2024;23;1.0;653;33;630;33;23;31
TE136;25.01.2024;0;1.0;692;32;652;33;40;30
TE136;25.01.2024;1;1.0;691;32;648;32;43;32
TE136;25.01.2024;2;1.0;738;31;686;31;52;30
TE136;25.01.2024;3;1.0;745;33;719;33;26;32
TE136;25.01.2024;4;1.0;758;32;733;32;25;32
TE136;25.01.2024;5;1.0;841;32;809;32;32;30
TE136;25.01.2024;6;1.0;871;31;851;31;20;30
TE136;25.01.2024;7;1.0;904;30;879;30;25;29
TE136;25.01.2024;8;1.0;850;30;815;30;35;29
TE136;25.01.2024;9;1.0;718;31;692;31;26;29
TE136;25.01.2024;10;1.0;604;33;571;33;33;32
TE136;25.01.2024;11;1.0;478;35;454;36;24;33
TE136;25.01.2024;12;1.0;458;37;436;37;22;35
TE136;25.01.2024;13;1.0;315;41;292;42;23;38
TE136;25.01.2024;14;1.0;203;45;189;45;14;40
TE136;25.01.2024;15;1.0;127;45;120;45;7;39
TE136;25.01.2024;16;1.0;108;41;108;41;0;-1
TE136;25.01.2024;17;1.0;63;42;60;42;3;37
TE136;25.01.2024;18;1.0;136;38;121;38;15;35
TE136;25.01.2024;19;1.0;254;39;229;39;25;40
TE136;25.01.2024;20;1.0;448;36;393;36;55;34
TE136;25.01.2024;21;1.0;582;34;545;34;37;33
TE136;25.01.2024;22;1.0;654;32;624;32;30;32
TE136;25.01.2024;23;1.0;722;27;683;27;39;27
TE136;26.01.2024;0;1.0;674;33;650;33;24;32
TE136;26.01.2024;1;1.0;725;34;673;34;52;34
TE136;26.01.2024;2;1.0;770;33;720;33;50;33
TE136;26.01.2024;3;1.0;763;33;703;33;60;32
TE136;26.01.2024;4;1.0;780;32;748;32;32;32
TE136;26.01.2024;5;1.0;890;31;847;31;43;31
TE136;26.01.2024;6;1.0;940;33;913;33;27;33
TE136;26.01.2024;7;1.0;852;33;829;33;23;33
TE136;26.01.2024;8;1.0;906;32;872;32;34;29
TE136;26.01.2024;9;1.0;718;31;672;32;46;31
TE136;26.01.2024;10;1.0;632;33;598;34;34;31
TE136;26.01.2024;11;1.0;534;37;514;38;20;36
TE136;26.01.2024;12;1.0;537;35;514;34;23;34
TE136;26.01.2024;13;1.0;381;36;359;36;22;35
TE136;26.01.2024;14;1.0;239;36;226;37;13;34
TE136;26.01.2024;15;1.0;113;39;103;40;10;39
TE136;26.01.2024;16;1.0;102;40;98;40;4;38
TE136;26.01.2024;17;1.0;68;43;65;43;3;41
TE136;26.01.2024;18;1.0;144;39;134;39;10;36
TE136;26.01.2024;19;1.0;258;38;237;38;21;36
TE136;26.01.2024;20;1.0;505;36;467;36;38;35
TE136;26.01.2024;21;1.0;642;33;618;33;24;32
TE136;26.01.2024;22;1.0;615;33;590;33;25;31
TE136;26.01.2024;23;1.0;711;32;666;32;45;30
TE136;27.01.2024;0;1.0;747;34;697;34;50;33
TE136;27.01.2024;1;1.0;681;35;641;35;40;34
TE136;27.01.2024;2;1.0;653;34;606;34;47;33
TE136;27.01.2024;3;1.0;711;35;689;35;22;36
TE136;27.01.2024;4;1.0;881;33;863;33;18;32
TE136;27.01.2024;5;1.0;955;33;938;33;17;32
TE136;27.01.2024;6;1.0;1003;31;984;31;19;28
TE136;27.01.2024;7;1.0;944;33;930;33;14;32
TE136;27.01.2024;8;1.0;921;33;900;33;21;31
TE136;27.01.2024;9;1.0;764;36;732;36;32;34
TE136;27.01.2024;10;1.0;638;39;613;39;25;34
TE136;27.01.2024;11;1.0;549;38;528;38;21;34
TE136;27.01.2024;12;1.0;531;35;501;35;30;33
TE136;27.01.2024;13;1.0;394;35;369;35;25;33
TE136;27.01.2024;14;1.0;274;39;257;39;17;36
TE136;27.01.2024;15;1.0;164;41;156;41;8;38
TE136;27.01.2024;16;1.0;114;39;112;39;2;37
TE136;27.01.2024;17;1.0;80;38;77;38;3;36
TE136;27.01.2024;18;1.0;137;31;120;31;17;30
TE136;27.01.2024;19;1.0;244;42;233;43;11;37
TE136;27.01.2024;20;1.0;434;41;406;42;28;37
TE136;27.01.2024;21;1.0;568;36;548;36;20;34
TE136;27.01.2024;22;1.0;647;36;625;36;22;33
TE136;27.01.2024;23;1.0;638;37;615;37;23;35
TE136;28.01.2024;0;1.0;661;36;630;36;31;35
TE136;28.01.2024;1;1.0;715;35;687;35;28;35
TE136;28.01.2024;2;1.0;769;29;732;29;37;28
TE136;28.01.2024;3;1.0;820;33;801;33;19;31
TE136;28.01.2024;4;1.0;940;35;922;35;18;35
TE136;28.01.2024;5;1.0;931;34;909;34;22;35
TE136;28.01.2024;6;1.0;836;32;815;33;21;31
TE136;28.01.2024;7;1.0;848;31;821;31;27;32
TE136;28.01.2024;8;1.0;850;33;818;33;32;31
TE136;28.01.2024;9;1.0;796;31;761;31;35;29
TE136;28.01.2024;10;1.0;672;33;643;33;29;30
TE136;28.01.2024;11;1.0;605;34;583;34;22;32
TE136;28.01.2024;12;1.0;701;34;678;34;23;33
TE136;28.01.2024;13;1.0;600;37;583;37;17;33
TE136;28.01.2024;14;1.0;448;37;435;37;13;36
TE136;28.01.2024;15;1.0;385;39;376;39;9;37
TE136;28.01.2024;16;1.0;304;40;290;40;14;37
TE136;28.01.2024;17;1.0;232;42;222;42;10;43
TE136;28.01.2024;18;1.0;200;42;188;42;12;36
TE136;28.01.2024;19;1.0;194;38;180;38;14;35
TE136;28.01.2024;20;1.0;204;42;191;42;13;38
TE136;28.01.2024;21;1.0;250;40;224;40;26;39
TE136;28.01.2024;22;1.0;368;41;349;41;19;38
TE136;28.01.2024;23;1.0;518;35;491;35;27;35
TE136;29.01.2024;0;1.0;649;35;621;35;28;33
TE136;29.01.2024;1;1.0;645;34;611;34;34;32
TE136;29.01.2024;2;1.0;766;31;717;31;49;29
TE136;29.01.2024;3;1.0;881;30;827;30;54;28
TE136;29.01.2024;4;1.0;858;29;809;29;49;28
TE136;29.01.2024;5;1.0;857;28;821;28;36;27
TE136;29.01.2024;6;1.0;908;26;864;26;44;26
TE136;29.01.2024;7;1.0;920;28;885;28;35;28
TE136;29.01.2024;8;1.0;862;28;826;28;36;27
TE136;29.01.2024;9;1.0;826;30;788;30;38;30
TE136;29.01.2024;10;1.0;732;32;693;32;39;31
TE136;29.01.2024;11;1.0;658;33;631;33;27;32
TE136;29.01.2024;12;1.0;652;33;625;33;27;31
TE136;29.01.2024;13;1.0;640;35;617;35;23;33
TE136;29.01.2024;14;1.0;522;35;503;35;19;33
TE136;29.01.2024;15;1.0;456;37;448;37;8;33
TE136;29.01.2024;16;1.0;345;39;334;39;11;35
TE136;29.01.2024;17;1.0;309;37;302;38;7;34
TE136;29.01.2024;18;1.0;233;39;226;39;7;39
TE136;29.01.2024;19;1.0;226;42;219;42;7;41
TE136;29.01.2024;20;1.0;142;40;132;39;10;37
TE136;29.01.2024;21;1.0;179;39;170;39;9;37
TE136;29.01.2024;22;1.0;239;37;222;38;17;34
TE136;29.01.2024;23;1.0;368;36;350;36;18;35
TE136;30.01.2024;0;1.0;508;33;474;33;34;32
TE136;30.01.2024;1;1.0;554;33;525;33;29;32
TE136;30.01.2024;2;1.0;671;32;644;32;27;32
TE136;30.01.2024;3;1.0;799;30;775;30;24;29
TE136;30.01.2024;4;1.0;781;31;742;31;39;29
TE136;30.01.2024;5;1.0;815;31;789;31;26;30
TE136;30.01.2024;6;1.0;907;29;874;29;33;29
TE136;30.01.2024;7;1.0;896;24;865;24;31;25
TE136;30.01.2024;8;1.0;826;30;797;30;29;28
TE136;30.01.2024;9;1.0;718;31;681;31;37;30
TE136;30.01.2024;10;1.0;599;33;570;33;29;31
TE136;30.01.2024;11;1.0;570;33;546;34;24;30
TE136;30.01.2024;12;1.0;479;35;455;35;24;33
TE136;30.01.2024;13;1.0;322;36;302;36;20;35
TE136;30.01.2024;14;1.0;222;37;206;37;16;32
TE136;30.01.2024;15;1.0;112;33;104;34;7;33
TE136;30.01.2024;16;1.0;104;39;101;39;3;37
TE136;30.01.2024;17;1.0;57;38;54;38;3;36
TE136;30.01.2024;18;1.0;114;37;105;37;9;36
TE136;30.01.2024;19;1.0;241;37;224;37;17;34
TE136;30.01.2024;20;1.0;458;36;427;36;31;37
TE136;30.01.2024;21;1.0;598;33;572;33;26;31
TE136;30.01.2024;22;1.0;666;32;634;32;32;30
TE136;30.01.2024;23;1.0;689;32;659;32;30;31
TE136;31.01.2024;0;1.0;603;32;570;32;33;32
TE136;31.01.2024;1;1.0;662;33;635;33;27;32
TE136;31.01.2024;2;1.0;690;32;647;32;43;31
TE136;31.01.2024;3;1.0;761;30;720;30;41;31
TE136;31.01.2024;4;1.0;778;30;738;30;40;31
TE136;31.01.2024;5;1.0;964;32;931;32;33;31
TE136;31.01.2024;6;1.0;907;29;884;30;23;30
TE136;31.01.2024;7;1.0;818;31;787;31;31;30
TE136;31.01.2024;8;1.0;839;30;811;30;28;29
TE136;31.01.2024;9;1.0;649;31;624;31;25;29
TE136;31.01.2024;10;1.0;540;31;510;32;30;30
TE136;31.01.2024;11;1.0;480;34;457;35;23;32
TE136;31.01.2024;12;1.0;391;35;375;35;16;33
TE136;31.01.2024;13;1.0;310;37;293;37;17;34
TE136;31.01.2024;14;1.0;224;37;209;37;15;34
TE136;31.01.2024;15;1.0;136;38;129;38;7;35
TE136;31.01.2024;16;1.0;100;37;99;37;1;33
TE136;31.01.2024;17;1.0;63;37;59;37;4;32
TE136;31.01.2024;18;1.0;111;38;99;39;12;33
TE136;31.01.2024;19;1.0;252;38;237;39;15;35
TE136;31.01.2024;20;1.0;477;36;438;36;39;34
TE136;31.01.2024;21;1.0;598;27;573;27;24;26
TE136;31.01.2024;22;1.0;592;32;567;32;25;32
TE136;31.01.2024;23;1.0;651;33;617;33;34;32
TE137;09.01.2024;9;1.0;680;42;620;41;60;48
TE137;09.01.2024;10;1.0;665;44;605;43;60;50
TE137;09.01.2024;11;1.0;784;40;689;39;95;50
TE137;09.01.2024;12;1.0;786;39;714;38;72;45
TE137;09.01.2024;13;1.0;765;39;721;38;44;42
TE137;09.01.2024;14;1.0;757;37;709;37;48;40
TE137;09.01.2024;15;1.0;661;41;625;41;36;41
TE137;09.01.2024;16;1.0;473;46;422;45;51;53
TE137;09.01.2024;17;1.0;406;50;370;49;36;56
TE137;09.01.2024;18;1.0;328;52;295;52;33;57
TE137;09.01.2024;19;1.0;281;55;251;55;30;61
TE137;09.01.2024;20;1.0;173;63;138;61;35;74
TE137;09.01.2024;22;1.0;62;74;44;71;18;80
TE137;09.01.2024;23;1.0;65;64;24;59;41;67
TE137;10.01.2024;1;1.0;243;68;150;63;93;76
TE137;10.01.2024;2;1.0;539;56;431;52;108;72
TE137;10.01.2024;3;1.0;753;43;705;43;48;46
TE137;10.01.2024;4;1.0;950;44;879;44;71;47
TE137;10.01.2024;5;1.0;805;45;756;45;49;48
TE137;10.01.2024;6;1.0;796;48;703;47;93;54
TE137;10.01.2024;7;1.0;748;44;674;44;74;46
TE137;10.01.2024;8;1.0;770;44;658;44;112;50
TE137;10.01.2024;9;1.0;829;46;667;44;162;56
TE137;10.01.2024;10;1.0;805;46;664;45;141;52
TE137;10.01.2024;11;1.0;795;46;641;44;154;56
TE137;10.01.2024;12;1.0;824;38;767;38;57;41
TE137;10.01.2024;13;1.0;800;40;712;39;88;48
TE137;10.01.2024;14;1.0;806;43;729;42;77;49
TE137;10.01.2024;15;1.0;636;44;598;43;38;47
TE137;10.01.2024;16;1.0;507;45;453;44;54;52
TE137;10.01.2024;17;1.0;443;53;386;51;57;66
TE137;10.01.2024;18;1.0;347;55;304;54;43;60
TE137;10.01.2024;19;1.0;258;53;227;53;31;56
TE137;10.01.2024;20;1.0;196;58;172;57;24;60
TE137;10.01.2024;21;1.0;126;63;111;64;15;68
TE137;10.01.2024;22;1.0;68;60;65;60;3;59
TE137;10.01.2024;23;1.0;85;66;68;65;17;72
TE137;11.01.2024;0;1.0;138;75;88;71;50;79
TE137;11.01.2024;1;1.0;266;59;216;58;50;68
TE137;11.01.2024;2;1.0;544;53;484;52;60;60
TE137;11.01.2024;3;1.0;748;46;696;45;52;51
TE137;11.01.2024;4;1.0;919;41;865;41;54;45
TE137;11.01.2024;5;1.0;913;46;809;45;104;55
TE137;11.01.2024;6;1.0;782;47;650;45;132;53
TE137;11.01.2024;7;1.0;844;45;690;43;154;53
TE137;11.01.2024;8;1.0;781;46;626;43;155;58
TE137;11.01.2024;9;1.0;847;51;577;44;270;66
TE137;11.01.2024;10;1.0;809;48;584;42;225;63
TE137;11.01.2024;11;1.0;796;46;590;41;206;60
TE137;11.01.2024;12;1.0;776;47;570;43;206;63
TE137;11.01.2024;13;1.0;823;45;614;40;209;58
TE137;11.01.2024;14;1.0;893;42;796;40;97;49
TE137;11.01.2024;15;1.0;723;43;665;43;58;49
TE137;11.01.2024;16;1.0;562;46;503;45;59;54
TE137;11.01.2024;17;1.0;463;49;416;48;47;55
TE137;11.01.2024;18;1.0;426;52;383;52;43;59
TE137;11.01.2024;19;1.0;309;52;281;52;28;54
TE137;11.01.2024;20;1.0;165;58;144;58;21;61
TE137;11.01.2024;21;1.0;109;55;97;55;12;59
TE137;11.01.2024;22;1.0;91;57;87;57;4;58
TE137;11.01.2024;23;1.0;74;68;55;65;19;75
TE137;12.01.2024;0;1.0;114;62;91;62;23;62
TE137;12.01.2024;1;1.0;253;62;224;62;29;67
TE137;12.01.2024;2;1.0;499;55;472;55;27;58
TE137;12.01.2024;3;1.0;704;47;668;47;36;50
TE137;12.01.2024;4;1.0;873;47;803;46;70;57
TE137;12.01.2024;5;1.0;905;49;812;48;93;60
TE137;12.01.2024;6;1.0;679;38;624;38;55;42
TE137;12.01.2024;7;1.0;772;46;717;46;55;52
TE137;12.01.2024;8;1.0;769;44;714;44;55;50
TE137;12.01.2024;9;1.0;760;44;715;44;45;47
TE137;12.01.2024;10;1.0;793;45;739;45;54;51
TE137;12.01.2024;11;1.0;905;43;836;43;69;51
TE137;12.01.2024;12;1.0;760;44;718;43;42;50
TE137;12.01.2024;13;1.0;792;43;736;43;56;50
TE137;12.01.2024;14;1.0;825;43;752;43;73;53
TE137;12.01.2024;15;1.0;741;44;663;43;78;51
TE137;12.01.2024;16;1.0;524;50;474;49;50;58
TE137;12.01.2024;17;1.0;405;48;350;46;55;57
TE137;12.01.2024;18;1.0;433;59;368;56;65;69
TE137;12.01.2024;19;1.0;313;68;239;65;74;77
TE137;12.01.2024;20;1.0;205;68;160;66;45;77
TE137;12.01.2024;21;1.0;136;70;112;69;24;76
TE137;12.01.2024;22;1.0;87;70;69;69;18;79
TE137;12.01.2024;23;1.0;75;68;55;68;20;70
TE137;13.01.2024;0;1.0;117;65;100;64;17;71
TE137;13.01.2024;1;1.0;226;66;199;65;27;71
TE137;13.01.2024;2;1.0;446;62;404;61;42;68
TE137;13.01.2024;3;1.0;700;51;640;50;60;57
TE137;13.01.2024;4;1.0;849;44;805;44;44;47
TE137;13.01.2024;5;1.0;746;51;669;50;77;59
TE137;13.01.2024;6;1.0;711;51;634;50;77;57
TE137;13.01.2024;7;1.0;755;49;660;48;95;55
TE137;13.01.2024;8;1.0;818;38;770;39;48;40
TE137;13.01.2024;9;1.0;730;44;685;43;45;45
TE137;13.01.2024;10;1.0;777;48;667;46;110;63
TE137;13.01.2024;11;1.0;794;39;755;39;39;40
TE137;13.01.2024;12;1.0;807;42;748;42;59;46
TE137;13.01.2024;13;1.0;894;42;825;42;69;48
TE137;13.01.2024;14;1.0;911;46;802;44;109;54
TE137;13.01.2024;15;1.0;789;50;656;48;133;64
TE137;13.01.2024;16;1.0;623;49;571;49;52;55
TE137;13.01.2024;17;1.0;523;55;466;53;57;63
TE137;13.01.2024;18;1.0;480;58;385;55;95;72
TE137;13.01.2024;19;1.0;410;59;347;57;63;71
TE137;13.01.2024;20;1.0;311;61;241;58;70;72
TE137;13.01.2024;21;1.0;261;66;224;65;37;74
TE137;13.01.2024;22;1.0;207;73;147;69;60;82
TE137;13.01.2024;23;1.0;166;68;129;67;37;73
TE137;14.01.2024;0;1.0;129;71;110;70;19;76
TE137;14.01.2024;1;1.0;134;68;111;66;23;74
TE137;14.01.2024;2;1.0;164;64;138;63;26;66
TE137;14.01.2024;3;1.0;187;68;138;65;49;78
TE137;14.01.2024;4;1.0;256;60;218;59;38;69
TE137;14.01.2024;5;1.0;455;54;403;53;52;64
TE137;14.01.2024;6;1.0;615;43;570;43;45;45
TE137;14.01.2024;7;1.0;649;56;483;49;166;76
TE137;14.01.2024;8;1.0;716;41;675;41;41;45
TE137;14.01.2024;9;1.0;793;34;759;35;34;35
TE137;14.01.2024;10;1.0;818;42;732;41;86;49
TE137;14.01.2024;11;1.0;797;40;762;40;35;42
TE137;14.01.2024;12;1.0;779;30;751;30;28;30
TE137;14.01.2024;13;1.0;805;39;739;39;66;46
TE137;14.01.2024;14;1.0;836;44;744;41;92;61
TE137;14.01.2024;15;1.0;728;33;668;32;60;37
TE137;14.01.2024;16;1.0;611;52;479;48;132;68
TE137;14.01.2024;17;1.0;561;56;457;53;104;69
TE137;14.01.2024;18;1.0;522;55;449;53;73;68
TE137;14.01.2024;19;1.0;417;53;377;52;40;63
TE137;14.01.2024;20;1.0;355;59;329;58;26;66
TE137;14.01.2024;21;1.0;266;49;258;49;8;48
TE137;14.01.2024;22;1.0;242;59;234;59;8;61
TE137;14.01.2024;23;1.0;176;66;160;66;16;75
TE137;15.01.2024;0;1.0;155;63;142;62;13;68
TE137;15.01.2024;1;1.0;157;68;124;64;33;82
TE137;15.01.2024;2;1.0;146;69;88;66;59;72
TE137;15.01.2024;3;1.0;166;70;117;67;49;76
TE137;15.01.2024;4;1.0;197;65;161;63;36;75
TE137;15.01.2024;5;1.0;323;52;291;51;32;56
TE137;15.01.2024;6;1.0;492;44;461;44;31;41
TE137;15.01.2024;7;1.0;478;53;445;53;33;57
TE137;15.01.2024;8;1.0;643;57;471;50;172;75
TE137;15.01.2024;9;1.0;812;52;584;45;229;72
TE137;15.01.2024;10;1.0;780;53;617;48;163;70
TE137;15.01.2024;11;1.0;812;53;551;47;261;67
TE137;15.01.2024;12;1.0;763;52;572;45;191;71
TE137;15.01.2024;13;1.0;786;46;721;46;65;55
TE137;21.01.2024;3;1.0;782;39;702;39;80;41
TE137;21.01.2024;4;1.0;818;39;727;39;91;43
TE137;21.01.2024;5;1.0;831;42;769;42;62;48
TE137;21.01.2024;6;1.0;787;56;482;45;305;72
TE137;21.01.2024;7;1.0;857;47;685;44;172;58
TE137;21.01.2024;8;1.0;933;48;742;45;191;60
TE137;21.01.2024;9;1.0;774;42;692;41;82;49
TE137;21.01.2024;10;1.0;676;44;604;43;72;52
TE137;21.01.2024;11;1.0;551;49;507;48;44;57
TE137;21.01.2024;12;1.0;531;52;438;49;93;70
TE137;21.01.2024;13;1.0;470;57;375;53;95;70
TE137;21.01.2024;14;1.0;360;60;293;57;67;73
TE137;21.01.2024;15;1.0;254;57;231;56;23;63
TE137;21.01.2024;16;1.0;197;65;142;60;55;74
TE137;21.01.2024;17;1.0;156;71;95;65;61;80
TE137;21.01.2024;18;1.0;147;65;103;60;44;76
TE137;21.01.2024;19;1.0;167;65;97;59;71;72
TE137;21.01.2024;20;1.0;193;69;131;64;62;78
TE137;21.01.2024;21;1.0;237;66;144;61;93;74
TE137;21.01.2024;22;1.0;288;56;233;53;55;66
TE137;21.01.2024;23;1.0;491;55;356;48;135;68
TE137;22.01.2024;0;1.0;641;44;584;43;57;55
TE137;22.01.2024;1;1.0;726;40;663;40;63;44
TE137;22.01.2024;2;1.0;669;34;624;35;45;36
TE137;22.01.2024;3;1.0;758;34;708;34;50;41
TE137;22.01.2024;4;1.0;859;44;762;43;97;51
TE137;22.01.2024;5;1.0;847;43;702;39;145;58
TE137;22.01.2024;6;1.0;760;37;693;36;67;44
TE137;22.01.2024;7;1.0;881;34;829;34;52;35
TE137;22.01.2024;8;1.0;810;36;742;35;68;48
TE137;22.01.2024;9;1.0;816;37;746;37;70;40
TE137;22.01.2024;10;1.0;646;43;592;42;54;47
TE137;22.01.2024;11;1.0;535;44;496;44;39;49
TE137;22.01.2024;12;1.0;508;45;477;44;31;52
TE137;22.01.2024;13;1.0;440;45;407;44;33;49
TE137;22.01.2024;14;1.0;396;45;379;45;17;49
TE137;22.01.2024;15;1.0;302;39;292;39;10;37
TE137;22.01.2024;16;1.0;263;53;252;53;11;57
TE137;22.01.2024;17;1.0;214;61;196;60;18;68
TE137;22.01.2024;18;1.0;158;58;142;57;16;59
TE137;22.01.2024;19;1.0;126;67;107;65;19;74
TE137;22.01.2024;20;1.0;122;64;101;64;21;66
TE137;22.01.2024;21;1.0;143;63;119;61;24;66
TE137;22.01.2024;22;1.0;183;58;156;57;27;65
TE137;22.01.2024;23;1.0;343;51;310;49;33;57
TE137;23.01.2024;0;1.0;499;54;419;51;80;66
TE137;23.01.2024;1;1.0;519;55;426;52;93;66
TE137;23.01.2024;2;1.0;667;48;550;46;117;59
TE137;23.01.2024;3;1.0;829;40;734;39;95;54
TE137;23.01.2024;4;1.0;801;42;741;42;60;48
TE137;23.01.2024;5;1.0;838;45;662;41;176;57
TE137;23.01.2024;6;1.0;781;37;730;37;51;39
TE137;23.01.2024;7;1.0;744;43;673;42;71;56
TE137;23.01.2024;8;1.0;700;48;544;44;157;63
TE137;23.01.2024;9;1.0;565;61;328;48;237;79
TE137;23.01.2024;10;1.0;504;55;309;49;195;65
TE137;23.01.2024;11;1.0;417;65;248;56;169;78
TE137;23.01.2024;12;1.0;340;68;192;58;148;82
TE137;23.01.2024;13;1.0;265;71;157;65;108;80
TE137;23.01.2024;14;1.0;181;75;107;69;74;84
TE137;23.01.2024;15;1.0;97;67;46;62;50;72
TE137;23.01.2024;17;1.0;71;67;25;64;47;67
TE137;23.01.2024;18;1.0;109;68;31;65;79;68
TE137;23.01.2024;19;1.0;216;64;97;62;119;67
TE137;23.01.2024;20;1.0;523;60;227;54;296;65
TE137;23.01.2024;21;1.0;735;53;388;48;347;59
TE137;23.01.2024;22;1.0;849;63;423;45;426;82
TE137;23.01.2024;23;1.0;834;63;458;50;376;79
TE137;24.01.2024;0;1.0;809;62;496;53;313;76
TE137;24.01.2024;1;1.0;757;48;579;42;178;67
TE137;24.01.2024;2;1.0;777;23;758;23;19;32
TE137;24.01.2024;3;1.0;692;25;672;24;20;33
TE137;24.01.2024;4;1.0;702;22;690;22;12;38
TE137;24.01.2024;5;1.0;803;22;781;22;22;29
TE137;24.01.2024;6;1.0;753;21;738;20;15;37
TE137;24.01.2024;7;1.0;680;22;669;22;11;26
TE137;24.01.2024;8;1.0;683;25;676;25;7;23
TE137;24.01.2024;9;1.0;624;33;602;34;22;28
TE137;24.01.2024;10;1.0;462;37;440;36;22;38
TE137;24.01.2024;11;1.0;421;49;318;45;103;63
TE137;24.01.2024;12;1.0;401;55;301;51;100;67
TE137;24.01.2024;13;1.0;246;49;220;49;26;49
TE137;24.01.2024;14;1.0;204;57;172;57;32;63
TE137;24.01.2024;17;1.0;69;67;46;65;23;69
TE137;24.01.2024;18;1.0;97;67;70;64;27;74
TE137;24.01.2024;19;1.0;229;71;117;65;112;78
TE137;24.01.2024;20;1.0;514;66;359;60;155;79
TE137;24.01.2024;21;1.0;670;55;497;50;173;71
TE137;24.01.2024;22;1.0;877;53;488;44;389;63
TE137;24.01.2024;23;1.0;900;55;460;43;440;68
TE137;25.01.2024;0;1.0;774;60;376;47;398;73
TE137;25.01.2024;1;1.0;825;55;414;43;411;68
TE137;25.01.2024;2;1.0;898;57;473;43;425;72
TE137;25.01.2024;3;1.0;778;50;580;42;198;74
TE137;25.01.2024;4;1.0;769;39;714;38;55;39
TE137;25.01.2024;5;1.0;818;36;762;36;56;39
TE137;25.01.2024;6;1.0;860;37;791;36;69;40
TE137;25.01.2024;7;1.0;778;36;738;36;40;38
TE137;25.01.2024;8;1.0;750;33;719;33;31;31
TE137;25.01.2024;9;1.0;666;40;632;40;34;43
TE137;25.01.2024;10;1.0;536;43;485;42;51;48
TE137;25.01.2024;11;1.0;441;50;399;50;42;58
TE137;25.01.2024;12;1.0;378;58;309;56;69;68
TE137;25.01.2024;13;1.0;298;58;261;57;37;62
TE137;25.01.2024;14;1.0;186;60;172;60;14;60
TE137;25.01.2024;15;1.0;113;59;102;59;11;58
TE137;25.01.2024;16;1.0;74;65;60;65;14;70
TE137;25.01.2024;17;1.0;75;69;56;69;19;71
TE137;25.01.2024;18;1.0;90;70;37;67;53;71
TE137;25.01.2024;19;1.0;266;69;119;66;147;72
TE137;25.01.2024;20;1.0;553;60;243;52;309;66
TE137;25.01.2024;21;1.0;771;58;415;50;355;66
TE137;25.01.2024;22;1.0;860;44;578;36;282;62
TE137;25.01.2024;23;1.0;863;37;720;33;143;58
TE137;26.01.2024;0;1.0;811;37;779;37;32;36
TE137;26.01.2024;1;1.0;798;27;773;26;25;32
TE137;26.01.2024;2;1.0;745;20;730;20;15;37
TE137;26.01.2024;3;1.0;788;20;780;20;8;37
TE137;26.01.2024;4;1.0;787;21;776;21;11;32
TE137;26.01.2024;5;1.0;813;23;800;23;13;30
TE137;26.01.2024;6;1.0;832;28;815;28;17;24
TE137;26.01.2024;7;1.0;869;28;847;28;22;24
TE137;26.01.2024;8;1.0;814;26;792;27;22;26
TE137;26.01.2024;9;1.0;786;31;769;31;17;30
TE137;26.01.2024;10;1.0;562;37;534;37;28;34
TE137;26.01.2024;11;1.0;528;35;512;35;16;30
TE137;26.01.2024;12;1.0;421;43;392;43;29;41
TE137;26.01.2024;13;1.0;317;41;292;41;25;39
TE137;26.01.2024;14;1.0;182;50;162;49;20;52
TE137;26.01.2024;15;1.0;112;54;101;54;11;57
TE137;26.01.2024;16;1.0;80;52;77;52;3;50
TE137;26.01.2024;17;1.0;59;45;52;45;7;44
TE137;26.01.2024;18;1.0;89;47;76;47;13;46
TE137;26.01.2024;19;1.0;225;48;201;48;24;48
TE137;26.01.2024;20;1.0;537;39;502;40;35;39
TE137;26.01.2024;21;1.0;779;46;671;44;108;54
TE137;26.01.2024;22;1.0;857;38;780;37;77;46
TE137;26.01.2024;23;1.0;925;41;852;41;73;46
TE137;27.01.2024;0;1.0;753;42;708;42;45;42
TE137;27.01.2024;1;1.0;854;41;802;41;52;42
TE137;27.01.2024;2;1.0;878;38;833;38;45;39
TE137;27.01.2024;3;1.0;908;43;819;42;89;53
TE137;27.01.2024;4;1.0;839;39;795;39;44;45
TE137;27.01.2024;5;1.0;767;39;732;38;35;42
TE137;27.01.2024;6;1.0;916;36;866;36;50;37
TE137;27.01.2024;7;1.0;793;39;755;39;38;43
TE137;27.01.2024;8;1.0;834;39;765;38;69;47
TE137;27.01.2024;9;1.0;757;36;717;36;40;38
TE137;27.01.2024;10;1.0;557;45;509;44;48;52
TE137;27.01.2024;11;1.0;477;46;445;46;32;49
TE137;27.01.2024;12;1.0;447;44;419;44;28;45
TE137;27.01.2024;13;1.0;354;55;296;52;58;70
TE137;27.01.2024;14;1.0;218;73;142;68;76;85
TE137;27.01.2024;15;1.0;147;69;97;67;50;75
TE137;27.01.2024;16;1.0;87;67;74;65;13;75
TE137;27.01.2024;17;1.0;83;56;75;56;8;59
TE137;27.01.2024;18;1.0;108;43;87;43;20;44
TE137;27.01.2024;19;1.0;201;57;164;57;37;60
TE137;27.01.2024;20;1.0;470;58;416;58;54;63
TE137;27.01.2024;21;1.0;642;45;589;44;53;48
TE137;27.01.2024;22;1.0;758;48;678;47;80;56
TE137;27.01.2024;23;1.0;773;45;718;44;55;53
TE137;28.01.2024;0;1.0;732;52;592;49;140;64
TE137;28.01.2024;1;1.0;731;63;423;50;308;79
TE137;28.01.2024;2;1.0;734;45;531;38;203;62
TE137;28.01.2024;3;1.0;687;40;660;40;27;42
TE137;28.01.2024;4;1.0;755;33;736;33;19;38
TE137;28.01.2024;5;1.0;776;28;758;28;18;30
TE137;28.01.2024;6;1.0;833;35;787;33;46;64
TE137;28.01.2024;7;1.0;862;35;719;32;143;56
TE137;28.01.2024;8;1.0;842;37;803;37;39;41
TE137;28.01.2024;9;1.0;898;37;856;37;42;38
TE137;28.01.2024;10;1.0;689;39;631;38;58;44
TE137;28.01.2024;11;1.0;582;39;555;39;27;36
TE137;28.01.2024;12;1.0;525;45;483;44;42;52
TE137;28.01.2024;13;1.0;491;60;314;51;177;76
TE137;28.01.2024;14;1.0;383;59;294;53;89;77
TE137;28.01.2024;15;1.0;279;49;266;49;13;54
TE137;28.01.2024;16;1.0;212;47;201;47;11;47
TE137;28.01.2024;17;1.0;163;53;156;53;7;55
TE137;28.01.2024;18;1.0;147;60;125;60;22;61
TE137;28.01.2024;19;1.0;174;57;133;55;42;62
TE137;28.01.2024;20;1.0;206;62;156;60;50;67
TE137;28.01.2024;21;1.0;236;67;161;63;75;76
TE137;28.01.2024;22;1.0;320;59;223;55;97;69
TE137;28.01.2024;23;1.0;502;55;372;51;130;68
TE137;29.01.2024;0;1.0;695;41;619;39;76;52
TE137;29.01.2024;1;1.0;683;35;654;35;29;33
TE137;29.01.2024;2;1.0;829;39;783;39;46;42
TE137;29.01.2024;3;1.0;913;35;844;34;69;44
TE137;29.01.2024;4;1.0;851;35;776;34;75;40
TE137;29.01.2024;5;1.0;805;34;762;34;43;34
TE137;29.01.2024;6;1.0;805;33;766;33;39;34
TE137;29.01.2024;7;1.0;817;34;759;34;58;36
TE137;29.01.2024;8;1.0;870;33;820;33;50;33
TE137;29.01.2024;9;1.0;827;34;772;34;55;34
TE137;29.01.2024;10;1.0;675;43;603;42;72;53
TE137;29.01.2024;11;1.0;590;42;552;42;38;44
TE137;29.01.2024;12;1.0;561;43;529;43;32;48
TE137;29.01.2024;13;1.0;503;48;454;47;49;56
TE137;29.01.2024;14;1.0;397;49;374;49;23;55
TE137;29.01.2024;15;1.0;338;50;324;50;14;51
TE137;29.01.2024;16;1.0;282;53;267;53;15;55
TE137;29.01.2024;17;1.0;203;59;187;58;16;68
TE137;29.01.2024;18;1.0;182;59;160;58;22;69
TE137;29.01.2024;19;1.0;173;55;163;55;10;57
TE137;29.01.2024;20;1.0;169;55;149;55;20;60
TE137;29.01.2024;21;1.0;179;55;160;55;19;59
TE137;29.01.2024;22;1.0;257;61;205;57;52;72
TE137;29.01.2024;23;1.0;348;48;317;48;31;53
TE137;30.01.2024;0;1.0;547;48;453;44;94;62
TE137;30.01.2024;1;1.0;612;59;362;48;250;76
TE137;30.01.2024;2;1.0;745;49;479;42;265;61
TE137;30.01.2024;3;1.0;818;36;664;30;154;61
TE137;30.01.2024;4;1.0;837;37;785;37;52;43
TE137;30.01.2024;5;1.0;784;39;739;38;45;42
TE137;30.01.2024;6;1.0;866;31;827;31;39;33
TE137;30.01.2024;7;1.0;841;27;812;27;30;26
TE137;30.01.2024;8;1.0;786;34;754;34;32;37
TE137;30.01.2024;9;1.0;691;43;607;42;84;53
TE137;30.01.2024;10;1.0;539;50;472;48;67;62
TE137;30.01.2024;11;1.0;463;58;249;50;214;66
TE137;30.01.2024;12;1.0;437;71;251;60;186;86
TE137;30.01.2024;13;1.0;291;67;160;60;131;74
TE137;30.01.2024;14;1.0;187;71;113;65;74;82
TE137;30.01.2024;18;1.0;93;64;43;64;49;65
TE137;30.01.2024;19;1.0;203;73;121;69;82;79
TE137;30.01.2024;20;1.0;524;65;359;58;165;80
TE137;30.01.2024;21;1.0;748;46;637;45;111;54
TE137;30.01.2024;22;1.0;838;41;753;40;85;52
TE137;30.01.2024;23;1.0;861;50;547;44;315;62
TE137;31.01.2024;0;1.0;781;58;422;46;359;72
TE137;31.01.2024;1;1.0;786;62;383;45;403;78
TE137;31.01.2024;2;1.0;759;61;376;46;383;75
TE137;31.01.2024;3;1.0;885;47;473;34;412;62
TE137;31.01.2024;4;1.0;774;51;267;26;507;65
TE137;31.01.2024;5;1.0;850;54;430;38;420;72
TE137;31.01.2024;6;1.0;847;49;417;39;430;59
TE137;31.01.2024;7;1.0;871;54;454;40;417;70
TE137;31.01.2024;8;1.0;802;48;518;41;284;62
TE137;31.01.2024;9;1.0;655;39;605;38;50;43
TE137;31.01.2024;10;1.0;523;43;482;42;41;47
TE137;31.01.2024;11;1.0;467;54;364;51;103;67
TE137;31.01.2024;12;1.0;324;56;259;53;65;71
TE137;31.01.2024;13;1.0;282;60;219;58;63;73
TE137;31.01.2024;14;1.0;169;67;120;63;49;78
TE137;31.01.2024;19;1.0;242;77;127;72;115;82
TE137;31.01.2024;20;1.0;489;59;364;54;125;71
TE137;31.01.2024;21;1.0;675;37;606;37;68;40
TE137;31.01.2024;22;1.0;831;45;700;43;131;63
TE137;31.01.2024;23;1.0;884;51;629;45;255;66
TE140;01.01.2024;0;1.0;456;43;451;43;5;54
TE140;01.01.2024;1;1.0;621;39;617;39;4;50
TE140;01.01.2024;2;1.0;636;41;631;41;5;41
TE140;01.01.2024;3;1.0;536;42;534;42;2;40
TE140;01.01.2024;4;1.0;490;41;486;41;4;52
TE140;01.01.2024;5;1.0;476;37;473;37;3;51
TE140;01.01.2024;6;1.0;186;35;186;35;0;-1
TE140;01.01.2024;7;1.0;151;44;149;43;2;49
TE140;01.01.2024;8;1.0;168;47;167;47;1;49
TE140;01.01.2024;9;1.0;233;47;232;47;1;41
TE140;01.01.2024;10;1.0;278;44;274;44;4;52
TE140;01.01.2024;11;1.0;330;36;325;36;5;44
TE140;01.01.2024;12;1.0;459;31;458;31;1;33
TE140;01.01.2024;13;1.0;495;42;494;42;1;42
TE140;01.01.2024;14;1.0;553;44;549;44;4;41
TE140;01.01.2024;15;1.0;673;37;665;37;8;36
TE140;01.01.2024;16;1.0;619;30;610;30;9;40
TE140;01.01.2024;17;1.0;664;36;658;36;6;41
TE140;01.01.2024;18;1.0;652;34;641;34;11;35
TE140;01.01.2024;19;1.0;561;37;558;37;3;32
TE140;01.01.2024;20;1.0;550;41;544;41;6;43
TE140;01.01.2024;21;1.0;488;44;486;44;2;39
TE140;01.01.2024;22;1.0;428;41;428;41;0;-1
TE140;01.01.2024;23;1.0;360;37;358;37;2;40
TE140;02.01.2024;0;1.0;245;37;240;36;5;40
TE140;02.01.2024;1;1.0;195;34;191;34;4;42
TE140;02.01.2024;2;1.0;154;33;149;33;5;31
TE140;02.01.2024;3;1.0;137;31;128;31;9;35
TE140;02.01.2024;4;1.0;174;44;165;44;9;43
TE140;02.01.2024;5;1.0;352;46;347;46;5;46
TE140;02.01.2024;6;1.0;482;43;467;43;15;42
TE140;02.01.2024;7;1.0;527;43;505;43;22;41
TE140;02.01.2024;8;1.0;625;40;600;40;25;38
TE140;02.01.2024;9;1.0;579;38;555;38;24;41
TE140;02.01.2024;10;1.0;640;40;627;40;13;42
TE140;02.01.2024;11;1.0;621;42;609;41;12;42
TE140;02.01.2024;12;1.0;758;40;743;40;15;40
TE140;02.01.2024;13;1.0;752;37;741;37;11;37
TE140;02.01.2024;14;1.0;759;39;747;38;12;40
TE140;02.01.2024;15;1.0;756;34;752;34;4;30
TE140;02.01.2024;16;1.0;796;41;784;41;12;42
TE140;02.01.2024;17;1.0;786;40;783;40;3;44
TE140;02.01.2024;18;1.0;756;26;753;26;3;29
TE140;02.01.2024;19;1.0;686;41;679;41;7;40
TE140;02.01.2024;20;1.0;598;39;592;39;6;37
TE140;02.01.2024;21;1.0;564;35;560;35;4;30
TE140;02.01.2024;22;1.0;479;35;476;35;3;25
TE140;02.01.2024;23;1.0;395;34;391;34;4;22
TE140;03.01.2024;0;1.0;283;32;282;32;1;42
TE140;03.01.2024;1;1.0;183;21;180;20;3;42
TE140;03.01.2024;2;1.0;152;31;147;31;5;45
TE140;03.01.2024;3;1.0;135;34;131;34;4;37
TE140;03.01.2024;4;1.0;130;18;129;18;1;33
TE140;03.01.2024;5;1.0;362;16;358;16;4;32
TE140;03.01.2024;6;1.0;532;33;517;33;15;37
TE140;03.01.2024;7;1.0;584;30;557;29;27;36
TE140;03.01.2024;8;1.0;707;31;686;30;21;35
TE140;03.01.2024;9;1.0;685;40;653;40;32;41
TE140;03.01.2024;10;1.0;710;39;673;39;37;39
TE140;03.01.2024;11;1.0;732;39;713;39;19;46
TE140;03.01.2024;12;1.0;778;33;742;33;37;38
TE140;03.01.2024;13;1.0;771;35;758;35;13;40
TE140;03.01.2024;14;1.0;852;37;826;36;26;43
TE140;03.01.2024;15;1.0;878;37;849;37;29;42
TE140;03.01.2024;16;1.0;843;38;804;38;39;48
TE140;03.01.2024;17;1.0;853;37;842;37;11;43
TE140;03.01.2024;18;1.0;817;40;811;40;6;38
TE140;03.01.2024;19;1.0;709;42;697;42;12;46
TE140;03.01.2024;20;1.0;644;38;640;38;4;47
TE140;03.01.2024;21;1.0;553;30;546;30;7;37
TE140;03.01.2024;22;1.0;478;27;474;26;4;42
TE140;03.01.2024;23;1.0;404;32;400;32;4;40
TE140;04.01.2024;0;1.0;273;36;268;36;4;42
TE140;04.01.2024;1;1.0;184;29;180;29;4;31
TE140;04.01.2024;2;1.0;137;32;130;32;7;35
TE140;04.01.2024;3;1.0;123;35;112;34;12;39
TE140;04.01.2024;4;1.0;155;35;148;35;7;41
TE140;04.01.2024;5;1.0;358;41;352;41;6;42
TE140;04.01.2024;6;1.0;493;39;478;39;15;34
TE140;04.01.2024;7;1.0;627;44;618;44;9;45
TE140;04.01.2024;8;1.0;723;32;705;32;18;33
TE140;04.01.2024;9;1.0;779;38;753;38;26;39
TE140;04.01.2024;10;1.0;737;37;702;37;35;40
TE140;04.01.2024;11;1.0;767;35;750;35;17;38
TE140;04.01.2024;12;1.0;703;35;692;35;11;34
TE140;04.01.2024;13;1.0;784;32;765;32;19;32
TE140;04.01.2024;14;1.0;909;38;898;39;11;37
TE140;04.01.2024;15;1.0;867;43;858;43;9;43
TE140;04.01.2024;16;1.0;866;35;859;35;7;35
TE140;04.01.2024;17;1.0;896;44;889;44;7;44
TE140;04.01.2024;18;1.0;831;38;824;38;7;38
TE140;04.01.2024;19;1.0;733;35;730;35;3;32
TE140;04.01.2024;20;1.0;677;43;669;43;6;46
TE140;04.01.2024;21;1.0;598;36;596;36;2;52
TE140;04.01.2024;22;1.0;504;48;501;48;3;52
TE140;04.01.2024;23;1.0;439;47;436;47;3;52
TE140;05.01.2024;0;1.0;280;48;279;48;1;51
TE140;05.01.2024;1;1.0;210;35;202;35;6;41
TE140;05.01.2024;2;1.0;131;44;123;44;7;49
TE140;05.01.2024;3;1.0;134;45;124;46;10;44
TE140;05.01.2024;4;1.0;152;37;149;37;3;46
TE140;05.01.2024;5;1.0;356;46;341;46;15;47
TE140;05.01.2024;6;1.0;550;37;521;37;29;38
TE140;05.01.2024;7;1.0;583;41;552;41;31;39
TE140;05.01.2024;8;1.0;571;39;541;39;30;34
TE140;05.01.2024;9;1.0;654;43;637;43;16;44
TE140;05.01.2024;10;1.0;694;35;675;35;20;35
TE140;05.01.2024;11;1.0;782;35;762;35;20;30
TE140;05.01.2024;13;1.0;834;35;822;35;12;35
TE140;05.01.2024;14;1.0;801;34;788;34;13;35
TE140;05.01.2024;15;1.0;856;31;844;31;12;32
TE140;05.01.2024;16;1.0;801;41;789;41;11;41
TE140;05.01.2024;17;1.0;879;39;872;39;7;40
TE140;05.01.2024;18;1.0;778;47;773;47;5;50
TE140;05.01.2024;20;1.0;695;39;692;39;2;42
TE140;05.01.2024;21;1.0;652;35;651;35;1;50
TE140;05.01.2024;22;1.0;608;36;603;36;6;30
TE140;05.01.2024;23;1.0;555;40;554;40;1;44
TE140;06.01.2024;0;1.0;418;41;412;41;6;42
TE140;06.01.2024;2;1.0;273;41;273;41;0;-1
TE140;06.01.2024;4;1.0;216;41;213;41;4;36
TE140;06.01.2024;5;1.0;267;38;262;38;5;38
TE140;06.01.2024;6;1.0;247;35;242;35;4;36
TE140;06.01.2024;7;1.0;227;36;219;36;8;36
TE140;06.01.2024;8;1.0;317;44;307;44;11;41
TE140;06.01.2024;10;1.0;493;34;476;34;17;36
TE140;06.01.2024;11;1.0;611;42;599;42;12;42
TE140;06.01.2024;12;1.0;602;38;592;38;10;42
TE140;06.01.2024;14;1.0;759;35;752;35;7;33
TE140;06.01.2024;15;1.0;776;34;761;34;14;37
TE140;06.01.2024;16;1.0;826;40;819;40;9;38
TE140;06.01.2024;17;1.0;896;36;884;36;12;37
TE140;06.01.2024;18;1.0;815;44;806;44;9;41
TE140;06.01.2024;20;1.0;703;45;698;45;5;48
TE140;06.01.2024;21;1.0;691;41;689;41;2;50
TE140;06.01.2024;22;1.0;714;43;710;43;3;47
TE140;06.01.2024;23;1.0;609;49;606;49;3;50
TE140;07.01.2024;0;1.0;492;41;488;41;3;50
TE140;07.01.2024;1;1.0;435;44;434;44;1;50
TE140;07.01.2024;2;1.0;318;40;318;40;0;-1
TE140;07.01.2024;3;1.0;226;37;224;37;3;33
TE140;07.01.2024;4;1.0;227;37;227;37;0;-1
TE140;07.01.2024;5;1.0;220;34;220;34;0;-1
TE140;07.01.2024;6;1.0;160;39;159;38;1;50
TE140;07.01.2024;7;1.0;198;39;197;39;1;43
TE140;07.01.2024;8;1.0;195;48;194;48;1;45
TE140;07.01.2024;9;1.0;314;44;309;44;4;49
TE140;07.01.2024;10;1.0;439;40;433;40;6;39
TE140;07.01.2024;11;1.0;583;34;576;34;7;32
TE140;07.01.2024;13;1.0;822;34;820;34;3;30
TE140;07.01.2024;14;1.0;839;38;836;38;2;46
TE140;07.01.2024;15;1.0;857;41;854;41;3;50
TE140;07.01.2024;16;1.0;770;37;768;37;2;45
TE140;07.01.2024;17;1.0;847;43;829;43;19;40
TE140;07.01.2024;18;1.0;787;39;781;39;6;38
TE140;07.01.2024;19;1.0;723;44;705;44;18;41
TE140;07.01.2024;20;1.0;628;40;627;40;1;50
TE140;07.01.2024;21;1.0;599;43;594;43;5;45
TE140;07.01.2024;22;1.0;507;44;506;44;1;46
TE140;07.01.2024;23;1.0;389;37;378;37;11;38
TE140;08.01.2024;0;1.0;252;48;247;48;5;47
TE140;08.01.2024;1;1.0;224;42;216;42;8;45
TE140;08.01.2024;2;1.0;121;41;110;41;11;41
TE140;08.01.2024;3;1.0;115;38;109;38;6;38
TE140;08.01.2024;4;1.0;174;37;170;37;5;38
TE140;08.01.2024;5;1.0;433;34;424;34;9;35
TE140;08.01.2024;6;1.0;661;43;642;43;19;45
TE140;08.01.2024;7;1.0;756;38;713;38;44;38
TE140;08.01.2024;8;1.0;779;40;745;40;34;40
TE140;08.01.2024;9;1.0;672;33;631;33;41;27
TE140;08.01.2024;10;1.0;669;43;650;43;19;42
TE140;08.01.2024;12;1.0;693;36;682;36;11;35
TE140;08.01.2024;13;1.0;728;41;702;41;25;42
TE140;08.01.2024;14;1.0;736;39;719;39;18;37
TE140;08.01.2024;15;1.0;764;32;752;32;12;31
TE140;08.01.2024;16;1.0;778;37;768;37;11;36
TE140;08.01.2024;17;1.0;744;36;733;36;11;35
TE140;08.01.2024;18;1.0;807;37;799;37;9;35
TE140;08.01.2024;19;1.0;649;38;641;38;9;36
TE140;08.01.2024;20;1.0;573;34;568;34;5;36
TE140;08.01.2024;21;1.0;499;41;497;41;2;42
TE140;08.01.2024;22;1.0;416;38;412;38;2;42
TE140;08.01.2024;23;1.0;348;39;346;39;2;50
TE140;09.01.2024;0;1.0;214;41;208;40;5;45
TE140;09.01.2024;1;1.0;177;45;167;45;10;42
TE140;09.01.2024;2;1.0;106;43;99;43;7;47
TE140;09.01.2024;3;1.0;105;36;93;36;12;33
TE140;09.01.2024;4;1.0;160;41;154;41;6;43
TE140;09.01.2024;5;1.0;400;38;386;38;16;37
TE140;09.01.2024;6;1.0;686;37;657;37;27;39
TE140;09.01.2024;7;1.0;783;39;744;39;38;39
TE140;09.01.2024;8;1.0;889;36;847;36;42;37
TE140;09.01.2024;9;1.0;756;31;727;31;29;26
TE140;09.01.2024;10;1.0;762;39;723;40;39;38
TE140;09.01.2024;11;1.0;755;40;716;41;39;35
TE140;09.01.2024;12;1.0;714;29;662;29;51;29
TE140;09.01.2024;13;1.0;752;32;725;32;28;31
TE140;09.01.2024;14;1.0;853;31;812;31;41;32
TE140;09.01.2024;15;1.0;871;36;855;36;15;40
TE140;09.01.2024;16;1.0;872;36;867;36;5;42
TE140;09.01.2024;17;1.0;908;31;902;31;6;28
TE140;09.01.2024;18;1.0;812;43;809;43;3;43
TE140;09.01.2024;19;1.0;716;43;712;43;4;44
TE140;09.01.2024;20;1.0;653;39;644;40;7;42
TE140;09.01.2024;21;1.0;535;41;532;41;3;47
TE140;09.01.2024;22;1.0;491;47;487;47;4;43
TE140;09.01.2024;23;1.0;383;38;381;38;2;48
TE140;10.01.2024;0;1.0;257;45;255;45;2;50
TE140;10.01.2024;1;1.0;192;40;188;40;4;46
TE140;10.01.2024;2;1.0;138;37;126;38;12;36
TE140;10.01.2024;3;1.0;110;39;101;38;8;46
TE140;10.01.2024;4;1.0;180;33;178;33;2;44
TE140;10.01.2024;5;1.0;434;40;424;39;10;37
TE140;10.01.2024;6;1.0;671;40;648;40;23;40
TE140;10.01.2024;7;1.0;811;36;792;36;19;38
TE140;10.01.2024;8;1.0;821;37;803;37;19;36
TE140;10.01.2024;9;1.0;841;43;820;43;21;44
TE140;10.01.2024;10;1.0;815;34;790;34;25;35
TE140;10.01.2024;11;1.0;813;30;789;30;25;30
TE140;10.01.2024;12;1.0;822;35;794;34;28;36
TE140;10.01.2024;13;1.0;835;33;816;33;20;33
TE140;10.01.2024;14;1.0;835;38;807;38;28;39
TE140;10.01.2024;15;1.0;860;30;841;30;19;36
TE140;10.01.2024;17;1.0;919;38;905;38;14;40
TE140;10.01.2024;18;1.0;929;33;909;33;20;26
TE140;10.01.2024;19;1.0;840;38;823;38;16;40
TE140;10.01.2024;20;1.0;664;39;659;39;5;38
TE140;10.01.2024;21;1.0;593;35;587;35;5;40
TE140;10.01.2024;22;1.0;496;34;494;34;2;46
TE140;10.01.2024;23;1.0;420;32;410;32;9;34
TE140;11.01.2024;0;1.0;273;32;272;31;1;45
TE140;11.01.2024;1;1.0;200;41;192;41;7;46
TE140;11.01.2024;2;1.0;117;33;112;32;6;35
TE140;11.01.2024;3;1.0;83;36;76;35;8;32
TE140;11.01.2024;4;1.0;153;36;148;36;6;35
TE140;11.01.2024;6;1.0;629;34;625;34;4;39
TE140;11.01.2024;7;1.0;809;41;802;41;7;37
TE140;11.01.2024;9;1.0;716;30;703;30;12;24
TE140;11.01.2024;10;1.0;646;30;639;30;8;29
TE140;11.01.2024;11;1.0;674;24;653;24;21;25
TE140;11.01.2024;12;1.0;770;24;718;24;53;25
TE140;11.01.2024;13;1.0;821;34;798;34;23;38
TE140;11.01.2024;14;1.0;841;28;826;28;16;26
TE140;11.01.2024;16;1.0;793;35;789;35;4;34
TE140;11.01.2024;18;1.0;851;31;844;32;7;22
TE140;11.01.2024;19;1.0;772;33;769;33;3;30
TE140;11.01.2024;20;1.0;676;46;673;46;3;48
TE140;11.01.2024;21;1.0;614;35;612;35;3;34
TE140;11.01.2024;22;1.0;563;38;560;38;4;37
TE140;11.01.2024;23;1.0;473;35;470;35;4;34
TE140;12.01.2024;0;1.0;322;37;320;37;2;50
TE140;12.01.2024;1;1.0;203;38;199;38;3;47
TE140;12.01.2024;2;1.0;162;34;151;34;11;35
TE140;12.01.2024;3;1.0;133;51;120;51;13;52
TE140;12.01.2024;4;1.0;202;50;197;50;5;50
TE140;12.01.2024;5;1.0;365;47;362;47;3;50
TE140;12.01.2024;6;1.0;601;35;596;35;5;39
TE140;12.01.2024;7;1.0;718;41;704;41;15;39
TE140;12.01.2024;8;1.0;824;37;813;37;11;36
TE140;12.01.2024;9;1.0;785;37;776;37;8;39
TE140;12.01.2024;10;1.0;678;42;662;42;15;42
TE140;12.01.2024;11;1.0;696;38;687;38;8;41
TE140;12.01.2024;12;1.0;722;34;703;34;19;27
TE140;12.01.2024;13;1.0;801;29;769;29;32;34
TE140;12.01.2024;14;1.0;810;34;788;34;22;31
TE140;12.01.2024;15;1.0;859;35;835;35;24;33
TE140;12.01.2024;16;1.0;870;39;854;39;16;43
TE140;12.01.2024;17;1.0;886;44;876;44;10;43
TE140;12.01.2024;18;1.0;806;35;799;35;7;34
TE140;12.01.2024;19;1.0;884;40;880;40;4;38
TE140;12.01.2024;20;1.0;803;43;796;43;6;46
TE140;12.01.2024;21;1.0;692;44;687;44;4;48
TE140;12.01.2024;22;1.0;723;34;717;34;5;38
TE140;12.01.2024;23;1.0;534;41;524;41;10;40
TE140;13.01.2024;0;1.0;514;40;512;40;2;45
TE140;13.01.2024;1;1.0;375;38;374;38;1;52
TE140;13.01.2024;2;1.0;294;47;294;47;0;-1
TE140;13.01.2024;3;1.0;246;40;240;40;6;40
TE140;13.01.2024;4;1.0;251;43;245;43;6;44
TE140;13.01.2024;5;1.0;250;48;250;48;0;-1
TE140;13.01.2024;6;1.0;256;51;256;51;0;-1
TE140;13.01.2024;7;1.0;314;44;310;44;4;48
TE140;13.01.2024;8;1.0;381;44;374;44;7;49
TE140;13.01.2024;9;1.0;512;47;509;47;3;48
TE140;13.01.2024;10;1.0;597;48;581;48;16;49
TE140;13.01.2024;11;1.0;639;42;622;42;17;41
TE140;13.01.2024;12;1.0;715;45;707;44;8;45
TE140;13.01.2024;13;1.0;747;43;738;43;9;43
TE140;13.01.2024;14;1.0;748;42;740;42;6;46
TE140;13.01.2024;15;1.0;847;42;843;42;4;40
TE140;13.01.2024;16;1.0;882;38;874;38;8;38
TE140;13.01.2024;17;1.0;853;40;847;40;7;38
TE140;13.01.2024;18;1.0;855;41;852;41;3;43
TE140;13.01.2024;19;1.0;810;41;807;41;3;45
TE140;13.01.2024;20;1.0;776;46;776;46;0;-1
TE140;13.01.2024;21;1.0;680;46;677;46;3;46
TE140;13.01.2024;22;1.0;723;40;717;40;5;48
TE140;13.01.2024;23;1.0;652;45;648;45;4;42
TE140;14.01.2024;0;1.0;494;43;494;43;0;-1
TE140;14.01.2024;1;1.0;488;44;487;44;1;49
TE140;14.01.2024;2;1.0;362;40;361;40;1;42
TE140;14.01.2024;3;1.0;282;43;282;43;0;-1
TE140;14.01.2024;4;1.0;273;44;271;44;2;51
TE140;14.01.2024;5;1.0;237;49;236;49;1;55
TE140;14.01.2024;6;1.0;202;49;202;49;0;-1
TE140;14.01.2024;7;1.0;171;45;170;45;1;41
TE140;14.01.2024;8;1.0;197;43;195;43;2;44
TE140;14.01.2024;9;1.0;314;46;308;46;6;49
TE140;14.01.2024;10;1.0;511;48;508;48;3;44
TE140;14.01.2024;11;1.0;566;45;566;45;0;-1
TE140;14.01.2024;12;1.0;649;38;642;38;7;42
TE140;14.01.2024;13;1.0;808;44;801;44;7;47
TE140;14.01.2024;14;1.0;832;33;818;33;13;37
TE140;14.01.2024;15;1.0;807;38;802;38;5;47
TE140;14.01.2024;16;1.0;770;35;762;35;8;41
TE140;14.01.2024;17;1.0;809;47;806;47;3;46
TE140;14.01.2024;18;1.0;827;42;823;42;4;35
TE140;14.01.2024;19;1.0;786;36;781;36;5;32
TE140;14.01.2024;20;1.0;649;43;646;43;3;45
TE140;14.01.2024;21;1.0;570;38;537;38;34;36
TE140;14.01.2024;22;1.0;496;46;494;46;2;56
TE140;14.01.2024;23;1.0;426;37;412;37;14;38
TE140;15.01.2024;0;1.0;225;44;223;44;2;47
TE140;15.01.2024;1;1.0;193;49;186;49;7;48
TE140;15.01.2024;2;1.0;130;42;121;42;8;46
TE140;15.01.2024;3;1.0;177;41;159;41;18;38
TE140;15.01.2024;4;1.0;188;45;184;45;4;39
TE140;15.01.2024;5;1.0;406;43;394;44;12;41
TE140;15.01.2024;6;1.0;604;27;582;26;23;28
TE140;15.01.2024;7;1.0;696;31;656;31;40;34
TE140;15.01.2024;8;1.0;661;39;638;39;23;40
TE140;15.01.2024;9;1.0;530;30;486;30;44;31
TE140;15.01.2024;10;1.0;327;6;321;6;6;4
TE140;15.01.2024;11;1.0;604;37;589;37;15;38
TE140;15.01.2024;12;1.0;498;42;480;42;18;44
TE140;15.01.2024;13;1.0;605;36;596;36;9;36
TE140;15.01.2024;14;1.0;625;42;610;41;15;45
TE140;15.01.2024;15;1.0;615;46;606;46;9;48
TE140;15.01.2024;16;1.0;715;47;701;47;14;48
TE140;15.01.2024;17;1.0;832;45;827;45;5;48
TE140;15.01.2024;18;1.0;744;45;737;45;7;49
TE140;15.01.2024;19;1.0;708;48;703;48;5;43
TE140;15.01.2024;20;1.0;575;44;566;44;9;44
TE140;15.01.2024;21;1.0;528;44;522;44;5;48
TE140;15.01.2024;22;1.0;500;46;497;46;3;49
TE140;15.01.2024;23;1.0;374;46;373;46;1;48
TE140;16.01.2024;0;1.0;266;50;264;50;2;49
TE140;16.01.2024;1;1.0;160;49;158;49;2;51
TE140;16.01.2024;2;1.0;128;37;119;37;9;38
TE140;16.01.2024;3;1.0;100;35;94;35;6;38
TE140;16.01.2024;4;1.0;158;34;156;34;2;34
TE140;16.01.2024;5;1.0;375;40;375;40;0;-1
TE140;16.01.2024;6;1.0;645;40;635;40;10;39
TE140;16.01.2024;7;1.0;739;26;715;26;24;26
TE140;16.01.2024;8;1.0;425;8;415;8;10;11
TE140;16.01.2024;9;1.0;439;8;419;8;19;11
TE140;16.01.2024;10;1.0;683;29;668;29;15;32
TE140;16.01.2024;11;1.0;771;39;748;40;23;38
TE140;16.01.2024;12;1.0;650;33;627;33;24;37
TE140;16.01.2024;13;1.0;792;36;774;36;18;38
TE140;16.01.2024;14;1.0;816;32;800;32;16;35
TE140;16.01.2024;15;1.0;850;36;830;37;19;35
TE140;16.01.2024;16;1.0;838;29;815;29;23;26
TE140;16.01.2024;17;1.0;868;38;859;38;9;34
TE140;16.01.2024;18;1.0;899;44;890;44;9;44
TE140;16.01.2024;19;1.0;840;45;831;45;9;47
TE140;16.01.2024;20;1.0;620;47;611;47;9;48
TE140;16.01.2024;21;1.0;524;48;519;48;5;49
TE140;16.01.2024;22;1.0;458;46;447;46;11;48
TE140;16.01.2024;23;1.0;431;45;429;45;2;50
TE140;17.01.2024;0;1.0;288;46;285;46;3;46
TE140;17.01.2024;1;1.0;217;47;211;47;6;48
TE140;17.01.2024;2;1.0;143;45;134;45;9;46
TE140;17.01.2024;3;1.0;125;41;118;41;7;43
TE140;17.01.2024;4;1.0;168;42;164;42;4;43
TE140;17.01.2024;5;1.0;404;45;400;45;4;46
TE140;17.01.2024;6;1.0;681;43;655;43;26;43
TE140;17.01.2024;7;1.0;710;39;671;39;39;35
TE140;17.01.2024;8;1.0;737;30;699;30;38;30
TE140;17.01.2024;9;1.0;783;33;757;33;26;33
TE140;17.01.2024;10;1.0;795;36;751;37;44;33
TE140;17.01.2024;11;1.0;780;38;732;38;48;40
TE140;17.01.2024;12;1.0;739;32;697;32;42;34
TE140;17.01.2024;13;1.0;811;43;783;43;28;44
TE140;17.01.2024;14;1.0;816;41;789;41;28;39
TE140;17.01.2024;15;1.0;838;41;829;41;8;43
TE140;17.01.2024;16;1.0;892;43;885;43;5;45
TE140;17.01.2024;17;1.0;928;44;920;44;8;42
TE140;17.01.2024;18;1.0;928;46;923;46;5;46
TE140;17.01.2024;19;1.0;740;47;734;47;6;48
TE140;17.01.2024;20;1.0;629;46;629;46;0;-1
TE140;17.01.2024;21;1.0;607;47;606;47;1;46
TE140;17.01.2024;22;1.0;524;48;523;48;1;50
TE140;17.01.2024;23;1.0;473;47;472;47;1;50
TE140;18.01.2024;0;1.0;318;50;315;50;3;49
TE140;18.01.2024;1;1.0;221;51;216;51;5;49
TE140;18.01.2024;2;1.0;168;48;162;48;6;48
TE140;18.01.2024;3;1.0;134;49;125;49;9;49
TE140;18.01.2024;4;1.0;169;48;166;48;3;44
TE140;18.01.2024;5;1.0;441;48;434;48;7;47
TE140;18.01.2024;6;1.0;689;44;679;44;10;44
TE140;18.01.2024;7;1.0;774;34;755;34;19;31
TE140;18.01.2024;8;1.0;825;39;796;39;29;32
TE140;18.01.2024;9;1.0;821;43;802;43;19;41
TE140;18.01.2024;10;1.0;772;43;745;43;26;44
TE140;18.01.2024;11;1.0;763;42;735;42;27;43
TE140;18.01.2024;12;1.0;779;41;767;41;12;42
TE140;18.01.2024;13;1.0;809;39;786;39;24;39
TE140;18.01.2024;14;1.0;739;31;689;31;50;28
TE140;18.01.2024;15;1.0;868;38;850;38;18;36
TE140;18.01.2024;16;1.0;870;39;854;39;16;28
TE140;18.01.2024;17;1.0;914;44;907;44;7;42
TE140;18.01.2024;18;1.0;919;41;915;41;4;45
TE140;18.01.2024;19;1.0;764;45;756;45;8;44
TE140;18.01.2024;20;1.0;678;45;671;45;7;46
TE140;18.01.2024;21;1.0;610;46;606;46;4;45
TE140;18.01.2024;22;1.0;607;47;605;47;2;50
TE140;18.01.2024;23;1.0;460;46;459;46;1;47
TE140;19.01.2024;0;1.0;310;48;307;48;3;46
TE140;19.01.2024;1;1.0;252;45;247;45;5;46
TE140;19.01.2024;2;1.0;178;44;171;44;7;45
TE140;19.01.2024;3;1.0;155;49;148;49;7;47
TE140;19.01.2024;4;1.0;174;43;171;43;3;42
TE140;19.01.2024;5;1.0;381;46;373;46;8;46
TE140;19.01.2024;6;1.0;607;44;595;44;12;43
TE140;19.01.2024;7;1.0;709;40;666;40;43;44
TE140;19.01.2024;8;1.0;852;40;835;40;17;39
TE140;19.01.2024;9;1.0;795;41;755;41;41;41
TE140;19.01.2024;10;1.0;777;38;750;38;29;38
TE140;19.01.2024;11;1.0;770;37;728;37;43;36
TE140;19.01.2024;12;1.0;788;39;759;39;28;41
TE140;19.01.2024;13;1.0;899;39;856;39;43;40
TE140;19.01.2024;14;1.0;868;41;839;41;29;42
TE140;19.01.2024;15;1.0;878;40;867;40;11;41
TE140;19.01.2024;16;1.0;843;42;838;42;5;45
TE140;19.01.2024;17;1.0;906;42;892;42;14;42
TE140;19.01.2024;18;1.0;882;39;872;39;10;40
TE140;19.01.2024;19;1.0;780;41;767;41;13;42
TE140;19.01.2024;20;1.0;747;41;742;41;5;41
TE140;19.01.2024;21;1.0;725;42;723;42;2;40
TE140;19.01.2024;22;1.0;704;42;701;42;3;47
TE140;19.01.2024;23;1.0;673;40;668;40;5;46
TE140;20.01.2024;0;1.0;472;44;467;44;5;44
TE140;20.01.2024;1;1.0;422;43;418;43;4;44
TE140;20.01.2024;2;1.0;314;40;312;40;2;46
TE140;20.01.2024;3;1.0;237;41;231;41;6;48
TE140;20.01.2024;4;1.0;258;44;254;44;4;49
TE140;20.01.2024;5;1.0;290;44;283;44;7;49
TE140;20.01.2024;6;1.0;246;46;236;46;10;45
TE140;20.01.2024;7;1.0;306;44;292;44;14;46
TE140;20.01.2024;8;1.0;405;43;392;43;13;47
TE140;20.01.2024;9;1.0;505;44;493;45;12;44
TE140;20.01.2024;10;1.0;555;44;545;44;10;45
TE140;20.01.2024;11;1.0;697;32;664;32;33;28
TE140;20.01.2024;12;1.0;708;26;675;26;33;27
TE140;20.01.2024;13;1.0;711;11;668;11;44;14
TE140;20.01.2024;14;1.0;913;38;892;38;22;35
TE140;20.01.2024;15;1.0;790;41;778;41;12;42
TE140;20.01.2024;16;1.0;829;43;820;43;9;42
TE140;20.01.2024;17;1.0;863;43;853;43;10;45
TE140;20.01.2024;18;1.0;843;41;842;41;1;45
TE140;20.01.2024;19;1.0;860;44;852;44;8;45
TE140;20.01.2024;20;1.0;825;44;816;44;9;45
TE140;20.01.2024;21;1.0;723;48;718;48;5;48
TE140;20.01.2024;22;1.0;779;46;769;46;10;47
TE140;20.01.2024;23;1.0;762;48;758;48;4;46
TE140;21.01.2024;0;1.0;632;47;630;47;2;47
TE140;21.01.2024;1;1.0;502;48;501;48;1;47
TE140;21.01.2024;2;1.0;385;49;384;49;1;48
TE140;21.01.2024;3;1.0;314;47;313;47;1;48
TE140;21.01.2024;4;1.0;258;43;257;43;1;26
TE140;21.01.2024;5;1.0;247;50;246;50;1;26
TE140;21.01.2024;6;1.0;232;50;231;50;1;26
TE140;21.01.2024;7;1.0;197;49;194;49;3;51
TE140;21.01.2024;8;1.0;272;47;265;47;7;50
TE140;21.01.2024;9;1.0;358;40;349;40;9;42
TE140;21.01.2024;10;1.0;478;42;476;42;2;46
TE140;21.01.2024;11;1.0;619;45;613;45;5;47
TE140;21.01.2024;12;1.0;676;46;670;46;6;48
TE140;21.01.2024;13;1.0;778;46;762;46;16;53
TE140;21.01.2024;14;1.0;823;39;813;39;10;41
TE140;21.01.2024;15;1.0;767;37;764;37;3;48
TE140;21.01.2024;16;1.0;823;39;818;39;5;45
TE140;21.01.2024;17;1.0;866;36;863;36;3;49
TE140;21.01.2024;18;1.0;830;37;823;37;7;45
TE140;21.01.2024;19;1.0;760;37;754;37;6;43
TE140;21.01.2024;20;1.0;631;36;624;36;7;44
TE140;21.01.2024;21;1.0;590;41;579;41;11;46
TE140;21.01.2024;22;1.0;519;40;515;40;4;41
TE140;21.01.2024;23;1.0;425;37;425;37;0;-1
TE140;22.01.2024;0;1.0;242;38;242;38;0;-1
TE140;22.01.2024;1;1.0;211;39;209;39;2;53
TE140;22.01.2024;2;1.0;117;40;109;40;8;42
TE140;22.01.2024;3;1.0;128;41;118;41;10;39
TE140;22.01.2024;4;1.0;164;42;157;42;7;46
TE140;22.01.2024;5;1.0;409;41;397;40;12;41
TE140;22.01.2024;6;1.0;682;41;661;41;21;45
TE140;22.01.2024;7;1.0;809;31;768;31;42;31
TE140;22.01.2024;8;1.0;833;24;795;24;37;29
TE140;22.01.2024;9;1.0;792;18;773;18;19;31
TE140;22.01.2024;10;1.0;661;21;643;21;18;25
TE140;22.01.2024;11;1.0;743;20;729;21;14;30
TE140;22.01.2024;12;1.0;839;36;813;36;26;38
TE140;22.01.2024;13;1.0;804;29;729;29;75;30
TE140;22.01.2024;14;1.0;801;26;792;26;9;35
TE140;22.01.2024;15;1.0;822;24;801;23;21;35
TE140;22.01.2024;16;1.0;883;23;867;22;16;31
TE140;22.01.2024;17;1.0;916;28;903;28;13;30
TE140;22.01.2024;18;1.0;826;31;819;31;7;39
TE140;22.01.2024;19;1.0;771;38;759;38;12;40
TE140;22.01.2024;20;1.0;626;40;617;40;9;45
TE140;22.01.2024;21;1.0;543;43;541;43;2;40
TE140;22.01.2024;22;1.0;514;42;511;42;3;44
TE140;22.01.2024;23;1.0;367;40;363;40;4;44
TE140;23.01.2024;0;1.0;242;42;242;42;0;-1
TE140;23.01.2024;1;1.0;194;39;188;39;6;45
TE140;23.01.2024;2;1.0;117;40;112;40;5;38
TE140;23.01.2024;3;1.0;94;41;89;40;5;46
TE140;23.01.2024;4;1.0;183;38;180;38;3;50
TE140;23.01.2024;5;1.0;447;42;431;42;15;44
TE140;23.01.2024;6;1.0;709;40;682;40;27;41
TE140;23.01.2024;7;1.0;836;42;815;42;21;42
TE140;23.01.2024;8;1.0;789;29;770;29;19;33
TE140;23.01.2024;9;1.0;790;39;767;39;23;38
TE140;23.01.2024;10;1.0;834;37;756;38;78;37
TE140;23.01.2024;11;1.0;684;19;640;19;44;27
TE140;23.01.2024;12;1.0;839;36;789;35;50;41
TE140;23.01.2024;13;1.0;945;37;923;37;22;41
TE140;23.01.2024;14;1.0;828;37;809;37;19;39
TE140;23.01.2024;15;1.0;867;36;850;36;17;43
TE140;23.01.2024;16;1.0;959;34;945;34;14;37
TE140;23.01.2024;17;1.0;946;37;933;37;13;39
TE140;23.01.2024;18;1.0;917;37;903;37;14;42
TE140;23.01.2024;19;1.0;738;37;728;37;10;42
TE140;23.01.2024;20;1.0;695;38;688;38;7;45
TE140;23.01.2024;21;1.0;554;39;551;39;3;49
TE140;23.01.2024;22;1.0;511;41;505;41;6;46
TE140;23.01.2024;23;1.0;394;43;391;43;3;45
TE140;24.01.2024;0;1.0;264;47;263;47;1;49
TE140;24.01.2024;1;1.0;197;48;187;48;10;50
TE140;24.01.2024;2;1.0;144;41;136;41;8;45
TE140;24.01.2024;3;1.0;113;38;105;38;8;40
TE140;24.01.2024;4;1.0;176;37;173;37;3;42
TE140;24.01.2024;5;1.0;433;43;419;43;14;42
TE140;24.01.2024;6;1.0;671;44;636;44;35;46
TE140;24.01.2024;7;1.0;771;35;707;35;64;36
TE140;24.01.2024;8;1.0;822;25;777;25;45;33
TE140;24.01.2024;9;1.0;721;25;682;25;38;29
TE140;24.01.2024;10;1.0;823;39;802;39;21;41
TE140;24.01.2024;11;1.0;730;35;668;35;62;35
TE140;24.01.2024;12;1.0;846;39;812;39;34;42
TE140;24.01.2024;13;1.0;748;36;577;30;171;57
TE140;24.01.2024;14;1.0;783;32;736;32;47;39
TE140;24.01.2024;15;1.0;883;26;864;26;19;29
TE140;24.01.2024;16;1.0;742;13;727;13;15;23
TE140;24.01.2024;17;1.0;862;36;783;36;79;33
TE140;24.01.2024;18;1.0;885;40;821;40;64;47
TE140;24.01.2024;19;1.0;885;42;844;42;41;48
TE140;24.01.2024;20;1.0;725;43;714;43;12;44
TE140;24.01.2024;21;1.0;631;41;627;41;3;47
TE140;24.01.2024;22;1.0;593;44;591;44;2;45
TE140;24.01.2024;23;1.0;453;44;431;44;22;49
TE140;25.01.2024;0;1.0;278;46;270;45;8;51
TE140;25.01.2024;1;1.0;195;34;187;34;8;40
TE140;25.01.2024;2;1.0;150;27;146;27;4;33
TE140;25.01.2024;3;1.0;72;33;69;34;3;34
TE140;25.01.2024;4;1.0;169;32;161;31;8;34
TE140;25.01.2024;5;1.0;436;44;426;44;10;49
TE140;25.01.2024;6;1.0;684;42;664;42;20;43
TE140;25.01.2024;7;1.0;767;32;717;31;50;38
TE140;25.01.2024;8;1.0;752;35;701;35;51;37
TE140;25.01.2024;9;1.0;754;33;723;33;31;38
TE140;25.01.2024;10;1.0;768;24;751;24;17;28
TE140;25.01.2024;11;1.0;691;23;648;22;43;26
TE140;25.01.2024;12;1.0;736;27;708;26;28;32
TE140;25.01.2024;13;1.0;826;39;807;39;19;41
TE140;25.01.2024;14;1.0;856;30;845;30;11;37
TE140;25.01.2024;15;1.0;882;28;865;27;17;28
TE140;25.01.2024;16;1.0;880;28;858;28;22;30
TE140;25.01.2024;17;1.0;887;32;873;32;14;37
TE140;25.01.2024;18;1.0;891;35;883;35;8;32
TE140;25.01.2024;19;1.0;828;41;815;41;13;41
TE140;25.01.2024;20;1.0;663;48;656;48;7;49
TE140;25.01.2024;21;1.0;570;48;566;48;4;50
TE140;25.01.2024;22;1.0;647;40;645;40;2;48
TE140;25.01.2024;23;1.0;577;39;569;38;8;40
TE140;26.01.2024;0;1.0;345;37;343;37;2;48
TE140;26.01.2024;1;1.0;275;34;272;34;3;37
TE140;26.01.2024;2;1.0;184;36;173;36;11;44
TE140;26.01.2024;3;1.0;152;37;147;37;5;41
TE140;26.01.2024;4;1.0;179;37;171;37;8;35
TE140;26.01.2024;5;1.0;413;47;399;47;14;48
TE140;26.01.2024;6;1.0;603;48;589;48;14;48
TE140;26.01.2024;7;1.0;813;44;778;44;35;46
TE140;26.01.2024;8;1.0;881;36;855;35;26;38
TE140;26.01.2024;9;1.0;900;39;842;39;58;33
TE140;26.01.2024;10;1.0;763;42;747;42;16;44
TE140;26.01.2024;11;1.0;849;40;828;40;21;41
TE140;26.01.2024;12;1.0;840;27;811;27;28;22
TE140;26.01.2024;13;1.0;756;19;743;19;13;24
TE140;26.01.2024;14;1.0;855;37;837;37;18;36
TE140;26.01.2024;15;1.0;907;33;881;33;26;32
TE140;26.01.2024;16;1.0;885;40;879;40;6;43
TE140;26.01.2024;17;1.0;854;42;838;42;16;42
TE140;26.01.2024;18;1.0;865;39;844;39;21;52
TE140;26.01.2024;19;1.0;842;36;830;36;12;38
TE140;26.01.2024;20;1.0;788;40;770;40;18;43
TE140;26.01.2024;21;1.0;746;36;738;36;8;46
TE140;26.01.2024;22;1.0;686;37;665;37;21;46
TE140;26.01.2024;23;1.0;705;40;690;40;15;59
TE140;27.01.2024;0;1.0;527;38;525;38;2;28
TE140;27.01.2024;1;1.0;422;39;419;39;3;52
TE140;27.01.2024;2;1.0;346;35;345;35;1;44
TE140;27.01.2024;3;1.0;269;41;269;41;0;-1
TE140;27.01.2024;4;1.0;258;41;258;41;0;-1
TE140;27.01.2024;5;1.0;248;41;242;41;6;45
TE140;27.01.2024;6;1.0;240;40;233;40;7;44
TE140;27.01.2024;7;1.0;336;39;329;39;7;41
TE140;27.01.2024;8;1.0;412;38;408;38;4;48
TE140;27.01.2024;9;1.0;493;42;486;42;7;44
TE140;27.01.2024;10;1.0;623;38;618;38;5;49
TE140;27.01.2024;11;1.0;702;48;697;48;5;48
TE140;27.01.2024;12;1.0;739;47;734;47;5;48
TE140;27.01.2024;13;1.0;855;45;853;45;2;44
TE140;27.01.2024;14;1.0;884;42;877;42;7;44
TE140;27.01.2024;15;1.0;879;36;875;36;4;42
TE140;27.01.2024;16;1.0;857;34;848;34;9;38
TE140;27.01.2024;17;1.0;904;33;901;33;3;44
TE140;27.01.2024;18;1.0;902;38;898;38;4;44
TE140;27.01.2024;19;1.0;874;39;867;39;7;45
TE140;27.01.2024;20;1.0;797;36;793;36;4;44
TE140;27.01.2024;21;1.0;782;35;778;35;4;46
TE140;27.01.2024;22;1.0;739;37;736;37;3;43
TE140;27.01.2024;23;1.0;762;36;759;36;3;46
TE140;28.01.2024;0;1.0;603;37;599;37;4;47
TE140;28.01.2024;1;1.0;515;38;512;38;3;40
TE140;28.01.2024;2;1.0;377;37;376;37;1;46
TE140;28.01.2024;3;1.0;314;35;314;35;0;-1
TE140;28.01.2024;4;1.0;264;36;262;36;2;40
TE140;28.01.2024;5;1.0;286;40;286;40;0;-1
TE140;28.01.2024;6;1.0;214;43;212;43;2;43
TE140;28.01.2024;7;1.0;226;38;226;38;0;-1
TE140;28.01.2024;8;1.0;299;39;294;39;5;41
TE140;28.01.2024;9;1.0;398;44;395;44;3;33
TE140;28.01.2024;10;1.0;515;45;511;45;4;43
TE140;28.01.2024;11;1.0;713;43;707;43;6;44
TE140;28.01.2024;12;1.0;763;41;756;41;7;45
TE140;28.01.2024;13;1.0;868;38;859;38;9;41
TE140;28.01.2024;14;1.0;881;35;878;35;3;45
TE140;28.01.2024;15;1.0;675;28;666;28;9;25
TE140;28.01.2024;16;1.0;811;35;806;36;5;40
TE140;28.01.2024;17;1.0;904;35;895;35;9;40
TE140;28.01.2024;18;1.0;869;30;865;29;4;44
TE140;28.01.2024;19;1.0;817;35;809;35;8;44
TE140;28.01.2024;20;1.0;762;37;760;37;2;45
TE140;28.01.2024;21;1.0;643;35;642;35;1;28
TE140;28.01.2024;22;1.0;531;39;526;39;5;38
TE140;28.01.2024;23;1.0;406;39;392;39;14;45
TE140;29.01.2024;0;1.0;274;40;268;40;6;48
TE140;29.01.2024;1;1.0;204;40;196;40;8;42
TE140;29.01.2024;2;1.0;132;39;124;39;8;38
TE140;29.01.2024;3;1.0;99;41;92;41;7;38
TE140;29.01.2024;4;1.0;163;40;154;40;9;40
TE140;29.01.2024;5;1.0;441;43;435;43;6;45
TE140;29.01.2024;6;1.0;801;42;780;42;21;39
TE140;29.01.2024;7;1.0;853;40;821;40;32;39
TE140;29.01.2024;8;1.0;830;30;807;30;23;36
TE140;29.01.2024;9;1.0;722;30;690;30;32;34
TE140;29.01.2024;10;1.0;734;37;704;36;30;41
TE140;29.01.2024;11;1.0;803;36;784;36;19;42
TE140;29.01.2024;12;1.0;771;39;746;39;25;42
TE140;29.01.2024;13;1.0;869;26;845;26;24;41
TE140;29.01.2024;14;1.0;790;32;774;32;16;48
TE140;29.01.2024;15;1.0;893;33;867;33;26;41
TE140;29.01.2024;16;1.0;851;34;841;34;10;38
TE140;29.01.2024;17;1.0;858;38;849;38;9;42
TE140;29.01.2024;18;1.0;796;37;786;37;10;47
TE140;29.01.2024;19;1.0;756;39;747;39;9;44
TE140;29.01.2024;20;1.0;636;39;628;39;8;48
TE140;29.01.2024;21;1.0;557;39;555;39;2;38
TE140;29.01.2024;22;1.0;476;38;474;38;2;42
TE140;29.01.2024;23;1.0;378;40;376;40;2;38
TE140;30.01.2024;0;1.0;250;39;249;39;1;45
TE140;30.01.2024;1;1.0;151;41;147;41;4;44
TE140;30.01.2024;2;1.0;136;38;125;38;11;37
TE140;30.01.2024;3;1.0;113;42;105;43;8;40
TE140;30.01.2024;4;1.0;164;40;162;40;2;40
TE140;30.01.2024;5;1.0;442;44;432;44;10;45
TE140;30.01.2024;6;1.0;608;37;589;37;19;35
TE140;30.01.2024;7;1.0;824;31;796;31;28;35
TE140;30.01.2024;8;1.0;805;34;784;34;21;36
TE140;30.01.2024;9;1.0;836;30;804;29;32;38
TE140;30.01.2024;10;1.0;720;33;696;33;24;41
TE140;30.01.2024;11;1.0;659;29;615;29;44;30
TE140;30.01.2024;12;1.0;807;37;788;37;19;38
TE140;30.01.2024;13;1.0;876;39;856;38;20;44
TE140;30.01.2024;14;1.0;899;37;878;37;21;41
TE140;30.01.2024;15;1.0;937;35;923;35;14;40
TE140;30.01.2024;16;1.0;906;37;898;37;8;42
TE140;30.01.2024;17;1.0;908;40;898;40;10;41
TE140;30.01.2024;18;1.0;911;38;907;38;4;49
TE140;30.01.2024;19;1.0;882;39;871;39;11;45
TE140;30.01.2024;20;1.0;744;38;739;38;5;43
TE140;30.01.2024;21;1.0;604;36;601;36;3;47
TE140;30.01.2024;22;1.0;515;37;508;36;7;49
TE140;30.01.2024;23;1.0;424;36;417;35;7;49
TE140;31.01.2024;0;1.0;274;34;270;33;4;46
TE140;31.01.2024;1;1.0;181;41;168;40;13;58
TE140;31.01.2024;2;1.0;145;35;135;35;10;38
TE140;31.01.2024;3;1.0;96;24;90;24;6;25
TE140;31.01.2024;4;1.0;175;36;170;36;5;39
TE140;31.01.2024;5;1.0;389;45;387;45;2;40
TE140;31.01.2024;6;1.0;681;41;677;41;4;45
TE140;31.01.2024;7;1.0;721;41;694;41;27;37
TE140;31.01.2024;8;1.0;833;40;811;40;22;41
TE140;31.01.2024;9;1.0;781;42;756;42;25;44
TE140;31.01.2024;10;1.0;819;40;795;40;24;40
TE140;31.01.2024;11;1.0;709;37;690;37;19;42
TE140;31.01.2024;12;1.0;818;43;809;43;9;43
TE140;31.01.2024;13;1.0;847;39;827;39;20;35
TE140;31.01.2024;14;1.0;881;40;847;39;34;41
TE140;31.01.2024;15;1.0;879;31;852;31;27;35
TE140;31.01.2024;16;1.0;885;44;865;44;20;44
TE140;31.01.2024;17;1.0;930;46;911;46;19;45
TE140;31.01.2024;18;1.0;889;48;879;48;10;48
TE140;31.01.2024;19;1.0;839;48;833;48;6;48
TE140;31.01.2024;20;1.0;686;48;680;48;6;50
TE140;31.01.2024;21;1.0;641;46;629;46;12;51
TE140;31.01.2024;22;1.0;609;44;603;44;6;46
TE140;31.01.2024;23;1.0;529;48;527;48;2;47
TE142;01.01.2024;0;1.0;541;42;539;42;2;42
TE142;01.01.2024;1;1.0;558;41;558;41;0;-1
TE142;01.01.2024;2;1.0;480;39;480;39;0;-1
TE142;01.01.2024;3;1.0;394;34;392;34;2;40
TE142;01.01.2024;4;1.0;287;37;284;37;3;36
TE142;01.01.2024;5;1.0;271;40;270;40;1;30
TE142;01.01.2024;6;1.0;154;35;154;35;0;-1
TE142;01.01.2024;7;1.0;106;40;105;40;1;45
TE142;01.01.2024;8;1.0;116;40;116;40;0;-1
TE142;01.01.2024;9;1.0;141;46;138;46;3;53
TE142;01.01.2024;10;1.0;191;37;191;37;0;-1
TE142;01.01.2024;11;1.0;244;44;240;44;4;46
TE142;01.01.2024;12;1.0;287;38;285;37;2;46
TE142;01.01.2024;13;1.0;305;39;304;39;1;25
TE142;01.01.2024;14;1.0;393;42;390;42;3;49
TE142;01.01.2024;15;1.0;460;34;458;34;2;41
TE142;01.01.2024;16;1.0;420;37;419;37;1;33
TE142;01.01.2024;17;1.0;451;38;447;38;4;41
TE142;01.01.2024;18;1.0;428;36;427;36;1;43
TE142;01.01.2024;19;1.0;403;47;402;47;1;44
TE142;01.01.2024;20;1.0;377;46;376;46;1;46
TE142;01.01.2024;21;1.0;314;46;314;46;0;-1
TE142;01.01.2024;22;1.0;263;47;261;47;2;46
TE142;01.01.2024;23;1.0;208;45;204;45;4;45
TE142;02.01.2024;0;1.0;165;48;163;48;2;50
TE142;02.01.2024;1;1.0;119;45;116;45;3;45
TE142;02.01.2024;2;1.0;111;47;109;47;2;45
TE142;02.01.2024;3;1.0;98;46;93;47;5;43
TE142;02.01.2024;4;1.0;82;46;79;46;3;48
TE142;02.01.2024;5;1.0;138;49;138;49;0;-1
TE142;02.01.2024;6;1.0;241;49;235;49;6;48
TE142;02.01.2024;7;1.0;348;50;340;50;8;52
TE142;02.01.2024;8;1.0;464;47;446;47;17;52
TE142;02.01.2024;9;1.0;459;48;448;47;10;50
TE142;02.01.2024;10;1.0;477;48;458;48;19;48
TE142;02.01.2024;11;1.0;526;46;517;46;9;49
TE142;02.01.2024;12;1.0;605;45;598;45;7;45
TE142;02.01.2024;13;1.0;584;44;579;44;5;50
TE142;02.01.2024;14;1.0;617;48;616;48;1;55
TE142;02.01.2024;15;1.0;631;46;629;46;2;58
TE142;02.01.2024;16;1.0;668;43;660;43;8;50
TE142;02.01.2024;17;1.0;631;44;629;44;2;49
TE142;02.01.2024;18;1.0;625;40;622;40;3;37
TE142;02.01.2024;19;1.0;537;45;534;45;3;44
TE142;02.01.2024;20;1.0;368;47;365;47;3;52
TE142;02.01.2024;21;1.0;388;48;388;48;0;-1
TE142;02.01.2024;22;1.0;356;43;354;43;2;48
TE142;02.01.2024;23;1.0;248;42;245;42;3;43
TE142;03.01.2024;0;1.0;194;41;191;41;3;48
TE142;03.01.2024;1;1.0;119;39;118;39;1;27
TE142;03.01.2024;2;1.0;117;41;113;41;4;42
TE142;03.01.2024;3;1.0;93;37;89;37;4;34
TE142;03.01.2024;4;1.0;101;39;100;39;1;47
TE142;03.01.2024;5;1.0;160;37;159;37;1;50
TE142;03.01.2024;6;1.0;290;34;286;34;4;32
TE142;03.01.2024;7;1.0;402;31;391;31;11;45
TE142;03.01.2024;8;1.0;529;38;520;38;9;44
TE142;03.01.2024;9;1.0;561;41;536;41;25;46
TE142;03.01.2024;10;1.0;572;43;551;43;21;45
TE142;03.01.2024;11;1.0;555;40;534;40;21;44
TE142;03.01.2024;12;1.0;542;42;534;42;8;46
TE142;03.01.2024;13;1.0;608;44;597;44;11;46
TE142;03.01.2024;14;1.0;634;36;632;36;2;42
TE142;03.01.2024;15;1.0;677;35;662;34;15;39
TE142;03.01.2024;16;1.0;725;38;720;38;5;46
TE142;03.01.2024;17;1.0;721;35;718;35;3;44
TE142;03.01.2024;18;1.0;648;44;638;44;10;44
TE142;03.01.2024;19;1.0;537;39;533;39;4;40
TE142;03.01.2024;20;1.0;454;32;453;32;1;34
TE142;03.01.2024;21;1.0;395;28;392;28;3;41
TE142;03.01.2024;22;1.0;341;27;341;27;0;-1
TE142;03.01.2024;23;1.0;270;32;267;31;3;47
TE142;04.01.2024;0;1.0;177;33;176;33;1;31
TE142;04.01.2024;1;1.0;121;37;120;37;1;37
TE142;04.01.2024;2;1.0;116;37;111;37;5;39
TE142;04.01.2024;3;1.0;69;45;66;45;3;47
TE142;04.01.2024;4;1.0;74;49;74;49;0;-1
TE142;04.01.2024;5;1.0;161;53;158;53;3;51
TE142;04.01.2024;6;1.0;257;50;254;50;3;51
TE142;04.01.2024;7;1.0;395;49;391;49;4;46
TE142;04.01.2024;8;1.0;561;46;542;46;19;47
TE142;04.01.2024;9;1.0;574;43;546;42;28;48
TE142;04.01.2024;10;1.0;573;49;544;49;29;51
TE142;04.01.2024;11;1.0;541;44;521;44;20;45
TE142;04.01.2024;12;1.0;609;50;599;50;10;53
TE142;04.01.2024;13;1.0;573;48;557;48;16;48
TE142;04.01.2024;14;1.0;712;47;695;47;17;48
TE142;04.01.2024;15;1.0;657;43;644;43;13;43
TE142;04.01.2024;16;1.0;652;44;642;44;9;42
TE142;04.01.2024;17;1.0;707;42;699;42;7;45
TE142;04.01.2024;18;1.0;670;42;662;42;8;49
TE142;04.01.2024;19;1.0;571;40;568;40;3;48
TE142;04.01.2024;20;1.0;454;49;451;49;3;52
TE142;04.01.2024;21;1.0;341;48;340;48;1;47
TE142;04.01.2024;22;1.0;355;49;354;49;1;49
TE142;04.01.2024;23;1.0;259;50;259;50;0;-1
TE142;05.01.2024;0;1.0;170;48;170;48;0;-1
TE142;05.01.2024;1;1.0;156;49;154;49;2;43
TE142;05.01.2024;2;1.0;119;48;113;48;6;45
TE142;05.01.2024;3;1.0;83;49;80;49;3;47
TE142;05.01.2024;4;1.0;72;48;71;48;1;47
TE142;05.01.2024;5;1.0;140;53;138;53;2;53
TE142;05.01.2024;6;1.0;251;48;239;47;12;49
TE142;05.01.2024;7;1.0;378;52;360;52;18;53
TE142;05.01.2024;8;1.0;445;56;436;56;9;57
TE142;05.01.2024;9;1.0;568;53;556;53;12;48
TE142;05.01.2024;10;1.0;544;50;532;50;12;55
TE142;05.01.2024;11;1.0;574;50;562;50;12;52
TE142;05.01.2024;12;1.0;600;53;585;53;15;58
TE142;05.01.2024;13;1.0;596;52;588;52;8;54
TE142;05.01.2024;14;1.0;583;48;577;48;6;52
TE142;05.01.2024;15;1.0;629;50;623;50;6;53
TE142;05.01.2024;16;1.0;616;44;613;44;3;46
TE142;05.01.2024;17;1.0;626;48;622;48;4;52
TE142;05.01.2024;18;1.0;561;46;559;46;2;48
TE142;05.01.2024;19;1.0;566;41;562;41;3;49
TE142;05.01.2024;20;1.0;491;41;491;41;0;-1
TE142;05.01.2024;21;1.0;443;46;441;46;2;51
TE142;05.01.2024;22;1.0;426;49;426;49;0;-1
TE142;05.01.2024;23;1.0;386;49;386;49;0;-1
TE142;06.01.2024;0;1.0;299;46;299;46;0;-1
TE142;06.01.2024;1;1.0;208;49;206;49;2;48
TE142;06.01.2024;2;1.0;209;46;209;46;0;-1
TE142;06.01.2024;3;1.0;125;47;125;47;0;-1
TE142;06.01.2024;4;1.0;113;48;113;48;0;-1
TE142;06.01.2024;5;1.0;124;48;123;48;1;45
TE142;06.01.2024;6;1.0;101;45;97;45;4;50
TE142;06.01.2024;7;1.0;130;47;127;47;3;49
TE142;06.01.2024;8;1.0;170;48;167;48;3;54
TE142;06.01.2024;9;1.0;273;49;265;49;8;50
TE142;06.01.2024;10;1.0;350;45;341;45;9;46
TE142;06.01.2024;11;1.0;394;43;390;43;3;49
TE142;06.01.2024;12;1.0;461;47;456;47;5;47
TE142;06.01.2024;13;1.0;541;49;537;49;4;45
TE142;06.01.2024;14;1.0;570;47;564;47;6;47
TE142;06.01.2024;15;1.0;615;49;615;49;0;-1
TE142;06.01.2024;16;1.0;596;48;594;48;2;52
TE142;06.01.2024;17;1.0;648;48;644;48;4;49
TE142;06.01.2024;18;1.0;606;46;606;46;0;-1
TE142;06.01.2024;19;1.0;549;47;546;47;3;49
TE142;06.01.2024;20;1.0;469;48;468;48;1;52
TE142;06.01.2024;21;1.0;473;48;472;48;1;48
TE142;06.01.2024;22;1.0;469;51;468;51;1;48
TE142;06.01.2024;23;1.0;463;48;463;48;0;-1
TE142;07.01.2024;0;1.0;344;48;343;48;1;52
TE142;07.01.2024;1;1.0;261;51;261;51;0;-1
TE142;07.01.2024;2;1.0;232;51;232;51;0;-1
TE142;07.01.2024;3;1.0;180;49;179;49;1;49
TE142;07.01.2024;4;1.0;114;44;113;44;1;56
TE142;07.01.2024;5;1.0;105;42;102;42;3;44
TE142;07.01.2024;6;1.0;87;42;86;42;1;49
TE142;07.01.2024;7;1.0;79;42;79;42;0;-1
TE142;07.01.2024;8;1.0;125;47;123;47;2;49
TE142;07.01.2024;9;1.0;154;48;154;48;0;-1
TE142;07.01.2024;10;1.0;236;48;235;48;1;54
TE142;07.01.2024;11;1.0;343;48;341;48;2;53
TE142;07.01.2024;12;1.0;447;47;446;47;1;58
TE142;07.01.2024;13;1.0;577;49;576;49;1;44
TE142;07.01.2024;14;1.0;619;49;619;49;0;-1
TE142;07.01.2024;15;1.0;596;41;581;42;15;26
TE142;07.01.2024;16;1.0;587;49;583;49;4;46
TE142;07.01.2024;17;1.0;584;49;581;49;3;46
TE142;07.01.2024;18;1.0;530;50;527;50;3;52
TE142;07.01.2024;19;1.0;494;49;489;49;5;45
TE142;07.01.2024;20;1.0;336;51;335;51;1;52
TE142;07.01.2024;21;1.0;359;45;348;45;11;46
TE142;07.01.2024;22;1.0;293;45;287;45;6;43
TE142;07.01.2024;23;1.0;191;41;187;41;3;42
TE142;08.01.2024;0;1.0;123;44;120;43;3;51
TE142;08.01.2024;1;1.0;109;41;105;41;3;42
TE142;08.01.2024;2;1.0;72;43;67;43;5;44
TE142;08.01.2024;3;1.0;92;45;89;45;3;46
TE142;08.01.2024;4;1.0;66;45;64;44;2;48
TE142;08.01.2024;5;1.0;168;47;164;47;4;42
TE142;08.01.2024;6;1.0;312;45;306;45;6;44
TE142;08.01.2024;7;1.0;485;46;464;46;21;46
TE142;08.01.2024;8;1.0;647;46;627;46;20;48
TE142;08.01.2024;9;1.0;589;43;546;43;43;41
TE142;08.01.2024;10;1.0;542;46;517;45;25;46
TE142;08.01.2024;11;1.0;509;46;489;46;20;46
TE142;08.01.2024;12;1.0;531;44;518;44;13;47
TE142;08.01.2024;13;1.0;518;45;501;45;17;46
TE142;08.01.2024;14;1.0;583;44;574;44;9;44
TE142;08.01.2024;15;1.0;637;45;618;45;19;45
TE142;08.01.2024;16;1.0;612;45;601;45;11;47
TE142;08.01.2024;17;1.0;631;45;622;45;9;47
TE142;08.01.2024;18;1.0;608;44;601;44;7;45
TE142;08.01.2024;19;1.0;464;46;455;46;9;46
TE142;08.01.2024;20;1.0;382;44;375;44;7;46
TE142;08.01.2024;21;1.0;318;45;311;45;7;46
TE142;08.01.2024;22;1.0;299;40;295;40;4;40
TE142;08.01.2024;23;1.0;206;42;205;42;1;44
TE142;09.01.2024;0;1.0;144;46;140;46;4;45
TE142;09.01.2024;1;1.0;95;44;91;44;4;44
TE142;09.01.2024;2;1.0;70;50;65;50;5;50
TE142;09.01.2024;3;1.0;63;47;61;47;2;36
TE142;09.01.2024;4;1.0;70;47;69;47;1;46
TE142;09.01.2024;5;1.0;149;49;141;49;8;51
TE142;09.01.2024;6;1.0;354;46;334;47;20;45
TE142;09.01.2024;7;1.0;563;46;549;46;14;47
TE142;09.01.2024;8;1.0;686;46;664;46;22;45
TE142;09.01.2024;9;1.0;717;47;695;47;22;49
TE142;09.01.2024;10;1.0;604;48;570;48;34;49
TE142;09.01.2024;11;1.0;574;46;554;46;20;48
TE142;09.01.2024;12;1.0;605;46;588;46;17;47
TE142;09.01.2024;13;1.0;585;48;568;48;17;47
TE142;09.01.2024;14;1.0;657;46;633;46;24;46
TE142;09.01.2024;15;1.0;685;47;670;47;15;49
TE142;09.01.2024;16;1.0;651;44;647;44;4;43
TE142;09.01.2024;17;1.0;720;44;711;44;9;43
TE142;09.01.2024;18;1.0;723;45;714;45;9;47
TE142;09.01.2024;19;1.0;609;42;606;42;3;47
TE142;09.01.2024;20;1.0;452;42;444;42;8;48
TE142;09.01.2024;21;1.0;365;47;364;47;1;53
TE142;09.01.2024;22;1.0;335;47;331;47;4;49
TE142;09.01.2024;23;1.0;206;47;203;47;3;48
TE142;10.01.2024;0;1.0;165;48;161;47;4;51
TE142;10.01.2024;1;1.0;113;46;110;46;3;49
TE142;10.01.2024;2;1.0;90;48;85;48;5;47
TE142;10.01.2024;3;1.0;70;45;65;46;5;43
TE142;10.01.2024;4;1.0;79;47;78;47;1;48
TE142;10.01.2024;5;1.0;156;47;155;47;1;50
TE142;10.01.2024;6;1.0;334;49;322;48;12;49
TE142;10.01.2024;7;1.0;572;48;559;48;13;51
TE142;10.01.2024;8;1.0;769;47;759;47;10;48
TE142;10.01.2024;9;1.0;718;45;688;45;30;45
TE142;10.01.2024;10;1.0;672;47;647;47;25;47
TE142;10.01.2024;11;1.0;620;48;592;48;28;50
TE142;10.01.2024;12;1.0;664;46;641;46;23;47
TE142;10.01.2024;13;1.0;633;47;613;47;20;48
TE142;10.01.2024;14;1.0;645;48;628;48;17;47
TE142;10.01.2024;15;1.0;662;46;647;45;15;46
TE142;10.01.2024;16;1.0;760;44;751;44;9;43
TE142;10.01.2024;17;1.0;761;39;755;39;5;44
TE142;10.01.2024;18;1.0;716;45;712;45;4;44
TE142;10.01.2024;19;1.0;521;33;515;33;5;37
TE142;10.01.2024;20;1.0;490;46;487;46;3;46
TE142;10.01.2024;21;1.0;431;47;429;47;2;50
TE142;10.01.2024;22;1.0;424;45;424;45;0;-1
TE142;10.01.2024;23;1.0;322;47;321;47;1;44
TE142;11.01.2024;0;1.0;181;45;181;45;0;-1
TE142;11.01.2024;1;1.0;112;45;112;45;0;-1
TE142;11.01.2024;2;1.0;82;50;79;50;3;49
TE142;11.01.2024;3;1.0;61;53;60;53;1;53
TE142;11.01.2024;4;1.0;63;48;62;48;1;48
TE142;11.01.2024;5;1.0;180;53;180;53;0;-1
TE142;11.01.2024;6;1.0;347;53;344;53;3;55
TE142;11.01.2024;7;1.0;621;51;616;51;5;53
TE142;11.01.2024;8;1.0;753;46;738;46;14;50
TE142;11.01.2024;9;1.0;714;50;696;50;18;52
TE142;11.01.2024;10;1.0;626;52;609;52;17;53
TE142;11.01.2024;11;1.0;649;46;646;46;3;57
TE142;11.01.2024;12;1.0;656;49;649;49;7;53
TE142;11.01.2024;13;1.0;684;49;675;49;9;51
TE142;11.01.2024;14;1.0;719;48;714;48;5;52
TE142;11.01.2024;15;1.0;724;44;719;43;5;50
TE142;11.01.2024;16;1.0;738;48;735;48;3;62
TE142;11.01.2024;17;1.0;700;45;695;45;5;49
TE142;11.01.2024;18;1.0;705;47;701;47;4;48
TE142;11.01.2024;19;1.0;565;43;560;43;5;55
TE142;11.01.2024;20;1.0;476;49;470;49;6;49
TE142;11.01.2024;21;1.0;425;39;425;39;0;-1
TE142;11.01.2024;22;1.0;448;45;446;45;2;48
TE142;11.01.2024;23;1.0;286;42;282;42;4;54
TE142;12.01.2024;0;1.0;217;54;216;54;1;56
TE142;12.01.2024;1;1.0;145;52;140;52;5;56
TE142;12.01.2024;2;1.0;125;50;120;50;5;57
TE142;12.01.2024;3;1.0;96;60;88;60;8;63
TE142;12.01.2024;4;1.0;77;58;75;58;2;62
TE142;12.01.2024;5;1.0;168;59;165;59;3;62
TE142;12.01.2024;6;1.0;323;57;316;57;7;60
TE142;12.01.2024;7;1.0;558;53;540;52;18;54
TE142;12.01.2024;8;1.0;647;47;640;47;7;48
TE142;12.01.2024;9;1.0;645;47;635;47;10;54
TE142;12.01.2024;10;1.0;627;46;612;46;15;50
TE142;12.01.2024;11;1.0;592;45;583;45;9;46
TE142;12.01.2024;12;1.0;604;47;596;47;8;47
TE142;12.01.2024;13;1.0;653;41;651;41;2;46
TE142;12.01.2024;14;1.0;717;46;711;45;6;52
TE142;12.01.2024;15;1.0;697;42;693;42;3;54
TE142;12.01.2024;16;1.0;760;44;756;44;4;49
TE142;12.01.2024;17;1.0;733;45;733;45;0;-1
TE142;12.01.2024;18;1.0;690;45;685;45;5;46
TE142;12.01.2024;19;1.0;640;46;638;46;2;43
TE142;12.01.2024;20;1.0;581;47;578;47;3;50
TE142;12.01.2024;21;1.0;530;49;528;49;2;50
TE142;12.01.2024;22;1.0;482;42;481;42;1;51
TE142;12.01.2024;23;1.0;401;34;391;34;10;37
TE142;13.01.2024;0;1.0;330;50;329;50;1;48
TE142;13.01.2024;1;1.0;253;48;252;48;1;49
TE142;13.01.2024;2;1.0;212;47;212;47;0;-1
TE142;13.01.2024;3;1.0;139;54;139;54;0;-1
TE142;13.01.2024;4;1.0;130;58;129;58;1;57
TE142;13.01.2024;5;1.0;130;54;127;54;3;56
TE142;13.01.2024;6;1.0;125;53;121;53;4;54
TE142;13.01.2024;7;1.0;151;54;148;54;3;48
TE142;13.01.2024;8;1.0;221;58;213;58;8;57
TE142;13.01.2024;9;1.0;293;49;288;49;5;61
TE142;13.01.2024;10;1.0;450;47;445;47;5;50
TE142;13.01.2024;11;1.0;500;45;495;45;4;52
TE142;13.01.2024;12;1.0;520;45;518;45;2;48
TE142;13.01.2024;13;1.0;643;47;642;47;1;48
TE142;13.01.2024;14;1.0;667;47;663;47;4;47
TE142;13.01.2024;15;1.0;710;49;707;49;3;48
TE142;13.01.2024;16;1.0;935;52;923;52;12;51
TE142;13.01.2024;17;1.0;720;49;715;49;5;48
TE142;13.01.2024;18;1.0;735;53;728;53;7;56
TE142;13.01.2024;19;1.0;563;52;560;52;3;59
TE142;13.01.2024;20;1.0;563;51;560;51;3;53
TE142;13.01.2024;21;1.0;432;50;432;50;0;-1
TE142;13.01.2024;22;1.0;479;51;475;51;4;54
TE142;13.01.2024;23;1.0;491;46;490;46;1;60
TE142;14.01.2024;0;1.0;357;44;357;44;0;-1
TE142;14.01.2024;1;1.0;372;45;370;45;2;57
TE142;14.01.2024;2;1.0;215;49;215;49;0;-1
TE142;14.01.2024;3;1.0;197;40;197;40;0;-1
TE142;14.01.2024;4;1.0;144;52;144;52;0;-1
TE142;14.01.2024;5;1.0;142;51;140;51;2;44
TE142;14.01.2024;6;1.0;128;55;128;55;0;-1
TE142;14.01.2024;7;1.0;94;57;93;57;1;51
TE142;14.01.2024;8;1.0;147;56;146;56;1;68
TE142;14.01.2024;9;1.0;200;51;198;51;2;52
TE142;14.01.2024;10;1.0;300;47;297;47;3;45
TE142;14.01.2024;11;1.0;370;43;368;43;2;40
TE142;14.01.2024;12;1.0;439;51;437;51;2;46
TE142;14.01.2024;13;1.0;571;46;568;46;3;54
TE142;14.01.2024;14;1.0;576;50;570;50;6;52
TE142;14.01.2024;15;1.0;605;51;597;51;8;54
TE142;14.01.2024;16;1.0;608;51;594;51;14;49
TE142;14.01.2024;17;1.0;557;50;555;50;2;44
TE142;14.01.2024;18;1.0;545;50;543;50;2;50
TE142;14.01.2024;19;1.0;488;51;486;51;2;50
TE142;14.01.2024;20;1.0;395;54;395;54;0;-1
TE142;14.01.2024;21;1.0;420;48;407;48;13;40
TE142;14.01.2024;22;1.0;368;45;367;45;1;56
TE142;14.01.2024;23;1.0;258;46;257;46;1;56
TE142;15.01.2024;0;1.0;147;53;139;54;8;53
TE142;15.01.2024;1;1.0;106;54;105;54;1;47
TE142;15.01.2024;2;1.0;71;48;67;48;4;48
TE142;15.01.2024;3;1.0;80;49;76;50;4;44
TE142;15.01.2024;4;1.0;126;47;118;48;8;41
TE142;15.01.2024;5;1.0;253;48;213;51;40;37
TE142;15.01.2024;6;1.0;359;53;347;53;12;53
TE142;15.01.2024;7;1.0;650;45;622;45;26;50
TE142;15.01.2024;9;1.0;581;45;556;45;25;39
TE142;15.01.2024;10;1.0;640;33;594;33;47;32
TE142;15.01.2024;11;1.0;347;31;340;31;7;47
TE142;15.01.2024;12;1.0;382;51;369;51;13;52
TE142;15.01.2024;13;1.0;416;48;404;48;12;48
TE142;15.01.2024;14;1.0;536;52;525;52;11;54
TE142;15.01.2024;15;1.0;539;56;522;56;17;56
TE142;15.01.2024;16;1.0;530;50;524;50;6;52
TE142;15.01.2024;17;1.0;528;45;527;45;1;62
TE142;15.01.2024;18;1.0;613;43;606;43;5;48
TE142;15.01.2024;19;1.0;500;45;498;45;2;52
TE142;15.01.2024;20;1.0;416;50;416;50;0;-1
TE142;15.01.2024;21;1.0;348;48;346;48;2;54
TE142;15.01.2024;22;1.0;401;50;399;50;2;51
TE142;15.01.2024;23;1.0;228;41;227;41;1;53
TE142;16.01.2024;0;1.0;142;46;141;46;1;46
TE142;16.01.2024;1;1.0;103;48;102;48;1;47
TE142;16.01.2024;2;1.0;70;37;65;38;5;37
TE142;16.01.2024;3;1.0;78;37;74;37;4;34
TE142;16.01.2024;4;1.0;75;37;75;37;0;-1
TE142;16.01.2024;5;1.0;154;43;153;43;1;39
TE142;16.01.2024;6;1.0;346;46;336;46;10;45
TE142;16.01.2024;7;1.0;602;43;595;43;7;47
TE142;16.01.2024;8;1.0;702;46;696;46;6;45
TE142;16.01.2024;9;1.0;818;46;807;46;11;47
TE142;16.01.2024;10;1.0;702;48;698;48;4;48
TE142;16.01.2024;11;1.0;715;47;707;47;8;48
TE142;16.01.2024;12;1.0;684;47;674;47;10;48
TE142;16.01.2024;13;1.0;667;49;652;49;15;50
TE142;16.01.2024;14;1.0;709;49;698;49;11;48
TE142;16.01.2024;15;1.0;719;48;711;48;8;49
TE142;16.01.2024;16;1.0;740;47;732;47;8;48
TE142;16.01.2024;17;1.0;781;43;771;42;9;52
TE142;16.01.2024;18;1.0;775;46;773;46;2;48
TE142;16.01.2024;19;1.0;637;46;631;47;6;50
TE142;16.01.2024;20;1.0;441;48;435;48;6;52
TE142;16.01.2024;21;1.0;380;46;379;46;1;48
TE142;16.01.2024;22;1.0;399;48;395;48;4;46
TE142;16.01.2024;23;1.0;310;43;310;43;0;-1
TE142;17.01.2024;0;1.0;191;48;189;48;2;55
TE142;17.01.2024;1;1.0;113;46;111;46;2;44
TE142;17.01.2024;2;1.0;78;47;72;47;6;46
TE142;17.01.2024;3;1.0;63;45;60;45;3;46
TE142;17.01.2024;4;1.0;82;46;80;46;2;50
TE142;17.01.2024;5;1.0;186;47;183;47;3;49
TE142;17.01.2024;6;1.0;348;43;336;43;11;47
TE142;17.01.2024;7;1.0;593;43;574;43;18;46
TE142;17.01.2024;8;1.0;724;48;705;48;19;50
TE142;17.01.2024;9;1.0;783;49;766;48;17;51
TE142;17.01.2024;10;1.0;698;48;675;48;23;51
TE142;17.01.2024;11;1.0;656;46;629;46;27;48
TE142;17.01.2024;12;1.0;688;45;662;45;26;47
TE142;17.01.2024;13;1.0;754;47;743;47;11;49
TE142;17.01.2024;14;1.0;741;48;734;48;7;49
TE142;17.01.2024;15;1.0;760;39;750;39;10;37
TE142;17.01.2024;16;1.0;761;47;756;47;5;46
TE142;17.01.2024;17;1.0;827;46;820;46;7;49
TE142;17.01.2024;18;1.0;768;48;765;48;3;49
TE142;17.01.2024;19;1.0;616;48;614;48;2;48
TE142;17.01.2024;20;1.0;481;51;476;51;5;49
TE142;17.01.2024;21;1.0;471;48;471;48;0;-1
TE142;17.01.2024;22;1.0;378;46;377;46;1;45
TE142;17.01.2024;23;1.0;291;47;288;47;3;55
TE142;18.01.2024;0;1.0;183;49;183;49;0;-1
TE142;18.01.2024;1;1.0;132;47;129;47;3;45
TE142;18.01.2024;2;1.0;95;54;92;54;3;45
TE142;18.01.2024;3;1.0;78;53;76;53;2;58
TE142;18.01.2024;4;1.0;91;51;90;51;1;36
TE142;18.01.2024;5;1.0;159;49;158;49;1;55
TE142;18.01.2024;6;1.0;369;45;362;45;6;50
TE142;18.01.2024;7;1.0;595;50;583;50;12;49
TE142;18.01.2024;8;1.0;782;48;762;48;20;49
TE142;18.01.2024;9;1.0;774;47;756;47;18;49
TE142;18.01.2024;10;1.0;635;47;617;47;18;49
TE142;18.01.2024;11;1.0;634;48;612;48;22;49
TE142;18.01.2024;12;1.0;704;47;687;47;17;47
TE142;18.01.2024;13;1.0;710;45;693;45;17;46
TE142;18.01.2024;14;1.0;695;46;677;46;18;46
TE142;18.01.2024;15;1.0;859;45;844;45;15;46
TE142;18.01.2024;16;1.0;788;42;768;42;20;38
TE142;18.01.2024;17;1.0;773;45;764;45;9;44
TE142;18.01.2024;18;1.0;794;42;787;42;6;47
TE142;18.01.2024;19;1.0;688;42;681;42;7;41
TE142;18.01.2024;20;1.0;589;46;584;46;5;45
TE142;18.01.2024;21;1.0;443;45;440;45;3;48
TE142;18.01.2024;22;1.0;433;46;432;46;1;45
TE142;18.01.2024;23;1.0;310;48;309;48;1;45
TE142;19.01.2024;0;1.0;248;47;247;47;1;44
TE142;19.01.2024;1;1.0;154;48;151;48;3;49
TE142;19.01.2024;2;1.0;126;45;124;45;2;42
TE142;19.01.2024;3;1.0;92;51;89;51;3;49
TE142;19.01.2024;4;1.0;84;47;82;47;2;48
TE142;19.01.2024;5;1.0;169;48;164;48;5;44
TE142;19.01.2024;6;1.0;312;45;306;45;6;44
TE142;19.01.2024;7;1.0;580;45;566;45;14;47
TE142;19.01.2024;8;1.0;731;45;709;45;22;46
TE142;19.01.2024;9;1.0;809;45;779;45;30;46
TE142;19.01.2024;10;1.0;830;46;799;46;31;50
TE142;19.01.2024;11;1.0;704;46;686;46;18;48
TE142;19.01.2024;12;1.0;774;41;751;41;23;41
TE142;19.01.2024;13;1.0;850;44;827;44;23;45
TE142;19.01.2024;14;1.0;840;46;816;46;24;46
TE142;19.01.2024;15;1.0;715;41;701;42;12;46
TE142;19.01.2024;16;1.0;791;47;786;47;5;50
TE142;19.01.2024;17;1.0;683;46;680;46;3;47
TE142;19.01.2024;18;1.0;741;46;738;46;3;44
TE142;19.01.2024;19;1.0;612;44;610;44;2;46
TE142;19.01.2024;20;1.0;553;43;551;43;2;48
TE142;19.01.2024;21;1.0;513;43;511;43;2;41
TE142;19.01.2024;22;1.0;483;40;481;40;1;43
TE142;19.01.2024;23;1.0;446;41;443;41;3;46
TE142;20.01.2024;0;1.0;337;45;336;45;1;43
TE142;20.01.2024;1;1.0;266;45;266;45;0;-1
TE142;20.01.2024;2;1.0;232;40;231;40;1;46
TE142;20.01.2024;3;1.0;174;45;174;45;0;-1
TE142;20.01.2024;4;1.0;131;47;130;47;1;49
TE142;20.01.2024;5;1.0;132;45;131;45;1;34
TE142;20.01.2024;6;1.0;136;44;133;44;3;43
TE142;20.01.2024;7;1.0;159;46;152;46;7;47
TE142;20.01.2024;8;1.0;209;43;207;43;2;44
TE142;20.01.2024;9;1.0;345;48;339;48;6;51
TE142;20.01.2024;10;1.0;427;49;413;49;14;52
TE142;20.01.2024;11;1.0;508;49;499;49;9;48
TE142;20.01.2024;12;1.0;541;49;529;49;12;50
TE142;20.01.2024;13;1.0;646;48;635;48;11;46
TE142;20.01.2024;14;1.0;917;45;905;45;12;44
TE142;20.01.2024;15;1.0;708;50;700;50;8;49
TE142;20.01.2024;16;1.0;675;45;666;45;9;44
TE142;20.01.2024;17;1.0;723;43;717;43;6;43
TE142;20.01.2024;18;1.0;689;45;686;45;3;46
TE142;20.01.2024;19;1.0;631;41;627;41;3;47
TE142;20.01.2024;20;1.0;560;41;560;41;0;-1
TE142;20.01.2024;21;1.0;514;47;508;47;6;45
TE142;20.01.2024;22;1.0;483;49;481;49;2;48
TE142;20.01.2024;23;1.0;506;48;504;48;2;54
TE142;21.01.2024;0;1.0;411;40;409;40;2;46
TE142;21.01.2024;1;1.0;312;44;311;44;1;51
TE142;21.01.2024;2;1.0;239;45;235;45;3;50
TE142;21.01.2024;3;1.0;216;49;215;49;1;55
TE142;21.01.2024;4;1.0;159;50;159;50;0;-1
TE142;21.01.2024;5;1.0;143;51;142;51;1;57
TE142;21.01.2024;6;1.0;108;53;108;53;0;-1
TE142;21.01.2024;7;1.0;101;49;100;49;1;57
TE142;21.01.2024;8;1.0;132;52;129;52;3;55
TE142;21.01.2024;9;1.0;218;49;216;49;2;52
TE142;21.01.2024;10;1.0;354;50;351;50;3;50
TE142;21.01.2024;11;1.0;410;51;402;50;8;53
TE142;21.01.2024;12;1.0;463;44;461;44;2;45
TE142;21.01.2024;13;1.0;531;44;527;44;4;47
TE142;21.01.2024;14;1.0;562;46;555;46;7;46
TE142;21.01.2024;15;1.0;570;41;566;41;4;44
TE142;21.01.2024;16;1.0;650;41;649;41;1;37
TE142;21.01.2024;17;1.0;762;39;757;39;5;39
TE142;21.01.2024;18;1.0;596;41;594;41;2;39
TE142;21.01.2024;19;1.0;507;40;504;40;3;44
TE142;21.01.2024;20;1.0;426;40;421;40;5;47
TE142;21.01.2024;21;1.0;347;40;344;40;3;43
TE142;21.01.2024;22;1.0;263;41;262;41;1;47
TE142;21.01.2024;23;1.0;248;38;248;38;0;-1
TE142;22.01.2024;0;1.0;148;39;147;39;1;33
TE142;22.01.2024;1;1.0;114;45;112;45;2;45
TE142;22.01.2024;2;1.0;90;44;84;44;6;47
TE142;22.01.2024;3;1.0;78;41;73;41;5;39
TE142;22.01.2024;4;1.0;66;39;65;38;1;49
TE142;22.01.2024;5;1.0;165;40;159;39;6;42
TE142;22.01.2024;6;1.0;348;27;343;27;5;49
TE142;22.01.2024;7;1.0;595;20;588;20;6;38
TE142;22.01.2024;8;1.0;718;19;708;18;10;37
TE142;22.01.2024;9;1.0;756;34;737;34;19;36
TE142;22.01.2024;10;1.0;733;40;714;40;19;44
TE142;22.01.2024;11;1.0;749;38;737;38;12;43
TE142;22.01.2024;12;1.0;691;39;668;39;23;41
TE142;22.01.2024;13;1.0;641;34;627;34;14;39
TE142;22.01.2024;14;1.0;696;29;692;29;4;28
TE142;22.01.2024;15;1.0;737;30;728;30;9;35
TE142;22.01.2024;16;1.0;736;27;732;27;4;33
TE142;22.01.2024;17;1.0;709;36;706;36;3;37
TE142;22.01.2024;18;1.0;730;38;726;38;4;42
TE142;22.01.2024;19;1.0;595;37;587;37;8;42
TE142;22.01.2024;20;1.0;437;41;435;41;2;37
TE142;22.01.2024;21;1.0;358;38;353;38;4;38
TE142;22.01.2024;22;1.0;339;38;331;38;6;48
TE142;22.01.2024;23;1.0;254;40;254;40;0;-1
TE142;23.01.2024;0;1.0;161;40;161;40;0;-1
TE142;23.01.2024;1;1.0;102;36;100;36;2;36
TE142;23.01.2024;2;1.0;77;36;74;36;3;38
TE142;23.01.2024;3;1.0;54;39;50;40;4;36
TE142;23.01.2024;4;1.0;72;41;71;41;1;46
TE142;23.01.2024;5;1.0;166;41;166;41;0;-1
TE142;23.01.2024;6;1.0;372;41;367;41;5;47
TE142;23.01.2024;7;1.0;619;44;602;43;17;50
TE142;23.01.2024;8;1.0;747;39;723;39;24;40
TE142;23.01.2024;9;1.0;694;40;681;39;13;45
TE142;23.01.2024;10;1.0;698;29;683;29;16;34
TE142;23.01.2024;11;1.0;700;36;683;36;17;39
TE142;23.01.2024;12;1.0;698;42;681;42;17;43
TE142;23.01.2024;13;1.0;709;39;694;39;15;43
TE142;23.01.2024;14;1.0;701;38;692;38;9;39
TE142;23.01.2024;15;1.0;732;35;726;35;6;41
TE142;23.01.2024;16;1.0;789;35;778;35;11;39
TE142;23.01.2024;17;1.0;785;34;777;34;8;34
TE142;23.01.2024;18;1.0;737;34;735;34;2;34
TE142;23.01.2024;19;1.0;560;35;558;35;2;38
TE142;23.01.2024;20;1.0;494;35;489;35;5;37
TE142;23.01.2024;21;1.0;401;40;400;40;1;38
TE142;23.01.2024;22;1.0;418;42;417;42;1;44
TE142;23.01.2024;23;1.0;269;48;268;48;1;43
TE142;24.01.2024;0;1.0;160;51;159;51;1;60
TE142;24.01.2024;1;1.0;121;51;120;51;1;60
TE142;24.01.2024;2;1.0;102;51;91;51;11;52
TE142;24.01.2024;3;1.0;103;46;95;46;8;49
TE142;24.01.2024;4;1.0;169;40;165;40;4;41
TE142;24.01.2024;5;1.0;183;34;179;34;4;42
TE142;24.01.2024;6;1.0;381;36;371;35;10;45
TE142;24.01.2024;7;1.0;601;32;581;31;20;46
TE142;24.01.2024;8;1.0;758;38;737;38;21;45
TE142;24.01.2024;9;1.0;824;42;800;42;24;44
TE142;24.01.2024;10;1.0;786;39;763;39;24;40
TE142;24.01.2024;11;1.0;655;42;632;42;23;42
TE142;24.01.2024;12;1.0;702;30;688;30;14;39
TE142;24.01.2024;13;1.0;666;35;653;35;13;36
TE142;24.01.2024;14;1.0;737;33;718;33;19;38
TE142;24.01.2024;15;1.0;737;32;722;32;15;35
TE142;24.01.2024;16;1.0;748;40;736;40;12;43
TE142;24.01.2024;17;1.0;750;38;738;38;12;40
TE142;24.01.2024;18;1.0;753;37;749;36;4;44
TE142;24.01.2024;19;1.0;624;34;618;34;6;44
TE142;24.01.2024;20;1.0;501;37;496;37;5;44
TE142;24.01.2024;21;1.0;473;39;470;39;3;35
TE142;24.01.2024;22;1.0;403;39;401;39;2;40
TE142;24.01.2024;23;1.0;271;31;268;31;3;39
TE142;25.01.2024;0;1.0;193;29;190;29;3;42
TE142;25.01.2024;1;1.0;127;29;126;29;1;21
TE142;25.01.2024;2;1.0;106;27;103;27;3;26
TE142;25.01.2024;3;1.0;82;27;78;27;4;26
TE142;25.01.2024;4;1.0;70;35;70;35;0;-1
TE142;25.01.2024;5;1.0;193;38;190;38;3;49
TE142;25.01.2024;6;1.0;376;32;371;32;5;33
TE142;25.01.2024;7;1.0;612;35;603;35;9;40
TE142;25.01.2024;8;1.0;797;34;779;34;18;42
TE142;25.01.2024;9;1.0;740;34;711;33;28;40
TE142;25.01.2024;10;1.0;718;42;695;42;23;44
TE142;25.01.2024;11;1.0;707;49;685;49;22;46
TE142;25.01.2024;12;1.0;627;48;614;48;13;49
TE142;25.01.2024;13;1.0;712;49;699;49;13;49
TE142;25.01.2024;14;1.0;780;47;766;47;14;47
TE142;25.01.2024;15;1.0;761;45;750;45;11;44
TE142;25.01.2024;16;1.0;850;43;838;43;12;42
TE142;25.01.2024;17;1.0;792;46;776;45;16;52
TE142;25.01.2024;18;1.0;804;38;795;38;9;44
TE142;25.01.2024;19;1.0;1257;41;1244;41;13;42
TE142;25.01.2024;20;1.0;1042;44;1037;44;5;48
TE142;25.01.2024;21;1.0;698;45;694;45;4;54
TE142;25.01.2024;22;1.0;501;37;496;37;5;34
TE142;25.01.2024;23;1.0;414;35;413;35;1;41
TE142;26.01.2024;0;1.0;228;35;227;35;1;42
TE142;26.01.2024;1;1.0;180;41;178;41;2;40
TE142;26.01.2024;2;1.0;111;43;108;43;3;40
TE142;26.01.2024;3;1.0;100;48;96;48;4;52
TE142;26.01.2024;4;1.0;66;47;66;47;0;-1
TE142;26.01.2024;5;1.0;180;51;175;51;5;49
TE142;26.01.2024;6;1.0;327;53;316;53;11;55
TE142;26.01.2024;7;1.0;606;46;586;46;20;47
TE142;26.01.2024;8;1.0;746;48;721;48;25;50
TE142;26.01.2024;9;1.0;742;51;712;51;30;52
TE142;26.01.2024;10;1.0;791;42;754;42;37;33
TE142;26.01.2024;11;1.0;787;39;765;39;23;43
TE142;26.01.2024;12;1.0;747;34;736;34;11;46
TE142;26.01.2024;13;1.0;924;41;912;41;12;43
TE142;26.01.2024;14;1.0;811;40;806;40;5;40
TE142;26.01.2024;15;1.0;782;37;772;37;10;44
TE142;26.01.2024;16;1.0;747;35;739;35;8;39
TE142;26.01.2024;17;1.0;688;38;681;38;6;44
TE142;26.01.2024;18;1.0;710;36;707;36;3;46
TE142;26.01.2024;19;1.0;637;38;629;38;6;38
TE142;26.01.2024;20;1.0;547;39;541;39;6;42
TE142;26.01.2024;21;1.0;550;37;546;37;4;40
TE142;26.01.2024;22;1.0;587;35;582;36;5;37
TE142;26.01.2024;23;1.0;469;38;467;39;2;31
TE142;27.01.2024;0;1.0;338;35;338;35;0;-1
TE142;27.01.2024;1;1.0;318;39;316;39;2;38
TE142;27.01.2024;2;1.0;232;35;232;35;0;-1
TE142;27.01.2024;3;1.0;174;36;173;36;1;42
TE142;27.01.2024;4;1.0;130;40;129;40;1;35
TE142;27.01.2024;5;1.0;128;37;123;36;5;42
TE142;27.01.2024;6;1.0;129;42;127;42;2;39
TE142;27.01.2024;7;1.0;171;42;169;42;2;49
TE142;27.01.2024;8;1.0;212;46;206;46;6;51
TE142;27.01.2024;9;1.0;320;46;310;46;10;46
TE142;27.01.2024;10;1.0;478;47;470;47;8;50
TE142;27.01.2024;11;1.0;509;51;501;51;8;55
TE142;27.01.2024;12;1.0;543;51;535;51;8;51
TE142;27.01.2024;13;1.0;771;46;766;46;5;45
TE142;27.01.2024;14;1.0;782;43;771;43;11;46
TE142;27.01.2024;15;1.0;718;33;712;33;5;36
TE142;27.01.2024;16;1.0;731;35;722;35;9;41
TE142;27.01.2024;17;1.0;771;34;767;34;4;35
TE142;27.01.2024;18;1.0;694;32;693;32;1;36
TE142;27.01.2024;19;1.0;644;37;643;37;1;45
TE142;27.01.2024;20;1.0;600;35;597;35;3;43
TE142;27.01.2024;21;1.0;501;39;501;39;0;-1
TE142;27.01.2024;22;1.0;579;37;576;37;3;37
TE142;27.01.2024;23;1.0;540;38;540;38;0;-1
TE142;28.01.2024;0;1.0;413;37;411;37;2;38
TE142;28.01.2024;1;1.0;359;37;359;37;0;-1
TE142;28.01.2024;2;1.0;254;35;254;35;0;-1
TE142;28.01.2024;3;1.0;204;42;202;42;2;45
TE142;28.01.2024;4;1.0;181;42;181;42;0;-1
TE142;28.01.2024;5;1.0;145;43;144;43;1;40
TE142;28.01.2024;6;1.0;122;43;122;43;0;-1
TE142;28.01.2024;7;1.0;130;45;129;45;1;33
TE142;28.01.2024;8;1.0;161;45;158;45;3;43
TE142;28.01.2024;9;1.0;226;44;224;44;2;48
TE142;28.01.2024;10;1.0;353;46;348;46;5;43
TE142;28.01.2024;11;1.0;516;42;509;42;7;44
TE142;28.01.2024;12;1.0;554;46;543;46;11;44
TE142;28.01.2024;13;1.0;616;44;609;44;7;42
TE142;28.01.2024;14;1.0;626;45;620;45;6;43
TE142;28.01.2024;15;1.0;641;40;630;40;11;40
TE142;28.01.2024;16;1.0;665;33;656;33;9;39
TE142;28.01.2024;17;1.0;760;36;755;36;5;38
TE142;28.01.2024;18;1.0;686;33;679;33;7;38
TE142;28.01.2024;19;1.0;601;37;597;37;4;39
TE142;28.01.2024;20;1.0;470;37;470;37;0;-1
TE142;28.01.2024;21;1.0;472;35;471;35;1;38
TE142;28.01.2024;22;1.0;337;36;335;37;1;45
TE142;28.01.2024;23;1.0;254;40;252;40;2;43
TE142;29.01.2024;0;1.0;154;40;152;40;2;44
TE142;29.01.2024;1;1.0;117;41;113;41;4;39
TE142;29.01.2024;2;1.0;82;36;77;36;5;40
TE142;29.01.2024;3;1.0;74;38;69;38;5;40
TE142;29.01.2024;4;1.0;75;38;75;38;0;-1
TE142;29.01.2024;5;1.0;186;40;183;40;3;42
TE142;29.01.2024;6;1.0;414;39;406;39;7;44
TE142;29.01.2024;7;1.0;617;40;600;40;16;44
TE142;29.01.2024;8;1.0;705;42;680;42;25;44
TE142;29.01.2024;9;1.0;710;40;689;40;21;43
TE142;29.01.2024;10;1.0;621;41;593;41;28;41
TE142;29.01.2024;11;1.0;614;39;594;39;20;40
TE142;29.01.2024;12;1.0;601;40;580;40;21;43
TE142;29.01.2024;13;1.0;689;40;672;40;17;41
TE142;29.01.2024;14;1.0;674;33;662;33;12;35
TE142;29.01.2024;15;1.0;746;29;736;29;10;33
TE142;29.01.2024;16;1.0;713;31;697;31;16;38
TE142;29.01.2024;17;1.0;685;33;679;33;6;36
TE142;29.01.2024;18;1.0;619;33;608;33;11;39
TE142;29.01.2024;19;1.0;521;39;514;39;7;41
TE142;29.01.2024;20;1.0;438;38;430;38;8;48
TE142;29.01.2024;21;1.0;365;35;363;35;2;38
TE142;29.01.2024;22;1.0;290;38;289;38;1;43
TE142;29.01.2024;23;1.0;250;44;250;44;0;-1
TE142;30.01.2024;0;1.0;142;45;140;45;2;43
TE142;30.01.2024;1;1.0;87;41;86;41;1;46
TE142;30.01.2024;2;1.0;89;42;87;42;2;38
TE142;30.01.2024;3;1.0;60;43;57;43;3;36
TE142;30.01.2024;4;1.0;69;42;69;42;0;-1
TE142;30.01.2024;5;1.0;165;42;161;42;4;42
TE142;30.01.2024;6;1.0;334;46;327;46;7;48
TE142;30.01.2024;7;1.0;620;41;602;41;18;44
TE142;30.01.2024;8;1.0;798;41;785;41;13;43
TE142;30.01.2024;9;1.0;710;42;681;42;29;45
TE142;30.01.2024;10;1.0;690;42;672;42;18;43
TE142;30.01.2024;11;1.0;646;39;634;39;12;39
TE142;30.01.2024;12;1.0;641;33;632;33;8;38
TE142;30.01.2024;13;1.0;723;38;704;38;18;37
TE142;30.01.2024;14;1.0;704;37;692;37;12;38
TE142;30.01.2024;15;1.0;812;34;793;34;19;35
TE142;30.01.2024;16;1.0;760;35;753;35;7;38
TE142;30.01.2024;17;1.0;723;35;711;35;12;41
TE142;30.01.2024;18;1.0;712;36;706;37;6;37
TE142;30.01.2024;19;1.0;652;33;650;33;2;36
TE142;30.01.2024;20;1.0;519;34;517;34;2;38
TE142;30.01.2024;21;1.0;409;34;408;34;1;44
TE142;30.01.2024;22;1.0;418;29;409;28;9;35
TE142;30.01.2024;23;1.0;269;24;268;24;1;38
TE142;31.01.2024;0;1.0;173;22;173;22;0;-1
TE142;31.01.2024;1;1.0;119;27;119;27;0;-1
TE142;31.01.2024;2;1.0;107;22;103;22;4;30
TE142;31.01.2024;3;1.0;62;27;61;26;1;29
TE142;31.01.2024;4;1.0;179;38;178;38;1;44
TE142;31.01.2024;5;1.0;180;40;177;40;3;34
TE142;31.01.2024;6;1.0;336;48;332;48;4;47
TE142;31.01.2024;7;1.0;536;49;516;49;20;49
TE142;31.01.2024;8;1.0;744;46;732;46;12;49
TE142;31.01.2024;9;1.0;709;45;691;45;18;47
TE142;31.01.2024;10;1.0;681;47;661;47;20;49
TE142;31.01.2024;11;1.0;634;47;617;47;17;48
TE142;31.01.2024;12;1.0;658;47;640;47;18;46
TE142;31.01.2024;13;1.0;641;48;632;48;9;48
TE142;31.01.2024;14;1.0;746;47;732;47;14;47
TE142;31.01.2024;15;1.0;708;49;703;49;5;49
TE142;31.01.2024;16;1.0;729;47;723;47;6;48
TE142;31.01.2024;17;1.0;727;48;718;48;9;49
TE142;31.01.2024;18;1.0;741;47;731;47;10;52
TE142;31.01.2024;19;1.0;660;49;657;49;3;43
TE142;31.01.2024;20;1.0;508;48;504;48;4;55
TE142;31.01.2024;21;1.0;434;38;429;38;4;39
TE142;31.01.2024;22;1.0;402;50;399;50;3;50
TE142;31.01.2024;23;1.0;333;48;331;48;2;46
TE144;01.01.2024;0;1.0;255;36;255;36;0;-1
TE144;01.01.2024;1;1.0;304;38;304;38;0;-1
TE144;01.01.2024;2;1.0;263;38;263;38;0;-1
TE144;01.01.2024;3;1.0;196;35;195;35;1;40
TE144;01.01.2024;4;1.0;212;37;211;37;1;51
TE144;01.01.2024;5;1.0;146;34;146;34;0;-1
TE144;01.01.2024;6;1.0;118;31;118;31;0;-1
TE144;01.01.2024;7;1.0;88;30;88;30;0;-1
TE144;01.01.2024;8;1.0;83;40;82;41;1;3
TE144;01.01.2024;9;1.0;102;29;102;29;0;-1
TE144;01.01.2024;10;1.0;164;32;164;32;0;-1
TE144;01.01.2024;11;1.0;242;32;242;32;0;-1
TE144;01.01.2024;12;1.0;280;30;279;30;1;55
TE144;01.01.2024;13;1.0;371;29;371;29;0;-1
TE144;01.01.2024;14;1.0;409;30;408;30;1;45
TE144;01.01.2024;15;1.0;465;31;464;31;1;44
TE144;01.01.2024;16;1.0;381;30;379;30;2;48
TE144;01.01.2024;17;1.0;404;28;403;28;1;50
TE144;01.01.2024;18;1.0;358;29;334;31;24;3
TE144;01.01.2024;19;1.0;297;31;293;31;4;15
TE144;01.01.2024;20;1.0;270;28;269;28;1;3
TE144;01.01.2024;21;1.0;244;29;233;31;11;3
TE144;01.01.2024;22;1.0;219;26;219;26;0;-1
TE144;01.01.2024;23;1.0;171;30;171;30;0;-1
TE144;02.01.2024;0;1.0;106;23;105;22;1;50
TE144;02.01.2024;1;1.0;73;24;72;24;1;3
TE144;02.01.2024;2;1.0;65;28;65;28;0;-1
TE144;02.01.2024;3;1.0;44;21;43;20;1;50
TE144;02.01.2024;4;1.0;77;27;76;27;1;37
TE144;02.01.2024;5;1.0;205;23;204;23;1;50
TE144;02.01.2024;6;1.0;304;28;302;28;2;46
TE144;02.01.2024;7;1.0;466;29;459;28;7;47
TE144;02.01.2024;8;1.0;640;31;627;30;13;45
TE144;02.01.2024;9;1.0;521;33;513;33;8;48
TE144;02.01.2024;10;1.0;489;31;483;31;6;50
TE144;02.01.2024;11;1.0;531;31;517;31;14;42
TE144;02.01.2024;12;1.0;640;30;637;30;3;47
TE144;02.01.2024;13;1.0;627;30;627;30;0;-1
TE144;02.01.2024;14;1.0;722;32;647;29;75;51
TE144;02.01.2024;15;1.0;708;32;687;31;21;55
TE144;02.01.2024;16;1.0;774;31;773;31;1;54
TE144;02.01.2024;17;1.0;706;31;704;31;2;3
TE144;02.01.2024;18;1.0;676;31;674;31;2;26
TE144;02.01.2024;19;1.0;472;31;458;31;14;48
TE144;02.01.2024;20;1.0;365;30;364;30;1;46
TE144;02.01.2024;21;1.0;334;30;333;30;1;47
TE144;02.01.2024;22;1.0;251;31;251;31;0;-1
TE144;02.01.2024;23;1.0;218;27;217;27;1;47
TE144;03.01.2024;0;1.0;130;25;130;25;0;-1
TE144;03.01.2024;1;1.0;84;27;84;27;0;-1
TE144;03.01.2024;2;1.0;59;22;57;21;2;42
TE144;03.01.2024;3;1.0;60;29;59;29;1;52
TE144;03.01.2024;4;1.0;86;26;83;25;3;52
TE144;03.01.2024;5;1.0;211;27;210;27;1;3
TE144;03.01.2024;6;1.0;397;25;392;25;5;48
TE144;03.01.2024;7;1.0;621;27;612;27;9;43
TE144;03.01.2024;8;1.0;896;29;875;29;21;34
TE144;03.01.2024;9;1.0;827;24;811;24;16;30
TE144;03.01.2024;10;1.0;653;31;643;31;10;38
TE144;03.01.2024;11;1.0;737;28;667;26;70;50
TE144;03.01.2024;12;1.0;753;29;658;27;95;49
TE144;03.01.2024;13;1.0;803;27;773;26;30;46
TE144;03.01.2024;14;1.0;764;28;693;26;71;48
TE144;03.01.2024;15;1.0;824;29;805;28;19;44
TE144;03.01.2024;16;1.0;812;28;805;28;7;38
TE144;03.01.2024;17;1.0;818;28;813;28;5;47
TE144;03.01.2024;18;1.0;679;28;677;28;2;22
TE144;03.01.2024;19;1.0;599;28;599;28;0;-1
TE144;03.01.2024;20;1.0;434;30;432;30;2;16
TE144;03.01.2024;21;1.0;381;30;377;30;4;36
TE144;03.01.2024;22;1.0;285;26;283;26;2;50
TE144;03.01.2024;23;1.0;236;28;233;27;3;54
TE144;04.01.2024;0;1.0;145;24;144;23;1;42
TE144;04.01.2024;1;1.0;104;23;103;23;1;50
TE144;04.01.2024;2;1.0;61;25;59;24;2;40
TE144;04.01.2024;3;1.0;54;29;54;29;0;-1
TE144;04.01.2024;4;1.0;76;26;76;26;0;-1
TE144;04.01.2024;5;1.0;215;26;214;26;1;3
TE144;04.01.2024;6;1.0;347;29;345;29;2;56
TE144;04.01.2024;7;1.0;610;29;603;29;7;30
TE144;04.01.2024;8;1.0;889;29;853;30;36;12
TE144;04.01.2024;9;1.0;859;27;850;27;10;40
TE144;04.01.2024;10;1.0;803;33;782;32;21;40
TE144;04.01.2024;11;1.0;722;31;703;31;19;41
TE144;04.01.2024;12;1.0;751;27;739;27;12;42
TE144;04.01.2024;13;1.0;742;30;721;30;21;49
TE144;04.01.2024;14;1.0;786;33;750;33;36;39
TE144;04.01.2024;15;1.0;839;30;824;30;15;50
TE144;04.01.2024;16;1.0;859;29;834;28;25;47
TE144;04.01.2024;17;1.0;892;29;850;28;42;48
TE144;04.01.2024;18;1.0;845;30;780;29;65;46
TE144;04.01.2024;19;1.0;613;30;571;28;42;49
TE144;04.01.2024;20;1.0;471;30;444;29;27;47
TE144;04.01.2024;21;1.0;359;33;348;33;11;43
TE144;04.01.2024;22;1.0;359;31;355;31;4;48
TE144;04.01.2024;23;1.0;262;29;241;28;21;42
TE144;05.01.2024;0;1.0;152;27;146;26;6;48
TE144;05.01.2024;1;1.0;140;29;125;26;15;54
TE144;05.01.2024;2;1.0;85;25;56;16;29;43
TE144;05.01.2024;3;1.0;66;31;39;19;27;49
TE144;05.01.2024;4;1.0;72;29;51;25;21;38
TE144;05.01.2024;5;1.0;194;28;171;24;23;57
TE144;05.01.2024;6;1.0;373;30;316;25;57;54
TE144;05.01.2024;7;1.0;581;26;458;21;123;43
TE144;05.01.2024;8;1.0;756;29;642;26;114;50
TE144;05.01.2024;9;1.0;689;31;557;27;132;47
TE144;05.01.2024;10;1.0;720;31;574;26;146;49
TE144;05.01.2024;11;1.0;778;30;580;23;198;49
TE144;05.01.2024;12;1.0;796;27;582;22;214;42
TE144;05.01.2024;13;1.0;808;31;614;26;194;49
TE144;05.01.2024;14;1.0;771;29;587;24;184;46
TE144;05.01.2024;15;1.0;801;28;614;23;187;43
TE144;05.01.2024;16;1.0;807;31;617;27;190;43
TE144;05.01.2024;17;1.0;773;33;613;31;160;41
TE144;05.01.2024;18;1.0;768;31;594;25;174;50
TE144;05.01.2024;19;1.0;645;31;498;25;147;50
TE144;05.01.2024;20;1.0;474;32;359;26;115;51
TE144;05.01.2024;21;1.0;432;33;351;29;81;51
TE144;05.01.2024;22;1.0;401;32;346;29;55;55
TE144;05.01.2024;23;1.0;335;33;265;27;70;53
TE144;06.01.2024;0;1.0;261;33;220;30;41;49
TE144;06.01.2024;1;1.0;166;33;142;29;24;57
TE144;06.01.2024;2;1.0;144;31;136;29;8;56
TE144;06.01.2024;3;1.0;101;29;74;21;27;50
TE144;06.01.2024;4;1.0;92;29;66;18;26;57
TE144;06.01.2024;5;1.0;130;29;90;19;40;52
TE144;06.01.2024;6;1.0;130;31;110;28;20;47
TE144;06.01.2024;7;1.0;166;30;136;25;30;51
TE144;06.01.2024;8;1.0;213;30;190;27;23;48
TE144;06.01.2024;9;1.0;342;30;283;25;59;49
TE144;06.01.2024;10;1.0;449;30;330;23;119;49
TE144;06.01.2024;11;1.0;531;30;390;24;141;47
TE144;06.01.2024;12;1.0;632;31;472;26;160;46
TE144;06.01.2024;13;1.0;718;31;518;25;200;47
TE144;06.01.2024;14;1.0;728;29;508;24;220;38
TE144;06.01.2024;15;1.0;784;26;572;23;212;34
TE144;06.01.2024;16;1.0;721;28;533;23;188;45
TE144;06.01.2024;17;1.0;745;28;516;22;229;41
TE144;06.01.2024;18;1.0;747;29;515;22;232;46
TE144;06.01.2024;19;1.0;603;29;412;22;191;43
TE144;06.01.2024;20;1.0;572;28;395;20;177;46
TE144;06.01.2024;21;1.0;446;30;316;23;130;47
TE144;06.01.2024;22;1.0;447;34;316;26;131;53
TE144;06.01.2024;23;1.0;423;30;293;22;130;48
TE144;07.01.2024;0;1.0;300;28;207;19;93;49
TE144;07.01.2024;1;1.0;260;30;171;20;89;50
TE144;07.01.2024;2;1.0;185;30;122;18;63;53
TE144;07.01.2024;3;1.0;154;28;104;18;50;46
TE144;07.01.2024;4;1.0;111;16;84;11;27;30
TE144;07.01.2024;5;1.0;125;16;95;12;30;30
TE144;07.01.2024;6;1.0;122;21;86;16;36;34
TE144;07.01.2024;7;1.0;90;25;60;19;30;36
TE144;07.01.2024;8;1.0;119;27;83;20;36;44
TE144;07.01.2024;9;1.0;239;31;184;26;55;50
TE144;07.01.2024;10;1.0;317;29;217;22;100;45
TE144;07.01.2024;11;1.0;429;28;301;22;128;42
TE144;07.01.2024;12;1.0;473;29;331;22;142;45
TE144;07.01.2024;13;1.0;716;30;523;23;193;47
TE144;07.01.2024;14;1.0;615;28;436;23;179;41
TE144;07.01.2024;15;1.0;723;31;506;28;217;39
TE144;07.01.2024;16;1.0;608;32;461;28;147;45
TE144;07.01.2024;17;1.0;588;31;431;26;157;43
TE144;07.01.2024;18;1.0;492;33;371;27;121;52
TE144;07.01.2024;19;1.0;412;38;285;34;127;45
TE144;07.01.2024;20;1.0;323;28;254;24;69;44
TE144;07.01.2024;21;1.0;328;28;231;20;97;47
TE144;07.01.2024;22;1.0;251;25;172;16;79;45
TE144;07.01.2024;23;1.0;162;28;106;17;56;49
TE144;08.01.2024;0;1.0;115;24;90;20;25;40
TE144;08.01.2024;1;1.0;82;25;54;14;28;46
TE144;08.01.2024;2;1.0;57;31;34;14;23;58
TE144;08.01.2024;3;1.0;71;32;41;16;30;54
TE144;08.01.2024;4;1.0;71;26;46;14;25;47
TE144;08.01.2024;5;1.0;221;25;159;18;62;42
TE144;08.01.2024;6;1.0;383;22;280;17;103;36
TE144;08.01.2024;7;1.0;660;27;458;25;202;31
TE144;08.01.2024;8;1.0;560;27;386;21;174;42
TE144;08.01.2024;9;1.0;564;27;398;21;166;41
TE144;08.01.2024;10;1.0;468;30;309;22;159;44
TE144;08.01.2024;11;1.0;451;30;303;20;148;50
TE144;08.01.2024;12;1.0;451;29;317;22;134;47
TE144;08.01.2024;13;1.0;466;32;316;24;150;50
TE144;08.01.2024;14;1.0;429;29;296;21;133;47
TE144;08.01.2024;15;1.0;476;25;351;21;125;36
TE144;08.01.2024;16;1.0;548;22;465;21;83;28
TE144;08.01.2024;17;1.0;532;25;442;24;90;32
TE144;08.01.2024;18;1.0;519;22;449;21;70;26
TE144;08.01.2024;19;1.0;406;21;316;18;90;31
TE144;08.01.2024;20;1.0;369;20;272;19;96;23
TE144;08.01.2024;21;1.0;256;22;206;20;50;31
TE144;08.01.2024;22;1.0;258;20;199;17;59;30
TE144;08.01.2024;23;1.0;166;19;116;14;50;31
TE144;09.01.2024;0;1.0;120;19;88;15;32;31
TE144;09.01.2024;1;1.0;72;20;52;15;20;31
TE144;09.01.2024;2;1.0;49;17;35;12;14;31
TE144;09.01.2024;3;1.0;42;14;37;12;5;28
TE144;09.01.2024;4;1.0;66;17;56;15;10;28
TE144;09.01.2024;5;1.0;222;20;181;18;41;31
TE144;09.01.2024;6;1.0;436;20;361;18;75;30
TE144;09.01.2024;7;1.0;703;25;560;23;142;29
TE144;09.01.2024;8;1.0;868;24;662;22;206;29
TE144;09.01.2024;10;1.0;664;25;503;22;161;34
TE144;09.01.2024;11;1.0;629;29;444;23;185;42
TE144;09.01.2024;12;1.0;661;23;445;16;216;37
TE144;09.01.2024;13;1.0;646;32;481;28;165;45
TE144;09.01.2024;14;1.0;697;27;512;22;185;42
TE144;09.01.2024;15;1.0;751;23;633;22;118;29
TE144;09.01.2024;16;1.0;804;25;649;23;155;38
TE144;09.01.2024;17;1.0;740;25;571;21;169;36
TE144;09.01.2024;18;1.0;734;24;575;19;159;41
TE144;09.01.2024;19;1.0;575;24;436;20;139;39
TE144;09.01.2024;20;1.0;428;25;305;18;123;42
TE144;09.01.2024;21;1.0;345;28;249;24;96;40
TE144;09.01.2024;22;1.0;315;27;216;21;99;42
TE144;09.01.2024;23;1.0;199;24;139;17;60;42
TE144;10.01.2024;0;1.0;126;21;93;14;33;42
TE144;10.01.2024;1;1.0;70;24;52;18;18;42
TE144;10.01.2024;2;1.0;51;19;44;15;7;40
TE144;10.01.2024;3;1.0;52;21;33;9;19;42
TE144;10.01.2024;4;1.0;72;20;54;13;18;40
TE144;10.01.2024;5;1.0;227;23;168;17;59;42
TE144;10.01.2024;6;1.0;516;23;387;17;129;42
TE144;10.01.2024;7;1.0;843;31;640;28;203;40
TE144;10.01.2024;8;1.0;1110;26;810;21;300;37
TE144;10.01.2024;9;1.0;978;27;722;22;256;40
TE144;10.01.2024;10;1.0;889;28;646;22;243;42
TE144;10.01.2024;11;1.0;794;28;610;23;184;46
TE144;10.01.2024;12;1.0;847;28;647;23;200;43
TE144;10.01.2024;13;1.0;890;25;742;22;149;39
TE144;10.01.2024;14;1.0;1067;28;787;22;280;45
TE144;10.01.2024;15;1.0;1036;28;786;24;250;40
TE144;10.01.2024;16;1.0;1069;22;857;20;213;29
TE144;10.01.2024;17;1.0;862;27;650;24;212;37
TE144;10.01.2024;18;1.0;913;23;689;20;224;31
TE144;10.01.2024;19;1.0;652;23;503;18;149;39
TE144;10.01.2024;20;1.0;517;29;360;25;157;40
TE144;10.01.2024;21;1.0;362;24;269;18;93;40
TE144;10.01.2024;22;1.0;347;24;243;18;104;40
TE144;10.01.2024;23;1.0;254;22;183;16;71;38
TE144;11.01.2024;0;1.0;142;22;107;15;35;40
TE144;11.01.2024;1;1.0;98;21;75;16;23;40
TE144;11.01.2024;2;1.0;71;22;47;12;24;40
TE144;11.01.2024;3;1.0;46;21;34;15;12;39
TE144;11.01.2024;4;1.0;67;21;50;14;17;40
TE144;11.01.2024;5;1.0;264;26;212;18;52;56
TE144;11.01.2024;6;1.0;535;20;424;14;112;45
TE144;11.01.2024;7;1.0;1005;32;748;28;257;47
TE144;11.01.2024;8;1.0;1120;24;810;20;310;37
TE144;11.01.2024;9;1.0;1132;25;866;23;266;32
TE144;11.01.2024;10;1.0;856;28;653;23;203;41
TE144;11.01.2024;11;1.0;846;28;625;24;221;39
TE144;11.01.2024;12;1.0;832;26;633;24;199;33
TE144;11.01.2024;13;1.0;888;31;681;25;207;49
TE144;11.01.2024;14;1.0;961;28;738;25;223;41
TE144;11.01.2024;15;1.0;1056;34;879;31;177;48
TE144;11.01.2024;16;1.0;1107;28;875;24;232;43
TE144;11.01.2024;17;1.0;965;29;750;27;215;35
TE144;11.01.2024;18;1.0;1047;31;817;27;230;47
TE144;11.01.2024;19;1.0;814;34;592;31;222;43
TE144;11.01.2024;20;1.0;467;29;367;24;100;47
TE144;11.01.2024;21;1.0;408;29;311;23;97;50
TE144;11.01.2024;22;1.0;404;31;299;24;105;52
TE144;11.01.2024;23;1.0;268;31;211;25;57;49
TE144;12.01.2024;0;1.0;189;27;130;16;59;51
TE144;12.01.2024;1;1.0;123;21;95;13;28;48
TE144;12.01.2024;2;1.0;88;27;65;16;23;58
TE144;12.01.2024;3;1.0;89;31;63;21;26;54
TE144;12.01.2024;4;1.0;82;34;61;26;21;59
TE144;12.01.2024;5;1.0;263;29;233;26;30;56
TE144;12.01.2024;6;1.0;433;27;336;22;97;45
TE144;12.01.2024;7;1.0;816;29;617;24;199;43
TE144;12.01.2024;8;1.0;1057;29;815;24;242;44
TE144;12.01.2024;9;1.0;921;31;690;27;231;42
TE144;12.01.2024;10;1.0;733;32;565;27;168;49
TE144;12.01.2024;11;1.0;818;33;649;27;169;53
TE144;12.01.2024;12;1.0;771;32;610;28;161;50
TE144;12.01.2024;13;1.0;879;29;670;25;209;44
TE144;12.01.2024;14;1.0;853;34;707;29;146;54
TE144;12.01.2024;15;1.0;887;32;718;27;169;51
TE144;12.01.2024;16;1.0;907;31;778;27;129;51
TE144;12.01.2024;17;1.0;851;30;646;24;205;48
TE144;12.01.2024;18;1.0;951;33;703;28;248;49
TE144;12.01.2024;19;1.0;764;33;548;27;216;49
TE144;12.01.2024;20;1.0;633;31;477;25;156;50
TE144;12.01.2024;21;1.0;505;31;379;25;126;48
TE144;12.01.2024;22;1.0;438;31;332;24;106;50
TE144;12.01.2024;23;1.0;400;30;311;24;89;53
TE144;13.01.2024;0;1.0;285;30;193;23;91;47
TE144;13.01.2024;1;1.0;231;27;177;20;54;48
TE144;13.01.2024;2;1.0;205;32;151;24;54;53
TE144;13.01.2024;3;1.0;99;30;77;24;22;53
TE144;13.01.2024;4;1.0;126;28;93;19;33;51
TE144;13.01.2024;5;1.0;121;27;94;20;27;53
TE144;13.01.2024;6;1.0;138;29;128;27;10;57
TE144;13.01.2024;7;1.0;172;34;169;34;2;3
TE144;13.01.2024;8;1.0;228;32;225;32;3;53
TE144;13.01.2024;9;1.0;343;34;337;34;6;36
TE144;13.01.2024;10;1.0;471;30;467;30;4;48
TE144;13.01.2024;11;1.0;552;30;546;30;6;40
TE144;13.01.2024;12;1.0;615;35;605;35;10;25
TE144;13.01.2024;13;1.0;749;32;732;32;17;45
TE144;13.01.2024;14;1.0;861;28;714;26;147;38
TE144;13.01.2024;15;1.0;782;32;765;31;17;50
TE144;13.01.2024;16;1.0;818;32;805;32;13;44
TE144;13.01.2024;17;1.0;861;32;826;31;35;46
TE144;13.01.2024;18;1.0;785;31;733;30;52;45
TE144;13.01.2024;19;1.0;634;32;630;32;4;39
TE144;13.01.2024;20;1.0;569;31;563;31;5;39
TE144;13.01.2024;21;1.0;445;30;444;30;1;54
TE144;13.01.2024;22;1.0;428;31;421;31;7;44
TE144;13.01.2024;23;1.0;436;30;430;30;6;48
TE144;14.01.2024;0;1.0;320;30;317;30;3;34
TE144;14.01.2024;1;1.0;271;29;269;29;2;49
TE144;14.01.2024;2;1.0;223;27;219;27;4;56
TE144;14.01.2024;3;1.0;175;31;175;31;0;-1
TE144;14.01.2024;4;1.0;142;25;141;25;1;38
TE144;14.01.2024;5;1.0;140;28;138;27;2;53
TE144;14.01.2024;6;1.0;121;30;121;30;0;-1
TE144;14.01.2024;7;1.0;115;28;114;28;1;41
TE144;14.01.2024;8;1.0;133;31;130;30;3;44
TE144;14.01.2024;9;1.0;233;33;228;33;5;51
TE144;14.01.2024;10;1.0;382;33;376;33;6;40
TE144;14.01.2024;11;1.0;455;25;446;24;10;38
TE144;14.01.2024;12;1.0;517;31;474;30;43;49
TE144;14.01.2024;13;1.0;663;32;461;25;202;48
TE144;14.01.2024;14;1.0;753;32;562;26;191;49
TE144;14.01.2024;15;1.0;748;30;570;24;178;48
TE144;14.01.2024;16;1.0;552;30;416;25;136;44
TE144;14.01.2024;17;1.0;583;32;453;28;130;48
TE144;14.01.2024;18;1.0;572;31;493;28;79;52
TE144;14.01.2024;19;1.0;516;35;401;29;115;55
TE144;14.01.2024;20;1.0;304;28;248;25;56;45
TE144;14.01.2024;21;1.0;303;27;226;21;77;45
TE144;14.01.2024;22;1.0;159;26;106;24;53;29
TE144;14.01.2024;23;1.0;142;33;90;24;52;49
TE144;15.01.2024;0;1.0;98;35;73;32;25;44
TE144;15.01.2024;1;1.0;49;35;49;35;0;-1
TE144;15.01.2024;2;1.0;30;29;20;31;10;25
TE144;15.01.2024;3;1.0;45;30;33;23;12;51
TE144;15.01.2024;4;1.0;59;18;47;17;12;23
TE144;15.01.2024;5;1.0;4;38;4;38;0;-1
TE144;15.01.2024;6;1.0;21;30;21;30;0;-1
TE144;15.01.2024;7;1.0;11;44;8;35;3;68
TE144;15.01.2024;8;1.0;15;34;14;34;1;47
TE144;15.01.2024;9;1.0;50;18;39;20;11;10
TE144;15.01.2024;10;1.0;4;11;4;11;0;-1
TE144;15.01.2024;11;1.0;11;3;11;3;0;-1
TE144;15.01.2024;12;1.0;9;3;9;3;0;-1
TE144;15.01.2024;13;1.0;28;4;27;4;1;3
TE144;15.01.2024;14;1.0;43;17;36;16;7;23
TE144;15.01.2024;15;1.0;262;25;194;23;68;29
TE144;15.01.2024;16;1.0;361;40;235;33;126;52
TE144;15.01.2024;17;1.0;431;34;314;27;116;51
TE144;15.01.2024;18;1.0;469;42;331;41;138;46
TE144;15.01.2024;19;1.0;432;39;301;36;131;49
TE144;15.01.2024;20;1.0;289;29;203;23;86;45
TE144;15.01.2024;21;1.0;291;33;199;23;92;56
TE144;15.01.2024;22;1.0;222;29;153;19;69;50
TE144;15.01.2024;23;1.0;172;27;138;22;34;47
TE144;16.01.2024;0;1.0;88;26;68;21;20;45
TE144;16.01.2024;1;1.0;59;19;48;14;11;44
TE144;16.01.2024;2;1.0;30;19;21;11;9;39
TE144;16.01.2024;3;1.0;32;21;13;8;19;30
TE144;16.01.2024;4;1.0;63;22;40;10;23;44
TE144;16.01.2024;5;1.0;193;21;163;16;30;45
TE144;16.01.2024;6;1.0;350;17;321;16;29;28
TE144;16.01.2024;7;1.0;585;19;511;19;74;18
TE144;16.01.2024;8;1.0;988;24;760;22;228;27
TE144;16.01.2024;9;1.0;888;32;632;30;256;36
TE144;16.01.2024;10;1.0;695;31;532;28;163;45
TE144;16.01.2024;11;1.0;664;34;513;29;151;49
TE144;16.01.2024;12;1.0;615;33;536;31;79;47
TE144;16.01.2024;13;1.0;657;32;551;29;106;49
TE144;16.01.2024;14;1.0;692;35;544;33;148;45
TE144;16.01.2024;15;1.0;738;32;625;29;113;53
TE144;16.01.2024;16;1.0;810;28;674;25;136;43
TE144;16.01.2024;17;1.0;864;33;664;30;200;45
TE144;16.01.2024;18;1.0;789;31;624;26;165;46
TE144;16.01.2024;19;1.0;627;29;493;25;134;43
TE144;16.01.2024;20;1.0;422;31;331;25;91;50
TE144;16.01.2024;21;1.0;305;33;236;27;69;55
TE144;16.01.2024;22;1.0;265;35;177;26;88;52
TE144;16.01.2024;23;1.0;186;27;128;20;58;43
TE144;17.01.2024;0;1.0;121;21;84;14;37;37
TE144;17.01.2024;1;1.0;85;24;54;12;31;45
TE144;17.01.2024;2;1.0;47;31;29;17;18;55
TE144;17.01.2024;3;1.0;37;19;24;10;13;36
TE144;17.01.2024;4;1.0;79;32;57;21;22;59
TE144;17.01.2024;5;1.0;239;24;189;17;50;50
TE144;17.01.2024;6;1.0;472;24;380;20;92;41
TE144;17.01.2024;7;1.0;768;27;591;25;177;32
TE144;17.01.2024;8;1.0;1010;29;763;26;247;37
TE144;17.01.2024;9;1.0;792;26;624;23;168;36
TE144;17.01.2024;10;1.0;689;31;558;27;131;46
TE144;17.01.2024;11;1.0;724;31;542;25;182;48
TE144;17.01.2024;12;1.0;777;39;560;34;217;50
TE144;17.01.2024;13;1.0;743;28;563;24;180;42
TE144;17.01.2024;14;1.0;809;31;602;26;207;46
TE144;17.01.2024;15;1.0;835;31;711;28;124;53
TE144;17.01.2024;16;1.0;855;31;740;28;115;54
TE144;17.01.2024;17;1.0;752;30;657;27;95;52
TE144;17.01.2024;18;1.0;771;32;605;27;166;50
TE144;17.01.2024;19;1.0;539;28;409;23;130;43
TE144;17.01.2024;20;1.0;379;24;276;20;103;34
TE144;17.01.2024;21;1.0;313;23;220;20;93;29
TE144;17.01.2024;22;1.0;300;31;251;28;49;50
TE144;17.01.2024;23;1.0;249;30;188;23;61;50
TE144;18.01.2024;0;1.0;129;32;110;28;19;53
TE144;18.01.2024;1;1.0;87;29;63;22;24;47
TE144;18.01.2024;2;1.0;52;22;40;17;12;38
TE144;18.01.2024;3;1.0;53;30;40;18;13;65
TE144;18.01.2024;4;1.0;89;26;76;20;13;59
TE144;18.01.2024;5;1.0;222;31;183;27;39;51
TE144;18.01.2024;6;1.0;402;30;360;29;42;45
TE144;18.01.2024;7;1.0;658;29;499;24;159;47
TE144;18.01.2024;8;1.0;959;27;728;23;231;38
TE144;18.01.2024;9;1.0;792;34;602;30;190;44
TE144;18.01.2024;10;1.0;625;38;517;37;108;47
TE144;18.01.2024;11;1.0;578;35;443;33;135;42
TE144;18.01.2024;12;1.0;699;31;493;25;206;47
TE144;18.01.2024;13;1.0;638;28;476;24;162;39
TE144;18.01.2024;14;1.0;698;31;484;24;214;45
TE144;18.01.2024;15;1.0;673;25;488;20;185;38
TE144;18.01.2024;16;1.0;554;20;393;17;161;30
TE144;18.01.2024;17;1.0;581;30;431;26;150;41
TE144;18.01.2024;18;1.0;675;29;498;28;177;34
TE144;18.01.2024;19;1.0;557;25;397;20;160;37
TE144;18.01.2024;20;1.0;390;24;291;19;99;39
TE144;18.01.2024;21;1.0;337;22;254;18;83;32
TE144;18.01.2024;22;1.0;282;21;211;17;71;32
TE144;18.01.2024;23;1.0;251;27;177;19;74;47
TE144;19.01.2024;0;1.0;130;23;90;16;40;40
TE144;19.01.2024;1;1.0;105;25;69;14;36;46
TE144;19.01.2024;2;1.0;83;32;45;17;38;49
TE144;19.01.2024;3;1.0;61;23;42;14;19;42
TE144;19.01.2024;4;1.0;96;27;62;11;34;55
TE144;19.01.2024;5;1.0;201;29;141;20;60;49
TE144;19.01.2024;6;1.0;377;29;267;25;110;38
TE144;19.01.2024;7;1.0;531;28;362;25;169;36
TE144;19.01.2024;8;1.0;227;26;134;20;93;33
TE144;19.01.2024;9;1.0;132;28;78;23;54;34
TE144;19.01.2024;10;1.0;398;32;235;28;163;38
TE144;19.01.2024;11;1.0;465;40;257;33;208;49
TE144;19.01.2024;12;1.0;443;38;272;32;171;48
TE144;19.01.2024;13;1.0;422;37;334;35;88;48
TE144;19.01.2024;14;1.0;487;34;298;27;189;45
TE144;19.01.2024;15;1.0;475;34;294;29;181;43
TE144;19.01.2024;16;1.0;490;35;391;32;99;48
TE144;19.01.2024;17;1.0;597;31;458;25;139;50
TE144;19.01.2024;18;1.0;661;35;448;27;213;50
TE144;19.01.2024;19;1.0;542;28;377;24;165;37
TE144;19.01.2024;20;1.0;461;25;314;19;147;37
TE144;19.01.2024;21;1.0;363;22;267;18;96;34
TE144;19.01.2024;22;1.0;380;26;272;21;108;38
TE144;19.01.2024;23;1.0;285;26;209;19;76;47
TE144;20.01.2024;0;1.0;243;23;163;15;80;39
TE144;20.01.2024;1;1.0;176;20;124;14;52;32
TE144;20.01.2024;2;1.0;131;23;92;14;39;44
TE144;20.01.2024;3;1.0;98;21;73;14;25;44
TE144;20.01.2024;4;1.0;98;24;72;16;26;45
TE144;20.01.2024;5;1.0;123;24;95;15;28;55
TE144;20.01.2024;6;1.0;138;25;108;18;30;49
TE144;20.01.2024;7;1.0;153;25;99;15;54;43
TE144;20.01.2024;8;1.0;219;31;142;25;77;43
TE144;20.01.2024;9;1.0;347;32;275;28;72;47
TE144;20.01.2024;10;1.0;378;37;279;30;99;54
TE144;20.01.2024;11;1.0;456;32;348;27;108;49
TE144;20.01.2024;12;1.0;502;30;343;23;159;45
TE144;20.01.2024;13;1.0;575;28;483;24;92;46
TE144;20.01.2024;14;1.0;585;31;578;31;7;36
TE144;20.01.2024;15;1.0;618;30;494;27;124;45
TE144;20.01.2024;16;1.0;598;27;415;22;183;40
TE144;20.01.2024;17;1.0;678;29;486;24;192;41
TE144;20.01.2024;18;1.0;743;38;458;34;285;44
TE144;20.01.2024;19;1.0;557;31;396;24;161;49
TE144;20.01.2024;20;1.0;449;28;413;26;36;47
TE144;20.01.2024;21;1.0;371;29;321;26;50;46
TE144;20.01.2024;22;1.0;378;26;306;22;72;45
TE144;20.01.2024;23;1.0;314;28;247;22;67;50
TE144;21.01.2024;0;1.0;239;28;192;22;47;49
TE144;21.01.2024;1;1.0;220;24;157;15;63;46
TE144;21.01.2024;2;1.0;166;25;115;18;51;43
TE144;21.01.2024;3;1.0;104;22;75;17;29;37
TE144;21.01.2024;4;1.0;88;22;70;18;18;37
TE144;21.01.2024;5;1.0;105;20;88;16;17;41
TE144;21.01.2024;6;1.0;79;22;66;20;13;28
TE144;21.01.2024;7;1.0;84;25;70;20;14;49
TE144;21.01.2024;8;1.0;139;31;106;27;33;45
TE144;21.01.2024;9;1.0;230;30;142;24;88;41
TE144;21.01.2024;10;1.0;352;28;198;24;155;32
TE144;21.01.2024;11;1.0;391;28;307;24;84;42
TE144;21.01.2024;12;1.0;471;30;309;22;162;46
TE144;21.01.2024;13;1.0;603;29;455;23;147;51
TE144;21.01.2024;14;1.0;632;33;428;25;204;48
TE144;21.01.2024;15;1.0;776;29;510;22;266;43
TE144;21.01.2024;16;1.0;655;28;476;22;179;44
TE144;21.01.2024;17;1.0;572;30;418;23;154;47
TE144;21.01.2024;18;1.0;488;30;353;23;135;48
TE144;21.01.2024;19;1.0;457;29;304;22;153;43
TE144;21.01.2024;20;1.0;362;34;256;28;106;47
TE144;21.01.2024;21;1.0;311;27;217;20;94;45
TE144;21.01.2024;22;1.0;209;29;155;22;54;48
TE144;21.01.2024;23;1.0;190;27;129;18;61;47
TE144;22.01.2024;0;1.0;138;25;105;18;33;48
TE144;22.01.2024;1;1.0;77;21;57;12;20;47
TE144;22.01.2024;2;1.0;62;28;41;15;21;54
TE144;22.01.2024;3;1.0;46;24;44;22;2;79
TE144;22.01.2024;4;1.0;74;25;69;24;5;45
TE144;22.01.2024;5;1.0;256;27;217;23;39;51
TE144;22.01.2024;6;1.0;466;28;415;24;51;56
TE144;22.01.2024;7;1.0;806;28;705;25;101;50
TE144;22.01.2024;8;1.0;1090;32;971;30;119;46
TE144;22.01.2024;9;1.0;1068;29;984;28;84;46
TE144;22.01.2024;10;1.0;890;30;873;30;17;48
TE144;22.01.2024;11;1.0;797;29;725;27;72;47
TE144;22.01.2024;12;1.0;784;28;668;25;116;46
TE144;22.01.2024;13;1.0;768;30;665;27;103;48
TE144;22.01.2024;14;1.0;793;33;707;31;86;47
TE144;22.01.2024;15;1.0;905;35;866;35;39;43
TE144;22.01.2024;16;1.0;945;27;839;25;106;43
TE144;22.01.2024;17;1.0;886;28;879;28;7;46
TE144;22.01.2024;18;1.0;905;29;902;29;3;46
TE144;22.01.2024;19;1.0;670;30;668;30;2;46
TE144;22.01.2024;20;1.0;434;26;432;26;2;45
TE144;22.01.2024;21;1.0;343;29;343;29;0;-1
TE144;22.01.2024;22;1.0;302;26;302;26;0;-1
TE144;22.01.2024;23;1.0;221;24;221;24;0;-1
TE144;23.01.2024;0;1.0;139;25;139;25;0;-1
TE144;23.01.2024;1;1.0;80;27;79;26;1;45
TE144;23.01.2024;2;1.0;45;29;45;29;0;-1
TE144;23.01.2024;3;1.0;57;22;57;22;0;-1
TE144;23.01.2024;4;1.0;69;22;67;22;2;3
TE144;23.01.2024;5;1.0;258;25;256;25;2;49
TE144;23.01.2024;6;1.0;505;27;502;26;3;48
TE144;23.01.2024;7;1.0;878;27;862;27;16;45
TE144;23.01.2024;8;1.0;1160;30;1039;29;121;42
TE144;23.01.2024;9;1.0;1148;33;861;29;287;45
TE144;23.01.2024;10;1.0;950;39;737;36;213;47
TE144;23.01.2024;11;1.0;923;30;722;25;201;47
TE144;23.01.2024;12;1.0;972;29;889;28;83;50
TE144;23.01.2024;13;1.0;896;28;888;28;8;44
TE144;23.01.2024;14;1.0;867;29;860;28;7;45
TE144;23.01.2024;15;1.0;979;31;967;31;11;35
TE144;23.01.2024;16;1.0;1038;29;1027;29;11;33
TE144;23.01.2024;17;1.0;979;27;969;27;10;36
TE144;23.01.2024;18;1.0;979;37;952;36;27;44
TE144;23.01.2024;19;1.0;645;28;641;28;4;39
TE144;23.01.2024;20;1.0;500;35;496;35;4;43
TE144;23.01.2024;21;1.0;434;33;429;33;5;29
TE144;23.01.2024;22;1.0;350;30;346;29;4;53
TE144;23.01.2024;23;1.0;197;28;196;28;1;51
TE144;24.01.2024;0;1.0;117;29;115;30;2;27
TE144;24.01.2024;1;1.0;74;25;73;26;1;3
TE144;24.01.2024;2;1.0;55;24;55;24;0;-1
TE144;24.01.2024;3;1.0;70;23;67;22;3;45
TE144;24.01.2024;4;1.0;121;24;120;24;1;53
TE144;24.01.2024;5;1.0;280;24;280;24;0;-1
TE144;24.01.2024;6;1.0;523;25;519;25;4;50
TE144;24.01.2024;7;1.0;894;28;889;28;5;47
TE144;24.01.2024;8;1.0;1149;27;1104;27;45;36
TE144;24.01.2024;9;1.0;1130;28;1092;27;38;49
TE144;24.01.2024;10;1.0;950;30;932;29;18;46
TE144;24.01.2024;11;1.0;907;35;874;34;33;42
TE144;24.01.2024;12;1.0;939;32;828;30;111;46
TE144;24.01.2024;13;1.0;890;29;817;27;73;48
TE144;24.01.2024;14;1.0;953;30;945;30;8;40
TE144;24.01.2024;15;1.0;1076;28;1062;28;14;44
TE144;24.01.2024;16;1.0;1021;28;1016;28;5;35
TE144;24.01.2024;17;1.0;1081;29;1072;29;9;34
TE144;24.01.2024;18;1.0;1057;27;1051;27;6;44
TE144;24.01.2024;19;1.0;736;28;734;28;2;47
TE144;24.01.2024;20;1.0;459;26;458;27;1;45
TE144;24.01.2024;21;1.0;433;29;433;29;0;-1
TE144;24.01.2024;22;1.0;344;25;342;25;2;26
TE144;24.01.2024;23;1.0;224;27;223;27;1;50
TE144;25.01.2024;0;1.0;190;24;188;24;2;48
TE144;25.01.2024;1;1.0;114;23;114;23;0;-1
TE144;25.01.2024;2;1.0;75;23;75;23;0;-1
TE144;25.01.2024;3;1.0;52;25;50;24;2;48
TE144;25.01.2024;4;1.0;87;28;85;28;2;47
TE144;25.01.2024;5;1.0;275;25;274;25;1;53
TE144;25.01.2024;6;1.0;519;28;512;27;7;48
TE144;25.01.2024;7;1.0;900;27;895;27;5;48
TE144;25.01.2024;8;1.0;1252;28;1236;28;16;36
TE144;25.01.2024;9;1.0;1208;30;1183;30;25;33
TE144;25.01.2024;10;1.0;1080;29;1069;29;11;37
TE144;25.01.2024;11;1.0;1179;28;1164;28;15;37
TE144;25.01.2024;12;1.0;1193;31;1163;31;30;30
TE144;25.01.2024;13;1.0;1133;30;1108;29;25;37
TE144;25.01.2024;14;1.0;968;28;961;28;7;46
TE144;25.01.2024;15;1.0;1019;28;1015;28;4;34
TE144;25.01.2024;16;1.0;1082;30;1066;29;16;36
TE144;25.01.2024;17;1.0;1099;27;1096;27;3;47
TE144;25.01.2024;18;1.0;1011;31;1005;31;6;26
TE144;25.01.2024;19;1.0;961;31;948;31;13;36
TE144;25.01.2024;20;1.0;596;32;594;31;2;51
TE144;25.01.2024;21;1.0;464;28;464;28;0;-1
TE144;25.01.2024;22;1.0;445;27;443;27;2;46
TE144;25.01.2024;23;1.0;344;25;343;25;1;49
TE144;26.01.2024;0;1.0;203;26;201;26;2;44
TE144;26.01.2024;1;1.0;140;25;134;25;6;44
TE144;26.01.2024;2;1.0;75;18;68;15;7;49
TE144;26.01.2024;3;1.0;67;27;66;26;1;61
TE144;26.01.2024;4;1.0;89;29;89;29;0;-1
TE144;26.01.2024;5;1.0;231;26;230;26;1;44
TE144;26.01.2024;6;1.0;454;36;432;36;22;36
TE144;26.01.2024;7;1.0;833;28;818;28;15;44
TE144;26.01.2024;8;1.0;1042;30;994;29;48;43
TE144;26.01.2024;9;1.0;971;30;953;30;18;47
TE144;26.01.2024;10;1.0;826;28;687;26;139;43
TE144;26.01.2024;11;1.0;893;31;765;28;128;50
TE144;26.01.2024;12;1.0;950;30;801;28;150;42
TE144;26.01.2024;13;1.0;1017;29;958;28;59;46
TE144;26.01.2024;14;1.0;1013;29;998;29;15;44
TE144;26.01.2024;15;1.0;1011;31;1001;30;10;46
TE144;26.01.2024;16;1.0;1018;28;1005;27;13;41
TE144;26.01.2024;17;1.0;942;26;940;26;2;47
TE144;26.01.2024;18;1.0;858;31;852;30;6;40
TE144;26.01.2024;19;1.0;857;28;852;28;5;25
TE144;26.01.2024;20;1.0;600;34;593;34;7;30
TE144;26.01.2024;21;1.0;537;35;533;35;4;36
TE144;26.01.2024;22;1.0;475;28;471;28;4;44
TE144;26.01.2024;23;1.0;430;35;425;36;5;34
TE144;27.01.2024;0;1.0;316;26;313;26;3;45
TE144;27.01.2024;1;1.0;217;25;210;25;6;25
TE144;27.01.2024;2;1.0;165;28;164;28;1;52
TE144;27.01.2024;3;1.0;132;22;130;21;2;52
TE144;27.01.2024;4;1.0;115;22;113;21;2;49
TE144;27.01.2024;5;1.0;152;21;149;20;3;55
TE144;27.01.2024;6;1.0;146;25;144;24;2;50
TE144;27.01.2024;7;1.0;201;26;199;26;2;52
TE144;27.01.2024;8;1.0;308;31;304;32;4;44
TE144;27.01.2024;9;1.0;404;29;398;29;6;42
TE144;27.01.2024;10;1.0;543;28;538;29;4;25
TE144;27.01.2024;11;1.0;624;35;597;36;27;7
TE144;27.01.2024;12;1.0;707;31;703;31;4;37
TE144;27.01.2024;13;1.0;830;31;826;30;4;49
TE144;27.01.2024;14;1.0;974;28;965;28;9;34
TE144;27.01.2024;15;1.0;962;33;948;33;15;34
TE144;27.01.2024;16;1.0;801;29;793;29;8;36
TE144;27.01.2024;17;1.0;919;30;894;30;25;36
TE144;27.01.2024;18;1.0;1004;29;772;24;232;45
TE144;27.01.2024;19;1.0;859;28;569;20;290;44
TE144;27.01.2024;20;1.0;631;27;621;27;10;48
TE144;27.01.2024;21;1.0;510;28;502;28;8;46
TE144;27.01.2024;22;1.0;507;27;487;26;20;43
TE144;27.01.2024;23;1.0;448;29;437;29;11;45
TE144;28.01.2024;0;1.0;328;33;314;32;14;44
TE144;28.01.2024;1;1.0;304;35;292;35;12;44
TE144;28.01.2024;2;1.0;235;26;224;25;11;47
TE144;28.01.2024;3;1.0;182;24;170;22;12;46
TE144;28.01.2024;5;1.0;158;22;135;18;23;47
TE144;28.01.2024;6;1.0;133;20;129;19;4;54
TE144;28.01.2024;7;1.0;105;25;90;22;15;44
TE144;28.01.2024;8;1.0;227;29;175;22;52;49
TE144;28.01.2024;9;1.0;299;27;251;23;48;43
TE144;28.01.2024;10;1.0;525;29;384;23;141;43
TE144;28.01.2024;11;1.0;662;27;516;22;146;44
TE144;28.01.2024;12;1.0;711;28;580;24;131;46
TE144;28.01.2024;13;1.0;823;29;680;25;143;46
TE144;28.01.2024;14;1.0;877;27;788;25;89;43
TE144;28.01.2024;15;1.0;798;27;793;27;5;43
TE144;28.01.2024;16;1.0;792;26;788;26;4;48
TE144;28.01.2024;17;1.0;797;33;695;32;102;39
TE144;28.01.2024;18;1.0;805;27;544;19;261;42
TE144;28.01.2024;19;1.0;702;35;442;27;260;47
TE144;28.01.2024;20;1.0;471;27;373;23;98;45
TE144;28.01.2024;21;1.0;403;26;399;26;4;48
TE144;28.01.2024;22;1.0;338;23;299;21;39;41
TE144;28.01.2024;23;1.0;225;23;207;21;18;45
TE144;29.01.2024;0;1.0;145;24;138;22;7;46
TE144;29.01.2024;1;1.0;100;22;77;15;23;47
TE144;29.01.2024;2;1.0;56;22;47;17;9;49
TE144;29.01.2024;4;1.0;83;26;65;19;18;47
TE144;29.01.2024;5;1.0;235;24;216;22;19;46
TE144;29.01.2024;6;1.0;508;25;465;22;43;45
TE144;29.01.2024;7;1.0;935;26;793;23;142;43
TE144;29.01.2024;8;1.0;1213;25;886;22;326;35
TE144;29.01.2024;9;1.0;1155;33;816;29;339;44
TE144;29.01.2024;10;1.0;925;30;799;27;126;45
TE144;29.01.2024;11;1.0;824;27;721;24;103;46
TE144;29.01.2024;12;1.0;802;28;676;24;126;48
TE144;29.01.2024;13;1.0;868;28;785;26;83;48
TE144;29.01.2024;14;1.0;898;32;758;28;139;47
TE144;29.01.2024;15;1.0;1007;24;868;22;139;41
TE144;29.01.2024;16;1.0;974;27;866;24;108;49
TE144;29.01.2024;17;1.0;932;32;714;27;218;46
TE144;29.01.2024;18;1.0;758;29;575;23;183;47
TE144;29.01.2024;19;1.0;589;30;430;23;159;51
TE144;29.01.2024;20;1.0;479;27;331;20;148;44
TE144;29.01.2024;21;1.0;382;29;245;19;137;48
TE144;29.01.2024;22;1.0;341;30;212;17;129;51
TE144;29.01.2024;23;1.0;265;29;165;17;100;49
TE144;30.01.2024;0;1.0;148;24;116;16;32;51
TE144;30.01.2024;1;1.0;63;28;60;27;3;46
TE144;30.01.2024;2;1.0;50;27;49;26;1;57
TE144;30.01.2024;3;1.0;43;28;42;29;1;3
TE144;30.01.2024;4;1.0;76;24;75;23;1;57
TE144;30.01.2024;5;1.0;275;26;264;25;11;48
TE144;30.01.2024;6;1.0;538;25;522;24;16;48
TE144;30.01.2024;7;1.0;888;32;853;31;35;44
TE144;30.01.2024;8;1.0;1252;28;1157;28;95;35
TE144;30.01.2024;9;1.0;1076;28;773;22;303;43
TE144;30.01.2024;10;1.0;954;31;706;25;248;48
TE144;30.01.2024;11;1.0;919;28;699;22;220;46
TE144;30.01.2024;12;1.0;911;31;735;28;176;46
TE144;30.01.2024;13;1.0;905;33;764;31;141;47
TE144;30.01.2024;14;1.0;910;31;895;31;15;38
TE144;30.01.2024;15;1.0;1059;28;1040;28;19;47
TE144;30.01.2024;16;1.0;1084;28;927;25;157;47
TE144;30.01.2024;17;1.0;1015;33;835;30;180;45
TE144;30.01.2024;18;1.0;934;33;759;29;175;47
TE144;30.01.2024;19;1.0;677;29;619;27;58;47
TE144;30.01.2024;20;1.0;494;37;487;37;7;48
TE144;30.01.2024;21;1.0;414;42;399;42;15;41
TE144;30.01.2024;22;1.0;365;28;362;28;3;17
TE144;30.01.2024;23;1.0;243;27;240;27;3;47
TE144;31.01.2024;0;1.0;171;26;170;26;1;40
TE144;31.01.2024;1;1.0;88;26;88;26;0;-1
TE144;31.01.2024;2;1.0;74;34;72;33;2;52
TE144;31.01.2024;3;1.0;42;28;42;28;0;-1
TE144;31.01.2024;4;1.0;111;21;108;21;2;35
TE144;31.01.2024;5;1.0;269;26;268;26;1;67
TE144;31.01.2024;6;1.0;506;29;499;29;7;52
TE144;31.01.2024;7;1.0;939;29;931;28;8;46
TE144;31.01.2024;8;1.0;1191;35;1136;35;55;40
TE144;31.01.2024;9;1.0;1107;30;1096;30;11;36
TE144;31.01.2024;10;1.0;890;32;875;31;15;49
TE144;31.01.2024;11;1.0;878;29;866;28;12;45
TE144;31.01.2024;12;1.0;896;29;884;29;12;44
TE144;31.01.2024;13;1.0;879;32;873;32;6;47
TE144;31.01.2024;14;1.0;913;33;904;33;9;34
TE144;31.01.2024;15;1.0;1054;31;1045;31;9;42
TE144;31.01.2024;16;1.0;1048;31;1040;31;8;42
TE144;31.01.2024;17;1.0;975;32;965;32;11;33
TE144;31.01.2024;18;1.0;958;30;954;30;4;48
TE144;31.01.2024;19;1.0;746;32;743;32;3;30
TE144;31.01.2024;20;1.0;492;32;489;32;3;18
TE144;31.01.2024;21;1.0;379;29;377;29;2;49
TE144;31.01.2024;22;1.0;340;29;340;29;0;-1
TE144;31.01.2024;23;1.0;256;31;256;31;0;-1
TE160;01.01.2024;0;1.0;40;48;36;49;4;45
TE160;01.01.2024;1;1.0;122;45;122;45;0;-1
TE160;01.01.2024;2;1.0;164;45;164;45;0;-1
TE160;01.01.2024;3;1.0;86;48;85;48;1;47
TE160;01.01.2024;4;1.0;66;45;63;45;3;44
TE160;01.01.2024;5;1.0;68;45;66;45;2;40
TE160;01.01.2024;6;1.0;59;42;53;42;6;39
TE160;01.01.2024;7;1.0;40;42;36;42;4;40
TE160;01.01.2024;8;1.0;55;38;50;38;5;40
TE160;01.01.2024;9;1.0;60;33;56;33;4;39
TE160;01.01.2024;10;1.0;124;37;121;37;3;44
TE160;01.01.2024;11;1.0;161;44;159;44;2;40
TE160;01.01.2024;12;1.0;226;43;219;43;7;41
TE160;01.01.2024;13;1.0;258;44;254;44;4;42
TE160;01.01.2024;14;1.0;244;41;239;41;5;43
TE160;01.01.2024;15;1.0;244;41;240;41;4;39
TE160;01.01.2024;16;1.0;198;43;192;43;6;39
TE160;01.01.2024;17;1.0;203;43;197;43;6;41
TE160;01.01.2024;18;1.0;170;37;168;37;2;40
TE160;01.01.2024;19;1.0;116;44;108;44;8;43
TE160;01.01.2024;20;1.0;115;44;110;44;5;40
TE160;01.01.2024;21;1.0;89;44;84;45;5;42
TE160;01.01.2024;22;1.0;48;42;45;42;3;41
TE160;01.01.2024;23;1.0;35;46;32;46;3;47
TE160;02.01.2024;0;1.0;32;49;28;51;4;40
TE160;02.01.2024;1;1.0;25;49;25;49;0;-1
TE160;02.01.2024;2;1.0;31;44;29;44;2;44
TE160;02.01.2024;3;1.0;32;46;31;46;1;46
TE160;02.01.2024;4;1.0;95;44;92;44;3;43
TE160;02.01.2024;5;1.0;231;41;223;41;8;42
TE160;02.01.2024;6;1.0;317;41;310;41;7;39
TE160;02.01.2024;7;1.0;327;41;310;41;17;40
TE160;02.01.2024;8;1.0;353;42;334;42;19;42
TE160;02.01.2024;9;1.0;388;45;375;45;13;42
TE160;02.01.2024;10;1.0;438;43;417;43;21;41
TE160;02.01.2024;11;1.0;511;41;497;41;14;42
TE160;02.01.2024;12;1.0;527;43;510;43;17;44
TE160;02.01.2024;13;1.0;580;43;569;43;11;40
TE160;02.01.2024;14;1.0;563;42;553;42;10;43
TE160;02.01.2024;15;1.0;579;43;568;43;11;44
TE160;02.01.2024;16;1.0;517;42;511;42;6;43
TE160;02.01.2024;17;1.0;448;41;445;41;3;44
TE160;02.01.2024;18;1.0;393;41;387;41;6;43
TE160;02.01.2024;19;1.0;246;42;243;42;3;44
TE160;02.01.2024;20;1.0;204;44;202;44;2;46
TE160;02.01.2024;21;1.0;121;46;120;46;1;47
TE160;02.01.2024;22;1.0;112;44;110;44;2;47
TE160;02.01.2024;23;1.0;54;42;54;42;0;-1
TE160;03.01.2024;0;1.0;33;43;31;42;2;45
TE160;03.01.2024;1;1.0;15;53;13;53;2;56
TE160;03.01.2024;2;1.0;34;47;31;47;3;47
TE160;03.01.2024;3;1.0;35;46;31;46;4;47
TE160;03.01.2024;4;1.0;101;43;91;43;10;42
TE160;03.01.2024;5;1.0;216;41;197;41;19;42
TE160;03.01.2024;6;1.0;333;41;308;41;25;39
TE160;03.01.2024;7;1.0;369;40;334;40;35;40
TE160;03.01.2024;8;1.0;405;39;382;39;23;40
TE160;03.01.2024;9;1.0;442;37;413;37;29;35
TE160;03.01.2024;10;1.0;507;34;471;35;36;34
TE160;03.01.2024;11;1.0;540;35;510;35;30;34
TE160;03.01.2024;12;1.0;602;38;557;38;45;36
TE160;03.01.2024;13;1.0;567;37;544;37;23;36
TE160;03.01.2024;14;1.0;655;34;633;35;22;34
TE160;03.01.2024;15;1.0;648;35;633;35;15;32
TE160;03.01.2024;16;1.0;546;33;523;33;23;31
TE160;03.01.2024;17;1.0;529;32;509;32;20;32
TE160;03.01.2024;18;1.0;434;36;422;36;12;37
TE160;03.01.2024;19;1.0;339;39;327;39;12;38
TE160;03.01.2024;20;1.0;203;41;196;41;7;42
TE160;03.01.2024;21;1.0;167;32;161;32;6;37
TE160;03.01.2024;22;1.0;111;37;106;38;5;32
TE160;03.01.2024;23;1.0;60;43;56;43;4;36
TE160;04.01.2024;0;1.0;39;54;35;54;4;51
TE160;04.01.2024;1;1.0;28;50;26;51;2;49
TE160;04.01.2024;2;1.0;28;48;25;48;3;49
TE160;04.01.2024;3;1.0;39;49;35;50;4;47
TE160;04.01.2024;4;1.0;99;51;98;51;1;45
TE160;04.01.2024;5;1.0;234;45;222;45;12;46
TE160;04.01.2024;6;1.0;325;43;317;43;8;41
TE160;04.01.2024;7;1.0;361;44;354;44;7;40
TE160;04.01.2024;8;1.0;436;41;414;41;22;39
TE160;04.01.2024;9;1.0;542;38;519;38;23;38
TE160;04.01.2024;10;1.0;599;35;572;36;27;34
TE160;04.01.2024;11;1.0;561;40;531;41;30;39
TE160;04.01.2024;12;1.0;638;39;605;39;33;40
TE160;04.01.2024;13;1.0;593;39;563;39;30;40
TE160;04.01.2024;14;1.0;618;37;595;37;23;37
TE160;04.01.2024;15;1.0;656;38;620;38;36;39
TE160;04.01.2024;16;1.0;649;39;634;39;15;39
TE160;04.01.2024;17;1.0;559;42;534;42;25;42
TE160;04.01.2024;18;1.0;496;41;470;41;26;40
TE160;04.01.2024;19;1.0;372;44;359;44;13;46
TE160;04.01.2024;20;1.0;250;45;242;45;8;46
TE160;04.01.2024;21;1.0;178;48;175;49;3;46
TE160;04.01.2024;22;1.0;131;47;128;47;3;43
TE160;04.01.2024;23;1.0;66;45;61;46;5;39
TE160;05.01.2024;0;1.0;44;49;43;49;1;39
TE160;05.01.2024;1;1.0;29;58;28;58;1;59
TE160;05.01.2024;2;1.0;31;53;24;53;7;53
TE160;05.01.2024;3;1.0;40;56;34;56;6;57
TE160;05.01.2024;4;1.0;87;48;79;48;8;46
TE160;05.01.2024;5;1.0;241;46;209;47;32;45
TE160;05.01.2024;6;1.0;335;46;303;46;32;46
TE160;05.01.2024;7;1.0;412;47;372;47;40;46
TE160;05.01.2024;8;1.0;399;44;391;44;8;44
TE160;05.01.2024;9;1.0;498;43;483;44;15;38
TE160;05.01.2024;10;1.0;582;43;562;43;20;42
TE160;05.01.2024;11;1.0;605;42;578;41;27;42
TE160;05.01.2024;12;1.0;624;43;599;43;25;42
TE160;05.01.2024;13;1.0;626;45;596;45;30;44
TE160;05.01.2024;14;1.0;684;42;663;42;21;37
TE160;05.01.2024;15;1.0;684;43;662;43;22;42
TE160;05.01.2024;16;1.0;573;44;557;45;16;41
TE160;05.01.2024;17;1.0;495;47;487;47;8;45
TE160;05.01.2024;18;1.0;465;44;447;44;18;42
TE160;05.01.2024;19;1.0;345;46;336;46;9;42
TE160;05.01.2024;20;1.0;271;47;263;47;8;42
TE160;05.01.2024;21;1.0;194;46;192;46;2;44
TE160;05.01.2024;22;1.0;137;51;133;51;4;46
TE160;05.01.2024;23;1.0;88;53;85;53;3;49
TE160;06.01.2024;0;1.0;62;54;61;54;1;45
TE160;06.01.2024;1;1.0;51;54;50;54;1;59
TE160;06.01.2024;2;1.0;29;50;29;50;0;-1
TE160;06.01.2024;3;1.0;32;53;32;53;0;-1
TE160;06.01.2024;4;1.0;53;54;50;54;3;55
TE160;06.01.2024;5;1.0;89;54;83;54;6;55
TE160;06.01.2024;6;1.0;108;47;105;47;3;48
TE160;06.01.2024;7;1.0;182;46;172;46;10;47
TE160;06.01.2024;8;1.0;239;45;223;45;16;42
TE160;06.01.2024;9;1.0;392;43;378;43;14;43
TE160;06.01.2024;10;1.0;491;43;480;43;11;43
TE160;06.01.2024;11;1.0;632;43;624;43;8;44
TE160;06.01.2024;12;1.0;640;40;633;40;7;37
TE160;06.01.2024;13;1.0;585;40;578;40;7;40
TE160;06.01.2024;14;1.0;699;38;697;38;2;28
TE160;06.01.2024;15;1.0;600;40;594;40;6;40
TE160;06.01.2024;16;1.0;467;42;464;42;3;38
TE160;06.01.2024;17;1.0;508;45;497;45;11;42
TE160;06.01.2024;18;1.0;441;42;433;43;8;38
TE160;06.01.2024;19;1.0;349;46;337;46;12;39
TE160;06.01.2024;20;1.0;276;46;267;47;9;41
TE160;06.01.2024;21;1.0;194;48;191;49;3;37
TE160;06.01.2024;22;1.0;145;49;142;49;3;41
TE160;06.01.2024;23;1.0;110;53;109;53;1;44
TE160;07.01.2024;0;1.0;80;57;77;57;3;55
TE160;07.01.2024;1;1.0;43;49;43;49;0;-1
TE160;07.01.2024;2;1.0;35;49;34;49;1;46
TE160;07.01.2024;3;1.0;34;54;34;54;0;-1
TE160;07.01.2024;4;1.0;30;43;29;43;1;44
TE160;07.01.2024;5;1.0;46;40;44;40;2;40
TE160;07.01.2024;6;1.0;63;42;59;42;4;39
TE160;07.01.2024;7;1.0;58;53;56;53;2;42
TE160;07.01.2024;8;1.0;69;49;65;50;4;35
TE160;07.01.2024;9;1.0;137;50;133;50;4;46
TE160;07.01.2024;10;1.0;235;48;232;48;3;44
TE160;07.01.2024;11;1.0;272;48;266;48;6;47
TE160;07.01.2024;12;1.0;327;43;321;43;6;37
TE160;07.01.2024;13;1.0;347;45;343;45;4;45
TE160;07.01.2024;14;1.0;384;45;379;45;5;43
TE160;07.01.2024;15;1.0;307;45;306;45;1;47
TE160;07.01.2024;16;1.0;284;46;282;46;2;40
TE160;07.01.2024;17;1.0;333;45;330;45;3;42
TE160;07.01.2024;18;1.0;271;45;269;45;2;36
TE160;07.01.2024;19;1.0;230;47;228;47;2;39
TE160;07.01.2024;20;1.0;154;43;150;43;4;41
TE160;07.01.2024;21;1.0;120;39;115;39;5;40
TE160;07.01.2024;22;1.0;87;37;85;37;2;33
TE160;07.01.2024;23;1.0;58;41;54;42;4;33
TE160;08.01.2024;0;1.0;28;49;26;50;2;42
TE160;08.01.2024;1;1.0;30;44;30;44;0;-1
TE160;08.01.2024;2;1.0;42;48;37;48;5;48
TE160;08.01.2024;3;1.0;42;44;40;44;2;46
TE160;08.01.2024;4;1.0;107;45;101;45;6;41
TE160;08.01.2024;5;1.0;269;42;255;42;14;42
TE160;08.01.2024;6;1.0;404;40;383;40;21;39
TE160;08.01.2024;7;1.0;454;41;441;41;13;39
TE160;08.01.2024;8;1.0;523;39;497;39;26;39
TE160;08.01.2024;9;1.0;466;40;442;40;24;38
TE160;08.01.2024;10;1.0;551;39;528;39;23;38
TE160;08.01.2024;11;1.0;511;36;483;36;28;37
TE160;08.01.2024;12;1.0;524;37;497;37;27;38
TE160;08.01.2024;13;1.0;525;36;504;36;21;37
TE160;08.01.2024;14;1.0;605;37;581;37;24;38
TE160;08.01.2024;15;1.0;606;36;586;36;20;36
TE160;08.01.2024;16;1.0;592;37;582;37;10;37
TE160;08.01.2024;17;1.0;515;35;508;35;7;35
TE160;08.01.2024;18;1.0;448;36;440;36;8;37
TE160;08.01.2024;19;1.0;351;39;341;39;10;41
TE160;08.01.2024;20;1.0;231;41;227;41;4;44
TE160;08.01.2024;21;1.0;171;39;170;39;1;41
TE160;08.01.2024;22;1.0;106;42;105;42;1;41
TE160;08.01.2024;23;1.0;48;40;48;40;0;-1
TE160;09.01.2024;0;1.0;42;43;37;43;5;41
TE160;09.01.2024;1;1.0;33;46;32;47;1;43
TE160;09.01.2024;2;1.0;31;45;29;46;2;43
TE160;09.01.2024;3;1.0;42;46;41;46;1;43
TE160;09.01.2024;4;1.0;112;44;108;43;4;47
TE160;09.01.2024;5;1.0;264;43;248;43;16;44
TE160;09.01.2024;6;1.0;438;41;424;41;14;42
TE160;09.01.2024;7;1.0;503;40;486;40;17;41
TE160;09.01.2024;8;1.0;534;41;504;41;30;42
TE160;09.01.2024;9;1.0;481;38;463;38;18;39
TE160;09.01.2024;10;1.0;527;39;513;39;14;41
TE160;09.01.2024;11;1.0;538;38;511;38;27;37
TE160;09.01.2024;12;1.0;548;38;526;38;22;39
TE160;09.01.2024;13;1.0;526;38;493;38;33;40
TE160;09.01.2024;14;1.0;534;30;501;30;32;32
TE160;09.01.2024;15;1.0;502;27;487;27;15;25
TE160;09.01.2024;16;1.0;660;36;639;36;21;39
TE160;09.01.2024;17;1.0;564;38;543;38;21;35
TE160;09.01.2024;18;1.0;497;36;481;36;15;33
TE160;09.01.2024;19;1.0;378;39;366;39;12;38
TE160;09.01.2024;20;1.0;258;40;254;40;4;38
TE160;09.01.2024;21;1.0;201;42;196;42;5;41
TE160;09.01.2024;22;1.0;128;42;123;42;5;43
TE160;09.01.2024;23;1.0;57;45;55;45;2;40
TE160;10.01.2024;0;1.0;30;47;27;48;3;47
TE160;10.01.2024;1;1.0;19;49;18;50;1;47
TE160;10.01.2024;2;1.0;36;47;32;47;4;41
TE160;10.01.2024;3;1.0;49;47;48;47;1;38
TE160;10.01.2024;4;1.0;101;47;97;47;4;44
TE160;10.01.2024;5;1.0;258;45;246;45;12;44
TE160;10.01.2024;6;1.0;465;45;451;45;14;48
TE160;10.01.2024;7;1.0;442;42;422;42;20;41
TE160;10.01.2024;8;1.0;491;44;478;44;13;41
TE160;10.01.2024;9;1.0;477;41;460;41;17;42
TE160;10.01.2024;10;1.0;510;38;480;38;30;38
TE160;10.01.2024;11;1.0;566;36;534;36;32;35
TE160;10.01.2024;12;1.0;593;35;572;36;21;33
TE160;10.01.2024;13;1.0;593;37;579;37;14;36
TE160;10.01.2024;14;1.0;605;37;580;37;25;36
TE160;10.01.2024;15;1.0;690;34;674;34;16;36
TE160;10.01.2024;16;1.0;690;34;669;34;21;35
TE160;10.01.2024;17;1.0;606;36;590;36;16;32
TE160;10.01.2024;18;1.0;551;39;537;39;14;38
TE160;10.01.2024;19;1.0;403;38;394;39;9;28
TE160;10.01.2024;20;1.0;280;40;276;40;4;42
TE160;10.01.2024;21;1.0;187;42;184;42;3;41
TE160;10.01.2024;22;1.0;157;45;151;45;6;38
TE160;10.01.2024;23;1.0;70;49;68;49;2;42
TE160;11.01.2024;0;1.0;47;50;43;50;4;49
TE160;11.01.2024;1;1.0;38;61;38;61;0;-1
TE160;11.01.2024;2;1.0;29;55;29;55;0;-1
TE160;11.01.2024;3;1.0;41;52;41;52;0;-1
TE160;11.01.2024;4;1.0;112;54;112;54;0;-1
TE160;11.01.2024;5;1.0;261;47;258;47;3;48
TE160;11.01.2024;6;1.0;420;44;415;44;5;46
TE160;11.01.2024;7;1.0;492;43;485;43;7;45
TE160;11.01.2024;8;1.0;511;38;498;38;13;39
TE160;11.01.2024;9;1.0;547;42;538;42;9;42
TE160;11.01.2024;10;1.0;539;42;534;42;5;39
TE160;11.01.2024;11;1.0;587;43;579;43;8;43
TE160;11.01.2024;12;1.0;571;41;564;41;7;42
TE160;11.01.2024;13;1.0;545;42;538;42;7;43
TE160;11.01.2024;14;1.0;594;41;587;41;7;39
TE160;11.01.2024;15;1.0;666;34;658;34;8;35
TE160;11.01.2024;16;1.0;624;26;607;26;17;23
TE160;11.01.2024;17;1.0;581;31;566;31;15;30
TE160;11.01.2024;18;1.0;474;41;464;41;10;35
TE160;11.01.2024;19;1.0;377;42;360;43;17;36
TE160;11.01.2024;20;1.0;276;44;266;44;10;42
TE160;11.01.2024;21;1.0;177;46;170;46;7;44
TE160;11.01.2024;22;1.0;151;46;149;46;2;39
TE160;11.01.2024;23;1.0;84;46;81;47;3;42
TE160;12.01.2024;0;1.0;38;50;37;50;1;50
TE160;12.01.2024;1;1.0;33;49;33;49;0;-1
TE160;12.01.2024;2;1.0;26;46;26;46;0;-1
TE160;12.01.2024;3;1.0;57;48;56;48;1;38
TE160;12.01.2024;4;1.0;115;47;114;47;1;45
TE160;12.01.2024;5;1.0;253;46;244;46;9;43
TE160;12.01.2024;6;1.0;405;46;389;46;16;44
TE160;12.01.2024;7;1.0;509;43;490;43;19;42
TE160;12.01.2024;8;1.0;467;42;455;43;12;40
TE160;12.01.2024;9;1.0;536;42;516;42;20;40
TE160;12.01.2024;10;1.0;590;42;577;42;13;36
TE160;12.01.2024;11;1.0;595;39;584;39;11;36
TE160;12.01.2024;12;1.0;619;39;607;39;12;38
TE160;12.01.2024;13;1.0;676;39;659;39;17;34
TE160;12.01.2024;14;1.0;680;30;666;30;14;33
TE160;12.01.2024;15;1.0;702;34;691;34;11;31
TE160;12.01.2024;16;1.0;678;37;667;37;11;36
TE160;12.01.2024;17;1.0;590;40;584;40;6;38
TE160;12.01.2024;18;1.0;490;42;480;42;10;40
TE160;12.01.2024;19;1.0;390;42;379;42;11;42
TE160;12.01.2024;20;1.0;297;43;292;44;5;39
TE160;12.01.2024;21;1.0;209;43;207;43;2;36
TE160;12.01.2024;22;1.0;155;47;151;47;4;41
TE160;12.01.2024;23;1.0;101;49;97;50;4;42
TE160;13.01.2024;0;1.0;64;49;61;50;3;40
TE160;13.01.2024;1;1.0;43;47;43;47;0;-1
TE160;13.01.2024;2;1.0;25;48;25;48;0;-1
TE160;13.01.2024;3;1.0;34;48;33;48;1;50
TE160;13.01.2024;4;1.0;35;48;34;48;1;48
TE160;13.01.2024;5;1.0;95;50;93;50;2;48
TE160;13.01.2024;6;1.0;110;49;110;49;0;-1
TE160;13.01.2024;7;1.0;191;48;185;48;6;47
TE160;13.01.2024;8;1.0;307;44;296;44;11;44
TE160;13.01.2024;9;1.0;411;45;408;45;3;46
TE160;13.01.2024;10;1.0;537;42;529;43;8;36
TE160;13.01.2024;11;1.0;634;41;630;41;4;35
TE160;13.01.2024;12;1.0;655;42;646;42;9;43
TE160;13.01.2024;13;1.0;621;42;617;42;4;44
TE160;13.01.2024;14;1.0;598;42;597;42;1;42
TE160;13.01.2024;15;1.0;652;41;644;41;8;43
TE160;13.01.2024;16;1.0;517;43;515;43;2;40
TE160;13.01.2024;17;1.0;487;43;485;43;2;22
TE160;13.01.2024;18;1.0;425;43;421;44;4;34
TE160;13.01.2024;19;1.0;373;46;367;46;6;42
TE160;13.01.2024;20;1.0;255;46;251;46;4;34
TE160;13.01.2024;21;1.0;183;48;180;48;3;41
TE160;13.01.2024;22;1.0;120;48;116;48;4;46
TE160;13.01.2024;23;1.0;106;51;104;51;2;44
TE160;14.01.2024;0;1.0;88;50;86;50;2;49
TE160;14.01.2024;1;1.0;63;52;63;52;0;-1
TE160;14.01.2024;2;1.0;39;50;39;50;0;-1
TE160;14.01.2024;3;1.0;27;47;27;47;0;-1
TE160;14.01.2024;4;1.0;39;49;37;49;2;48
TE160;14.01.2024;5;1.0;39;44;39;44;0;-1
TE160;14.01.2024;6;1.0;67;46;62;47;5;32
TE160;14.01.2024;7;1.0;42;49;40;49;2;46
TE160;14.01.2024;8;1.0;70;51;67;51;3;48
TE160;14.01.2024;9;1.0;162;51;159;51;3;46
TE160;14.01.2024;10;1.0;257;48;254;48;3;45
TE160;14.01.2024;11;1.0;316;44;312;44;4;42
TE160;14.01.2024;12;1.0;344;44;341;44;3;44
TE160;14.01.2024;13;1.0;377;48;372;48;5;44
TE160;14.01.2024;14;1.0;431;45;426;45;5;41
TE160;14.01.2024;15;1.0;331;46;328;46;3;40
TE160;14.01.2024;16;1.0;334;44;329;44;5;39
TE160;14.01.2024;17;1.0;322;45;319;45;3;38
TE160;14.01.2024;18;1.0;256;45;251;45;5;41
TE160;14.01.2024;19;1.0;244;45;241;45;3;39
TE160;14.01.2024;20;1.0;148;46;143;46;5;44
TE160;14.01.2024;21;1.0;92;51;90;51;2;52
TE160;14.01.2024;22;1.0;85;50;83;50;2;48
TE160;14.01.2024;23;1.0;47;50;45;49;2;58
TE160;15.01.2024;0;1.0;39;47;38;47;1;46
TE160;15.01.2024;1;1.0;18;54;18;54;0;-1
TE160;15.01.2024;2;1.0;26;54;24;54;2;62
TE160;15.01.2024;3;1.0;33;49;29;50;3;52
TE160;15.01.2024;4;1.0;114;51;111;51;3;47
TE160;15.01.2024;5;1.0;258;50;247;50;11;48
TE160;15.01.2024;6;1.0;409;47;385;47;24;46
TE160;15.01.2024;7;1.0;474;43;454;44;20;43
TE160;15.01.2024;8;1.0;455;43;430;43;25;41
TE160;15.01.2024;9;1.0;552;44;527;44;25;44
TE160;15.01.2024;10;1.0;532;43;508;43;24;43
TE160;15.01.2024;11;1.0;493;42;470;41;23;42
TE160;15.01.2024;12;1.0;590;41;571;41;19;41
TE160;15.01.2024;13;1.0;537;44;509;44;28;43
TE160;15.01.2024;14;1.0;574;41;555;41;18;40
TE160;15.01.2024;15;1.0;655;36;641;36;13;37
TE160;15.01.2024;16;1.0;616;35;600;35;16;37
TE160;15.01.2024;17;1.0;558;34;548;34;8;37
TE160;15.01.2024;18;1.0;506;38;492;39;15;31
TE160;15.01.2024;19;1.0;368;44;358;45;10;37
TE160;15.01.2024;20;1.0;257;45;250;45;7;40
TE160;15.01.2024;21;1.0;151;48;149;48;2;44
TE160;15.01.2024;22;1.0;116;47;112;47;4;41
TE160;15.01.2024;23;1.0;66;43;64;44;1;37
TE160;16.01.2024;0;1.0;40;50;38;51;2;36
TE160;16.01.2024;1;1.0;33;57;33;57;0;-1
TE160;16.01.2024;2;1.0;33;44;28;44;5;44
TE160;16.01.2024;3;1.0;29;45;27;44;2;46
TE160;16.01.2024;4;1.0;102;43;89;43;13;40
TE160;16.01.2024;5;1.0;222;41;209;41;13;41
TE160;16.01.2024;6;1.0;422;37;408;37;13;36
TE160;16.01.2024;7;1.0;495;40;483;40;12;38
TE160;16.01.2024;8;1.0;453;42;438;42;15;41
TE160;16.01.2024;9;1.0;444;42;431;42;13;42
TE160;16.01.2024;10;1.0;527;41;512;41;15;41
TE160;16.01.2024;11;1.0;537;40;509;40;28;40
TE160;16.01.2024;12;1.0;536;40;511;40;25;40
TE160;16.01.2024;13;1.0;514;40;484;40;30;41
TE160;16.01.2024;14;1.0;585;38;570;38;15;40
TE160;16.01.2024;15;1.0;586;28;562;27;23;31
TE160;16.01.2024;16;1.0;575;32;568;32;6;32
TE160;16.01.2024;17;1.0;534;42;528;42;6;43
TE160;16.01.2024;18;1.0;461;35;444;35;17;34
TE160;16.01.2024;19;1.0;333;44;326;44;7;37
TE160;16.01.2024;20;1.0;244;47;237;47;7;44
TE160;16.01.2024;21;1.0;182;41;174;41;6;43
TE160;16.01.2024;22;1.0;129;40;126;40;2;38
TE160;17.01.2024;0;1.0;34;40;32;40;2;37
TE160;17.01.2024;1;1.0;27;49;25;49;2;54
TE160;17.01.2024;2;1.0;28;44;28;44;0;-1
TE160;17.01.2024;3;1.0;40;36;36;36;4;31
TE160;17.01.2024;4;1.0;128;33;120;33;8;32
TE160;17.01.2024;5;1.0;265;36;252;36;14;32
TE160;17.01.2024;6;1.0;446;35;432;35;13;34
TE160;17.01.2024;7;1.0;487;35;471;35;17;34
TE160;17.01.2024;8;1.0;537;31;522;31;16;30
TE160;17.01.2024;9;1.0;486;35;459;35;26;34
TE160;17.01.2024;11;1.0;556;35;511;35;45;34
TE160;17.01.2024;14;1.0;625;33;595;33;30;33
TE160;17.01.2024;15;1.0;595;29;567;29;28;27
TE160;17.01.2024;16;1.0;648;33;640;33;8;34
TE160;17.01.2024;17;1.0;574;30;552;30;21;28
TE160;17.01.2024;18;1.0;477;31;463;31;15;29
TE160;17.01.2024;19;1.0;351;36;345;36;6;35
TE160;17.01.2024;20;1.0;241;41;236;41;5;38
TE160;17.01.2024;21;1.0;191;35;191;35;0;-1
TE160;17.01.2024;22;1.0;164;41;162;41;2;44
TE160;17.01.2024;23;1.0;68;37;65;37;3;26
TE160;18.01.2024;0;1.0;41;49;38;50;3;43
TE160;18.01.2024;2;1.0;37;47;34;46;3;49
TE160;18.01.2024;3;1.0;55;42;53;42;2;58
TE160;18.01.2024;4;1.0;120;54;115;54;5;47
TE160;18.01.2024;5;1.0;240;44;223;45;16;45
TE160;18.01.2024;6;1.0;463;42;456;42;6;46
TE160;18.01.2024;7;1.0;518;39;508;39;10;38
TE160;18.01.2024;8;1.0;513;42;486;42;27;41
TE160;18.01.2024;9;1.0;537;31;518;31;19;32
TE160;18.01.2024;10;1.0;556;36;540;36;15;35
TE160;18.01.2024;11;1.0;550;35;528;35;22;34
TE160;18.01.2024;12;1.0;622;35;585;35;36;35
TE160;18.01.2024;13;1.0;555;40;516;40;39;39
TE160;18.01.2024;14;1.0;624;39;580;39;44;38
TE160;18.01.2024;15;1.0;681;36;651;36;30;36
TE160;18.01.2024;16;1.0;678;28;657;28;21;23
TE160;18.01.2024;17;1.0;630;28;613;28;16;28
TE160;18.01.2024;21;1.0;186;31;186;31;0;-1
TE160;18.01.2024;22;1.0;115;35;114;35;1;43
TE160;18.01.2024;23;1.0;84;41;81;41;3;46
TE160;19.01.2024;0;1.0;44;41;40;42;3;43
TE160;19.01.2024;1;1.0;26;45;26;45;0;-1
TE160;19.01.2024;2;1.0;28;48;24;48;4;48
TE160;19.01.2024;3;1.0;40;46;33;45;7;46
TE160;19.01.2024;4;1.0;106;45;101;44;5;52
TE160;19.01.2024;5;1.0;237;43;219;42;18;46
TE160;19.01.2024;6;1.0;407;36;386;36;20;38
TE160;19.01.2024;7;1.0;511;35;501;35;11;34
TE160;19.01.2024;8;1.0;581;35;555;35;26;33
TE160;19.01.2024;9;1.0;614;34;574;34;40;34
TE160;19.01.2024;10;1.0;606;35;588;35;18;33
TE160;19.01.2024;11;1.0;603;33;576;33;27;31
TE160;19.01.2024;12;1.0;622;37;584;37;38;36
TE160;19.01.2024;13;1.0;728;36;678;36;50;36
TE160;19.01.2024;14;1.0;708;36;678;36;30;36
TE160;19.01.2024;15;1.0;688;37;663;37;25;35
TE160;19.01.2024;16;1.0;663;35;643;36;20;31
TE160;19.01.2024;17;1.0;560;32;550;32;10;28
TE160;19.01.2024;18;1.0;506;37;494;37;12;31
TE160;19.01.2024;19;1.0;418;35;410;35;7;35
TE160;19.01.2024;20;1.0;309;36;299;36;11;37
TE160;19.01.2024;21;1.0;184;32;177;32;6;35
TE160;19.01.2024;22;1.0;170;38;166;38;4;37
TE160;19.01.2024;23;1.0;113;39;106;39;6;43
TE160;20.01.2024;0;1.0;64;39;63;39;1;38
TE160;20.01.2024;1;1.0;39;46;39;46;0;-1
TE160;20.01.2024;2;1.0;36;49;35;49;1;38
TE160;20.01.2024;3;1.0;38;42;37;42;1;42
TE160;20.01.2024;4;1.0;42;42;40;42;2;45
TE160;20.01.2024;5;1.0;80;42;76;42;4;44
TE160;20.01.2024;6;1.0;114;41;104;41;10;38
TE160;20.01.2024;7;1.0;207;36;203;36;4;27
TE160;20.01.2024;8;1.0;312;40;305;40;7;32
TE160;20.01.2024;9;1.0;457;41;446;41;11;40
TE160;20.01.2024;10;1.0;615;41;607;41;8;38
TE160;20.01.2024;11;1.0;652;38;647;38;5;40
TE160;20.01.2024;12;1.0;690;39;684;39;6;33
TE160;20.01.2024;13;1.0;617;37;609;37;8;37
TE160;20.01.2024;14;1.0;655;38;644;38;11;36
TE160;20.01.2024;15;1.0;578;40;566;41;12;36
TE160;20.01.2024;16;1.0;596;38;579;38;17;35
TE160;20.01.2024;17;1.0;503;41;500;41;3;42
TE160;20.01.2024;18;1.0;458;36;454;36;4;39
TE160;20.01.2024;19;1.0;371;38;371;38;0;-1
TE160;20.01.2024;20;1.0;274;39;269;39;4;36
TE160;20.01.2024;21;1.0;199;39;194;39;5;40
TE160;20.01.2024;22;1.0;146;41;141;41;5;39
TE160;20.01.2024;23;1.0;117;45;113;45;4;39
TE160;21.01.2024;0;1.0;84;42;83;42;1;44
TE160;21.01.2024;1;1.0;64;48;63;48;1;52
TE160;21.01.2024;2;1.0;43;44;43;44;0;-1
TE160;21.01.2024;3;1.0;31;49;31;49;0;-1
TE160;21.01.2024;4;1.0;31;44;31;44;0;-1
TE160;21.01.2024;5;1.0;37;50;37;50;0;-1
TE160;21.01.2024;6;1.0;68;47;64;48;4;42
TE160;21.01.2024;7;1.0;69;44;67;45;2;40
TE160;21.01.2024;8;1.0;96;47;94;47;2;45
TE160;21.01.2024;9;1.0;151;46;147;47;4;45
TE160;21.01.2024;10;1.0;255;44;249;44;6;44
TE160;21.01.2024;11;1.0;335;45;329;45;6;41
TE160;21.01.2024;12;1.0;359;41;355;41;4;42
TE160;21.01.2024;13;1.0;384;42;377;42;7;42
TE160;21.01.2024;14;1.0;418;42;414;42;4;40
TE160;21.01.2024;15;1.0;353;41;349;41;4;40
TE160;21.01.2024;16;1.0;318;42;314;42;4;37
TE160;21.01.2024;17;1.0;354;40;347;40;7;43
TE160;21.01.2024;18;1.0;288;41;284;41;4;39
TE160;21.01.2024;19;1.0;263;40;258;40;5;36
TE160;21.01.2024;20;1.0;180;38;175;39;4;38
TE160;21.01.2024;21;1.0;131;36;126;37;4;42
TE160;21.01.2024;22;1.0;86;37;80;37;6;40
TE160;21.01.2024;23;1.0;57;44;49;44;8;41
TE160;22.01.2024;0;1.0;22;50;21;50;1;44
TE160;22.01.2024;1;1.0;32;49;30;49;2;50
TE160;22.01.2024;2;1.0;32;45;29;46;3;42
TE160;22.01.2024;3;1.0;39;43;35;43;4;46
TE160;22.01.2024;4;1.0;109;47;101;48;8;45
TE160;22.01.2024;5;1.0;244;43;226;43;18;42
TE160;22.01.2024;6;1.0;450;41;424;41;26;40
TE160;22.01.2024;7;1.0;471;38;425;38;46;38
TE160;22.01.2024;8;1.0;531;38;472;38;59;38
TE160;22.01.2024;9;1.0;527;36;489;36;38;34
TE160;22.01.2024;10;1.0;512;36;498;36;14;31
TE160;22.01.2024;11;1.0;572;36;545;36;27;36
TE160;22.01.2024;12;1.0;559;32;521;32;40;30
TE160;22.01.2024;13;1.0;559;30;524;30;33;32
TE160;22.01.2024;14;1.0;604;32;570;32;34;31
TE160;22.01.2024;15;1.0;673;32;647;32;26;32
TE160;22.01.2024;16;1.0;700;34;684;34;16;32
TE160;22.01.2024;17;1.0;581;34;560;34;21;35
TE160;22.01.2024;18;1.0;476;36;463;36;13;35
TE160;22.01.2024;19;1.0;361;39;349;39;12;35
TE160;22.01.2024;20;1.0;276;38;264;38;12;35
TE160;22.01.2024;21;1.0;170;41;164;41;6;40
TE160;22.01.2024;22;1.0;114;42;111;43;3;38
TE160;22.01.2024;23;1.0;61;43;57;44;4;40
TE160;23.01.2024;0;1.0;42;43;39;44;3;42
TE160;23.01.2024;1;1.0;26;42;25;42;1;31
TE160;23.01.2024;2;1.0;35;45;33;46;2;42
TE160;23.01.2024;3;1.0;32;44;27;44;5;43
TE160;23.01.2024;4;1.0;107;43;98;43;9;42
TE160;23.01.2024;5;1.0;288;42;268;42;20;40
TE160;23.01.2024;6;1.0;484;37;458;37;25;38
TE160;23.01.2024;7;1.0;503;37;476;37;27;36
TE160;23.01.2024;9;1.0;474;39;429;39;45;39
TE160;23.01.2024;10;1.0;521;36;482;36;39;34
TE160;23.01.2024;11;1.0;555;36;515;36;40;34
TE160;23.01.2024;12;1.0;593;35;566;35;27;34
TE160;23.01.2024;13;1.0;574;37;532;37;42;36
TE160;23.01.2024;14;1.0;635;37;610;38;25;36
TE160;23.01.2024;15;1.0;639;29;612;29;27;30
TE160;23.01.2024;16;1.0;621;30;593;30;28;32
TE160;23.01.2024;17;1.0;597;34;587;34;10;31
TE160;23.01.2024;18;1.0;545;31;532;31;13;30
TE160;23.01.2024;19;1.0;368;33;351;33;17;28
TE160;23.01.2024;20;1.0;263;37;254;37;8;38
TE160;23.01.2024;21;1.0;187;38;182;37;4;40
TE160;23.01.2024;22;1.0;138;40;134;40;4;41
TE160;23.01.2024;23;1.0;62;44;60;44;2;43
TE160;24.01.2024;0;1.0;38;49;37;49;1;48
TE160;24.01.2024;1;1.0;25;49;25;49;0;-1
TE160;24.01.2024;2;1.0;29;47;27;47;2;40
TE160;24.01.2024;3;1.0;37;46;34;46;3;46
TE160;24.01.2024;4;1.0;94;45;86;46;8;43
TE160;24.01.2024;5;1.0;271;41;256;41;15;41
TE160;24.01.2024;6;1.0;461;40;427;41;34;38
TE160;24.01.2024;7;1.0;508;38;468;38;40;38
TE160;24.01.2024;8;1.0;488;37;461;37;27;37
TE160;24.01.2024;9;1.0;574;36;543;36;31;35
TE160;24.01.2024;10;1.0;535;39;514;39;21;37
TE160;24.01.2024;11;1.0;578;37;539;37;39;37
TE160;24.01.2024;12;1.0;554;33;521;34;33;33
TE160;24.01.2024;13;1.0;596;35;552;35;44;35
TE160;24.01.2024;14;1.0;582;34;540;34;42;32
TE160;24.01.2024;15;1.0;646;28;615;28;31;28
TE160;24.01.2024;16;1.0;556;22;542;22;14;26
TE160;24.01.2024;17;1.0;604;28;581;28;24;27
TE160;24.01.2024;18;1.0;555;35;537;35;17;33
TE160;24.01.2024;19;1.0;437;37;424;38;13;34
TE160;24.01.2024;20;1.0;323;41;311;41;12;37
TE160;24.01.2024;21;1.0;190;39;186;39;4;36
TE160;24.01.2024;22;1.0;143;40;139;40;4;38
TE160;24.01.2024;23;1.0;68;43;64;43;4;39
TE160;25.01.2024;0;1.0;54;46;52;46;2;47
TE160;25.01.2024;1;1.0;33;49;30;48;3;50
TE160;25.01.2024;2;1.0;30;49;24;49;6;48
TE160;25.01.2024;3;1.0;21;46;17;45;4;49
TE160;25.01.2024;4;1.0;96;45;90;45;6;41
TE160;25.01.2024;5;1.0;264;40;246;40;18;39
TE160;25.01.2024;6;1.0;460;38;416;38;44;38
TE160;25.01.2024;7;1.0;521;38;484;38;37;38
TE160;25.01.2024;8;1.0;548;38;511;38;37;37
TE160;25.01.2024;9;1.0;584;39;553;40;31;37
TE160;25.01.2024;10;1.0;591;38;566;38;25;38
TE160;25.01.2024;11;1.0;672;37;652;37;20;35
TE160;25.01.2024;12;1.0;601;34;583;34;17;35
TE160;25.01.2024;13;1.0;652;34;631;34;22;30
TE160;25.01.2024;14;1.0;677;33;657;33;20;34
TE160;25.01.2024;15;1.0;703;24;682;24;21;31
TE160;25.01.2024;16;1.0;689;25;668;25;21;22
TE160;25.01.2024;17;1.0;654;27;648;27;6;26
TE160;25.01.2024;18;1.0;568;36;548;36;20;36
TE160;25.01.2024;19;1.0;425;40;414;40;11;39
TE160;25.01.2024;20;1.0;330;42;316;42;14;45
TE160;25.01.2024;21;1.0;210;42;206;42;4;42
TE160;25.01.2024;22;1.0;137;41;130;41;7;39
TE160;25.01.2024;23;1.0;85;42;84;42;1;36
TE160;26.01.2024;0;1.0;55;44;53;45;2;40
TE160;26.01.2024;1;1.0;40;48;40;48;0;-1
TE160;26.01.2024;2;1.0;26;45;23;45;3;44
TE160;26.01.2024;3;1.0;45;41;42;41;3;43
TE160;26.01.2024;4;1.0;111;46;104;46;7;45
TE160;26.01.2024;5;1.0;274;44;266;44;8;44
TE160;26.01.2024;6;1.0;428;44;409;44;19;44
TE160;26.01.2024;7;1.0;539;37;516;37;23;34
TE160;26.01.2024;8;1.0;507;34;481;34;26;34
TE160;26.01.2024;9;1.0;596;41;565;41;31;39
TE160;26.01.2024;10;1.0;620;39;596;39;24;38
TE160;26.01.2024;11;1.0;640;37;626;37;14;29
TE160;26.01.2024;12;1.0;682;35;653;35;29;32
TE160;26.01.2024;13;1.0;665;35;635;35;30;32
TE160;26.01.2024;14;1.0;682;39;669;39;13;31
TE160;26.01.2024;15;1.0;630;27;611;27;19;24
TE160;26.01.2024;16;1.0;658;31;650;31;8;33
TE160;26.01.2024;17;1.0;602;36;591;36;11;35
TE160;26.01.2024;18;1.0;510;36;499;37;11;31
TE160;26.01.2024;19;1.0;423;36;413;36;10;31
TE160;26.01.2024;20;1.0;344;37;332;37;12;37
TE160;26.01.2024;21;1.0;242;41;238;41;4;40
TE160;26.01.2024;22;1.0;152;40;149;40;3;37
TE160;26.01.2024;23;1.0;88;40;84;40;4;36
TE160;27.01.2024;0;1.0;91;43;87;43;4;39
TE160;27.01.2024;1;1.0;61;44;60;44;1;45
TE160;27.01.2024;2;1.0;34;46;33;46;1;46
TE160;27.01.2024;3;1.0;32;40;29;40;3;43
TE160;27.01.2024;4;1.0;39;42;37;42;2;44
TE160;27.01.2024;5;1.0;111;41;107;41;4;38
TE160;27.01.2024;6;1.0;146;41;142;41;4;38
TE160;27.01.2024;7;1.0;232;41;227;42;5;37
TE160;27.01.2024;8;1.0;315;41;306;41;9;39
TE160;27.01.2024;9;1.0;547;38;536;38;11;38
TE160;27.01.2024;10;1.0;641;39;635;39;6;36
TE160;27.01.2024;11;1.0;696;37;691;37;5;30
TE160;27.01.2024;12;1.0;716;37;708;37;8;39
TE160;27.01.2024;13;1.0;695;37;678;37;17;40
TE160;27.01.2024;14;1.0;652;37;645;37;7;35
TE160;27.01.2024;15;1.0;635;36;622;36;13;36
TE160;27.01.2024;16;1.0;661;37;657;37;4;36
TE160;27.01.2024;17;1.0;576;37;561;37;15;37
TE160;27.01.2024;18;1.0;517;38;507;38;10;37
TE160;27.01.2024;19;1.0;389;36;378;36;11;35
TE160;27.01.2024;20;1.0;305;37;297;38;8;28
TE160;27.01.2024;21;1.0;205;39;199;39;6;37
TE160;27.01.2024;22;1.0;147;40;146;40;1;44
TE160;27.01.2024;23;1.0;129;38;124;38;5;36
TE160;28.01.2024;0;1.0;87;41;85;41;2;38
TE160;28.01.2024;1;1.0;90;40;88;40;2;37
TE160;28.01.2024;2;1.0;43;42;43;42;0;-1
TE160;28.01.2024;3;1.0;32;42;31;42;1;36
TE160;28.01.2024;4;1.0;41;38;41;38;0;-1
TE160;28.01.2024;5;1.0;44;44;44;44;0;-1
TE160;28.01.2024;6;1.0;79;40;75;41;4;39
TE160;28.01.2024;7;1.0;67;42;64;42;3;38
TE160;28.01.2024;8;1.0;104;42;101;42;3;40
TE160;28.01.2024;9;1.0;194;38;190;38;4;38
TE160;28.01.2024;10;1.0;339;37;331;37;8;38
TE160;28.01.2024;11;1.0;416;38;406;38;10;39
TE160;28.01.2024;12;1.0;439;37;427;37;12;36
TE160;28.01.2024;13;1.0;478;33;461;33;17;37
TE160;28.01.2024;14;1.0;471;34;460;34;11;35
TE160;28.01.2024;15;1.0;443;37;435;37;8;37
TE160;28.01.2024;16;1.0;413;37;405;37;8;39
TE160;28.01.2024;17;1.0;401;39;393;39;8;38
TE160;28.01.2024;18;1.0;361;37;357;37;4;34
TE160;28.01.2024;19;1.0;276;39;273;39;3;39
TE160;28.01.2024;20;1.0;186;37;183;38;3;36
TE160;28.01.2024;21;1.0;125;40;119;40;6;39
TE160;28.01.2024;22;1.0;93;39;91;39;2;34
TE160;28.01.2024;23;1.0;55;41;52;41;3;39
TE160;29.01.2024;0;1.0;42;43;40;43;2;39
TE160;29.01.2024;1;1.0;17;46;16;46;1;45
TE160;29.01.2024;2;1.0;27;46;24;46;3;45
TE160;29.01.2024;3;1.0;32;41;29;42;2;42
TE160;29.01.2024;4;1.0;83;43;80;43;3;43
TE160;29.01.2024;5;1.0;290;40;276;40;14;41
TE160;29.01.2024;6;1.0;450;40;424;40;26;39
TE160;29.01.2024;7;1.0;542;37;507;37;35;37
TE160;29.01.2024;8;1.0;540;39;500;39;40;39
TE160;29.01.2024;9;1.0;578;37;526;37;52;38
TE160;29.01.2024;10;1.0;587;36;554;36;33;36
TE160;29.01.2024;11;1.0;586;33;555;33;31;33
TE160;29.01.2024;12;1.0;594;35;563;35;31;35
TE160;29.01.2024;13;1.0;567;35;541;35;26;36
TE160;29.01.2024;14;1.0;643;33;627;33;16;34
TE160;29.01.2024;15;1.0;698;33;675;33;23;34
TE160;29.01.2024;16;1.0;729;32;713;32;16;32
TE160;29.01.2024;17;1.0;600;33;591;33;9;34
TE160;29.01.2024;18;1.0;523;34;512;34;11;37
TE160;29.01.2024;19;1.0;411;36;407;36;4;38
TE160;29.01.2024;20;1.0;266;37;259;37;7;37
TE160;29.01.2024;21;1.0;187;39;181;39;6;41
TE160;29.01.2024;22;1.0;118;42;116;42;2;42
TE160;29.01.2024;23;1.0;41;41;39;40;2;42
TE160;30.01.2024;0;1.0;35;46;33;46;2;44
TE160;30.01.2024;1;1.0;21;48;19;48;2;44
TE160;30.01.2024;2;1.0;37;46;35;46;2;43
TE160;30.01.2024;3;1.0;38;43;37;43;1;41
TE160;30.01.2024;4;1.0;90;43;85;43;5;41
TE160;30.01.2024;5;1.0;272;42;256;42;16;41
TE160;30.01.2024;6;1.0;465;38;440;38;25;36
TE160;30.01.2024;7;1.0;536;37;497;37;39;37
TE160;30.01.2024;8;1.0;512;35;479;35;34;35
TE160;30.01.2024;9;1.0;559;38;519;38;40;38
TE160;30.01.2024;10;1.0;562;37;527;36;35;37
TE160;30.01.2024;11;1.0;607;34;561;34;46;34
TE160;30.01.2024;12;1.0;539;35;510;35;29;33
TE160;30.01.2024;13;1.0;583;36;552;36;31;36
TE160;30.01.2024;14;1.0;660;33;628;33;32;34
TE160;30.01.2024;15;1.0;649;33;624;33;25;31
TE160;30.01.2024;16;1.0;633;32;607;32;26;30
TE160;30.01.2024;17;1.0;632;34;614;34;18;34
TE160;30.01.2024;18;1.0;555;37;534;37;21;34
TE160;30.01.2024;19;1.0;353;38;340;38;13;37
TE160;30.01.2024;20;1.0;257;39;249;39;8;31
TE160;30.01.2024;21;1.0;172;41;167;41;5;36
TE160;30.01.2024;22;1.0;122;40;116;40;6;35
TE160;30.01.2024;23;1.0;64;41;60;42;4;33
TE160;31.01.2024;0;1.0;38;41;36;41;2;44
TE160;31.01.2024;1;1.0;21;39;21;39;0;-1
TE160;31.01.2024;2;1.0;36;40;30;40;6;42
TE160;31.01.2024;3;1.0;38;41;35;41;3;40
TE160;31.01.2024;4;1.0;102;40;93;40;9;36
TE160;31.01.2024;5;1.0;255;43;238;43;17;41
TE160;31.01.2024;6;1.0;444;43;427;43;17;41
TE160;31.01.2024;7;1.0;477;44;456;44;21;42
TE160;31.01.2024;8;1.0;472;43;450;43;22;42
TE160;31.01.2024;9;1.0;552;38;526;38;26;39
TE160;31.01.2024;10;1.0;588;40;538;40;50;39
TE160;31.01.2024;11;1.0;596;39;558;39;38;39
TE160;31.01.2024;12;1.0;567;39;525;39;42;39
TE160;31.01.2024;13;1.0;589;40;545;40;44;39
TE160;31.01.2024;14;1.0;614;39;586;39;28;38
TE160;31.01.2024;15;1.0;711;39;687;39;24;39
TE160;31.01.2024;16;1.0;638;29;621;29;17;25
TE160;31.01.2024;17;1.0;593;39;579;39;14;35
TE160;31.01.2024;18;1.0;506;43;495;43;11;37
TE160;31.01.2024;19;1.0;421;42;407;42;14;39
TE160;31.01.2024;20;1.0;272;42;263;42;9;44
TE160;31.01.2024;21;1.0;186;42;182;42;4;38
TE160;31.01.2024;22;1.0;158;43;153;43;5;40
TE160;31.01.2024;23;1.0;69;44;62;44;7;40
TE162;01.01.2024;0;1.0;423;37;409;37;14;37
TE162;01.01.2024;1;1.0;703;36;694;36;9;36
TE162;01.01.2024;2;1.0;561;36;555;36;6;34
TE162;01.01.2024;3;1.0;510;37;507;37;3;28
TE162;01.01.2024;4;1.0;387;39;384;39;3;40
TE162;01.01.2024;5;1.0;410;39;404;39;6;35
TE162;01.01.2024;6;1.0;303;42;301;42;2;39
TE162;01.01.2024;7;1.0;236;47;234;47;2;45
TE162;01.01.2024;8;1.0;183;44;182;44;1;42
TE162;01.01.2024;9;1.0;182;41;181;41;1;41
TE162;01.01.2024;10;1.0;222;41;221;41;1;41
TE162;01.01.2024;11;1.0;269;41;269;41;0;-1
TE162;01.01.2024;12;1.0;395;39;394;39;1;39
TE162;01.01.2024;13;1.0;429;36;426;36;3;40
TE162;01.01.2024;14;1.0;493;32;487;32;6;34
TE162;01.01.2024;15;1.0;508;37;504;37;4;40
TE162;01.01.2024;16;1.0;578;38;578;38;0;-1
TE162;01.01.2024;17;1.0;601;38;596;38;5;38
TE162;01.01.2024;18;1.0;541;36;533;36;8;36
TE162;01.01.2024;19;1.0;465;45;463;45;2;48
TE162;01.01.2024;20;1.0;398;43;396;43;2;46
TE162;01.01.2024;21;1.0;363;42;363;42;0;-1
TE162;01.01.2024;22;1.0;425;40;421;40;4;39
TE162;01.01.2024;23;1.0;289;42;287;42;2;43
TE162;02.01.2024;0;1.0;221;43;211;43;10;43
TE162;02.01.2024;1;1.0;137;44;133;44;4;41
TE162;02.01.2024;2;1.0;114;45;112;45;2;48
TE162;02.01.2024;3;1.0;93;46;87;46;6;45
TE162;02.01.2024;4;1.0;121;44;108;44;13;43
TE162;02.01.2024;5;1.0;299;40;293;40;6;40
TE162;02.01.2024;6;1.0;421;45;419;45;2;50
TE162;02.01.2024;7;1.0;465;41;461;41;4;39
TE162;02.01.2024;8;1.0;566;44;558;44;8;42
TE162;02.01.2024;9;1.0;602;39;596;39;6;40
TE162;02.01.2024;10;1.0;673;35;666;35;7;35
TE162;02.01.2024;11;1.0;715;34;705;34;10;34
TE162;02.01.2024;12;1.0;786;34;767;34;19;34
TE162;02.01.2024;13;1.0;876;36;871;36;5;36
TE162;02.01.2024;14;1.0;940;35;929;35;11;34
TE162;02.01.2024;15;1.0;1066;32;1057;32;9;32
TE162;02.01.2024;16;1.0;965;31;954;31;11;29
TE162;02.01.2024;17;1.0;907;36;902;36;5;38
TE162;02.01.2024;18;1.0;835;40;829;40;6;40
TE162;02.01.2024;19;1.0;695;39;690;39;5;38
TE162;02.01.2024;20;1.0;602;40;597;40;5;41
TE162;02.01.2024;21;1.0;468;42;462;42;6;44
TE162;02.01.2024;22;1.0;631;42;621;42;10;42
TE162;02.01.2024;23;1.0;340;46;335;46;5;41
TE162;03.01.2024;0;1.0;186;45;174;45;12;45
TE162;03.01.2024;1;1.0;106;48;103;48;3;50
TE162;03.01.2024;2;1.0;113;47;112;47;1;50
TE162;03.01.2024;3;1.0;105;43;97;43;8;44
TE162;03.01.2024;4;1.0;141;45;131;45;10;44
TE162;03.01.2024;5;1.0;276;40;269;40;7;42
TE162;03.01.2024;6;1.0;408;42;399;42;9;42
TE162;03.01.2024;7;1.0;528;36;517;36;11;36
TE162;03.01.2024;8;1.0;575;29;565;29;10;26
TE162;03.01.2024;9;1.0;643;28;621;28;22;27
TE162;03.01.2024;10;1.0;693;34;676;34;17;33
TE162;03.01.2024;11;1.0;781;34;757;34;24;34
TE162;03.01.2024;12;1.0;777;30;752;30;25;31
TE162;03.01.2024;13;1.0;865;35;847;35;18;34
TE162;03.01.2024;14;1.0;923;26;902;26;21;23
TE162;03.01.2024;15;1.0;1047;28;1024;28;23;27
TE162;03.01.2024;16;1.0;961;26;944;27;17;25
TE162;03.01.2024;17;1.0;955;28;942;28;13;27
TE162;03.01.2024;18;1.0;864;32;855;32;10;28
TE162;03.01.2024;19;1.0;677;26;673;26;4;21
TE162;03.01.2024;20;1.0;509;26;491;26;19;24
TE162;03.01.2024;21;1.0;446;30;432;30;14;30
TE162;03.01.2024;22;1.0;539;28;535;28;4;29
TE162;03.01.2024;23;1.0;366;40;363;39;3;41
TE162;04.01.2024;0;1.0;217;39;209;39;8;39
TE162;04.01.2024;1;1.0;151;38;147;38;4;34
TE162;04.01.2024;2;1.0;120;30;120;30;0;-1
TE162;04.01.2024;3;1.0;106;34;99;34;7;33
TE162;04.01.2024;4;1.0;143;43;128;43;14;40
TE162;04.01.2024;6;1.0;434;34;430;34;4;34
TE162;04.01.2024;7;1.0;531;29;521;30;9;29
TE162;04.01.2024;8;1.0;595;27;584;27;11;25
TE162;04.01.2024;9;1.0;691;24;664;24;27;24
TE162;04.01.2024;10;1.0;771;29;753;29;17;29
TE162;04.01.2024;11;1.0;791;24;765;24;25;24
TE162;04.01.2024;12;1.0;821;26;808;26;13;28
TE162;04.01.2024;13;1.0;885;26;862;26;23;26
TE162;04.01.2024;14;1.0;1018;25;992;25;26;23
TE162;04.01.2024;15;1.0;1002;21;981;21;21;20
TE162;04.01.2024;16;1.0;1000;26;980;26;20;23
TE162;04.01.2024;17;1.0;930;28;924;28;6;28
TE162;04.01.2024;18;1.0;829;29;820;29;8;32
TE162;04.01.2024;19;1.0;660;35;652;35;8;33
TE162;04.01.2024;20;1.0;514;34;504;34;10;33
TE162;04.01.2024;21;1.0;431;30;424;30;7;27
TE162;04.01.2024;22;1.0;639;32;630;32;8;33
TE162;04.01.2024;23;1.0;341;36;341;36;0;-1
TE162;05.01.2024;0;1.0;211;32;202;32;9;34
TE162;05.01.2024;1;1.0;151;33;151;33;0;-1
TE162;05.01.2024;2;1.0;106;32;103;32;3;30
TE162;05.01.2024;3;1.0;124;35;117;35;7;36
TE162;05.01.2024;4;1.0;143;38;126;38;17;38
TE162;05.01.2024;5;1.0;245;40;239;40;7;37
TE162;05.01.2024;6;1.0;418;29;405;29;13;31
TE162;05.01.2024;7;1.0;485;27;469;27;16;26
TE162;05.01.2024;8;1.0;599;31;588;31;11;29
TE162;05.01.2024;9;1.0;620;34;611;34;9;32
TE162;05.01.2024;10;1.0;689;27;671;27;19;25
TE162;05.01.2024;11;1.0;804;26;784;26;20;27
TE162;05.01.2024;12;1.0;845;32;831;32;14;32
TE162;05.01.2024;13;1.0;825;26;798;26;26;24
TE162;05.01.2024;15;1.0;1040;22;1021;22;18;24
TE162;05.01.2024;16;1.0;870;26;860;26;10;26
TE162;05.01.2024;17;1.0;821;29;815;29;6;31
TE162;05.01.2024;18;1.0;764;33;759;33;5;33
TE162;05.01.2024;19;1.0;661;33;658;33;4;31
TE162;05.01.2024;20;1.0;630;34;625;34;5;32
TE162;05.01.2024;21;1.0;565;33;564;33;1;44
TE162;05.01.2024;22;1.0;567;40;558;40;8;40
TE162;05.01.2024;23;1.0;372;42;371;42;1;47
TE162;06.01.2024;0;1.0;297;44;287;44;10;43
TE162;06.01.2024;1;1.0;220;48;217;48;3;46
TE162;06.01.2024;2;1.0;173;49;170;50;3;45
TE162;06.01.2024;3;1.0;159;51;158;51;1;50
TE162;06.01.2024;4;1.0;143;50;139;51;4;40
TE162;06.01.2024;5;1.0;199;48;189;48;10;45
TE162;06.01.2024;6;1.0;199;46;195;46;4;46
TE162;06.01.2024;7;1.0;226;43;219;43;7;45
TE162;06.01.2024;8;1.0;244;41;241;41;3;42
TE162;06.01.2024;9;1.0;349;41;338;41;11;39
TE162;06.01.2024;10;1.0;481;34;477;34;4;33
TE162;06.01.2024;11;1.0;572;36;560;36;12;34
TE162;06.01.2024;12;1.0;667;36;659;36;8;36
TE162;06.01.2024;13;1.0;801;33;796;33;5;34
TE162;06.01.2024;14;1.0;834;34;830;34;4;30
TE162;06.01.2024;15;1.0;796;35;791;35;5;33
TE162;06.01.2024;16;1.0;722;35;716;35;6;35
TE162;06.01.2024;17;1.0;745;32;744;32;1;35
TE162;06.01.2024;18;1.0;708;35;701;35;7;30
TE162;06.01.2024;19;1.0;579;35;578;35;1;34
TE162;06.01.2024;20;1.0;518;37;512;37;6;31
TE162;06.01.2024;21;1.0;493;37;490;37;3;34
TE162;06.01.2024;22;1.0;599;39;590;38;9;39
TE162;06.01.2024;23;1.0;427;36;427;36;0;-1
TE162;07.01.2024;0;1.0;289;39;281;39;8;36
TE162;07.01.2024;1;1.0;252;36;247;36;4;40
TE162;07.01.2024;2;1.0;195;39;193;39;2;43
TE162;07.01.2024;3;1.0;180;40;179;40;1;38
TE162;07.01.2024;4;1.0;156;42;150;42;6;42
TE162;07.01.2024;5;1.0;189;46;186;46;3;48
TE162;07.01.2024;6;1.0;187;44;186;44;1;48
TE162;07.01.2024;7;1.0;164;46;163;46;1;43
TE162;07.01.2024;8;1.0;175;44;174;44;1;42
TE162;07.01.2024;9;1.0;268;43;266;43;2;47
TE162;07.01.2024;10;1.0;343;39;342;39;1;39
TE162;07.01.2024;11;1.0;456;39;456;39;0;-1
TE162;07.01.2024;12;1.0;541;38;537;38;4;38
TE162;07.01.2024;13;1.0;617;39;615;39;2;40
TE162;07.01.2024;14;1.0;701;39;699;38;2;40
TE162;07.01.2024;15;1.0;697;41;689;41;8;41
TE162;07.01.2024;16;1.0;641;40;640;40;1;40
TE162;07.01.2024;17;1.0;692;41;689;41;3;39
TE162;07.01.2024;18;1.0;611;41;609;41;2;37
TE162;07.01.2024;19;1.0;569;38;566;38;3;42
TE162;07.01.2024;20;1.0;390;34;385;35;4;26
TE162;07.01.2024;21;1.0;390;34;388;34;2;38
TE162;07.01.2024;22;1.0;441;34;437;33;4;36
TE162;07.01.2024;23;1.0;251;36;248;36;2;42
TE162;08.01.2024;0;1.0;188;42;179;42;9;40
TE162;08.01.2024;1;1.0;130;40;124;40;6;42
TE162;08.01.2024;2;1.0;90;42;85;42;5;42
TE162;08.01.2024;3;1.0;96;43;90;43;6;44
TE162;08.01.2024;4;1.0;126;44;114;44;12;45
TE162;08.01.2024;5;1.0;306;42;293;42;13;40
TE162;08.01.2024;6;1.0;467;39;452;39;15;38
TE162;08.01.2024;7;1.0;576;36;560;36;16;36
TE162;08.01.2024;8;1.0;724;34;688;34;36;33
TE162;08.01.2024;9;1.0;636;35;612;35;24;35
TE162;08.01.2024;10;1.0;683;35;640;35;43;37
TE162;08.01.2024;11;1.0;671;33;663;33;8;31
TE162;08.01.2024;12;1.0;699;35;683;35;16;35
TE162;08.01.2024;13;1.0;777;32;759;32;17;33
TE162;08.01.2024;14;1.0;983;31;949;31;34;31
TE162;08.01.2024;15;1.0;1101;32;1070;32;31;32
TE162;08.01.2024;16;1.0;1021;27;996;27;25;25
TE162;08.01.2024;17;1.0;888;32;865;32;23;32
TE162;08.01.2024;18;1.0;789;35;778;35;11;33
TE162;08.01.2024;19;1.0;620;36;609;36;11;36
TE162;08.01.2024;20;1.0;478;36;464;36;14;37
TE162;08.01.2024;21;1.0;410;38;407;38;3;39
TE162;08.01.2024;22;1.0;417;39;408;39;9;35
TE162;08.01.2024;23;1.0;278;43;276;43;2;40
TE162;09.01.2024;0;1.0;181;43;169;43;12;43
TE162;09.01.2024;1;1.0;127;31;125;32;1;42
TE162;09.01.2024;2;1.0;79;46;77;46;2;48
TE162;09.01.2024;3;1.0;98;44;95;43;3;46
TE162;09.01.2024;4;1.0;113;46;103;46;10;45
TE162;09.01.2024;5;1.0;284;45;278;45;6;47
TE162;09.01.2024;6;1.0;490;42;485;42;5;42
TE162;09.01.2024;7;1.0;615;36;583;36;32;36
TE162;09.01.2024;8;1.0;743;35;707;35;36;34
TE162;09.01.2024;9;1.0;686;36;668;36;18;39
TE162;09.01.2024;10;1.0;730;35;697;35;33;33
TE162;09.01.2024;11;1.0;815;37;788;37;27;35
TE162;09.01.2024;12;1.0;840;33;803;33;37;32
TE162;09.01.2024;13;1.0;865;34;824;34;41;32
TE162;09.01.2024;14;1.0;1015;33;992;33;23;32
TE162;09.01.2024;15;1.0;1082;29;1058;29;24;28
TE162;09.01.2024;16;1.0;1107;26;1079;26;27;25
TE162;09.01.2024;17;1.0;904;33;881;33;23;32
TE162;09.01.2024;18;1.0;951;31;930;31;21;28
TE162;09.01.2024;19;1.0;702;36;694;36;9;34
TE162;09.01.2024;20;1.0;587;35;575;35;12;34
TE162;09.01.2024;21;1.0;479;41;472;41;7;42
TE162;09.01.2024;22;1.0;511;40;499;40;12;37
TE162;09.01.2024;23;1.0;291;43;288;43;3;40
TE162;10.01.2024;0;1.0;195;45;186;45;9;44
TE162;10.01.2024;1;1.0;152;50;148;50;4;38
TE162;10.01.2024;2;1.0;103;46;102;46;1;45
TE162;10.01.2024;3;1.0;94;52;91;52;3;56
TE162;10.01.2024;4;1.0;167;46;154;46;13;43
TE162;10.01.2024;5;1.0;295;48;286;47;9;41
TE162;10.01.2024;6;1.0;438;36;429;36;9;31
TE162;10.01.2024;7;1.0;681;34;664;34;16;35
TE162;10.01.2024;8;1.0;736;39;716;39;20;38
TE162;10.01.2024;9;1.0;810;37;787;37;23;37
TE162;10.01.2024;10;1.0;869;34;840;35;29;33
TE162;10.01.2024;11;1.0;837;32;818;32;19;33
TE162;10.01.2024;12;1.0;868;32;814;32;54;33
TE162;10.01.2024;13;1.0;920;31;889;31;31;32
TE162;10.01.2024;14;1.0;1017;28;993;29;23;29
TE162;10.01.2024;15;1.0;1171;25;1142;25;29;26
TE162;10.01.2024;16;1.0;1125;27;1089;27;36;28
TE162;10.01.2024;17;1.0;1048;30;1017;30;32;28
TE162;10.01.2024;18;1.0;1015;30;991;30;23;29
TE162;10.01.2024;19;1.0;840;37;833;37;7;34
TE162;10.01.2024;20;1.0;595;39;584;39;11;36
TE162;10.01.2024;21;1.0;492;42;488;42;4;40
TE162;10.01.2024;22;1.0;584;41;577;41;7;38
TE162;10.01.2024;23;1.0;390;39;386;39;3;44
TE162;11.01.2024;0;1.0;197;43;188;43;9;43
TE162;11.01.2024;1;1.0;148;47;146;47;2;46
TE162;11.01.2024;2;1.0;97;48;95;48;2;44
TE162;11.01.2024;3;1.0;111;48;106;48;5;45
TE162;11.01.2024;4;1.0;149;49;139;49;10;48
TE162;11.01.2024;5;1.0;286;49;284;49;2;49
TE162;11.01.2024;6;1.0;530;42;530;42;0;-1
TE162;11.01.2024;7;1.0;666;38;657;38;9;39
TE162;11.01.2024;8;1.0;782;33;778;33;3;36
TE162;11.01.2024;9;1.0;783;37;780;37;3;37
TE162;11.01.2024;10;1.0;903;35;899;35;4;38
TE162;11.01.2024;11;1.0;909;32;906;32;3;35
TE162;11.01.2024;12;1.0;912;29;898;29;14;30
TE162;11.01.2024;13;1.0;962;31;946;31;16;28
TE162;11.01.2024;14;1.0;952;30;949;29;3;36
TE162;11.01.2024;15;1.0;1072;27;1055;27;18;26
TE162;11.01.2024;16;1.0;1049;24;1032;23;16;31
TE162;11.01.2024;17;1.0;1051;29;1023;29;28;30
TE162;11.01.2024;18;1.0;980;29;965;29;17;24
TE162;11.01.2024;19;1.0;888;35;879;35;9;24
TE162;11.01.2024;20;1.0;674;38;665;38;9;29
TE162;11.01.2024;21;1.0;508;39;497;39;12;38
TE162;11.01.2024;22;1.0;642;40;628;40;14;40
TE162;11.01.2024;23;1.0;389;44;388;44;1;42
TE162;12.01.2024;0;1.0;250;48;240;48;10;49
TE162;12.01.2024;1;1.0;144;51;141;51;3;51
TE162;12.01.2024;2;1.0;132;42;132;42;0;-1
TE162;12.01.2024;3;1.0;119;50;114;50;5;51
TE162;12.01.2024;4;1.0;148;50;138;50;10;49
TE162;12.01.2024;5;1.0;282;49;280;49;2;52
TE162;12.01.2024;6;1.0;490;37;487;37;2;30
TE162;12.01.2024;7;1.0;629;41;623;41;6;37
TE162;12.01.2024;8;1.0;767;37;758;37;9;32
TE162;12.01.2024;9;1.0;723;38;714;38;9;34
TE162;12.01.2024;10;1.0;775;37;761;37;14;34
TE162;12.01.2024;11;1.0;852;33;839;33;13;25
TE162;12.01.2024;12;1.0;867;27;858;27;9;26
TE162;12.01.2024;13;1.0;919;35;907;35;12;36
TE162;12.01.2024;14;1.0;1021;33;1007;33;14;30
TE162;12.01.2024;15;1.0;1085;31;1067;31;18;30
TE162;12.01.2024;16;1.0;1045;33;1019;33;26;32
TE162;12.01.2024;17;1.0;936;36;927;36;9;33
TE162;12.01.2024;18;1.0;813;36;807;36;6;38
TE162;12.01.2024;19;1.0;793;37;788;37;5;33
TE162;12.01.2024;20;1.0;619;39;612;39;7;39
TE162;12.01.2024;21;1.0;572;41;565;41;7;39
TE162;12.01.2024;22;1.0;655;40;649;40;6;41
TE162;12.01.2024;23;1.0;470;40;465;40;4;34
TE162;13.01.2024;0;1.0;304;41;287;41;17;40
TE162;13.01.2024;1;1.0;251;40;249;40;2;46
TE162;13.01.2024;2;1.0;218;39;215;39;3;41
TE162;13.01.2024;3;1.0;204;45;197;46;7;43
TE162;13.01.2024;4;1.0;171;41;167;41;4;39
TE162;13.01.2024;5;1.0;204;48;201;48;3;47
TE162;13.01.2024;6;1.0;227;48;220;48;7;43
TE162;13.01.2024;7;1.0;250;45;248;45;2;45
TE162;13.01.2024;8;1.0;302;45;299;45;3;43
TE162;13.01.2024;9;1.0;437;41;430;41;7;39
TE162;13.01.2024;10;1.0;553;40;550;40;3;42
TE162;13.01.2024;11;1.0;633;40;625;40;8;38
TE162;13.01.2024;12;1.0;772;37;768;37;4;37
TE162;13.01.2024;13;1.0;797;35;789;35;8;32
TE162;13.01.2024;14;1.0;881;37;878;37;3;34
TE162;13.01.2024;15;1.0;858;38;851;38;7;38
TE162;13.01.2024;16;1.0;767;38;766;38;1;36
TE162;13.01.2024;17;1.0;817;38;808;38;9;35
TE162;13.01.2024;18;1.0;792;37;788;37;4;32
TE162;13.01.2024;19;1.0;642;40;636;40;6;40
TE162;13.01.2024;20;1.0;487;41;482;41;5;40
TE162;13.01.2024;21;1.0;529;39;522;39;6;43
TE162;13.01.2024;22;1.0;603;39;601;39;2;44
TE162;13.01.2024;23;1.0;588;39;582;39;5;44
TE162;14.01.2024;0;1.0;502;44;496;44;6;47
TE162;14.01.2024;1;1.0;300;49;296;49;4;48
TE162;14.01.2024;2;1.0;223;49;219;49;4;47
TE162;14.01.2024;3;1.0;216;51;215;51;1;49
TE162;14.01.2024;4;1.0;150;55;148;55;2;56
TE162;14.01.2024;5;1.0;197;50;193;50;4;49
TE162;14.01.2024;6;1.0;177;50;172;51;5;44
TE162;14.01.2024;7;1.0;189;51;185;51;4;40
TE162;14.01.2024;8;1.0;206;48;204;48;2;42
TE162;14.01.2024;9;1.0;348;44;346;44;2;42
TE162;14.01.2024;10;1.0;474;39;470;39;4;40
TE162;14.01.2024;11;1.0;475;42;473;42;2;34
TE162;14.01.2024;12;1.0;595;40;592;40;3;28
TE162;14.01.2024;13;1.0;687;37;679;37;8;31
TE162;14.01.2024;14;1.0;724;39;718;39;6;34
TE162;14.01.2024;15;1.0;713;39;704;39;9;40
TE162;14.01.2024;16;1.0;671;39;669;39;2;42
TE162;14.01.2024;17;1.0;597;41;595;41;2;32
TE162;14.01.2024;18;1.0;608;37;602;37;5;38
TE162;14.01.2024;19;1.0;472;40;471;40;1;36
TE162;14.01.2024;20;1.0;412;42;408;42;4;45
TE162;14.01.2024;21;1.0;348;45;345;45;3;40
TE162;14.01.2024;22;1.0;455;45;452;45;3;41
TE162;14.01.2024;23;1.0;275;46;270;46;5;43
TE162;15.01.2024;0;1.0;173;50;165;50;8;48
TE162;15.01.2024;1;1.0;107;50;105;50;2;52
TE162;15.01.2024;2;1.0;88;50;88;50;0;-1
TE162;15.01.2024;3;1.0;85;51;80;51;5;52
TE162;15.01.2024;4;1.0;102;49;98;49;4;50
TE162;15.01.2024;5;1.0;269;49;266;49;3;49
TE162;15.01.2024;6;1.0;406;41;398;41;8;33
TE162;15.01.2024;7;1.0;586;37;580;37;6;41
TE162;15.01.2024;8;1.0;683;34;672;34;11;33
TE162;15.01.2024;9;1.0;624;33;620;33;4;38
TE162;15.01.2024;10;1.0;807;32;797;32;10;29
TE162;15.01.2024;11;1.0;726;34;715;34;11;36
TE162;15.01.2024;12;1.0;781;35;764;35;17;34
TE162;15.01.2024;13;1.0;782;36;766;36;16;36
TE162;15.01.2024;14;1.0;967;35;955;35;12;35
TE162;15.01.2024;15;1.0;1017;34;1007;34;10;34
TE162;15.01.2024;16;1.0;978;35;957;35;21;31
TE162;15.01.2024;17;1.0;905;37;891;37;14;32
TE162;15.01.2024;18;1.0;776;39;771;39;5;39
TE162;15.01.2024;19;1.0;642;42;627;42;15;39
TE162;15.01.2024;20;1.0;455;42;445;42;10;41
TE162;15.01.2024;21;1.0;388;46;378;46;10;42
TE162;15.01.2024;22;1.0;507;47;501;47;6;42
TE162;15.01.2024;23;1.0;298;49;292;49;6;47
TE162;16.01.2024;0;1.0;196;50;188;50;8;50
TE162;16.01.2024;1;1.0;115;45;106;45;9;45
TE162;16.01.2024;2;1.0;94;39;94;39;0;-1
TE162;16.01.2024;3;1.0;100;42;96;42;4;43
TE162;16.01.2024;4;1.0;137;37;133;37;4;39
TE162;16.01.2024;5;1.0;270;41;260;41;10;39
TE162;16.01.2024;6;1.0;452;39;448;39;4;38
TE162;16.01.2024;7;1.0;687;33;675;33;12;31
TE162;16.01.2024;8;1.0;734;31;720;31;13;26
TE162;16.01.2024;9;1.0;741;36;731;36;10;36
TE162;16.01.2024;10;1.0;777;35;768;35;9;34
TE162;16.01.2024;11;1.0;728;36;714;36;14;37
TE162;16.01.2024;12;1.0;841;35;814;35;27;34
TE162;16.01.2024;13;1.0;885;36;864;36;21;33
TE162;16.01.2024;14;1.0;967;35;954;35;13;33
TE162;16.01.2024;15;1.0;1003;35;986;35;17;35
TE162;16.01.2024;16;1.0;1036;32;1028;32;8;33
TE162;16.01.2024;17;1.0;991;35;983;35;8;29
TE162;16.01.2024;18;1.0;917;39;904;39;13;35
TE162;16.01.2024;19;1.0;758;40;749;40;9;31
TE162;16.01.2024;20;1.0;565;41;561;41;4;41
TE162;16.01.2024;21;1.0;466;44;462;44;4;45
TE162;16.01.2024;22;1.0;512;45;506;45;6;45
TE162;16.01.2024;23;1.0;379;48;372;48;7;47
TE162;17.01.2024;0;1.0;212;44;203;44;9;45
TE162;17.01.2024;1;1.0;145;45;142;46;3;42
TE162;17.01.2024;2;1.0;108;42;106;42;2;47
TE162;17.01.2024;3;1.0;101;50;95;51;6;46
TE162;17.01.2024;4;1.0;140;51;128;51;12;50
TE162;17.01.2024;5;1.0;266;55;262;55;4;57
TE162;17.01.2024;6;1.0;474;54;466;54;8;55
TE162;17.01.2024;7;1.0;640;51;628;51;12;51
TE162;17.01.2024;8;1.0;838;51;823;51;15;50
TE162;17.01.2024;9;1.0;780;54;755;54;25;54
TE162;17.01.2024;10;1.0;743;47;712;47;31;47
TE162;17.01.2024;11;1.0;851;45;808;45;43;44
TE162;17.01.2024;12;1.0;810;45;768;45;42;46
TE162;17.01.2024;13;1.0;895;52;847;52;48;52
TE162;17.01.2024;14;1.0;1033;52;982;52;51;52
TE162;17.01.2024;15;1.0;1088;52;1065;52;23;53
TE162;17.01.2024;16;1.0;1108;45;1080;45;28;48
TE162;17.01.2024;17;1.0;1052;52;1038;52;14;55
TE162;17.01.2024;18;1.0;967;52;952;52;15;54
TE162;17.01.2024;19;1.0;759;54;752;54;7;57
TE162;17.01.2024;20;1.0;614;54;609;54;5;52
TE162;17.01.2024;21;1.0;539;58;527;58;12;59
TE162;17.01.2024;22;1.0;517;61;513;61;4;57
TE162;17.01.2024;23;1.0;334;60;334;60;0;-1
TE162;18.01.2024;0;1.0;221;63;217;63;4;59
TE162;18.01.2024;1;1.0;148;63;144;63;4;61
TE162;18.01.2024;2;1.0;115;56;115;56;0;-1
TE162;18.01.2024;3;1.0;130;61;121;62;9;53
TE162;18.01.2024;4;1.0;140;63;132;63;8;60
TE162;18.01.2024;5;1.0;273;63;267;63;6;64
TE162;18.01.2024;6;1.0;462;56;456;56;5;61
TE162;18.01.2024;7;1.0;611;51;593;52;17;53
TE162;18.01.2024;8;1.0;827;47;800;47;28;48
TE162;18.01.2024;9;1.0;792;48;777;48;15;49
TE162;18.01.2024;10;1.0;807;50;770;50;37;49
TE162;18.01.2024;11;1.0;841;49;815;49;26;50
TE162;18.01.2024;12;1.0;861;48;823;48;38;49
TE162;18.01.2024;13;1.0;896;49;864;49;32;49
TE162;18.01.2024;14;1.0;1029;50;996;50;33;51
TE162;18.01.2024;15;1.0;1102;49;1077;49;25;50
TE162;18.01.2024;16;1.0;1059;44;1026;44;34;46
TE162;18.01.2024;17;1.0;1018;50;994;50;24;53
TE162;18.01.2024;18;1.0;996;50;971;50;25;51
TE162;18.01.2024;19;1.0;770;51;758;51;12;52
TE162;18.01.2024;20;1.0;626;52;618;52;8;52
TE162;18.01.2024;21;1.0;540;53;534;53;6;53
TE162;18.01.2024;22;1.0;650;54;646;54;4;55
TE162;18.01.2024;23;1.0;423;55;420;55;3;47
TE162;19.01.2024;0;1.0;280;54;267;54;13;51
TE162;19.01.2024;1;1.0;154;54;151;54;3;56
TE162;19.01.2024;2;1.0;123;47;123;47;0;-1
TE162;19.01.2024;3;1.0;108;48;103;49;4;53
TE162;19.01.2024;4;1.0;137;48;124;48;12;45
TE162;19.01.2024;5;1.0;257;53;253;53;4;57
TE162;19.01.2024;6;1.0;435;52;431;52;4;51
TE162;19.01.2024;7;1.0;630;48;607;48;23;47
TE162;19.01.2024;8;1.0;731;47;714;47;17;45
TE162;19.01.2024;9;1.0;707;47;677;47;30;48
TE162;19.01.2024;10;1.0;776;45;753;45;23;44
TE162;19.01.2024;11;1.0;876;43;841;43;35;42
TE162;19.01.2024;12;1.0;872;41;843;40;29;47
TE162;19.01.2024;13;1.0;930;46;904;47;26;45
TE162;19.01.2024;14;1.0;1069;48;1040;48;29;49
TE162;19.01.2024;15;1.0;1099;48;1068;48;31;48
TE162;19.01.2024;16;1.0;1019;46;997;46;22;48
TE162;19.01.2024;17;1.0;957;48;946;48;11;51
TE162;19.01.2024;18;1.0;840;51;827;51;13;52
TE162;19.01.2024;19;1.0;724;49;714;49;10;51
TE162;19.01.2024;20;1.0;654;48;642;48;12;48
TE162;19.01.2024;21;1.0;609;49;601;49;8;52
TE162;19.01.2024;22;1.0;674;46;669;46;5;48
TE162;19.01.2024;23;1.0;522;46;522;46;0;-1
TE162;20.01.2024;0;1.0;409;46;400;47;9;40
TE162;20.01.2024;1;1.0;292;52;284;52;8;47
TE162;20.01.2024;2;1.0;229;51;229;51;0;-1
TE162;20.01.2024;3;1.0;188;52;183;52;5;52
TE162;20.01.2024;4;1.0;165;53;162;53;3;51
TE162;20.01.2024;5;1.0;202;52;199;52;3;51
TE162;20.01.2024;6;1.0;245;51;238;51;7;49
TE162;20.01.2024;7;1.0;272;49;269;49;3;48
TE162;20.01.2024;8;1.0;297;49;291;49;6;49
TE162;20.01.2024;9;1.0;495;49;486;49;9;48
TE162;20.01.2024;10;1.0;584;49;575;49;9;49
TE162;20.01.2024;11;1.0;664;51;649;51;15;50
TE162;20.01.2024;12;1.0;752;52;738;52;14;53
TE162;20.01.2024;13;1.0;827;48;821;48;6;48
TE162;20.01.2024;14;1.0;900;49;888;49;12;50
TE162;20.01.2024;15;1.0;839;49;828;49;11;53
TE162;20.01.2024;16;1.0;862;47;847;47;15;49
TE162;20.01.2024;17;1.0;820;48;808;48;12;49
TE162;20.01.2024;18;1.0;738;46;727;46;10;45
TE162;20.01.2024;19;1.0;750;50;739;50;11;51
TE162;20.01.2024;20;1.0;624;51;615;51;9;51
TE162;20.01.2024;21;1.0;612;52;602;52;10;55
TE162;20.01.2024;22;1.0;614;53;607;53;7;50
TE162;20.01.2024;23;1.0;522;52;517;52;5;49
TE162;21.01.2024;0;1.0;392;53;380;53;12;51
TE162;21.01.2024;1;1.0;326;55;320;55;6;54
TE162;21.01.2024;2;1.0;272;56;271;56;1;41
TE162;21.01.2024;3;1.0;221;57;217;58;4;54
TE162;21.01.2024;4;1.0;185;61;177;60;8;61
TE162;21.01.2024;5;1.0;228;62;222;63;6;62
TE162;21.01.2024;6;1.0;208;64;207;64;1;69
TE162;21.01.2024;7;1.0;158;64;156;64;2;66
TE162;21.01.2024;8;1.0;242;62;242;62;0;-1
TE162;21.01.2024;9;1.0;334;59;332;59;2;68
TE162;21.01.2024;10;1.0;450;54;441;54;9;59
TE162;21.01.2024;11;1.0;552;56;542;56;10;58
TE162;21.01.2024;12;1.0;580;52;568;52;12;55
TE162;21.01.2024;13;1.0;690;51;684;50;6;54
TE162;21.01.2024;14;1.0;776;49;767;49;9;53
TE162;21.01.2024;15;1.0;751;43;744;43;8;42
TE162;21.01.2024;16;1.0;692;47;685;47;7;47
TE162;21.01.2024;17;1.0;765;47;756;47;9;47
TE162;21.01.2024;18;1.0;740;46;731;47;9;45
TE162;21.01.2024;19;1.0;588;48;583;48;5;48
TE162;21.01.2024;20;1.0;494;49;490;49;4;48
TE162;21.01.2024;21;1.0;427;49;423;49;4;53
TE162;21.01.2024;22;1.0;425;48;420;48;5;47
TE162;21.01.2024;23;1.0;304;49;302;49;2;46
TE162;22.01.2024;0;1.0;196;50;190;50;6;47
TE162;22.01.2024;1;1.0;149;49;138;50;11;46
TE162;22.01.2024;2;1.0;92;52;90;52;2;48
TE162;22.01.2024;3;1.0;95;50;91;50;4;47
TE162;22.01.2024;4;1.0;124;53;105;54;19;51
TE162;22.01.2024;5;1.0;296;51;287;51;9;49
TE162;22.01.2024;6;1.0;492;49;476;49;16;50
TE162;22.01.2024;7;1.0;698;45;673;45;25;43
TE162;22.01.2024;8;1.0;797;43;760;43;37;42
TE162;22.01.2024;9;1.0;797;43;764;43;33;43
TE162;22.01.2024;10;1.0;813;41;789;41;24;41
TE162;22.01.2024;11;1.0;831;41;805;41;27;40
TE162;22.01.2024;12;1.0;874;40;843;41;30;40
TE162;22.01.2024;13;1.0;888;42;852;42;36;42
TE162;22.01.2024;14;1.0;1038;45;1006;45;32;45
TE162;22.01.2024;15;1.0;1093;41;1065;41;28;39
TE162;22.01.2024;16;1.0;1126;41;1111;41;15;42
TE162;22.01.2024;17;1.0;1021;47;1009;47;12;48
TE162;22.01.2024;18;1.0;1027;47;1012;47;15;46
TE162;22.01.2024;19;1.0;719;47;711;47;8;45
TE162;22.01.2024;20;1.0;597;47;589;47;8;47
TE162;22.01.2024;21;1.0;479;48;474;48;5;46
TE162;22.01.2024;22;1.0;496;48;487;48;9;47
TE162;22.01.2024;23;1.0;327;47;324;47;3;45
TE162;23.01.2024;0;1.0;225;49;208;49;17;49
TE162;23.01.2024;1;1.0;155;52;151;52;4;47
TE162;23.01.2024;2;1.0;96;54;93;54;3;58
TE162;23.01.2024;3;1.0;90;49;86;49;4;50
TE162;23.01.2024;4;1.0;130;52;119;52;11;52
TE162;23.01.2024;5;1.0;294;48;287;48;7;48
TE162;23.01.2024;6;1.0;497;50;488;50;9;48
TE162;23.01.2024;7;1.0;726;48;716;48;10;48
TE162;23.01.2024;8;1.0;729;44;707;44;22;44
TE162;23.01.2024;9;1.0;829;42;797;42;32;41
TE162;23.01.2024;10;1.0;835;43;808;43;27;43
TE162;23.01.2024;11;1.0;851;41;802;41;49;40
TE162;23.01.2024;12;1.0;913;45;882;45;31;45
TE162;23.01.2024;13;1.0;922;44;891;44;31;41
TE162;23.01.2024;14;1.0;1105;44;1069;44;36;43
TE162;23.01.2024;15;1.0;1180;45;1164;45;16;44
TE162;23.01.2024;16;1.0;1153;44;1138;44;15;46
TE162;23.01.2024;17;1.0;1059;44;1048;44;11;44
TE162;23.01.2024;18;1.0;1038;41;1020;41;18;42
TE162;23.01.2024;19;1.0;858;43;844;43;14;43
TE162;23.01.2024;20;1.0;645;43;633;43;12;44
TE162;23.01.2024;21;1.0;512;48;504;48;8;55
TE162;23.01.2024;22;1.0;543;49;531;49;12;48
TE162;23.01.2024;23;1.0;382;52;377;52;5;51
TE162;24.01.2024;0;1.0;205;61;196;61;9;53
TE162;24.01.2024;1;1.0;132;57;130;57;2;58
TE162;24.01.2024;2;1.0;105;50;104;50;1;46
TE162;24.01.2024;3;1.0;101;47;98;48;3;41
TE162;24.01.2024;4;1.0;150;53;137;53;13;52
TE162;24.01.2024;5;1.0;322;50;312;50;10;49
TE162;24.01.2024;6;1.0;553;48;529;48;24;46
TE162;24.01.2024;7;1.0;783;43;761;43;22;42
TE162;24.01.2024;8;1.0;805;42;775;42;30;40
TE162;24.01.2024;9;1.0;915;44;881;44;34;42
TE162;24.01.2024;10;1.0;884;45;857;45;27;44
TE162;24.01.2024;11;1.0;887;43;851;43;36;42
TE162;24.01.2024;12;1.0;898;43;873;43;25;41
TE162;24.01.2024;13;1.0;985;43;958;43;27;43
TE162;24.01.2024;14;1.0;1152;44;1120;44;32;44
TE162;24.01.2024;15;1.0;1184;44;1162;44;22;42
TE162;24.01.2024;16;1.0;1007;45;1000;45;7;44
TE162;24.01.2024;17;1.0;1108;41;1096;41;12;42
TE162;24.01.2024;18;1.0;904;26;890;27;14;16
TE162;24.01.2024;19;1.0;955;46;937;46;18;46
TE162;24.01.2024;20;1.0;676;48;662;48;14;47
TE162;24.01.2024;21;1.0;566;52;557;52;9;51
TE162;24.01.2024;22;1.0;626;48;617;48;9;48
TE162;24.01.2024;23;1.0;411;46;407;46;4;38
TE162;25.01.2024;0;1.0;272;48;257;48;15;47
TE162;25.01.2024;1;1.0;157;52;156;52;1;53
TE162;25.01.2024;2;1.0;99;49;96;49;3;35
TE162;25.01.2024;3;1.0;110;47;106;47;4;48
TE162;25.01.2024;4;1.0;143;50;126;49;17;48
TE162;25.01.2024;5;1.0;310;42;304;42;6;46
TE162;25.01.2024;6;1.0;541;48;530;49;11;45
TE162;25.01.2024;7;1.0;755;46;738;46;17;46
TE162;25.01.2024;8;1.0;833;45;811;45;22;43
TE162;25.01.2024;9;1.0;880;45;855;45;25;43
TE162;25.01.2024;10;1.0;878;47;850;47;28;47
TE162;25.01.2024;11;1.0;899;49;865;49;34;49
TE162;25.01.2024;12;1.0;933;50;894;50;39;48
TE162;25.01.2024;13;1.0;983;46;933;46;50;45
TE162;25.01.2024;14;1.0;1102;46;1061;46;41;45
TE162;25.01.2024;15;1.0;1165;44;1131;44;34;43
TE162;25.01.2024;16;1.0;1143;46;1128;46;15;50
TE162;25.01.2024;17;1.0;1104;49;1092;49;12;49
TE162;25.01.2024;18;1.0;1101;49;1084;49;17;49
TE162;25.01.2024;19;1.0;912;52;892;52;20;51
TE162;25.01.2024;20;1.0;765;54;747;54;18;53
TE162;25.01.2024;21;1.0;581;55;568;55;13;53
TE162;25.01.2024;22;1.0;647;43;634;43;13;42
TE162;25.01.2024;23;1.0;447;36;440;35;7;42
TE162;26.01.2024;0;1.0;262;45;252;45;10;46
TE162;26.01.2024;1;1.0;178;48;173;48;5;47
TE162;26.01.2024;2;1.0;113;48;110;48;3;48
TE162;26.01.2024;3;1.0;128;50;123;50;5;46
TE162;26.01.2024;4;1.0;152;55;144;55;8;48
TE162;26.01.2024;5;1.0;315;65;304;64;11;62
TE162;26.01.2024;6;1.0;484;59;468;59;16;60
TE162;26.01.2024;7;1.0;727;51;703;51;24;52
TE162;26.01.2024;8;1.0;810;48;787;48;23;46
TE162;26.01.2024;9;1.0;794;50;770;50;24;51
TE162;26.01.2024;10;1.0;754;50;739;50;15;51
TE162;26.01.2024;11;1.0;845;49;819;48;26;49
TE162;26.01.2024;12;1.0;800;44;763;44;36;46
TE162;26.01.2024;13;1.0;982;45;964;45;18;44
TE162;26.01.2024;14;1.0;1074;45;1067;45;7;46
TE162;26.01.2024;15;1.0;1085;42;1064;42;21;38
TE162;26.01.2024;16;1.0;1098;45;1093;45;5;44
TE162;26.01.2024;17;1.0;1018;43;1004;43;14;45
TE162;26.01.2024;18;1.0;970;45;958;45;12;44
TE162;26.01.2024;19;1.0;860;46;845;46;15;46
TE162;26.01.2024;20;1.0;712;47;701;46;11;46
TE162;26.01.2024;21;1.0;630;46;619;46;11;46
TE162;26.01.2024;22;1.0;722;45;705;46;17;44
TE162;26.01.2024;23;1.0;572;48;566;48;6;47
TE162;27.01.2024;0;1.0;399;48;384;48;15;46
TE162;27.01.2024;1;1.0;302;48;298;48;4;46
TE162;27.01.2024;2;1.0;275;48;273;48;2;53
TE162;27.01.2024;3;1.0;223;49;217;49;6;46
TE162;27.01.2024;4;1.0;183;51;180;52;3;50
TE162;27.01.2024;5;1.0;250;49;239;49;11;50
TE162;27.01.2024;6;1.0;221;53;215;53;6;54
TE162;27.01.2024;7;1.0;261;50;258;50;3;51
TE162;27.01.2024;8;1.0;360;52;354;52;6;55
TE162;27.01.2024;9;1.0;553;51;535;51;18;54
TE162;27.01.2024;10;1.0;684;53;670;52;14;54
TE162;27.01.2024;11;1.0;785;51;774;51;11;49
TE162;27.01.2024;12;1.0;806;52;802;52;4;54
TE162;27.01.2024;13;1.0;906;50;897;50;9;51
TE162;27.01.2024;14;1.0;1018;45;1000;45;18;48
TE162;27.01.2024;15;1.0;910;44;899;44;11;44
TE162;27.01.2024;16;1.0;945;44;935;44;10;45
TE162;27.01.2024;17;1.0;1017;43;1007;43;10;42
TE162;27.01.2024;18;1.0;963;40;960;40;3;42
TE162;27.01.2024;19;1.0;802;42;793;42;9;41
TE162;27.01.2024;20;1.0;676;43;671;43;5;42
TE162;27.01.2024;21;1.0;677;43;672;43;5;41
TE162;27.01.2024;22;1.0;737;44;733;44;4;38
TE162;27.01.2024;23;1.0;561;44;554;44;7;41
TE162;28.01.2024;0;1.0;448;46;437;46;11;46
TE162;28.01.2024;1;1.0;340;47;331;47;9;41
TE162;28.01.2024;2;1.0;295;46;294;46;1;35
TE162;28.01.2024;3;1.0;220;46;216;46;4;46
TE162;28.01.2024;4;1.0;201;50;189;51;12;46
TE162;28.01.2024;5;1.0;223;51;217;51;6;48
TE162;28.01.2024;6;1.0;214;52;209;52;5;50
TE162;28.01.2024;7;1.0;185;49;183;49;2;52
TE162;28.01.2024;8;1.0;225;49;221;49;4;49
TE162;28.01.2024;9;1.0;371;47;369;47;2;52
TE162;28.01.2024;10;1.0;500;45;496;45;4;50
TE162;28.01.2024;11;1.0;610;43;604;43;6;41
TE162;28.01.2024;12;1.0;689;42;682;42;7;42
TE162;28.01.2024;13;1.0;813;42;809;42;4;43
TE162;28.01.2024;14;1.0;893;37;884;37;9;39
TE162;28.01.2024;15;1.0;870;37;866;37;4;35
TE162;28.01.2024;16;1.0;918;36;910;36;8;36
TE162;28.01.2024;17;1.0;901;37;899;38;2;32
TE162;28.01.2024;18;1.0;869;38;868;38;1;29
TE162;28.01.2024;19;1.0;669;40;666;40;3;38
TE162;28.01.2024;20;1.0;575;44;572;44;3;40
TE162;28.01.2024;21;1.0;455;43;448;43;7;42
TE162;28.01.2024;22;1.0;461;44;453;44;8;42
TE162;28.01.2024;23;1.0;303;44;301;44;2;45
TE162;29.01.2024;0;1.0;201;48;192;48;9;48
TE162;29.01.2024;1;1.0;163;50;158;51;5;47
TE162;29.01.2024;2;1.0;95;51;92;51;3;47
TE162;29.01.2024;3;1.0;105;46;100;46;5;45
TE162;29.01.2024;4;1.0;129;49;116;49;13;47
TE162;29.01.2024;5;1.0;274;49;268;49;6;45
TE162;29.01.2024;6;1.0;510;47;493;47;17;48
TE162;29.01.2024;7;1.0;742;44;722;44;20;43
TE162;29.01.2024;8;1.0;820;45;783;45;37;45
TE162;29.01.2024;9;1.0;808;43;784;43;24;39
TE162;29.01.2024;10;1.0;888;40;857;40;31;40
TE162;29.01.2024;11;1.0;906;41;865;41;41;41
TE162;29.01.2024;12;1.0;875;41;835;41;40;40
TE162;29.01.2024;13;1.0;946;42;914;42;32;41
TE162;29.01.2024;14;1.0;1060;42;1037;42;23;41
TE162;29.01.2024;15;1.0;1163;40;1131;40;32;39
TE162;29.01.2024;16;1.0;1154;41;1137;41;17;43
TE162;29.01.2024;17;1.0;1069;40;1061;40;8;44
TE162;29.01.2024;18;1.0;982;43;972;43;10;43
TE162;29.01.2024;19;1.0;787;42;776;42;11;40
TE162;29.01.2024;20;1.0;580;41;568;41;12;41
TE162;29.01.2024;21;1.0;451;42;441;42;10;44
TE162;29.01.2024;22;1.0;472;44;464;44;8;42
TE162;29.01.2024;23;1.0;317;47;314;47;3;46
TE162;30.01.2024;0;1.0;194;49;179;49;15;45
TE162;30.01.2024;1;1.0;126;48;122;48;4;50
TE162;30.01.2024;2;1.0;102;46;101;46;1;45
TE162;30.01.2024;3;1.0;103;50;94;49;9;52
TE162;30.01.2024;4;1.0;120;52;108;52;12;50
TE162;30.01.2024;5;1.0;278;49;269;49;9;50
TE162;30.01.2024;6;1.0;504;47;492;47;12;49
TE162;30.01.2024;7;1.0;743;45;723;45;20;44
TE162;30.01.2024;8;1.0;840;43;800;43;40;42
TE162;30.01.2024;9;1.0;814;43;785;43;29;43
TE162;30.01.2024;10;1.0;843;40;809;40;34;41
TE162;30.01.2024;11;1.0;861;37;814;37;47;36
TE162;30.01.2024;12;1.0;935;40;885;40;50;39
TE162;30.01.2024;13;1.0;931;43;899;43;32;42
TE162;30.01.2024;14;1.0;1075;43;1041;43;34;43
TE162;30.01.2024;15;1.0;1223;40;1171;40;52;37
TE162;30.01.2024;16;1.0;1117;43;1104;43;13;41
TE162;30.01.2024;17;1.0;1107;43;1099;43;8;43
TE162;30.01.2024;18;1.0;1017;45;1010;45;7;42
TE162;30.01.2024;19;1.0;865;46;850;46;15;46
TE162;30.01.2024;20;1.0;639;47;627;47;12;46
TE162;30.01.2024;21;1.0;526;46;510;46;16;46
TE162;30.01.2024;22;1.0;598;41;585;41;14;36
TE162;30.01.2024;23;1.0;377;44;374;44;3;45
TE162;31.01.2024;0;1.0;219;40;207;40;12;40
TE162;31.01.2024;1;1.0;158;52;151;52;7;49
TE162;31.01.2024;2;1.0;116;37;113;37;2;46
TE162;31.01.2024;3;1.0;113;49;103;48;10;51
TE162;31.01.2024;4;1.0;123;52;107;53;16;49
TE162;31.01.2024;5;1.0;248;48;235;48;13;49
TE162;31.01.2024;6;1.0;479;58;470;58;9;59
TE162;31.01.2024;7;1.0;695;52;677;52;18;50
TE162;31.01.2024;8;1.0;848;49;827;49;21;50
TE162;31.01.2024;9;1.0;803;46;771;46;32;46
TE162;31.01.2024;10;1.0;830;47;784;47;46;47
TE162;31.01.2024;11;1.0;900;45;855;45;45;45
TE162;31.01.2024;12;1.0;882;40;830;40;52;41
TE162;31.01.2024;13;1.0;886;45;848;45;38;46
TE162;31.01.2024;14;1.0;1074;49;1044;49;30;48
TE162;31.01.2024;15;1.0;1118;51;1080;51;38;51
TE162;31.01.2024;16;1.0;1197;49;1175;49;22;52
TE162;31.01.2024;17;1.0;1135;51;1096;51;39;53
TE162;31.01.2024;18;1.0;1000;54;985;54;15;56
TE162;31.01.2024;19;1.0;807;54;785;54;22;56
TE162;31.01.2024;20;1.0;670;57;653;57;17;58
TE162;31.01.2024;21;1.0;520;57;506;57;14;59
TE162;31.01.2024;22;1.0;587;57;578;57;9;58
TE162;31.01.2024;23;1.0;407;56;399;56;8;60
TE169;01.01.2024;0;1.0;74;34;70;35;4;30
TE169;01.01.2024;1;1.0;178;36;178;36;0;-1
TE169;01.01.2024;2;1.0;164;41;161;41;3;37
TE169;01.01.2024;3;1.0;130;36;128;36;1;38
TE169;01.01.2024;4;1.0;89;39;88;39;1;39
TE169;01.01.2024;5;1.0;79;36;79;36;0;-1
TE169;01.01.2024;6;1.0;49;37;49;37;0;-1
TE169;01.01.2024;7;1.0;32;43;29;44;3;40
TE169;01.01.2024;8;1.0;48;38;44;39;4;30
TE169;01.01.2024;9;1.0;56;48;53;49;3;41
TE169;01.01.2024;10;1.0;92;48;88;49;4;45
TE169;01.01.2024;11;1.0;133;47;128;47;5;44
TE169;01.01.2024;12;1.0;163;47;158;47;5;43
TE169;01.01.2024;13;1.0;178;48;177;48;1;43
TE169;01.01.2024;14;1.0;234;47;231;47;3;45
TE169;01.01.2024;15;1.0;228;48;224;48;4;48
TE169;01.01.2024;16;1.0;226;48;225;48;1;46
TE169;01.01.2024;17;1.0;228;47;224;47;4;42
TE169;01.01.2024;18;1.0;220;46;218;46;2;44
TE169;01.01.2024;19;1.0;176;46;171;46;5;43
TE169;01.01.2024;20;1.0;164;44;161;44;3;43
TE169;01.01.2024;21;1.0;133;44;129;44;4;41
TE169;01.01.2024;22;1.0;104;38;98;38;6;34
TE169;01.01.2024;23;1.0;69;40;67;40;2;40
TE169;02.01.2024;0;1.0;53;36;49;37;4;25
TE169;02.01.2024;1;1.0;43;37;43;37;0;-1
TE169;02.01.2024;2;1.0;24;42;24;42;0;-1
TE169;02.01.2024;3;1.0;19;44;19;44;0;-1
TE169;02.01.2024;4;1.0;55;38;52;38;3;34
TE169;02.01.2024;5;1.0;157;33;155;33;2;40
TE169;02.01.2024;6;1.0;236;37;228;37;8;48
TE169;02.01.2024;7;1.0;328;36;307;36;21;35
TE169;02.01.2024;8;1.0;342;44;328;44;14;42
TE169;02.01.2024;9;1.0;354;43;343;43;11;43
TE169;02.01.2024;10;1.0;342;45;334;45;8;44
TE169;02.01.2024;11;1.0;363;46;356;46;7;45
TE169;02.01.2024;12;1.0;376;44;374;44;2;46
TE169;02.01.2024;13;1.0;356;45;345;46;11;44
TE169;02.01.2024;14;1.0;442;46;432;46;10;46
TE169;02.01.2024;15;1.0;433;44;428;44;5;45
TE169;02.01.2024;16;1.0;413;41;406;41;7;49
TE169;02.01.2024;17;1.0;343;42;336;42;7;46
TE169;02.01.2024;18;1.0;306;42;299;42;7;44
TE169;02.01.2024;19;1.0;198;45;191;45;7;47
TE169;02.01.2024;20;1.0;209;43;204;43;5;43
TE169;02.01.2024;21;1.0;141;44;139;44;2;30
TE169;02.01.2024;22;1.0;103;39;96;40;7;36
TE169;02.01.2024;23;1.0;71;35;67;35;4;37
TE169;03.01.2024;0;1.0;62;34;60;34;2;34
TE169;03.01.2024;1;1.0;36;41;36;41;0;-1
TE169;03.01.2024;2;1.0;25;42;24;42;1;47
TE169;03.01.2024;3;1.0;31;38;31;38;0;-1
TE169;03.01.2024;4;1.0;60;38;58;38;2;32
TE169;03.01.2024;5;1.0;151;36;147;36;4;24
TE169;03.01.2024;6;1.0;248;47;234;48;14;46
TE169;03.01.2024;7;1.0;325;40;310;40;16;37
TE169;03.01.2024;8;1.0;334;41;309;41;25;39
TE169;03.01.2024;9;1.0;374;45;344;45;30;43
TE169;03.01.2024;10;1.0;354;43;320;43;34;43
TE169;03.01.2024;11;1.0;423;44;402;44;21;41
TE169;03.01.2024;12;1.0;413;43;386;44;27;42
TE169;03.01.2024;13;1.0;444;43;423;43;21;41
TE169;03.01.2024;14;1.0;509;44;494;44;15;43
TE169;03.01.2024;15;1.0;465;43;450;42;15;42
TE169;03.01.2024;16;1.0;524;43;516;43;8;41
TE169;03.01.2024;17;1.0;428;42;422;42;6;33
TE169;03.01.2024;18;1.0;343;41;329;41;14;41
TE169;03.01.2024;19;1.0;229;41;221;41;8;34
TE169;03.01.2024;20;1.0;184;43;174;43;10;42
TE169;03.01.2024;21;1.0;161;45;156;45;5;49
TE169;03.01.2024;22;1.0;138;42;134;42;4;38
TE169;03.01.2024;23;1.0;87;44;83;44;4;40
TE169;04.01.2024;0;1.0;71;43;69;43;2;42
TE169;04.01.2024;1;1.0;46;36;46;36;0;-1
TE169;04.01.2024;2;1.0;39;40;39;40;0;-1
TE169;04.01.2024;3;1.0;32;45;32;45;0;-1
TE169;04.01.2024;4;1.0;53;43;52;43;1;39
TE169;04.01.2024;5;1.0;192;42;191;42;1;40
TE169;04.01.2024;6;1.0;233;46;224;46;9;44
TE169;04.01.2024;7;1.0;296;40;289;40;7;41
TE169;04.01.2024;8;1.0;373;34;359;34;15;33
TE169;04.01.2024;9;1.0;391;37;363;38;28;39
TE169;04.01.2024;10;1.0;361;44;330;44;31;44
TE169;04.01.2024;11;1.0;405;42;384;42;21;40
TE169;04.01.2024;12;1.0;398;44;387;44;11;41
TE169;04.01.2024;13;1.0;417;39;403;39;14;32
TE169;04.01.2024;14;1.0;490;42;464;41;26;43
TE169;04.01.2024;15;1.0;484;41;464;41;20;41
TE169;04.01.2024;16;1.0;479;44;470;44;9;41
TE169;04.01.2024;17;1.0;440;43;427;43;13;42
TE169;04.01.2024;18;1.0;361;44;352;44;9;40
TE169;04.01.2024;19;1.0;260;46;255;46;5;43
TE169;04.01.2024;20;1.0;227;42;222;42;5;45
TE169;04.01.2024;21;1.0;159;41;155;41;4;43
TE169;04.01.2024;22;1.0;149;43;148;42;1;42
TE169;04.01.2024;23;1.0;79;41;76;41;3;40
TE169;05.01.2024;0;1.0;76;42;75;42;1;40
TE169;05.01.2024;1;1.0;31;43;30;43;1;45
TE169;05.01.2024;2;1.0;33;43;32;43;1;32
TE169;05.01.2024;3;1.0;37;42;34;42;3;39
TE169;05.01.2024;4;1.0;58;42;56;42;2;43
TE169;05.01.2024;5;1.0;154;34;142;34;12;34
TE169;05.01.2024;6;1.0;256;40;240;40;16;40
TE169;05.01.2024;7;1.0;308;44;295;43;13;44
TE169;05.01.2024;8;1.0;323;45;311;45;12;44
TE169;05.01.2024;9;1.0;357;44;342;44;15;42
TE169;05.01.2024;10;1.0;355;45;342;45;13;44
TE169;05.01.2024;11;1.0;384;48;368;48;16;47
TE169;05.01.2024;12;1.0;406;39;389;40;17;39
TE169;05.01.2024;13;1.0;492;40;474;40;19;39
TE169;05.01.2024;14;1.0;535;43;514;43;21;41
TE169;05.01.2024;15;1.0;432;45;416;45;16;43
TE169;05.01.2024;16;1.0;390;40;365;40;25;35
TE169;05.01.2024;17;1.0;381;44;370;44;11;44
TE169;05.01.2024;18;1.0;344;48;339;48;5;46
TE169;05.01.2024;19;1.0;243;50;236;50;7;47
TE169;05.01.2024;20;1.0;234;47;232;47;2;46
TE169;05.01.2024;21;1.0;188;51;184;50;4;52
TE169;05.01.2024;22;1.0;152;42;148;42;4;38
TE169;05.01.2024;23;1.0;95;42;94;43;1;37
TE169;06.01.2024;0;1.0;64;44;61;44;3;38
TE169;06.01.2024;1;1.0;62;46;60;46;2;42
TE169;06.01.2024;2;1.0;40;40;40;40;0;-1
TE169;06.01.2024;3;1.0;34;43;34;43;0;-1
TE169;06.01.2024;4;1.0;39;39;39;39;0;-1
TE169;06.01.2024;5;1.0;60;43;59;43;1;45
TE169;06.01.2024;6;1.0;69;44;64;44;5;46
TE169;06.01.2024;7;1.0;102;43;97;43;4;46
TE169;06.01.2024;8;1.0;150;46;145;46;5;41
TE169;06.01.2024;9;1.0;215;47;208;47;7;47
TE169;06.01.2024;10;1.0;260;45;254;45;6;47
TE169;06.01.2024;11;1.0;346;47;339;47;7;46
TE169;06.01.2024;12;1.0;369;46;364;46;5;46
TE169;06.01.2024;13;1.0;443;45;435;45;8;45
TE169;06.01.2024;14;1.0;423;46;412;46;11;46
TE169;06.01.2024;15;1.0;353;45;349;45;4;43
TE169;06.01.2024;16;1.0;353;41;342;41;11;41
TE169;06.01.2024;17;1.0;298;44;294;44;4;44
TE169;06.01.2024;18;1.0;326;43;311;43;15;45
TE169;06.01.2024;19;1.0;286;42;278;42;7;46
TE169;06.01.2024;20;1.0;249;42;246;42;3;48
TE169;06.01.2024;21;1.0;205;43;203;43;2;44
TE169;06.01.2024;22;1.0;160;41;155;41;5;40
TE169;06.01.2024;23;1.0;125;44;124;44;1;41
TE169;07.01.2024;0;1.0;114;42;110;42;4;40
TE169;07.01.2024;1;1.0;66;42;66;42;0;-1
TE169;07.01.2024;2;1.0;41;45;41;45;0;-1
TE169;07.01.2024;3;1.0;36;42;36;42;0;-1
TE169;07.01.2024;4;1.0;38;41;38;41;0;-1
TE169;07.01.2024;5;1.0;55;45;54;45;1;35
TE169;07.01.2024;6;1.0;52;48;52;48;0;-1
TE169;07.01.2024;7;1.0;61;49;61;49;0;-1
TE169;07.01.2024;8;1.0;62;48;61;48;1;44
TE169;07.01.2024;9;1.0;150;46;146;46;4;48
TE169;07.01.2024;10;1.0;154;48;152;48;2;51
TE169;07.01.2024;11;1.0;206;45;204;45;2;47
TE169;07.01.2024;12;1.0;264;47;257;47;7;42
TE169;07.01.2024;13;1.0;269;45;264;45;4;48
TE169;07.01.2024;14;1.0;324;44;320;44;4;50
TE169;07.01.2024;15;1.0;289;47;285;47;4;52
TE169;07.01.2024;16;1.0;310;48;308;48;2;46
TE169;07.01.2024;17;1.0;270;46;267;46;3;48
TE169;07.01.2024;18;1.0;319;45;317;46;2;42
TE169;07.01.2024;19;1.0;213;47;208;47;5;46
TE169;07.01.2024;20;1.0;188;48;185;48;3;47
TE169;07.01.2024;21;1.0;170;43;168;43;2;34
TE169;07.01.2024;22;1.0;110;39;105;39;5;38
TE169;07.01.2024;23;1.0;83;39;76;40;7;36
TE169;08.01.2024;0;1.0;39;39;38;38;1;60
TE169;08.01.2024;1;1.0;35;43;34;43;1;46
TE169;08.01.2024;2;1.0;27;35;26;34;1;61
TE169;08.01.2024;3;1.0;19;37;19;37;0;-1
TE169;08.01.2024;4;1.0;72;38;69;38;3;39
TE169;08.01.2024;5;1.0;202;36;195;37;6;41
TE169;08.01.2024;6;1.0;312;41;302;41;10;38
TE169;08.01.2024;7;1.0;398;39;389;39;9;37
TE169;08.01.2024;8;1.0;443;42;430;42;13;39
TE169;08.01.2024;9;1.0;357;42;344;42;13;39
TE169;08.01.2024;10;1.0;357;44;346;44;11;42
TE169;08.01.2024;11;1.0;358;43;344;43;14;42
TE169;08.01.2024;12;1.0;417;42;399;41;18;40
TE169;08.01.2024;13;1.0;420;42;403;42;17;39
TE169;08.01.2024;14;1.0;512;42;502;42;10;41
TE169;08.01.2024;15;1.0;547;43;538;43;9;42
TE169;08.01.2024;16;1.0;487;37;475;37;12;34
TE169;08.01.2024;17;1.0;480;41;470;41;10;40
TE169;08.01.2024;18;1.0;402;41;388;41;14;37
TE169;08.01.2024;19;1.0;301;43;295;43;6;40
TE169;08.01.2024;20;1.0;210;45;205;45;5;44
TE169;08.01.2024;21;1.0;198;41;194;41;4;41
TE169;08.01.2024;22;1.0;146;42;142;42;4;39
TE169;08.01.2024;23;1.0;78;41;73;41;5;37
TE169;09.01.2024;0;1.0;41;41;39;41;2;43
TE169;09.01.2024;1;1.0;37;34;37;34;0;-1
TE169;09.01.2024;2;1.0;23;35;23;35;0;-1
TE169;09.01.2024;3;1.0;20;38;19;37;1;47
TE169;09.01.2024;4;1.0;53;40;52;40;1;40
TE169;09.01.2024;5;1.0;192;36;190;36;2;38
TE169;09.01.2024;6;1.0;311;41;297;41;14;43
TE169;09.01.2024;7;1.0;417;40;397;40;20;42
TE169;09.01.2024;8;1.0;486;40;472;40;14;43
TE169;09.01.2024;9;1.0;441;41;423;41;18;41
TE169;09.01.2024;10;1.0;396;43;377;43;19;43
TE169;09.01.2024;11;1.0;478;42;453;42;25;43
TE169;09.01.2024;12;1.0;443;43;420;43;23;43
TE169;09.01.2024;13;1.0;542;42;526;42;16;40
TE169;09.01.2024;14;1.0;676;41;659;41;17;40
TE169;09.01.2024;15;1.0;609;42;584;42;25;41
TE169;09.01.2024;16;1.0;527;41;512;41;15;41
TE169;09.01.2024;17;1.0;421;40;398;40;23;36
TE169;09.01.2024;18;1.0;399;40;387;40;12;37
TE169;09.01.2024;19;1.0;246;42;238;43;8;38
TE169;09.01.2024;20;1.0;235;44;223;44;12;42
TE169;09.01.2024;21;1.0;180;45;177;45;3;44
TE169;09.01.2024;22;1.0;135;41;132;41;3;41
TE169;09.01.2024;23;1.0;74;37;74;37;0;-1
TE169;10.01.2024;0;1.0;54;38;51;37;3;47
TE169;10.01.2024;1;1.0;37;36;36;36;1;41
TE169;10.01.2024;2;1.0;20;38;20;38;0;-1
TE169;10.01.2024;3;1.0;25;37;24;37;1;35
TE169;10.01.2024;4;1.0;57;42;54;42;3;42
TE169;10.01.2024;5;1.0;197;38;196;38;1;40
TE169;10.01.2024;6;1.0;298;44;290;44;8;45
TE169;10.01.2024;7;1.0;441;41;431;41;10;42
TE169;10.01.2024;8;1.0;553;43;544;43;9;46
TE169;10.01.2024;9;1.0;413;43;403;43;10;43
TE169;10.01.2024;10;1.0;401;42;377;43;24;42
TE169;10.01.2024;11;1.0;466;44;442;44;24;44
TE169;10.01.2024;12;1.0;462;43;443;43;19;43
TE169;10.01.2024;13;1.0;452;40;442;40;11;39
TE169;10.01.2024;14;1.0;624;41;608;41;16;39
TE169;10.01.2024;15;1.0;590;34;558;34;32;32
TE169;10.01.2024;16;1.0;528;37;520;37;8;40
TE169;10.01.2024;17;1.0;458;43;446;43;12;40
TE169;10.01.2024;18;1.0;401;43;382;43;19;45
TE169;10.01.2024;19;1.0;286;43;281;43;5;42
TE169;10.01.2024;20;1.0;231;34;220;34;11;37
TE169;10.01.2024;21;1.0;216;39;212;39;4;38
TE169;10.01.2024;22;1.0;176;39;172;39;4;38
TE169;10.01.2024;23;1.0;86;37;86;37;0;-1
TE169;11.01.2024;0;1.0;49;39;45;38;4;43
TE169;11.01.2024;1;1.0;28;37;28;37;0;-1
TE169;11.01.2024;2;1.0;26;40;26;40;0;-1
TE169;11.01.2024;3;1.0;17;42;17;42;0;-1
TE169;11.01.2024;4;1.0;63;45;61;45;2;40
TE169;11.01.2024;5;1.0;168;46;166;46;2;37
TE169;11.01.2024;6;1.0;273;52;269;52;4;49
TE169;11.01.2024;7;1.0;380;45;372;45;7;49
TE169;11.01.2024;8;1.0;452;45;438;44;15;44
TE169;11.01.2024;9;1.0;384;41;375;41;10;40
TE169;11.01.2024;10;1.0;360;47;352;47;8;46
TE169;11.01.2024;11;1.0;418;43;411;43;6;46
TE169;11.01.2024;12;1.0;402;48;395;48;7;47
TE169;11.01.2024;13;1.0;437;42;428;42;9;44
TE169;11.01.2024;14;1.0;527;43;513;43;14;44
TE169;11.01.2024;15;1.0;543;40;538;40;5;45
TE169;11.01.2024;16;1.0;466;36;461;36;5;34
TE169;11.01.2024;17;1.0;402;42;388;42;14;45
TE169;11.01.2024;18;1.0;375;46;367;46;8;45
TE169;11.01.2024;19;1.0;251;43;241;43;10;45
TE169;11.01.2024;20;1.0;218;43;212;43;6;44
TE169;11.01.2024;21;1.0;157;43;152;43;5;47
TE169;11.01.2024;22;1.0;140;33;139;33;1;34
TE169;11.01.2024;23;1.0;96;43;93;43;3;37
TE169;12.01.2024;0;1.0;52;43;49;43;3;44
TE169;12.01.2024;1;1.0;41;44;41;44;0;-1
TE169;12.01.2024;2;1.0;34;43;34;43;0;-1
TE169;12.01.2024;3;1.0;34;46;32;46;2;46
TE169;12.01.2024;4;1.0;78;41;77;41;1;39
TE169;12.01.2024;5;1.0;166;44;162;44;4;45
TE169;12.01.2024;6;1.0;253;49;247;49;6;48
TE169;12.01.2024;7;1.0;403;48;392;48;11;46
TE169;12.01.2024;8;1.0;410;39;403;39;6;38
TE169;12.01.2024;9;1.0;395;42;385;42;10;38
TE169;12.01.2024;10;1.0;370;41;357;41;13;42
TE169;12.01.2024;11;1.0;367;38;355;38;14;35
TE169;12.01.2024;12;1.0;393;42;387;42;6;44
TE169;12.01.2024;13;1.0;484;46;476;46;8;44
TE169;12.01.2024;14;1.0;489;45;484;45;5;44
TE169;12.01.2024;15;1.0;457;45;447;45;10;42
TE169;12.01.2024;16;1.0;438;45;431;45;7;44
TE169;12.01.2024;17;1.0;393;46;384;46;9;44
TE169;12.01.2024;18;1.0;361;46;351;46;10;46
TE169;12.01.2024;19;1.0;262;47;254;47;8;45
TE169;12.01.2024;20;1.0;199;45;194;45;5;46
TE169;12.01.2024;21;1.0;214;46;207;46;7;45
TE169;12.01.2024;22;1.0;159;45;153;45;6;42
TE169;12.01.2024;23;1.0;115;43;113;43;2;43
TE169;13.01.2024;0;1.0;101;42;97;43;4;42
TE169;13.01.2024;1;1.0;64;40;63;40;1;37
TE169;13.01.2024;2;1.0;41;42;40;42;1;44
TE169;13.01.2024;3;1.0;36;42;35;42;1;44
TE169;13.01.2024;4;1.0;42;42;41;41;1;44
TE169;13.01.2024;5;1.0;66;42;62;42;4;44
TE169;13.01.2024;6;1.0;89;42;79;43;8;45
TE169;13.01.2024;7;1.0;102;43;99;43;3;40
TE169;13.01.2024;8;1.0;171;45;165;44;6;47
TE169;13.01.2024;9;1.0;219;43;215;43;4;46
TE169;13.01.2024;10;1.0;318;44;306;44;11;44
TE169;13.01.2024;11;1.0;401;44;394;44;7;40
TE169;13.01.2024;12;1.0;418;45;410;45;8;46
TE169;13.01.2024;13;1.0;421;46;418;46;3;44
TE169;13.01.2024;14;1.0;425;45;419;45;6;45
TE169;13.01.2024;15;1.0;389;46;381;46;8;46
TE169;13.01.2024;16;1.0;379;45;372;45;7;40
TE169;13.01.2024;17;1.0;395;45;388;45;7;45
TE169;13.01.2024;18;1.0;310;44;301;44;9;44
TE169;13.01.2024;19;1.0;279;45;268;45;11;46
TE169;13.01.2024;20;1.0;253;46;248;46;5;46
TE169;13.01.2024;21;1.0;219;43;213;43;6;44
TE169;13.01.2024;22;1.0;171;44;167;44;4;46
TE169;13.01.2024;23;1.0;139;42;136;42;3;47
TE169;14.01.2024;0;1.0;96;42;93;42;3;39
TE169;14.01.2024;1;1.0;54;46;53;46;1;35
TE169;14.01.2024;2;1.0;53;41;53;41;0;-1
TE169;14.01.2024;3;1.0;35;46;34;46;1;46
TE169;14.01.2024;4;1.0;38;37;38;37;0;-1
TE169;14.01.2024;5;1.0;49;37;49;37;0;-1
TE169;14.01.2024;6;1.0;52;44;51;44;1;37
TE169;14.01.2024;7;1.0;49;48;47;48;2;52
TE169;14.01.2024;8;1.0;76;47;73;47;2;40
TE169;14.01.2024;9;1.0;131;51;129;51;2;51
TE169;14.01.2024;10;1.0;172;50;168;50;4;48
TE169;14.01.2024;11;1.0;208;49;205;49;3;41
TE169;14.01.2024;12;1.0;268;48;266;48;2;49
TE169;14.01.2024;13;1.0;278;49;277;49;1;47
TE169;14.01.2024;14;1.0;311;49;306;49;5;51
TE169;14.01.2024;15;1.0;312;47;309;47;3;47
TE169;14.01.2024;16;1.0;299;47;291;47;8;48
TE169;14.01.2024;17;1.0;265;50;262;50;3;48
TE169;14.01.2024;18;1.0;264;48;256;48;8;46
TE169;14.01.2024;19;1.0;246;48;242;48;4;46
TE169;14.01.2024;20;1.0;172;48;169;48;3;47
TE169;14.01.2024;21;1.0;157;49;155;49;2;47
TE169;14.01.2024;22;1.0;137;46;136;46;1;42
TE169;14.01.2024;23;1.0;70;42;65;43;5;39
TE169;15.01.2024;0;1.0;64;46;61;46;3;42
TE169;15.01.2024;1;1.0;39;44;39;44;0;-1
TE169;15.01.2024;2;1.0;28;46;28;46;0;-1
TE169;15.01.2024;3;1.0;38;38;37;38;1;43
TE169;15.01.2024;4;1.0;68;42;67;42;1;38
TE169;15.01.2024;5;1.0;202;38;196;39;5;43
TE169;15.01.2024;6;1.0;318;44;306;44;12;42
TE169;15.01.2024;7;1.0;463;42;449;42;14;39
TE169;15.01.2024;8;1.0;469;41;444;41;25;38
TE169;15.01.2024;9;1.0;420;43;394;43;26;41
TE169;15.01.2024;10;1.0;384;42;355;43;29;41
TE169;15.01.2024;11;1.0;413;46;398;46;15;46
TE169;15.01.2024;12;1.0;428;39;412;39;16;39
TE169;15.01.2024;13;1.0;404;44;395;44;9;43
TE169;15.01.2024;14;1.0;487;44;473;44;14;42
TE169;15.01.2024;15;1.0;531;47;518;47;13;47
TE169;15.01.2024;16;1.0;734;41;715;41;19;41
TE169;15.01.2024;17;1.0;733;42;713;42;20;41
TE169;15.01.2024;18;1.0;508;43;500;43;8;42
TE169;15.01.2024;19;1.0;311;44;304;44;7;43
TE169;15.01.2024;20;1.0;225;48;219;48;6;43
TE169;15.01.2024;21;1.0;165;47;162;47;3;46
TE169;15.01.2024;22;1.0;132;44;127;44;5;45
TE169;15.01.2024;23;1.0;88;43;83;44;5;42
TE169;16.01.2024;0;1.0;62;40;61;40;1;42
TE169;16.01.2024;1;1.0;29;44;29;44;0;-1
TE169;16.01.2024;2;1.0;17;39;17;39;0;-1
TE169;16.01.2024;3;1.0;32;40;32;40;0;-1
TE169;16.01.2024;4;1.0;70;39;68;39;2;34
TE169;16.01.2024;5;1.0;174;39;172;40;2;34
TE169;16.01.2024;6;1.0;321;43;308;43;13;40
TE169;16.01.2024;7;1.0;400;42;390;42;10;42
TE169;16.01.2024;8;1.0;456;40;441;40;15;41
TE169;16.01.2024;9;1.0;449;44;434;44;15;45
TE169;16.01.2024;10;1.0;387;43;377;43;10;42
TE169;16.01.2024;11;1.0;429;42;413;42;16;40
TE169;16.01.2024;12;1.0;449;42;438;42;11;42
TE169;16.01.2024;13;1.0;433;42;421;42;12;42
TE169;16.01.2024;14;1.0;498;42;480;42;18;39
TE169;16.01.2024;15;1.0;533;45;516;45;17;44
TE169;16.01.2024;16;1.0;485;43;478;43;7;42
TE169;16.01.2024;17;1.0;378;44;368;44;10;43
TE169;16.01.2024;18;1.0;374;44;368;44;6;46
TE169;16.01.2024;19;1.0;297;44;287;44;10;43
TE169;16.01.2024;20;1.0;235;46;226;46;9;43
TE169;16.01.2024;21;1.0;160;45;157;46;3;42
TE169;16.01.2024;22;1.0;126;42;124;43;2;38
TE169;16.01.2024;23;1.0;73;41;73;41;0;-1
TE169;17.01.2024;0;1.0;41;36;40;36;1;42
TE169;17.01.2024;1;1.0;37;31;37;31;0;-1
TE169;17.01.2024;2;1.0;28;31;28;31;0;-1
TE169;17.01.2024;3;1.0;29;39;25;38;4;41
TE169;17.01.2024;4;1.0;49;40;48;40;1;36
TE169;17.01.2024;5;1.0;183;34;177;34;6;30
TE169;17.01.2024;6;1.0;283;40;277;40;6;40
TE169;17.01.2024;7;1.0;400;44;393;44;7;44
TE169;17.01.2024;8;1.0;508;42;498;43;10;42
TE169;17.01.2024;9;1.0;406;41;382;41;24;41
TE169;17.01.2024;10;1.0;412;43;396;43;16;43
TE169;17.01.2024;11;1.0;383;44;367;44;16;44
TE169;17.01.2024;12;1.0;452;41;431;41;21;39
TE169;17.01.2024;13;1.0;483;38;467;38;16;36
TE169;17.01.2024;14;1.0;532;44;526;44;6;44
TE169;17.01.2024;15;1.0;527;44;513;44;14;40
TE169;17.01.2024;16;1.0;504;45;494;45;10;45
TE169;17.01.2024;17;1.0;431;45;419;45;12;45
TE169;17.01.2024;18;1.0;382;45;377;45;5;42
TE169;17.01.2024;19;1.0;264;46;255;46;9;42
TE169;17.01.2024;20;1.0;219;41;218;41;1;39
TE169;17.01.2024;21;1.0;171;40;166;40;5;41
TE169;17.01.2024;22;1.0;152;43;150;43;2;44
TE169;17.01.2024;23;1.0;77;44;76;44;1;44
TE169;18.01.2024;0;1.0;47;42;45;42;2;38
TE169;18.01.2024;1;1.0;41;40;40;40;1;46
TE169;18.01.2024;2;1.0;38;43;38;43;0;-1
TE169;18.01.2024;3;1.0;37;46;35;46;2;45
TE169;18.01.2024;4;1.0;72;46;70;46;2;47
TE169;18.01.2024;5;1.0;190;42;187;42;3;41
TE169;18.01.2024;6;1.0;273;46;267;46;6;48
TE169;18.01.2024;7;1.0;411;45;397;45;14;40
TE169;18.01.2024;8;1.0;479;44;469;44;10;40
TE169;18.01.2024;9;1.0;441;41;430;41;11;43
TE169;18.01.2024;10;1.0;372;42;362;42;10;43
TE169;18.01.2024;11;1.0;407;44;389;44;18;44
TE169;18.01.2024;12;1.0;439;38;425;38;14;39
TE169;18.01.2024;13;1.0;469;43;449;43;20;43
TE169;18.01.2024;14;1.0;573;38;551;38;22;36
TE169;18.01.2024;15;1.0;598;39;585;40;13;36
TE169;18.01.2024;16;1.0;500;39;491;39;9;37
TE169;18.01.2024;17;1.0;471;40;451;40;20;40
TE169;18.01.2024;18;1.0;355;42;340;42;15;40
TE169;18.01.2024;19;1.0;275;43;268;43;7;41
TE169;18.01.2024;20;1.0;234;43;226;43;8;41
TE169;18.01.2024;21;1.0;191;43;187;43;4;45
TE169;18.01.2024;22;1.0;143;39;139;39;4;40
TE169;18.01.2024;23;1.0;102;36;98;37;3;33
TE169;19.01.2024;0;1.0;60;37;57;36;3;44
TE169;19.01.2024;1;1.0;30;37;28;36;2;43
TE169;19.01.2024;2;1.0;30;28;30;28;0;-1
TE169;19.01.2024;3;1.0;31;41;30;41;1;45
TE169;19.01.2024;4;1.0;64;41;64;41;0;-1
TE169;19.01.2024;5;1.0;162;39;157;39;5;35
TE169;19.01.2024;6;1.0;305;37;298;37;7;38
TE169;19.01.2024;7;1.0;421;41;407;41;14;39
TE169;19.01.2024;8;1.0;467;40;441;40;26;37
TE169;19.01.2024;9;1.0;382;40;364;40;18;40
TE169;19.01.2024;10;1.0;410;44;392;44;18;43
TE169;19.01.2024;11;1.0;436;42;413;42;23;41
TE169;19.01.2024;12;1.0;465;39;448;40;16;36
TE169;19.01.2024;13;1.0;469;42;446;42;23;42
TE169;19.01.2024;14;1.0;588;45;573;45;15;43
TE169;19.01.2024;15;1.0;505;38;486;38;19;40
TE169;19.01.2024;16;1.0;463;46;446;46;17;45
TE169;19.01.2024;17;1.0;406;44;396;44;10;44
TE169;19.01.2024;18;1.0;374;44;361;44;13;43
TE169;19.01.2024;19;1.0;321;37;308;37;13;37
TE169;19.01.2024;20;1.0;258;42;250;42;8;39
TE169;19.01.2024;21;1.0;217;45;212;45;5;43
TE169;19.01.2024;22;1.0;188;40;185;40;3;40
TE169;19.01.2024;23;1.0;136;37;130;37;6;35
TE169;20.01.2024;0;1.0;93;41;90;40;3;40
TE169;20.01.2024;1;1.0;65;41;63;41;2;36
TE169;20.01.2024;2;1.0;40;40;40;40;0;-1
TE169;20.01.2024;3;1.0;33;39;32;40;1;24
TE169;20.01.2024;4;1.0;41;38;41;38;0;-1
TE169;20.01.2024;5;1.0;80;39;77;39;3;30
TE169;20.01.2024;6;1.0;86;44;80;44;6;40
TE169;20.01.2024;7;1.0;99;45;93;45;6;44
TE169;20.01.2024;8;1.0;190;46;184;46;6;43
TE169;20.01.2024;9;1.0;267;42;257;43;8;44
TE169;20.01.2024;10;1.0;340;43;332;43;8;39
TE169;20.01.2024;11;1.0;358;43;351;43;6;46
TE169;20.01.2024;12;1.0;404;45;395;45;9;41
TE169;20.01.2024;13;1.0;431;40;420;40;11;35
TE169;20.01.2024;14;1.0;439;42;435;42;4;38
TE169;20.01.2024;15;1.0;404;44;397;44;7;40
TE169;20.01.2024;16;1.0;374;43;369;43;5;41
TE169;20.01.2024;17;1.0;365;43;359;43;6;42
TE169;20.01.2024;18;1.0;347;43;340;43;7;41
TE169;20.01.2024;19;1.0;276;43;271;43;5;42
TE169;20.01.2024;20;1.0;256;40;247;40;9;41
TE169;20.01.2024;21;1.0;198;41;192;42;6;36
TE169;20.01.2024;22;1.0;160;40;156;40;4;37
TE169;20.01.2024;23;1.0;134;36;133;36;1;34
TE169;21.01.2024;0;1.0;110;37;109;37;1;36
TE169;21.01.2024;1;1.0;72;39;72;39;0;-1
TE169;21.01.2024;2;1.0;44;41;43;41;1;47
TE169;21.01.2024;3;1.0;46;37;46;37;0;-1
TE169;21.01.2024;4;1.0;44;41;44;41;0;-1
TE169;21.01.2024;5;1.0;51;46;50;46;1;41
TE169;21.01.2024;6;1.0;42;52;41;51;1;70
TE169;21.01.2024;7;1.0;49;48;46;48;3;56
TE169;21.01.2024;8;1.0;79;48;76;48;3;48
TE169;21.01.2024;9;1.0;196;50;190;50;6;50
TE169;21.01.2024;10;1.0;188;44;187;44;1;43
TE169;21.01.2024;11;1.0;266;45;261;45;5;48
TE169;21.01.2024;12;1.0;309;45;307;45;2;45
TE169;21.01.2024;13;1.0;336;41;324;41;12;41
TE169;21.01.2024;14;1.0;348;44;344;44;4;47
TE169;21.01.2024;15;1.0;368;39;364;39;4;38
TE169;21.01.2024;16;1.0;324;46;317;46;7;46
TE169;21.01.2024;17;1.0;327;44;318;44;9;44
TE169;21.01.2024;18;1.0;271;42;266;42;5;45
TE169;21.01.2024;19;1.0;260;42;251;42;9;38
TE169;21.01.2024;20;1.0;214;41;206;42;8;38
TE169;21.01.2024;21;1.0;141;45;137;45;4;44
TE169;21.01.2024;22;1.0;131;42;125;42;6;42
TE169;21.01.2024;23;1.0;72;42;66;43;6;40
TE169;22.01.2024;0;1.0;38;41;35;42;3;34
TE169;22.01.2024;1;1.0;29;45;27;45;2;46
TE169;22.01.2024;2;1.0;27;42;26;42;1;44
TE169;22.01.2024;3;1.0;23;41;22;41;1;37
TE169;22.01.2024;4;1.0;63;40;60;40;3;41
TE169;22.01.2024;5;1.0;197;39;191;39;6;38
TE169;22.01.2024;6;1.0;313;45;303;45;10;45
TE169;22.01.2024;7;1.0;494;46;469;46;25;44
TE169;22.01.2024;8;1.0;533;45;485;45;48;44
TE169;22.01.2024;9;1.0;436;43;391;43;45;44
TE169;22.01.2024;10;1.0;455;43;424;43;31;42
TE169;22.01.2024;11;1.0;401;45;382;46;19;42
TE169;22.01.2024;12;1.0;469;39;438;39;32;38
TE169;22.01.2024;13;1.0;492;42;458;41;34;41
TE169;22.01.2024;14;1.0;591;38;561;38;31;35
TE169;22.01.2024;15;1.0;606;36;569;36;37;36
TE169;22.01.2024;16;1.0;508;39;478;39;29;35
TE169;22.01.2024;17;1.0;470;39;455;39;16;37
TE169;22.01.2024;18;1.0;325;43;315;43;10;37
TE169;22.01.2024;19;1.0;282;43;275;43;7;40
TE169;22.01.2024;20;1.0;209;44;205;44;4;40
TE169;22.01.2024;21;1.0;166;45;162;45;4;44
TE169;22.01.2024;22;1.0;144;38;141;38;3;39
TE169;22.01.2024;23;1.0;83;38;79;38;4;32
TE169;23.01.2024;0;1.0;62;38;60;38;2;29
TE169;23.01.2024;1;1.0;30;42;27;42;3;43
TE169;23.01.2024;2;1.0;22;42;22;42;0;-1
TE169;23.01.2024;3;1.0;26;41;23;41;3;35
TE169;23.01.2024;4;1.0;49;39;48;39;1;33
TE169;23.01.2024;6;1.0;332;42;315;42;17;44
TE169;23.01.2024;7;1.0;446;42;424;42;22;41
TE169;23.01.2024;8;1.0;506;30;481;30;25;33
TE169;23.01.2024;9;1.0;435;44;399;44;36;41
TE169;23.01.2024;10;1.0;417;41;384;41;33;40
TE169;23.01.2024;11;1.0;414;39;388;39;26;38
TE169;23.01.2024;12;1.0;491;42;460;42;31;40
TE169;23.01.2024;13;1.0;505;42;483;42;22;41
TE169;23.01.2024;14;1.0;637;41;612;41;25;39
TE169;23.01.2024;15;1.0;581;42;562;42;19;39
TE169;23.01.2024;16;1.0;546;44;539;44;7;42
TE169;23.01.2024;17;1.0;428;40;412;40;16;38
TE169;23.01.2024;18;1.0;392;40;379;40;13;40
TE169;23.01.2024;19;1.0;316;41;302;41;14;39
TE169;23.01.2024;20;1.0;188;40;185;40;3;29
TE169;23.01.2024;21;1.0;235;46;231;46;4;45
TE169;23.01.2024;22;1.0;143;42;138;42;5;38
TE169;23.01.2024;23;1.0;64;41;60;41;4;36
TE169;24.01.2024;0;1.0;36;42;34;42;2;40
TE169;24.01.2024;1;1.0;30;36;30;36;0;-1
TE169;24.01.2024;2;1.0;22;41;22;41;0;-1
TE169;24.01.2024;3;1.0;26;38;26;38;0;-1
TE169;24.01.2024;4;1.0;55;40;52;41;3;50
TE169;24.01.2024;5;1.0;189;41;179;41;10;38
TE169;24.01.2024;6;1.0;328;43;308;43;20;43
TE169;24.01.2024;7;1.0;420;45;390;45;30;42
TE169;24.01.2024;8;1.0;470;43;452;43;18;42
TE169;24.01.2024;9;1.0;422;41;391;41;31;37
TE169;24.01.2024;10;1.0;420;42;396;41;24;41
TE169;24.01.2024;11;1.0;427;42;378;42;49;39
TE169;24.01.2024;12;1.0;506;39;460;39;46;39
TE169;24.01.2024;13;1.0;496;44;476;44;20;41
TE169;24.01.2024;14;1.0;527;42;500;42;27;40
TE169;24.01.2024;15;1.0;529;42;502;42;27;37
TE169;24.01.2024;16;1.0;554;44;541;44;13;40
TE169;24.01.2024;17;1.0;496;42;481;42;15;44
TE169;24.01.2024;18;1.0;404;44;397;44;7;43
TE169;24.01.2024;19;1.0;278;43;269;43;9;46
TE169;24.01.2024;20;1.0;211;44;199;44;12;44
TE169;24.01.2024;21;1.0;176;44;171;44;5;41
TE169;24.01.2024;22;1.0;151;38;147;38;4;35
TE169;24.01.2024;23;1.0;76;40;71;41;5;37
TE169;25.01.2024;0;1.0;51;42;49;43;2;33
TE169;25.01.2024;1;1.0;31;39;31;39;0;-1
TE169;25.01.2024;2;1.0;22;38;22;38;0;-1
TE169;25.01.2024;3;1.0;33;39;30;40;3;32
TE169;25.01.2024;4;1.0;63;40;62;40;1;27
TE169;25.01.2024;5;1.0;201;42;187;42;14;40
TE169;25.01.2024;6;1.0;360;47;342;47;18;45
TE169;25.01.2024;7;1.0;589;45;561;45;28;42
TE169;25.01.2024;8;1.0;538;44;513;44;25;44
TE169;25.01.2024;9;1.0;465;41;439;41;26;41
TE169;25.01.2024;10;1.0;441;43;427;43;14;42
TE169;25.01.2024;11;1.0;433;42;421;42;12;40
TE169;25.01.2024;12;1.0;484;42;470;42;14;41
TE169;25.01.2024;13;1.0;496;43;478;43;18;41
TE169;25.01.2024;14;1.0;564;44;554;44;10;43
TE169;25.01.2024;15;1.0;580;42;568;42;12;40
TE169;25.01.2024;16;1.0;531;43;521;43;10;42
TE169;25.01.2024;17;1.0;470;41;451;41;19;42
TE169;25.01.2024;18;1.0;404;44;398;44;6;44
TE169;25.01.2024;19;1.0;275;45;269;45;6;48
TE169;25.01.2024;20;1.0;231;46;226;46;5;49
TE169;25.01.2024;21;1.0;174;46;172;46;2;43
TE169;25.01.2024;22;1.0;158;39;156;39;2;36
TE169;25.01.2024;23;1.0;90;38;87;39;3;36
TE169;26.01.2024;0;1.0;68;42;64;42;4;39
TE169;26.01.2024;1;1.0;37;39;37;39;0;-1
TE169;26.01.2024;2;1.0;37;39;37;39;0;-1
TE169;26.01.2024;3;1.0;30;41;29;41;1;33
TE169;26.01.2024;4;1.0;58;34;58;34;0;-1
TE169;26.01.2024;5;1.0;191;42;188;42;3;39
TE169;26.01.2024;6;1.0;330;46;321;46;9;46
TE169;26.01.2024;7;1.0;449;37;436;37;13;39
TE169;26.01.2024;8;1.0;447;42;425;43;22;41
TE169;26.01.2024;9;1.0;430;44;417;44;13;42
TE169;26.01.2024;10;1.0;392;45;378;45;14;43
TE169;26.01.2024;11;1.0;398;45;385;45;13;42
TE169;26.01.2024;12;1.0;485;41;472;41;14;40
TE169;26.01.2024;13;1.0;492;43;476;43;16;39
TE169;26.01.2024;14;1.0;573;43;556;43;17;35
TE169;26.01.2024;15;1.0;534;44;519;44;15;44
TE169;26.01.2024;16;1.0;449;38;439;38;11;33
TE169;26.01.2024;17;1.0;418;43;409;43;9;42
TE169;26.01.2024;18;1.0;438;43;428;44;10;42
TE169;26.01.2024;19;1.0;327;43;319;43;8;40
TE169;26.01.2024;20;1.0;270;42;264;42;6;39
TE169;26.01.2024;21;1.0;253;41;251;41;2;46
TE169;26.01.2024;22;1.0;194;35;187;35;7;36
TE169;26.01.2024;23;1.0;108;33;105;33;3;22
TE169;27.01.2024;0;1.0;93;41;89;41;4;32
TE169;27.01.2024;1;1.0;52;42;52;42;0;-1
TE169;27.01.2024;2;1.0;37;40;36;40;1;33
TE169;27.01.2024;3;1.0;35;39;33;40;2;32
TE169;27.01.2024;4;1.0;40;37;39;37;1;48
TE169;27.01.2024;5;1.0;83;44;80;44;3;40
TE169;27.01.2024;6;1.0;115;47;108;47;7;48
TE169;27.01.2024;7;1.0;131;46;127;46;4;44
TE169;27.01.2024;8;1.0;198;46;192;46;6;45
TE169;27.01.2024;9;1.0;292;48;290;48;2;42
TE169;27.01.2024;10;1.0;316;45;311;45;5;44
TE169;27.01.2024;11;1.0;377;45;371;45;6;42
TE169;27.01.2024;12;1.0;451;45;445;45;6;42
TE169;27.01.2024;13;1.0;479;39;476;39;3;38
TE169;27.01.2024;14;1.0;441;44;429;44;12;43
TE169;27.01.2024;15;1.0;436;43;431;43;5;41
TE169;27.01.2024;16;1.0;382;42;374;42;8;39
TE169;27.01.2024;17;1.0;365;41;354;41;11;41
TE169;27.01.2024;18;1.0;364;42;354;43;10;41
TE169;27.01.2024;19;1.0;305;43;302;43;3;41
TE169;27.01.2024;20;1.0;255;43;248;43;7;42
TE169;27.01.2024;21;1.0;211;43;206;43;5;43
TE169;27.01.2024;22;1.0;185;38;181;38;4;36
TE169;27.01.2024;23;1.0;150;40;147;40;3;38
TE169;28.01.2024;0;1.0;96;38;94;38;2;32
TE169;28.01.2024;1;1.0;66;41;66;41;0;-1
TE169;28.01.2024;2;1.0;53;38;50;38;3;40
TE169;28.01.2024;3;1.0;37;38;37;38;0;-1
TE169;28.01.2024;4;1.0;46;40;46;40;0;-1
TE169;28.01.2024;5;1.0;55;43;55;43;0;-1
TE169;28.01.2024;6;1.0;58;44;58;44;0;-1
TE169;28.01.2024;7;1.0;56;47;53;47;3;50
TE169;28.01.2024;8;1.0;96;49;94;49;2;46
TE169;28.01.2024;9;1.0;191;48;187;48;4;45
TE169;28.01.2024;10;1.0;240;46;236;46;4;45
TE169;28.01.2024;11;1.0;219;48;212;48;7;45
TE169;28.01.2024;12;1.0;304;46;295;46;9;44
TE169;28.01.2024;13;1.0;365;44;354;44;11;39
TE169;28.01.2024;14;1.0;364;46;349;46;15;46
TE169;28.01.2024;15;1.0;380;46;365;45;15;45
TE169;28.01.2024;16;1.0;345;44;340;44;5;43
TE169;28.01.2024;17;1.0;360;43;349;43;11;43
TE169;28.01.2024;18;1.0;329;43;321;43;8;44
TE169;28.01.2024;19;1.0;301;43;288;43;13;42
TE169;28.01.2024;20;1.0;218;44;209;44;9;45
TE169;28.01.2024;21;1.0;163;44;160;44;3;41
TE169;28.01.2024;22;1.0;107;41;106;41;1;45
TE169;28.01.2024;23;1.0;76;39;72;39;4;39
TE169;29.01.2024;0;1.0;50;44;48;44;2;44
TE169;29.01.2024;1;1.0;27;40;26;40;1;45
TE169;29.01.2024;2;1.0;21;41;20;41;1;40
TE169;29.01.2024;3;1.0;26;40;25;40;1;35
TE169;29.01.2024;4;1.0;65;38;63;38;2;34
TE169;29.01.2024;5;1.0;202;39;191;39;11;35
TE169;29.01.2024;6;1.0;318;43;304;43;14;41
TE169;29.01.2024;7;1.0;503;44;479;44;24;42
TE169;29.01.2024;8;1.0;548;43;517;43;31;42
TE169;29.01.2024;9;1.0;414;41;374;41;40;40
TE169;29.01.2024;10;1.0;457;45;409;45;48;44
TE169;29.01.2024;11;1.0;441;47;412;47;29;44
TE169;29.01.2024;12;1.0;487;43;458;44;29;41
TE169;29.01.2024;13;1.0;491;44;469;45;22;44
TE169;29.01.2024;14;1.0;559;44;543;44;16;41
TE169;29.01.2024;15;1.0;616;44;589;44;27;43
TE169;29.01.2024;16;1.0;533;45;516;45;17;44
TE169;29.01.2024;17;1.0;442;44;428;44;14;40
TE169;29.01.2024;18;1.0;374;44;359;44;15;41
TE169;29.01.2024;19;1.0;312;44;303;44;9;42
TE169;29.01.2024;20;1.0;229;44;219;45;10;41
TE169;29.01.2024;21;1.0;167;46;162;46;5;47
TE169;29.01.2024;22;1.0;167;40;162;40;5;38
TE169;29.01.2024;23;1.0;116;40;110;40;6;42
TE169;30.01.2024;0;1.0;47;40;45;39;2;44
TE169;30.01.2024;1;1.0;35;42;35;42;0;-1
TE169;30.01.2024;2;1.0;30;41;30;41;0;-1
TE169;30.01.2024;3;1.0;26;40;26;40;0;-1
TE169;30.01.2024;4;1.0;56;40;54;40;2;40
TE169;30.01.2024;5;1.0;207;39;198;39;9;35
TE169;30.01.2024;6;1.0;361;44;343;44;18;42
TE169;30.01.2024;7;1.0;453;44;437;44;16;43
TE169;30.01.2024;8;1.0;491;43;466;43;25;42
TE169;30.01.2024;9;1.0;456;43;431;43;25;42
TE169;30.01.2024;10;1.0;425;44;400;44;25;42
TE169;30.01.2024;11;1.0;473;44;440;44;33;43
TE169;30.01.2024;12;1.0;442;44;407;44;35;43
TE169;30.01.2024;13;1.0;495;42;473;43;22;39
TE169;30.01.2024;14;1.0;606;43;580;43;26;41
TE169;30.01.2024;15;1.0;542;44;522;44;20;43
TE169;30.01.2024;16;1.0;527;43;505;43;22;42
TE169;30.01.2024;17;1.0;495;42;477;42;18;42
TE169;30.01.2024;18;1.0;381;42;365;42;16;41
TE169;30.01.2024;19;1.0;304;45;293;45;11;43
TE169;30.01.2024;20;1.0;201;45;188;45;13;46
TE169;30.01.2024;21;1.0;172;44;165;45;7;43
TE169;30.01.2024;22;1.0;153;43;146;43;7;44
TE169;30.01.2024;23;1.0;84;42;78;42;6;42
TE169;31.01.2024;0;1.0;65;43;61;44;4;41
TE169;31.01.2024;1;1.0;40;38;38;39;2;27
TE169;31.01.2024;2;1.0;26;42;26;42;0;-1
TE169;31.01.2024;3;1.0;32;44;28;44;4;49
TE169;31.01.2024;4;1.0;63;41;61;41;2;40
TE169;31.01.2024;5;1.0;177;41;173;41;4;38
TE169;31.01.2024;6;1.0;302;48;295;48;7;48
TE169;31.01.2024;7;1.0;464;46;447;46;17;45
TE169;31.01.2024;8;1.0;490;46;468;46;22;44
TE169;31.01.2024;9;1.0;406;43;388;43;18;44
TE169;31.01.2024;10;1.0;412;43;387;43;25;42
TE169;31.01.2024;11;1.0;461;44;442;44;19;41
TE169;31.01.2024;12;1.0;472;39;450;39;22;40
TE169;31.01.2024;13;1.0;458;44;443;44;15;44
TE169;31.01.2024;14;1.0;521;44;507;44;14;43
TE169;31.01.2024;15;1.0;554;43;539;43;15;42
TE169;31.01.2024;16;1.0;520;45;512;45;8;41
TE169;31.01.2024;17;1.0;491;44;484;44;7;38
TE169;31.01.2024;18;1.0;437;44;425;44;12;43
TE169;31.01.2024;19;1.0;282;47;277;47;5;45
TE169;31.01.2024;20;1.0;248;45;242;46;6;44
TE169;31.01.2024;21;1.0;165;47;158;47;7;43
TE169;31.01.2024;22;1.0;144;42;140;42;4;46
TE169;31.01.2024;23;1.0;105;42;102;42;3;41
TE174;15.01.2024;8;1.0;738;46;729;46;9;38
TE174;18.01.2024;16;1.0;732;43;727;43;5;49
TE175;01.01.2024;0;1.0;662;48;636;48;26;52
TE175;01.01.2024;1;1.0;1169;44;1106;44;63;49
TE175;01.01.2024;2;1.0;1111;45;1092;45;19;47
TE175;01.01.2024;3;1.0;901;47;880;47;21;50
TE175;01.01.2024;4;1.0;777;49;753;49;24;53
TE175;01.01.2024;5;1.0;641;51;634;51;7;51
TE175;01.01.2024;6;1.0;568;54;553;54;15;56
TE175;01.01.2024;7;1.0;496;53;494;53;1;51
TE175;01.01.2024;8;1.0;451;59;443;59;8;58
TE175;01.01.2024;9;1.0;498;57;492;57;6;55
TE175;01.01.2024;10;1.0;647;52;639;52;8;56
TE175;01.01.2024;11;1.0;912;51;900;51;12;51
TE175;01.01.2024;12;1.0;938;52;925;52;13;55
TE175;01.01.2024;13;1.0;1035;49;1030;49;5;50
TE175;01.01.2024;14;1.0;1076;49;1065;49;11;49
TE175;01.01.2024;15;1.0;1135;46;1131;46;4;47
TE175;01.01.2024;16;1.0;1114;48;1092;48;22;51
TE175;01.01.2024;17;1.0;1037;50;1018;50;19;50
TE175;01.01.2024;18;1.0;1006;48;1000;48;6;50
TE175;01.01.2024;19;1.0;938;48;931;49;7;45
TE175;01.01.2024;20;1.0;825;55;816;55;9;52
TE175;01.01.2024;21;1.0;757;56;750;56;7;58
TE175;01.01.2024;22;1.0;618;56;613;56;5;55
TE175;01.01.2024;23;1.0;499;58;490;58;9;57
TE175;02.01.2024;0;1.0;324;56;324;56;0;-1
TE175;02.01.2024;1;1.0;269;58;264;58;5;57
TE175;02.01.2024;2;1.0;173;59;167;59;6;62
TE175;02.01.2024;3;1.0;243;58;228;58;15;56
TE175;02.01.2024;4;1.0;294;49;281;49;13;49
TE175;02.01.2024;5;1.0;681;56;654;56;27;57
TE175;02.01.2024;6;1.0;853;52;812;52;41;52
TE175;02.01.2024;7;1.0;912;46;856;46;56;52
TE175;02.01.2024;8;1.0;1040;48;997;48;43;48
TE175;02.01.2024;9;1.0;1101;51;1079;51;22;51
TE175;02.01.2024;10;1.0;1176;47;1145;47;31;48
TE175;02.01.2024;11;1.0;1220;48;1194;48;26;48
TE175;02.01.2024;12;1.0;1281;48;1263;48;18;49
TE175;02.01.2024;13;1.0;1249;42;1237;42;12;43
TE175;02.01.2024;14;1.0;1362;47;1350;47;12;48
TE175;02.01.2024;15;1.0;1339;48;1333;48;6;48
TE175;02.01.2024;16;1.0;1302;41;1290;41;12;41
TE175;02.01.2024;17;1.0;1377;49;1362;49;15;49
TE175;02.01.2024;18;1.0;1337;49;1330;49;7;50
TE175;02.01.2024;19;1.0;1155;51;1146;51;9;49
TE175;02.01.2024;20;1.0;961;51;951;51;10;53
TE175;02.01.2024;21;1.0;860;43;856;43;4;52
TE175;02.01.2024;22;1.0;877;53;872;53;5;54
TE175;02.01.2024;23;1.0;624;49;615;49;9;48
TE175;03.01.2024;0;1.0;408;49;407;49;1;50
TE175;03.01.2024;1;1.0;269;57;263;57;6;59
TE175;03.01.2024;2;1.0;200;44;197;44;3;40
TE175;03.01.2024;3;1.0;228;51;216;50;12;52
TE175;03.01.2024;4;1.0;300;50;283;50;17;52
TE175;03.01.2024;5;1.0;658;42;631;42;28;41
TE175;03.01.2024;6;1.0;926;45;866;45;58;46
TE175;03.01.2024;7;1.0;1068;43;965;43;103;43
TE175;03.01.2024;8;1.0;1046;44;994;44;51;46
TE175;03.01.2024;9;1.0;1135;35;1069;35;66;36
TE175;03.01.2024;11;1.0;1214;31;1131;30;84;36
TE175;03.01.2024;12;1.0;1219;32;1122;31;97;39
TE175;03.01.2024;14;1.0;1364;39;1321;39;43;41
TE175;03.01.2024;15;1.0;1437;28;1395;28;43;30
TE175;03.01.2024;16;1.0;1242;35;1208;34;35;39
TE175;03.01.2024;17;1.0;1375;30;1316;30;59;36
TE175;03.01.2024;18;1.0;1375;33;1349;33;26;35
TE175;03.01.2024;19;1.0;1162;31;1153;30;9;34
TE175;03.01.2024;20;1.0;1003;35;966;35;37;40
TE175;03.01.2024;21;1.0;864;31;845;31;19;37
TE175;03.01.2024;22;1.0;826;43;816;43;9;49
TE175;03.01.2024;23;1.0;626;39;618;39;6;45
TE175;04.01.2024;0;1.0;397;53;388;54;8;58
TE175;04.01.2024;1;1.0;293;49;282;50;11;49
TE175;04.01.2024;2;1.0;176;51;166;51;10;46
TE175;04.01.2024;4;1.0;261;57;255;57;6;63
TE175;04.01.2024;5;1.0;600;45;588;45;12;47
TE175;04.01.2024;6;1.0;914;46;889;46;25;47
TE175;04.01.2024;7;1.0;1077;38;1057;38;20;39
TE175;04.01.2024;8;1.0;1125;45;1089;45;36;46
TE175;04.01.2024;10;1.0;1165;36;1107;36;58;38
TE175;04.01.2024;11;1.0;1222;32;1163;32;59;35
TE175;04.01.2024;13;1.0;1311;34;1254;34;57;37
TE175;04.01.2024;14;1.0;1371;35;1344;35;27;38
TE175;04.01.2024;16;1.0;1193;34;1162;34;31;36
TE175;04.01.2024;17;1.0;1423;35;1388;35;34;36
TE175;04.01.2024;18;1.0;1413;36;1396;36;17;38
TE175;04.01.2024;19;1.0;1240;37;1216;37;24;38
TE175;04.01.2024;20;1.0;1071;48;1050;48;19;50
TE175;04.01.2024;21;1.0;928;50;917;50;11;51
TE175;04.01.2024;22;1.0;1115;46;1105;46;10;46
TE175;04.01.2024;23;1.0;723;44;711;44;11;44
TE175;05.01.2024;0;1.0;415;50;412;50;3;55
TE175;05.01.2024;1;1.0;281;48;269;48;12;48
TE175;05.01.2024;2;1.0;223;55;210;55;13;56
TE175;05.01.2024;3;1.0;279;55;262;55;18;55
TE175;05.01.2024;4;1.0;328;52;302;53;25;53
TE175;05.01.2024;5;1.0;696;49;653;49;44;50
TE175;05.01.2024;6;1.0;855;53;802;53;53;54
TE175;05.01.2024;7;1.0;937;50;888;50;49;52
TE175;05.01.2024;8;1.0;989;49;974;49;15;53
TE175;05.01.2024;9;1.0;1123;48;1102;48;21;48
TE175;05.01.2024;10;1.0;1200;49;1167;49;33;49
TE175;05.01.2024;11;1.0;1220;47;1188;47;32;47
TE175;05.01.2024;12;1.0;1297;37;1269;37;28;41
TE175;05.01.2024;13;1.0;1032;35;995;35;37;37
TE175;05.01.2024;14;1.0;1380;44;1345;44;35;46
TE175;05.01.2024;15;1.0;1334;45;1303;45;31;46
TE175;05.01.2024;16;1.0;1341;41;1312;41;29;44
TE175;05.01.2024;17;1.0;1325;44;1305;44;20;46
TE175;05.01.2024;18;1.0;1383;49;1352;49;31;50
TE175;05.01.2024;19;1.0;1272;51;1248;51;24;51
TE175;05.01.2024;20;1.0;1126;48;1112;49;14;51
TE175;05.01.2024;21;1.0;1071;48;1060;48;11;52
TE175;05.01.2024;22;1.0;984;52;979;52;5;51
TE175;05.01.2024;23;1.0;902;50;891;50;10;55
TE175;06.01.2024;0;1.0;675;48;669;48;7;44
TE175;06.01.2024;1;1.0;526;46;520;46;6;46
TE175;06.01.2024;2;1.0;432;60;431;60;1;55
TE175;06.01.2024;3;1.0;393;61;389;61;4;62
TE175;06.01.2024;4;1.0;370;57;365;56;5;69
TE175;06.01.2024;5;1.0;433;61;416;61;17;61
TE175;06.01.2024;6;1.0;421;59;391;59;30;59
TE175;06.01.2024;7;1.0;511;58;486;58;25;59
TE175;06.01.2024;8;1.0;596;52;580;52;16;54
TE175;06.01.2024;9;1.0;856;47;815;47;41;52
TE175;06.01.2024;10;1.0;965;44;943;44;22;50
TE175;06.01.2024;11;1.0;1128;46;1110;46;18;48
TE175;06.01.2024;12;1.0;1260;42;1232;42;28;46
TE175;06.01.2024;13;1.0;1415;44;1396;44;19;46
TE175;06.01.2024;14;1.0;1378;46;1347;46;31;47
TE175;06.01.2024;15;1.0;1328;45;1318;45;10;43
TE175;06.01.2024;16;1.0;1312;45;1293;45;20;44
TE175;06.01.2024;17;1.0;1355;41;1316;41;40;40
TE175;06.01.2024;18;1.0;1304;46;1282;46;22;46
TE175;06.01.2024;19;1.0;1278;45;1259;46;19;45
TE175;06.01.2024;20;1.0;1218;45;1194;45;24;47
TE175;06.01.2024;21;1.0;1029;50;1022;50;7;48
TE175;06.01.2024;22;1.0;1139;47;1131;47;8;49
TE175;06.01.2024;23;1.0;1016;49;1010;49;6;51
TE175;07.01.2024;0;1.0;770;50;764;50;6;51
TE175;07.01.2024;1;1.0;614;53;612;53;2;54
TE175;07.01.2024;2;1.0;486;56;483;56;3;58
TE175;07.01.2024;3;1.0;420;56;416;56;4;59
TE175;07.01.2024;4;1.0;302;54;299;54;3;55
TE175;07.01.2024;5;1.0;364;53;360;53;4;55
TE175;07.01.2024;6;1.0;329;47;327;46;2;57
TE175;07.01.2024;7;1.0;329;60;323;60;6;56
TE175;07.01.2024;8;1.0;418;55;409;55;9;55
TE175;07.01.2024;9;1.0;573;53;565;53;8;56
TE175;07.01.2024;10;1.0;780;52;762;52;18;52
TE175;07.01.2024;11;1.0;989;49;973;49;16;52
TE175;07.01.2024;12;1.0;1144;44;1126;44;19;43
TE175;07.01.2024;13;1.0;1234;42;1228;42;5;47
TE175;07.01.2024;14;1.0;1311;44;1297;44;13;45
TE175;07.01.2024;15;1.0;1231;50;1216;50;15;50
TE175;07.01.2024;16;1.0;1132;49;1118;49;14;49
TE175;07.01.2024;17;1.0;1288;50;1264;50;24;50
TE175;07.01.2024;18;1.0;1302;52;1285;52;17;52
TE175;07.01.2024;19;1.0;1158;51;1139;51;19;53
TE175;07.01.2024;20;1.0;1030;51;1014;51;16;52
TE175;07.01.2024;21;1.0;1061;43;1047;43;14;44
TE175;07.01.2024;22;1.0;917;48;900;49;17;50
TE175;07.01.2024;23;1.0;628;54;603;54;25;54
TE175;08.01.2024;0;1.0;410;55;395;54;15;55
TE175;08.01.2024;1;1.0;223;55;216;55;7;57
TE175;08.01.2024;2;1.0;175;54;166;54;9;54
TE175;08.01.2024;3;1.0;223;51;205;51;18;53
TE175;08.01.2024;4;1.0;316;47;306;46;10;50
TE175;08.01.2024;5;1.0;745;49;708;49;37;49
TE175;08.01.2024;6;1.0;1051;47;969;47;83;49
TE175;08.01.2024;7;1.0;981;51;784;48;197;65
TE175;08.01.2024;8;1.0;1267;49;1185;49;82;53
TE175;08.01.2024;9;1.0;1077;53;886;52;191;60
TE175;08.01.2024;10;1.0;1089;48;1020;48;69;49
TE175;08.01.2024;11;1.0;1137;45;1063;45;74;44
TE175;08.01.2024;12;1.0;1134;45;1074;45;60;45
TE175;08.01.2024;13;1.0;1228;46;1180;46;48;48
TE175;08.01.2024;14;1.0;1299;44;1252;44;47;45
TE175;08.01.2024;15;1.0;749;37;702;37;47;38
TE175;08.01.2024;16;1.0;562;33;504;33;58;33
TE175;08.01.2024;17;1.0;719;45;679;45;40;39
TE175;08.01.2024;18;1.0;818;49;809;49;9;50
TE175;08.01.2024;19;1.0;910;48;873;47;37;57
TE175;08.01.2024;20;1.0;816;49;804;49;12;48
TE175;08.01.2024;21;1.0;753;52;740;52;13;52
TE175;08.01.2024;22;1.0;734;48;716;48;18;47
TE175;08.01.2024;23;1.0;484;49;470;49;14;51
TE175;09.01.2024;0;1.0;341;54;322;54;19;55
TE175;09.01.2024;1;1.0;213;55;202;55;11;51
TE175;09.01.2024;2;1.0;183;57;175;57;8;59
TE175;09.01.2024;3;1.0;187;58;179;58;8;58
TE175;09.01.2024;4;1.0;266;58;247;57;19;60
TE175;09.01.2024;5;1.0;756;54;721;54;35;53
TE175;09.01.2024;6;1.0;1021;52;954;52;67;53
TE175;09.01.2024;7;1.0;1121;57;934;55;187;65
TE175;09.01.2024;8;1.0;1274;49;1212;49;62;49
TE175;09.01.2024;9;1.0;1215;52;1166;52;49;51
TE175;09.01.2024;10;1.0;1151;50;1058;50;93;50
TE175;09.01.2024;11;1.0;1265;42;1193;42;72;42
TE175;09.01.2024;12;1.0;1214;46;1149;46;65;47
TE175;09.01.2024;13;1.0;1203;48;1143;48;60;49
TE175;09.01.2024;14;1.0;1373;44;1327;44;46;45
TE175;09.01.2024;15;1.0;1290;46;1242;46;48;46
TE175;09.01.2024;16;1.0;1257;46;1223;46;34;46
TE175;09.01.2024;17;1.0;1426;45;1396;45;30;46
TE175;09.01.2024;18;1.0;1386;43;1363;43;23;43
TE175;09.01.2024;19;1.0;1418;48;1383;48;35;48
TE175;09.01.2024;20;1.0;1139;46;1114;46;25;46
TE175;09.01.2024;21;1.0;968;47;947;47;22;46
TE175;09.01.2024;22;1.0;851;48;829;48;22;47
TE175;09.01.2024;23;1.0;589;50;586;50;3;53
TE175;10.01.2024;0;1.0;381;57;369;57;12;59
TE175;10.01.2024;1;1.0;233;56;214;56;19;56
TE175;10.01.2024;2;1.0;174;60;166;60;8;58
TE175;10.01.2024;3;1.0;208;59;194;59;14;58
TE175;10.01.2024;4;1.0;306;60;289;60;17;60
TE175;10.01.2024;5;1.0;823;58;767;58;56;57
TE175;10.01.2024;6;1.0;1114;56;1030;55;84;57
TE175;10.01.2024;7;1.0;1190;53;1098;53;92;54
TE175;10.01.2024;8;1.0;1105;47;1041;47;64;48
TE175;10.01.2024;9;1.0;1280;49;1200;49;80;48
TE175;10.01.2024;10;1.0;1302;48;1195;48;107;48
TE175;10.01.2024;11;1.0;1261;47;1179;47;82;47
TE175;10.01.2024;12;1.0;1287;46;1230;46;57;46
TE175;10.01.2024;13;1.0;1210;49;1164;49;46;48
TE175;10.01.2024;14;1.0;1389;48;1333;48;56;47
TE175;10.01.2024;15;1.0;1279;39;1252;39;27;39
TE175;10.01.2024;16;1.0;1238;43;1185;43;54;41
TE175;10.01.2024;17;1.0;1246;43;1214;43;32;43
TE175;10.01.2024;18;1.0;1307;47;1275;47;32;47
TE175;10.01.2024;19;1.0;1278;49;1242;49;36;48
TE175;10.01.2024;20;1.0;1177;49;1143;49;34;47
TE175;10.01.2024;21;1.0;1020;50;995;50;25;49
TE175;10.01.2024;22;1.0;952;51;926;51;26;51
TE175;10.01.2024;23;1.0;782;40;774;40;8;39
TE175;11.01.2024;0;1.0;425;57;414;57;11;56
TE175;11.01.2024;1;1.0;234;56;227;57;7;57
TE175;11.01.2024;2;1.0;223;61;211;61;12;62
TE175;11.01.2024;3;1.0;220;64;209;64;11;62
TE175;11.01.2024;4;1.0;310;64;295;64;15;63
TE175;11.01.2024;5;1.0;806;62;770;62;36;63
TE175;11.01.2024;6;1.0;1138;52;1103;52;35;54
TE175;11.01.2024;7;1.0;1246;54;1192;54;54;54
TE175;11.01.2024;8;1.0;1307;46;1268;46;39;46
TE175;11.01.2024;9;1.0;1257;48;1219;48;38;49
TE175;11.01.2024;10;1.0;1090;48;1031;48;59;48
TE175;11.01.2024;11;1.0;1258;49;1188;49;70;49
TE175;11.01.2024;12;1.0;1317;45;1281;45;36;47
TE175;11.01.2024;13;1.0;1231;44;1209;44;20;48
TE175;11.01.2024;14;1.0;1250;40;1213;40;36;41
TE175;11.01.2024;15;1.0;1168;36;1144;36;24;39
TE175;11.01.2024;16;1.0;1016;43;992;43;24;42
TE175;11.01.2024;17;1.0;1166;48;1154;48;12;48
TE175;11.01.2024;18;1.0;1270;47;1247;47;23;47
TE175;11.01.2024;19;1.0;1321;44;1296;44;26;45
TE175;11.01.2024;20;1.0;1163;51;1141;51;22;53
TE175;11.01.2024;21;1.0;990;49;967;49;23;49
TE175;11.01.2024;22;1.0;1086;54;1060;54;26;54
TE175;11.01.2024;23;1.0;809;52;804;52;5;58
TE175;12.01.2024;0;1.0;486;59;473;59;13;58
TE175;12.01.2024;1;1.0;360;54;349;54;10;56
TE175;12.01.2024;2;1.0;251;45;241;45;10;41
TE175;12.01.2024;3;1.0;281;62;269;62;12;60
TE175;12.01.2024;4;1.0;326;65;315;65;11;63
TE175;12.01.2024;5;1.0;737;55;725;55;11;56
TE175;12.01.2024;6;1.0;1052;49;968;49;84;49
TE175;12.01.2024;7;1.0;1163;52;1126;52;37;53
TE175;12.01.2024;8;1.0;1247;37;1209;37;38;37
TE175;12.01.2024;9;1.0;1179;45;1128;45;52;46
TE175;12.01.2024;10;1.0;1220;43;1172;43;47;45
TE175;12.01.2024;11;1.0;1281;43;1250;43;30;46
TE175;12.01.2024;12;1.0;1101;41;1059;41;42;40
TE175;12.01.2024;13;1.0;1395;40;1341;40;54;41
TE175;12.01.2024;14;1.0;1344;43;1301;43;44;44
TE175;12.01.2024;15;1.0;1292;47;1266;47;26;47
TE175;12.01.2024;16;1.0;1181;49;1154;49;27;50
TE175;12.01.2024;17;1.0;1363;45;1325;45;39;47
TE175;12.01.2024;18;1.0;1368;48;1357;48;11;51
TE175;12.01.2024;19;1.0;1319;45;1298;45;21;45
TE175;12.01.2024;20;1.0;1202;46;1186;46;16;48
TE175;12.01.2024;21;1.0;1073;48;1062;48;11;49
TE175;12.01.2024;22;1.0;1247;43;1234;43;13;42
TE175;12.01.2024;23;1.0;1017;51;1002;51;15;49
TE175;13.01.2024;0;1.0;724;52;719;52;5;53
TE175;13.01.2024;1;1.0;566;48;561;48;3;56
TE175;13.01.2024;2;1.0;444;56;439;56;5;54
TE175;13.01.2024;3;1.0;361;52;357;51;4;60
TE175;13.01.2024;4;1.0;325;44;324;44;1;67
TE175;13.01.2024;5;1.0;374;57;372;57;2;64
TE175;13.01.2024;6;1.0;444;57;436;57;7;61
TE175;13.01.2024;7;1.0;535;51;530;50;5;58
TE175;13.01.2024;8;1.0;649;51;639;51;11;53
TE175;13.01.2024;9;1.0;842;52;834;52;8;50
TE175;13.01.2024;10;1.0;1058;45;1045;45;13;45
TE175;13.01.2024;11;1.0;1115;44;1099;44;16;45
TE175;13.01.2024;12;1.0;1241;43;1225;42;16;46
TE175;13.01.2024;13;1.0;1324;42;1309;42;15;42
TE175;13.01.2024;14;1.0;1384;39;1377;39;7;42
TE175;13.01.2024;15;1.0;1335;38;1321;38;13;41
TE175;13.01.2024;16;1.0;1301;41;1296;41;4;45
TE175;13.01.2024;17;1.0;1308;41;1291;41;18;38
TE175;13.01.2024;18;1.0;1246;48;1236;48;10;49
TE175;13.01.2024;19;1.0;1214;40;1206;40;7;46
TE175;13.01.2024;20;1.0;1205;44;1197;44;8;42
TE175;13.01.2024;21;1.0;1016;51;1004;51;12;52
TE175;13.01.2024;22;1.0;1081;49;1075;49;6;51
TE175;13.01.2024;23;1.0;1098;50;1095;50;3;50
TE175;14.01.2024;0;1.0;928;52;924;52;4;52
TE175;14.01.2024;1;1.0;646;47;641;47;4;52
TE175;14.01.2024;2;1.0;525;52;523;52;1;62
TE175;14.01.2024;3;1.0;452;48;444;48;7;53
TE175;14.01.2024;4;1.0;358;53;356;53;1;49
TE175;14.01.2024;5;1.0;360;60;360;60;0;-1
TE175;14.01.2024;6;1.0;309;61;308;61;1;62
TE175;14.01.2024;7;1.0;342;58;340;58;2;62
TE175;14.01.2024;8;1.0;461;58;458;58;3;59
TE175;14.01.2024;9;1.0;636;49;632;49;4;56
TE175;14.01.2024;10;1.0;948;50;944;50;4;51
TE175;14.01.2024;11;1.0;1145;46;1138;46;7;48
TE175;14.01.2024;12;1.0;1212;42;1202;42;10;43
TE175;14.01.2024;13;1.0;1320;46;1311;46;9;48
TE175;14.01.2024;14;1.0;1232;47;1216;47;16;49
TE175;14.01.2024;15;1.0;1262;46;1240;46;22;48
TE175;14.01.2024;16;1.0;1276;52;1184;50;92;75
TE175;14.01.2024;17;1.0;1355;47;1331;47;24;48
TE175;14.01.2024;18;1.0;1286;47;1275;47;11;46
TE175;14.01.2024;19;1.0;1185;46;1179;46;6;48
TE175;14.01.2024;20;1.0;960;49;956;49;4;55
TE175;14.01.2024;21;1.0;894;45;887;45;7;48
TE175;14.01.2024;22;1.0;1163;46;1148;46;15;50
TE175;14.01.2024;23;1.0;739;40;720;40;19;39
TE175;15.01.2024;0;1.0;379;59;376;59;3;60
TE175;15.01.2024;1;1.0;265;60;258;60;7;56
TE175;15.01.2024;2;1.0;197;54;191;54;5;60
TE175;15.01.2024;3;1.0;213;60;206;60;7;58
TE175;15.01.2024;4;1.0;340;63;322;63;18;64
TE175;15.01.2024;5;1.0;800;59;789;59;11;60
TE175;15.01.2024;6;1.0;1120;55;960;53;161;69
TE175;15.01.2024;7;1.0;998;56;970;56;28;59
TE175;15.01.2024;8;1.0;1050;48;910;45;141;64
TE175;15.01.2024;9;1.0;759;55;639;52;120;65
TE175;15.01.2024;10;1.0;681;54;604;52;77;67
TE175;15.01.2024;11;1.0;1242;50;1129;49;113;63
TE175;15.01.2024;12;1.0;1187;48;1149;48;38;48
TE175;15.01.2024;13;1.0;1306;39;1246;39;60;40
TE175;15.01.2024;14;1.0;1178;33;1114;32;64;36
TE175;15.01.2024;15;1.0;1042;39;1009;39;33;34
TE175;15.01.2024;16;1.0;1318;46;1301;46;17;47
TE175;15.01.2024;17;1.0;1333;49;1316;49;17;49
TE175;15.01.2024;18;1.0;1336;50;1302;50;34;53
TE175;15.01.2024;19;1.0;1173;53;1150;53;23;59
TE175;15.01.2024;20;1.0;1073;55;1049;55;24;55
TE175;15.01.2024;21;1.0;943;54;937;54;6;58
TE175;15.01.2024;22;1.0;977;54;964;54;13;55
TE175;15.01.2024;23;1.0;640;57;620;57;20;56
TE175;16.01.2024;0;1.0;371;59;365;59;6;59
TE175;16.01.2024;1;1.0;279;50;270;50;9;49
TE175;16.01.2024;2;1.0;196;41;192;41;4;44
TE175;16.01.2024;3;1.0;243;45;234;45;9;47
TE175;16.01.2024;4;1.0;319;52;306;52;13;53
TE175;16.01.2024;5;1.0;720;54;704;54;16;57
TE175;16.01.2024;6;1.0;1041;50;1002;50;39;51
TE175;16.01.2024;7;1.0;1174;50;1109;50;65;48
TE175;16.01.2024;8;1.0;1119;50;1075;50;44;50
TE175;16.01.2024;9;1.0;1221;48;1177;47;44;50
TE175;16.01.2024;10;1.0;1195;50;1143;50;52;53
TE175;16.01.2024;11;1.0;1205;50;1151;50;54;51
TE175;16.01.2024;12;1.0;1186;46;1137;46;48;47
TE175;16.01.2024;13;1.0;1325;44;1286;44;39;44
TE175;16.01.2024;14;1.0;1329;46;1269;46;60;46
TE175;16.01.2024;15;1.0;1281;42;1228;43;53;40
TE175;16.01.2024;16;1.0;983;40;956;40;26;37
TE175;16.01.2024;17;1.0;1270;50;1253;50;17;50
TE175;16.01.2024;18;1.0;1262;52;1238;52;24;52
TE175;16.01.2024;19;1.0;1204;53;1163;53;41;53
TE175;16.01.2024;20;1.0;1039;57;1019;57;20;57
TE175;16.01.2024;21;1.0;953;55;944;55;9;56
TE175;16.01.2024;22;1.0;1015;56;974;56;41;60
TE175;16.01.2024;23;1.0;839;57;803;57;36;59
TE175;17.01.2024;0;1.0;411;56;396;56;15;58
TE175;17.01.2024;1;1.0;251;56;232;57;19;55
TE175;17.01.2024;2;1.0;182;58;175;58;7;62
TE175;17.01.2024;3;1.0;230;57;218;57;12;56
TE175;17.01.2024;4;1.0;341;61;321;61;20;62
TE175;17.01.2024;5;1.0;802;59;717;59;85;64
TE175;17.01.2024;6;1.0;1055;52;993;52;62;51
TE175;17.01.2024;7;1.0;1294;50;1207;50;87;50
TE175;17.01.2024;8;1.0;1305;49;1229;49;76;49
TE175;17.01.2024;9;1.0;1228;53;1151;53;77;52
TE175;17.01.2024;10;1.0;1231;51;1138;51;93;51
TE175;17.01.2024;11;1.0;1230;50;1158;50;72;49
TE175;17.01.2024;12;1.0;1244;46;1173;46;71;47
TE175;17.01.2024;13;1.0;1225;45;1139;45;86;45
TE175;17.01.2024;14;1.0;1183;34;1102;34;81;34
TE175;17.01.2024;15;1.0;1295;50;1250;50;45;49
TE175;17.01.2024;16;1.0;1367;47;1336;47;31;49
TE175;17.01.2024;17;1.0;1285;48;1263;48;22;48
TE175;17.01.2024;18;1.0;1285;48;1273;48;12;48
TE175;17.01.2024;19;1.0;1241;44;1221;44;20;44
TE175;17.01.2024;20;1.0;1067;46;1054;46;13;47
TE175;17.01.2024;21;1.0;1030;48;1020;48;10;47
TE175;17.01.2024;22;1.0;946;51;934;51;12;52
TE175;17.01.2024;23;1.0;657;57;652;57;5;56
TE175;18.01.2024;0;1.0;447;56;441;56;6;58
TE175;18.01.2024;1;1.0;312;60;298;60;14;60
TE175;18.01.2024;2;1.0;235;61;230;61;5;63
TE175;18.01.2024;3;1.0;221;62;212;62;9;63
TE175;18.01.2024;4;1.0;354;60;339;60;15;60
TE175;18.01.2024;5;1.0;773;62;746;62;27;60
TE175;18.01.2024;6;1.0;1031;57;992;57;39;56
TE175;18.01.2024;7;1.0;1232;54;1135;54;97;54
TE175;18.01.2024;8;1.0;1328;47;1263;47;65;47
TE175;18.01.2024;9;1.0;1275;46;1204;46;71;46
TE175;18.01.2024;10;1.0;1222;46;1156;46;67;46
TE175;18.01.2024;11;1.0;1203;52;1151;52;52;52
TE175;18.01.2024;12;1.0;1249;50;1182;50;67;50
TE175;18.01.2024;13;1.0;1265;54;1054;51;211;65
TE175;18.01.2024;14;1.0;1261;48;1210;48;51;49
TE175;18.01.2024;15;1.0;1296;41;1231;41;65;38
TE175;18.01.2024;16;1.0;1184;46;1113;46;72;47
TE175;18.01.2024;17;1.0;1211;48;1180;48;31;47
TE175;18.01.2024;18;1.0;1359;48;1328;48;31;53
TE175;18.01.2024;19;1.0;1331;43;1304;43;27;44
TE175;18.01.2024;20;1.0;1101;45;1070;45;31;45
TE175;18.01.2024;21;1.0;1069;51;1052;51;17;50
TE175;18.01.2024;22;1.0;1309;49;1274;49;35;51
TE175;18.01.2024;23;1.0;781;53;758;53;23;54
TE175;19.01.2024;0;1.0;497;55;483;55;14;55
TE175;19.01.2024;1;1.0;339;53;319;52;20;52
TE175;19.01.2024;2;1.0;269;55;259;55;11;54
TE175;19.01.2024;3;1.0;192;56;181;56;10;64
TE175;19.01.2024;4;1.0;328;54;286;54;42;54
TE175;19.01.2024;5;1.0;757;58;716;58;41;58
TE175;19.01.2024;6;1.0;1037;54;989;54;48;54
TE175;19.01.2024;7;1.0;1201;49;1138;49;63;48
TE175;19.01.2024;8;1.0;1371;46;1293;46;78;46
TE175;19.01.2024;9;1.0;1180;48;1103;48;77;47
TE175;19.01.2024;10;1.0;1223;48;1152;48;71;48
TE175;19.01.2024;11;1.0;1280;48;1205;48;75;47
TE175;19.01.2024;12;1.0;1248;47;1205;47;43;47
TE175;19.01.2024;13;1.0;1247;47;1201;47;46;48
TE175;19.01.2024;14;1.0;1421;46;1370;46;51;45
TE175;19.01.2024;15;1.0;1224;46;1195;46;29;47
TE175;19.01.2024;16;1.0;1382;48;1343;48;39;49
TE175;19.01.2024;17;1.0;1375;50;1336;50;39;50
TE175;19.01.2024;18;1.0;1361;50;1324;49;37;50
TE175;19.01.2024;19;1.0;1278;44;1243;44;35;44
TE175;19.01.2024;20;1.0;1128;44;1108;44;21;43
TE175;19.01.2024;21;1.0;1166;45;1149;45;18;42
TE175;19.01.2024;22;1.0;1156;46;1134;46;23;47
TE175;19.01.2024;23;1.0;1082;46;1061;46;21;45
TE175;20.01.2024;0;1.0;842;52;830;52;12;51
TE175;20.01.2024;1;1.0;593;55;579;55;14;54
TE175;20.01.2024;2;1.0;445;58;439;57;6;57
TE175;20.01.2024;3;1.0;386;57;377;57;9;57
TE175;20.01.2024;4;1.0;370;58;355;58;15;59
TE175;20.01.2024;5;1.0;424;58;398;58;26;59
TE175;20.01.2024;6;1.0;483;57;453;57;30;57
TE175;20.01.2024;7;1.0;590;54;556;54;34;55
TE175;20.01.2024;8;1.0;715;53;686;53;29;55
TE175;20.01.2024;9;1.0;987;54;958;54;29;54
TE175;20.01.2024;10;1.0;1131;52;1106;52;25;53
TE175;20.01.2024;11;1.0;1144;50;1125;50;19;50
TE175;20.01.2024;12;1.0;1229;50;1201;50;28;50
TE175;20.01.2024;13;1.0;1233;47;1191;47;42;47
TE175;20.01.2024;14;1.0;1365;44;1323;44;42;44
TE175;20.01.2024;15;1.0;1342;46;1302;46;39;46
TE175;20.01.2024;16;1.0;1296;45;1251;45;44;45
TE175;20.01.2024;17;1.0;1273;49;1214;49;59;48
TE175;20.01.2024;18;1.0;1330;51;1294;51;36;49
TE175;20.01.2024;19;1.0;1259;47;1229;47;31;46
TE175;20.01.2024;20;1.0;1197;50;1171;50;26;49
TE175;20.01.2024;21;1.0;1092;51;1074;51;18;50
TE175;20.01.2024;22;1.0;1153;50;1135;50;18;50
TE175;20.01.2024;23;1.0;1272;49;1217;49;55;49
TE175;21.01.2024;0;1.0;992;52;976;52;16;50
TE175;21.01.2024;1;1.0;730;52;719;52;11;52
TE175;21.01.2024;2;1.0;531;55;518;55;13;55
TE175;21.01.2024;3;1.0;493;57;485;57;8;57
TE175;21.01.2024;4;1.0;371;58;367;58;4;56
TE175;21.01.2024;5;1.0;392;59;387;59;5;57
TE175;21.01.2024;6;1.0;365;61;355;61;10;62
TE175;21.01.2024;7;1.0;342;58;330;58;12;58
TE175;21.01.2024;8;1.0;470;60;458;60;12;59
TE175;21.01.2024;9;1.0;763;54;730;54;33;54
TE175;21.01.2024;10;1.0;982;54;962;53;20;55
TE175;21.01.2024;11;1.0;1175;52;1144;52;31;64
TE175;21.01.2024;12;1.0;1191;48;1172;48;19;49
TE175;21.01.2024;13;1.0;1304;46;1267;46;37;51
TE175;21.01.2024;14;1.0;1365;48;1210;45;156;69
TE175;21.01.2024;15;1.0;1277;49;1149;46;128;73
TE175;21.01.2024;16;1.0;1231;47;1208;47;23;47
TE175;21.01.2024;17;1.0;1382;45;1355;45;27;47
TE175;21.01.2024;18;1.0;1257;46;1238;46;19;50
TE175;21.01.2024;19;1.0;1178;42;1153;42;25;44
TE175;21.01.2024;20;1.0;1082;47;1073;47;9;49
TE175;21.01.2024;21;1.0;879;49;863;49;16;50
TE175;21.01.2024;22;1.0;810;49;794;49;16;52
TE175;21.01.2024;23;1.0;590;51;579;51;11;50
TE175;22.01.2024;0;1.0;376;55;368;55;8;56
TE175;22.01.2024;1;1.0;190;56;183;56;7;58
TE175;22.01.2024;2;1.0;210;57;199;57;11;54
TE175;22.01.2024;3;1.0;211;60;191;61;20;60
TE175;22.01.2024;4;1.0;321;61;297;61;24;62
TE175;22.01.2024;5;1.0;786;56;752;56;34;58
TE175;22.01.2024;6;1.0;1145;50;1091;50;54;52
TE175;22.01.2024;7;1.0;1276;48;1160;48;116;49
TE175;22.01.2024;8;1.0;1180;39;1070;39;110;37
TE175;22.01.2024;9;1.0;1151;44;1104;44;47;46
TE175;22.01.2024;10;1.0;1229;48;1197;48;32;49
TE175;22.01.2024;11;1.0;1209;49;1130;49;79;49
TE175;22.01.2024;12;1.0;1325;49;1203;49;122;50
TE175;22.01.2024;13;1.0;1273;49;1161;49;112;49
TE175;22.01.2024;14;1.0;1424;47;1324;47;100;48
TE175;22.01.2024;15;1.0;1347;47;1288;47;59;49
TE175;22.01.2024;16;1.0;1218;44;1182;44;36;45
TE175;22.01.2024;17;1.0;1253;47;1227;47;26;47
TE175;22.01.2024;18;1.0;1372;49;1348;48;24;50
TE175;22.01.2024;19;1.0;1350;49;1310;49;40;49
TE175;22.01.2024;20;1.0;1040;52;1024;52;16;52
TE175;22.01.2024;21;1.0;955;52;942;52;13;52
TE175;22.01.2024;22;1.0;767;53;757;53;10;52
TE175;22.01.2024;23;1.0;643;54;629;54;14;55
TE175;23.01.2024;0;1.0;372;56;357;57;15;56
TE175;23.01.2024;1;1.0;231;54;217;54;13;54
TE175;23.01.2024;2;1.0;171;59;164;60;7;59
TE175;23.01.2024;3;1.0;197;59;189;59;8;60
TE175;23.01.2024;4;1.0;315;60;298;60;17;61
TE175;23.01.2024;5;1.0;774;57;749;57;25;57
TE175;23.01.2024;6;1.0;1146;48;1082;48;64;46
TE175;23.01.2024;7;1.0;1275;48;1214;48;61;47
TE175;23.01.2024;8;1.0;1349;41;1259;41;90;43
TE175;23.01.2024;9;1.0;1128;42;1057;42;71;47
TE175;23.01.2024;10;1.0;1006;44;931;43;75;49
TE175;23.01.2024;11;1.0;1100;40;1018;40;81;45
TE175;23.01.2024;12;1.0;1209;43;1141;43;68;48
TE175;23.01.2024;13;1.0;1320;43;1269;43;51;46
TE175;23.01.2024;14;1.0;1497;45;1451;45;46;46
TE175;23.01.2024;15;1.0;1351;44;1309;44;42;45
TE175;23.01.2024;16;1.0;1114;43;1077;43;37;43
TE175;23.01.2024;17;1.0;1359;45;1305;45;54;48
TE175;23.01.2024;18;1.0;1404;43;1368;43;36;45
TE175;23.01.2024;19;1.0;1446;41;1400;41;46;44
TE175;23.01.2024;20;1.0;1128;42;1111;42;17;42
TE175;23.01.2024;21;1.0;1044;45;1028;45;16;47
TE175;23.01.2024;22;1.0;978;52;964;52;14;50
TE175;23.01.2024;23;1.0;666;54;660;54;6;54
TE175;24.01.2024;0;1.0;392;58;388;58;4;58
TE175;24.01.2024;1;1.0;242;57;237;57;5;56
TE175;24.01.2024;2;1.0;196;51;193;50;3;53
TE175;24.01.2024;3;1.0;220;57;210;57;10;56
TE175;24.01.2024;4;1.0;336;58;318;58;18;60
TE175;24.01.2024;5;1.0;855;56;821;56;34;59
TE175;24.01.2024;6;1.0;1197;44;1134;44;63;52
TE175;24.01.2024;7;1.0;1255;46;1187;46;68;49
TE175;24.01.2024;8;1.0;1209;43;1160;43;49;47
TE175;24.01.2024;9;1.0;1352;43;1275;43;77;45
TE175;24.01.2024;10;1.0;1275;46;1210;46;65;47
TE175;24.01.2024;11;1.0;1249;41;1154;40;95;48
TE175;24.01.2024;12;1.0;1204;35;1130;35;74;45
TE175;24.01.2024;13;1.0;1332;39;1239;39;93;43
TE175;24.01.2024;14;1.0;1365;34;1308;34;57;39
TE175;24.01.2024;15;1.0;1315;27;1282;27;33;33
TE175;24.01.2024;16;1.0;1100;46;1081;46;19;48
TE175;24.01.2024;17;1.0;1277;46;1253;46;24;48
TE175;24.01.2024;18;1.0;1340;44;1298;44;42;46
TE175;24.01.2024;19;1.0;1330;40;1299;40;31;44
TE175;24.01.2024;20;1.0;1137;50;1117;50;20;50
TE175;24.01.2024;21;1.0;1095;50;1077;50;18;50
TE175;24.01.2024;22;1.0;1099;49;1081;49;18;51
TE175;24.01.2024;23;1.0;747;43;731;43;16;46
TE175;25.01.2024;0;1.0;433;46;424;46;9;49
TE175;25.01.2024;1;1.0;275;46;262;46;13;55
TE175;25.01.2024;2;1.0;168;43;159;43;9;51
TE175;25.01.2024;3;1.0;218;59;205;59;13;60
TE175;25.01.2024;4;1.0;352;59;335;59;17;59
TE175;25.01.2024;5;1.0;834;55;792;55;42;53
TE175;25.01.2024;6;1.0;1164;50;1123;50;41;52
TE175;25.01.2024;7;1.0;1372;47;1321;47;51;48
TE175;25.01.2024;8;1.0;1311;45;1260;45;51;47
TE175;25.01.2024;9;1.0;1387;43;1322;43;65;45
TE175;25.01.2024;10;1.0;1074;44;1038;44;36;46
TE175;25.01.2024;11;1.0;1180;44;1141;44;39;46
TE175;25.01.2024;12;1.0;1301;44;1259;44;42;43
TE175;25.01.2024;13;1.0;1219;45;1184;44;35;46
TE175;25.01.2024;14;1.0;1292;42;1260;41;32;46
TE175;25.01.2024;15;1.0;1077;34;1048;34;29;32
TE175;25.01.2024;16;1.0;763;28;739;28;24;25
TE175;25.01.2024;17;1.0;1109;47;1094;47;15;51
TE175;25.01.2024;18;1.0;1276;49;1241;49;35;50
TE175;25.01.2024;19;1.0;1211;49;1197;49;14;52
TE175;25.01.2024;20;1.0;1259;50;1241;50;18;50
TE175;25.01.2024;21;1.0;1168;47;1151;47;16;49
TE175;25.01.2024;22;1.0;1234;44;1219;44;15;48
TE175;25.01.2024;23;1.0;975;41;952;41;23;43
TE175;26.01.2024;0;1.0;468;45;460;45;8;49
TE175;26.01.2024;1;1.0;391;52;376;52;15;51
TE175;26.01.2024;2;1.0;257;55;248;55;9;53
TE175;26.01.2024;3;1.0;250;55;233;55;17;55
TE175;26.01.2024;4;1.0;396;59;383;59;13;62
TE175;26.01.2024;5;1.0;853;57;824;57;29;57
TE175;26.01.2024;6;1.0;1207;53;1154;53;53;53
TE175;26.01.2024;7;1.0;1309;43;1257;43;52;45
TE175;26.01.2024;8;1.0;1394;43;1328;43;66;43
TE175;26.01.2024;9;1.0;1337;47;1288;47;49;49
TE175;26.01.2024;10;1.0;1222;47;1177;47;45;50
TE175;26.01.2024;11;1.0;1150;48;1126;48;24;50
TE175;26.01.2024;12;1.0;1125;41;1093;41;33;41
TE175;26.01.2024;13;1.0;1337;46;1312;46;25;47
TE175;26.01.2024;14;1.0;1280;43;1263;43;17;38
TE175;26.01.2024;15;1.0;1029;43;1027;43;2;48
TE175;26.01.2024;16;1.0;1055;48;1041;48;14;48
TE175;26.01.2024;17;1.0;1391;45;1361;45;30;46
TE175;26.01.2024;18;1.0;1359;47;1324;47;35;48
TE175;26.01.2024;19;1.0;1287;47;1262;47;25;47
TE175;26.01.2024;20;1.0;1145;46;1118;46;27;47
TE175;26.01.2024;21;1.0;1127;44;1095;44;32;46
TE175;26.01.2024;22;1.0;1210;40;1169;40;41;43
TE175;26.01.2024;23;1.0;1227;43;1201;43;26;47
TE175;27.01.2024;0;1.0;782;50;767;50;15;52
TE175;27.01.2024;1;1.0;604;52;594;52;10;53
TE175;27.01.2024;2;1.0;487;54;477;54;10;54
TE175;27.01.2024;3;1.0;427;53;417;53;10;55
TE175;27.01.2024;4;1.0;385;57;380;57;5;59
TE175;27.01.2024;5;1.0;463;47;446;47;17;56
TE175;27.01.2024;6;1.0;492;51;478;51;14;52
TE175;27.01.2024;7;1.0;652;48;630;48;22;53
TE175;27.01.2024;8;1.0;790;47;771;47;21;46
TE175;27.01.2024;9;1.0;1044;50;1028;50;16;51
TE175;27.01.2024;10;1.0;1121;50;1102;50;19;50
TE175;27.01.2024;11;1.0;1238;49;1226;49;12;48
TE175;27.01.2024;12;1.0;1312;50;1303;50;9;50
TE175;27.01.2024;13;1.0;1350;48;1333;48;17;49
TE175;27.01.2024;14;1.0;1515;40;1485;40;30;42
TE175;27.01.2024;15;1.0;1262;37;1240;37;22;41
TE175;27.01.2024;16;1.0;1106;36;1050;36;56;40
TE175;27.01.2024;17;1.0;1127;42;1084;42;43;42
TE175;27.01.2024;18;1.0;1326;42;1307;42;19;46
TE175;27.01.2024;19;1.0;1238;41;1197;41;41;44
TE175;27.01.2024;20;1.0;1243;41;1222;41;21;42
TE175;27.01.2024;21;1.0;1182;38;1155;38;27;42
TE175;27.01.2024;22;1.0;1297;36;1257;36;40;35
TE175;27.01.2024;23;1.0;1040;42;1025;42;15;42
TE175;28.01.2024;0;1.0;918;42;898;42;20;46
TE175;28.01.2024;1;1.0;757;47;737;46;20;50
TE175;28.01.2024;2;1.0;562;47;557;47;5;49
TE175;28.01.2024;3;1.0;517;50;505;50;12;50
TE175;28.01.2024;4;1.0;454;52;449;52;5;55
TE175;28.01.2024;5;1.0;432;53;429;53;3;54
TE175;28.01.2024;6;1.0;414;51;409;51;5;59
TE175;28.01.2024;7;1.0;412;48;408;48;4;51
TE175;28.01.2024;8;1.0;595;45;581;45;14;44
TE175;28.01.2024;9;1.0;837;50;817;50;20;49
TE175;28.01.2024;10;1.0;1150;45;1112;45;38;48
TE175;28.01.2024;11;1.0;1187;45;1168;45;19;47
TE175;28.01.2024;12;1.0;1288;44;1274;44;14;44
TE175;28.01.2024;13;1.0;1315;44;1288;44;27;45
TE175;28.01.2024;14;1.0;1258;45;1240;45;18;47
TE175;28.01.2024;15;1.0;1359;44;1335;44;24;44
TE175;28.01.2024;16;1.0;1365;43;1334;43;31;44
TE175;28.01.2024;17;1.0;1232;46;1205;46;27;47
TE175;28.01.2024;18;1.0;1223;46;1200;46;23;47
TE175;28.01.2024;19;1.0;1247;47;1216;47;31;47
TE175;28.01.2024;20;1.0;1203;46;1162;46;41;47
TE175;28.01.2024;21;1.0;1067;48;1047;48;20;49
TE175;28.01.2024;22;1.0;881;50;856;50;25;50
TE175;28.01.2024;23;1.0;653;53;636;53;17;51
TE175;29.01.2024;0;1.0;441;52;428;52;13;52
TE175;29.01.2024;1;1.0;249;55;238;54;11;57
TE175;29.01.2024;2;1.0;163;55;157;55;6;54
TE175;29.01.2024;3;1.0;240;52;220;52;20;50
TE175;29.01.2024;4;1.0;355;59;328;59;27;60
TE175;29.01.2024;5;1.0;875;55;818;55;57;56
TE175;29.01.2024;6;1.0;1201;51;1122;51;79;52
TE175;29.01.2024;7;1.0;1293;47;1201;47;92;48
TE175;29.01.2024;8;1.0;1257;40;1083;40;174;36
TE175;29.01.2024;9;1.0;1176;46;1066;46;110;45
TE175;29.01.2024;10;1.0;1282;46;1140;46;142;45
TE175;29.01.2024;11;1.0;1268;47;1179;47;89;48
TE175;29.01.2024;12;1.0;1224;42;1161;42;63;44
TE175;29.01.2024;13;1.0;1286;46;1198;46;88;44
TE175;29.01.2024;14;1.0;1349;46;1265;46;84;47
TE175;29.01.2024;15;1.0;1220;41;1116;41;104;39
TE175;29.01.2024;16;1.0;1160;42;1091;43;69;39
TE175;29.01.2024;17;1.0;1359;47;1313;47;46;47
TE175;29.01.2024;18;1.0;1327;47;1296;47;31;48
TE175;29.01.2024;19;1.0;1236;49;1198;49;38;48
TE175;29.01.2024;20;1.0;1082;49;1041;49;41;49
TE175;29.01.2024;21;1.0;942;48;912;48;30;50
TE175;29.01.2024;22;1.0;875;52;852;52;23;52
TE175;29.01.2024;23;1.0;611;54;591;54;20;54
TE175;30.01.2024;0;1.0;360;53;359;53;1;53
TE175;30.01.2024;1;1.0;223;56;219;56;4;50
TE175;30.01.2024;2;1.0;195;58;184;57;11;57
TE175;30.01.2024;3;1.0;205;57;189;57;16;57
TE175;30.01.2024;4;1.0;315;57;286;57;29;57
TE175;30.01.2024;5;1.0;759;50;719;50;41;49
TE175;30.01.2024;6;1.0;1184;51;1090;51;94;51
TE175;30.01.2024;7;1.0;1190;50;1113;50;77;49
TE175;30.01.2024;8;1.0;1220;49;1136;49;84;49
TE175;30.01.2024;9;1.0;1318;46;1215;46;103;47
TE175;30.01.2024;10;1.0;1264;47;1166;47;98;47
TE175;30.01.2024;11;1.0;1254;45;1149;45;105;45
TE175;30.01.2024;12;1.0;1170;47;1072;47;98;48
TE175;30.01.2024;13;1.0;1236;46;1147;46;89;46
TE175;30.01.2024;14;1.0;1384;45;1289;45;95;46
TE175;30.01.2024;15;1.0;1362;45;1286;45;76;46
TE175;30.01.2024;16;1.0;1147;43;1097;43;50;39
TE175;30.01.2024;17;1.0;1372;46;1307;46;65;47
TE175;30.01.2024;18;1.0;1317;48;1278;48;39;47
TE175;30.01.2024;19;1.0;1041;50;1007;50;34;51
TE175;30.01.2024;20;1.0;1097;50;1063;50;34;52
TE175;30.01.2024;21;1.0;1035;51;1022;50;13;52
TE175;30.01.2024;22;1.0;923;50;908;50;15;51
TE175;30.01.2024;23;1.0;669;53;655;53;14;53
TE175;31.01.2024;0;1.0;372;55;356;55;16;52
TE175;31.01.2024;1;1.0;271;59;260;59;11;59
TE175;31.01.2024;2;1.0;215;57;208;57;7;55
TE175;31.01.2024;3;1.0;211;58;193;59;18;57
TE175;31.01.2024;4;1.0;306;59;279;59;27;61
TE175;31.01.2024;5;1.0;731;59;713;59;18;60
TE175;31.01.2024;6;1.0;1129;54;1087;54;42;55
TE175;31.01.2024;7;1.0;1224;49;1168;49;56;49
TE175;31.01.2024;8;1.0;1282;47;1262;47;20;48
TE175;31.01.2024;9;1.0;1265;46;1222;46;43;49
TE175;31.01.2024;10;1.0;1223;49;1160;49;63;50
TE175;31.01.2024;11;1.0;1330;46;1261;46;69;47
TE175;31.01.2024;12;1.0;1227;46;1165;46;62;49
TE175;31.01.2024;13;1.0;1373;45;1298;45;75;47
TE175;31.01.2024;14;1.0;1354;45;1298;45;56;46
TE175;31.01.2024;15;1.0;1347;45;1312;45;35;46
TE175;31.01.2024;16;1.0;1263;47;1239;46;24;46
TE175;31.01.2024;17;1.0;1397;48;1376;48;21;48
TE175;31.01.2024;18;1.0;1279;50;1267;50;12;49
TE175;31.01.2024;19;1.0;1277;49;1259;49;18;50
TE175;31.01.2024;20;1.0;1198;50;1183;50;15;50
TE175;31.01.2024;21;1.0;1058;52;1051;52;7;53
TE175;31.01.2024;22;1.0;1129;53;1117;53;12;52
TE175;31.01.2024;23;1.0;854;55;841;55;13;55
TE178;01.01.2024;0;1.0;206;48;202;48;4;48
TE178;01.01.2024;1;1.0;399;48;399;48;0;-1
TE178;01.01.2024;2;1.0;342;43;342;43;0;-1
TE178;01.01.2024;3;1.0;270;45;269;45;1;45
TE178;01.01.2024;4;1.0;219;49;219;49;0;-1
TE178;01.01.2024;5;1.0;227;50;226;50;1;50
TE178;01.01.2024;6;1.0;189;49;187;49;2;48
TE178;01.01.2024;7;1.0;146;52;139;52;7;53
TE178;01.01.2024;8;1.0;153;51;147;51;6;52
TE178;01.01.2024;9;1.0;148;44;140;44;8;42
TE178;01.01.2024;10;1.0;198;46;191;46;7;45
TE178;01.01.2024;11;1.0;260;44;250;44;10;43
TE178;01.01.2024;12;1.0;281;43;271;43;10;43
TE178;01.01.2024;13;1.0;349;42;340;42;9;43
TE178;01.01.2024;14;1.0;398;43;388;43;10;40
TE178;01.01.2024;15;1.0;426;44;416;43;10;43
TE178;01.01.2024;16;1.0;471;42;463;42;8;43
TE178;01.01.2024;17;1.0;432;45;425;45;7;47
TE178;01.01.2024;18;1.0;477;44;468;44;9;44
TE178;01.01.2024;19;1.0;424;48;417;48;7;46
TE178;01.01.2024;20;1.0;397;47;388;47;9;46
TE178;01.01.2024;21;1.0;345;49;340;49;5;51
TE178;01.01.2024;22;1.0;333;48;326;48;7;48
TE178;01.01.2024;23;1.0;289;48;281;48;8;50
TE178;02.01.2024;0;1.0;188;48;181;48;7;49
TE178;02.01.2024;1;1.0;123;48;121;48;2;52
TE178;02.01.2024;2;1.0;94;49;91;49;3;46
TE178;02.01.2024;3;1.0;89;48;87;48;2;44
TE178;02.01.2024;4;1.0;101;45;100;45;1;37
TE178;02.01.2024;5;1.0;174;43;168;43;6;41
TE178;02.01.2024;6;1.0;248;43;239;43;9;42
TE178;02.01.2024;7;1.0;322;37;312;37;10;35
TE178;02.01.2024;8;1.0;392;40;382;40;10;35
TE178;02.01.2024;9;1.0;433;41;421;41;12;40
TE178;02.01.2024;10;1.0;494;41;483;41;11;40
TE178;02.01.2024;11;1.0;577;41;567;41;10;40
TE178;02.01.2024;12;1.0;623;39;611;39;12;38
TE178;02.01.2024;13;1.0;707;39;701;39;6;39
TE178;02.01.2024;14;1.0;717;39;709;39;8;39
TE178;02.01.2024;15;1.0;771;39;766;39;5;40
TE178;02.01.2024;16;1.0;683;40;677;40;6;39
TE178;02.01.2024;17;1.0;639;43;636;43;3;41
TE178;02.01.2024;18;1.0;596;45;590;45;6;44
TE178;02.01.2024;19;1.0;539;45;531;45;8;48
TE178;02.01.2024;20;1.0;466;48;459;48;7;45
TE178;02.01.2024;21;1.0;401;47;393;47;8;47
TE178;02.01.2024;22;1.0;389;47;385;47;4;46
TE178;02.01.2024;23;1.0;312;49;308;49;4;44
TE178;03.01.2024;0;1.0;212;47;211;47;1;49
TE178;03.01.2024;1;1.0;156;46;156;46;0;-1
TE178;03.01.2024;2;1.0;102;44;102;44;0;-1
TE178;03.01.2024;3;1.0;81;46;80;46;1;48
TE178;03.01.2024;4;1.0;92;46;92;46;0;-1
TE178;03.01.2024;5;1.0;175;45;171;45;4;45
TE178;03.01.2024;6;1.0;284;45;270;45;14;44
TE178;03.01.2024;7;1.0;382;37;363;38;19;37
TE178;03.01.2024;8;1.0;435;36;425;36;10;36
TE178;03.01.2024;9;1.0;537;35;522;35;15;34
TE178;03.01.2024;10;1.0;597;34;584;34;13;35
TE178;03.01.2024;11;1.0;599;33;576;33;23;34
TE178;03.01.2024;12;1.0;705;33;677;33;28;34
TE178;03.01.2024;13;1.0;671;38;657;38;14;37
TE178;03.01.2024;14;1.0;712;35;694;35;18;34
TE178;03.01.2024;15;1.0;817;34;803;34;14;35
TE178;03.01.2024;16;1.0;764;36;755;36;9;36
TE178;03.01.2024;17;1.0;705;40;689;40;16;41
TE178;03.01.2024;18;1.0;688;40;677;40;11;41
TE178;03.01.2024;19;1.0;571;39;559;39;12;39
TE178;03.01.2024;20;1.0;546;41;538;41;8;38
TE178;03.01.2024;21;1.0;461;45;454;44;7;44
TE178;03.01.2024;22;1.0;340;46;334;46;6;45
TE178;03.01.2024;23;1.0;277;47;271;47;6;44
TE178;04.01.2024;0;1.0;239;48;235;48;4;47
TE178;04.01.2024;1;1.0;123;49;122;49;1;46
TE178;04.01.2024;2;1.0;93;47;91;48;2;48
TE178;04.01.2024;3;1.0;91;48;88;48;3;43
TE178;04.01.2024;4;1.0;101;51;100;51;1;39
TE178;04.01.2024;5;1.0;158;49;154;49;4;42
TE178;04.01.2024;6;1.0;259;48;252;48;7;46
TE178;04.01.2024;7;1.0;371;41;357;40;14;41
TE178;04.01.2024;8;1.0;449;37;425;37;24;38
TE178;04.01.2024;9;1.0;557;35;532;35;25;36
TE178;04.01.2024;10;1.0;565;35;539;35;26;34
TE178;04.01.2024;11;1.0;650;34;616;34;34;34
TE178;04.01.2024;12;1.0;764;34;749;34;15;34
TE178;04.01.2024;13;1.0;752;34;724;34;28;34
TE178;04.01.2024;14;1.0;784;32;775;32;9;32
TE178;04.01.2024;15;1.0;882;32;865;32;17;33
TE178;04.01.2024;16;1.0;786;34;768;34;18;35
TE178;04.01.2024;17;1.0;742;39;717;39;25;40
TE178;04.01.2024;18;1.0;695;41;682;41;13;38
TE178;04.01.2024;19;1.0;607;42;590;42;17;41
TE178;04.01.2024;20;1.0;580;42;566;42;14;42
TE178;04.01.2024;21;1.0;452;46;441;46;11;44
TE178;04.01.2024;22;1.0;382;45;378;45;4;49
TE178;04.01.2024;23;1.0;343;45;336;45;7;45
TE178;05.01.2024;0;1.0;206;50;203;50;3;47
TE178;05.01.2024;1;1.0;126;49;123;49;3;48
TE178;05.01.2024;2;1.0;115;48;114;48;1;49
TE178;05.01.2024;3;1.0;81;50;80;50;1;46
TE178;05.01.2024;4;1.0;105;45;103;45;1;46
TE178;05.01.2024;5;1.0;179;47;172;47;7;47
TE178;05.01.2024;6;1.0;279;43;264;43;15;43
TE178;05.01.2024;7;1.0;361;37;337;36;24;38
TE178;05.01.2024;8;1.0;425;37;412;37;13;35
TE178;05.01.2024;9;1.0;494;37;486;37;8;37
TE178;05.01.2024;10;1.0;536;37;524;37;12;36
TE178;05.01.2024;11;1.0;620;39;600;39;20;39
TE178;05.01.2024;12;1.0;716;37;689;37;27;39
TE178;05.01.2024;13;1.0;762;36;744;36;18;36
TE178;05.01.2024;14;1.0;800;35;781;35;19;37
TE178;05.01.2024;15;1.0;831;36;822;36;9;35
TE178;05.01.2024;16;1.0;805;37;785;37;20;37
TE178;05.01.2024;17;1.0;707;41;696;41;11;41
TE178;05.01.2024;18;1.0;648;44;631;44;17;43
TE178;05.01.2024;19;1.0;618;44;607;44;11;43
TE178;05.01.2024;20;1.0;562;46;548;46;14;45
TE178;05.01.2024;21;1.0;497;44;486;44;11;45
TE178;05.01.2024;22;1.0;432;47;425;47;7;49
TE178;05.01.2024;23;1.0;380;47;374;47;6;49
TE178;06.01.2024;0;1.0;321;49;319;49;2;48
TE178;06.01.2024;1;1.0;235;50;233;50;2;49
TE178;06.01.2024;2;1.0;171;48;169;48;2;45
TE178;06.01.2024;3;1.0;130;50;128;50;2;52
TE178;06.01.2024;4;1.0;134;52;132;52;2;54
TE178;06.01.2024;5;1.0;134;49;131;49;3;49
TE178;06.01.2024;6;1.0;134;45;133;45;1;42
TE178;06.01.2024;7;1.0;168;45;155;45;13;45
TE178;06.01.2024;8;1.0;252;45;237;45;15;44
TE178;06.01.2024;9;1.0;354;39;339;39;15;42
TE178;06.01.2024;10;1.0;444;38;425;38;19;39
TE178;06.01.2024;11;1.0;558;40;545;40;13;41
TE178;06.01.2024;12;1.0;552;37;536;37;16;37
TE178;06.01.2024;13;1.0;686;40;668;40;18;41
TE178;06.01.2024;14;1.0;689;40;675;40;14;41
TE178;06.01.2024;15;1.0;718;40;702;40;16;40
TE178;06.01.2024;16;1.0;688;42;670;42;18;41
TE178;06.01.2024;17;1.0;628;42;616;42;12;42
TE178;06.01.2024;18;1.0;667;43;646;43;21;43
TE178;06.01.2024;19;1.0;640;43;626;43;14;42
TE178;06.01.2024;20;1.0;603;45;593;44;10;44
TE178;06.01.2024;21;1.0;519;44;509;44;10;43
TE178;06.01.2024;22;1.0;440;46;431;46;9;47
TE178;06.01.2024;23;1.0;429;47;422;47;7;47
TE178;07.01.2024;0;1.0;384;48;381;48;3;42
TE178;07.01.2024;1;1.0;255;50;254;50;1;48
TE178;07.01.2024;2;1.0;209;46;207;46;2;48
TE178;07.01.2024;3;1.0;157;47;155;47;2;46
TE178;07.01.2024;4;1.0;135;46;129;46;6;48
TE178;07.01.2024;5;1.0;127;45;124;45;3;44
TE178;07.01.2024;6;1.0;101;47;99;47;2;46
TE178;07.01.2024;7;1.0;96;38;88;38;7;40
TE178;07.01.2024;8;1.0;149;44;142;44;7;45
TE178;07.01.2024;9;1.0;198;45;190;45;8;47
TE178;07.01.2024;10;1.0;271;45;266;46;5;46
TE178;07.01.2024;11;1.0;335;44;324;44;11;46
TE178;07.01.2024;12;1.0;420;45;407;45;13;48
TE178;07.01.2024;13;1.0;481;46;468;46;13;45
TE178;07.01.2024;14;1.0;519;44;510;44;9;44
TE178;07.01.2024;15;1.0;548;45;542;45;6;46
TE178;07.01.2024;16;1.0;538;45;529;45;9;45
TE178;07.01.2024;17;1.0;562;45;551;45;11;45
TE178;07.01.2024;18;1.0;553;45;545;45;8;44
TE178;07.01.2024;19;1.0;472;47;461;47;11;48
TE178;07.01.2024;20;1.0;451;46;444;46;7;43
TE178;07.01.2024;21;1.0;376;43;364;43;12;43
TE178;07.01.2024;22;1.0;317;43;306;43;11;42
TE178;07.01.2024;23;1.0;293;45;281;44;12;46
TE178;08.01.2024;0;1.0;187;47;179;47;8;45
TE178;08.01.2024;1;1.0;111;47;109;47;2;52
TE178;08.01.2024;2;1.0;80;44;76;44;4;43
TE178;08.01.2024;3;1.0;68;45;66;45;2;39
TE178;08.01.2024;4;1.0;107;44;105;44;2;43
TE178;08.01.2024;5;1.0;203;44;192;44;11;44
TE178;08.01.2024;6;1.0;306;42;293;42;13;40
TE178;08.01.2024;7;1.0;478;36;453;35;25;36
TE178;08.01.2024;8;1.0;616;32;591;32;25;33
TE178;08.01.2024;9;1.0;583;32;566;32;17;32
TE178;08.01.2024;10;1.0;547;32;522;32;25;31
TE178;08.01.2024;11;1.0;623;32;598;32;25;34
TE178;08.01.2024;12;1.0;681;33;657;33;24;32
TE178;08.01.2024;13;1.0;716;32;686;32;30;32
TE178;08.01.2024;14;1.0;758;33;735;33;23;34
TE178;08.01.2024;15;1.0;875;33;859;33;16;34
TE178;08.01.2024;16;1.0;816;35;797;35;19;36
TE178;08.01.2024;17;1.0;736;38;720;38;16;38
TE178;08.01.2024;18;1.0;660;40;644;40;16;39
TE178;08.01.2024;19;1.0;605;41;592;41;13;41
TE178;08.01.2024;20;1.0;534;41;522;41;12;41
TE178;08.01.2024;21;1.0;378;43;368;43;10;42
TE178;08.01.2024;22;1.0;317;43;306;43;11;45
TE178;08.01.2024;23;1.0;264;46;255;46;9;42
TE178;09.01.2024;0;1.0;176;46;172;46;4;45
TE178;09.01.2024;1;1.0;121;46;118;46;3;46
TE178;09.01.2024;2;1.0;75;33;71;34;4;31
TE178;09.01.2024;3;1.0;87;45;85;45;2;40
TE178;09.01.2024;4;1.0;97;45;96;46;1;45
TE178;09.01.2024;5;1.0;199;44;192;44;7;46
TE178;09.01.2024;6;1.0;311;42;300;42;11;42
TE178;09.01.2024;7;1.0;494;35;477;35;17;35
TE178;09.01.2024;8;1.0;606;33;583;33;23;33
TE178;09.01.2024;9;1.0;595;33;576;33;19;34
TE178;09.01.2024;10;1.0;636;34;613;34;23;33
TE178;09.01.2024;11;1.0;678;34;648;34;30;34
TE178;09.01.2024;12;1.0;757;33;731;33;26;33
TE178;09.01.2024;13;1.0;776;32;755;32;21;32
TE178;09.01.2024;14;1.0;847;33;826;33;21;33
TE178;09.01.2024;15;1.0;898;33;886;33;12;33
TE178;09.01.2024;16;1.0;895;34;884;34;11;34
TE178;09.01.2024;17;1.0;751;38;732;38;19;40
TE178;09.01.2024;18;1.0;713;40;702;40;11;38
TE178;09.01.2024;19;1.0;632;39;619;39;13;38
TE178;09.01.2024;20;1.0;581;42;563;42;18;42
TE178;09.01.2024;21;1.0;399;44;389;44;10;44
TE178;09.01.2024;22;1.0;337;45;328;45;9;45
TE178;09.01.2024;23;1.0;280;45;274;45;6;44
TE178;10.01.2024;0;1.0;187;48;184;48;3;47
TE178;10.01.2024;1;1.0;120;46;116;46;4;46
TE178;10.01.2024;2;1.0;97;50;95;50;2;46
TE178;10.01.2024;3;1.0;84;45;83;45;1;45
TE178;10.01.2024;4;1.0;121;47;119;47;2;48
TE178;10.01.2024;5;1.0;190;45;185;45;5;43
TE178;10.01.2024;6;1.0;342;45;324;45;18;46
TE178;10.01.2024;7;1.0;525;36;509;36;16;36
TE178;10.01.2024;8;1.0;665;35;648;35;17;35
TE178;10.01.2024;9;1.0;655;36;641;36;14;36
TE178;10.01.2024;10;1.0;640;36;624;36;16;34
TE178;10.01.2024;11;1.0;718;34;697;34;21;33
TE178;10.01.2024;12;1.0;717;35;697;35;20;34
TE178;10.01.2024;13;1.0;817;34;790;34;27;35
TE178;10.01.2024;14;1.0;830;35;815;35;15;35
TE178;10.01.2024;15;1.0;945;35;933;35;12;36
TE178;10.01.2024;16;1.0;852;35;828;35;24;35
TE178;10.01.2024;17;1.0;852;38;834;38;18;39
TE178;10.01.2024;18;1.0;702;40;684;40;18;38
TE178;10.01.2024;19;1.0;639;42;623;42;16;42
TE178;10.01.2024;20;1.0;532;43;522;43;10;43
TE178;10.01.2024;21;1.0;455;44;447;44;8;44
TE178;10.01.2024;22;1.0;381;44;372;44;9;45
TE178;10.01.2024;23;1.0;305;46;298;46;7;45
TE178;11.01.2024;0;1.0;216;48;209;48;7;46
TE178;11.01.2024;1;1.0;111;48;109;48;2;48
TE178;11.01.2024;2;1.0;110;49;107;49;3;47
TE178;11.01.2024;3;1.0;68;49;66;49;2;42
TE178;11.01.2024;4;1.0;129;51;127;51;2;49
TE178;11.01.2024;5;1.0;191;50;187;50;4;52
TE178;11.01.2024;6;1.0;316;51;308;51;8;48
TE178;11.01.2024;7;1.0;471;39;459;39;12;41
TE178;11.01.2024;8;1.0;555;31;537;31;18;28
TE178;11.01.2024;9;1.0;541;38;525;38;16;38
TE178;11.01.2024;10;1.0;628;36;619;36;9;36
TE178;11.01.2024;11;1.0;603;37;594;37;9;38
TE178;11.01.2024;12;1.0;706;35;697;35;9;37
TE178;11.01.2024;13;1.0;783;35;776;35;7;35
TE178;11.01.2024;14;1.0;812;36;804;36;8;38
TE178;11.01.2024;15;1.0;854;36;848;36;6;35
TE178;11.01.2024;16;1.0;841;37;836;37;5;37
TE178;11.01.2024;17;1.0;839;39;832;39;7;40
TE178;11.01.2024;18;1.0;811;40;800;40;11;41
TE178;11.01.2024;19;1.0;665;42;655;42;10;41
TE178;11.01.2024;20;1.0;578;45;566;45;12;44
TE178;11.01.2024;21;1.0;462;46;454;46;8;45
TE178;11.01.2024;22;1.0;403;46;397;46;6;45
TE178;11.01.2024;23;1.0;336;48;327;48;9;47
TE178;12.01.2024;0;1.0;256;49;254;49;2;45
TE178;12.01.2024;1;1.0;143;53;141;54;2;45
TE178;12.01.2024;2;1.0;120;52;120;52;0;-1
TE178;12.01.2024;3;1.0;81;51;79;51;2;46
TE178;12.01.2024;4;1.0;107;50;106;50;1;51
TE178;12.01.2024;5;1.0;175;52;172;52;3;51
TE178;12.01.2024;6;1.0;317;48;310;48;7;45
TE178;12.01.2024;7;1.0;468;39;458;39;10;38
TE178;12.01.2024;8;1.0;546;38;538;38;8;37
TE178;12.01.2024;9;1.0;598;36;589;36;9;35
TE178;12.01.2024;10;1.0;608;37;596;37;12;36
TE178;12.01.2024;11;1.0;628;36;620;36;8;34
TE178;12.01.2024;12;1.0;719;37;711;37;8;36
TE178;12.01.2024;13;1.0;812;38;802;38;10;37
TE178;12.01.2024;14;1.0;846;37;838;37;8;36
TE178;12.01.2024;15;1.0;871;38;865;38;6;38
TE178;12.01.2024;16;1.0;856;39;847;39;9;38
TE178;12.01.2024;17;1.0;722;42;713;42;9;40
TE178;12.01.2024;18;1.0;694;43;689;43;5;42
TE178;12.01.2024;19;1.0;659;43;655;43;4;43
TE178;12.01.2024;20;1.0;561;45;554;45;7;45
TE178;12.01.2024;21;1.0;491;45;482;45;9;45
TE178;12.01.2024;22;1.0;456;46;446;46;10;44
TE178;12.01.2024;23;1.0;391;47;387;47;4;45
TE178;13.01.2024;0;1.0;319;49;316;49;3;48
TE178;13.01.2024;1;1.0;226;51;222;51;4;52
TE178;13.01.2024;2;1.0;160;48;160;48;0;-1
TE178;13.01.2024;3;1.0;131;51;130;51;1;45
TE178;13.01.2024;4;1.0;109;53;108;53;1;46
TE178;13.01.2024;5;1.0;129;47;129;47;0;-1
TE178;13.01.2024;6;1.0;147;51;146;51;1;48
TE178;13.01.2024;7;1.0;150;48;146;49;4;49
TE178;13.01.2024;8;1.0;221;49;214;50;7;48
TE178;13.01.2024;9;1.0;322;46;313;46;9;43
TE178;13.01.2024;10;1.0;421;44;412;44;9;43
TE178;13.01.2024;11;1.0;531;43;519;43;12;43
TE178;13.01.2024;12;1.0;628;37;621;37;8;35
TE178;13.01.2024;13;1.0;590;43;580;43;10;41
TE178;13.01.2024;14;1.0;718;43;707;43;11;42
TE178;13.01.2024;15;1.0;729;43;722;43;7;43
TE178;13.01.2024;16;1.0;715;43;704;43;11;41
TE178;13.01.2024;17;1.0;718;43;715;43;3;42
TE178;13.01.2024;18;1.0;665;44;652;44;13;43
TE178;13.01.2024;19;1.0;599;45;588;45;11;43
TE178;13.01.2024;20;1.0;530;46;520;46;10;46
TE178;13.01.2024;21;1.0;481;46;472;47;9;48
TE178;13.01.2024;22;1.0;492;49;486;49;6;48
TE178;13.01.2024;23;1.0;427;50;421;50;6;49
TE178;14.01.2024;0;1.0;316;51;313;51;3;53
TE178;14.01.2024;1;1.0;284;52;281;53;3;54
TE178;14.01.2024;2;1.0;180;53;179;53;1;59
TE178;14.01.2024;3;1.0;125;52;124;52;1;42
TE178;14.01.2024;4;1.0;137;50;136;50;1;45
TE178;14.01.2024;5;1.0;115;50;112;50;3;52
TE178;14.01.2024;6;1.0;102;53;100;52;2;57
TE178;14.01.2024;7;1.0;99;53;95;53;4;52
TE178;14.01.2024;8;1.0;116;52;112;52;4;50
TE178;14.01.2024;9;1.0;189;52;184;52;5;48
TE178;14.01.2024;10;1.0;282;49;273;49;9;50
TE178;14.01.2024;11;1.0;327;47;320;48;7;44
TE178;14.01.2024;12;1.0;403;48;389;48;14;47
TE178;14.01.2024;13;1.0;530;45;521;45;9;47
TE178;14.01.2024;14;1.0;514;47;499;47;15;47
TE178;14.01.2024;15;1.0;544;46;534;47;10;48
TE178;14.01.2024;16;1.0;578;47;573;47;5;47
TE178;14.01.2024;17;1.0;574;46;568;46;6;48
TE178;14.01.2024;18;1.0;540;47;535;47;5;46
TE178;14.01.2024;19;1.0;522;46;513;46;9;45
TE178;14.01.2024;20;1.0;405;48;398;48;7;45
TE178;14.01.2024;21;1.0;368;48;358;48;10;48
TE178;14.01.2024;22;1.0;366;49;361;49;5;41
TE178;14.01.2024;23;1.0;292;49;286;49;6;48
TE178;15.01.2024;0;1.0;185;51;180;51;5;45
TE178;15.01.2024;1;1.0;128;52;127;52;1;50
TE178;15.01.2024;2;1.0;91;52;89;52;2;52
TE178;15.01.2024;3;1.0;90;52;88;52;2;52
TE178;15.01.2024;4;1.0;107;54;107;54;0;-1
TE178;15.01.2024;5;1.0;180;55;173;55;7;51
TE178;15.01.2024;6;1.0;306;49;293;49;13;51
TE178;15.01.2024;7;1.0;465;40;457;41;8;39
TE178;15.01.2024;8;1.0;497;37;488;38;9;31
TE178;15.01.2024;9;1.0;558;38;544;38;14;36
TE178;15.01.2024;10;1.0;635;37;621;37;14;37
TE178;15.01.2024;11;1.0;634;38;628;38;6;36
TE178;15.01.2024;12;1.0;669;38;655;38;14;37
TE178;15.01.2024;13;1.0;762;35;739;35;23;35
TE178;15.01.2024;14;1.0;792;35;774;35;18;35
TE178;15.01.2024;15;1.0;876;36;866;36;10;36
TE178;15.01.2024;16;1.0;728;39;715;39;13;39
TE178;15.01.2024;17;1.0;720;42;715;42;5;39
TE178;15.01.2024;18;1.0;726;42;713;42;13;43
TE178;15.01.2024;19;1.0;567;44;555;44;12;44
TE178;15.01.2024;20;1.0;522;46;512;46;10;44
TE178;15.01.2024;21;1.0;377;45;370;45;7;44
TE178;15.01.2024;22;1.0;337;48;328;48;9;45
TE178;15.01.2024;23;1.0;303;48;294;48;9;49
TE178;16.01.2024;0;1.0;226;49;220;49;6;50
TE178;16.01.2024;1;1.0;98;50;97;50;1;40
TE178;16.01.2024;2;1.0;75;41;73;41;2;36
TE178;16.01.2024;3;1.0;89;40;83;40;6;42
TE178;16.01.2024;4;1.0;110;42;105;42;5;42
TE178;16.01.2024;5;1.0;187;39;182;39;5;37
TE178;16.01.2024;6;1.0;317;38;308;38;9;37
TE178;16.01.2024;7;1.0;486;35;473;35;13;35
TE178;16.01.2024;8;1.0;566;34;561;34;5;34
TE178;16.01.2024;9;1.0;551;38;542;38;9;38
TE178;16.01.2024;10;1.0;595;39;589;39;6;35
TE178;16.01.2024;11;1.0;648;38;630;38;18;36
TE178;16.01.2024;12;1.0;665;38;644;38;21;39
TE178;16.01.2024;13;1.0;715;38;695;38;20;38
TE178;16.01.2024;14;1.0;838;38;818;38;20;38
TE178;16.01.2024;15;1.0;853;37;842;37;11;37
TE178;16.01.2024;16;1.0;865;37;855;37;10;37
TE178;16.01.2024;17;1.0;782;40;776;40;6;40
TE178;16.01.2024;18;1.0;735;41;726;41;9;40
TE178;16.01.2024;19;1.0;638;42;630;42;8;43
TE178;16.01.2024;20;1.0;526;45;516;45;10;47
TE178;16.01.2024;21;1.0;389;46;381;46;8;44
TE178;16.01.2024;22;1.0;395;46;388;46;7;45
TE178;16.01.2024;23;1.0;301;46;291;46;10;43
TE178;17.01.2024;0;1.0;188;44;180;44;8;44
TE178;17.01.2024;1;1.0;137;45;133;45;4;46
TE178;17.01.2024;2;1.0;94;44;91;44;3;45
TE178;17.01.2024;3;1.0;82;47;79;47;3;45
TE178;17.01.2024;4;1.0;107;45;105;45;2;42
TE178;17.01.2024;5;1.0;213;43;204;43;9;44
TE178;17.01.2024;6;1.0;311;41;304;41;7;40
TE178;17.01.2024;7;1.0;458;36;441;36;17;37
TE178;17.01.2024;8;1.0;643;32;624;32;19;32
TE178;17.01.2024;9;1.0;553;37;541;37;12;36
TE178;17.01.2024;10;1.0;665;36;642;37;23;36
TE178;17.01.2024;11;1.0;696;37;664;37;32;37
TE178;17.01.2024;12;1.0;727;36;691;36;36;36
TE178;17.01.2024;13;1.0;732;35;714;35;18;36
TE178;17.01.2024;14;1.0;812;35;776;35;36;34
TE178;17.01.2024;15;1.0;860;38;842;38;18;38
TE178;17.01.2024;16;1.0;815;40;803;40;12;39
TE178;17.01.2024;17;1.0;693;41;678;41;15;42
TE178;17.01.2024;18;1.0;689;41;678;41;11;42
TE178;17.01.2024;19;1.0;613;43;607;43;6;44
TE178;17.01.2024;20;1.0;567;46;561;46;6;46
TE178;17.01.2024;21;1.0;416;47;412;47;4;47
TE178;17.01.2024;22;1.0;406;49;403;49;3;45
TE178;17.01.2024;23;1.0;280;48;273;48;7;45
TE178;18.01.2024;0;1.0;226;51;222;51;4;50
TE178;18.01.2024;1;1.0;153;50;151;50;2;53
TE178;18.01.2024;2;1.0;108;51;106;51;2;50
TE178;18.01.2024;3;1.0;133;50;132;50;1;55
TE178;18.01.2024;4;1.0;136;51;135;51;1;49
TE178;18.01.2024;5;1.0;196;50;190;50;6;49
TE178;18.01.2024;6;1.0;312;47;298;47;14;45
TE178;18.01.2024;7;1.0;493;39;480;38;13;38
TE178;18.01.2024;8;1.0;600;31;589;31;11;31
TE178;18.01.2024;9;1.0;606;31;589;31;17;31
TE178;18.01.2024;10;1.0;592;30;570;30;22;30
TE178;18.01.2024;11;1.0;698;30;680;30;18;30
TE178;18.01.2024;12;1.0;700;30;678;30;22;30
TE178;18.01.2024;13;1.0;760;29;737;29;23;29
TE178;18.01.2024;14;1.0;798;32;774;32;24;32
TE178;18.01.2024;15;1.0;918;31;901;31;17;33
TE178;18.01.2024;16;1.0;741;33;726;33;15;29
TE178;18.01.2024;17;1.0;793;37;773;37;20;36
TE178;18.01.2024;18;1.0;752;38;743;38;9;38
TE178;18.01.2024;19;1.0;686;41;674;41;12;40
TE178;18.01.2024;20;1.0;555;40;542;40;13;39
TE178;18.01.2024;21;1.0;473;41;462;41;11;39
TE178;18.01.2024;22;1.0;405;43;397;43;8;44
TE178;18.01.2024;23;1.0;334;45;323;45;11;44
TE178;19.01.2024;0;1.0;247;46;238;46;9;47
TE178;19.01.2024;1;1.0;134;47;131;47;3;47
TE178;19.01.2024;2;1.0;108;47;106;47;2;45
TE178;19.01.2024;3;1.0;81;48;79;48;2;45
TE178;19.01.2024;4;1.0;93;47;90;47;3;42
TE178;19.01.2024;5;1.0;182;45;176;45;6;46
TE178;19.01.2024;6;1.0;307;43;299;43;8;39
TE178;19.01.2024;7;1.0;453;35;442;35;11;36
TE178;19.01.2024;8;1.0;624;34;609;34;15;32
TE178;19.01.2024;9;1.0;591;35;570;35;21;35
TE178;19.01.2024;10;1.0;596;32;578;32;18;30
TE178;19.01.2024;11;1.0;610;26;592;26;18;20
TE178;19.01.2024;12;1.0;795;35;769;35;26;34
TE178;19.01.2024;13;1.0;885;35;865;35;20;34
TE178;19.01.2024;14;1.0;807;35;786;35;21;35
TE178;19.01.2024;15;1.0;841;37;825;37;16;38
TE178;19.01.2024;16;1.0;764;38;753;38;11;39
TE178;19.01.2024;17;1.0;776;40;760;40;16;38
TE178;19.01.2024;18;1.0;699;42;688;42;11;43
TE178;19.01.2024;19;1.0;632;41;612;41;20;41
TE178;19.01.2024;20;1.0;614;42;595;42;19;41
TE178;19.01.2024;21;1.0;482;42;464;42;18;41
TE178;19.01.2024;22;1.0;528;45;514;45;14;46
TE178;19.01.2024;23;1.0;447;44;433;44;14;46
TE178;20.01.2024;0;1.0;350;44;342;44;8;46
TE178;20.01.2024;1;1.0;246;46;243;46;3;42
TE178;20.01.2024;2;1.0;175;46;171;47;4;42
TE178;20.01.2024;3;1.0;155;48;152;48;3;49
TE178;20.01.2024;4;1.0;123;49;122;49;1;47
TE178;20.01.2024;5;1.0;125;50;122;50;3;51
TE178;20.01.2024;6;1.0;145;44;140;44;5;45
TE178;20.01.2024;7;1.0;187;42;179;42;8;40
TE178;20.01.2024;8;1.0;278;41;269;41;9;41
TE178;20.01.2024;9;1.0;400;42;381;42;19;41
TE178;20.01.2024;10;1.0;521;43;507;43;14;42
TE178;20.01.2024;11;1.0;595;41;573;41;22;40
TE178;20.01.2024;12;1.0;640;43;619;43;21;41
TE178;20.01.2024;13;1.0;684;40;666;40;18;39
TE178;20.01.2024;14;1.0;742;41;723;41;19;41
TE178;20.01.2024;15;1.0;710;43;697;43;13;43
TE178;20.01.2024;16;1.0;750;40;735;40;15;40
TE178;20.01.2024;17;1.0;731;41;719;41;12;40
TE178;20.01.2024;18;1.0;690;43;674;43;16;41
TE178;20.01.2024;19;1.0;658;40;646;40;12;38
TE178;20.01.2024;20;1.0;576;41;566;41;10;42
TE178;20.01.2024;21;1.0;533;43;519;43;14;44
TE178;20.01.2024;22;1.0;442;42;432;42;10;42
TE178;20.01.2024;23;1.0;475;43;464;43;11;46
TE178;21.01.2024;0;1.0;373;44;366;43;7;44
TE178;21.01.2024;1;1.0;274;43;269;43;5;42
TE178;21.01.2024;2;1.0;191;45;188;45;3;44
TE178;21.01.2024;3;1.0;153;49;150;49;3;44
TE178;21.01.2024;4;1.0;122;50;120;50;2;46
TE178;21.01.2024;5;1.0;116;49;114;49;2;47
TE178;21.01.2024;6;1.0;116;51;112;51;4;47
TE178;21.01.2024;7;1.0;100;51;95;51;5;48
TE178;21.01.2024;8;1.0;139;49;135;49;4;46
TE178;21.01.2024;9;1.0;215;47;206;48;9;47
TE178;21.01.2024;10;1.0;266;45;257;45;9;44
TE178;21.01.2024;11;1.0;378;47;364;47;14;46
TE178;21.01.2024;12;1.0;442;45;428;45;14;44
TE178;21.01.2024;13;1.0;532;43;520;43;12;42
TE178;21.01.2024;14;1.0;536;44;526;44;10;43
TE178;21.01.2024;15;1.0;542;43;527;43;15;44
TE178;21.01.2024;16;1.0;545;43;535;43;10;42
TE178;21.01.2024;17;1.0;577;42;563;42;14;42
TE178;21.01.2024;18;1.0;555;44;549;44;6;42
TE178;21.01.2024;19;1.0;505;45;497;45;8;46
TE178;21.01.2024;20;1.0;478;44;470;44;8;43
TE178;21.01.2024;21;1.0;436;45;426;45;10;46
TE178;21.01.2024;22;1.0;345;44;338;44;7;43
TE178;21.01.2024;23;1.0;281;45;271;45;10;43
TE178;22.01.2024;0;1.0;200;47;192;47;8;44
TE178;22.01.2024;1;1.0;127;48;125;48;2;45
TE178;22.01.2024;2;1.0;74;47;73;47;1;43
TE178;22.01.2024;3;1.0;83;48;80;48;3;48
TE178;22.01.2024;4;1.0;104;47;101;47;3;48
TE178;22.01.2024;5;1.0;164;46;155;46;9;46
TE178;22.01.2024;6;1.0;333;44;317;44;16;42
TE178;22.01.2024;7;1.0;494;36;471;36;23;37
TE178;22.01.2024;8;1.0;614;35;576;35;38;34
TE178;22.01.2024;9;1.0;611;36;595;36;16;35
TE178;22.01.2024;10;1.0;638;38;620;38;18;36
TE178;22.01.2024;11;1.0;746;36;727;36;19;35
TE178;22.01.2024;12;1.0;799;34;766;34;33;34
TE178;22.01.2024;13;1.0;755;34;730;34;25;35
TE178;22.01.2024;14;1.0;814;34;786;34;28;35
TE178;22.01.2024;15;1.0;857;34;840;34;17;35
TE178;22.01.2024;16;1.0;860;35;837;35;23;34
TE178;22.01.2024;17;1.0;789;38;766;38;23;38
TE178;22.01.2024;18;1.0;689;39;674;39;15;40
TE178;22.01.2024;19;1.0;632;40;615;40;17;40
TE178;22.01.2024;20;1.0;506;43;499;43;7;42
TE178;22.01.2024;21;1.0;369;44;360;44;9;41
TE178;22.01.2024;22;1.0;340;43;330;43;10;42
TE178;22.01.2024;23;1.0;245;43;237;43;8;42
TE178;23.01.2024;0;1.0;200;44;192;44;8;42
TE178;23.01.2024;1;1.0;121;48;118;48;3;43
TE178;23.01.2024;2;1.0;84;48;82;48;2;48
TE178;23.01.2024;3;1.0;81;45;80;45;1;48
TE178;23.01.2024;4;1.0;99;48;94;48;5;46
TE178;23.01.2024;5;1.0;202;45;195;45;7;41
TE178;23.01.2024;6;1.0;308;46;297;46;11;47
TE178;23.01.2024;7;1.0;428;37;412;37;16;34
TE178;23.01.2024;8;1.0;564;34;553;34;11;32
TE178;23.01.2024;9;1.0;596;35;582;35;14;35
TE178;23.01.2024;10;1.0;651;36;621;36;30;37
TE178;23.01.2024;11;1.0;687;35;665;35;22;34
TE178;23.01.2024;12;1.0;726;36;706;36;20;35
TE178;23.01.2024;13;1.0;799;36;777;36;22;35
TE178;23.01.2024;14;1.0;853;35;826;35;27;35
TE178;23.01.2024;15;1.0;864;36;843;36;21;36
TE178;23.01.2024;16;1.0;824;35;815;35;9;34
TE178;23.01.2024;17;1.0;785;36;766;36;19;36
TE178;23.01.2024;18;1.0;735;39;716;39;19;41
TE178;23.01.2024;19;1.0;635;39;617;39;18;39
TE178;23.01.2024;20;1.0;514;40;501;40;13;39
TE178;23.01.2024;21;1.0;470;42;462;42;8;41
TE178;23.01.2024;22;1.0;405;45;395;45;10;45
TE178;23.01.2024;23;1.0;270;46;261;46;9;47
TE178;24.01.2024;0;1.0;189;52;185;52;4;54
TE178;24.01.2024;1;1.0;124;52;123;52;1;50
TE178;24.01.2024;2;1.0;95;47;95;47;0;-1
TE178;24.01.2024;3;1.0;69;47;66;48;3;45
TE178;24.01.2024;4;1.0;108;48;106;48;2;43
TE178;24.01.2024;5;1.0;206;45;200;45;6;47
TE178;24.01.2024;6;1.0;344;42;331;42;13;44
TE178;24.01.2024;7;1.0;525;36;502;36;23;36
TE178;24.01.2024;8;1.0;621;32;596;32;25;32
TE178;24.01.2024;9;1.0;584;33;564;34;20;34
TE178;24.01.2024;10;1.0;618;36;605;35;13;36
TE178;24.01.2024;11;1.0;646;36;614;36;32;36
TE178;24.01.2024;12;1.0;774;34;744;34;30;35
TE178;24.01.2024;13;1.0;773;33;736;33;37;33
TE178;24.01.2024;14;1.0;827;32;792;32;35;33
TE178;24.01.2024;15;1.0;907;33;883;33;24;35
TE178;24.01.2024;16;1.0;857;35;837;35;20;36
TE178;24.01.2024;17;1.0;758;37;742;37;16;36
TE178;24.01.2024;18;1.0;781;39;771;39;10;41
TE178;24.01.2024;19;1.0;613;40;592;40;21;40
TE178;24.01.2024;20;1.0;551;41;535;41;16;42
TE178;24.01.2024;21;1.0;426;44;416;44;10;45
TE178;24.01.2024;22;1.0;441;44;433;44;8;42
TE178;24.01.2024;23;1.0;317;44;308;44;9;44
TE178;25.01.2024;0;1.0;236;46;231;46;5;48
TE178;25.01.2024;1;1.0;177;46;175;46;2;51
TE178;25.01.2024;2;1.0;89;42;87;42;2;51
TE178;25.01.2024;3;1.0;72;41;70;41;2;46
TE178;25.01.2024;4;1.0;115;44;113;44;2;43
TE178;25.01.2024;5;1.0;215;45;209;45;6;46
TE178;25.01.2024;6;1.0;348;43;328;43;20;45
TE178;25.01.2024;7;1.0;545;33;517;33;28;34
TE178;25.01.2024;8;1.0;604;34;582;34;22;34
TE178;25.01.2024;9;1.0;623;35;608;35;15;36
TE178;25.01.2024;10;1.0;630;36;615;36;15;36
TE178;25.01.2024;11;1.0;688;38;673;38;15;37
TE178;25.01.2024;12;1.0;748;37;728;37;20;37
TE178;25.01.2024;13;1.0;824;35;798;35;26;35
TE178;25.01.2024;14;1.0;843;35;815;35;28;35
TE178;25.01.2024;15;1.0;884;37;865;37;19;37
TE178;25.01.2024;16;1.0;901;37;885;37;16;38
TE178;25.01.2024;17;1.0;898;40;886;40;12;40
TE178;25.01.2024;18;1.0;813;41;799;41;14;40
TE178;25.01.2024;19;1.0;682;44;671;44;11;44
TE178;25.01.2024;20;1.0;609;45;599;45;10;44
TE178;25.01.2024;21;1.0;452;46;445;46;7;47
TE178;25.01.2024;22;1.0;457;44;448;44;9;43
TE178;25.01.2024;23;1.0;350;46;339;46;11;45
TE178;26.01.2024;0;1.0;213;44;205;44;8;45
TE178;26.01.2024;1;1.0;148;46;144;46;4;46
TE178;26.01.2024;2;1.0;128;44;124;44;4;48
TE178;26.01.2024;3;1.0;86;46;84;46;2;46
TE178;26.01.2024;4;1.0;99;46;96;46;3;46
TE178;26.01.2024;5;1.0;213;50;203;50;10;50
TE178;26.01.2024;6;1.0;343;47;321;47;22;47
TE178;26.01.2024;7;1.0;496;38;476;38;20;38
TE178;26.01.2024;8;1.0;615;37;588;37;27;37
TE178;26.01.2024;9;1.0;632;40;616;40;16;39
TE178;26.01.2024;10;1.0;655;38;643;38;12;36
TE178;26.01.2024;11;1.0;697;39;685;39;12;40
TE178;26.01.2024;12;1.0;746;35;726;35;21;34
TE178;26.01.2024;13;1.0;839;37;820;37;19;37
TE178;26.01.2024;14;1.0;862;38;849;38;13;37
TE178;26.01.2024;15;1.0;904;38;896;38;8;36
TE178;26.01.2024;16;1.0;864;40;851;40;13;37
TE178;26.01.2024;17;1.0;787;37;771;37;16;37
TE178;26.01.2024;18;1.0;781;40;772;40;9;40
TE178;26.01.2024;19;1.0;645;41;634;41;11;43
TE178;26.01.2024;20;1.0;647;40;626;40;21;39
TE178;26.01.2024;21;1.0;567;39;553;38;14;41
TE178;26.01.2024;22;1.0;556;39;546;39;10;43
TE178;26.01.2024;23;1.0;487;45;478;45;9;43
TE178;27.01.2024;0;1.0;335;44;323;44;12;45
TE178;27.01.2024;1;1.0;276;48;273;48;3;47
TE178;27.01.2024;2;1.0;207;44;202;44;5;46
TE178;27.01.2024;3;1.0;148;44;147;44;1;48
TE178;27.01.2024;4;1.0;142;48;141;48;1;44
TE178;27.01.2024;5;1.0;144;48;139;48;5;47
TE178;27.01.2024;6;1.0;160;50;155;50;5;49
TE178;27.01.2024;7;1.0;188;47;179;47;9;44
TE178;27.01.2024;8;1.0;257;48;247;48;10;47
TE178;27.01.2024;9;1.0;379;45;361;45;18;42
TE178;27.01.2024;10;1.0;547;44;529;44;18;43
TE178;27.01.2024;11;1.0;602;45;584;45;18;42
TE178;27.01.2024;12;1.0;632;44;616;44;16;46
TE178;27.01.2024;13;1.0;762;44;742;44;20;44
TE178;27.01.2024;14;1.0;764;41;749;41;15;39
TE178;27.01.2024;15;1.0;783;38;764;38;19;38
TE178;27.01.2024;16;1.0;782;39;767;39;15;38
TE178;27.01.2024;17;1.0;702;38;690;38;12;36
TE178;27.01.2024;18;1.0;803;40;782;40;21;39
TE178;27.01.2024;19;1.0;692;40;672;40;20;40
TE178;27.01.2024;20;1.0;644;41;626;41;18;41
TE178;27.01.2024;21;1.0;583;41;570;41;13;41
TE178;27.01.2024;22;1.0;534;44;519;44;15;42
TE178;27.01.2024;23;1.0;528;43;521;43;7;42
TE178;28.01.2024;0;1.0;375;46;366;46;9;46
TE178;28.01.2024;1;1.0;332;47;325;47;7;43
TE178;28.01.2024;2;1.0;224;49;216;49;8;48
TE178;28.01.2024;3;1.0;193;47;190;47;3;47
TE178;28.01.2024;4;1.0;159;45;157;45;2;42
TE178;28.01.2024;5;1.0;130;46;128;46;2;45
TE178;28.01.2024;6;1.0;131;45;128;45;3;44
TE178;28.01.2024;7;1.0;136;45;133;45;3;44
TE178;28.01.2024;8;1.0;164;44;161;44;3;43
TE178;28.01.2024;9;1.0;226;43;219;43;7;41
TE178;28.01.2024;10;1.0;320;42;315;42;5;39
TE178;28.01.2024;11;1.0;460;41;450;41;10;41
TE178;28.01.2024;12;1.0;558;43;542;42;16;43
TE178;28.01.2024;13;1.0;611;42;592;42;19;43
TE178;28.01.2024;14;1.0;681;40;657;40;24;41
TE178;28.01.2024;15;1.0;670;42;655;41;15;42
TE178;28.01.2024;16;1.0;673;41;653;41;20;42
TE178;28.01.2024;17;1.0;668;41;658;41;10;41
TE178;28.01.2024;18;1.0;657;42;646;42;11;43
TE178;28.01.2024;19;1.0;627;41;619;41;8;38
TE178;28.01.2024;20;1.0;509;44;494;44;15;44
TE178;28.01.2024;21;1.0;491;45;483;45;8;43
TE178;28.01.2024;22;1.0;405;46;396;46;9;45
TE178;28.01.2024;23;1.0;325;46;315;46;10;44
TE178;29.01.2024;0;1.0;206;46;198;46;8;43
TE178;29.01.2024;1;1.0;132;45;131;45;1;43
TE178;29.01.2024;2;1.0;91;46;88;46;3;46
TE178;29.01.2024;3;1.0;88;45;86;45;2;42
TE178;29.01.2024;4;1.0;110;47;109;47;1;53
TE178;29.01.2024;5;1.0;203;44;195;44;8;47
TE178;29.01.2024;6;1.0;379;43;370;43;9;41
TE178;29.01.2024;7;1.0;536;36;518;36;18;35
TE178;29.01.2024;8;1.0;655;33;637;33;18;32
TE178;29.01.2024;9;1.0;589;35;572;35;17;34
TE178;29.01.2024;10;1.0;647;31;617;31;30;31
TE178;29.01.2024;11;1.0;710;29;686;29;24;29
TE178;29.01.2024;12;1.0;785;29;756;29;29;31
TE178;29.01.2024;13;1.0;762;29;725;29;37;29
TE178;29.01.2024;14;1.0;804;28;781;28;23;29
TE178;29.01.2024;15;1.0;896;28;870;28;26;29
TE178;29.01.2024;16;1.0;823;28;803;28;20;29
TE178;29.01.2024;17;1.0;806;35;788;35;18;35
TE178;29.01.2024;18;1.0;723;38;708;38;15;39
TE178;29.01.2024;19;1.0;585;38;567;38;18;39
TE178;29.01.2024;20;1.0;521;40;503;40;18;42
TE178;29.01.2024;21;1.0;434;42;426;42;8;42
TE178;29.01.2024;22;1.0;322;44;312;44;10;43
TE178;29.01.2024;23;1.0;258;47;248;47;10;47
TE178;30.01.2024;0;1.0;226;46;220;46;6;42
TE178;30.01.2024;1;1.0;124;45;120;45;4;47
TE178;30.01.2024;2;1.0;66;45;63;45;3;46
TE178;30.01.2024;3;1.0;79;48;77;48;2;48
TE178;30.01.2024;4;1.0;95;45;93;45;2;49
TE178;30.01.2024;5;1.0;209;45;200;45;9;44
TE178;30.01.2024;6;1.0;338;44;322;44;16;44
TE178;30.01.2024;7;1.0;522;36;504;36;18;37
TE178;30.01.2024;8;1.0;616;36;590;36;26;35
TE178;30.01.2024;9;1.0;620;35;598;35;22;36
TE178;30.01.2024;10;1.0;699;34;686;34;13;35
TE178;30.01.2024;11;1.0;736;34;709;34;27;34
TE178;30.01.2024;12;1.0;772;34;751;34;21;35
TE178;30.01.2024;13;1.0;742;34;724;34;18;33
TE178;30.01.2024;14;1.0;866;33;840;33;26;32
TE178;30.01.2024;15;1.0;923;33;904;33;19;35
TE178;30.01.2024;16;1.0;863;34;854;34;9;34
TE178;30.01.2024;17;1.0;856;36;841;36;15;37
TE178;30.01.2024;18;1.0;753;40;738;40;15;40
TE178;30.01.2024;19;1.0;647;41;639;41;8;43
TE178;30.01.2024;20;1.0;590;43;580;43;10;41
TE178;30.01.2024;21;1.0;465;43;454;43;11;42
TE178;30.01.2024;22;1.0;405;44;396;44;9;45
TE178;30.01.2024;23;1.0;306;44;297;44;9;45
TE178;31.01.2024;0;1.0;226;44;219;44;7;41
TE178;31.01.2024;1;1.0;144;43;143;43;1;42
TE178;31.01.2024;2;1.0;92;46;89;46;3;47
TE178;31.01.2024;3;1.0;81;47;77;47;4;45
TE178;31.01.2024;4;1.0;100;46;99;46;1;47
TE178;31.01.2024;5;1.0;186;47;178;47;8;46
TE178;31.01.2024;6;1.0;305;47;291;47;14;46
TE178;31.01.2024;7;1.0;476;39;459;39;17;39
TE178;31.01.2024;8;1.0;556;39;545;39;11;34
TE178;31.01.2024;9;1.0;582;39;573;39;9;38
TE178;31.01.2024;10;1.0;605;38;587;38;18;37
TE178;31.01.2024;11;1.0;696;38;675;38;21;40
TE178;31.01.2024;12;1.0;801;36;768;36;33;37
TE178;31.01.2024;13;1.0;835;36;797;36;38;36
TE178;31.01.2024;14;1.0;784;36;758;36;26;35
TE178;31.01.2024;15;1.0;880;37;862;37;18;37
TE178;31.01.2024;16;1.0;853;38;825;38;28;39
TE178;31.01.2024;17;1.0;774;42;748;42;26;42
TE178;31.01.2024;18;1.0;777;45;758;45;19;45
TE178;31.01.2024;19;1.0;666;44;651;44;15;46
TE178;31.01.2024;20;1.0;604;46;594;46;10;47
TE178;31.01.2024;21;1.0;459;48;448;48;11;47
TE178;31.01.2024;22;1.0;392;50;382;50;10;51
TE178;31.01.2024;23;1.0;320;51;312;51;8;49
TE179;01.01.2024;0;1.0;179;42;174;42;5;40
TE179;01.01.2024;1;1.0;293;44;293;44;0;-1
TE179;01.01.2024;2;1.0;203;39;202;39;1;45
TE179;01.01.2024;3;1.0;216;46;216;46;0;-1
TE179;01.01.2024;4;1.0;190;46;190;46;0;-1
TE179;01.01.2024;5;1.0;167;47;167;47;0;-1
TE179;01.01.2024;6;1.0;124;49;119;49;5;47
TE179;01.01.2024;7;1.0;113;48;106;49;7;47
TE179;01.01.2024;8;1.0;100;46;91;46;9;46
TE179;01.01.2024;9;1.0;144;42;128;43;16;39
TE179;01.01.2024;10;1.0;169;43;159;43;10;41
TE179;01.01.2024;11;1.0;227;42;212;42;15;43
TE179;01.01.2024;12;1.0;271;42;258;42;13;40
TE179;01.01.2024;13;1.0;335;42;319;42;16;41
TE179;01.01.2024;14;1.0;395;40;379;40;16;40
TE179;01.01.2024;15;1.0;420;40;405;40;15;41
TE179;01.01.2024;16;1.0;497;40;482;40;15;40
TE179;01.01.2024;17;1.0;494;40;477;40;17;40
TE179;01.01.2024;18;1.0;408;40;399;40;9;41
TE179;01.01.2024;19;1.0;386;45;374;45;12;44
TE179;01.01.2024;20;1.0;335;43;324;43;11;43
TE179;01.01.2024;21;1.0;250;46;243;46;7;46
TE179;01.01.2024;22;1.0;203;45;191;45;12;42
TE179;01.01.2024;23;1.0;169;47;157;46;12;48
TE179;02.01.2024;0;1.0;109;47;102;47;7;49
TE179;02.01.2024;1;1.0;54;47;50;47;4;46
TE179;02.01.2024;2;1.0;59;46;55;46;4;43
TE179;02.01.2024;3;1.0;51;48;47;47;4;55
TE179;02.01.2024;4;1.0;87;44;80;44;7;45
TE179;02.01.2024;5;1.0;219;41;211;41;8;45
TE179;02.01.2024;6;1.0;342;38;314;38;28;40
TE179;02.01.2024;7;1.0;401;34;389;34;12;33
TE179;02.01.2024;8;1.0;474;33;461;33;13;32
TE179;02.01.2024;9;1.0;461;35;445;35;16;34
TE179;02.01.2024;10;1.0;576;37;562;37;14;36
TE179;02.01.2024;11;1.0;551;36;540;36;11;36
TE179;02.01.2024;12;1.0;633;37;617;37;16;38
TE179;02.01.2024;13;1.0;605;36;599;36;6;37
TE179;02.01.2024;14;1.0;678;37;662;37;16;36
TE179;02.01.2024;15;1.0;651;37;639;37;12;36
TE179;02.01.2024;16;1.0;690;37;679;37;11;37
TE179;02.01.2024;17;1.0;627;38;618;38;9;37
TE179;02.01.2024;18;1.0;546;41;538;41;8;42
TE179;02.01.2024;19;1.0;441;40;436;40;5;38
TE179;02.01.2024;20;1.0;347;42;339;42;8;42
TE179;02.01.2024;21;1.0;293;44;281;44;12;44
TE179;02.01.2024;22;1.0;244;46;236;46;8;44
TE179;02.01.2024;23;1.0;179;46;173;46;6;45
TE179;03.01.2024;0;1.0;128;48;121;48;7;48
TE179;03.01.2024;1;1.0;78;46;73;46;5;46
TE179;03.01.2024;2;1.0;63;46;58;46;5;45
TE179;03.01.2024;3;1.0;63;46;60;46;3;50
TE179;03.01.2024;4;1.0;72;47;67;47;5;48
TE179;03.01.2024;5;1.0;203;46;191;46;12;47
TE179;03.01.2024;6;1.0;333;43;314;43;19;45
TE179;03.01.2024;7;1.0;479;36;455;36;24;36
TE179;03.01.2024;8;1.0;578;34;556;34;22;34
TE179;03.01.2024;9;1.0;593;34;559;34;34;34
TE179;03.01.2024;10;1.0;613;35;581;35;32;35
TE179;03.01.2024;11;1.0;590;35;558;35;32;35
TE179;03.01.2024;12;1.0;658;35;631;35;27;35
TE179;03.01.2024;13;1.0;674;36;661;36;13;36
TE179;03.01.2024;14;1.0;670;33;646;33;24;33
TE179;03.01.2024;15;1.0;684;33;663;33;21;33
TE179;03.01.2024;16;1.0;688;33;666;33;22;33
TE179;03.01.2024;17;1.0;656;37;640;37;16;38
TE179;03.01.2024;18;1.0;577;39;563;39;14;39
TE179;03.01.2024;19;1.0;463;39;451;39;12;39
TE179;03.01.2024;20;1.0;409;37;398;37;11;37
TE179;03.01.2024;21;1.0;303;43;289;42;14;44
TE179;03.01.2024;22;1.0;271;44;251;44;20;44
TE179;03.01.2024;23;1.0;211;46;196;46;15;45
TE179;04.01.2024;0;1.0;134;46;127;46;7;48
TE179;04.01.2024;1;1.0;73;44;67;44;6;46
TE179;04.01.2024;2;1.0;58;43;55;43;3;44
TE179;04.01.2024;3;1.0;47;45;45;45;2;44
TE179;04.01.2024;4;1.0;65;45;61;45;4;45
TE179;04.01.2024;5;1.0;223;47;214;47;9;45
TE179;04.01.2024;6;1.0;313;47;306;47;7;46
TE179;04.01.2024;7;1.0;484;38;470;38;14;38
TE179;04.01.2024;8;1.0;619;36;595;36;24;37
TE179;04.01.2024;9;1.0;625;34;593;34;32;35
TE179;04.01.2024;10;1.0;585;35;547;35;38;36
TE179;04.01.2024;11;1.0;739;30;691;30;48;31
TE179;04.01.2024;12;1.0;633;28;611;28;22;28
TE179;04.01.2024;13;1.0;685;26;655;26;30;25
TE179;04.01.2024;14;1.0;727;25;704;25;23;25
TE179;04.01.2024;15;1.0;789;26;759;26;30;25
TE179;04.01.2024;16;1.0;728;32;705;32;23;33
TE179;04.01.2024;17;1.0;747;35;726;35;21;36
TE179;04.01.2024;18;1.0;597;39;577;39;20;39
TE179;04.01.2024;19;1.0;447;40;429;40;18;40
TE179;04.01.2024;20;1.0;365;42;345;42;20;41
TE179;04.01.2024;21;1.0;267;44;256;44;11;44
TE179;04.01.2024;22;1.0;255;46;245;46;10;46
TE179;04.01.2024;23;1.0;218;46;207;46;11;45
TE179;05.01.2024;0;1.0;124;47;116;47;8;45
TE179;05.01.2024;1;1.0;58;49;54;50;4;43
TE179;05.01.2024;2;1.0;60;52;58;52;2;48
TE179;05.01.2024;3;1.0;45;50;41;50;4;52
TE179;05.01.2024;4;1.0;80;47;66;47;14;47
TE179;05.01.2024;5;1.0;204;50;184;50;20;50
TE179;05.01.2024;6;1.0;312;46;281;46;31;49
TE179;05.01.2024;7;1.0;404;38;370;37;34;40
TE179;05.01.2024;8;1.0;481;34;474;34;7;33
TE179;05.01.2024;9;1.0;562;36;549;36;13;36
TE179;05.01.2024;10;1.0;544;35;529;35;15;36
TE179;05.01.2024;11;1.0;627;36;608;36;19;36
TE179;05.01.2024;12;1.0;673;37;647;37;26;37
TE179;05.01.2024;13;1.0;733;36;715;36;18;37
TE179;05.01.2024;14;1.0;698;35;678;35;20;35
TE179;05.01.2024;15;1.0;672;34;655;34;17;36
TE179;05.01.2024;16;1.0;682;36;664;36;18;36
TE179;05.01.2024;17;1.0;665;40;653;40;12;40
TE179;05.01.2024;18;1.0;597;41;583;41;14;42
TE179;05.01.2024;19;1.0;499;42;492;42;7;41
TE179;05.01.2024;20;1.0;394;43;380;43;14;44
TE179;05.01.2024;21;1.0;340;46;329;46;11;45
TE179;05.01.2024;22;1.0;260;45;250;45;10;45
TE179;05.01.2024;23;1.0;234;46;225;46;9;42
TE179;06.01.2024;0;1.0;178;48;171;48;7;49
TE179;06.01.2024;1;1.0;96;45;95;45;1;53
TE179;06.01.2024;2;1.0;90;47;89;48;1;44
TE179;06.01.2024;3;1.0;64;49;57;50;7;48
TE179;06.01.2024;4;1.0;75;58;69;58;6;57
TE179;06.01.2024;5;1.0;114;52;104;52;10;47
TE179;06.01.2024;6;1.0;129;49;114;49;15;51
TE179;06.01.2024;7;1.0;142;45;131;45;11;44
TE179;06.01.2024;8;1.0;193;44;171;44;22;44
TE179;06.01.2024;9;1.0;319;43;305;43;14;43
TE179;06.01.2024;10;1.0;464;42;440;42;24;44
TE179;06.01.2024;11;1.0;487;40;463;40;24;39
TE179;06.01.2024;12;1.0;597;38;578;38;19;38
TE179;06.01.2024;13;1.0;668;38;647;38;21;38
TE179;06.01.2024;14;1.0;712;38;692;38;20;39
TE179;06.01.2024;15;1.0;708;39;687;39;21;40
TE179;06.01.2024;16;1.0;666;38;650;38;16;38
TE179;06.01.2024;17;1.0;687;38;677;38;10;38
TE179;06.01.2024;18;1.0;568;40;551;40;17;38
TE179;06.01.2024;19;1.0;496;42;486;42;10;42
TE179;06.01.2024;20;1.0;430;44;412;44;18;44
TE179;06.01.2024;21;1.0;362;44;342;44;20;43
TE179;06.01.2024;22;1.0;297;48;283;48;14;48
TE179;06.01.2024;23;1.0;225;47;212;47;13;47
TE179;07.01.2024;0;1.0;208;48;205;48;3;46
TE179;07.01.2024;1;1.0;126;51;125;51;1;55
TE179;07.01.2024;2;1.0;122;45;117;45;5;50
TE179;07.01.2024;3;1.0;86;49;84;49;2;48
TE179;07.01.2024;4;1.0;78;44;75;43;3;42
TE179;07.01.2024;5;1.0;102;44;100;44;2;42
TE179;07.01.2024;6;1.0;108;42;102;42;6;44
TE179;07.01.2024;7;1.0;84;37;72;36;12;36
TE179;07.01.2024;8;1.0;111;47;103;48;8;47
TE179;07.01.2024;9;1.0;174;48;163;48;11;47
TE179;07.01.2024;10;1.0;265;46;255;46;10;46
TE179;07.01.2024;11;1.0;294;44;285;44;9;41
TE179;07.01.2024;12;1.0;380;44;367;44;13;42
TE179;07.01.2024;13;1.0;441;44;425;44;16;43
TE179;07.01.2024;14;1.0;456;43;446;43;10;43
TE179;07.01.2024;15;1.0;503;43;493;43;10;44
TE179;07.01.2024;16;1.0;513;43;500;43;13;42
TE179;07.01.2024;17;1.0;571;41;553;41;18;40
TE179;07.01.2024;18;1.0;470;41;455;42;15;38
TE179;07.01.2024;19;1.0;400;44;389;44;11;43
TE179;07.01.2024;20;1.0;342;43;328;43;14;42
TE179;07.01.2024;21;1.0;271;39;260;39;11;42
TE179;07.01.2024;22;1.0;212;39;201;39;11;38
TE179;07.01.2024;23;1.0;168;40;154;41;14;38
TE179;08.01.2024;0;1.0;120;41;109;42;11;40
TE179;08.01.2024;1;1.0;71;45;66;46;5;44
TE179;08.01.2024;2;1.0;62;43;57;43;5;45
TE179;08.01.2024;3;1.0;41;45;38;45;3;42
TE179;08.01.2024;4;1.0;68;43;60;43;8;42
TE179;08.01.2024;5;1.0;225;42;199;43;26;42
TE179;08.01.2024;6;1.0;417;40;384;40;33;41
TE179;08.01.2024;7;1.0;634;31;582;32;52;32
TE179;08.01.2024;8;1.0;650;26;624;26;26;26
TE179;08.01.2024;9;1.0;667;28;633;28;34;27
TE179;08.01.2024;10;1.0;655;28;629;28;26;28
TE179;08.01.2024;11;1.0;639;27;598;28;41;27
TE179;08.01.2024;12;1.0;526;29;496;29;30;29
TE179;08.01.2024;13;1.0;596;30;563;30;33;30
TE179;08.01.2024;14;1.0;634;32;607;32;27;32
TE179;08.01.2024;15;1.0;677;32;649;32;28;32
TE179;08.01.2024;16;1.0;684;32;661;32;23;31
TE179;08.01.2024;17;1.0;618;36;602;36;16;34
TE179;08.01.2024;18;1.0;556;36;528;36;28;37
TE179;08.01.2024;19;1.0;440;39;421;39;19;39
TE179;08.01.2024;20;1.0;365;39;353;39;12;39
TE179;08.01.2024;21;1.0;254;39;245;39;9;39
TE179;08.01.2024;22;1.0;237;42;224;42;13;38
TE179;08.01.2024;23;1.0;221;42;208;42;13;40
TE179;09.01.2024;0;1.0;95;41;89;41;6;40
TE179;09.01.2024;1;1.0;83;43;78;43;5;42
TE179;09.01.2024;2;1.0;38;35;37;35;1;42
TE179;09.01.2024;3;1.0;41;46;35;45;6;45
TE179;09.01.2024;4;1.0;60;41;52;41;8;43
TE179;09.01.2024;5;1.0;215;42;201;42;14;41
TE179;09.01.2024;6;1.0;408;40;383;40;25;41
TE179;09.01.2024;7;1.0;625;32;607;32;18;31
TE179;09.01.2024;8;1.0;771;30;750;30;21;31
TE179;09.01.2024;9;1.0;708;32;685;32;23;34
TE179;09.01.2024;10;1.0;676;32;653;32;23;35
TE179;09.01.2024;11;1.0;637;30;604;30;33;29
TE179;09.01.2024;12;1.0;655;29;621;29;34;30
TE179;09.01.2024;13;1.0;599;30;570;30;29;32
TE179;09.01.2024;14;1.0;665;29;638;29;27;29
TE179;09.01.2024;15;1.0;731;32;711;32;20;32
TE179;09.01.2024;16;1.0;749;29;724;29;25;29
TE179;09.01.2024;17;1.0;742;34;726;34;16;34
TE179;09.01.2024;18;1.0;596;35;573;35;23;36
TE179;09.01.2024;19;1.0;446;35;428;35;19;33
TE179;09.01.2024;20;1.0;357;39;340;39;17;38
TE179;09.01.2024;21;1.0;271;39;258;39;13;37
TE179;09.01.2024;22;1.0;221;41;210;41;11;41
TE179;09.01.2024;23;1.0;168;41;155;41;13;39
TE179;10.01.2024;0;1.0;103;43;95;43;8;41
TE179;10.01.2024;1;1.0;67;44;64;44;3;38
TE179;10.01.2024;2;1.0;44;48;41;47;3;52
TE179;10.01.2024;3;1.0;38;47;34;46;4;58
TE179;10.01.2024;4;1.0;68;42;60;43;8;40
TE179;10.01.2024;5;1.0;225;43;211;43;14;44
TE179;10.01.2024;6;1.0;403;39;383;39;20;38
TE179;10.01.2024;7;1.0;690;32;660;32;30;33
TE179;10.01.2024;8;1.0;826;30;809;30;17;28
TE179;10.01.2024;9;1.0;777;32;761;32;16;32
TE179;10.01.2024;10;1.0;625;33;609;33;16;33
TE179;10.01.2024;11;1.0;717;32;691;32;26;31
TE179;10.01.2024;12;1.0;635;32;610;32;25;33
TE179;10.01.2024;13;1.0;657;32;635;32;22;31
TE179;10.01.2024;14;1.0;678;32;656;32;22;31
TE179;10.01.2024;15;1.0;728;32;710;32;18;32
TE179;10.01.2024;16;1.0;768;31;747;31;21;31
TE179;10.01.2024;17;1.0;754;34;740;34;14;34
TE179;10.01.2024;18;1.0;670;36;650;36;20;36
TE179;10.01.2024;19;1.0;504;37;486;37;18;38
TE179;10.01.2024;20;1.0;396;38;380;37;16;37
TE179;10.01.2024;21;1.0;289;40;279;40;10;40
TE179;10.01.2024;22;1.0;252;42;241;42;11;41
TE179;10.01.2024;23;1.0;201;43;188;43;13;42
TE179;11.01.2024;0;1.0;138;43;127;43;11;39
TE179;11.01.2024;1;1.0;87;44;83;44;4;45
TE179;11.01.2024;2;1.0;52;42;49;42;3;44
TE179;11.01.2024;3;1.0;37;43;32;43;5;42
TE179;11.01.2024;4;1.0;74;49;67;48;7;57
TE179;11.01.2024;5;1.0;203;48;197;48;6;46
TE179;11.01.2024;6;1.0;376;47;363;47;13;47
TE179;11.01.2024;7;1.0;605;38;590;37;15;39
TE179;11.01.2024;8;1.0;875;31;859;31;16;30
TE179;11.01.2024;9;1.0;766;34;748;34;18;33
TE179;11.01.2024;10;1.0;704;34;693;34;11;34
TE179;11.01.2024;11;1.0;618;36;609;36;9;36
TE179;11.01.2024;12;1.0;638;35;624;35;14;35
TE179;11.01.2024;13;1.0;649;36;633;36;16;35
TE179;11.01.2024;14;1.0;706;34;695;34;11;35
TE179;11.01.2024;15;1.0;739;32;728;32;11;31
TE179;11.01.2024;16;1.0;730;34;723;34;7;34
TE179;11.01.2024;17;1.0;720;35;712;35;8;34
TE179;11.01.2024;18;1.0;687;37;676;37;11;37
TE179;11.01.2024;19;1.0;499;41;491;41;8;40
TE179;11.01.2024;20;1.0;441;43;428;43;13;43
TE179;11.01.2024;21;1.0;288;43;278;44;10;42
TE179;11.01.2024;22;1.0;270;46;255;45;15;46
TE179;11.01.2024;23;1.0;209;45;200;45;9;45
TE179;12.01.2024;0;1.0;159;45;150;45;9;46
TE179;12.01.2024;1;1.0;91;49;90;49;1;50
TE179;12.01.2024;2;1.0;64;46;63;46;1;47
TE179;12.01.2024;3;1.0;50;48;46;49;4;48
TE179;12.01.2024;4;1.0;84;47;79;48;5;48
TE179;12.01.2024;5;1.0;201;48;192;48;9;50
TE179;12.01.2024;6;1.0;367;45;352;45;15;46
TE179;12.01.2024;7;1.0;572;35;559;35;13;37
TE179;12.01.2024;8;1.0;710;33;698;33;12;32
TE179;12.01.2024;9;1.0;609;34;599;34;10;33
TE179;12.01.2024;10;1.0;626;33;615;33;11;34
TE179;12.01.2024;11;1.0;644;35;632;35;12;36
TE179;12.01.2024;12;1.0;623;35;605;35;18;35
TE179;12.01.2024;13;1.0;748;34;733;34;15;35
TE179;12.01.2024;14;1.0;683;34;673;34;10;34
TE179;12.01.2024;15;1.0;771;34;755;34;16;34
TE179;12.01.2024;16;1.0;696;35;686;35;10;35
TE179;12.01.2024;17;1.0;694;38;685;38;9;38
TE179;12.01.2024;18;1.0;665;40;655;40;10;39
TE179;12.01.2024;19;1.0;669;41;660;41;9;41
TE179;12.01.2024;20;1.0;488;43;475;43;13;42
TE179;12.01.2024;21;1.0;336;42;322;42;14;41
TE179;12.01.2024;22;1.0;294;43;282;43;12;42
TE179;12.01.2024;23;1.0;233;46;220;46;13;45
TE179;13.01.2024;0;1.0;202;43;198;43;4;42
TE179;13.01.2024;1;1.0;95;45;93;45;2;50
TE179;13.01.2024;2;1.0;89;46;87;46;2;46
TE179;13.01.2024;3;1.0;74;48;71;48;3;48
TE179;13.01.2024;4;1.0;59;46;58;46;1;47
TE179;13.01.2024;5;1.0;123;43;122;42;1;51
TE179;13.01.2024;6;1.0;120;46;117;46;3;52
TE179;13.01.2024;7;1.0;126;44;118;44;8;41
TE179;13.01.2024;8;1.0;192;45;182;45;10;45
TE179;13.01.2024;9;1.0;315;44;305;45;10;37
TE179;13.01.2024;10;1.0;436;42;422;42;14;43
TE179;13.01.2024;11;1.0;549;41;535;41;14;42
TE179;13.01.2024;12;1.0;610;37;600;37;10;34
TE179;13.01.2024;13;1.0;621;41;604;41;17;41
TE179;13.01.2024;14;1.0;721;38;706;38;15;37
TE179;13.01.2024;15;1.0;720;40;705;40;15;40
TE179;13.01.2024;16;1.0;706;40;695;40;11;39
TE179;13.01.2024;17;1.0;711;39;697;39;14;40
TE179;13.01.2024;18;1.0;625;39;613;39;12;38
TE179;13.01.2024;19;1.0;518;43;507;43;11;42
TE179;13.01.2024;20;1.0;386;43;374;43;12;42
TE179;13.01.2024;21;1.0;343;43;330;43;13;43
TE179;13.01.2024;22;1.0;333;45;325;45;8;45
TE179;13.01.2024;23;1.0;274;45;267;45;7;44
TE179;14.01.2024;0;1.0;201;45;196;45;5;46
TE179;14.01.2024;1;1.0;144;47;143;47;1;45
TE179;14.01.2024;2;1.0;100;47;99;47;1;51
TE179;14.01.2024;3;1.0;78;43;76;43;2;40
TE179;14.01.2024;4;1.0;77;45;74;46;3;42
TE179;14.01.2024;5;1.0;80;47;76;46;4;52
TE179;14.01.2024;6;1.0;88;47;84;47;4;50
TE179;14.01.2024;7;1.0;88;45;83;44;5;45
TE179;14.01.2024;8;1.0;107;44;99;44;8;45
TE179;14.01.2024;9;1.0;169;45;162;45;7;42
TE179;14.01.2024;10;1.0;280;46;270;46;10;46
TE179;14.01.2024;11;1.0;306;44;297;44;9;46
TE179;14.01.2024;12;1.0;404;44;393;44;11;43
TE179;14.01.2024;13;1.0;480;43;468;43;12;44
TE179;14.01.2024;14;1.0;537;42;527;42;10;41
TE179;14.01.2024;15;1.0;585;39;573;39;12;39
TE179;14.01.2024;16;1.0;578;39;564;39;14;38
TE179;14.01.2024;17;1.0;546;42;534;42;12;40
TE179;14.01.2024;18;1.0;474;41;459;41;15;40
TE179;14.01.2024;19;1.0;430;43;416;43;14;43
TE179;14.01.2024;20;1.0;317;44;307;44;10;43
TE179;14.01.2024;21;1.0;226;44;219;44;7;42
TE179;14.01.2024;22;1.0;218;47;204;47;14;44
TE179;14.01.2024;23;1.0;175;47;165;47;10;46
TE179;15.01.2024;0;1.0;103;46;97;46;6;45
TE179;15.01.2024;1;1.0;67;47;66;47;1;46
TE179;15.01.2024;2;1.0;58;47;56;47;2;53
TE179;15.01.2024;3;1.0;45;46;42;45;3;53
TE179;15.01.2024;4;1.0;75;46;67;46;8;45
TE179;15.01.2024;5;1.0;215;46;199;46;16;47
TE179;15.01.2024;6;1.0;425;42;405;42;20;41
TE179;15.01.2024;7;1.0;715;36;698;36;17;38
TE179;15.01.2024;8;1.0;830;31;812;31;18;23
TE179;15.01.2024;9;1.0;721;35;702;35;19;35
TE179;15.01.2024;10;1.0;706;35;692;35;14;34
TE179;15.01.2024;11;1.0;614;36;592;36;22;37
TE179;15.01.2024;12;1.0;609;36;597;36;12;35
TE179;15.01.2024;13;1.0;659;35;644;35;15;34
TE179;15.01.2024;14;1.0;718;35;698;35;20;34
TE179;15.01.2024;15;1.0;667;34;652;34;15;35
TE179;15.01.2024;16;1.0;672;35;663;35;9;36
TE179;15.01.2024;17;1.0;661;38;649;38;12;36
TE179;15.01.2024;18;1.0;591;39;579;39;12;40
TE179;15.01.2024;19;1.0;433;42;420;42;13;42
TE179;15.01.2024;20;1.0;348;44;336;44;12;44
TE179;15.01.2024;21;1.0;261;44;253;44;8;42
TE179;15.01.2024;22;1.0;200;43;190;43;10;43
TE179;15.01.2024;23;1.0;183;43;172;43;11;38
TE179;16.01.2024;0;1.0;116;45;107;46;9;40
TE179;16.01.2024;1;1.0;68;48;66;47;2;55
TE179;16.01.2024;2;1.0;41;41;40;41;1;45
TE179;16.01.2024;3;1.0;41;37;40;37;1;37
TE179;16.01.2024;4;1.0;69;41;58;41;11;42
TE179;16.01.2024;5;1.0;192;39;188;39;4;38
TE179;16.01.2024;6;1.0;401;39;389;39;12;40
TE179;16.01.2024;7;1.0;625;32;607;32;18;33
TE179;16.01.2024;8;1.0;846;24;826;24;20;21
TE179;16.01.2024;9;1.0;835;33;825;33;10;30
TE179;16.01.2024;10;1.0;827;27;813;27;14;30
TE179;16.01.2024;11;1.0;645;37;628;37;17;36
TE179;16.01.2024;12;1.0;707;34;686;34;21;35
TE179;16.01.2024;13;1.0;664;36;649;36;15;37
TE179;16.01.2024;14;1.0;650;37;632;37;18;36
TE179;16.01.2024;15;1.0;695;37;681;37;14;37
TE179;16.01.2024;16;1.0;683;36;672;36;11;36
TE179;16.01.2024;17;1.0;713;35;706;35;7;34
TE179;16.01.2024;18;1.0;611;39;602;39;9;38
TE179;16.01.2024;19;1.0;487;40;471;40;16;39
TE179;16.01.2024;20;1.0;353;43;343;43;10;43
TE179;16.01.2024;21;1.0;274;43;265;43;9;42
TE179;16.01.2024;22;1.0;251;44;242;45;9;43
TE179;16.01.2024;23;1.0;168;44;155;44;13;43
TE179;17.01.2024;0;1.0;107;44;100;44;7;42
TE179;17.01.2024;1;1.0;63;44;61;45;2;41
TE179;17.01.2024;2;1.0;36;49;34;49;2;42
TE179;17.01.2024;3;1.0;40;41;37;41;3;40
TE179;17.01.2024;4;1.0;73;42;68;42;5;45
TE179;17.01.2024;5;1.0;194;44;181;43;13;46
TE179;17.01.2024;6;1.0;432;40;414;40;18;41
TE179;17.01.2024;7;1.0;672;34;650;34;22;33
TE179;17.01.2024;8;1.0;774;33;757;33;17;33
TE179;17.01.2024;9;1.0;796;35;771;35;25;34
TE179;17.01.2024;10;1.0;693;35;657;35;36;36
TE179;17.01.2024;11;1.0;603;36;560;36;43;36
TE179;17.01.2024;12;1.0;648;35;617;35;31;36
TE179;17.01.2024;13;1.0;700;33;672;33;28;33
TE179;17.01.2024;14;1.0;672;35;642;35;30;36
TE179;17.01.2024;15;1.0;685;36;670;36;15;36
TE179;17.01.2024;16;1.0;716;35;700;35;16;35
TE179;17.01.2024;17;1.0;769;37;757;37;12;36
TE179;17.01.2024;18;1.0;647;38;628;38;19;35
TE179;17.01.2024;19;1.0;517;40;514;40;3;37
TE179;17.01.2024;20;1.0;360;43;355;43;5;42
TE179;17.01.2024;21;1.0;323;44;315;44;8;44
TE179;17.01.2024;22;1.0;260;45;252;45;8;44
TE179;17.01.2024;23;1.0;183;45;175;45;8;45
TE179;18.01.2024;0;1.0;124;47;117;47;7;45
TE179;18.01.2024;1;1.0;86;45;84;45;2;44
TE179;18.01.2024;2;1.0;44;46;42;46;2;42
TE179;18.01.2024;3;1.0;76;44;71;44;5;44
TE179;18.01.2024;4;1.0;84;49;80;49;4;50
TE179;18.01.2024;5;1.0;209;51;200;51;9;43
TE179;18.01.2024;6;1.0;423;45;408;45;15;46
TE179;18.01.2024;7;1.0;658;35;642;35;16;36
TE179;18.01.2024;8;1.0;828;32;814;32;14;31
TE179;18.01.2024;9;1.0;742;33;724;33;18;34
TE179;18.01.2024;10;1.0;716;32;699;32;17;32
TE179;18.01.2024;11;1.0;647;31;620;31;27;32
TE179;18.01.2024;12;1.0;721;32;701;32;20;32
TE179;18.01.2024;13;1.0;638;32;614;32;24;32
TE179;18.01.2024;14;1.0;710;30;680;30;30;30
TE179;18.01.2024;15;1.0;717;29;701;29;16;29
TE179;18.01.2024;16;1.0;717;30;701;30;16;29
TE179;18.01.2024;17;1.0;735;36;716;36;19;36
TE179;18.01.2024;18;1.0;710;34;695;34;15;34
TE179;18.01.2024;19;1.0;554;38;538;38;16;38
TE179;18.01.2024;20;1.0;429;38;417;38;12;39
TE179;18.01.2024;21;1.0;292;40;280;41;12;39
TE179;18.01.2024;22;1.0;274;42;264;42;10;42
TE179;18.01.2024;23;1.0;199;42;187;42;12;44
TE179;19.01.2024;0;1.0;127;42;121;42;6;40
TE179;19.01.2024;1;1.0;85;45;83;45;2;41
TE179;19.01.2024;2;1.0;56;44;53;44;3;41
TE179;19.01.2024;3;1.0;41;46;37;45;4;53
TE179;19.01.2024;4;1.0;69;42;62;42;7;45
TE179;19.01.2024;5;1.0;203;44;194;44;9;44
TE179;19.01.2024;6;1.0;381;43;357;43;24;46
TE179;19.01.2024;7;1.0;552;34;533;34;19;34
TE179;19.01.2024;8;1.0;740;33;719;33;21;34
TE179;19.01.2024;9;1.0;670;32;644;32;26;32
TE179;19.01.2024;10;1.0;610;30;588;30;22;30
TE179;19.01.2024;11;1.0;656;33;633;33;23;34
TE179;19.01.2024;12;1.0;666;33;633;33;33;33
TE179;19.01.2024;13;1.0;761;32;725;32;36;31
TE179;19.01.2024;14;1.0;725;33;692;33;33;34
TE179;19.01.2024;15;1.0;660;33;639;33;21;32
TE179;19.01.2024;16;1.0;774;34;753;34;21;35
TE179;19.01.2024;17;1.0;767;37;758;37;9;36
TE179;19.01.2024;18;1.0;695;38;681;38;14;37
TE179;19.01.2024;19;1.0;603;37;588;37;15;37
TE179;19.01.2024;20;1.0;465;39;441;39;24;38
TE179;19.01.2024;21;1.0;394;40;378;40;16;40
TE179;19.01.2024;22;1.0;320;40;303;40;17;41
TE179;19.01.2024;23;1.0;249;38;239;38;10;34
TE179;20.01.2024;0;1.0;212;42;205;43;7;41
TE179;20.01.2024;1;1.0;147;44;144;44;3;43
TE179;20.01.2024;2;1.0;113;45;113;45;0;-1
TE179;20.01.2024;3;1.0;88;45;83;46;5;41
TE179;20.01.2024;4;1.0;77;44;72;44;5;45
TE179;20.01.2024;5;1.0;118;46;113;46;5;47
TE179;20.01.2024;6;1.0;129;43;125;43;4;48
TE179;20.01.2024;7;1.0;137;43;126;43;11;42
TE179;20.01.2024;8;1.0;243;42;230;42;13;39
TE179;20.01.2024;9;1.0;385;41;367;41;18;41
TE179;20.01.2024;10;1.0;553;40;527;40;26;40
TE179;20.01.2024;11;1.0;567;39;541;39;26;39
TE179;20.01.2024;12;1.0;647;41;624;41;23;40
TE179;20.01.2024;13;1.0;696;36;659;36;37;35
TE179;20.01.2024;14;1.0;744;39;726;39;18;38
TE179;20.01.2024;15;1.0;767;40;753;40;14;40
TE179;20.01.2024;16;1.0;716;37;698;37;18;37
TE179;20.01.2024;17;1.0;729;33;712;33;17;33
TE179;20.01.2024;18;1.0;663;38;647;38;16;39
TE179;20.01.2024;19;1.0;555;38;540;38;15;39
TE179;20.01.2024;20;1.0;425;40;405;40;20;40
TE179;20.01.2024;21;1.0;362;39;334;39;28;38
TE179;20.01.2024;22;1.0;300;41;285;41;15;39
TE179;20.01.2024;23;1.0;271;41;254;41;17;39
TE179;21.01.2024;0;1.0;204;41;197;41;7;42
TE179;21.01.2024;1;1.0;155;41;152;41;3;44
TE179;21.01.2024;2;1.0;88;44;84;44;4;46
TE179;21.01.2024;3;1.0;84;42;79;42;5;38
TE179;21.01.2024;4;1.0;63;43;55;44;8;42
TE179;21.01.2024;5;1.0;79;49;78;49;1;44
TE179;21.01.2024;6;1.0;86;48;81;48;5;50
TE179;21.01.2024;7;1.0;84;45;74;44;10;46
TE179;21.01.2024;8;1.0;109;43;100;43;9;44
TE179;21.01.2024;9;1.0;174;45;163;45;11;43
TE179;21.01.2024;10;1.0;273;43;261;43;12;41
TE179;21.01.2024;11;1.0;319;45;309;45;10;46
TE179;21.01.2024;12;1.0;401;40;385;40;16;39
TE179;21.01.2024;13;1.0;480;40;467;40;13;39
TE179;21.01.2024;14;1.0;542;41;528;41;14;42
TE179;21.01.2024;15;1.0;541;39;525;39;16;38
TE179;21.01.2024;16;1.0;501;38;475;38;26;39
TE179;21.01.2024;17;1.0;561;40;540;40;21;38
TE179;21.01.2024;18;1.0;490;41;474;41;16;41
TE179;21.01.2024;19;1.0;414;43;399;43;15;44
TE179;21.01.2024;20;1.0;362;42;344;42;18;43
TE179;21.01.2024;21;1.0;269;43;255;44;14;43
TE179;21.01.2024;22;1.0;238;42;223;43;15;38
TE179;21.01.2024;23;1.0;196;43;181;43;15;42
TE179;22.01.2024;0;1.0;141;43;129;43;12;42
TE179;22.01.2024;1;1.0;79;47;75;47;4;48
TE179;22.01.2024;2;1.0;39;48;34;48;5;53
TE179;22.01.2024;3;1.0;48;48;43;47;5;51
TE179;22.01.2024;4;1.0;75;45;65;45;10;47
TE179;22.01.2024;5;1.0;211;46;200;46;11;45
TE179;22.01.2024;6;1.0;401;42;375;42;26;44
TE179;22.01.2024;7;1.0;663;34;617;34;46;35
TE179;22.01.2024;8;1.0;821;32;790;32;31;31
TE179;22.01.2024;9;1.0;749;33;707;33;42;32
TE179;22.01.2024;10;1.0;729;35;700;35;29;35
TE179;22.01.2024;11;1.0;660;34;630;34;30;34
TE179;22.01.2024;12;1.0;675;33;648;33;27;35
TE179;22.01.2024;13;1.0;649;34;628;34;21;35
TE179;22.01.2024;14;1.0;704;34;675;34;29;34
TE179;22.01.2024;15;1.0;717;32;692;32;25;32
TE179;22.01.2024;16;1.0;808;32;783;32;25;32
TE179;22.01.2024;17;1.0;683;35;673;35;10;36
TE179;22.01.2024;18;1.0;594;36;570;36;24;36
TE179;22.01.2024;19;1.0;496;38;470;38;26;37
TE179;22.01.2024;20;1.0;359;41;347;41;12;41
TE179;22.01.2024;21;1.0;291;42;281;43;10;41
TE179;22.01.2024;22;1.0;242;40;230;40;12;35
TE179;22.01.2024;23;1.0;188;42;175;43;13;41
TE179;23.01.2024;0;1.0;122;45;115;45;7;44
TE179;23.01.2024;1;1.0;64;43;61;43;3;44
TE179;23.01.2024;2;1.0;53;48;50;48;3;52
TE179;23.01.2024;3;1.0;51;43;48;43;3;39
TE179;23.01.2024;4;1.0;75;44;70;44;5;47
TE179;23.01.2024;5;1.0;221;47;208;47;13;47
TE179;23.01.2024;6;1.0;386;43;374;43;12;43
TE179;23.01.2024;7;1.0;640;34;617;34;23;35
TE179;23.01.2024;8;1.0;791;31;775;31;16;32
TE179;23.01.2024;9;1.0;802;33;769;33;33;34
TE179;23.01.2024;10;1.0;861;31;830;31;31;31
TE179;23.01.2024;11;1.0;803;33;770;33;33;34
TE179;23.01.2024;12;1.0;693;34;671;34;22;34
TE179;23.01.2024;13;1.0;695;35;664;35;31;33
TE179;23.01.2024;14;1.0;731;33;715;33;16;34
TE179;23.01.2024;15;1.0;732;33;713;33;19;32
TE179;23.01.2024;16;1.0;705;33;682;33;23;34
TE179;23.01.2024;17;1.0;739;35;724;35;15;34
TE179;23.01.2024;18;1.0;618;36;601;36;17;35
TE179;23.01.2024;19;1.0;552;36;529;36;23;36
TE179;23.01.2024;20;1.0;394;38;375;38;19;38
TE179;23.01.2024;21;1.0;300;42;284;42;16;41
TE179;23.01.2024;22;1.0;269;43;258;43;11;44
TE179;23.01.2024;23;1.0;192;44;181;44;11;42
TE179;24.01.2024;0;1.0;117;45;114;45;3;40
TE179;24.01.2024;1;1.0;73;49;73;49;0;-1
TE179;24.01.2024;2;1.0;51;40;49;41;2;27
TE179;24.01.2024;3;1.0;58;48;57;48;1;46
TE179;24.01.2024;4;1.0;78;46;70;46;8;46
TE179;24.01.2024;5;1.0;266;47;246;47;20;46
TE179;24.01.2024;6;1.0;455;44;416;44;39;46
TE179;24.01.2024;7;1.0;741;33;711;33;30;33
TE179;24.01.2024;8;1.0;898;31;869;31;29;30
TE179;24.01.2024;9;1.0;930;27;900;27;30;27
TE179;24.01.2024;10;1.0;795;34;769;34;26;33
TE179;24.01.2024;11;1.0;690;34;656;34;34;34
TE179;24.01.2024;12;1.0;687;34;657;34;30;34
TE179;24.01.2024;13;1.0;702;33;671;33;31;33
TE179;24.01.2024;14;1.0;767;33;740;33;27;34
TE179;24.01.2024;15;1.0;763;31;734;31;29;32
TE179;24.01.2024;16;1.0;787;33;763;33;24;31
TE179;24.01.2024;17;1.0;755;38;725;38;30;38
TE179;24.01.2024;18;1.0;817;36;785;35;32;35
TE179;24.01.2024;19;1.0;604;39;579;38;25;40
TE179;24.01.2024;20;1.0;449;40;431;40;18;41
TE179;24.01.2024;21;1.0;346;42;337;42;9;41
TE179;24.01.2024;22;1.0;296;41;287;41;9;42
TE179;24.01.2024;23;1.0;188;44;171;44;17;41
TE179;25.01.2024;0;1.0;140;45;130;45;10;49
TE179;25.01.2024;1;1.0;81;46;74;46;7;40
TE179;25.01.2024;2;1.0;54;45;48;45;6;46
TE179;25.01.2024;3;1.0;41;47;39;47;2;40
TE179;25.01.2024;4;1.0;89;47;80;47;9;46
TE179;25.01.2024;5;1.0;266;44;248;44;18;44
TE179;25.01.2024;6;1.0;439;41;412;41;27;41
TE179;25.01.2024;7;1.0;711;33;676;33;35;32
TE179;25.01.2024;8;1.0;821;31;785;31;36;32
TE179;25.01.2024;9;1.0;868;30;820;30;48;30
TE179;25.01.2024;10;1.0;756;34;734;34;22;31
TE179;25.01.2024;11;1.0;772;36;749;36;23;36
TE179;25.01.2024;12;1.0;745;33;719;33;26;33
TE179;25.01.2024;13;1.0;742;32;715;32;27;33
TE179;25.01.2024;14;1.0;767;33;744;33;23;33
TE179;25.01.2024;15;1.0;767;35;751;35;16;35
TE179;25.01.2024;16;1.0;787;33;767;33;20;32
TE179;25.01.2024;17;1.0;795;35;782;35;13;36
TE179;25.01.2024;18;1.0;645;37;629;37;16;38
TE179;25.01.2024;19;1.0;596;37;580;37;16;38
TE179;25.01.2024;20;1.0;404;41;393;41;11;40
TE179;25.01.2024;21;1.0;313;42;296;42;17;43
TE179;25.01.2024;22;1.0;305;41;289;41;16;39
TE179;25.01.2024;23;1.0;255;42;236;41;19;42
TE179;26.01.2024;0;1.0;158;39;146;39;12;42
TE179;26.01.2024;1;1.0;85;33;81;33;4;38
TE179;26.01.2024;2;1.0;96;30;94;30;2;29
TE179;26.01.2024;3;1.0;64;32;63;31;1;49
TE179;26.01.2024;4;1.0;75;23;71;22;4;28
TE179;26.01.2024;5;1.0;236;41;222;41;14;40
TE179;26.01.2024;6;1.0;418;45;394;44;24;43
TE179;26.01.2024;7;1.0;740;32;701;32;39;33
TE179;26.01.2024;8;1.0;713;32;677;32;36;32
TE179;26.01.2024;9;1.0;833;35;808;35;25;34
TE179;26.01.2024;10;1.0;750;34;732;34;18;34
TE179;26.01.2024;11;1.0;727;36;699;36;28;36
TE179;26.01.2024;12;1.0;739;31;718;31;21;28
TE179;26.01.2024;13;1.0;732;35;718;35;14;35
TE179;26.01.2024;14;1.0;840;35;831;35;9;34
TE179;26.01.2024;15;1.0;776;37;761;37;15;36
TE179;26.01.2024;16;1.0;806;37;790;37;16;37
TE179;26.01.2024;17;1.0;762;36;744;36;18;37
TE179;26.01.2024;18;1.0;787;37;767;37;20;38
TE179;26.01.2024;19;1.0;654;38;636;38;18;38
TE179;26.01.2024;20;1.0;502;39;477;39;25;40
TE179;26.01.2024;21;1.0;450;40;432;40;18;40
TE179;26.01.2024;22;1.0;411;40;394;40;17;40
TE179;26.01.2024;23;1.0;308;43;286;43;22;37
TE179;27.01.2024;0;1.0;246;44;229;45;17;44
TE179;27.01.2024;1;1.0;173;45;170;45;3;46
TE179;27.01.2024;2;1.0;151;47;147;47;4;46
TE179;27.01.2024;3;1.0;115;44;110;44;5;46
TE179;27.01.2024;4;1.0;110;46;107;46;3;39
TE179;27.01.2024;5;1.0;171;44;167;44;4;40
TE179;27.01.2024;6;1.0;150;42;142;42;8;39
TE179;27.01.2024;7;1.0;178;41;160;41;18;44
TE179;27.01.2024;8;1.0;246;36;236;36;10;36
TE179;27.01.2024;9;1.0;398;43;372;43;26;43
TE179;27.01.2024;10;1.0;508;42;473;42;35;43
TE179;27.01.2024;11;1.0;553;41;534;41;19;42
TE179;27.01.2024;12;1.0;672;40;658;40;14;41
TE179;27.01.2024;13;1.0;790;39;772;39;18;37
TE179;27.01.2024;14;1.0;771;36;744;36;27;35
TE179;27.01.2024;15;1.0;846;35;818;35;28;35
TE179;27.01.2024;16;1.0;771;35;753;35;18;35
TE179;27.01.2024;17;1.0;778;36;758;36;20;36
TE179;27.01.2024;18;1.0;837;35;806;35;31;35
TE179;27.01.2024;19;1.0;631;37;612;37;19;37
TE179;27.01.2024;20;1.0;494;39;461;39;33;38
TE179;27.01.2024;21;1.0;442;40;419;40;23;41
TE179;27.01.2024;22;1.0;397;40;385;40;12;40
TE179;27.01.2024;23;1.0;329;42;314;42;15;42
TE179;28.01.2024;0;1.0;257;44;248;44;9;43
TE179;28.01.2024;1;1.0;203;43;195;43;8;43
TE179;28.01.2024;2;1.0;159;43;152;43;7;43
TE179;28.01.2024;3;1.0;141;41;133;41;8;42
TE179;28.01.2024;4;1.0;111;41;109;41;2;38
TE179;28.01.2024;5;1.0;121;44;120;44;1;44
TE179;28.01.2024;6;1.0;98;45;94;45;4;45
TE179;28.01.2024;7;1.0;119;43;111;44;8;42
TE179;28.01.2024;8;1.0;175;42;169;42;6;39
TE179;28.01.2024;9;1.0;197;41;187;41;10;39
TE179;28.01.2024;10;1.0;323;40;307;40;16;39
TE179;28.01.2024;11;1.0;412;38;395;39;17;37
TE179;28.01.2024;12;1.0;522;38;498;38;24;37
TE179;28.01.2024;13;1.0;573;37;557;37;16;36
TE179;28.01.2024;14;1.0;683;37;663;37;20;36
TE179;28.01.2024;15;1.0;789;37;773;37;16;36
TE179;28.01.2024;16;1.0;745;37;723;37;22;37
TE179;28.01.2024;17;1.0;704;36;686;36;18;34
TE179;28.01.2024;18;1.0;595;38;581;38;14;38
TE179;28.01.2024;19;1.0;518;38;496;38;22;40
TE179;28.01.2024;20;1.0;371;39;349;39;22;37
TE179;28.01.2024;21;1.0;344;41;332;41;12;39
TE179;28.01.2024;22;1.0;272;42;255;41;17;40
TE179;28.01.2024;23;1.0;229;43;207;42;22;45
TE179;29.01.2024;0;1.0;131;45;123;45;8;43
TE179;29.01.2024;1;1.0;78;44;76;44;2;40
TE179;29.01.2024;2;1.0;64;48;52;48;12;47
TE179;29.01.2024;3;1.0;42;46;40;46;2;47
TE179;29.01.2024;4;1.0;92;49;85;49;7;47
TE179;29.01.2024;5;1.0;384;43;365;43;19;44
TE179;29.01.2024;6;1.0;586;38;563;38;23;35
TE179;29.01.2024;7;1.0;739;31;715;31;24;31
TE179;29.01.2024;8;1.0;847;30;820;30;27;31
TE179;29.01.2024;9;1.0;740;31;715;31;25;33
TE179;29.01.2024;10;1.0;703;31;670;31;33;31
TE179;29.01.2024;11;1.0;685;29;650;29;35;30
TE179;29.01.2024;12;1.0;680;29;641;29;39;30
TE179;29.01.2024;13;1.0;713;29;676;29;37;29
TE179;29.01.2024;14;1.0;731;30;712;30;19;31
TE179;29.01.2024;15;1.0;718;29;688;29;30;28
TE179;29.01.2024;16;1.0;748;28;725;28;23;29
TE179;29.01.2024;17;1.0;753;33;728;33;25;33
TE179;29.01.2024;18;1.0;620;33;606;33;14;34
TE179;29.01.2024;19;1.0;501;38;482;38;19;37
TE179;29.01.2024;20;1.0;373;39;362;39;11;37
TE179;29.01.2024;21;1.0;269;41;257;41;12;40
TE179;29.01.2024;22;1.0;251;43;235;43;16;42
TE179;29.01.2024;23;1.0;204;42;190;42;14;42
TE179;30.01.2024;0;1.0;143;43;136;43;7;41
TE179;30.01.2024;1;1.0;80;44;76;44;4;41
TE179;30.01.2024;2;1.0;57;43;52;43;5;42
TE179;30.01.2024;3;1.0;39;44;33;43;6;46
TE179;30.01.2024;4;1.0;70;43;57;43;13;43
TE179;30.01.2024;5;1.0;220;42;210;42;10;44
TE179;30.01.2024;6;1.0;423;40;403;40;20;42
TE179;30.01.2024;7;1.0;675;32;650;32;25;32
TE179;30.01.2024;8;1.0;841;31;822;31;19;32
TE179;30.01.2024;9;1.0;736;32;710;32;26;32
TE179;30.01.2024;10;1.0;722;32;698;32;24;33
TE179;30.01.2024;11;1.0;679;33;654;33;25;33
TE179;30.01.2024;12;1.0;676;32;649;32;27;32
TE179;30.01.2024;13;1.0;666;33;641;33;25;33
TE179;30.01.2024;14;1.0;731;31;702;31;29;31
TE179;30.01.2024;15;1.0;777;32;755;32;22;32
TE179;30.01.2024;16;1.0;813;32;788;32;25;32
TE179;30.01.2024;17;1.0;734;35;715;35;19;35
TE179;30.01.2024;18;1.0;689;36;675;36;14;36
TE179;30.01.2024;19;1.0;489;39;477;39;12;41
TE179;30.01.2024;20;1.0;369;39;361;38;8;38
TE179;30.01.2024;21;1.0;306;40;286;40;20;40
TE179;30.01.2024;22;1.0;260;40;249;40;11;39
TE179;30.01.2024;23;1.0;191;45;176;45;15;40
TE179;31.01.2024;0;1.0;144;38;131;38;13;39
TE179;31.01.2024;1;1.0;77;40;73;40;4;39
TE179;31.01.2024;2;1.0;66;42;62;42;4;43
TE179;31.01.2024;3;1.0;39;46;34;47;5;45
TE179;31.01.2024;4;1.0;70;42;60;42;10;44
TE179;31.01.2024;5;1.0;230;44;213;44;17;45
TE179;31.01.2024;6;1.0;400;42;380;42;20;43
TE179;31.01.2024;7;1.0;646;36;614;36;32;38
TE179;31.01.2024;8;1.0;780;34;768;34;12;36
TE179;31.01.2024;9;1.0;754;33;736;33;18;32
TE179;31.01.2024;10;1.0;675;33;655;33;20;33
TE179;31.01.2024;11;1.0;724;32;705;32;19;32
TE179;31.01.2024;12;1.0;690;34;657;34;33;34
TE179;31.01.2024;13;1.0;684;34;658;34;26;36
TE179;31.01.2024;14;1.0;721;34;695;34;26;34
TE179;31.01.2024;15;1.0;766;34;742;35;24;34
TE179;31.01.2024;16;1.0;774;34;756;34;18;34
TE179;31.01.2024;17;1.0;775;35;757;35;18;35
TE179;31.01.2024;18;1.0;665;39;646;39;19;37
TE179;31.01.2024;19;1.0;548;40;536;40;12;40
TE179;31.01.2024;20;1.0;396;42;381;42;15;42
TE179;31.01.2024;21;1.0;328;42;321;42;7;41
TE179;31.01.2024;22;1.0;317;38;306;38;11;38
TE179;31.01.2024;23;1.0;248;44;232;44;16;44
TE191;31.01.2024;15;1.0;0;-1;0;-1;0;-1
TE192;01.01.2024;0;1.0;102;58;102;58;0;-1
TE192;01.01.2024;1;1.0;224;56;224;56;0;-1
TE192;01.01.2024;2;1.0;239;57;237;57;2;61
TE192;01.01.2024;3;1.0;130;56;130;56;0;-1
TE192;01.01.2024;4;1.0;66;55;66;55;0;-1
TE192;01.01.2024;5;1.0;60;60;60;60;0;-1
TE192;01.01.2024;6;1.0;48;62;48;62;0;-1
TE192;01.01.2024;7;1.0;29;55;29;55;0;-1
TE192;01.01.2024;8;1.0;44;56;42;56;2;58
TE192;01.01.2024;9;1.0;56;54;56;54;0;-1
TE192;01.01.2024;10;1.0;112;54;112;54;0;-1
TE192;01.01.2024;11;1.0;170;54;170;54;0;-1
TE192;01.01.2024;12;1.0;274;55;273;55;1;58
TE192;01.01.2024;13;1.0;348;58;347;58;1;59
TE192;01.01.2024;14;1.0;391;58;390;58;1;53
TE192;01.01.2024;15;1.0;409;59;408;59;1;60
TE192;01.01.2024;16;1.0;414;58;414;58;0;-1
TE192;01.01.2024;17;1.0;298;60;298;60;0;-1
TE192;01.01.2024;18;1.0;243;60;243;60;0;-1
TE192;01.01.2024;19;1.0;183;59;183;59;0;-1
TE192;01.01.2024;20;1.0;141;57;141;57;0;-1
TE192;01.01.2024;21;1.0;89;61;89;61;0;-1
TE192;01.01.2024;22;1.0;71;63;70;63;1;53
TE192;01.01.2024;23;1.0;38;63;36;63;2;52
TE192;02.01.2024;0;1.0;30;64;29;64;1;63
TE192;02.01.2024;1;1.0;16;56;16;56;0;-1
TE192;02.01.2024;2;1.0;14;57;13;57;1;57
TE192;02.01.2024;3;1.0;19;54;19;54;0;-1
TE192;02.01.2024;4;1.0;48;55;46;55;2;58
TE192;02.01.2024;5;1.0;235;54;231;54;3;60
TE192;02.01.2024;6;1.0;365;59;360;59;5;54
TE192;02.01.2024;7;1.0;407;58;401;58;6;56
TE192;02.01.2024;8;1.0;480;59;475;59;5;60
TE192;02.01.2024;9;1.0;395;60;391;60;4;54
TE192;02.01.2024;10;1.0;399;61;393;61;6;53
TE192;02.01.2024;11;1.0;372;61;366;61;6;55
TE192;02.01.2024;12;1.0;391;61;381;61;10;57
TE192;02.01.2024;13;1.0;403;61;397;61;6;55
TE192;02.01.2024;14;1.0;442;61;436;61;6;61
TE192;02.01.2024;15;1.0;533;59;530;59;3;55
TE192;02.01.2024;16;1.0;466;59;464;59;2;65
TE192;02.01.2024;17;1.0;402;59;398;59;4;58
TE192;02.01.2024;18;1.0;292;61;288;61;4;59
TE192;02.01.2024;19;1.0;237;59;230;59;7;56
TE192;02.01.2024;20;1.0;216;62;212;62;4;56
TE192;02.01.2024;21;1.0;146;61;144;61;2;59
TE192;02.01.2024;22;1.0;89;63;89;63;0;-1
TE192;02.01.2024;23;1.0;41;59;40;59;1;64
TE192;03.01.2024;0;1.0;24;60;19;57;5;69
TE192;03.01.2024;1;1.0;24;60;24;60;0;-1
TE192;03.01.2024;2;1.0;15;63;15;63;0;-1
TE192;03.01.2024;3;1.0;25;62;22;64;3;57
TE192;03.01.2024;4;1.0;56;64;54;65;2;55
TE192;03.01.2024;5;1.0;250;64;243;63;7;63
TE192;03.01.2024;6;1.0;396;62;377;62;19;63
TE192;03.01.2024;7;1.0;497;63;478;63;19;61
TE192;03.01.2024;8;1.0;542;61;522;61;20;59
TE192;03.01.2024;9;1.0;528;60;504;61;24;60
TE192;03.01.2024;10;1.0;452;60;434;61;18;58
TE192;03.01.2024;11;1.0;519;62;496;62;23;62
TE192;03.01.2024;12;1.0;505;59;487;59;18;59
TE192;03.01.2024;13;1.0;493;60;487;60;6;55
TE192;03.01.2024;14;1.0;535;61;526;61;9;59
TE192;03.01.2024;15;1.0;568;54;562;54;6;58
TE192;03.01.2024;16;1.0;538;53;534;53;4;56
TE192;03.01.2024;17;1.0;453;52;446;52;6;55
TE192;03.01.2024;18;1.0;404;54;399;54;4;57
TE192;03.01.2024;19;1.0;275;54;272;54;3;60
TE192;03.01.2024;20;1.0;189;53;188;52;1;67
TE192;03.01.2024;21;1.0;169;61;167;61;2;67
TE192;03.01.2024;22;1.0;99;59;97;59;2;58
TE192;03.01.2024;23;1.0;40;62;40;62;0;-1
TE192;04.01.2024;0;1.0;25;64;20;63;5;65
TE192;04.01.2024;1;1.0;9;64;9;64;0;-1
TE192;04.01.2024;3;1.0;24;64;20;63;4;68
TE192;04.01.2024;4;1.0;55;63;53;63;2;71
TE192;04.01.2024;5;1.0;244;64;235;64;9;66
TE192;04.01.2024;6;1.0;416;63;407;63;9;63
TE192;04.01.2024;7;1.0;480;61;468;61;12;60
TE192;04.01.2024;8;1.0;546;61;527;61;19;57
TE192;04.01.2024;9;1.0;506;56;482;56;24;55
TE192;04.01.2024;10;1.0;452;58;416;58;36;57
TE192;04.01.2024;11;1.0;497;56;474;56;21;56
TE192;04.01.2024;12;1.0;472;55;455;55;17;54
TE192;04.01.2024;13;1.0;479;62;456;62;23;61
TE192;04.01.2024;14;1.0;541;60;519;60;22;60
TE192;04.01.2024;15;1.0;594;58;588;58;6;55
TE192;04.01.2024;16;1.0;505;59;501;59;4;56
TE192;04.01.2024;17;1.0;435;56;431;56;4;57
TE192;04.01.2024;18;1.0;333;58;326;58;7;60
TE192;04.01.2024;19;1.0;263;57;261;57;2;58
TE192;04.01.2024;20;1.0;199;57;196;57;3;56
TE192;04.01.2024;21;1.0;183;58;182;58;1;54
TE192;04.01.2024;22;1.0;105;58;103;58;2;56
TE192;04.01.2024;23;1.0;61;57;58;57;3;60
TE192;05.01.2024;0;1.0;23;59;21;63;1;52
TE192;05.01.2024;1;1.0;18;63;18;63;0;-1
TE192;05.01.2024;2;1.0;17;55;13;59;3;57
TE192;05.01.2024;3;1.0;25;56;18;54;7;61
TE192;05.01.2024;4;1.0;67;56;59;56;7;57
TE192;05.01.2024;5;1.0;241;61;228;60;13;60
TE192;05.01.2024;6;1.0;379;60;367;60;12;55
TE192;05.01.2024;7;1.0;450;59;442;59;8;60
TE192;05.01.2024;8;1.0;543;58;528;58;15;55
TE192;05.01.2024;9;1.0;462;60;459;60;3;52
TE192;05.01.2024;10;1.0;470;61;457;61;13;59
TE192;05.01.2024;11;1.0;486;61;464;61;22;61
TE192;05.01.2024;12;1.0;488;61;469;61;19;60
TE192;05.01.2024;13;1.0;499;61;477;61;22;61
TE192;05.01.2024;14;1.0;542;61;521;61;21;59
TE192;05.01.2024;15;1.0;484;58;466;59;18;56
TE192;05.01.2024;16;1.0;424;59;422;59;2;61
TE192;05.01.2024;17;1.0;382;58;378;58;4;60
TE192;05.01.2024;18;1.0;331;60;330;60;1;59
TE192;05.01.2024;19;1.0;249;56;248;56;1;63
TE192;05.01.2024;20;1.0;172;54;172;54;0;-1
TE192;05.01.2024;21;1.0;172;57;170;58;2;52
TE192;05.01.2024;22;1.0;89;59;89;59;0;-1
TE192;05.01.2024;23;1.0;79;63;78;63;1;61
TE192;06.01.2024;0;1.0;43;58;43;58;0;-1
TE192;06.01.2024;1;1.0;33;65;33;65;0;-1
TE192;06.01.2024;2;1.0;31;61;27;62;4;57
TE192;06.01.2024;3;1.0;12;63;12;63;0;-1
TE192;06.01.2024;4;1.0;48;57;46;57;2;58
TE192;06.01.2024;5;1.0;70;63;68;63;2;59
TE192;06.01.2024;6;1.0;82;62;82;62;0;-1
TE192;06.01.2024;7;1.0;110;61;106;61;4;57
TE192;06.01.2024;8;1.0;192;62;188;62;4;62
TE192;06.01.2024;9;1.0;295;61;286;61;9;60
TE192;06.01.2024;10;1.0;332;60;325;60;7;63
TE192;06.01.2024;11;1.0;399;60;394;60;5;58
TE192;06.01.2024;12;1.0;409;59;404;59;5;57
TE192;06.01.2024;13;1.0;455;60;454;60;1;63
TE192;06.01.2024;14;1.0;480;60;479;60;1;63
TE192;06.01.2024;15;1.0;489;58;486;58;3;56
TE192;06.01.2024;16;1.0;456;58;454;58;2;62
TE192;06.01.2024;17;1.0;377;57;375;57;2;56
TE192;06.01.2024;18;1.0;344;58;343;58;1;54
TE192;06.01.2024;19;1.0;295;57;294;57;1;50
TE192;06.01.2024;20;1.0;167;54;165;54;2;50
TE192;06.01.2024;21;1.0;148;54;148;54;0;-1
TE192;06.01.2024;22;1.0;137;55;135;55;1;49
TE192;06.01.2024;23;1.0;79;59;78;59;1;70
TE192;07.01.2024;0;1.0;70;58;70;58;0;-1
TE192;07.01.2024;1;1.0;40;58;40;58;0;-1
TE192;07.01.2024;2;1.0;28;60;24;59;4;63
TE192;07.01.2024;3;1.0;20;57;19;57;1;64
TE192;07.01.2024;4;1.0;26;56;24;56;2;60
TE192;07.01.2024;5;1.0;43;55;41;55;2;54
TE192;07.01.2024;6;1.0;33;55;33;55;0;-1
TE192;07.01.2024;7;1.0;51;58;51;58;0;-1
TE192;07.01.2024;8;1.0;76;58;76;58;0;-1
TE192;07.01.2024;9;1.0;211;58;209;58;2;58
TE192;07.01.2024;10;1.0;257;56;257;56;0;-1
TE192;07.01.2024;11;1.0;347;57;345;57;2;50
TE192;07.01.2024;12;1.0;424;52;423;52;1;53
TE192;07.01.2024;13;1.0;493;53;488;53;5;54
TE192;07.01.2024;14;1.0;515;53;515;53;0;-1
TE192;07.01.2024;15;1.0;548;54;544;54;4;60
TE192;07.01.2024;16;1.0;441;53;441;53;0;-1
TE192;07.01.2024;17;1.0;410;57;409;57;1;57
TE192;07.01.2024;18;1.0;311;58;309;58;2;52
TE192;07.01.2024;19;1.0;259;58;259;58;0;-1
TE192;07.01.2024;20;1.0;189;59;188;59;1;52
TE192;07.01.2024;21;1.0;125;57;125;57;0;-1
TE192;07.01.2024;22;1.0;78;53;77;53;1;56
TE192;07.01.2024;23;1.0;40;57;38;56;2;64
TE192;08.01.2024;0;1.0;31;59;30;59;1;66
TE192;08.01.2024;1;1.0;23;56;18;54;5;60
TE192;08.01.2024;2;1.0;14;57;10;55;4;63
TE192;08.01.2024;3;1.0;9;57;8;58;1;49
TE192;08.01.2024;4;1.0;77;55;72;55;5;59
TE192;08.01.2024;5;1.0;293;54;276;54;17;54
TE192;08.01.2024;6;1.0;508;48;409;49;99;44
TE192;08.01.2024;7;1.0;618;44;387;45;233;40
TE192;08.01.2024;8;1.0;653;39;521;40;132;35
TE192;08.01.2024;9;1.0;421;39;323;41;98;32
TE192;08.01.2024;10;1.0;389;49;219;48;169;50
TE192;08.01.2024;11;1.0;418;51;296;53;122;47
TE192;08.01.2024;12;1.0;431;55;350;57;81;45
TE192;08.01.2024;13;1.0;381;57;369;57;12;57
TE192;08.01.2024;14;1.0;463;57;412;57;51;57
TE192;08.01.2024;15;1.0;605;46;423;48;182;39
TE192;08.01.2024;16;1.0;512;44;380;47;132;37
TE192;08.01.2024;17;1.0;399;47;247;50;152;43
TE192;08.01.2024;18;1.0;322;50;193;50;129;51
TE192;08.01.2024;19;1.0;247;43;171;47;76;35
TE192;08.01.2024;20;1.0;214;44;128;48;86;37
TE192;08.01.2024;21;1.0;140;47;86;52;54;39
TE192;08.01.2024;22;1.0;102;46;55;51;47;39
TE192;08.01.2024;23;1.0;65;45;35;50;30;40
TE192;09.01.2024;0;1.0;29;56;16;51;13;62
TE192;09.01.2024;1;1.0;21;65;10;56;11;73
TE192;09.01.2024;2;1.0;23;54;22;54;1;68
TE192;09.01.2024;3;1.0;19;65;10;54;9;77
TE192;09.01.2024;4;1.0;63;53;51;50;12;68
TE192;09.01.2024;5;1.0;285;51;251;50;34;59
TE192;09.01.2024;6;1.0;484;41;377;43;107;32
TE192;09.01.2024;7;1.0;679;42;472;46;207;33
TE192;09.01.2024;8;1.0;850;42;571;46;279;34
TE192;09.01.2024;9;1.0;582;40;375;44;206;31
TE192;09.01.2024;10;1.0;457;53;292;53;165;52
TE192;09.01.2024;11;1.0;501;56;371;56;130;57
TE192;09.01.2024;12;1.0;525;57;501;57;24;57
TE192;09.01.2024;13;1.0;529;57;506;57;23;55
TE192;09.01.2024;14;1.0;609;57;589;57;20;58
TE192;09.01.2024;15;1.0;763;54;692;55;71;57
TE192;09.01.2024;16;1.0;585;51;453;51;132;46
TE192;09.01.2024;17;1.0;507;47;324;49;183;44
TE192;09.01.2024;18;1.0;451;44;308;48;143;38
TE192;09.01.2024;19;1.0;356;46;224;50;132;39
TE192;09.01.2024;20;1.0;260;44;164;49;96;36
TE192;09.01.2024;21;1.0;198;46;126;51;72;37
TE192;09.01.2024;22;1.0;123;45;72;50;51;37
TE192;09.01.2024;23;1.0;82;45;46;52;36;36
TE192;10.01.2024;0;1.0;21;55;9;53;12;56
TE192;10.01.2024;1;1.0;19;56;12;53;7;62
TE192;10.01.2024;2;1.0;20;53;18;50;2;80
TE192;10.01.2024;3;1.0;17;54;8;43;9;63
TE192;10.01.2024;4;1.0;77;56;54;53;23;62
TE192;10.01.2024;5;1.0;287;55;226;54;61;61
TE192;10.01.2024;6;1.0;525;48;342;51;183;45
TE192;10.01.2024;7;1.0;772;47;501;48;271;44
TE192;10.01.2024;8;1.0;920;44;563;46;357;41
TE192;10.01.2024;9;1.0;590;44;481;47;109;33
TE192;10.01.2024;10;1.0;533;58;483;58;50;57
TE192;10.01.2024;11;1.0;500;58;473;58;27;58
TE192;10.01.2024;12;1.0;542;59;516;58;26;56
TE192;10.01.2024;13;1.0;523;57;514;57;9;57
TE192;10.01.2024;14;1.0;564;58;545;58;19;59
TE192;10.01.2024;15;1.0;764;56;739;56;25;56
TE192;10.01.2024;16;1.0;687;54;603;54;84;57
TE192;10.01.2024;17;1.0;532;49;377;51;155;45
TE192;10.01.2024;18;1.0;473;49;371;49;102;47
TE192;10.01.2024;19;1.0;321;45;236;47;85;41
TE192;10.01.2024;20;1.0;253;48;148;49;105;46
TE192;10.01.2024;21;1.0;205;46;131;46;74;46
TE192;10.01.2024;22;1.0;140;46;89;50;51;40
TE192;10.01.2024;23;1.0;67;41;45;45;22;33
TE192;11.01.2024;0;1.0;26;37;19;37;7;36
TE192;11.01.2024;1;1.0;16;33;11;35;5;29
TE192;11.01.2024;2;1.0;26;40;21;41;5;33
TE192;11.01.2024;3;1.0;17;46;16;44;1;71
TE192;11.01.2024;4;1.0;75;45;70;46;5;30
TE192;11.01.2024;5;1.0;264;61;244;61;20;67
TE192;11.01.2024;6;1.0;472;63;459;63;13;59
TE192;11.01.2024;7;1.0;733;60;710;60;23;57
TE192;11.01.2024;8;1.0;827;54;803;54;24;53
TE192;11.01.2024;9;1.0;590;53;558;53;33;53
TE192;11.01.2024;10;1.0;497;62;476;62;21;60
TE192;11.01.2024;11;1.0;501;60;468;60;33;59
TE192;11.01.2024;12;1.0;531;62;520;62;11;60
TE192;11.01.2024;13;1.0;506;61;490;61;16;58
TE192;11.01.2024;14;1.0;597;55;578;55;19;50
TE192;11.01.2024;15;1.0;721;53;697;53;24;49
TE192;11.01.2024;16;1.0;598;50;573;51;24;49
TE192;11.01.2024;17;1.0;490;53;473;53;17;48
TE192;11.01.2024;18;1.0;440;50;423;50;16;47
TE192;11.01.2024;19;1.0;312;51;305;51;7;43
TE192;11.01.2024;20;1.0;274;53;263;53;11;49
TE192;11.01.2024;21;1.0;166;59;162;59;4;56
TE192;11.01.2024;22;1.0;123;60;122;60;1;56
TE192;11.01.2024;23;1.0;68;60;68;60;0;-1
TE192;12.01.2024;0;1.0;27;61;24;60;3;65
TE192;12.01.2024;1;1.0;26;63;22;63;4;62
TE192;12.01.2024;2;1.0;20;58;20;58;0;-1
TE192;12.01.2024;3;1.0;18;66;16;67;2;62
TE192;12.01.2024;4;1.0;51;63;50;63;1;66
TE192;12.01.2024;5;1.0;261;62;258;62;3;65
TE192;12.01.2024;6;1.0;419;59;418;59;1;59
TE192;12.01.2024;7;1.0;643;59;641;59;2;59
TE192;12.01.2024;8;1.0;745;58;723;58;22;59
TE192;12.01.2024;9;1.0;543;55;530;55;13;54
TE192;12.01.2024;10;1.0;469;60;455;59;14;58
TE192;12.01.2024;11;1.0;466;59;454;59;12;57
TE192;12.01.2024;12;1.0;508;59;496;59;12;55
TE192;12.01.2024;13;1.0;520;60;510;60;10;57
TE192;12.01.2024;14;1.0;671;59;654;59;17;57
TE192;12.01.2024;15;1.0;627;59;609;59;18;58
TE192;12.01.2024;16;1.0;522;58;514;59;8;62
TE192;12.01.2024;17;1.0;493;54;475;55;17;54
TE192;12.01.2024;18;1.0;458;55;452;55;6;61
TE192;12.01.2024;19;1.0;282;54;277;54;5;64
TE192;12.01.2024;20;1.0;243;60;240;59;3;60
TE192;12.01.2024;21;1.0;183;61;183;61;0;-1
TE192;12.01.2024;22;1.0;147;60;146;60;1;58
TE192;12.01.2024;23;1.0;101;63;100;63;1;60
TE192;13.01.2024;0;1.0;42;59;42;59;0;-1
TE192;13.01.2024;1;1.0;45;64;44;64;1;71
TE192;13.01.2024;2;1.0;25;59;25;59;0;-1
TE192;13.01.2024;3;1.0;22;58;22;58;0;-1
TE192;13.01.2024;4;1.0;40;61;39;61;1;64
TE192;13.01.2024;5;1.0;79;63;79;63;0;-1
TE192;13.01.2024;6;1.0;77;64;74;64;3;64
TE192;13.01.2024;7;1.0;102;58;99;58;3;68
TE192;13.01.2024;8;1.0;235;60;229;60;6;52
TE192;13.01.2024;9;1.0;350;61;348;61;2;54
TE192;13.01.2024;10;1.0;359;62;355;62;4;61
TE192;13.01.2024;11;1.0;393;62;390;62;3;59
TE192;13.01.2024;12;1.0;426;61;424;61;2;62
TE192;13.01.2024;13;1.0;509;60;508;60;1;54
TE192;13.01.2024;14;1.0;541;61;539;61;2;64
TE192;13.01.2024;15;1.0;476;61;476;61;0;-1
TE192;13.01.2024;16;1.0;434;59;433;59;1;55
TE192;13.01.2024;17;1.0;439;56;439;56;0;-1
TE192;13.01.2024;18;1.0;390;59;390;59;0;-1
TE192;13.01.2024;19;1.0;297;61;292;61;5;63
TE192;13.01.2024;20;1.0;211;56;211;56;0;-1
TE192;13.01.2024;21;1.0;155;57;155;57;0;-1
TE192;13.01.2024;22;1.0;127;55;125;55;2;55
TE192;13.01.2024;23;1.0;99;58;98;58;1;65
TE192;14.01.2024;0;1.0;69;56;69;56;0;-1
TE192;14.01.2024;1;1.0;58;53;58;53;0;-1
TE192;14.01.2024;2;1.0;32;56;31;56;1;59
TE192;14.01.2024;3;1.0;29;59;29;59;0;-1
TE192;14.01.2024;4;1.0;21;61;21;61;0;-1
TE192;14.01.2024;5;1.0;50;60;50;60;0;-1
TE192;14.01.2024;6;1.0;35;64;35;64;0;-1
TE192;14.01.2024;7;1.0;59;61;59;61;0;-1
TE192;14.01.2024;8;1.0;82;63;81;62;1;59
TE192;14.01.2024;9;1.0;225;60;224;60;1;57
TE192;14.01.2024;10;1.0;305;61;305;61;0;-1
TE192;14.01.2024;11;1.0;394;60;392;60;2;57
TE192;14.01.2024;12;1.0;461;60;461;60;0;-1
TE192;14.01.2024;13;1.0;497;60;493;60;4;58
TE192;14.01.2024;14;1.0;548;59;547;59;1;51
TE192;14.01.2024;15;1.0;512;57;512;57;0;-1
TE192;14.01.2024;16;1.0;463;59;463;59;0;-1
TE192;14.01.2024;17;1.0;426;58;425;58;1;62
TE192;14.01.2024;18;1.0;327;59;327;59;0;-1
TE192;14.01.2024;19;1.0;240;57;239;57;1;62
TE192;14.01.2024;20;1.0;162;61;162;61;0;-1
TE192;14.01.2024;21;1.0;122;57;122;57;0;-1
TE192;14.01.2024;22;1.0;81;63;80;63;1;73
TE192;14.01.2024;23;1.0;52;65;52;65;0;-1
TE192;15.01.2024;0;1.0;33;63;32;63;1;59
TE192;15.01.2024;1;1.0;16;63;16;63;0;-1
TE192;15.01.2024;2;1.0;18;68;18;68;0;-1
TE192;15.01.2024;3;1.0;32;56;31;55;1;96
TE192;15.01.2024;4;1.0;95;63;91;64;4;58
TE192;15.01.2024;5;1.0;310;61;304;61;6;58
TE192;15.01.2024;6;1.0;450;61;446;61;4;58
TE192;15.01.2024;7;1.0;649;57;639;57;10;55
TE192;15.01.2024;8;1.0;742;58;717;58;25;56
TE192;15.01.2024;9;1.0;494;54;481;54;14;51
TE192;15.01.2024;10;1.0;457;60;445;60;12;60
TE192;15.01.2024;11;1.0;434;60;417;60;17;57
TE192;15.01.2024;12;1.0;440;60;427;60;13;57
TE192;15.01.2024;13;1.0;433;59;422;60;11;56
TE192;15.01.2024;14;1.0;558;60;532;60;26;58
TE192;15.01.2024;15;1.0;690;59;659;59;31;59
TE192;15.01.2024;16;1.0;552;59;546;59;6;59
TE192;15.01.2024;17;1.0;467;55;464;55;3;59
TE192;15.01.2024;18;1.0;371;54;367;54;4;52
TE192;15.01.2024;19;1.0;247;57;244;57;3;57
TE192;15.01.2024;20;1.0;215;60;214;60;1;56
TE192;15.01.2024;21;1.0;128;58;127;58;1;56
TE192;15.01.2024;22;1.0;128;58;128;58;0;-1
TE192;15.01.2024;23;1.0;43;60;42;60;1;60
TE192;16.01.2024;0;1.0;33;63;33;63;0;-1
TE192;16.01.2024;1;1.0;10;55;10;55;0;-1
TE192;16.01.2024;2;1.0;9;46;8;46;1;51
TE192;16.01.2024;3;1.0;25;51;20;52;5;46
TE192;16.01.2024;4;1.0;49;49;34;52;15;42
TE192;16.01.2024;5;1.0;194;46;177;44;17;57
TE192;16.01.2024;6;1.0;418;45;365;45;53;46
TE192;16.01.2024;7;1.0;714;46;529;45;185;46
TE192;16.01.2024;8;1.0;901;52;850;52;51;53
TE192;16.01.2024;9;1.0;692;56;677;56;15;53
TE192;16.01.2024;10;1.0;582;57;558;57;24;56
TE192;16.01.2024;11;1.0;459;49;428;49;30;49
TE192;16.01.2024;12;1.0;483;61;447;61;36;61
TE192;16.01.2024;13;1.0;548;57;531;57;17;55
TE192;16.01.2024;14;1.0;581;59;562;59;19;55
TE192;16.01.2024;15;1.0;714;53;702;53;12;51
TE192;16.01.2024;16;1.0;630;49;625;49;4;51
TE192;16.01.2024;17;1.0;555;51;548;51;7;53
TE192;16.01.2024;18;1.0;439;50;437;50;2;50
TE192;16.01.2024;19;1.0;335;51;334;51;1;51
TE192;16.01.2024;20;1.0;243;58;243;58;0;-1
TE192;16.01.2024;21;1.0;150;61;149;61;1;52
TE192;16.01.2024;22;1.0;107;57;107;57;0;-1
TE192;16.01.2024;23;1.0;56;56;56;56;0;-1
TE192;17.01.2024;0;1.0;19;58;19;58;0;-1
TE192;17.01.2024;1;1.0;18;56;17;55;1;74
TE192;17.01.2024;2;1.0;21;52;20;52;1;45
TE192;17.01.2024;3;1.0;21;55;20;55;1;70
TE192;17.01.2024;4;1.0;69;55;67;55;2;60
TE192;17.01.2024;5;1.0;260;49;255;49;4;50
TE192;17.01.2024;6;1.0;465;48;457;48;7;53
TE192;17.01.2024;7;1.0;734;51;597;52;137;46
TE192;17.01.2024;8;1.0;879;50;596;52;283;46
TE192;17.01.2024;9;1.0;641;46;416;48;225;41
TE192;17.01.2024;10;1.0;531;44;436;46;95;36
TE192;17.01.2024;11;1.0;510;50;468;50;41;53
TE192;17.01.2024;12;1.0;598;56;564;56;34;56
TE192;17.01.2024;13;1.0;616;55;584;55;32;55
TE192;17.01.2024;14;1.0;647;55;627;55;20;54
TE192;17.01.2024;15;1.0;737;50;724;50;13;49
TE192;17.01.2024;16;1.0;695;40;681;40;14;36
TE192;17.01.2024;17;1.0;533;57;528;57;5;59
TE192;17.01.2024;18;1.0;468;57;464;57;4;60
TE192;17.01.2024;19;1.0;302;43;299;43;3;39
TE192;18.01.2024;1;1.0;20;64;19;64;1;62
TE192;18.01.2024;2;1.0;19;66;16;65;3;72
TE192;18.01.2024;4;1.0;89;46;84;45;6;43
TE192;18.01.2024;6;1.0;487;50;466;50;21;49
TE192;18.01.2024;13;1.0;612;43;573;44;40;42
TE192;18.01.2024;14;1.0;675;50;618;50;57;51
TE192;18.01.2024;15;1.0;852;39;606;38;246;40
TE192;18.01.2024;16;1.0;686;37;390;37;296;37
TE192;18.01.2024;17;1.0;573;29;383;32;190;23
TE192;18.01.2024;19;1.0;387;36;217;40;170;31
TE192;18.01.2024;23;1.0;152;43;51;50;101;39
TE192;19.01.2024;0;1.0;99;31;50;32;49;28
TE192;19.01.2024;1;1.0;60;44;27;47;32;44
TE192;19.01.2024;2;1.0;45;42;7;46;38;42
TE192;19.01.2024;3;1.0;27;42;14;47;13;37
TE192;19.01.2024;4;1.0;69;54;52;53;17;59
TE192;19.01.2024;5;1.0;251;57;233;56;18;61
TE192;19.01.2024;6;1.0;433;56;405;56;28;59
TE192;19.01.2024;7;1.0;667;55;570;55;97;56
TE192;19.01.2024;8;1.0;702;54;592;54;110;55
TE192;19.01.2024;9;1.0;486;46;404;47;83;44
TE192;19.01.2024;10;1.0;640;39;544;39;96;42
TE192;19.01.2024;11;1.0;586;50;492;51;93;51
TE192;19.01.2024;12;1.0;429;30;413;31;16;22
TE192;19.01.2024;13;1.0;735;49;711;49;24;50
TE192;19.01.2024;14;1.0;630;49;601;49;30;49
TE192;19.01.2024;15;1.0;645;40;615;41;30;42
TE192;19.01.2024;16;1.0;602;50;531;50;70;49
TE192;19.01.2024;17;1.0;621;53;522;53;99;53
TE192;19.01.2024;18;1.0;685;47;508;47;176;45
TE192;19.01.2024;19;1.0;410;39;241;43;169;32
TE192;19.01.2024;20;1.0;310;49;209;49;101;50
TE192;19.01.2024;21;1.0;227;48;153;48;74;45
TE192;19.01.2024;22;1.0;170;57;158;56;12;61
TE192;19.01.2024;23;1.0;153;55;126;55;27;52
TE192;20.01.2024;0;1.0;100;53;80;53;21;51
TE192;20.01.2024;1;1.0;79;55;69;56;10;54
TE192;20.01.2024;2;1.0;60;54;46;55;14;53
TE192;20.01.2024;3;1.0;32;60;30;60;2;53
TE192;20.01.2024;4;1.0;33;62;32;62;1;70
TE192;20.01.2024;5;1.0;73;58;71;58;2;56
TE192;20.01.2024;6;1.0;88;60;83;60;5;59
TE192;20.01.2024;7;1.0;159;56;154;56;5;52
TE192;20.01.2024;8;1.0;261;58;252;58;9;55
TE192;20.01.2024;9;1.0;481;56;469;56;12;55
TE192;20.01.2024;10;1.0;471;56;442;56;29;57
TE192;20.01.2024;11;1.0;497;54;457;54;40;56
TE192;20.01.2024;12;1.0;505;56;496;56;9;58
TE192;20.01.2024;13;1.0;618;56;612;56;6;58
TE192;20.01.2024;14;1.0;610;57;601;57;9;56
TE192;20.01.2024;15;1.0;606;50;568;50;38;50
TE192;20.01.2024;16;1.0;682;47;512;47;170;48
TE192;20.01.2024;17;1.0;647;49;594;49;53;49
TE192;20.01.2024;18;1.0;798;48;742;48;56;48
TE192;20.01.2024;19;1.0;418;52;413;52;5;52
TE192;20.01.2024;20;1.0;272;54;270;54;2;52
TE192;20.01.2024;21;1.0;185;50;182;50;3;51
TE192;20.01.2024;23;1.0;127;42;126;41;1;53
TE192;21.01.2024;0;1.0;101;49;97;50;3;54
TE192;21.01.2024;1;1.0;50;53;50;53;0;-1
TE192;21.01.2024;2;1.0;39;53;39;53;0;-1
TE192;21.01.2024;3;1.0;17;53;17;53;0;-1
TE192;21.01.2024;5;1.0;47;60;47;60;0;-1
TE192;21.01.2024;6;1.0;39;62;37;62;2;62
TE192;21.01.2024;7;1.0;72;59;71;59;1;60
TE192;21.01.2024;8;1.0;162;43;145;43;17;43
TE192;21.01.2024;10;1.0;452;51;361;54;91;41
TE192;21.01.2024;11;1.0;522;54;469;54;53;57
TE192;21.01.2024;12;1.0;602;54;546;53;56;54
TE192;21.01.2024;13;1.0;618;55;578;55;40;57
TE192;21.01.2024;14;1.0;628;54;613;54;15;54
TE192;21.01.2024;15;1.0;731;55;657;55;74;57
TE192;21.01.2024;16;1.0;1250;36;1080;36;170;40
TE192;21.01.2024;17;1.0;744;51;557;51;187;53
TE192;21.01.2024;18;1.0;697;48;691;48;5;47
TE192;21.01.2024;19;1.0;441;41;435;41;7;38
TE192;21.01.2024;20;1.0;232;59;231;59;1;57
TE192;21.01.2024;21;1.0;135;59;132;59;3;58
TE192;21.01.2024;22;1.0;80;56;75;57;5;48
TE192;21.01.2024;23;1.0;36;61;33;61;3;55
TE192;22.01.2024;0;1.0;22;62;22;62;0;-1
TE192;22.01.2024;1;1.0;8;64;7;63;1;78
TE192;22.01.2024;2;1.0;15;61;13;60;2;66
TE192;22.01.2024;3;1.0;24;64;17;61;7;72
TE192;22.01.2024;4;1.0;80;60;70;60;10;64
TE192;22.01.2024;5;1.0;298;63;289;63;9;63
TE192;22.01.2024;6;1.0;534;63;511;63;23;62
TE192;22.01.2024;7;1.0;765;59;737;59;28;60
TE192;22.01.2024;8;1.0;855;53;819;53;36;53
TE192;22.01.2024;9;1.0;655;50;623;50;32;50
TE192;22.01.2024;10;1.0;574;50;534;50;39;51
TE192;22.01.2024;11;1.0;507;58;476;58;31;57
TE192;22.01.2024;12;1.0;487;58;461;58;26;57
TE192;22.01.2024;13;1.0;608;61;579;61;29;61
TE192;22.01.2024;14;1.0;692;44;662;44;30;43
TE192;22.01.2024;15;1.0;778;41;737;41;40;41
TE192;22.01.2024;16;1.0;734;53;660;53;74;50
TE192;22.01.2024;17;1.0;621;53;584;53;37;49
TE192;22.01.2024;18;1.0;681;52;663;52;18;50
TE192;22.01.2024;19;1.0;346;57;342;57;4;56
TE192;22.01.2024;20;1.0;256;56;255;56;1;53
TE192;22.01.2024;21;1.0;196;54;195;54;1;56
TE192;22.01.2024;22;1.0;167;57;167;57;0;-1
TE192;22.01.2024;23;1.0;76;52;76;52;0;-1
TE192;23.01.2024;0;1.0;38;55;35;54;3;63
TE192;23.01.2024;1;1.0;17;67;16;68;1;64
TE192;23.01.2024;2;1.0;14;58;12;55;2;76
TE192;23.01.2024;3;1.0;23;62;20;62;3;65
TE192;23.01.2024;4;1.0;77;60;70;60;7;59
TE192;23.01.2024;5;1.0;266;60;260;60;6;57
TE192;23.01.2024;6;1.0;511;57;498;58;13;58
TE192;23.01.2024;7;1.0;795;58;780;58;15;58
TE192;23.01.2024;8;1.0;883;58;854;58;29;56
TE192;23.01.2024;9;1.0;681;57;633;57;48;57
TE192;23.01.2024;10;1.0;613;56;563;57;50;56
TE192;23.01.2024;11;1.0;528;58;502;58;26;56
TE192;23.01.2024;12;1.0;522;58;505;58;17;58
TE192;23.01.2024;13;1.0;577;56;557;56;20;55
TE192;23.01.2024;14;1.0;623;55;610;55;13;52
TE192;23.01.2024;15;1.0;805;53;768;53;37;51
TE192;23.01.2024;16;1.0;763;51;701;51;62;49
TE192;23.01.2024;17;1.0;698;46;655;46;44;44
TE192;23.01.2024;18;1.0;688;46;677;46;10;45
TE192;23.01.2024;19;1.0;376;54;373;54;3;50
TE192;23.01.2024;20;1.0;296;42;296;42;0;-1
TE192;23.01.2024;21;1.0;244;56;243;56;1;55
TE192;23.01.2024;22;1.0;111;58;109;58;2;56
TE192;23.01.2024;23;1.0;64;58;64;58;0;-1
TE192;24.01.2024;0;1.0;34;62;33;62;1;52
TE192;24.01.2024;1;1.0;25;59;25;59;0;-1
TE192;24.01.2024;2;1.0;13;67;10;65;3;73
TE192;24.01.2024;3;1.0;19;71;14;71;5;70
TE192;24.01.2024;4;1.0;65;67;63;67;2;64
TE192;24.01.2024;5;1.0;313;65;304;65;9;68
TE192;24.01.2024;6;1.0;516;63;491;63;25;62
TE192;24.01.2024;7;1.0;750;60;722;60;28;61
TE192;24.01.2024;8;1.0;1043;55;1013;55;30;55
TE192;24.01.2024;9;1.0;852;52;821;52;31;50
TE192;24.01.2024;10;1.0;662;51;636;51;26;52
TE192;24.01.2024;11;1.0;630;56;586;56;44;56
TE192;24.01.2024;12;1.0;690;58;651;58;39;56
TE192;24.01.2024;13;1.0;659;60;618;60;41;59
TE192;24.01.2024;14;1.0;660;57;640;57;20;57
TE192;24.01.2024;15;1.0;862;54;829;54;33;53
TE192;24.01.2024;16;1.0;861;48;789;49;72;46
TE192;24.01.2024;17;1.0;755;51;708;51;47;51
TE192;24.01.2024;18;1.0;797;51;784;51;13;51
TE192;24.01.2024;19;1.0;387;57;385;57;2;56
TE192;24.01.2024;20;1.0;302;52;297;53;3;56
TE192;24.01.2024;21;1.0;199;54;199;54;0;-1
TE192;24.01.2024;22;1.0;174;55;174;55;0;-1
TE192;24.01.2024;23;1.0;60;67;54;67;6;70
TE192;25.01.2024;1;1.0;25;56;17;60;8;51
TE192;25.01.2024;2;1.0;27;52;23;51;4;58
TE192;25.01.2024;3;1.0;25;57;19;57;6;57
TE192;25.01.2024;4;1.0;67;56;61;56;6;61
TE192;25.01.2024;5;1.0;319;57;306;57;12;60
TE192;25.01.2024;6;1.0;456;46;437;46;18;47
TE192;25.01.2024;7;1.0;724;53;710;53;13;53
TE192;25.01.2024;8;1.0;988;51;955;51;33;51
TE192;25.01.2024;9;1.0;744;53;717;53;27;52
TE192;25.01.2024;10;1.0;631;52;605;52;26;50
TE192;25.01.2024;11;1.0;590;55;572;55;18;53
TE192;25.01.2024;12;1.0;555;55;535;55;20;52
TE192;25.01.2024;13;1.0;642;57;625;57;17;54
TE192;25.01.2024;14;1.0;732;54;714;54;18;53
TE192;25.01.2024;15;1.0;926;51;898;52;28;50
TE192;25.01.2024;16;1.0;882;50;826;50;56;47
TE192;25.01.2024;17;1.0;761;50;722;50;39;49
TE192;25.01.2024;18;1.0;760;50;758;50;2;42
TE192;25.01.2024;19;1.0;382;55;381;55;1;55
TE192;25.01.2024;20;1.0;329;57;328;57;1;60
TE192;25.01.2024;21;1.0;237;58;236;58;1;48
TE192;25.01.2024;22;1.0;200;55;200;55;0;-1
TE192;25.01.2024;23;1.0;145;55;145;55;0;-1
TE192;26.01.2024;0;1.0;116;58;116;58;0;-1
TE192;26.01.2024;1;1.0;63;58;62;58;1;59
TE192;26.01.2024;2;1.0;44;56;43;55;1;62
TE192;26.01.2024;3;1.0;20;51;20;51;0;-1
TE192;26.01.2024;4;1.0;70;59;68;59;2;62
TE192;26.01.2024;5;1.0;250;58;238;58;12;53
TE192;26.01.2024;6;1.0;465;59;455;59;10;58
TE192;26.01.2024;7;1.0;716;55;702;55;14;54
TE192;26.01.2024;8;1.0;840;57;823;57;17;55
TE192;26.01.2024;9;1.0;528;56;511;56;17;55
TE192;26.01.2024;10;1.0;633;55;607;55;26;53
TE192;26.01.2024;11;1.0;574;55;556;55;18;54
TE192;26.01.2024;12;1.0;607;51;588;51;19;50
TE192;26.01.2024;13;1.0;727;56;709;57;18;51
TE192;26.01.2024;14;1.0;863;56;839;57;24;54
TE192;26.01.2024;15;1.0;772;56;757;56;15;54
TE192;26.01.2024;16;1.0;685;52;637;52;48;51
TE192;26.01.2024;17;1.0;625;51;605;51;20;50
TE192;26.01.2024;18;1.0;549;56;539;56;10;54
TE192;26.01.2024;19;1.0;491;54;481;54;10;53
TE192;26.01.2024;20;1.0;567;52;560;52;7;52
TE192;26.01.2024;21;1.0;262;51;253;51;9;48
TE192;26.01.2024;22;1.0;184;56;178;56;6;52
TE192;26.01.2024;23;1.0;110;60;105;60;5;65
TE192;27.01.2024;0;1.0;81;60;78;60;3;60
TE192;27.01.2024;1;1.0;51;59;51;59;0;-1
TE192;27.01.2024;2;1.0;28;56;26;56;2;50
TE192;27.01.2024;3;1.0;30;67;28;67;2;76
TE192;27.01.2024;5;1.0;85;59;81;59;4;57
TE192;27.01.2024;6;1.0;91;60;89;60;2;54
TE192;27.01.2024;7;1.0;140;60;140;60;0;-1
TE192;27.01.2024;8;1.0;256;58;249;58;7;59
TE192;27.01.2024;9;1.0;519;55;499;55;20;53
TE192;27.01.2024;10;1.0;586;49;561;49;26;48
TE192;27.01.2024;11;1.0;577;55;570;55;7;56
TE192;27.01.2024;12;1.0;610;55;605;55;5;53
TE192;27.01.2024;13;1.0;663;54;657;54;6;55
TE192;27.01.2024;14;1.0;668;54;654;54;14;53
TE192;27.01.2024;15;1.0;675;53;647;53;28;53
TE192;27.01.2024;16;1.0;741;49;665;49;76;49
TE192;27.01.2024;17;1.0;768;48;698;48;70;48
TE192;27.01.2024;18;1.0;889;47;863;47;26;44
TE192;27.01.2024;19;1.0;465;52;465;52;0;-1
TE192;27.01.2024;20;1.0;285;55;275;55;10;57
TE192;27.01.2024;21;1.0;195;54;193;54;2;42
TE192;27.01.2024;22;1.0;172;57;171;57;1;61
TE192;27.01.2024;23;1.0;140;57;137;57;3;56
TE192;28.01.2024;0;1.0;87;56;86;56;1;51
TE192;28.01.2024;1;1.0;64;54;64;54;0;-1
TE192;28.01.2024;2;1.0;29;58;29;58;0;-1
TE192;28.01.2024;3;1.0;21;58;21;58;0;-1
TE192;28.01.2024;4;1.0;37;59;37;59;0;-1
TE192;28.01.2024;5;1.0;54;56;53;56;1;43
TE192;28.01.2024;6;1.0;54;55;50;56;4;52
TE192;28.01.2024;7;1.0;82;50;77;50;5;48
TE192;28.01.2024;8;1.0;159;52;149;52;10;54
TE192;28.01.2024;9;1.0;367;53;365;53;2;54
TE192;28.01.2024;10;1.0;484;51;424;51;60;49
TE192;28.01.2024;11;1.0;537;54;532;54;5;54
TE192;28.01.2024;12;1.0;592;54;583;54;9;52
TE192;28.01.2024;13;1.0;702;54;697;54;5;50
TE192;28.01.2024;14;1.0;778;53;759;53;19;52
TE192;28.01.2024;15;1.0;857;52;836;52;21;50
TE192;28.01.2024;16;1.0;799;51;735;51;64;51
TE192;28.01.2024;17;1.0;856;50;723;50;133;51
TE192;28.01.2024;18;1.0;772;49;662;49;110;51
TE192;28.01.2024;19;1.0;500;50;480;50;20;49
TE192;28.01.2024;20;1.0;384;53;367;53;17;51
TE192;28.01.2024;21;1.0;233;55;213;55;20;54
TE192;28.01.2024;22;1.0;159;54;150;54;9;54
TE192;28.01.2024;23;1.0;82;56;76;56;6;55
TE192;29.01.2024;0;1.0;55;58;48;57;7;65
TE192;29.01.2024;1;1.0;9;56;9;56;0;-1
TE192;29.01.2024;2;1.0;35;54;28;56;6;56
TE192;29.01.2024;3;1.0;23;58;22;58;1;61
TE192;29.01.2024;4;1.0;77;56;69;56;8;59
TE192;29.01.2024;5;1.0;309;58;295;58;14;59
TE192;29.01.2024;6;1.0;522;56;490;56;32;60
TE192;29.01.2024;7;1.0;773;55;698;55;75;57
TE192;29.01.2024;8;1.0;1000;54;879;54;121;56
TE192;29.01.2024;9;1.0;781;55;713;55;68;56
TE192;29.01.2024;10;1.0;597;57;545;57;52;56
TE192;29.01.2024;11;1.0;605;53;534;53;71;51
TE192;29.01.2024;12;1.0;589;53;542;53;47;52
TE192;29.01.2024;13;1.0;588;51;538;52;50;50
TE192;29.01.2024;14;1.0;669;57;629;57;40;54
TE192;29.01.2024;15;1.0;797;56;761;56;36;55
TE192;29.01.2024;16;1.0;638;53;618;53;20;55
TE192;29.01.2024;17;1.0;556;54;542;54;14;55
TE192;29.01.2024;18;1.0;484;55;472;55;12;53
TE192;29.01.2024;19;1.0;303;55;298;55;5;57
TE192;29.01.2024;20;1.0;259;55;253;55;6;58
TE192;29.01.2024;21;1.0;168;55;167;55;1;56
TE192;29.01.2024;22;1.0;112;56;112;56;0;-1
TE192;29.01.2024;23;1.0;52;58;52;58;0;-1
TE192;30.01.2024;0;1.0;17;63;17;63;0;-1
TE192;30.01.2024;1;1.0;12;57;12;57;0;-1
TE192;30.01.2024;2;1.0;13;61;13;61;0;-1
TE192;30.01.2024;3;1.0;25;57;22;57;3;59
TE192;30.01.2024;4;1.0;78;54;72;54;6;60
TE192;30.01.2024;5;1.0;295;59;286;59;9;60
TE192;30.01.2024;6;1.0;491;53;479;53;12;53
TE192;30.01.2024;7;1.0;739;52;706;52;33;53
TE192;30.01.2024;8;1.0;1043;51;943;51;100;54
TE192;30.01.2024;9;1.0;691;52;646;52;45;53
TE192;30.01.2024;10;1.0;516;57;493;57;23;56
TE192;30.01.2024;11;1.0;613;57;582;57;31;58
TE192;30.01.2024;12;1.0;607;59;577;59;30;56
TE192;30.01.2024;13;1.0;659;57;622;57;37;59
TE192;30.01.2024;14;1.0;668;56;632;56;36;56
TE192;30.01.2024;15;1.0;808;57;780;57;28;55
TE192;30.01.2024;16;1.0;666;56;646;56;20;55
TE192;30.01.2024;17;1.0;561;55;548;55;13;56
TE192;30.01.2024;18;1.0;531;56;518;56;13;55
TE192;30.01.2024;19;1.0;343;58;337;58;6;56
TE192;30.01.2024;20;1.0;258;61;248;61;10;60
TE192;30.01.2024;21;1.0;199;59;193;59;6;60
TE192;30.01.2024;22;1.0;124;62;117;62;7;64
TE192;30.01.2024;23;1.0;55;59;54;58;1;69
TE192;31.01.2024;0;1.0;19;62;15;61;4;64
TE192;31.01.2024;1;1.0;21;66;21;66;0;-1
TE192;31.01.2024;2;1.0;10;64;10;64;0;-1
TE192;31.01.2024;3;1.0;19;57;14;57;4;74
TE192;31.01.2024;4;1.0;72;60;63;60;9;61
TE192;31.01.2024;5;1.0;264;57;246;57;18;57
TE192;31.01.2024;6;1.0;485;46;476;46;9;47
TE192;31.01.2024;7;1.0;734;58;723;58;11;58
TE192;31.01.2024;8;1.0;878;44;852;44;26;43
TE192;31.01.2024;9;1.0;636;53;618;53;17;51
TE192;31.01.2024;10;1.0;537;58;514;58;23;55
TE192;31.01.2024;11;1.0;555;58;520;58;35;55
TE192;31.01.2024;12;1.0;524;58;498;58;26;56
TE192;31.01.2024;13;1.0;552;58;522;58;30;55
TE192;31.01.2024;14;1.0;617;57;584;57;33;56
TE192;31.01.2024;15;1.0;730;58;709;58;21;56
TE192;31.01.2024;16;1.0;641;56;633;56;8;55
TE192;31.01.2024;17;1.0;493;55;488;55;5;53
TE192;31.01.2024;18;1.0;474;58;471;58;3;48
TE192;31.01.2024;19;1.0;355;58;354;58;1;53
TE192;31.01.2024;20;1.0;244;58;244;58;0;-1
TE192;31.01.2024;21;1.0;176;57;175;57;1;52
TE192;31.01.2024;22;1.0;306;60;305;60;1;58
TE192;31.01.2024;23;1.0;1448;53;1444;53;4;52
TE196;01.01.2024;0;1.0;69;38;53;39;16;33
TE196;01.01.2024;1;1.0;158;42;151;42;7;42
TE196;01.01.2024;2;1.0;214;42;210;42;4;45
TE196;01.01.2024;3;1.0;145;43;143;43;2;40
TE196;01.01.2024;4;1.0;93;44;90;44;3;44
TE196;01.01.2024;5;1.0;99;43;98;43;1;44
TE196;01.01.2024;6;1.0;62;46;57;46;5;42
TE196;01.01.2024;7;1.0;59;41;43;44;16;35
TE196;01.01.2024;8;1.0;65;40;48;42;17;36
TE196;01.01.2024;9;1.0;93;42;74;42;19;39
TE196;01.01.2024;10;1.0;143;40;117;40;26;41
TE196;01.01.2024;11;1.0;170;41;148;40;22;43
TE196;01.01.2024;12;1.0;242;42;221;42;21;41
TE196;01.01.2024;13;1.0;254;41;232;41;22;41
TE196;01.01.2024;14;1.0;265;41;242;41;23;42
TE196;01.01.2024;15;1.0;244;42;224;42;20;43
TE196;01.01.2024;16;1.0;272;42;250;42;22;40
TE196;01.01.2024;17;1.0;248;42;224;42;24;42
TE196;01.01.2024;18;1.0;201;42;182;42;19;38
TE196;01.01.2024;19;1.0;161;42;140;42;21;41
TE196;01.01.2024;20;1.0;140;43;118;43;22;43
TE196;01.01.2024;21;1.0;122;43;99;44;23;41
TE196;01.01.2024;22;1.0;93;40;71;41;22;39
TE196;01.01.2024;23;1.0;50;37;30;40;20;35
TE196;02.01.2024;0;1.0;49;41;27;44;22;37
TE196;02.01.2024;1;1.0;27;42;20;43;7;39
TE196;02.01.2024;2;1.0;32;44;27;45;5;38
TE196;02.01.2024;3;1.0;38;42;37;42;1;31
TE196;02.01.2024;4;1.0;133;39;125;39;8;41
TE196;02.01.2024;5;1.0;349;37;327;37;22;34
TE196;02.01.2024;6;1.0;418;37;376;37;42;39
TE196;02.01.2024;7;1.0;347;38;308;38;39;40
TE196;02.01.2024;8;1.0;377;38;342;38;35;40
TE196;02.01.2024;9;1.0;328;40;292;39;36;41
TE196;02.01.2024;10;1.0;336;40;307;40;29;40
TE196;02.01.2024;11;1.0;364;40;328;39;36;41
TE196;02.01.2024;12;1.0;392;41;360;41;32;43
TE196;02.01.2024;13;1.0;338;42;305;41;33;46
TE196;02.01.2024;14;1.0;358;41;322;41;36;43
TE196;02.01.2024;15;1.0;351;41;325;41;26;42
TE196;02.01.2024;16;1.0;413;39;382;39;31;40
TE196;02.01.2024;17;1.0;315;41;287;41;28;40
TE196;02.01.2024;18;1.0;306;41;277;41;29;43
TE196;02.01.2024;19;1.0;226;43;197;43;29;44
TE196;02.01.2024;20;1.0;176;43;156;44;20;38
TE196;02.01.2024;21;1.0;140;43;117;44;23;41
TE196;02.01.2024;22;1.0;116;43;95;43;21;41
TE196;02.01.2024;23;1.0;74;39;50;40;24;36
TE196;03.01.2024;0;1.0;60;37;30;40;29;34
TE196;03.01.2024;1;1.0;27;44;22;45;5;39
TE196;03.01.2024;2;1.0;33;49;29;49;4;49
TE196;03.01.2024;3;1.0;51;45;47;45;4;46
TE196;03.01.2024;4;1.0;158;43;142;42;16;45
TE196;03.01.2024;5;1.0;388;39;342;39;46;43
TE196;03.01.2024;6;1.0;468;37;416;37;52;41
TE196;03.01.2024;7;1.0;428;39;389;39;39;40
TE196;03.01.2024;8;1.0;404;38;364;38;40;38
TE196;03.01.2024;9;1.0;384;40;350;40;34;40
TE196;03.01.2024;10;1.0;412;39;364;39;48;39
TE196;03.01.2024;11;1.0;404;39;358;39;46;40
TE196;03.01.2024;12;1.0;471;38;409;38;62;38
TE196;03.01.2024;13;1.0;423;39;379;39;44;39
TE196;03.01.2024;14;1.0;385;40;344;40;41;41
TE196;03.01.2024;15;1.0;439;38;392;38;47;39
TE196;03.01.2024;16;1.0;427;37;394;37;33;39
TE196;03.01.2024;17;1.0;362;39;334;39;28;40
TE196;03.01.2024;18;1.0;307;39;276;39;31;38
TE196;03.01.2024;19;1.0;276;40;245;41;31;39
TE196;03.01.2024;20;1.0;210;41;187;41;23;42
TE196;03.01.2024;21;1.0;146;43;122;44;24;43
TE196;03.01.2024;22;1.0;114;41;89;41;25;40
TE196;03.01.2024;23;1.0;89;41;66;41;23;39
TE196;04.01.2024;0;1.0;60;42;39;43;21;40
TE196;04.01.2024;1;1.0;31;42;24;42;7;42
TE196;04.01.2024;2;1.0;36;42;31;42;5;40
TE196;04.01.2024;3;1.0;46;45;44;45;2;39
TE196;04.01.2024;4;1.0;139;45;131;45;8;46
TE196;04.01.2024;5;1.0;360;39;336;39;24;44
TE196;04.01.2024;6;1.0;431;39;399;39;32;44
TE196;04.01.2024;7;1.0;430;38;400;38;30;39
TE196;04.01.2024;8;1.0;449;37;416;36;33;41
TE196;04.01.2024;9;1.0;420;40;375;39;45;42
TE196;04.01.2024;10;1.0;429;39;386;38;43;40
TE196;04.01.2024;11;1.0;454;39;399;39;55;42
TE196;04.01.2024;12;1.0;409;37;372;37;37;36
TE196;04.01.2024;13;1.0;404;39;360;39;44;41
TE196;04.01.2024;14;1.0;490;38;453;38;37;40
TE196;04.01.2024;15;1.0;484;37;442;37;42;38
TE196;04.01.2024;16;1.0;446;32;413;32;33;34
TE196;04.01.2024;17;1.0;446;39;412;39;34;42
TE196;04.01.2024;18;1.0;379;39;345;39;34;43
TE196;04.01.2024;19;1.0;303;41;271;41;32;41
TE196;04.01.2024;20;1.0;215;44;184;42;31;49
TE196;04.01.2024;21;1.0;167;44;138;43;29;46
TE196;04.01.2024;22;1.0;121;42;90;42;31;43
TE196;04.01.2024;23;1.0;87;43;55;43;32;42
TE196;05.01.2024;0;1.0;70;46;43;45;27;45
TE196;05.01.2024;1;1.0;41;44;28;43;13;45
TE196;05.01.2024;2;1.0;34;43;32;43;2;48
TE196;05.01.2024;3;1.0;42;48;36;49;6;47
TE196;05.01.2024;4;1.0;147;45;134;45;13;46
TE196;05.01.2024;5;1.0;373;41;320;40;53;45
TE196;05.01.2024;6;1.0;464;40;415;39;49;43
TE196;05.01.2024;7;1.0;467;40;427;40;40;42
TE196;05.01.2024;8;1.0;358;38;320;38;38;40
TE196;05.01.2024;9;1.0;397;40;370;39;27;41
TE196;05.01.2024;10;1.0;428;40;394;40;34;41
TE196;05.01.2024;11;1.0;389;40;353;39;36;41
TE196;05.01.2024;12;1.0;476;40;439;40;37;41
TE196;05.01.2024;13;1.0;393;40;358;39;35;41
TE196;05.01.2024;14;1.0;466;40;423;39;43;42
TE196;05.01.2024;15;1.0;397;37;366;37;31;39
TE196;05.01.2024;16;1.0;431;40;394;40;37;40
TE196;05.01.2024;17;1.0;387;37;363;37;24;37
TE196;05.01.2024;18;1.0;366;42;330;42;36;43
TE196;05.01.2024;19;1.0;281;43;252;43;29;44
TE196;05.01.2024;20;1.0;199;43;175;43;24;41
TE196;05.01.2024;21;1.0;177;44;154;45;23;39
TE196;05.01.2024;22;1.0;145;43;123;43;22;43
TE196;05.01.2024;23;1.0;115;40;92;40;23;39
TE196;06.01.2024;0;1.0;94;41;72;42;22;39
TE196;06.01.2024;1;1.0;56;44;52;44;4;42
TE196;06.01.2024;2;1.0;43;46;40;46;3;50
TE196;06.01.2024;3;1.0;39;46;38;46;1;50
TE196;06.01.2024;4;1.0;72;46;71;46;1;50
TE196;06.01.2024;5;1.0;106;46;90;46;16;43
TE196;06.01.2024;6;1.0;95;45;72;46;23;44
TE196;06.01.2024;7;1.0;120;45;99;44;21;47
TE196;06.01.2024;8;1.0;156;44;134;44;22;46
TE196;06.01.2024;9;1.0;263;43;234;43;29;41
TE196;06.01.2024;10;1.0;358;41;322;41;36;44
TE196;06.01.2024;11;1.0;416;40;377;39;39;42
TE196;06.01.2024;12;1.0;446;41;411;40;35;43
TE196;06.01.2024;13;1.0;459;40;426;40;33;40
TE196;06.01.2024;14;1.0;475;38;441;37;34;39
TE196;06.01.2024;15;1.0;465;40;434;40;31;41
TE196;06.01.2024;16;1.0;392;39;359;39;33;42
TE196;06.01.2024;17;1.0;392;38;358;38;34;40
TE196;06.01.2024;18;1.0;410;37;379;36;31;41
TE196;06.01.2024;19;1.0;267;41;244;41;23;43
TE196;06.01.2024;20;1.0;256;41;230;41;26;41
TE196;06.01.2024;21;1.0;164;44;140;43;24;44
TE196;06.01.2024;22;1.0;149;43;121;42;28;47
TE196;06.01.2024;23;1.0;134;42;110;41;24;42
TE196;07.01.2024;0;1.0;85;42;66;42;19;42
TE196;07.01.2024;1;1.0;75;47;69;47;6;42
TE196;07.01.2024;2;1.0;34;42;29;42;5;46
TE196;07.01.2024;3;1.0;49;46;45;46;4;50
TE196;07.01.2024;4;1.0;41;44;39;44;2;40
TE196;07.01.2024;5;1.0;54;47;48;48;6;38
TE196;07.01.2024;6;1.0;46;46;42;45;4;60
TE196;07.01.2024;7;1.0;76;42;56;43;20;43
TE196;07.01.2024;8;1.0;88;41;68;42;20;39
TE196;07.01.2024;9;1.0;161;42;143;42;18;44
TE196;07.01.2024;10;1.0;235;42;209;42;26;41
TE196;07.01.2024;11;1.0;256;42;231;41;25;44
TE196;07.01.2024;12;1.0;340;41;314;41;26;44
TE196;07.01.2024;13;1.0;296;41;272;41;24;44
TE196;07.01.2024;14;1.0;335;39;312;39;23;44
TE196;07.01.2024;15;1.0;327;40;302;40;25;42
TE196;07.01.2024;16;1.0;309;40;289;40;20;42
TE196;07.01.2024;17;1.0;316;41;295;41;21;42
TE196;07.01.2024;18;1.0;242;43;218;43;24;44
TE196;07.01.2024;19;1.0;225;42;201;42;24;47
TE196;07.01.2024;20;1.0;158;42;134;42;24;47
TE196;07.01.2024;21;1.0;165;43;137;42;28;46
TE196;07.01.2024;22;1.0;103;41;69;39;34;46
TE196;07.01.2024;23;1.0;74;42;47;41;27;41
TE196;08.01.2024;0;1.0;59;45;38;44;21;45
TE196;08.01.2024;1;1.0;32;41;23;41;9;41
TE196;08.01.2024;2;1.0;33;45;30;45;3;39
TE196;08.01.2024;3;1.0;51;42;46;41;5;46
TE196;08.01.2024;4;1.0;152;40;129;39;23;44
TE196;08.01.2024;5;1.0;474;36;418;35;56;43
TE196;08.01.2024;6;1.0;577;32;524;31;53;38
TE196;08.01.2024;7;1.0;593;24;529;23;64;36
TE196;08.01.2024;8;1.0;480;31;431;31;49;35
TE196;08.01.2024;9;1.0;429;37;385;37;44;41
TE196;08.01.2024;10;1.0;373;38;336;37;37;41
TE196;08.01.2024;11;1.0;401;38;358;38;43;43
TE196;08.01.2024;12;1.0;421;38;363;38;58;40
TE196;08.01.2024;13;1.0;394;41;352;40;42;42
TE196;08.01.2024;14;1.0;427;40;386;39;41;43
TE196;08.01.2024;15;1.0;452;36;418;36;34;40
TE196;08.01.2024;16;1.0;469;35;424;36;45;37
TE196;08.01.2024;17;1.0;395;37;364;37;31;40
TE196;08.01.2024;18;1.0;344;32;298;33;45;30
TE196;08.01.2024;19;1.0;296;34;265;34;31;34
TE196;08.01.2024;20;1.0;227;39;194;38;33;41
TE196;08.01.2024;21;1.0;164;41;137;40;27;44
TE196;08.01.2024;22;1.0;144;40;120;39;24;43
TE196;08.01.2024;23;1.0;82;41;53;40;29;44
TE196;09.01.2024;0;1.0;62;44;37;44;25;46
TE196;09.01.2024;1;1.0;30;43;22;42;8;45
TE196;09.01.2024;2;1.0;33;45;26;44;7;48
TE196;09.01.2024;3;1.0;49;43;47;43;2;44
TE196;09.01.2024;4;1.0;159;40;144;40;15;46
TE196;09.01.2024;5;1.0;471;36;420;36;51;40
TE196;09.01.2024;6;1.0;625;33;567;32;58;37
TE196;09.01.2024;7;1.0;598;27;536;26;62;32
TE196;09.01.2024;8;1.0;539;29;483;30;56;31
TE196;09.01.2024;9;1.0;470;37;408;36;62;41
TE196;09.01.2024;10;1.0;429;38;376;38;53;41
TE196;09.01.2024;11;1.0;449;37;397;36;52;40
TE196;09.01.2024;12;1.0;473;37;418;37;55;40
TE196;09.01.2024;13;1.0;382;41;337;40;45;41
TE196;09.01.2024;14;1.0;415;38;367;37;48;41
TE196;09.01.2024;15;1.0;473;35;437;35;36;40
TE196;09.01.2024;16;1.0;454;36;418;36;36;39
TE196;09.01.2024;17;1.0;431;37;395;36;36;40
TE196;09.01.2024;18;1.0;390;34;359;34;30;38
TE196;09.01.2024;19;1.0;314;38;282;38;32;42
TE196;09.01.2024;20;1.0;236;40;208;40;28;44
TE196;09.01.2024;21;1.0;175;44;148;43;27;49
TE196;09.01.2024;22;1.0;130;40;104;40;26;41
TE196;09.01.2024;23;1.0;87;40;60;40;27;39
TE196;10.01.2024;0;1.0;66;40;43;40;23;43
TE196;10.01.2024;1;1.0;37;44;31;45;6;42
TE196;10.01.2024;2;1.0;29;47;21;46;8;48
TE196;10.01.2024;3;1.0;53;46;42;46;11;47
TE196;10.01.2024;4;1.0;136;41;126;40;10;46
TE196;10.01.2024;5;1.0;486;36;453;36;33;40
TE196;10.01.2024;6;1.0;587;31;539;30;48;37
TE196;10.01.2024;7;1.0;542;25;501;25;41;32
TE196;10.01.2024;8;1.0;584;24;537;23;47;30
TE196;10.01.2024;9;1.0;502;35;466;35;36;40
TE196;10.01.2024;10;1.0;434;37;395;37;39;43
TE196;10.01.2024;11;1.0;432;37;383;37;49;39
TE196;10.01.2024;12;1.0;446;38;399;38;47;40
TE196;10.01.2024;13;1.0;450;39;399;39;51;41
TE196;10.01.2024;14;1.0;413;39;372;38;41;43
TE196;10.01.2024;15;1.0;441;37;406;37;35;38
TE196;10.01.2024;16;1.0;474;37;436;36;38;39
TE196;10.01.2024;17;1.0;473;37;436;36;37;39
TE196;10.01.2024;18;1.0;395;38;362;37;33;40
TE196;10.01.2024;19;1.0;330;38;297;38;33;40
TE196;10.01.2024;20;1.0;219;39;191;39;28;41
TE196;10.01.2024;21;1.0;170;41;147;40;23;44
TE196;10.01.2024;22;1.0;131;40;108;39;23;44
TE196;10.01.2024;23;1.0;90;40;67;39;23;41
TE196;11.01.2024;0;1.0;75;41;50;42;25;41
TE196;11.01.2024;1;1.0;31;42;25;41;6;45
TE196;11.01.2024;2;1.0;23;48;19;48;4;45
TE196;11.01.2024;3;1.0;56;48;51;48;5;49
TE196;11.01.2024;4;1.0;163;36;154;36;8;41
TE196;11.01.2024;5;1.0;397;36;373;36;24;38
TE196;11.01.2024;6;1.0;612;38;576;38;36;39
TE196;11.01.2024;7;1.0;598;30;563;30;35;35
TE196;11.01.2024;8;1.0;505;27;469;26;36;30
TE196;11.01.2024;9;1.0;456;39;418;39;38;41
TE196;11.01.2024;10;1.0;399;41;363;41;36;43
TE196;11.01.2024;11;1.0;441;39;399;39;42;42
TE196;11.01.2024;12;1.0;460;40;419;40;41;41
TE196;11.01.2024;13;1.0;430;40;390;39;40;41
TE196;11.01.2024;14;1.0;446;39;412;39;34;42
TE196;11.01.2024;15;1.0;467;37;436;37;31;40
TE196;11.01.2024;16;1.0;475;38;450;37;25;39
TE196;11.01.2024;17;1.0;411;34;380;34;32;36
TE196;11.01.2024;18;1.0;389;37;354;37;35;41
TE196;11.01.2024;19;1.0;305;39;267;39;38;39
TE196;11.01.2024;20;1.0;238;41;212;41;26;41
TE196;11.01.2024;21;1.0;164;42;140;42;24;40
TE196;11.01.2024;22;1.0;151;38;125;39;26;34
TE196;11.01.2024;23;1.0;69;35;46;38;23;30
TE196;12.01.2024;0;1.0;61;43;39;42;22;43
TE196;12.01.2024;1;1.0;37;44;32;44;5;42
TE196;12.01.2024;2;1.0;39;45;33;44;6;50
TE196;12.01.2024;3;1.0;77;43;72;43;5;42
TE196;12.01.2024;4;1.0;147;42;135;42;12;40
TE196;12.01.2024;5;1.0;420;34;392;34;27;32
TE196;12.01.2024;6;1.0;532;36;499;36;33;39
TE196;12.01.2024;7;1.0;558;30;516;30;42;36
TE196;12.01.2024;8;1.0;478;36;435;35;43;39
TE196;12.01.2024;9;1.0;465;36;416;36;49;38
TE196;12.01.2024;10;1.0;374;32;339;32;35;34
TE196;12.01.2024;11;1.0;395;38;357;38;38;40
TE196;12.01.2024;12;1.0;457;39;419;40;38;42
TE196;12.01.2024;13;1.0;422;38;388;38;34;41
TE196;12.01.2024;14;1.0;448;39;417;39;31;41
TE196;12.01.2024;15;1.0;412;39;380;38;32;42
TE196;12.01.2024;16;1.0;394;39;360;39;34;40
TE196;12.01.2024;17;1.0;404;38;374;37;30;40
TE196;12.01.2024;18;1.0;369;39;336;38;33;42
TE196;12.01.2024;19;1.0;330;41;300;41;30;42
TE196;12.01.2024;20;1.0;227;39;201;40;26;36
TE196;12.01.2024;21;1.0;164;42;140;43;24;43
TE196;12.01.2024;22;1.0;129;44;108;43;21;51
TE196;12.01.2024;23;1.0;117;41;92;41;25;41
TE196;13.01.2024;0;1.0;88;43;64;44;24;39
TE196;13.01.2024;1;1.0;50;42;45;43;5;39
TE196;13.01.2024;2;1.0;53;38;48;38;5;33
TE196;13.01.2024;3;1.0;52;44;49;45;3;39
TE196;13.01.2024;4;1.0;68;45;66;45;2;40
TE196;13.01.2024;5;1.0;92;44;85;44;7;44
TE196;13.01.2024;6;1.0;106;36;84;36;21;39
TE196;13.01.2024;7;1.0;158;39;137;39;20;39
TE196;13.01.2024;8;1.0;196;37;172;37;24;37
TE196;13.01.2024;9;1.0;310;37;288;37;22;41
TE196;13.01.2024;10;1.0;344;33;315;33;29;36
TE196;13.01.2024;11;1.0;386;37;362;37;24;39
TE196;13.01.2024;12;1.0;421;31;389;31;32;31
TE196;13.01.2024;13;1.0;411;36;379;36;32;36
TE196;13.01.2024;14;1.0;460;30;430;30;31;31
TE196;13.01.2024;15;1.0;437;33;404;33;32;36
TE196;13.01.2024;16;1.0;352;35;326;35;26;37
TE196;13.01.2024;17;1.0;368;29;330;29;37;30
TE196;13.01.2024;18;1.0;329;40;301;40;28;41
TE196;13.01.2024;19;1.0;313;37;288;37;25;39
TE196;13.01.2024;21;1.0;211;34;191;34;20;34
TE196;13.01.2024;22;1.0;173;31;146;31;27;28
TE196;13.01.2024;23;1.0;127;33;101;35;26;29
TE196;14.01.2024;0;1.0;85;36;69;35;17;31
TE196;14.01.2024;1;1.0;73;35;66;36;7;34
TE196;14.01.2024;2;1.0;48;37;46;36;2;42
TE196;14.01.2024;9;1.0;183;31;162;30;21;32
TE196;14.01.2024;10;1.0;262;39;234;39;28;40
TE196;14.01.2024;11;1.0;273;34;254;34;19;36
TE196;14.01.2024;12;1.0;346;30;319;30;28;31
TE196;14.01.2024;13;1.0;367;30;337;30;30;30
TE196;14.01.2024;14;1.0;343;30;316;30;27;30
TE196;14.01.2024;15;1.0;323;30;300;30;23;31
TE196;14.01.2024;17;1.0;309;31;291;31;19;32
TE196;14.01.2024;18;1.0;234;33;213;33;21;35
TE196;14.01.2024;19;1.0;190;39;166;39;23;37
TE196;14.01.2024;20;1.0;160;38;140;38;21;40
TE196;14.01.2024;21;1.0;126;37;101;38;25;32
TE196;14.01.2024;22;1.0;89;31;71;31;18;31
TE196;14.01.2024;23;1.0;52;32;28;34;24;29
TE196;15.01.2024;0;1.0;49;33;25;34;24;32
TE196;15.01.2024;1;1.0;36;38;30;39;6;29
TE196;15.01.2024;2;1.0;32;32;31;32;1;49
TE196;15.01.2024;3;1.0;58;30;55;30;3;26
TE196;15.01.2024;4;1.0;127;38;119;38;8;36
TE196;15.01.2024;5;1.0;496;31;473;31;24;32
TE196;15.01.2024;7;1.0;615;27;571;27;44;30
TE196;15.01.2024;8;1.0;467;27;443;27;24;26
TE196;15.01.2024;9;1.0;479;37;441;36;38;38
TE196;15.01.2024;10;1.0;430;37;389;37;41;39
TE196;15.01.2024;11;1.0;437;39;396;38;41;39
TE196;15.01.2024;12;1.0;452;37;414;37;38;38
TE196;15.01.2024;13;1.0;388;38;353;38;35;39
TE196;15.01.2024;14;1.0;437;35;404;35;31;37
TE196;15.01.2024;15;1.0;442;38;411;37;31;39
TE196;15.01.2024;16;1.0;437;34;405;34;32;36
TE196;15.01.2024;17;1.0;379;38;348;38;31;41
TE196;15.01.2024;18;1.0;346;38;316;37;30;39
TE196;15.01.2024;19;1.0;285;34;252;34;33;31
TE196;15.01.2024;20;1.0;231;41;205;41;26;42
TE196;15.01.2024;21;1.0;171;38;147;38;24;41
TE196;15.01.2024;22;1.0;122;38;101;39;21;35
TE196;15.01.2024;23;1.0;66;38;40;40;25;37
TE196;16.01.2024;0;1.0;57;38;40;38;17;39
TE196;16.01.2024;1;1.0;24;39;17;38;8;36
TE196;16.01.2024;2;1.0;14;45;12;46;2;37
TE196;16.01.2024;3;1.0;39;40;38;40;1;42
TE196;16.01.2024;4;1.0;131;38;119;38;12;38
TE196;16.01.2024;5;1.0;457;32;420;32;37;34
TE196;16.01.2024;6;1.0;458;18;417;18;41;22
TE196;16.01.2024;7;1.0;344;13;315;12;29;25
TE196;16.01.2024;8;1.0;350;9;329;9;21;13
TE196;16.01.2024;9;1.0;331;20;295;20;36;23
TE196;16.01.2024;10;1.0;398;39;355;39;43;41
TE196;16.01.2024;11;1.0;396;40;358;40;38;42
TE196;16.01.2024;12;1.0;442;40;399;40;43;42
TE196;16.01.2024;13;1.0;393;40;354;40;39;42
TE196;16.01.2024;14;1.0;447;36;411;36;36;40
TE196;16.01.2024;15;1.0;420;39;389;39;31;40
TE196;16.01.2024;16;1.0;420;39;388;39;32;42
TE196;16.01.2024;17;1.0;360;38;331;38;29;41
TE196;16.01.2024;18;1.0;344;39;313;39;31;41
TE196;16.01.2024;19;1.0;290;40;257;40;33;43
TE196;16.01.2024;20;1.0;210;43;182;43;28;43
TE196;16.01.2024;21;1.0;155;43;128;43;27;43
TE196;16.01.2024;22;1.0;122;36;105;37;16;35
TE196;16.01.2024;23;1.0;70;37;48;38;23;36
TE196;17.01.2024;0;1.0;46;39;24;40;22;38
TE196;17.01.2024;1;1.0;34;43;29;44;5;41
TE196;17.01.2024;2;1.0;31;45;25;47;6;40
TE196;17.01.2024;3;1.0;73;42;68;42;5;44
TE196;17.01.2024;4;1.0;136;38;126;38;10;43
TE196;17.01.2024;5;1.0;427;36;400;35;27;40
TE196;17.01.2024;6;1.0;582;33;541;32;41;41
TE196;17.01.2024;7;1.0;629;29;581;28;48;34
TE196;17.01.2024;8;1.0;562;28;526;27;36;35
TE196;17.01.2024;9;1.0;436;36;405;35;31;41
TE196;17.01.2024;10;1.0;399;36;360;36;39;39
TE196;17.01.2024;11;1.0;415;38;374;38;41;37
TE196;17.01.2024;12;1.0;410;38;367;38;43;40
TE196;17.01.2024;13;1.0;389;37;345;37;44;36
TE196;17.01.2024;14;1.0;394;38;362;37;32;37
TE196;17.01.2024;15;1.0;417;37;380;37;37;40
TE196;17.01.2024;16;1.0;417;37;386;37;31;40
TE196;17.01.2024;17;1.0;369;34;339;34;31;33
TE196;17.01.2024;18;1.0;370;34;339;34;31;32
TE196;17.01.2024;19;1.0;305;35;280;34;25;37
TE196;17.01.2024;20;1.0;226;37;198;37;28;40
TE196;17.01.2024;21;1.0;159;41;138;41;21;39
TE196;17.01.2024;22;1.0;117;40;97;40;20;39
TE196;17.01.2024;23;1.0;71;39;46;41;25;36
TE196;18.01.2024;0;1.0;52;39;30;42;22;35
TE196;18.01.2024;1;1.0;34;38;29;39;5;34
TE196;18.01.2024;2;1.0;35;39;32;39;3;38
TE196;18.01.2024;3;1.0;57;45;53;45;4;44
TE196;18.01.2024;4;1.0;170;43;160;43;10;43
TE196;18.01.2024;5;1.0;399;37;377;36;22;38
TE196;18.01.2024;6;1.0;569;35;532;35;37;41
TE196;18.01.2024;7;1.0;570;27;539;26;31;36
TE196;18.01.2024;8;1.0;544;34;515;34;29;33
TE196;18.01.2024;9;1.0;431;39;391;39;40;43
TE196;18.01.2024;10;1.0;445;39;396;39;49;41
TE196;18.01.2024;11;1.0;415;39;376;39;39;40
TE196;18.01.2024;12;1.0;464;39;416;39;48;41
TE196;18.01.2024;13;1.0;417;36;379;35;38;39
TE196;18.01.2024;14;1.0;403;34;373;34;29;38
TE196;18.01.2024;15;1.0;443;35;412;35;30;39
TE196;18.01.2024;16;1.0;448;34;411;34;36;38
TE196;18.01.2024;17;1.0;410;33;381;33;29;38
TE196;18.01.2024;18;1.0;419;36;389;36;30;41
TE196;18.01.2024;19;1.0;341;39;306;38;35;42
TE196;18.01.2024;20;1.0;237;39;213;38;24;43
TE196;18.01.2024;21;1.0;184;40;157;40;27;42
TE196;18.01.2024;22;1.0;139;39;118;38;21;42
TE196;18.01.2024;23;1.0;77;40;55;41;22;37
TE196;19.01.2024;0;1.0;46;40;26;40;20;41
TE196;19.01.2024;1;1.0;30;41;23;41;7;41
TE196;19.01.2024;2;1.0;24;43;19;44;5;39
TE196;19.01.2024;3;1.0;42;42;37;41;5;49
TE196;19.01.2024;4;1.0;154;40;144;40;10;42
TE196;19.01.2024;5;1.0;349;37;328;37;21;40
TE196;19.01.2024;6;1.0;547;36;505;35;42;40
TE196;19.01.2024;7;1.0;532;34;492;34;40;40
TE196;19.01.2024;8;1.0;486;35;452;34;34;38
TE196;19.01.2024;9;1.0;405;36;366;36;39;39
TE196;19.01.2024;10;1.0;437;37;393;38;44;39
TE196;19.01.2024;11;1.0;431;37;388;37;43;38
TE196;19.01.2024;12;1.0;519;34;465;34;54;36
TE196;19.01.2024;13;1.0;445;36;394;37;52;37
TE196;19.01.2024;14;1.0;448;34;406;34;42;36
TE196;19.01.2024;15;1.0;479;35;443;35;36;37
TE196;19.01.2024;16;1.0;437;38;405;38;32;40
TE196;19.01.2024;17;1.0;422;33;393;33;29;34
TE196;19.01.2024;18;1.0;336;37;306;37;30;39
TE196;19.01.2024;19;1.0;316;38;284;38;32;38
TE196;19.01.2024;20;1.0;229;40;205;40;24;42
TE196;19.01.2024;21;1.0;157;39;134;39;23;41
TE196;19.01.2024;22;1.0;177;40;157;40;20;41
TE196;19.01.2024;23;1.0;116;41;92;40;24;43
TE196;20.01.2024;0;1.0;98;38;75;38;23;38
TE196;20.01.2024;1;1.0;63;43;57;43;6;38
TE196;20.01.2024;2;1.0;41;42;36;41;5;43
TE196;20.01.2024;3;1.0;43;43;41;44;2;41
TE196;20.01.2024;4;1.0;50;43;47;44;3;35
TE196;20.01.2024;5;1.0;105;42;95;43;10;39
TE196;20.01.2024;6;1.0;115;42;95;43;20;37
TE196;20.01.2024;7;1.0;145;41;127;41;18;41
TE196;20.01.2024;8;1.0;230;37;208;37;23;35
TE196;20.01.2024;9;1.0;337;39;310;39;27;40
TE196;20.01.2024;10;1.0;345;38;319;38;25;37
TE196;20.01.2024;11;1.0;444;40;414;40;30;39
TE196;20.01.2024;12;1.0;475;39;443;39;32;41
TE196;20.01.2024;13;1.0;499;38;466;38;33;39
TE196;20.01.2024;14;1.0;504;38;475;37;29;38
TE196;20.01.2024;15;1.0;452;39;422;39;30;40
TE196;20.01.2024;16;1.0;436;37;405;37;31;39
TE196;20.01.2024;17;1.0;451;37;420;37;31;40
TE196;20.01.2024;18;1.0;406;37;378;37;28;39
TE196;20.01.2024;19;1.0;334;39;309;39;25;39
TE196;20.01.2024;20;1.0;260;39;236;39;24;41
TE196;20.01.2024;21;1.0;188;41;158;41;30;42
TE196;20.01.2024;22;1.0;168;39;145;38;23;41
TE196;20.01.2024;23;1.0;150;39;127;39;23;40
TE196;21.01.2024;0;1.0;99;39;76;40;23;37
TE196;21.01.2024;1;1.0;81;42;75;42;6;40
TE196;21.01.2024;2;1.0;44;41;41;40;3;45
TE196;21.01.2024;3;1.0;45;42;43;41;2;51
TE196;21.01.2024;4;1.0;37;40;36;40;1;46
TE196;21.01.2024;5;1.0;65;42;64;42;1;46
TE196;21.01.2024;6;1.0;43;44;38;45;5;44
TE196;21.01.2024;7;1.0;76;40;56;41;20;37
TE196;21.01.2024;8;1.0;139;41;118;42;21;39
TE196;21.01.2024;9;1.0;205;40;184;40;21;44
TE196;21.01.2024;10;1.0;282;41;260;41;22;43
TE196;21.01.2024;11;1.0;321;41;296;41;25;45
TE196;21.01.2024;12;1.0;335;40;312;40;23;40
TE196;21.01.2024;13;1.0;350;41;326;41;24;42
TE196;21.01.2024;14;1.0;341;40;313;40;28;41
TE196;21.01.2024;15;1.0;327;41;302;41;25;42
TE196;21.01.2024;16;1.0;307;40;282;40;25;42
TE196;21.01.2024;17;1.0;337;39;316;39;21;41
TE196;21.01.2024;18;1.0;277;40;253;40;24;41
TE196;21.01.2024;19;1.0;219;42;195;42;24;42
TE196;21.01.2024;20;1.0;186;42;160;42;26;41
TE196;21.01.2024;21;1.0;129;41;104;42;25;35
TE196;21.01.2024;22;1.0;91;41;66;40;25;41
TE196;21.01.2024;23;1.0;71;37;45;39;26;34
TE196;22.01.2024;0;1.0;47;39;23;40;24;38
TE196;22.01.2024;1;1.0;30;38;23;41;7;28
TE196;22.01.2024;2;1.0;24;43;21;42;3;47
TE196;22.01.2024;3;1.0;38;41;34;40;4;47
TE196;22.01.2024;4;1.0;149;42;127;43;22;42
TE196;22.01.2024;5;1.0;423;37;377;37;46;37
TE196;22.01.2024;6;1.0;615;35;558;35;57;38
TE196;22.01.2024;7;1.0;499;23;441;22;58;32
TE196;22.01.2024;8;1.0;493;26;417;25;76;31
TE196;22.01.2024;9;1.0;428;37;377;37;51;38
TE196;22.01.2024;10;1.0;416;38;364;38;52;38
TE196;22.01.2024;11;1.0;434;39;385;39;49;41
TE196;22.01.2024;12;1.0;442;40;382;39;60;43
TE196;22.01.2024;13;1.0;450;38;383;38;67;39
TE196;22.01.2024;14;1.0;419;39;366;39;53;40
TE196;22.01.2024;15;1.0;455;37;416;37;39;39
TE196;22.01.2024;16;1.0;451;38;418;38;33;40
TE196;22.01.2024;17;1.0;412;37;380;38;32;37
TE196;22.01.2024;18;1.0;330;36;293;37;37;35
TE196;22.01.2024;19;1.0;260;39;228;39;32;38
TE196;22.01.2024;20;1.0;211;42;185;43;26;40
TE196;22.01.2024;21;1.0;154;40;132;39;23;39
TE196;22.01.2024;22;1.0;139;36;114;36;25;37
TE196;22.01.2024;23;1.0;58;34;37;35;21;32
TE196;23.01.2024;0;1.0;54;35;30;37;24;30
TE196;23.01.2024;1;1.0;25;40;19;39;7;38
TE196;23.01.2024;2;1.0;27;41;24;40;3;45
TE196;23.01.2024;3;1.0;51;44;45;44;6;40
TE196;23.01.2024;4;1.0;155;42;145;41;10;45
TE196;23.01.2024;5;1.0;474;37;441;37;33;39
TE196;23.01.2024;6;1.0;610;33;563;33;47;37
TE196;23.01.2024;7;1.0;564;27;521;26;43;36
TE196;23.01.2024;8;1.0;494;29;444;30;50;28
TE196;23.01.2024;9;1.0;489;38;436;38;53;38
TE196;23.01.2024;10;1.0;410;40;373;40;37;40
TE196;23.01.2024;11;1.0;444;36;391;36;53;37
TE196;23.01.2024;12;1.0;501;37;447;37;54;38
TE196;23.01.2024;13;1.0;444;40;392;39;52;41
TE196;23.01.2024;14;1.0;451;38;407;38;44;40
TE196;23.01.2024;15;1.0;450;38;409;37;41;40
TE196;23.01.2024;16;1.0;457;38;424;38;33;39
TE196;23.01.2024;17;1.0;401;35;368;35;33;36
TE196;23.01.2024;18;1.0;390;34;353;34;36;34
TE196;23.01.2024;19;1.0;282;35;246;35;36;36
TE196;23.01.2024;20;1.0;237;40;212;40;25;41
TE196;23.01.2024;21;1.0;218;37;199;36;19;38
TE196;23.01.2024;22;1.0;132;40;112;40;20;37
TE196;23.01.2024;23;1.0;63;38;41;40;22;33
TE196;24.01.2024;0;1.0;47;39;27;43;20;35
TE196;24.01.2024;1;1.0;35;41;29;41;6;39
TE196;24.01.2024;2;1.0;30;46;24;46;6;46
TE196;24.01.2024;3;1.0;50;47;39;46;11;47
TE196;24.01.2024;4;1.0;179;42;162;42;17;44
TE196;24.01.2024;5;1.0;428;40;393;40;35;41
TE196;24.01.2024;6;1.0;623;35;562;34;61;36
TE196;24.01.2024;7;1.0;171;21;154;21;18;24
TE196;24.01.2024;8;1.0;383;11;356;10;28;16
TE196;24.01.2024;9;1.0;391;24;362;24;28;30
TE196;24.01.2024;10;1.0;402;34;361;33;41;35
TE196;24.01.2024;11;1.0;413;36;366;36;47;37
TE196;24.01.2024;12;1.0;445;31;396;31;49;35
TE196;24.01.2024;13;1.0;421;36;371;36;50;36
TE196;24.01.2024;14;1.0;452;38;406;38;46;37
TE196;24.01.2024;15;1.0;437;36;403;36;34;36
TE196;24.01.2024;16;1.0;450;35;409;35;41;35
TE196;24.01.2024;17;1.0;414;37;382;37;32;40
TE196;24.01.2024;18;1.0;370;37;337;37;33;38
TE196;24.01.2024;19;1.0;313;38;281;38;32;38
TE196;24.01.2024;20;1.0;225;39;201;39;24;37
TE196;24.01.2024;21;1.0;176;41;152;41;24;42
TE196;24.01.2024;22;1.0;138;38;113;39;25;34
TE196;24.01.2024;23;1.0;97;42;73;42;24;42
TE196;25.01.2024;0;1.0;56;39;32;42;24;35
TE196;25.01.2024;1;1.0;36;43;31;44;5;38
TE196;25.01.2024;2;1.0;20;47;15;49;5;41
TE196;25.01.2024;3;1.0;55;43;51;43;4;42
TE196;25.01.2024;4;1.0;157;42;144;42;13;39
TE196;25.01.2024;5;1.0;464;38;424;38;40;40
TE196;25.01.2024;6;1.0;614;35;558;35;56;38
TE196;25.01.2024;7;1.0;368;17;332;16;36;21
TE196;25.01.2024;8;1.0;515;32;468;31;47;30
TE196;25.01.2024;9;1.0;482;38;444;38;38;39
TE196;25.01.2024;10;1.0;485;36;444;36;41;38
TE196;25.01.2024;11;1.0;434;35;391;36;42;37
TE196;25.01.2024;12;1.0;547;37;510;38;37;39
TE196;25.01.2024;13;1.0;501;37;453;37;48;39
TE196;25.01.2024;14;1.0;459;37;423;37;36;39
TE196;25.01.2024;15;1.0;490;37;452;37;38;38
TE196;25.01.2024;16;1.0;520;36;485;36;35;37
TE196;25.01.2024;17;1.0;417;38;385;38;32;38
TE196;25.01.2024;18;1.0;424;39;394;39;30;40
TE196;25.01.2024;19;1.0;334;41;303;41;31;42
TE196;25.01.2024;20;1.0;251;40;226;40;25;43
TE196;25.01.2024;21;1.0;172;41;153;41;19;44
TE196;25.01.2024;22;1.0;166;39;142;39;24;36
TE196;25.01.2024;23;1.0;98;39;69;40;29;37
TE196;26.01.2024;0;1.0;78;40;55;39;23;40
TE196;26.01.2024;1;1.0;49;42;45;42;4;40
TE196;26.01.2024;2;1.0;26;44;22;44;4;45
TE196;26.01.2024;3;1.0;54;41;50;40;4;48
TE196;26.01.2024;4;1.0;159;39;147;39;12;44
TE196;26.01.2024;5;1.0;419;36;386;35;33;43
TE196;26.01.2024;6;1.0;599;33;551;33;48;36
TE196;26.01.2024;7;1.0;592;30;546;30;46;34
TE196;26.01.2024;8;1.0;561;35;517;35;44;39
TE196;26.01.2024;9;1.0;463;39;414;39;49;39
TE196;26.01.2024;10;1.0;456;39;419;39;37;40
TE196;26.01.2024;11;1.0;490;39;446;39;44;41
TE196;26.01.2024;12;1.0;519;35;481;35;38;36
TE196;26.01.2024;13;1.0;439;40;398;40;41;40
TE196;26.01.2024;14;1.0;466;39;435;39;31;41
TE196;26.01.2024;15;1.0;453;38;421;38;32;39
TE196;26.01.2024;16;1.0;486;38;452;38;34;40
TE196;26.01.2024;17;1.0;448;37;416;37;32;38
TE196;26.01.2024;18;1.0;416;39;389;39;27;39
TE196;26.01.2024;19;1.0;339;39;307;39;32;40
TE196;26.01.2024;20;1.0;292;40;268;40;24;40
TE196;26.01.2024;21;1.0;216;42;189;42;27;42
TE196;26.01.2024;22;1.0;186;41;164;41;22;41
TE196;26.01.2024;23;1.0;142;40;112;41;30;37
TE196;27.01.2024;0;1.0;89;40;68;40;21;41
TE196;27.01.2024;1;1.0;73;44;69;44;4;43
TE196;27.01.2024;2;1.0;51;42;47;43;4;37
TE196;27.01.2024;3;1.0;61;42;57;42;4;48
TE196;27.01.2024;4;1.0;66;44;64;44;2;49
TE196;27.01.2024;5;1.0;106;41;96;42;10;40
TE196;27.01.2024;6;1.0;127;40;106;40;22;40
TE196;27.01.2024;7;1.0;150;42;127;42;23;42
TE196;27.01.2024;8;1.0;248;38;232;38;16;37
TE196;27.01.2024;9;1.0;372;40;350;40;22;40
TE196;27.01.2024;10;1.0;406;40;376;39;30;42
TE196;27.01.2024;11;1.0;455;39;421;39;34;41
TE196;27.01.2024;12;1.0;493;39;463;39;30;39
TE196;27.01.2024;13;1.0;494;40;461;39;33;42
TE196;27.01.2024;14;1.0;524;37;489;37;35;39
TE196;27.01.2024;15;1.0;444;36;413;37;31;37
TE196;27.01.2024;16;1.0;465;37;434;37;31;39
TE196;27.01.2024;17;1.0;430;37;400;37;30;41
TE196;27.01.2024;18;1.0;410;35;378;35;32;37
TE196;27.01.2024;19;1.0;338;38;315;38;23;39
TE196;27.01.2024;20;1.0;274;39;248;39;26;40
TE196;27.01.2024;21;1.0;243;39;220;39;23;43
TE196;27.01.2024;22;1.0;209;38;186;38;23;40
TE196;27.01.2024;23;1.0;187;38;165;38;22;36
TE196;28.01.2024;0;1.0;125;38;103;37;22;36
TE196;28.01.2024;1;1.0;90;39;83;40;7;37
TE196;28.01.2024;2;1.0;64;40;61;40;3;40
TE196;28.01.2024;3;1.0;57;43;55;44;2;37
TE196;28.01.2024;4;1.0;51;44;47;43;4;45
TE196;28.01.2024;5;1.0;68;43;65;43;3;43
TE196;28.01.2024;6;1.0;57;43;53;43;4;43
TE196;28.01.2024;7;1.0;87;41;71;41;16;41
TE196;28.01.2024;8;1.0;143;40;124;39;19;41
TE196;28.01.2024;9;1.0;229;41;205;41;24;43
TE196;28.01.2024;10;1.0;357;39;335;39;22;40
TE196;28.01.2024;11;1.0;407;38;385;38;22;41
TE196;28.01.2024;12;1.0;387;39;362;39;25;43
TE196;28.01.2024;13;1.0;442;37;418;37;24;41
TE196;28.01.2024;14;1.0;392;37;366;37;26;39
TE196;28.01.2024;15;1.0;354;39;327;39;27;40
TE196;28.01.2024;16;1.0;384;37;358;37;26;39
TE196;28.01.2024;17;1.0;385;38;358;38;27;39
TE196;28.01.2024;18;1.0;453;32;416;32;37;35
TE196;28.01.2024;19;1.0;312;38;283;38;29;40
TE196;28.01.2024;20;1.0;244;41;218;41;26;41
TE196;28.01.2024;21;1.0;192;40;165;40;27;39
TE196;28.01.2024;22;1.0;108;37;85;37;23;37
TE196;28.01.2024;23;1.0;85;39;62;38;23;41
TE196;29.01.2024;0;1.0;62;40;40;40;22;38
TE196;29.01.2024;1;1.0;29;43;20;43;9;42
TE196;29.01.2024;2;1.0;24;44;22;44;2;44
TE196;29.01.2024;3;1.0;60;43;53;43;7;47
TE196;29.01.2024;4;1.0;160;41;149;41;11;42
TE196;29.01.2024;5;1.0;461;36;423;36;38;36
TE196;29.01.2024;6;1.0;592;33;549;33;43;37
TE196;29.01.2024;7;1.0;633;25;589;24;44;32
TE196;29.01.2024;8;1.0;513;24;459;23;54;29
TE196;29.01.2024;9;1.0;474;37;433;36;41;40
TE196;29.01.2024;10;1.0;455;37;394;37;61;37
TE196;29.01.2024;11;1.0;459;39;415;38;44;40
TE196;29.01.2024;12;1.0;488;38;439;38;49;38
TE196;29.01.2024;13;1.0;434;39;371;38;63;39
TE196;29.01.2024;14;1.0;431;38;383;39;48;38
TE196;29.01.2024;15;1.0;471;38;427;38;44;40
TE196;29.01.2024;16;1.0;465;36;423;36;42;38
TE196;29.01.2024;17;1.0;454;36;408;36;46;38
TE196;29.01.2024;18;1.0;402;37;371;37;31;39
TE196;29.01.2024;19;1.0;298;39;262;39;36;41
TE196;29.01.2024;20;1.0;225;42;197;41;28;46
TE196;29.01.2024;21;1.0;162;41;137;41;25;42
TE196;29.01.2024;22;1.0;122;40;97;40;25;40
TE196;29.01.2024;23;1.0;63;38;41;38;22;37
TE196;30.01.2024;0;1.0;53;39;31;39;22;37
TE196;30.01.2024;1;1.0;27;42;21;42;6;41
TE196;30.01.2024;2;1.0;25;46;22;47;3;36
TE196;30.01.2024;3;1.0;52;44;48;44;4;42
TE196;30.01.2024;4;1.0;134;38;119;38;15;40
TE196;30.01.2024;5;1.0;490;36;439;36;51;37
TE196;30.01.2024;6;1.0;589;35;540;34;49;40
TE196;30.01.2024;7;1.0;667;28;617;28;50;33
TE196;30.01.2024;8;1.0;603;24;546;24;57;30
TE196;30.01.2024;9;1.0;443;36;395;36;48;37
TE196;30.01.2024;10;1.0;467;37;417;37;50;36
TE196;30.01.2024;11;1.0;442;38;391;38;51;38
TE196;30.01.2024;12;1.0;398;38;351;38;47;40
TE196;30.01.2024;13;1.0;431;39;378;39;53;41
TE196;30.01.2024;14;1.0;426;39;387;39;39;41
TE196;30.01.2024;15;1.0;458;38;412;38;46;40
TE196;30.01.2024;16;1.0;514;34;472;34;42;38
TE196;30.01.2024;17;1.0;398;38;365;38;33;40
TE196;30.01.2024;18;1.0;406;38;371;38;35;40
TE196;30.01.2024;19;1.0;291;39;260;40;31;39
TE196;30.01.2024;20;1.0;246;40;219;40;27;41
TE196;30.01.2024;21;1.0;193;41;168;41;25;40
TE196;30.01.2024;22;1.0;140;43;115;42;25;47
TE196;30.01.2024;23;1.0;81;38;59;39;22;37
TE196;31.01.2024;0;1.0;66;37;45;39;21;35
TE196;31.01.2024;1;1.0;34;40;26;40;8;41
TE196;31.01.2024;2;1.0;37;43;29;44;8;42
TE196;31.01.2024;3;1.0;45;46;41;46;4;45
TE196;31.01.2024;4;1.0;143;45;132;45;11;47
TE196;31.01.2024;5;1.0;435;38;393;38;42;40
TE196;31.01.2024;6;1.0;590;36;536;36;54;40
TE196;31.01.2024;7;1.0;566;25;533;24;33;36
TE196;31.01.2024;8;1.0;447;23;403;23;44;25
TE196;31.01.2024;9;1.0;441;37;402;37;39;40
TE196;31.01.2024;10;1.0;440;39;396;39;44;40
TE196;31.01.2024;11;1.0;432;39;399;39;33;42
TE196;31.01.2024;12;1.0;484;38;448;38;36;40
TE196;31.01.2024;13;1.0;487;39;445;39;42;40
TE196;31.01.2024;14;1.0;482;39;442;39;40;39
TE196;31.01.2024;15;1.0;486;39;446;39;40;40
TE196;31.01.2024;16;1.0;440;39;407;39;33;42
TE196;31.01.2024;17;1.0;461;38;436;38;25;41
TE196;31.01.2024;18;1.0;412;39;383;39;29;42
TE196;31.01.2024;19;1.0;300;40;270;40;30;41
TE196;31.01.2024;20;1.0;243;41;218;41;25;42
TE196;31.01.2024;21;1.0;182;42;159;42;23;45
TE196;31.01.2024;22;1.0;132;40;110;41;22;39
TE196;31.01.2024;23;1.0;88;40;61;42;27;35
TE201;01.01.2024;0;1.0;137;41;134;41;3;31
TE201;01.01.2024;1;1.0;327;43;325;43;2;32
TE201;01.01.2024;2;1.0;326;44;322;44;4;41
TE201;01.01.2024;3;1.0;295;45;294;45;1;39
TE201;01.01.2024;4;1.0;231;47;229;47;2;48
TE201;01.01.2024;5;1.0;213;46;211;46;2;44
TE201;01.01.2024;6;1.0;192;45;190;45;2;46
TE201;01.01.2024;7;1.0;148;46;147;46;1;43
TE201;01.01.2024;8;1.0;97;46;95;46;2;38
TE201;01.01.2024;9;1.0;109;46;108;46;1;42
TE201;01.01.2024;10;1.0;131;44;131;44;0;-1
TE201;01.01.2024;11;1.0;194;45;193;45;1;44
TE201;01.01.2024;12;1.0;228;47;227;47;1;42
TE201;01.01.2024;13;1.0;260;44;260;44;0;-1
TE201;01.01.2024;14;1.0;345;43;339;43;6;43
TE201;01.01.2024;15;1.0;351;41;351;41;0;-1
TE201;01.01.2024;16;1.0;400;39;397;39;2;44
TE201;01.01.2024;17;1.0;346;42;344;42;2;41
TE201;01.01.2024;18;1.0;313;42;312;42;1;37
TE201;01.01.2024;19;1.0;242;45;241;45;1;50
TE201;01.01.2024;20;1.0;239;44;237;44;2;46
TE201;01.01.2024;21;1.0;194;33;192;33;1;50
TE201;01.01.2024;22;1.0;147;44;147;44;0;-1
TE201;01.01.2024;23;1.0;99;40;99;40;0;-1
TE201;02.01.2024;0;1.0;73;44;73;44;0;-1
TE201;02.01.2024;1;1.0;50;36;50;36;0;-1
TE201;02.01.2024;2;1.0;36;45;36;45;0;-1
TE201;02.01.2024;3;1.0;52;39;51;39;1;42
TE201;02.01.2024;4;1.0;153;40;148;40;4;44
TE201;02.01.2024;5;1.0;308;46;308;46;0;-1
TE201;02.01.2024;6;1.0;475;44;470;44;5;43
TE201;02.01.2024;7;1.0;478;42;473;42;5;42
TE201;02.01.2024;8;1.0;469;45;467;45;2;39
TE201;02.01.2024;9;1.0;403;43;397;43;5;45
TE201;02.01.2024;10;1.0;348;45;344;45;4;45
TE201;02.01.2024;11;1.0;414;46;408;46;6;47
TE201;02.01.2024;12;1.0;434;45;432;45;2;45
TE201;02.01.2024;13;1.0;431;46;429;46;2;52
TE201;02.01.2024;14;1.0;446;41;443;41;3;44
TE201;02.01.2024;15;1.0;469;45;467;45;2;47
TE201;02.01.2024;16;1.0;475;45;473;45;2;46
TE201;02.01.2024;17;1.0;517;46;514;46;3;46
TE201;02.01.2024;18;1.0;480;45;478;45;2;48
TE201;02.01.2024;19;1.0;355;48;354;48;1;49
TE201;02.01.2024;20;1.0;229;46;229;46;0;-1
TE201;02.01.2024;21;1.0;219;45;215;45;4;48
TE201;02.01.2024;22;1.0;143;44;140;45;3;37
TE201;02.01.2024;23;1.0;97;44;97;44;0;-1
TE201;03.01.2024;0;1.0;92;44;91;44;1;40
TE201;03.01.2024;1;1.0;72;45;71;46;1;40
TE201;03.01.2024;2;1.0;40;41;40;41;0;-1
TE201;03.01.2024;3;1.0;50;44;49;44;1;46
TE201;03.01.2024;4;1.0;127;47;120;47;7;45
TE201;03.01.2024;5;1.0;341;47;335;47;6;47
TE201;03.01.2024;6;1.0;468;46;451;46;17;46
TE201;03.01.2024;7;1.0;551;33;533;33;18;32
TE201;03.01.2024;8;1.0;568;42;563;42;5;43
TE201;03.01.2024;9;1.0;513;38;493;38;20;39
TE201;03.01.2024;10;1.0;527;42;506;42;21;43
TE201;03.01.2024;11;1.0;481;42;464;42;17;43
TE201;03.01.2024;12;1.0;498;43;485;43;13;44
TE201;03.01.2024;13;1.0;484;39;473;39;9;43
TE201;03.01.2024;14;1.0;494;38;481;38;13;40
TE201;03.01.2024;15;1.0;518;42;511;42;7;43
TE201;03.01.2024;16;1.0;531;41;522;41;9;40
TE201;03.01.2024;17;1.0;482;35;477;34;6;34
TE201;03.01.2024;18;1.0;436;41;434;41;2;40
TE201;03.01.2024;19;1.0;344;41;343;41;1;43
TE201;03.01.2024;20;1.0;265;41;259;41;6;36
TE201;03.01.2024;21;1.0;225;43;223;43;2;42
TE201;03.01.2024;22;1.0;162;44;161;44;1;40
TE201;03.01.2024;23;1.0;123;45;120;45;3;43
TE201;04.01.2024;0;1.0;91;45;91;45;0;-1
TE201;04.01.2024;1;1.0;65;46;63;46;2;42
TE201;04.01.2024;2;1.0;36;45;34;45;2;46
TE201;04.01.2024;3;1.0;54;39;54;39;0;-1
TE201;04.01.2024;4;1.0;119;52;119;52;0;-1
TE201;04.01.2024;5;1.0;336;42;332;42;4;34
TE201;04.01.2024;6;1.0;447;49;446;49;1;43
TE201;04.01.2024;7;1.0;484;47;483;47;1;48
TE201;04.01.2024;8;1.0;575;44;571;44;4;43
TE201;04.01.2024;9;1.0;569;39;556;39;13;39
TE201;04.01.2024;10;1.0;538;32;524;32;14;30
TE201;04.01.2024;11;1.0;506;43;488;43;18;42
TE201;04.01.2024;12;1.0;487;45;479;45;8;44
TE201;04.01.2024;13;1.0;500;40;493;40;7;40
TE201;04.01.2024;14;1.0;472;37;466;37;5;35
TE201;04.01.2024;15;1.0;502;44;495;44;7;43
TE201;04.01.2024;16;1.0;500;43;493;43;7;44
TE201;04.01.2024;17;1.0;504;31;501;31;3;30
TE201;04.01.2024;18;1.0;498;43;490;43;8;43
TE201;04.01.2024;19;1.0;359;44;354;44;5;43
TE201;04.01.2024;20;1.0;265;45;262;45;3;42
TE201;04.01.2024;21;1.0;205;46;204;46;1;45
TE201;04.01.2024;22;1.0;162;48;161;48;1;49
TE201;04.01.2024;23;1.0;117;45;113;45;4;44
TE201;05.01.2024;0;1.0;85;47;85;47;0;-1
TE201;05.01.2024;1;1.0;65;47;63;47;2;45
TE201;05.01.2024;2;1.0;61;46;60;46;1;50
TE201;05.01.2024;3;1.0;41;48;39;49;2;44
TE201;05.01.2024;4;1.0;122;50;108;50;14;47
TE201;05.01.2024;5;1.0;292;51;280;52;12;51
TE201;05.01.2024;6;1.0;428;48;405;48;23;49
TE201;05.01.2024;7;1.0;319;41;309;41;10;43
TE201;05.01.2024;8;1.0;459;40;453;40;6;38
TE201;05.01.2024;9;1.0;526;40;520;39;6;41
TE201;05.01.2024;10;1.0;467;43;466;43;1;44
TE201;05.01.2024;11;1.0;458;45;453;45;5;46
TE201;05.01.2024;12;1.0;432;45;427;45;5;44
TE201;05.01.2024;13;1.0;498;46;490;46;8;43
TE201;05.01.2024;14;1.0;460;41;454;41;6;37
TE201;05.01.2024;15;1.0;495;45;491;45;4;42
TE201;05.01.2024;16;1.0;511;43;501;43;10;41
TE201;05.01.2024;17;1.0;446;45;440;45;6;44
TE201;05.01.2024;18;1.0;522;45;519;45;3;46
TE201;05.01.2024;19;1.0;413;46;409;46;4;47
TE201;05.01.2024;20;1.0;279;35;279;35;0;-1
TE201;05.01.2024;21;1.0;254;48;254;48;0;-1
TE201;05.01.2024;22;1.0;224;44;216;44;7;46
TE201;05.01.2024;23;1.0;188;43;186;43;2;44
TE201;06.01.2024;0;1.0;150;47;150;47;0;-1
TE201;06.01.2024;1;1.0;112;39;111;39;1;42
TE201;06.01.2024;2;1.0;97;48;96;48;1;48
TE201;06.01.2024;3;1.0;80;41;80;41;0;-1
TE201;06.01.2024;4;1.0;102;50;95;50;7;49
TE201;06.01.2024;5;1.0;127;51;122;52;5;48
TE201;06.01.2024;6;1.0;113;48;107;48;6;46
TE201;06.01.2024;7;1.0;129;49;123;49;6;48
TE201;06.01.2024;8;1.0;170;48;166;48;4;42
TE201;06.01.2024;9;1.0;307;49;292;49;15;48
TE201;06.01.2024;10;1.0;297;47;291;47;6;48
TE201;06.01.2024;11;1.0;418;34;409;34;9;37
TE201;06.01.2024;12;1.0;479;45;472;46;7;45
TE201;06.01.2024;13;1.0;507;46;501;46;6;46
TE201;06.01.2024;14;1.0;509;44;501;43;8;43
TE201;06.01.2024;15;1.0;516;45;511;45;5;47
TE201;06.01.2024;16;1.0;489;44;487;44;2;38
TE201;06.01.2024;17;1.0;483;45;479;45;4;44
TE201;06.01.2024;18;1.0;498;45;495;45;3;42
TE201;06.01.2024;19;1.0;354;46;354;46;0;-1
TE201;06.01.2024;20;1.0;316;46;316;46;0;-1
TE201;06.01.2024;21;1.0;289;46;288;46;1;45
TE201;06.01.2024;22;1.0;212;47;210;47;2;46
TE201;06.01.2024;23;1.0;185;49;185;49;0;-1
TE201;07.01.2024;0;1.0;178;47;176;47;2;42
TE201;07.01.2024;1;1.0;150;45;150;45;0;-1
TE201;07.01.2024;2;1.0;106;48;106;48;0;-1
TE201;07.01.2024;3;1.0;102;46;102;46;0;-1
TE201;07.01.2024;4;1.0;62;46;62;46;0;-1
TE201;07.01.2024;5;1.0;101;43;100;43;1;34
TE201;07.01.2024;6;1.0;90;48;86;49;4;41
TE201;07.01.2024;7;1.0;83;48;82;48;1;52
TE201;07.01.2024;8;1.0;126;48;125;49;1;39
TE201;07.01.2024;9;1.0;213;49;211;49;2;52
TE201;07.01.2024;10;1.0;249;47;249;47;0;-1
TE201;07.01.2024;11;1.0;302;47;298;47;4;45
TE201;07.01.2024;12;1.0;390;46;383;46;7;47
TE201;07.01.2024;13;1.0;426;46;422;46;4;46
TE201;07.01.2024;14;1.0;463;46;460;46;3;44
TE201;07.01.2024;15;1.0;421;47;418;47;3;46
TE201;07.01.2024;16;1.0;455;46;451;46;4;46
TE201;07.01.2024;17;1.0;511;45;506;45;5;45
TE201;07.01.2024;18;1.0;417;47;415;47;2;47
TE201;07.01.2024;19;1.0;341;47;339;47;2;46
TE201;07.01.2024;20;1.0;272;45;269;45;3;42
TE201;07.01.2024;21;1.0;182;42;178;42;4;40
TE201;07.01.2024;22;1.0;180;44;178;44;2;40
TE201;07.01.2024;23;1.0;114;44;112;44;2;40
TE201;08.01.2024;0;1.0;85;44;83;44;2;46
TE201;08.01.2024;1;1.0;55;47;54;47;1;48
TE201;08.01.2024;2;1.0;50;41;47;41;3;39
TE201;08.01.2024;3;1.0;59;43;52;42;7;42
TE201;08.01.2024;4;1.0;139;46;125;46;14;44
TE201;08.01.2024;5;1.0;382;47;370;47;12;47
TE201;08.01.2024;6;1.0;568;43;549;43;19;43
TE201;08.01.2024;7;1.0;639;42;614;42;25;42
TE201;08.01.2024;8;1.0;726;42;707;42;19;42
TE201;08.01.2024;9;1.0;559;42;549;42;10;43
TE201;08.01.2024;10;1.0;508;40;501;40;7;42
TE201;08.01.2024;11;1.0;454;41;451;41;3;42
TE201;08.01.2024;12;1.0;443;41;431;41;12;40
TE201;08.01.2024;13;1.0;480;41;471;41;9;43
TE201;08.01.2024;14;1.0;479;40;467;40;12;40
TE201;08.01.2024;15;1.0;562;41;556;41;6;41
TE201;08.01.2024;16;1.0;461;38;456;38;5;37
TE201;08.01.2024;17;1.0;470;37;464;37;6;35
TE201;08.01.2024;18;1.0;434;39;430;39;4;40
TE201;08.01.2024;19;1.0;364;39;360;39;4;39
TE201;08.01.2024;20;1.0;266;40;262;40;4;40
TE201;08.01.2024;21;1.0;210;42;207;42;3;43
TE201;08.01.2024;22;1.0;144;41;140;41;4;40
TE201;08.01.2024;23;1.0;122;42;119;42;3;39
TE201;09.01.2024;0;1.0;74;42;74;42;0;-1
TE201;09.01.2024;1;1.0;52;42;51;42;1;47
TE201;09.01.2024;2;1.0;49;46;49;46;0;-1
TE201;09.01.2024;3;1.0;26;42;25;42;1;39
TE201;09.01.2024;4;1.0;151;47;141;47;10;46
TE201;09.01.2024;5;1.0;358;46;352;46;6;46
TE201;09.01.2024;6;1.0;614;45;598;45;16;45
TE201;09.01.2024;7;1.0;807;40;791;40;16;41
TE201;09.01.2024;8;1.0;854;42;841;42;13;42
TE201;09.01.2024;9;1.0;662;44;648;44;14;45
TE201;09.01.2024;10;1.0;540;43;529;43;11;42
TE201;09.01.2024;11;1.0;503;42;495;42;8;43
TE201;09.01.2024;12;1.0;467;42;464;42;3;43
TE201;09.01.2024;13;1.0;530;41;516;41;14;42
TE201;09.01.2024;14;1.0;469;40;465;40;4;42
TE201;09.01.2024;15;1.0;557;40;547;40;10;42
TE201;09.01.2024;16;1.0;581;40;569;40;12;38
TE201;09.01.2024;17;1.0;477;38;473;38;4;42
TE201;09.01.2024;18;1.0;513;39;506;39;7;39
TE201;09.01.2024;19;1.0;399;39;394;39;5;36
TE201;09.01.2024;20;1.0;282;42;281;42;1;43
TE201;09.01.2024;21;1.0;242;42;239;42;3;40
TE201;09.01.2024;22;1.0;165;42;163;43;2;38
TE201;09.01.2024;23;1.0;143;42;141;42;2;38
TE201;10.01.2024;0;1.0;82;42;82;42;0;-1
TE201;10.01.2024;1;1.0;65;45;64;45;1;43
TE201;10.01.2024;2;1.0;41;44;41;44;0;-1
TE201;10.01.2024;3;1.0;58;42;56;42;2;36
TE201;10.01.2024;4;1.0;138;46;132;46;6;50
TE201;10.01.2024;5;1.0;421;47;416;47;5;46
TE201;10.01.2024;6;1.0;661;43;653;43;8;45
TE201;10.01.2024;7;1.0;834;36;819;36;15;32
TE201;10.01.2024;8;1.0;902;41;896;41;6;42
TE201;10.01.2024;9;1.0;720;40;702;40;18;40
TE201;10.01.2024;10;1.0;566;42;550;42;16;42
TE201;10.01.2024;11;1.0;522;42;506;42;16;42
TE201;10.01.2024;12;1.0;503;40;489;40;14;40
TE201;10.01.2024;13;1.0;491;41;479;41;12;40
TE201;10.01.2024;14;1.0;508;42;500;42;8;43
TE201;10.01.2024;15;1.0;591;41;582;41;9;43
TE201;10.01.2024;16;1.0;566;39;555;39;11;38
TE201;10.01.2024;17;1.0;568;39;558;39;10;40
TE201;10.01.2024;18;1.0;519;40;516;40;3;40
TE201;10.01.2024;19;1.0;480;40;475;40;5;40
TE201;10.01.2024;20;1.0;320;41;315;41;5;44
TE201;10.01.2024;21;1.0;236;42;234;42;2;44
TE201;10.01.2024;22;1.0;183;42;179;42;4;44
TE201;10.01.2024;23;1.0;154;42;154;42;0;-1
TE201;11.01.2024;0;1.0;96;45;95;45;1;49
TE201;11.01.2024;1;1.0;77;45;77;45;0;-1
TE201;11.01.2024;2;1.0;40;50;40;50;0;-1
TE201;11.01.2024;3;1.0;37;46;37;46;0;-1
TE201;11.01.2024;4;1.0;133;50;132;50;1;52
TE201;11.01.2024;5;1.0;406;50;401;50;5;55
TE201;11.01.2024;6;1.0;637;47;634;47;3;42
TE201;11.01.2024;7;1.0;688;44;683;44;5;45
TE201;11.01.2024;8;1.0;789;40;789;40;0;-1
TE201;11.01.2024;9;1.0;633;45;627;45;6;45
TE201;11.01.2024;10;1.0;592;46;586;46;6;45
TE201;11.01.2024;11;1.0;517;46;509;46;8;46
TE201;11.01.2024;12;1.0;530;46;524;46;6;45
TE201;11.01.2024;13;1.0;500;46;492;46;8;44
TE201;11.01.2024;14;1.0;527;46;522;46;5;46
TE201;11.01.2024;15;1.0;527;45;521;45;6;44
TE201;11.01.2024;16;1.0;575;44;574;44;1;41
TE201;11.01.2024;17;1.0;611;44;605;44;6;41
TE201;11.01.2024;18;1.0;539;44;537;44;2;45
TE201;11.01.2024;19;1.0;487;42;482;42;5;41
TE201;11.01.2024;20;1.0;326;46;314;46;12;47
TE201;11.01.2024;21;1.0;273;45;269;45;4;40
TE201;11.01.2024;22;1.0;252;47;249;47;3;45
TE201;11.01.2024;23;1.0;160;46;159;46;1;48
TE201;12.01.2024;0;1.0;109;47;107;47;2;48
TE201;12.01.2024;1;1.0;91;49;91;49;0;-1
TE201;12.01.2024;2;1.0;44;49;44;49;0;-1
TE201;12.01.2024;3;1.0;55;47;55;47;0;-1
TE201;12.01.2024;4;1.0;156;51;150;51;6;50
TE201;12.01.2024;5;1.0;393;52;391;52;2;53
TE201;12.01.2024;6;1.0;593;50;585;50;8;48
TE201;12.01.2024;7;1.0;622;45;616;45;6;45
TE201;12.01.2024;8;1.0;725;45;717;45;8;43
TE201;12.01.2024;9;1.0;549;44;543;44;6;42
TE201;12.01.2024;10;1.0;485;45;476;45;9;47
TE201;12.01.2024;11;1.0;521;44;511;44;10;42
TE201;12.01.2024;12;1.0;469;43;465;43;4;42
TE201;12.01.2024;13;1.0;547;45;534;45;13;44
TE201;12.01.2024;14;1.0;517;42;510;42;7;39
TE201;12.01.2024;15;1.0;585;45;582;45;3;44
TE201;12.01.2024;16;1.0;528;45;519;45;9;45
TE201;12.01.2024;17;1.0;547;45;542;45;5;46
TE201;12.01.2024;18;1.0;590;44;586;44;4;47
TE201;12.01.2024;19;1.0;550;44;545;44;5;43
TE201;12.01.2024;20;1.0;354;46;352;46;2;45
TE201;12.01.2024;21;1.0;288;47;288;47;0;-1
TE201;12.01.2024;22;1.0;219;45;215;45;4;41
TE201;12.01.2024;23;1.0;194;48;192;48;2;48
TE201;13.01.2024;0;1.0;159;47;159;47;0;-1
TE201;13.01.2024;1;1.0;138;46;136;46;2;40
TE201;13.01.2024;2;1.0;106;49;106;49;0;-1
TE201;13.01.2024;3;1.0;95;49;94;49;1;50
TE201;13.01.2024;4;1.0;136;52;136;52;0;-1
TE201;13.01.2024;5;1.0;135;53;135;53;0;-1
TE201;13.01.2024;6;1.0;134;50;134;50;0;-1
TE201;13.01.2024;7;1.0;139;50;138;50;1;43
TE201;13.01.2024;8;1.0;192;50;191;50;1;43
TE201;13.01.2024;9;1.0;345;50;341;50;4;49
TE201;13.01.2024;10;1.0;377;48;377;48;0;-1
TE201;13.01.2024;11;1.0;469;46;465;46;4;49
TE201;13.01.2024;12;1.0;477;47;470;47;7;48
TE201;13.01.2024;13;1.0;560;46;556;46;4;43
TE201;13.01.2024;14;1.0;582;45;579;45;3;47
TE201;13.01.2024;15;1.0;536;44;535;44;1;43
TE201;13.01.2024;16;1.0;509;45;508;45;1;46
TE201;13.01.2024;17;1.0;551;46;543;46;8;47
TE201;13.01.2024;18;1.0;512;45;507;45;5;46
TE201;13.01.2024;19;1.0;430;46;425;46;5;45
TE201;13.01.2024;20;1.0;374;46;368;46;6;46
TE201;13.01.2024;21;1.0;286;47;286;47;0;-1
TE201;13.01.2024;22;1.0;259;48;259;48;0;-1
TE201;13.01.2024;23;1.0;245;46;243;46;2;43
TE201;14.01.2024;0;1.0;205;49;205;49;0;-1
TE201;14.01.2024;1;1.0;181;50;179;50;2;58
TE201;14.01.2024;2;1.0;128;49;128;49;0;-1
TE201;14.01.2024;3;1.0;106;50;106;50;0;-1
TE201;14.01.2024;4;1.0;110;50;107;50;3;41
TE201;14.01.2024;5;1.0;102;50;100;51;2;45
TE201;14.01.2024;6;1.0;110;46;106;46;4;44
TE201;14.01.2024;7;1.0;84;50;84;50;0;-1
TE201;14.01.2024;8;1.0;111;48;110;48;1;40
TE201;14.01.2024;9;1.0;213;49;213;49;0;-1
TE201;14.01.2024;10;1.0;334;47;329;47;5;44
TE201;14.01.2024;11;1.0;362;46;361;46;1;44
TE201;14.01.2024;12;1.0;404;46;402;46;2;48
TE201;14.01.2024;13;1.0;442;45;432;45;10;45
TE201;14.01.2024;14;1.0;522;46;516;46;6;44
TE201;14.01.2024;15;1.0;447;45;443;45;4;45
TE201;14.01.2024;16;1.0;513;43;502;43;11;44
TE201;14.01.2024;17;1.0;506;46;498;46;8;42
TE201;14.01.2024;18;1.0;467;46;460;46;7;46
TE201;14.01.2024;19;1.0;352;47;352;47;0;-1
TE201;14.01.2024;20;1.0;263;46;259;46;4;43
TE201;14.01.2024;21;1.0;197;49;196;49;1;46
TE201;14.01.2024;22;1.0;183;48;183;48;0;-1
TE201;14.01.2024;23;1.0;123;48;122;48;1;50
TE201;15.01.2024;0;1.0;95;50;95;50;0;-1
TE201;15.01.2024;1;1.0;71;49;71;49;0;-1
TE201;15.01.2024;2;1.0;40;49;39;49;1;44
TE201;15.01.2024;3;1.0;59;48;59;48;0;-1
TE201;15.01.2024;4;1.0;147;51;143;51;4;50
TE201;15.01.2024;5;1.0;382;54;378;54;4;57
TE201;15.01.2024;6;1.0;590;51;574;51;16;52
TE201;15.01.2024;7;1.0;597;45;594;45;3;48
TE201;15.01.2024;8;1.0;461;31;455;31;6;26
TE201;15.01.2024;9;1.0;592;45;576;45;16;44
TE201;15.01.2024;10;1.0;530;44;517;44;13;44
TE201;15.01.2024;11;1.0;501;44;490;44;11;40
TE201;15.01.2024;12;1.0;453;45;445;45;8;45
TE201;15.01.2024;13;1.0;455;45;452;45;3;47
TE201;15.01.2024;14;1.0;427;46;421;46;6;42
TE201;15.01.2024;15;1.0;504;46;501;46;3;43
TE201;15.01.2024;16;1.0;494;41;488;41;6;43
TE201;15.01.2024;17;1.0;501;40;496;40;5;39
TE201;15.01.2024;18;1.0;409;42;406;42;3;43
TE201;15.01.2024;19;1.0;332;45;330;45;2;40
TE201;15.01.2024;20;1.0;263;47;263;47;0;-1
TE201;15.01.2024;21;1.0;192;46;189;46;3;46
TE201;15.01.2024;22;1.0;153;48;152;48;1;39
TE201;15.01.2024;23;1.0;108;46;104;46;4;50
TE201;16.01.2024;0;1.0;74;46;72;46;2;47
TE201;16.01.2024;1;1.0;46;48;45;48;1;52
TE201;16.01.2024;2;1.0;32;39;32;39;0;-1
TE201;16.01.2024;3;1.0;49;42;47;42;2;40
TE201;16.01.2024;4;1.0;131;42;123;42;8;40
TE201;16.01.2024;5;1.0;386;45;385;45;1;40
TE201;16.01.2024;6;1.0;580;44;577;44;3;42
TE201;16.01.2024;7;1.0;664;37;664;37;0;-1
TE201;16.01.2024;8;1.0;751;42;745;42;6;42
TE201;16.01.2024;9;1.0;589;45;586;45;3;47
TE201;16.01.2024;10;1.0;564;45;556;45;8;46
TE201;16.01.2024;11;1.0;531;45;518;45;13;45
TE201;16.01.2024;12;1.0;505;45;490;45;15;45
TE201;16.01.2024;13;1.0;457;45;447;45;10;43
TE201;16.01.2024;14;1.0;477;44;466;45;11;42
TE201;16.01.2024;15;1.0;510;46;502;46;8;44
TE201;16.01.2024;16;1.0;551;44;546;44;5;43
TE201;16.01.2024;17;1.0;567;44;563;44;4;43
TE201;16.01.2024;18;1.0;493;45;492;45;1;44
TE201;16.01.2024;19;1.0;414;45;411;45;3;44
TE201;16.01.2024;20;1.0;274;45;269;45;5;43
TE201;16.01.2024;21;1.0;244;46;243;47;1;41
TE201;16.01.2024;22;1.0;183;48;180;48;3;48
TE201;16.01.2024;23;1.0;127;45;123;45;4;43
TE201;17.01.2024;0;1.0;90;41;89;41;1;32
TE201;17.01.2024;1;1.0;56;42;53;42;3;39
TE201;17.01.2024;2;1.0;63;40;63;40;0;-1
TE201;17.01.2024;3;1.0;45;39;40;39;5;40
TE201;17.01.2024;4;1.0;152;42;150;42;2;43
TE201;17.01.2024;5;1.0;379;44;374;44;5;45
TE201;17.01.2024;6;1.0;618;43;611;43;7;44
TE201;17.01.2024;7;1.0;736;42;724;42;12;43
TE201;17.01.2024;8;1.0;816;41;811;41;5;42
TE201;17.01.2024;9;1.0;659;40;645;40;14;36
TE201;17.01.2024;10;1.0;523;42;508;42;15;43
TE201;17.01.2024;11;1.0;527;44;506;44;21;45
TE201;17.01.2024;12;1.0;498;43;483;43;15;42
TE201;17.01.2024;13;1.0;451;43;435;43;16;44
TE201;17.01.2024;14;1.0;476;44;461;44;15;44
TE201;17.01.2024;15;1.0;516;45;509;45;7;45
TE201;17.01.2024;16;1.0;532;44;530;44;2;46
TE201;17.01.2024;17;1.0;487;45;483;45;4;43
TE201;17.01.2024;18;1.0;418;45;417;45;1;45
TE201;17.01.2024;19;1.0;339;45;337;45;2;42
TE201;17.01.2024;20;1.0;288;47;288;47;0;-1
TE201;17.01.2024;21;1.0;246;48;245;48;1;51
TE201;17.01.2024;22;1.0;187;48;185;48;2;43
TE201;17.01.2024;23;1.0;144;47;141;47;3;47
TE201;18.01.2024;0;1.0;92;46;92;46;0;-1
TE201;18.01.2024;1;1.0;78;47;77;47;1;44
TE201;18.01.2024;2;1.0;66;47;66;47;0;-1
TE201;18.01.2024;3;1.0;54;48;54;48;0;-1
TE201;18.01.2024;4;1.0;150;51;146;51;4;46
TE201;18.01.2024;5;1.0;370;51;363;51;7;50
TE201;18.01.2024;6;1.0;589;50;575;50;14;51
TE201;18.01.2024;7;1.0;703;44;691;44;12;44
TE201;18.01.2024;8;1.0;740;43;729;43;11;44
TE201;18.01.2024;9;1.0;547;42;531;42;16;38
TE201;18.01.2024;10;1.0;570;46;554;46;16;46
TE201;18.01.2024;11;1.0;526;44;511;44;15;42
TE201;18.01.2024;12;1.0;474;44;452;44;22;44
TE201;18.01.2024;13;1.0;462;42;438;42;24;41
TE201;18.01.2024;14;1.0;482;42;466;42;16;41
TE201;18.01.2024;15;1.0;535;40;520;40;15;39
TE201;18.01.2024;16;1.0;555;37;546;37;9;37
TE201;18.01.2024;17;1.0;542;39;540;39;2;41
TE201;18.01.2024;18;1.0;491;39;487;39;4;40
TE201;18.01.2024;19;1.0;430;40;428;40;2;38
TE201;18.01.2024;20;1.0;291;39;287;39;4;37
TE201;18.01.2024;21;1.0;265;41;265;41;0;-1
TE201;18.01.2024;22;1.0;243;40;242;40;1;43
TE201;18.01.2024;23;1.0;163;41;162;41;1;45
TE201;19.01.2024;0;1.0;125;41;123;41;2;39
TE201;19.01.2024;1;1.0;90;39;90;39;0;-1
TE201;19.01.2024;2;1.0;68;43;68;43;0;-1
TE201;19.01.2024;3;1.0;66;41;62;41;4;44
TE201;19.01.2024;4;1.0;154;45;150;45;4;44
TE201;19.01.2024;5;1.0;322;46;320;46;2;46
TE201;19.01.2024;6;1.0;533;41;517;41;17;37
TE201;19.01.2024;7;1.0;643;37;625;37;17;39
TE201;19.01.2024;8;1.0;692;40;672;40;20;40
TE201;19.01.2024;9;1.0;601;41;586;41;15;42
TE201;19.01.2024;10;1.0;575;40;553;40;22;42
TE201;19.01.2024;11;1.0;528;41;513;41;15;44
TE201;19.01.2024;12;1.0;501;41;486;41;15;41
TE201;19.01.2024;13;1.0;514;42;502;42;12;40
TE201;19.01.2024;14;1.0;451;39;441;39;10;38
TE201;19.01.2024;15;1.0;511;41;499;41;12;41
TE201;19.01.2024;16;1.0;519;45;511;45;8;41
TE201;19.01.2024;17;1.0;550;43;538;44;12;41
TE201;19.01.2024;18;1.0;627;42;620;42;7;42
TE201;19.01.2024;19;1.0;483;39;470;39;13;41
TE201;19.01.2024;20;1.0;359;39;355;39;4;42
TE201;19.01.2024;21;1.0;280;34;277;34;4;30
TE201;19.01.2024;22;1.0;280;42;275;42;5;42
TE201;19.01.2024;23;1.0;224;40;221;40;3;39
TE201;20.01.2024;0;1.0;186;42;184;42;2;38
TE201;20.01.2024;1;1.0;161;43;161;43;0;-1
TE201;20.01.2024;2;1.0;121;40;121;40;0;-1
TE201;20.01.2024;3;1.0;78;45;78;45;0;-1
TE201;20.01.2024;4;1.0;114;45;109;45;5;43
TE201;20.01.2024;5;1.0;135;41;133;41;2;44
TE201;20.01.2024;6;1.0;146;44;146;44;0;-1
TE201;20.01.2024;7;1.0;171;43;169;43;2;44
TE201;20.01.2024;8;1.0;232;44;231;45;1;39
TE201;20.01.2024;9;1.0;341;46;331;46;10;44
TE201;20.01.2024;10;1.0;439;45;435;45;4;46
TE201;20.01.2024;11;1.0;517;41;510;41;6;44
TE201;20.01.2024;12;1.0;568;45;554;45;14;45
TE201;20.01.2024;13;1.0;570;42;565;42;5;44
TE201;20.01.2024;14;1.0;626;41;620;41;6;42
TE201;20.01.2024;15;1.0;555;41;551;41;4;40
TE201;20.01.2024;16;1.0;557;40;554;40;3;40
TE201;20.01.2024;17;1.0;574;37;562;37;12;38
TE201;20.01.2024;18;1.0;539;41;536;41;3;41
TE201;20.01.2024;19;1.0;411;39;402;39;9;38
TE201;20.01.2024;20;1.0;410;39;408;39;2;40
TE201;20.01.2024;21;1.0;272;39;271;39;1;40
TE201;20.01.2024;22;1.0;263;37;260;37;2;44
TE201;20.01.2024;23;1.0;237;40;237;40;0;-1
TE201;21.01.2024;0;1.0;223;41;222;41;1;42
TE201;21.01.2024;1;1.0;185;40;183;40;2;45
TE201;21.01.2024;2;1.0;172;42;171;42;1;45
TE201;21.01.2024;3;1.0;108;31;108;31;0;-1
TE201;21.01.2024;4;1.0;148;44;148;44;0;-1
TE201;21.01.2024;5;1.0;116;46;115;46;1;45
TE201;21.01.2024;6;1.0;103;47;101;47;2;56
TE201;21.01.2024;7;1.0;92;47;91;47;1;36
TE201;21.01.2024;8;1.0;136;48;135;49;1;46
TE201;21.01.2024;9;1.0;271;41;269;41;2;48
TE201;21.01.2024;10;1.0;348;39;348;39;0;-1
TE201;21.01.2024;11;1.0;370;42;370;42;0;-1
TE201;21.01.2024;12;1.0;433;42;429;42;4;41
TE201;21.01.2024;13;1.0;481;42;477;42;4;40
TE201;21.01.2024;14;1.0;500;41;499;41;1;40
TE201;21.01.2024;15;1.0;494;41;490;41;4;41
TE201;21.01.2024;16;1.0;443;41;440;41;3;41
TE201;21.01.2024;17;1.0;500;41;490;41;10;41
TE201;21.01.2024;18;1.0;419;42;408;42;11;44
TE201;21.01.2024;19;1.0;377;41;371;41;6;40
TE201;21.01.2024;20;1.0;323;41;316;41;7;42
TE201;21.01.2024;21;1.0;228;37;217;37;11;36
TE201;21.01.2024;22;1.0;181;42;177;43;4;36
TE201;21.01.2024;23;1.0;134;43;131;43;3;38
TE201;22.01.2024;0;1.0;74;43;72;43;2;42
TE201;22.01.2024;1;1.0;43;45;42;45;1;44
TE201;22.01.2024;2;1.0;50;43;47;43;3;39
TE201;22.01.2024;3;1.0;54;46;51;48;3;27
TE201;22.01.2024;4;1.0;126;47;115;47;11;48
TE201;22.01.2024;5;1.0;384;48;378;48;6;48
TE201;22.01.2024;6;1.0;637;45;604;45;33;45
TE201;22.01.2024;7;1.0;729;42;682;42;47;42
TE201;22.01.2024;8;1.0;751;41;717;41;34;43
TE201;22.01.2024;9;1.0;660;41;633;41;27;41
TE201;22.01.2024;10;1.0;559;40;537;40;22;41
TE201;22.01.2024;11;1.0;499;43;467;43;32;43
TE201;22.01.2024;12;1.0;524;40;492;40;32;41
TE201;22.01.2024;13;1.0;516;42;488;42;28;43
TE201;22.01.2024;14;1.0;469;42;445;42;24;42
TE201;22.01.2024;15;1.0;594;43;573;43;21;42
TE201;22.01.2024;16;1.0;563;41;557;41;6;44
TE201;22.01.2024;17;1.0;545;41;535;41;10;39
TE201;22.01.2024;18;1.0;487;41;484;41;3;43
TE201;22.01.2024;19;1.0;374;40;366;40;8;40
TE201;22.01.2024;20;1.0;271;41;266;41;5;41
TE201;22.01.2024;21;1.0;217;42;216;42;1;44
TE201;22.01.2024;22;1.0;160;43;158;43;2;40
TE201;22.01.2024;23;1.0;125;32;125;32;0;-1
TE201;23.01.2024;0;1.0;80;44;80;44;0;-1
TE201;23.01.2024;1;1.0;57;44;57;44;0;-1
TE201;23.01.2024;2;1.0;39;48;39;48;0;-1
TE201;23.01.2024;3;1.0;62;45;61;45;1;43
TE201;23.01.2024;4;1.0;132;42;123;42;9;40
TE201;23.01.2024;5;1.0;386;46;384;46;2;45
TE201;23.01.2024;6;1.0;678;44;665;44;13;44
TE201;23.01.2024;7;1.0;740;40;726;40;14;39
TE201;23.01.2024;8;1.0;864;34;841;34;23;33
TE201;23.01.2024;9;1.0;746;35;721;35;26;33
TE201;23.01.2024;10;1.0;618;42;592;42;26;40
TE201;23.01.2024;11;1.0;535;42;502;42;33;42
TE201;23.01.2024;12;1.0;539;41;525;41;14;41
TE201;23.01.2024;13;1.0;514;41;500;41;14;40
TE201;23.01.2024;14;1.0;486;40;467;40;19;40
TE201;23.01.2024;15;1.0;546;40;537;40;9;40
TE201;23.01.2024;16;1.0;512;41;506;41;6;41
TE201;23.01.2024;17;1.0;526;39;518;39;8;41
TE201;23.01.2024;18;1.0;535;39;527;39;8;40
TE201;23.01.2024;19;1.0;433;38;426;38;7;37
TE201;23.01.2024;20;1.0;310;39;310;39;0;-1
TE201;23.01.2024;21;1.0;263;42;261;42;2;41
TE201;23.01.2024;22;1.0;175;36;174;37;1;35
TE201;23.01.2024;23;1.0;132;44;129;44;3;40
TE201;24.01.2024;0;1.0;91;49;91;49;0;-1
TE201;24.01.2024;1;1.0;62;46;61;46;1;52
TE201;24.01.2024;2;1.0;56;44;55;44;1;44
TE201;24.01.2024;3;1.0;52;34;51;34;1;39
TE201;24.01.2024;4;1.0;154;50;146;50;8;44
TE201;24.01.2024;5;1.0;457;43;447;44;10;43
TE201;24.01.2024;6;1.0;816;33;788;33;28;33
TE201;24.01.2024;7;1.0;794;41;769;41;25;40
TE201;24.01.2024;8;1.0;899;40;883;40;16;41
TE201;24.01.2024;9;1.0;847;38;827;38;20;36
TE201;24.01.2024;10;1.0;569;43;555;43;14;45
TE201;24.01.2024;11;1.0;529;42;505;42;24;42
TE201;24.01.2024;12;1.0;581;40;553;40;28;42
TE201;24.01.2024;13;1.0;584;40;547;40;37;40
TE201;24.01.2024;14;1.0;591;41;573;40;18;43
TE201;24.01.2024;15;1.0;609;42;585;42;24;42
TE201;24.01.2024;16;1.0;565;41;558;41;7;39
TE201;24.01.2024;17;1.0;590;40;581;40;9;40
TE201;24.01.2024;18;1.0;532;40;527;40;5;39
TE201;24.01.2024;19;1.0;491;41;480;41;11;42
TE201;24.01.2024;20;1.0;327;42;326;42;1;44
TE201;24.01.2024;21;1.0;254;43;250;43;4;47
TE201;24.01.2024;22;1.0;226;43;225;43;1;44
TE201;24.01.2024;23;1.0;184;42;179;41;5;41
TE201;25.01.2024;0;1.0;116;42;116;42;0;-1
TE201;25.01.2024;1;1.0;68;45;67;45;1;49
TE201;25.01.2024;2;1.0;53;44;50;44;3;56
TE201;25.01.2024;3;1.0;51;46;48;46;3;48
TE201;25.01.2024;4;1.0;151;47;143;47;8;45
TE201;25.01.2024;5;1.0;459;47;452;47;7;47
TE201;25.01.2024;6;1.0;694;44;679;45;15;45
TE201;25.01.2024;7;1.0;764;39;740;39;24;40
TE201;25.01.2024;8;1.0;832;40;816;40;16;40
TE201;25.01.2024;9;1.0;700;41;686;41;14;43
TE201;25.01.2024;10;1.0;568;43;550;43;18;43
TE201;25.01.2024;11;1.0;518;41;500;41;18;37
TE201;25.01.2024;12;1.0;614;43;591;43;23;41
TE201;25.01.2024;13;1.0;580;37;558;37;22;38
TE201;25.01.2024;14;1.0;523;39;513;39;10;36
TE201;25.01.2024;15;1.0;594;41;587;41;7;41
TE201;25.01.2024;16;1.0;586;38;581;38;5;37
TE201;25.01.2024;17;1.0;589;40;585;40;4;40
TE201;25.01.2024;18;1.0;572;42;570;42;2;38
TE201;25.01.2024;19;1.0;523;42;516;42;7;42
TE201;25.01.2024;20;1.0;316;45;314;45;2;46
TE201;25.01.2024;21;1.0;288;44;286;44;2;44
TE201;25.01.2024;22;1.0;203;41;202;41;1;44
TE201;25.01.2024;23;1.0;192;41;189;41;3;38
TE201;26.01.2024;0;1.0;134;42;131;43;3;41
TE201;26.01.2024;1;1.0;87;41;87;41;0;-1
TE201;26.01.2024;2;1.0;59;43;58;43;1;49
TE201;26.01.2024;3;1.0;57;39;57;39;0;-1
TE201;26.01.2024;4;1.0;156;48;155;48;1;42
TE201;26.01.2024;5;1.0;399;51;394;51;5;52
TE201;26.01.2024;6;1.0;636;45;620;45;16;45
TE201;26.01.2024;7;1.0;669;42;641;42;28;41
TE201;26.01.2024;8;1.0;780;40;766;41;14;40
TE201;26.01.2024;9;1.0;567;47;548;47;19;45
TE201;26.01.2024;10;1.0;543;46;523;46;20;47
TE201;26.01.2024;11;1.0;540;45;534;45;6;46
TE201;26.01.2024;12;1.0;547;40;533;40;13;40
TE201;26.01.2024;13;1.0;563;42;557;42;6;43
TE201;26.01.2024;14;1.0;555;43;537;43;18;45
TE201;26.01.2024;15;1.0;595;41;587;41;8;44
TE201;26.01.2024;16;1.0;575;40;569;40;6;34
TE201;26.01.2024;17;1.0;651;38;646;38;5;38
TE201;26.01.2024;18;1.0;714;40;704;40;10;38
TE201;26.01.2024;19;1.0;555;39;546;39;9;38
TE201;26.01.2024;20;1.0;363;40;363;40;0;-1
TE201;26.01.2024;21;1.0;346;41;341;41;5;41
TE201;26.01.2024;22;1.0;276;41;273;42;3;38
TE201;26.01.2024;23;1.0;222;42;219;42;3;43
TE201;27.01.2024;0;1.0;224;43;222;43;2;43
TE201;27.01.2024;1;1.0;171;44;170;44;1;42
TE201;27.01.2024;2;1.0;139;45;138;45;1;51
TE201;27.01.2024;3;1.0;116;45;115;45;1;49
TE201;27.01.2024;4;1.0;105;44;103;44;2;40
TE201;27.01.2024;5;1.0;142;44;140;44;2;40
TE201;27.01.2024;6;1.0;139;45;136;45;3;43
TE201;27.01.2024;7;1.0;188;45;186;44;2;48
TE201;27.01.2024;8;1.0;289;45;285;45;4;46
TE201;27.01.2024;9;1.0;404;45;397;45;7;46
TE201;27.01.2024;10;1.0;502;45;497;45;5;46
TE201;27.01.2024;11;1.0;548;44;543;44;5;46
TE201;27.01.2024;12;1.0;683;45;673;45;10;45
TE201;27.01.2024;13;1.0;713;42;697;42;16;41
TE201;27.01.2024;14;1.0;654;41;651;41;3;42
TE201;27.01.2024;15;1.0;589;40;578;40;11;39
TE201;27.01.2024;16;1.0;626;41;621;41;5;42
TE201;27.01.2024;17;1.0;621;39;614;39;7;41
TE201;27.01.2024;18;1.0;649;37;639;37;10;37
TE201;27.01.2024;19;1.0;493;39;486;39;7;39
TE201;27.01.2024;20;1.0;425;40;420;40;5;40
TE201;27.01.2024;21;1.0;326;41;324;41;2;44
TE201;27.01.2024;22;1.0;283;42;282;42;1;44
TE201;27.01.2024;23;1.0;261;42;258;42;3;43
TE201;28.01.2024;0;1.0;217;43;217;43;0;-1
TE201;28.01.2024;2;1.0;130;42;130;42;0;-1
TE201;28.01.2024;3;1.0;91;43;91;43;0;-1
TE201;28.01.2024;4;1.0;104;43;104;43;0;-1
TE201;28.01.2024;5;1.0;130;44;130;44;0;-1
TE201;28.01.2024;6;1.0;107;45;102;45;5;46
TE201;28.01.2024;7;1.0;128;43;128;43;0;-1
TE201;28.01.2024;8;1.0;187;37;181;37;6;41
TE201;28.01.2024;9;1.0;275;44;272;44;3;49
TE201;28.01.2024;10;1.0;372;42;370;42;2;46
TE201;28.01.2024;11;1.0;436;42;432;42;4;46
TE201;28.01.2024;12;1.0;487;43;473;43;14;43
TE201;28.01.2024;13;1.0;587;42;577;42;10;42
TE201;28.01.2024;14;1.0;563;31;558;31;5;35
TE201;28.01.2024;15;1.0;561;41;555;41;6;40
TE201;28.01.2024;16;1.0;572;41;565;41;7;44
TE201;28.01.2024;17;1.0;572;39;570;39;2;42
TE201;28.01.2024;18;1.0;492;39;487;39;5;41
TE201;28.01.2024;19;1.0;405;40;401;40;4;38
TE201;28.01.2024;20;1.0;314;36;303;36;11;37
TE201;28.01.2024;21;1.0;252;41;247;41;5;41
TE201;28.01.2024;22;1.0;191;43;190;43;1;43
TE201;28.01.2024;23;1.0;134;41;134;41;0;-1
TE201;29.01.2024;0;1.0;96;42;94;43;2;40
TE201;29.01.2024;1;1.0;65;43;65;43;0;-1
TE201;29.01.2024;2;1.0;51;40;49;40;2;37
TE201;29.01.2024;3;1.0;45;45;44;45;1;50
TE201;29.01.2024;4;1.0;153;43;150;44;3;40
TE201;29.01.2024;5;1.0;413;46;408;46;5;44
TE201;29.01.2024;6;1.0;668;42;653;42;15;42
TE201;29.01.2024;7;1.0;668;34;650;34;18;33
TE201;29.01.2024;8;1.0;791;41;775;41;16;39
TE201;29.01.2024;9;1.0;700;39;679;39;21;40
TE201;29.01.2024;10;1.0;568;36;547;36;21;34
TE201;29.01.2024;11;1.0;533;37;511;37;22;38
TE201;29.01.2024;12;1.0;522;41;507;41;15;40
TE201;29.01.2024;13;1.0;542;41;518;41;24;39
TE201;29.01.2024;14;1.0;518;41;499;41;19;42
TE201;29.01.2024;15;1.0;535;42;523;42;12;42
TE201;29.01.2024;16;1.0;530;41;522;41;8;43
TE201;29.01.2024;17;1.0;554;40;542;40;12;41
TE201;29.01.2024;18;1.0;546;38;533;38;13;38
TE201;29.01.2024;19;1.0;374;38;366;38;8;40
TE201;29.01.2024;20;1.0;255;40;254;40;1;35
TE201;29.01.2024;21;1.0;240;41;233;42;7;38
TE201;29.01.2024;22;1.0;186;41;185;41;1;46
TE201;29.01.2024;23;1.0;111;43;110;43;1;29
TE201;30.01.2024;0;1.0;96;42;95;42;1;43
TE201;30.01.2024;1;1.0;41;41;40;41;1;43
TE201;30.01.2024;2;1.0;53;44;53;44;0;-1
TE201;30.01.2024;3;1.0;33;42;33;42;0;-1
TE201;30.01.2024;4;1.0;112;33;107;33;5;34
TE201;30.01.2024;5;1.0;413;47;404;47;9;47
TE201;30.01.2024;6;1.0;667;42;650;42;17;43
TE201;30.01.2024;7;1.0;774;38;754;38;20;39
TE201;30.01.2024;8;1.0;811;37;792;37;19;37
TE201;30.01.2024;9;1.0;695;41;682;41;13;41
TE201;30.01.2024;10;1.0;574;42;552;42;22;41
TE201;30.01.2024;11;1.0;547;41;527;41;20;41
TE201;30.01.2024;12;1.0;563;41;542;41;21;40
TE201;30.01.2024;13;1.0;553;41;534;41;19;42
TE201;30.01.2024;14;1.0;536;41;521;41;15;42
TE201;30.01.2024;15;1.0;572;39;557;39;15;37
TE201;30.01.2024;16;1.0;570;37;565;37;4;40
TE201;30.01.2024;17;1.0;528;39;521;39;7;40
TE201;30.01.2024;18;1.0;568;34;558;34;10;31
TE201;30.01.2024;19;1.0;415;39;409;39;6;41
TE201;30.01.2024;20;1.0;300;36;300;36;0;-1
TE201;30.01.2024;21;1.0;252;43;248;42;4;46
TE201;30.01.2024;22;1.0;202;43;198;43;4;41
TE201;30.01.2024;23;1.0;146;43;143;43;3;40
TE201;31.01.2024;0;1.0;88;42;86;42;2;48
TE201;31.01.2024;1;1.0;74;42;74;42;0;-1
TE201;31.01.2024;2;1.0;55;45;51;46;4;41
TE201;31.01.2024;3;1.0;48;43;46;42;2;64
TE201;31.01.2024;4;1.0;145;48;135;48;10;50
TE201;31.01.2024;5;1.0;408;49;398;49;10;47
TE201;31.01.2024;6;1.0;647;49;643;49;4;44
TE201;31.01.2024;7;1.0;666;41;662;41;4;38
TE201;31.01.2024;8;1.0;805;40;786;40;19;39
TE201;31.01.2024;9;1.0;672;42;657;42;15;40
TE201;31.01.2024;10;1.0;590;43;573;43;17;43
TE201;31.01.2024;11;1.0;556;43;541;43;15;42
TE201;31.01.2024;12;1.0;531;42;526;42;5;46
TE201;31.01.2024;13;1.0;515;43;508;43;7;41
TE201;31.01.2024;14;1.0;475;45;468;45;7;45
TE201;31.01.2024;15;1.0;519;44;513;44;6;45
TE201;31.01.2024;16;1.0;543;44;542;44;1;44
TE201;31.01.2024;17;1.0;561;44;558;44;3;43
TE201;31.01.2024;18;1.0;498;44;495;44;3;43
TE201;31.01.2024;19;1.0;430;36;426;36;4;40
TE201;31.01.2024;20;1.0;275;40;274;40;1;37
TE201;31.01.2024;21;1.0;253;44;252;44;1;40
TE201;31.01.2024;22;1.0;203;43;201;43;2;44
TE201;31.01.2024;23;1.0;151;43;151;43;0;-1
TE206;01.01.2024;4;1.0;0;-1;0;-1;0;-1
TE206;01.01.2024;20;1.0;2;97;2;97;0;-1
TE206;01.01.2024;23;1.0;0;-1;0;-1;0;-1
TE206;02.01.2024;6;1.0;48;86;33;87;15;83
TE206;02.01.2024;7;1.0;96;86;63;87;33;83
TE206;02.01.2024;8;1.0;101;75;56;76;44;75
TE206;02.01.2024;9;1.0;113;79;72;78;41;79
TE206;02.01.2024;10;1.0;63;79;42;79;21;79
TE206;02.01.2024;11;1.0;46;83;32;83;14;83
TE206;02.01.2024;12;1.0;48;86;27;89;21;81
TE206;02.01.2024;13;1.0;65;83;40;83;25;82
TE206;02.01.2024;14;1.0;53;76;43;77;10;76
TE206;02.01.2024;15;1.0;45;72;38;73;7;72
TE206;02.01.2024;16;1.0;45;69;36;69;9;69
TE206;02.01.2024;17;1.0;20;82;9;83;11;81
TE206;02.01.2024;18;1.0;17;79;10;79;7;80
TE206;02.01.2024;19;1.0;28;68;12;68;16;68
TE206;03.01.2024;0;1.0;0;-1;0;-1;0;-1
TE206;03.01.2024;1;1.0;1;63;0;-1;1;63
TE206;03.01.2024;2;1.0;4;88;1;89;3;87
TE206;03.01.2024;3;1.0;4;94;3;93;1;98
TE206;03.01.2024;5;1.0;32;76;19;79;13;73
TE206;03.01.2024;6;1.0;60;67;27;67;33;67
TE206;03.01.2024;7;1.0;108;73;34;75;74;72
TE206;03.01.2024;10;1.0;98;70;16;68;82;70
TE206;03.01.2024;11;1.0;114;62;54;62;60;63
TE206;03.01.2024;12;1.0;86;68;50;69;36;66
TE206;03.01.2024;14;1.0;85;80;35;79;50;81
TE206;03.01.2024;15;1.0;71;84;39;83;32;84
TE206;03.01.2024;16;1.0;77;68;20;71;57;67
TE206;03.01.2024;18;1.0;40;78;19;83;20;78
TE206;03.01.2024;19;1.0;25;72;11;71;15;68
TE206;03.01.2024;23;1.0;5;96;3;99;2;90
TE206;04.01.2024;5;1.0;35;76;28;76;7;75
TE206;04.01.2024;6;1.0;59;88;45;89;14;84
TE206;04.01.2024;7;1.0;76;88;58;90;19;81
TE206;04.01.2024;8;1.0;77;73;46;73;31;74
TE206;04.01.2024;9;1.0;104;70;46;68;59;70
TE206;04.01.2024;10;1.0;86;79;37;80;49;79
TE206;04.01.2024;11;1.0;104;65;65;65;39;67
TE206;04.01.2024;12;1.0;55;53;42;54;13;52
TE206;04.01.2024;13;1.0;69;62;51;61;18;65
TE206;04.01.2024;14;1.0;79;68;51;67;28;69
TE206;04.01.2024;15;1.0;65;80;36;79;29;81
TE206;04.01.2024;16;1.0;68;63;55;62;13;64
TE206;04.01.2024;17;1.0;35;77;27;76;8;78
TE206;04.01.2024;18;1.0;34;72;19;73;15;71
TE206;04.01.2024;19;1.0;9;76;4;82;5;71
TE206;04.01.2024;20;1.0;18;69;14;68;4;71
TE206;04.01.2024;21;1.0;4;72;3;71;1;77
TE206;04.01.2024;22;1.0;7;80;6;81;1;70
TE206;04.01.2024;23;1.0;2;86;0;-1;2;86
TE206;05.01.2024;0;1.0;3;61;1;52;2;66
TE206;05.01.2024;1;1.0;0;-1;0;-1;0;-1
TE206;05.01.2024;2;1.0;1;71;1;71;0;-1
TE206;05.01.2024;3;1.0;4;77;2;76;2;78
TE206;05.01.2024;4;1.0;5;83;4;84;1;79
TE206;05.01.2024;5;1.0;23;73;11;72;12;74
TE206;05.01.2024;6;1.0;70;78;43;81;26;76
TE206;05.01.2024;7;1.0;94;72;60;73;34;71
TE206;05.01.2024;8;1.0;57;70;50;69;7;73
TE206;05.01.2024;9;1.0;76;56;72;56;4;60
TE206;05.01.2024;10;1.0;95;49;88;49;7;49
TE206;05.01.2024;11;1.0;101;71;55;71;46;72
TE206;05.01.2024;12;1.0;107;81;59;81;48;80
TE206;05.01.2024;14;1.0;76;84;51;83;25;85
TE206;05.01.2024;15;1.0;58;86;41;86;17;86
TE206;05.01.2024;16;1.0;40;73;27;72;13;76
TE206;05.01.2024;17;1.0;36;81;21;80;15;81
TE206;05.01.2024;19;1.0;11;77;8;84;2;90
TE206;05.01.2024;23;1.0;2;59;2;59;0;-1
TE206;06.01.2024;0;1.0;0;-1;0;-1;0;-1
TE206;06.01.2024;1;1.0;1;79;1;79;0;-1
TE206;06.01.2024;3;1.0;1;99;1;99;0;-1
TE206;06.01.2024;6;1.0;12;76;8;79;4;70
TE206;06.01.2024;7;1.0;16;87;9;85;7;90
TE206;06.01.2024;8;1.0;25;88;19;88;6;88
TE206;06.01.2024;9;1.0;31;78;20;78;11;78
TE206;06.01.2024;10;1.0;45;81;28;81;17;82
TE206;06.01.2024;11;1.0;47;66;36;66;11;68
TE206;06.01.2024;12;1.0;55;43;50;43;5;42
TE206;06.01.2024;13;1.0;33;54;28;53;5;56
TE206;06.01.2024;14;1.0;25;48;21;47;4;57
TE206;06.01.2024;15;1.0;24;52;22;52;2;55
TE206;06.01.2024;16;1.0;17;62;14;61;3;62
TE206;06.01.2024;17;1.0;19;64;12;63;7;67
TE206;06.01.2024;18;1.0;12;74;10;74;2;76
TE206;06.01.2024;19;1.0;8;76;7;76;1;74
TE206;06.01.2024;20;1.0;4;80;3;78;1;83
TE206;06.01.2024;23;1.0;0;-1;0;-1;0;-1
TE206;07.01.2024;0;1.0;2;62;2;62;0;-1
TE206;07.01.2024;1;1.0;0;-1;0;-1;0;-1
TE206;07.01.2024;2;1.0;0;-1;0;-1;0;-1
TE206;07.01.2024;3;1.0;0;-1;0;-1;0;-1
TE206;07.01.2024;4;1.0;1;76;1;76;0;-1
TE206;07.01.2024;5;1.0;2;78;2;78;0;-1
TE206;07.01.2024;6;1.0;1;82;0;-1;1;82
TE206;07.01.2024;7;1.0;3;76;3;76;0;-1
TE206;07.01.2024;8;1.0;5;39;5;39;0;-1
TE206;07.01.2024;9;1.0;12;60;9;60;3;59
TE206;07.01.2024;10;1.0;11;60;9;60;2;61
TE206;07.01.2024;11;1.0;12;63;8;60;4;68
TE206;07.01.2024;12;1.0;14;68;11;68;3;67
TE206;07.01.2024;13;1.0;18;51;15;49;3;66
TE206;07.01.2024;14;1.0;17;52;14;52;3;52
TE206;07.01.2024;15;1.0;16;55;13;56;3;54
TE206;07.01.2024;16;1.0;13;63;9;65;4;59
TE206;07.01.2024;17;1.0;13;67;10;66;3;68
TE206;07.01.2024;18;1.0;4;71;2;70;2;72
TE206;07.01.2024;19;1.0;5;69;4;69;1;68
TE206;07.01.2024;20;1.0;3;69;3;69;0;-1
TE206;07.01.2024;21;1.0;2;72;1;69;1;74
TE206;07.01.2024;22;1.0;4;83;2;88;2;78
TE206;07.01.2024;23;1.0;4;78;2;75;2;82
TE206;08.01.2024;0;1.0;2;84;1;83;1;84
TE206;08.01.2024;1;1.0;0;-1;0;-1;0;-1
TE206;08.01.2024;2;1.0;2;80;2;80;0;-1
TE206;08.01.2024;3;1.0;5;87;1;80;4;89
TE206;08.01.2024;4;1.0;11;55;8;61;3;38
TE206;08.01.2024;5;1.0;36;63;12;59;24;65
TE206;08.01.2024;6;1.0;87;81;33;85;55;77
TE206;08.01.2024;8;1.0;113;75;69;76;44;75
TE206;08.01.2024;10;1.0;110;77;43;79;67;76
TE206;08.01.2024;13;1.0;65;77;39;73;26;82
TE206;08.01.2024;14;1.0;70;71;49;71;21;71
TE206;08.01.2024;15;1.0;75;66;51;66;24;66
TE206;08.01.2024;16;1.0;74;65;56;65;18;66
TE206;08.01.2024;17;1.0;34;76;22;76;12;76
TE206;08.01.2024;18;1.0;32;84;19;82;13;87
TE206;08.01.2024;20;1.0;12;88;8;86;4;92
TE206;09.01.2024;6;1.0;97;73;48;74;49;72
TE206;09.01.2024;7;1.0;130;76;61;79;68;75
TE206;09.01.2024;8;1.0;103;79;53;80;49;79
TE206;09.01.2024;9;1.0;153;64;56;64;97;65
TE206;09.01.2024;10;1.0;121;83;45;83;76;82
TE206;09.01.2024;11;1.0;123;58;56;58;67;58
TE206;09.01.2024;12;1.0;108;81;63;80;45;84
TE206;09.01.2024;13;1.0;89;85;40;89;49;82
TE206;09.01.2024;14;1.0;105;71;43;73;63;67
TE206;09.01.2024;15;1.0;115;68;61;70;53;67
TE206;09.01.2024;17;1.0;93;85;50;88;43;82
TE206;09.01.2024;18;1.0;109;64;52;66;58;61
TE206;09.01.2024;19;1.0;79;68;52;68;27;69
TE206;09.01.2024;20;1.0;48;61;36;62;12;61
TE206;09.01.2024;21;1.0;19;81;13;83;6;77
TE206;10.01.2024;5;1.0;28;64;12;65;16;64
TE206;10.01.2024;7;1.0;116;67;71;65;45;70
TE206;10.01.2024;8;1.0;105;53;82;52;23;57
TE206;10.01.2024;9;1.0;145;75;72;75;73;75
TE206;10.01.2024;10;1.0;119;79;49;78;70;79
TE206;10.01.2024;11;1.0;120;69;64;67;56;71
TE206;10.01.2024;12;1.0;99;62;63;63;36;61
TE206;10.01.2024;13;1.0;83;76;45;75;38;77
TE206;10.01.2024;14;1.0;94;80;40;84;53;79
TE206;10.01.2024;15;1.0;132;80;62;81;70;80
TE206;10.01.2024;16;1.0;89;72;60;69;29;80
TE206;10.01.2024;17;1.0;61;72;42;72;19;72
TE206;10.01.2024;18;1.0;35;79;24;78;11;80
TE206;10.01.2024;19;1.0;28;87;15;86;13;87
TE206;11.01.2024;2;1.0;1;89;1;89;0;-1
TE206;11.01.2024;3;1.0;2;92;1;88;1;96
TE206;11.01.2024;4;1.0;5;84;1;84;4;84
TE206;11.01.2024;5;1.0;26;69;24;68;2;82
TE206;11.01.2024;6;1.0;75;56;70;56;5;56
TE206;11.01.2024;7;1.0;153;50;139;50;14;54
TE206;11.01.2024;8;1.0;154;48;137;48;16;49
TE206;11.01.2024;9;1.0;177;50;147;50;30;51
TE206;11.01.2024;10;1.0;162;47;135;47;27;48
TE206;11.01.2024;11;1.0;156;47;138;46;18;50
TE206;11.01.2024;12;1.0;162;54;137;54;25;55
TE206;11.01.2024;13;1.0;109;54;88;54;21;55
TE206;11.01.2024;14;1.0;91;68;61;67;30;69
TE206;11.01.2024;15;1.0;112;81;56;82;57;78
TE206;11.01.2024;16;1.0;91;85;51;85;40;84
TE206;11.01.2024;17;1.0;44;68;29;66;15;73
TE206;11.01.2024;18;1.0;37;68;28;68;9;66
TE206;11.01.2024;19;1.0;27;72;20;73;7;71
TE206;11.01.2024;20;1.0;20;80;12;80;8;81
TE206;11.01.2024;21;1.0;14;90;7;89;7;90
TE206;11.01.2024;22;1.0;7;93;5;91;2;99
TE206;11.01.2024;23;1.0;2;87;1;89;1;85
TE206;12.01.2024;0;1.0;1;98;0;-1;1;98
TE206;12.01.2024;1;1.0;1;90;1;90;0;-1
TE206;12.01.2024;2;1.0;3;66;0;-1;3;66
TE206;12.01.2024;3;1.0;8;89;7;89;1;90
TE206;12.01.2024;4;1.0;18;91;12;91;6;92
TE206;12.01.2024;5;1.0;35;87;28;87;7;88
TE206;12.01.2024;6;1.0;68;76;46;76;23;75
TE206;12.01.2024;7;1.0;132;78;83;79;49;75
TE206;12.01.2024;8;1.0;114;78;81;77;33;79
TE206;12.01.2024;9;1.0;155;48;132;47;23;54
TE206;12.01.2024;10;1.0;121;52;101;52;20;55
TE206;12.01.2024;11;1.0;80;57;48;56;32;58
TE206;12.01.2024;12;1.0;100;66;74;66;26;66
TE206;12.01.2024;13;1.0;90;74;67;73;23;74
TE206;12.01.2024;14;1.0;84;72;64;72;20;73
TE206;12.01.2024;15;1.0;87;46;80;45;7;57
TE206;12.01.2024;16;1.0;48;62;38;59;10;72
TE206;12.01.2024;17;1.0;38;82;25;82;13;82
TE206;12.01.2024;18;1.0;25;84;18;83;7;85
TE206;13.01.2024;0;1.0;2;66;1;56;1;76
TE206;13.01.2024;1;1.0;1;87;1;87;0;-1
TE206;13.01.2024;2;1.0;1;86;1;86;0;-1
TE206;13.01.2024;3;1.0;2;86;2;86;0;-1
TE206;13.01.2024;4;1.0;3;91;1;85;2;94
TE206;13.01.2024;5;1.0;9;94;5;95;4;93
TE206;13.01.2024;10;1.0;63;84;23;88;40;82
TE206;13.01.2024;11;1.0;55;94;30;98;25;90
TE206;13.01.2024;12;1.0;48;84;27;86;21;81
TE206;13.01.2024;14;1.0;34;79;19;83;14;78
TE206;13.01.2024;15;1.0;28;88;16;93;12;82
TE206;13.01.2024;16;1.0;35;67;16;65;19;69
TE206;13.01.2024;17;1.0;12;93;5;91;7;94
TE206;13.01.2024;19;1.0;24;85;15;87;9;81
TE206;14.01.2024;11;1.0;21;64;14;66;7;62
TE206;14.01.2024;12;1.0;22;83;15;83;7;84
TE206;14.01.2024;13;1.0;20;91;12;92;8;90
TE206;14.01.2024;16;1.0;12;71;5;79;7;66
TE206;14.01.2024;17;1.0;9;75;5;79;4;70
TE206;14.01.2024;20;1.0;4;98;4;98;0;-1
TE206;14.01.2024;21;1.0;2;96;2;96;0;-1
TE206;15.01.2024;5;1.0;34;74;23;75;11;70
TE206;15.01.2024;6;1.0;95;89;53;93;42;85
TE206;15.01.2024;7;1.0;132;66;73;67;59;64
TE206;15.01.2024;8;1.0;113;61;64;61;49;62
TE206;15.01.2024;9;1.0;146;66;88;65;58;66
TE206;15.01.2024;10;1.0;119;68;67;66;52;70
TE206;15.01.2024;12;1.0;83;69;28;71;55;68
TE206;15.01.2024;13;1.0;60;78;35;80;25;76
TE206;15.01.2024;14;1.0;55;69;33;72;21;67
TE206;15.01.2024;15;1.0;93;85;35;89;58;82
TE206;15.01.2024;16;1.0;76;70;35;72;41;68
TE206;15.01.2024;17;1.0;37;79;29;79;8;79
TE206;15.01.2024;18;1.0;24;78;15;76;9;80
TE206;15.01.2024;19;1.0;17;85;6;83;11;86
TE206;15.01.2024;20;1.0;16;86;12;85;4;87
TE206;15.01.2024;21;1.0;5;89;2;86;3;91
TE206;15.01.2024;22;1.0;4;90;3;88;1;95
TE206;15.01.2024;23;1.0;1;95;0;-1;1;95
TE206;16.01.2024;0;1.0;3;92;2;90;1;98
TE206;16.01.2024;5;1.0;36;77;30;76;6;83
TE206;16.01.2024;6;1.0;65;47;60;47;5;52
TE206;16.01.2024;7;1.0;120;31;111;31;9;39
TE206;16.01.2024;8;1.0;125;39;121;39;4;40
TE206;16.01.2024;9;1.0;106;40;92;40;14;40
TE206;16.01.2024;10;1.0;139;33;131;33;8;32
TE206;16.01.2024;11;1.0;133;64;89;62;44;68
TE206;16.01.2024;12;1.0;99;74;57;74;42;74
TE206;16.01.2024;13;1.0;74;73;52;72;22;74
TE206;16.01.2024;14;1.0;60;65;39;61;21;72
TE206;16.01.2024;15;1.0;100;53;79;51;21;60
TE206;16.01.2024;16;1.0;63;65;48;65;15;66
TE206;16.01.2024;17;1.0;51;65;40;64;11;67
TE206;16.01.2024;18;1.0;28;56;25;56;3;57
TE206;16.01.2024;19;1.0;24;73;17;70;7;80
TE206;16.01.2024;20;1.0;15;73;11;73;4;74
TE206;16.01.2024;21;1.0;6;72;4;63;2;90
TE206;16.01.2024;22;1.0;6;88;3;84;3;91
TE206;16.01.2024;23;1.0;6;90;3;85;3;95
TE206;17.01.2024;3;1.0;9;79;8;76;1;99
TE206;17.01.2024;4;1.0;7;79;4;68;4;71
TE206;17.01.2024;6;1.0;76;79;51;78;25;79
TE206;17.01.2024;7;1.0;141;63;110;59;31;77
TE206;17.01.2024;8;1.0;116;44;91;43;25;46
TE206;17.01.2024;9;1.0;110;39;84;39;26;41
TE206;17.01.2024;10;1.0;118;65;66;64;52;65
TE206;17.01.2024;11;1.0;160;69;86;69;74;69
TE206;17.01.2024;13;1.0;115;91;52;93;63;90
TE206;17.01.2024;14;1.0;79;93;32;97;47;90
TE206;17.01.2024;15;1.0;126;74;55;78;71;71
TE206;17.01.2024;16;1.0;79;68;36;70;43;67
TE206;17.01.2024;17;1.0;60;67;35;67;25;68
TE206;17.01.2024;19;1.0;17;76;12;77;5;74
TE206;17.01.2024;20;1.0;13;89;9;89;4;90
TE206;17.01.2024;21;1.0;9;82;8;82;1;88
TE206;17.01.2024;22;1.0;4;86;4;86;0;-1
TE206;17.01.2024;23;1.0;3;86;3;86;0;-1
TE206;18.01.2024;0;1.0;5;88;4;88;1;90
TE206;18.01.2024;1;1.0;1;94;1;94;0;-1
TE206;18.01.2024;2;1.0;8;85;8;85;0;-1
TE206;18.01.2024;3;1.0;17;78;15;78;2;74
TE206;18.01.2024;4;1.0;15;76;10;75;5;80
TE206;18.01.2024;5;1.0;37;76;21;75;16;78
TE206;18.01.2024;6;1.0;109;78;67;80;42;75
TE206;18.01.2024;7;1.0;134;76;85;75;49;77
TE206;18.01.2024;8;1.0;97;47;76;46;21;48
TE206;18.01.2024;9;1.0;114;34;107;34;7;35
TE206;18.01.2024;10;1.0;149;44;124;43;25;49
TE206;18.01.2024;11;1.0;116;75;59;73;57;78
TE206;18.01.2024;12;1.0;108;91;63;93;45;89
TE206;18.01.2024;13;1.0;87;47;72;45;15;56
TE206;18.01.2024;14;1.0;71;67;49;65;22;70
TE206;18.01.2024;15;1.0;101;45;85;45;16;44
TE206;18.01.2024;16;1.0;75;28;69;28;7;28
TE206;18.01.2024;17;1.0;60;35;56;34;4;44
TE206;18.01.2024;18;1.0;40;39;35;37;5;46
TE206;18.01.2024;19;1.0;25;53;20;53;5;53
TE206;18.01.2024;20;1.0;9;65;7;66;2;64
TE206;18.01.2024;21;1.0;10;70;8;67;2;84
TE206;18.01.2024;22;1.0;6;70;6;70;0;-1
TE206;18.01.2024;23;1.0;5;71;4;70;1;74
TE206;19.01.2024;0;1.0;6;74;4;72;2;76
TE206;19.01.2024;1;1.0;3;71;2;72;1;71
TE206;19.01.2024;2;1.0;2;80;0;-1;2;80
TE206;19.01.2024;3;1.0;7;77;5;76;2;78
TE206;19.01.2024;4;1.0;3;80;2;79;1;82
TE206;19.01.2024;5;1.0;28;74;21;71;8;72
TE206;19.01.2024;6;1.0;91;72;73;71;17;78
TE206;19.01.2024;7;1.0;116;39;107;39;9;43
TE206;19.01.2024;8;1.0;113;28;105;28;8;31
TE206;19.01.2024;9;1.0;98;52;76;53;22;50
TE206;19.01.2024;10;1.0;165;41;148;40;17;42
TE206;19.01.2024;11;1.0;186;39;148;34;38;61
TE206;19.01.2024;12;1.0;127;80;54;80;73;80
TE206;19.01.2024;13;1.0;122;67;53;65;70;67
TE206;19.01.2024;14;1.0;112;77;49;76;63;78
TE206;19.01.2024;15;1.0;82;71;45;71;37;71
TE206;19.01.2024;18;1.0;23;81;14;88;9;70
TE206;19.01.2024;19;1.0;28;74;17;75;11;73
TE206;20.01.2024;10;1.0;67;72;35;72;32;72
TE206;20.01.2024;11;1.0;51;64;23;63;28;65
TE206;20.01.2024;12;1.0;40;67;17;69;23;65
TE206;20.01.2024;16;1.0;19;78;4;84;14;82
TE206;20.01.2024;18;1.0;20;86;13;90;7;78
TE206;20.01.2024;19;1.0;11;73;11;73;0;-1
TE206;20.01.2024;20;1.0;17;85;13;83;4;89
TE206;21.01.2024;6;1.0;2;98;1;98;1;99
TE206;21.01.2024;9;1.0;27;70;15;72;12;68
TE206;21.01.2024;11;1.0;19;70;5;80;13;72
TE206;21.01.2024;12;1.0;29;74;17;75;12;74
TE206;21.01.2024;20;1.0;3;57;3;57;0;-1
TE206;21.01.2024;22;1.0;1;95;1;95;0;-1
TE206;22.01.2024;0;1.0;0;-1;0;-1;0;-1
TE206;22.01.2024;1;1.0;1;98;1;98;0;-1
TE206;22.01.2024;6;1.0;127;74;44;77;83;72
TE206;22.01.2024;7;1.0;136;81;50;82;86;80
TE206;22.01.2024;8;1.0;171;74;62;74;109;74
TE206;22.01.2024;9;1.0;125;66;38;66;87;66
TE206;22.01.2024;10;1.0;129;62;72;58;57;68
TE206;22.01.2024;11;1.0;110;55;59;47;51;64
TE206;22.01.2024;12;1.0;82;76;41;80;41;73
TE206;22.01.2024;13;1.0;117;75;49;74;68;75
TE206;22.01.2024;14;1.0;90;71;35;68;55;73
TE206;22.01.2024;15;1.0;121;70;49;74;72;67
TE206;22.01.2024;16;1.0;137;67;41;71;96;66
TE206;22.01.2024;17;1.0;75;74;46;72;29;76
TE206;22.01.2024;18;1.0;36;81;17;79;19;84
TE206;22.01.2024;20;1.0;8;94;2;96;6;93
TE206;23.01.2024;5;1.0;52;58;35;55;17;64
TE206;23.01.2024;6;1.0;122;74;80;73;42;77
TE206;23.01.2024;7;1.0;174;62;106;61;68;63
TE206;23.01.2024;8;1.0;180;73;95;66;85;81
TE206;23.01.2024;9;1.0;152;51;107;50;45;53
TE206;23.01.2024;10;1.0;121;63;60;61;61;65
TE206;23.01.2024;11;1.0;102;53;62;52;40;56
TE206;23.01.2024;12;1.0;120;60;57;61;63;60
TE206;23.01.2024;13;1.0;71;69;36;69;35;69
TE206;23.01.2024;14;1.0;102;81;30;79;72;81
TE206;23.01.2024;15;1.0;115;73;56;70;59;77
TE206;23.01.2024;17;1.0;77;78;34;79;43;77
TE206;23.01.2024;19;1.0;27;88;16;87;11;89
TE206;23.01.2024;23;1.0;1;99;1;99;0;-1
TE206;24.01.2024;0;1.0;0;-1;0;-1;0;-1
TE206;24.01.2024;1;1.0;1;83;1;83;0;-1
TE206;24.01.2024;6;1.0;101;76;35;79;66;75
TE206;24.01.2024;7;1.0;148;70;46;70;102;70
TE206;24.01.2024;8;1.0;136;83;26;87;110;82
TE206;24.01.2024;9;1.0;167;83;56;85;111;82
TE206;24.01.2024;10;1.0;173;59;75;60;99;57
TE206;24.01.2024;11;1.0;130;70;56;67;74;72
TE206;24.01.2024;12;1.0;177;55;112;45;65;73
TE206;24.01.2024;13;1.0;103;46;69;44;34;51
TE206;24.01.2024;14;1.0;141;67;81;67;60;68
TE206;24.01.2024;15;1.0;158;72;85;68;73;76
TE206;24.01.2024;16;1.0;120;58;63;56;57;59
TE206;24.01.2024;17;1.0;60;60;32;58;28;62
TE206;24.01.2024;22;1.0;8;74;5;79;3;66
TE206;24.01.2024;23;1.0;1;98;1;98;0;-1
TE206;25.01.2024;4;1.0;2;100;0;-1;2;100
TE206;25.01.2024;7;1.0;190;70;77;71;112;71
TE206;25.01.2024;8;1.0;175;80;52;82;122;79
TE206;25.01.2024;9;1.0;132;54;88;45;44;72
TE206;25.01.2024;10;1.0;121;76;42;73;79;77
TE206;25.01.2024;11;1.0;121;64;64;59;57;70
TE206;25.01.2024;12;1.0;126;76;45;78;81;74
TE206;25.01.2024;13;1.0;105;67;31;68;75;66
TE206;25.01.2024;14;1.0;109;79;48;80;61;78
TE206;25.01.2024;15;1.0;161;71;60;73;101;69
TE206;25.01.2024;16;1.0;130;74;60;77;70;72
TE206;26.01.2024;6;1.0;79;87;45;90;34;82
TE206;26.01.2024;7;1.0;109;80;70;81;39;79
TE206;26.01.2024;8;1.0;140;70;73;72;67;67
TE206;26.01.2024;9;1.0;109;50;72;42;37;66
TE206;26.01.2024;10;1.0;107;36;89;36;18;35
TE206;26.01.2024;11;1.0;130;49;83;48;47;52
TE206;26.01.2024;12;1.0;108;65;37;65;71;65
TE206;26.01.2024;13;1.0;103;76;35;79;68;74
TE206;26.01.2024;14;1.0;97;69;31;71;67;67
TE206;26.01.2024;15;1.0;51;67;15;68;36;67
TE206;26.01.2024;16;1.0;65;69;24;71;41;68
TE206;26.01.2024;17;1.0;31;66;16;64;15;68
TE206;26.01.2024;22;1.0;4;61;2;80;1;83
TE206;26.01.2024;23;1.0;0;-1;0;-1;0;-1
TE206;27.01.2024;0;1.0;1;88;1;88;0;-1
TE206;27.01.2024;1;1.0;1;96;0;-1;1;96
TE206;27.01.2024;2;1.0;1;98;0;-1;1;98
TE206;27.01.2024;3;1.0;0;-1;0;-1;0;-1
TE206;27.01.2024;4;1.0;3;98;1;93;2;100
TE206;27.01.2024;9;1.0;48;72;16;72;32;71
TE206;27.01.2024;12;1.0;47;70;17;75;29;69
TE206;28.01.2024;6;1.0;4;95;2;99;2;90
TE206;28.01.2024;7;1.0;2;76;0;-1;2;76
TE206;28.01.2024;12;1.0;20;82;11;81;10;74
TE206;28.01.2024;19;1.0;4;94;1;99;3;93
TE206;28.01.2024;20;1.0;3;96;1;98;2;94
TE206;29.01.2024;5;1.0;37;72;15;73;23;68
TE206;29.01.2024;6;1.0;101;82;59;81;43;81
TE206;29.01.2024;7;1.0;167;69;88;72;79;66
TE206;29.01.2024;8;1.0;171;91;89;94;82;88
TE206;29.01.2024;9;1.0;136;85;61;88;75;82
TE206;29.01.2024;10;1.0;135;92;53;95;82;90
TE206;29.01.2024;11;1.0;94;66;38;70;55;64
TE206;29.01.2024;12;1.0;116;85;43;84;73;85
TE206;29.01.2024;13;1.0;124;66;75;65;49;68
TE206;29.01.2024;14;1.0;104;75;53;74;51;76
TE206;29.01.2024;15;1.0;125;79;43;77;83;79
TE206;29.01.2024;16;1.0;107;78;59;76;48;79
TE206;29.01.2024;17;1.0;74;80;31;81;44;77
TE206;30.01.2024;7;1.0;107;84;57;85;50;82
TE206;30.01.2024;8;1.0;153;90;87;92;66;88
TE206;30.01.2024;9;1.0;137;81;49;83;88;80
TE206;30.01.2024;10;1.0;112;56;70;57;42;56
TE206;30.01.2024;11;1.0;138;55;81;55;57;55
TE206;30.01.2024;12;1.0;116;58;73;58;43;59
TE206;30.01.2024;13;1.0;103;72;43;72;60;72
TE206;30.01.2024;14;1.0;128;78;37;82;91;77
TE206;30.01.2024;15;1.0;131;77;54;79;77;74
TE206;30.01.2024;17;1.0;91;85;48;89;43;82
TE206;30.01.2024;20;1.0;10;87;2;99;8;84
TE206;30.01.2024;22;1.0;3;65;3;65;0;-1
TE206;31.01.2024;6;1.0;79;94;46;97;33;90
TE206;31.01.2024;7;1.0;127;82;60;83;67;81
TE206;31.01.2024;8;1.0;116;77;63;75;53;79
TE206;31.01.2024;9;1.0;116;62;69;63;47;61
TE206;31.01.2024;10;1.0;137;90;67;91;70;89
TE206;31.01.2024;11;1.0;131;72;61;73;70;71
TE206;31.01.2024;12;1.0;83;69;33;61;50;75
TE206;31.01.2024;13;1.0;93;50;67;50;26;51
TE206;31.01.2024;14;1.0;78;57;56;56;22;62
TE206;31.01.2024;15;1.0;83;53;67;52;16;57
TE206;31.01.2024;16;1.0;62;50;55;50;7;50
TE206;31.01.2024;17;1.0;51;40;42;40;9;43
TE206;31.01.2024;18;1.0;75;19;75;19;0;-1
TE206;31.01.2024;19;1.0;111;11;111;11;0;-1
TE206;31.01.2024;20;1.0;25;14;25;14;0;-1
TE206;31.01.2024;21;1.0;23;14;23;14;0;-1
TE206;31.01.2024;22;1.0;14;12;14;12;0;-1
TE206;31.01.2024;23;1.0;11;12;11;12;0;-1
TE208;01.01.2024;0;1.0;55;59;52;59;3;42
TE208;01.01.2024;1;1.0;190;52;168;52;22;50
TE208;01.01.2024;2;1.0;243;54;239;54;4;52
TE208;01.01.2024;3;1.0;139;54;136;54;3;57
TE208;01.01.2024;4;1.0;92;53;92;53;0;-1
TE208;01.01.2024;5;1.0;104;52;103;52;1;54
TE208;01.01.2024;6;1.0;91;53;90;53;1;55
TE208;01.01.2024;7;1.0;56;51;55;51;1;49
TE208;01.01.2024;8;1.0;57;49;57;49;0;-1
TE208;01.01.2024;9;1.0;75;50;72;50;3;41
TE208;01.01.2024;10;1.0;148;48;144;48;4;46
TE208;01.01.2024;11;1.0;234;51;213;51;21;51
TE208;01.01.2024;12;1.0;257;52;206;52;51;50
TE208;01.01.2024;13;1.0;320;51;247;50;73;50
TE208;01.01.2024;14;1.0;343;48;259;50;84;44
TE208;01.01.2024;15;1.0;302;51;268;51;34;49
TE208;01.01.2024;16;1.0;264;51;239;51;25;48
TE208;01.01.2024;17;1.0;263;50;239;50;24;48
TE208;01.01.2024;18;1.0;207;52;199;52;8;52
TE208;01.01.2024;19;1.0;155;51;137;52;18;48
TE208;01.01.2024;20;1.0;143;52;113;53;30;51
TE208;01.01.2024;21;1.0;107;53;88;53;19;50
TE208;01.01.2024;22;1.0;64;52;49;53;15;51
TE208;01.01.2024;23;1.0;46;53;37;54;9;49
TE208;02.01.2024;0;1.0;32;53;27;54;5;48
TE208;02.01.2024;1;1.0;24;55;24;55;0;-1
TE208;02.01.2024;2;1.0;18;51;16;52;2;44
TE208;02.01.2024;3;1.0;40;56;37;56;3;43
TE208;02.01.2024;4;1.0;98;48;91;49;7;46
TE208;02.01.2024;5;1.0;341;48;330;48;11;47
TE208;02.01.2024;6;1.0;364;50;359;50;5;45
TE208;02.01.2024;7;1.0;424;46;419;46;5;46
TE208;02.01.2024;8;1.0;375;49;371;49;4;47
TE208;02.01.2024;9;1.0;389;50;376;50;13;46
TE208;02.01.2024;10;1.0;408;50;351;51;57;47
TE208;02.01.2024;11;1.0;436;49;356;50;81;46
TE208;02.01.2024;12;1.0;455;52;408;52;47;50
TE208;02.01.2024;13;1.0;481;53;442;53;39;52
TE208;02.01.2024;14;1.0;451;47;343;50;108;40
TE208;02.01.2024;15;1.0;480;51;409;51;71;48
TE208;02.01.2024;16;1.0;466;51;400;51;66;48
TE208;02.01.2024;17;1.0;412;51;326;52;86;48
TE208;02.01.2024;18;1.0;326;50;279;51;47;46
TE208;02.01.2024;19;1.0;272;55;235;55;37;53
TE208;02.01.2024;20;1.0;201;53;191;53;10;43
TE208;02.01.2024;21;1.0;155;52;147;52;8;51
TE208;02.01.2024;22;1.0;106;55;96;54;10;54
TE208;02.01.2024;23;1.0;62;55;50;56;12;52
TE208;03.01.2024;0;1.0;37;52;26;51;11;56
TE208;03.01.2024;1;1.0;17;53;14;53;3;47
TE208;03.01.2024;2;1.0;28;55;27;55;1;51
TE208;03.01.2024;3;1.0;40;55;35;56;5;53
TE208;03.01.2024;4;1.0;119;52;114;51;5;58
TE208;03.01.2024;5;1.0;347;50;332;50;15;48
TE208;03.01.2024;6;1.0;401;50;385;50;16;50
TE208;03.01.2024;7;1.0;480;49;455;49;25;47
TE208;03.01.2024;8;1.0;464;50;446;50;18;49
TE208;03.01.2024;9;1.0;470;48;450;48;20;48
TE208;03.01.2024;10;1.0;475;50;423;50;52;50
TE208;03.01.2024;11;1.0;502;50;401;50;101;53
TE208;03.01.2024;12;1.0;526;50;416;50;110;50
TE208;03.01.2024;13;1.0;516;49;449;49;67;46
TE208;03.01.2024;14;1.0;509;49;448;49;61;47
TE208;03.01.2024;15;1.0;517;50;444;50;73;47
TE208;03.01.2024;16;1.0;486;46;410;47;76;44
TE208;03.01.2024;17;1.0;449;50;404;50;45;47
TE208;03.01.2024;18;1.0;371;50;327;50;44;48
TE208;03.01.2024;19;1.0;273;51;234;51;39;48
TE208;03.01.2024;20;1.0;218;50;168;51;50;49
TE208;03.01.2024;21;1.0;155;51;138;51;17;51
TE208;03.01.2024;22;1.0;91;52;77;52;14;53
TE208;03.01.2024;23;1.0;69;54;59;55;10;50
TE208;04.01.2024;0;1.0;32;51;28;52;4;47
TE208;04.01.2024;1;1.0;32;54;28;53;4;57
TE208;04.01.2024;2;1.0;35;55;29;55;6;54
TE208;04.01.2024;3;1.0;37;55;34;55;3;51
TE208;04.01.2024;4;1.0;109;54;108;54;1;60
TE208;04.01.2024;5;1.0;293;47;259;47;34;48
TE208;04.01.2024;6;1.0;399;49;381;50;18;49
TE208;04.01.2024;7;1.0;476;49;440;49;37;44
TE208;04.01.2024;8;1.0;490;51;446;51;44;49
TE208;04.01.2024;9;1.0;496;50;463;50;33;48
TE208;04.01.2024;10;1.0;571;51;542;51;29;49
TE208;04.01.2024;11;1.0;489;51;416;51;73;50
TE208;04.01.2024;12;1.0;523;50;498;50;25;49
TE208;04.01.2024;13;1.0;586;50;561;50;25;50
TE208;04.01.2024;14;1.0;534;51;512;52;22;49
TE208;04.01.2024;15;1.0;523;52;479;52;44;53
TE208;04.01.2024;16;1.0;552;52;511;52;41;52
TE208;04.01.2024;17;1.0;423;53;385;53;38;52
TE208;04.01.2024;18;1.0;389;51;375;51;14;50
TE208;04.01.2024;19;1.0;317;51;295;52;22;51
TE208;04.01.2024;20;1.0;228;54;218;54;10;50
TE208;04.01.2024;21;1.0;156;54;148;54;8;56
TE208;04.01.2024;22;1.0;109;54;102;54;7;46
TE208;04.01.2024;23;1.0;69;53;66;53;3;47
TE208;05.01.2024;0;1.0;32;57;30;57;2;50
TE208;05.01.2024;1;1.0;32;56;30;56;2;53
TE208;05.01.2024;2;1.0;29;58;26;58;3;56
TE208;05.01.2024;3;1.0;40;58;38;58;2;51
TE208;05.01.2024;4;1.0;129;56;124;56;5;59
TE208;05.01.2024;5;1.0;321;53;308;53;13;54
TE208;05.01.2024;6;1.0;406;53;391;53;15;52
TE208;05.01.2024;7;1.0;502;51;484;51;18;52
TE208;05.01.2024;8;1.0;438;52;428;52;10;51
TE208;05.01.2024;9;1.0;441;53;431;53;10;52
TE208;05.01.2024;10;1.0;445;52;436;53;9;51
TE208;05.01.2024;11;1.0;501;51;479;51;22;50
TE208;05.01.2024;12;1.0;517;52;471;51;46;52
TE208;05.01.2024;13;1.0;566;51;521;51;45;51
TE208;05.01.2024;14;1.0;507;53;474;53;33;52
TE208;05.01.2024;15;1.0;518;53;486;53;32;52
TE208;05.01.2024;16;1.0;477;49;447;49;30;49
TE208;05.01.2024;17;1.0;412;51;393;51;19;51
TE208;05.01.2024;18;1.0;340;52;329;52;11;52
TE208;05.01.2024;19;1.0;304;53;289;53;15;52
TE208;05.01.2024;20;1.0;218;52;208;52;10;52
TE208;05.01.2024;21;1.0;185;52;161;52;24;46
TE208;05.01.2024;22;1.0;124;53;103;53;21;51
TE208;05.01.2024;23;1.0;84;52;77;52;7;48
TE208;06.01.2024;0;1.0;59;55;53;55;6;54
TE208;06.01.2024;1;1.0;45;55;43;55;2;53
TE208;06.01.2024;2;1.0;38;58;33;58;5;56
TE208;06.01.2024;3;1.0;46;57;46;57;0;-1
TE208;06.01.2024;4;1.0;62;61;60;61;2;63
TE208;06.01.2024;5;1.0;119;54;107;53;12;53
TE208;06.01.2024;6;1.0;112;52;97;53;15;51
TE208;06.01.2024;7;1.0;133;53;129;53;4;50
TE208;06.01.2024;8;1.0;182;52;173;52;9;51
TE208;06.01.2024;9;1.0;325;52;266;52;59;52
TE208;06.01.2024;10;1.0;393;52;321;51;72;52
TE208;06.01.2024;11;1.0;418;51;383;51;35;50
TE208;06.01.2024;12;1.0;530;51;514;51;16;53
TE208;06.01.2024;13;1.0;486;53;436;53;50;55
TE208;06.01.2024;14;1.0;499;52;480;52;19;52
TE208;06.01.2024;15;1.0;465;52;442;52;23;51
TE208;06.01.2024;16;1.0;418;52;392;52;26;52
TE208;06.01.2024;17;1.0;386;53;365;53;21;52
TE208;06.01.2024;18;1.0;334;52;303;52;31;51
TE208;06.01.2024;19;1.0;278;52;264;52;14;50
TE208;06.01.2024;20;1.0;232;52;222;52;10;50
TE208;06.01.2024;21;1.0;191;53;178;53;13;50
TE208;06.01.2024;22;1.0;124;53;116;53;8;53
TE208;06.01.2024;23;1.0;104;54;86;54;18;56
TE208;07.01.2024;0;1.0;89;59;80;59;9;55
TE208;07.01.2024;1;1.0;61;58;57;58;4;56
TE208;07.01.2024;2;1.0;52;58;39;58;13;58
TE208;07.01.2024;3;1.0;31;49;30;49;1;41
TE208;07.01.2024;4;1.0;48;46;47;46;1;46
TE208;07.01.2024;5;1.0;80;49;77;49;3;50
TE208;07.01.2024;6;1.0;77;51;72;51;5;53
TE208;07.01.2024;7;1.0;54;52;51;52;3;57
TE208;07.01.2024;8;1.0;83;53;79;53;4;52
TE208;07.01.2024;9;1.0;195;51;186;51;9;51
TE208;07.01.2024;10;1.0;278;52;260;52;18;54
TE208;07.01.2024;11;1.0;293;48;228;48;65;49
TE208;07.01.2024;12;1.0;359;52;302;53;57;52
TE208;07.01.2024;13;1.0;422;52;356;52;66;52
TE208;07.01.2024;14;1.0;416;52;393;52;23;50
TE208;07.01.2024;15;1.0;349;52;339;52;10;53
TE208;07.01.2024;16;1.0;314;52;279;52;35;51
TE208;07.01.2024;17;1.0;349;51;321;51;28;50
TE208;07.01.2024;18;1.0;274;52;254;52;20;52
TE208;07.01.2024;19;1.0;178;54;164;54;14;51
TE208;07.01.2024;20;1.0;164;51;151;51;13;50
TE208;07.01.2024;21;1.0;134;47;123;48;11;46
TE208;07.01.2024;22;1.0;75;50;59;51;16;48
TE208;07.01.2024;23;1.0;43;49;37;49;6;49
TE208;08.01.2024;0;1.0;33;52;27;52;6;52
TE208;08.01.2024;1;1.0;31;51;30;51;1;46
TE208;08.01.2024;2;1.0;41;54;36;54;5;50
TE208;08.01.2024;3;1.0;49;51;45;51;4;54
TE208;08.01.2024;4;1.0;141;53;132;53;9;54
TE208;08.01.2024;5;1.0;405;46;397;46;8;44
TE208;08.01.2024;6;1.0;502;47;487;47;15;45
TE208;08.01.2024;7;1.0;703;44;683;44;20;43
TE208;08.01.2024;8;1.0;584;46;566;46;18;44
TE208;08.01.2024;9;1.0;497;46;476;46;21;44
TE208;08.01.2024;10;1.0;484;48;460;48;24;44
TE208;08.01.2024;11;1.0;475;49;452;49;23;48
TE208;08.01.2024;12;1.0;496;49;476;49;20;49
TE208;08.01.2024;13;1.0;527;50;503;50;24;49
TE208;08.01.2024;14;1.0;565;47;550;47;15;46
TE208;08.01.2024;15;1.0;625;45;602;45;23;44
TE208;08.01.2024;16;1.0;535;46;524;46;11;45
TE208;08.01.2024;17;1.0;469;46;451;46;18;45
TE208;08.01.2024;18;1.0;359;45;341;45;18;43
TE208;08.01.2024;19;1.0;326;46;316;46;10;45
TE208;08.01.2024;20;1.0;194;45;188;45;6;44
TE208;08.01.2024;21;1.0;190;46;184;46;6;43
TE208;08.01.2024;22;1.0;102;48;94;49;8;44
TE208;08.01.2024;23;1.0;60;48;56;48;4;42
TE208;09.01.2024;0;1.0;31;52;25;51;6;52
TE208;09.01.2024;1;1.0;21;50;17;49;4;55
TE208;09.01.2024;2;1.0;32;53;30;53;2;51
TE208;09.01.2024;3;1.0;38;53;35;53;3;53
TE208;09.01.2024;4;1.0;123;50;117;51;6;49
TE208;09.01.2024;5;1.0;383;46;376;46;7;44
TE208;09.01.2024;6;1.0;546;46;529;46;17;45
TE208;09.01.2024;7;1.0;687;46;669;46;18;44
TE208;09.01.2024;8;1.0;562;48;550;48;12;46
TE208;09.01.2024;9;1.0;561;47;545;47;16;46
TE208;09.01.2024;10;1.0;562;47;546;47;16;46
TE208;09.01.2024;11;1.0;533;50;511;50;22;48
TE208;09.01.2024;12;1.0;516;49;496;49;20;48
TE208;09.01.2024;13;1.0;576;48;559;48;17;46
TE208;09.01.2024;14;1.0;579;47;553;47;26;46
TE208;09.01.2024;15;1.0;588;47;568;47;20;46
TE208;09.01.2024;16;1.0;581;45;569;45;12;46
TE208;09.01.2024;17;1.0;517;45;508;45;9;44
TE208;09.01.2024;18;1.0;422;47;410;47;12;46
TE208;09.01.2024;19;1.0;328;46;314;46;14;43
TE208;09.01.2024;20;1.0;236;47;227;47;9;45
TE208;09.01.2024;21;1.0;171;47;161;47;10;46
TE208;09.01.2024;22;1.0;123;49;116;49;7;46
TE208;09.01.2024;23;1.0;61;53;58;53;3;52
TE208;10.01.2024;0;1.0;27;51;25;50;2;57
TE208;10.01.2024;1;1.0;21;47;19;47;2;47
TE208;10.01.2024;2;1.0;27;56;23;55;4;58
TE208;10.01.2024;3;1.0;55;53;52;53;3;54
TE208;10.01.2024;4;1.0;146;51;143;51;3;48
TE208;10.01.2024;5;1.0;409;48;392;48;17;47
TE208;10.01.2024;6;1.0;608;47;594;47;14;46
TE208;10.01.2024;7;1.0;728;46;708;46;20;43
TE208;10.01.2024;8;1.0;607;47;586;47;21;46
TE208;10.01.2024;9;1.0;506;47;485;47;21;45
TE208;10.01.2024;10;1.0;464;49;449;49;15;47
TE208;10.01.2024;11;1.0;485;48;470;48;15;47
TE208;10.01.2024;12;1.0;547;50;527;50;20;50
TE208;10.01.2024;13;1.0;564;49;548;49;16;48
TE208;10.01.2024;14;1.0;562;48;537;48;25;46
TE208;10.01.2024;15;1.0;631;47;599;47;32;48
TE208;10.01.2024;16;1.0;607;45;587;45;20;45
TE208;10.01.2024;17;1.0;502;45;483;45;19;43
TE208;10.01.2024;18;1.0;363;46;350;46;13;43
TE208;10.01.2024;19;1.0;323;45;301;45;22;43
TE208;10.01.2024;20;1.0;268;46;246;47;22;45
TE208;10.01.2024;21;1.0;187;47;176;48;11;42
TE208;10.01.2024;22;1.0;121;51;114;51;7;45
TE208;10.01.2024;23;1.0;60;52;56;52;4;49
TE208;11.01.2024;0;1.0;38;52;35;52;3;48
TE208;11.01.2024;1;1.0;32;58;29;58;3;58
TE208;11.01.2024;2;1.0;24;52;24;52;0;-1
TE208;11.01.2024;3;1.0;34;61;33;61;1;58
TE208;11.01.2024;4;1.0;123;62;121;62;2;68
TE208;11.01.2024;5;1.0;368;54;348;54;20;54
TE208;11.01.2024;6;1.0;533;53;459;53;73;54
TE208;11.01.2024;7;1.0;695;51;605;51;90;52
TE208;11.01.2024;8;1.0;531;47;350;47;181;46
TE208;11.01.2024;9;1.0;500;48;227;48;273;47
TE208;11.01.2024;10;1.0;512;44;158;44;354;43
TE208;11.01.2024;11;1.0;578;44;228;43;350;43
TE208;11.01.2024;12;1.0;501;47;213;47;288;46
TE208;11.01.2024;13;1.0;489;45;229;45;260;46
TE208;11.01.2024;15;1.0;569;47;355;46;214;47
TE208;11.01.2024;16;1.0;532;51;336;51;196;51
TE208;11.01.2024;17;1.0;483;49;411;49;72;50
TE208;11.01.2024;18;1.0;440;49;409;49;31;48
TE208;11.01.2024;19;1.0;313;51;260;51;53;49
TE208;11.01.2024;20;1.0;260;50;237;50;23;48
TE208;11.01.2024;21;1.0;194;50;174;50;20;47
TE208;11.01.2024;22;1.0;122;50;112;50;10;47
TE208;11.01.2024;23;1.0;68;53;53;54;15;53
TE208;12.01.2024;0;1.0;36;56;30;54;6;64
TE208;12.01.2024;1;1.0;33;57;30;58;3;51
TE208;12.01.2024;2;1.0;32;56;27;56;5;60
TE208;12.01.2024;3;1.0;47;55;41;55;6;56
TE208;12.01.2024;6;1.0;457;52;439;52;18;51
TE208;12.01.2024;7;1.0;619;50;610;50;9;48
TE208;12.01.2024;8;1.0;482;50;477;50;5;50
TE208;12.01.2024;9;1.0;458;50;442;50;16;49
TE208;12.01.2024;10;1.0;470;50;463;50;7;52
TE208;12.01.2024;11;1.0;467;51;443;51;24;51
TE208;12.01.2024;12;1.0;458;52;432;52;26;50
TE208;12.01.2024;13;1.0;588;51;561;51;27;51
TE208;12.01.2024;14;1.0;523;51;504;51;19;50
TE208;12.01.2024;15;1.0;579;50;571;50;8;50
TE208;12.01.2024;16;1.0;494;50;487;50;7;51
TE208;12.01.2024;17;1.0;470;50;458;50;12;49
TE208;12.01.2024;18;1.0;402;52;396;52;6;50
TE208;12.01.2024;19;1.0;311;51;268;52;43;52
TE208;12.01.2024;20;1.0;230;52;194;52;36;52
TE208;12.01.2024;21;1.0;181;51;151;51;30;51
TE208;12.01.2024;22;1.0;176;52;143;53;33;50
TE208;12.01.2024;23;1.0;84;53;71;54;13;52
TE208;13.01.2024;0;1.0;45;54;42;54;3;48
TE208;13.01.2024;1;1.0;45;56;42;56;3;54
TE208;13.01.2024;2;1.0;33;55;30;55;3;59
TE208;13.01.2024;3;1.0;45;56;43;56;2;52
TE208;13.01.2024;4;1.0;62;58;38;58;24;58
TE208;13.01.2024;5;1.0;125;54;114;55;11;53
TE208;13.01.2024;6;1.0;113;53;104;53;9;51
TE208;13.01.2024;7;1.0;132;51;122;51;10;47
TE208;13.01.2024;8;1.0;176;53;102;53;74;52
TE208;13.01.2024;9;1.0;342;50;223;52;119;47
TE208;13.01.2024;10;1.0;366;51;285;52;81;47
TE208;13.01.2024;11;1.0;447;54;428;54;19;53
TE208;13.01.2024;12;1.0;465;54;410;54;55;53
TE208;13.01.2024;13;1.0;475;53;448;53;27;53
TE208;13.01.2024;14;1.0;503;50;411;51;92;49
TE208;13.01.2024;15;1.0;474;52;419;52;55;52
TE208;13.01.2024;16;1.0;400;52;359;51;41;51
TE208;13.01.2024;17;1.0;386;51;355;51;31;51
TE208;13.01.2024;18;1.0;351;51;300;52;51;46
TE208;13.01.2024;19;1.0;284;52;257;52;27;50
TE208;13.01.2024;20;1.0;201;53;169;53;32;53
TE208;13.01.2024;21;1.0;184;52;143;52;41;53
TE208;13.01.2024;22;1.0;186;52;162;53;24;51
TE208;13.01.2024;23;1.0;91;54;71;56;20;50
TE208;14.01.2024;0;1.0;92;57;79;58;13;51
TE208;14.01.2024;1;1.0;56;55;34;57;22;52
TE208;14.01.2024;2;1.0;45;56;41;56;4;57
TE208;14.01.2024;3;1.0;39;52;29;54;10;48
TE208;14.01.2024;4;1.0;42;54;38;55;4;52
TE208;14.01.2024;5;1.0;86;56;84;56;2;51
TE208;14.01.2024;6;1.0;107;54;103;54;4;50
TE208;14.01.2024;7;1.0;86;53;83;53;3;48
TE208;14.01.2024;8;1.0;108;55;100;55;8;53
TE208;14.01.2024;9;1.0;217;52;197;52;20;53
TE208;14.01.2024;10;1.0;277;54;257;54;20;53
TE208;14.01.2024;11;1.0;331;53;290;53;41;53
TE208;14.01.2024;12;1.0;385;53;358;53;27;53
TE208;14.01.2024;13;1.0;447;51;390;51;57;48
TE208;14.01.2024;14;1.0;399;52;368;52;31;51
TE208;14.01.2024;15;1.0;361;51;289;51;72;53
TE208;14.01.2024;16;1.0;304;53;237;52;67;54
TE208;14.01.2024;17;1.0;311;52;267;52;44;52
TE208;14.01.2024;18;1.0;275;52;268;52;7;48
TE208;14.01.2024;19;1.0;211;54;203;54;8;50
TE208;14.01.2024;20;1.0;158;52;149;52;9;51
TE208;14.01.2024;21;1.0;136;55;126;55;10;53
TE208;14.01.2024;22;1.0;67;53;50;54;17;53
TE208;14.01.2024;23;1.0;34;59;25;58;9;61
TE208;15.01.2024;0;1.0;33;57;27;57;6;59
TE208;15.01.2024;1;1.0;34;58;32;58;2;62
TE208;15.01.2024;2;1.0;26;59;25;58;1;68
TE208;15.01.2024;3;1.0;58;54;56;55;2;49
TE208;15.01.2024;4;1.0;143;55;119;56;24;52
TE208;15.01.2024;5;1.0;384;52;367;52;17;51
TE208;15.01.2024;6;1.0;528;52;513;52;15;53
TE208;15.01.2024;7;1.0;676;51;661;51;15;50
TE208;15.01.2024;8;1.0;554;51;513;51;41;51
TE208;15.01.2024;9;1.0;506;51;499;51;7;53
TE208;15.01.2024;10;1.0;515;51;501;51;14;49
TE208;15.01.2024;11;1.0;568;37;552;37;16;36
TE208;15.01.2024;12;1.0;543;49;516;49;27;46
TE208;15.01.2024;13;1.0;521;50;487;50;34;49
TE208;15.01.2024;14;1.0;593;51;566;51;27;50
TE208;15.01.2024;15;1.0;564;51;500;51;64;51
TE208;15.01.2024;16;1.0;566;48;537;49;29;47
TE208;15.01.2024;17;1.0;496;47;456;47;40;47
TE208;15.01.2024;18;1.0;367;49;333;50;34;49
TE208;15.01.2024;19;1.0;300;49;273;49;27;49
TE208;15.01.2024;20;1.0;199;50;188;50;11;51
TE208;15.01.2024;21;1.0;182;49;174;49;7;52
TE208;15.01.2024;22;1.0;118;52;109;52;9;53
TE208;15.01.2024;23;1.0;60;54;57;55;3;47
TE208;16.01.2024;0;1.0;32;57;30;58;2;47
TE208;16.01.2024;1;1.0;26;54;25;54;1;58
TE208;16.01.2024;2;1.0;27;49;26;49;1;47
TE208;16.01.2024;3;1.0;79;50;76;50;3;46
TE208;16.01.2024;4;1.0;124;48;115;48;9;47
TE208;16.01.2024;5;1.0;342;47;338;47;4;44
TE208;16.01.2024;6;1.0;555;46;536;46;19;45
TE208;16.01.2024;7;1.0;670;46;656;46;14;47
TE208;16.01.2024;8;1.0;543;49;537;49;6;49
TE208;16.01.2024;9;1.0;515;51;508;51;7;50
TE208;16.01.2024;10;1.0;497;51;485;51;12;50
TE208;16.01.2024;11;1.0;532;51;515;51;17;51
TE208;16.01.2024;12;1.0;543;50;525;50;18;50
TE208;16.01.2024;13;1.0;506;50;451;50;55;50
TE208;16.01.2024;14;1.0;457;50;428;50;29;51
TE208;16.01.2024;15;1.0;532;51;506;51;26;49
TE208;16.01.2024;16;1.0;566;51;543;51;23;51
TE208;16.01.2024;17;1.0;470;49;459;49;11;48
TE208;16.01.2024;18;1.0;408;49;386;49;22;50
TE208;16.01.2024;19;1.0;313;49;293;49;20;47
TE208;16.01.2024;20;1.0;230;51;201;51;29;52
TE208;16.01.2024;21;1.0;161;52;143;52;18;51
TE208;16.01.2024;22;1.0;129;54;125;54;4;45
TE208;16.01.2024;23;1.0;53;51;49;51;4;47
TE208;17.01.2024;0;1.0;25;48;23;48;2;42
TE208;17.01.2024;1;1.0;26;49;26;49;0;-1
TE208;17.01.2024;2;1.0;28;51;26;51;2;50
TE208;17.01.2024;3;1.0;62;50;57;50;5;53
TE208;17.01.2024;4;1.0;142;50;133;50;9;52
TE208;17.01.2024;5;1.0;384;46;372;46;12;46
TE208;17.01.2024;6;1.0;544;45;525;45;19;45
TE208;17.01.2024;7;1.0;718;43;699;43;19;44
TE208;17.01.2024;8;1.0;582;46;566;46;16;46
TE208;17.01.2024;9;1.0;500;46;484;46;16;46
TE208;17.01.2024;10;1.0;511;46;496;46;15;45
TE208;17.01.2024;11;1.0;492;47;465;47;27;47
TE208;17.01.2024;12;1.0;508;48;463;48;45;47
TE208;17.01.2024;13;1.0;545;46;498;46;47;46
TE208;17.01.2024;14;1.0;519;47;489;47;30;47
TE208;17.01.2024;15;1.0;541;49;512;49;29;49
TE208;17.01.2024;16;1.0;529;51;518;51;11;50
TE208;17.01.2024;17;1.0;488;50;479;50;9;50
TE208;17.01.2024;18;1.0;387;50;379;50;8;49
TE208;17.01.2024;19;1.0;309;51;301;51;8;52
TE208;17.01.2024;20;1.0;235;51;228;51;7;50
TE208;17.01.2024;21;1.0;187;52;182;52;5;48
TE208;17.01.2024;22;1.0;110;56;106;56;4;56
TE208;17.01.2024;23;1.0;64;52;61;52;3;47
TE208;18.01.2024;0;1.0;29;61;26;62;3;50
TE208;18.01.2024;1;1.0;28;55;27;55;1;43
TE208;18.01.2024;2;1.0;29;56;27;56;2;59
TE208;18.01.2024;3;1.0;49;56;46;56;3;55
TE208;18.01.2024;4;1.0;121;53;117;53;4;53
TE208;18.01.2024;5;1.0;385;50;379;50;6;49
TE208;18.01.2024;6;1.0;547;48;540;48;7;51
TE208;18.01.2024;7;1.0;696;47;686;47;9;50
TE208;18.01.2024;8;1.0;531;49;512;49;19;50
TE208;18.01.2024;9;1.0;532;49;512;49;20;48
TE208;18.01.2024;10;1.0;549;49;531;49;18;51
TE208;18.01.2024;11;1.0;465;51;445;51;20;53
TE208;18.01.2024;12;1.0;509;50;484;50;25;50
TE208;18.01.2024;13;1.0;530;46;492;46;38;46
TE208;18.01.2024;14;1.0;545;47;438;48;107;47
TE208;18.01.2024;15;1.0;605;46;476;45;129;46
TE208;18.01.2024;16;1.0;552;41;541;41;11;41
TE208;18.01.2024;17;1.0;467;45;434;45;33;45
TE208;18.01.2024;18;1.0;410;45;391;45;19;43
TE208;18.01.2024;19;1.0;302;46;291;47;11;44
TE208;18.01.2024;20;1.0;247;46;239;46;8;42
TE208;18.01.2024;21;1.0;183;46;171;46;12;42
TE208;18.01.2024;22;1.0;131;47;120;46;11;51
TE208;18.01.2024;23;1.0;61;48;46;49;15;46
TE208;19.01.2024;0;1.0;36;50;34;50;2;47
TE208;19.01.2024;1;1.0;32;46;32;46;0;-1
TE208;19.01.2024;2;1.0;34;48;30;48;4;46
TE208;19.01.2024;3;1.0;51;49;49;50;2;44
TE208;19.01.2024;4;1.0;131;50;127;50;4;52
TE208;19.01.2024;5;1.0;385;47;371;47;14;47
TE208;19.01.2024;6;1.0;517;47;483;47;34;47
TE208;19.01.2024;7;1.0;664;46;610;46;54;45
TE208;19.01.2024;8;1.0;480;47;441;47;39;48
TE208;19.01.2024;9;1.0;548;46;460;46;88;46
TE208;19.01.2024;10;1.0;529;47;475;48;54;47
TE208;19.01.2024;11;1.0;516;49;437;49;79;51
TE208;19.01.2024;12;1.0;557;49;543;49;14;48
TE208;19.01.2024;13;1.0;577;48;479;48;98;48
TE208;19.01.2024;14;1.0;590;49;507;49;83;49
TE208;19.01.2024;15;1.0;577;49;473;49;104;50
TE208;19.01.2024;16;1.0;513;50;489;50;24;50
TE208;19.01.2024;17;1.0;451;49;426;49;25;49
TE208;19.01.2024;18;1.0;411;48;401;48;10;49
TE208;19.01.2024;19;1.0;302;47;282;47;20;47
TE208;19.01.2024;20;1.0;216;48;193;48;23;48
TE208;19.01.2024;21;1.0;198;47;158;47;40;46
TE208;19.01.2024;22;1.0;189;51;163;52;26;50
TE208;19.01.2024;23;1.0;103;52;98;52;5;49
TE208;20.01.2024;0;1.0;60;54;57;54;3;48
TE208;20.01.2024;1;1.0;38;52;35;52;3;49
TE208;20.01.2024;2;1.0;37;52;34;53;3;49
TE208;20.01.2024;3;1.0;40;56;34;55;6;57
TE208;20.01.2024;4;1.0;59;51;56;51;3;52
TE208;20.01.2024;5;1.0;131;50;130;50;1;51
TE208;20.01.2024;6;1.0;107;49;102;49;5;50
TE208;20.01.2024;7;1.0;160;49;154;49;6;45
TE208;20.01.2024;8;1.0;249;51;238;51;11;50
TE208;20.01.2024;9;1.0;386;52;371;52;15;52
TE208;20.01.2024;10;1.0;405;49;326;49;79;50
TE208;20.01.2024;11;1.0;495;50;424;51;71;48
TE208;20.01.2024;12;1.0;538;53;486;53;52;52
TE208;20.01.2024;13;1.0;549;50;490;50;59;50
TE208;20.01.2024;14;1.0;531;48;427;48;104;49
TE208;20.01.2024;15;1.0;468;49;400;49;68;48
TE208;20.01.2024;16;1.0;446;48;419;48;27;48
TE208;20.01.2024;17;1.0;425;50;316;50;109;49
TE208;20.01.2024;18;1.0;359;48;279;48;80;48
TE208;20.01.2024;19;1.0;266;50;174;51;92;49
TE208;20.01.2024;20;1.0;237;47;201;47;36;46
TE208;20.01.2024;21;1.0;187;47;155;48;32;44
TE208;20.01.2024;22;1.0;153;47;130;47;23;46
TE208;20.01.2024;23;1.0;124;48;112;48;12;45
TE208;21.01.2024;0;1.0;75;47;68;48;7;44
TE208;21.01.2024;1;1.0;46;49;44;49;2;48
TE208;21.01.2024;2;1.0;48;49;45;49;3;51
TE208;21.01.2024;3;1.0;38;51;34;51;4;51
TE208;21.01.2024;4;1.0;50;51;47;51;3;45
TE208;21.01.2024;5;1.0;84;55;84;55;0;-1
TE208;21.01.2024;6;1.0;89;55;88;56;1;48
TE208;21.01.2024;7;1.0;56;53;55;53;1;48
TE208;21.01.2024;8;1.0;120;52;120;52;0;-1
TE208;21.01.2024;9;1.0;225;49;189;50;36;47
TE208;21.01.2024;10;1.0;289;49;203;49;86;49
TE208;21.01.2024;11;1.0;309;50;256;50;53;50
TE208;21.01.2024;12;1.0;380;48;267;48;113;49
TE208;21.01.2024;13;1.0;445;49;380;49;65;50
TE208;21.01.2024;14;1.0;435;48;410;48;25;47
TE208;21.01.2024;15;1.0;348;49;320;49;28;47
TE208;21.01.2024;16;1.0;378;50;324;50;54;49
TE208;21.01.2024;17;1.0;361;50;316;50;45;49
TE208;21.01.2024;18;1.0;293;50;238;51;55;49
TE208;21.01.2024;19;1.0;224;51;191;51;33;50
TE208;21.01.2024;20;1.0;177;51;141;51;36;49
TE208;21.01.2024;21;1.0;143;47;121;47;22;45
TE208;21.01.2024;22;1.0;66;51;43;51;23;51
TE208;21.01.2024;23;1.0;42;51;32;52;10;50
TE208;22.01.2024;0;1.0;34;53;29;53;5;53
TE208;22.01.2024;1;1.0;22;46;20;46;2;46
TE208;22.01.2024;2;1.0;22;43;19;45;2;44
TE208;22.01.2024;3;1.0;48;56;36;56;12;55
TE208;22.01.2024;4;1.0;135;53;131;53;4;50
TE208;22.01.2024;5;1.0;418;50;399;50;19;50
TE208;22.01.2024;6;1.0;556;51;530;51;26;49
TE208;22.01.2024;7;1.0;733;50;672;50;61;50
TE208;22.01.2024;8;1.0;574;51;480;51;94;53
TE208;22.01.2024;9;1.0;491;50;388;50;103;48
TE208;22.01.2024;10;1.0;514;49;476;49;38;47
TE208;22.01.2024;11;1.0;519;46;442;47;77;42
TE208;22.01.2024;12;1.0;538;49;388;49;150;49
TE208;22.01.2024;13;1.0;527;48;389;48;138;47
TE208;22.01.2024;14;1.0;542;51;406;51;136;51
TE208;22.01.2024;15;1.0;592;50;460;50;132;51
TE208;22.01.2024;16;1.0;565;51;483;51;82;52
TE208;22.01.2024;17;1.0;491;49;453;50;38;47
TE208;22.01.2024;18;1.0;383;48;309;49;73;44
TE208;22.01.2024;19;1.0;312;49;267;50;45;45
TE208;22.01.2024;20;1.0;210;50;192;50;18;47
TE208;22.01.2024;21;1.0;175;48;157;49;19;41
TE208;22.01.2024;22;1.0;122;52;106;53;16;51
TE208;22.01.2024;23;1.0;64;50;54;50;10;54
TE208;23.01.2024;0;1.0;21;53;17;54;4;48
TE208;23.01.2024;1;1.0;25;51;21;52;4;48
TE208;23.01.2024;2;1.0;26;54;23;54;3;50
TE208;23.01.2024;3;1.0;53;54;39;54;14;54
TE208;23.01.2024;4;1.0;131;51;115;51;16;51
TE208;23.01.2024;5;1.0;386;48;371;48;15;49
TE208;23.01.2024;6;1.0;565;49;552;49;13;47
TE208;23.01.2024;7;1.0;729;47;695;46;34;46
TE208;23.01.2024;8;1.0;610;49;565;49;45;47
TE208;23.01.2024;9;1.0;578;49;547;49;31;48
TE208;23.01.2024;10;1.0;540;49;423;49;117;48
TE208;23.01.2024;11;1.0;510;46;465;46;45;46
TE208;23.01.2024;12;1.0;530;49;469;49;61;52
TE208;23.01.2024;13;1.0;532;49;430;49;102;51
TE208;23.01.2024;14;1.0;537;49;453;49;84;50
TE208;23.01.2024;15;1.0;570;48;538;48;32;47
TE208;23.01.2024;16;1.0;560;48;514;48;46;47
TE208;23.01.2024;17;1.0;466;48;430;48;36;48
TE208;23.01.2024;18;1.0;393;47;317;47;76;48
TE208;23.01.2024;19;1.0;327;48;285;48;42;50
TE208;23.01.2024;20;1.0;250;49;221;50;29;47
TE208;23.01.2024;21;1.0;165;49;148;50;17;47
TE208;23.01.2024;22;1.0;143;51;136;51;7;48
TE208;23.01.2024;23;1.0;63;50;60;51;3;47
TE208;24.01.2024;0;1.0;25;55;21;56;4;48
TE208;24.01.2024;1;1.0;31;54;29;53;2;58
TE208;24.01.2024;2;1.0;30;52;24;53;6;49
TE208;24.01.2024;3;1.0;43;56;40;56;3;57
TE208;24.01.2024;4;1.0;152;54;142;54;10;50
TE208;24.01.2024;5;1.0;404;50;384;50;20;48
TE208;24.01.2024;6;1.0;573;51;546;51;27;49
TE208;24.01.2024;7;1.0;727;46;683;46;44;44
TE208;24.01.2024;8;1.0;567;48;498;48;69;48
TE208;24.01.2024;9;1.0;578;48;500;48;78;47
TE208;24.01.2024;10;1.0;518;46;456;46;62;45
TE208;24.01.2024;11;1.0;505;49;370;49;135;49
TE208;24.01.2024;12;1.0;478;50;316;49;162;50
TE208;24.01.2024;13;1.0;544;50;453;50;91;49
TE208;24.01.2024;14;1.0;492;50;413;50;79;48
TE208;24.01.2024;15;1.0;569;50;507;50;62;48
TE208;24.01.2024;16;1.0;529;48;511;48;18;48
TE208;24.01.2024;17;1.0;483;48;469;48;14;51
TE208;24.01.2024;18;1.0;414;46;377;46;36;47
TE208;24.01.2024;19;1.0;320;50;308;50;12;50
TE208;24.01.2024;20;1.0;248;50;240;50;8;48
TE208;24.01.2024;21;1.0;169;49;165;48;4;50
TE208;24.01.2024;22;1.0;96;49;88;49;8;47
TE208;24.01.2024;23;1.0;71;51;62;52;9;46
TE208;25.01.2024;0;1.0;45;55;37;56;8;56
TE208;25.01.2024;1;1.0;23;58;17;56;6;64
TE208;25.01.2024;2;1.0;35;54;30;53;5;52
TE208;25.01.2024;3;1.0;44;54;40;55;4;44
TE208;25.01.2024;4;1.0;150;54;139;54;11;52
TE208;25.01.2024;5;1.0;389;50;369;50;20;49
TE208;25.01.2024;6;1.0;578;49;548;49;30;48
TE208;25.01.2024;7;1.0;758;48;701;48;57;48
TE208;25.01.2024;8;1.0;555;50;539;50;16;48
TE208;25.01.2024;9;1.0;536;48;513;48;23;47
TE208;25.01.2024;10;1.0;553;48;438;48;115;47
TE208;25.01.2024;11;1.0;538;49;446;49;92;46
TE208;25.01.2024;12;1.0;518;50;429;50;89;46
TE208;25.01.2024;13;1.0;563;48;457;48;106;46
TE208;25.01.2024;14;1.0;552;49;465;50;87;48
TE208;25.01.2024;15;1.0;580;47;478;48;102;44
TE208;25.01.2024;16;1.0;542;48;525;48;17;48
TE208;25.01.2024;17;1.0;461;49;399;50;62;48
TE208;25.01.2024;18;1.0;448;49;399;49;49;49
TE208;25.01.2024;19;1.0;347;49;328;49;19;47
TE208;25.01.2024;20;1.0;217;49;208;50;9;49
TE208;25.01.2024;21;1.0;170;48;143;49;27;45
TE208;25.01.2024;22;1.0;154;50;128;51;26;48
TE208;25.01.2024;23;1.0;54;52;44;52;10;51
TE208;26.01.2024;1;1.0;31;52;26;53;5;47
TE208;26.01.2024;2;1.0;27;54;15;53;12;54
TE208;26.01.2024;3;1.0;53;54;31;55;22;53
TE208;26.01.2024;4;1.0;123;53;41;53;82;52
TE208;26.01.2024;5;1.0;353;50;228;51;125;50
TE208;26.01.2024;6;1.0;580;49;497;49;83;48
TE208;26.01.2024;7;1.0;683;49;650;49;33;47
TE208;26.01.2024;8;1.0;529;44;418;44;110;44
TE208;26.01.2024;9;1.0;518;50;442;51;76;48
TE208;26.01.2024;10;1.0;538;50;475;50;63;50
TE208;26.01.2024;11;1.0;540;51;449;51;91;50
TE208;26.01.2024;12;1.0;530;46;396;46;135;45
TE208;26.01.2024;13;1.0;574;50;511;50;63;47
TE208;26.01.2024;14;1.0;569;50;521;50;48;49
TE208;26.01.2024;15;1.0;559;50;527;50;32;48
TE208;26.01.2024;16;1.0;542;50;507;50;35;49
TE208;26.01.2024;17;1.0;438;47;381;47;57;45
TE208;26.01.2024;18;1.0;401;48;372;49;28;43
TE208;26.01.2024;19;1.0;326;44;271;46;55;35
TE208;26.01.2024;20;1.0;263;48;178;49;85;44
TE208;26.01.2024;21;1.0;197;50;177;50;20;46
TE208;26.01.2024;22;1.0;140;48;129;48;11;48
TE208;26.01.2024;23;1.0;103;52;91;53;12;48
TE208;27.01.2024;0;1.0;68;52;66;52;2;46
TE208;27.01.2024;1;1.0;57;56;54;57;3;51
TE208;27.01.2024;2;1.0;33;56;30;57;3;46
TE208;27.01.2024;3;1.0;43;54;41;55;2;52
TE208;27.01.2024;4;1.0;62;52;58;52;4;50
TE208;27.01.2024;5;1.0;137;50;135;50;2;46
TE208;27.01.2024;6;1.0;115;50;111;51;4;43
TE208;27.01.2024;7;1.0;159;50;154;50;5;47
TE208;27.01.2024;8;1.0;269;50;259;50;10;49
TE208;27.01.2024;9;1.0;409;51;399;51;10;50
TE208;27.01.2024;10;1.0;458;50;448;50;10;48
TE208;27.01.2024;11;1.0;482;48;465;48;17;45
TE208;27.01.2024;12;1.0;540;52;441;53;99;50
TE208;27.01.2024;13;1.0;545;53;494;53;51;51
TE208;27.01.2024;14;1.0;576;49;536;49;40;47
TE208;27.01.2024;15;1.0;505;48;439;48;66;48
TE208;27.01.2024;16;1.0;498;49;478;49;20;47
TE208;27.01.2024;17;1.0;424;46;404;46;21;43
TE208;27.01.2024;18;1.0;385;51;328;51;57;48
TE208;27.01.2024;19;1.0;306;47;271;47;35;43
TE208;27.01.2024;20;1.0;308;50;281;50;27;47
TE208;27.01.2024;21;1.0;218;51;199;51;19;49
TE208;27.01.2024;22;1.0;155;50;130;51;25;47
TE208;27.01.2024;23;1.0;123;51;105;51;18;49
TE208;28.01.2024;0;1.0;82;52;78;52;4;56
TE208;28.01.2024;1;1.0;67;52;63;53;4;50
TE208;28.01.2024;2;1.0;47;52;44;52;3;44
TE208;28.01.2024;3;1.0;42;53;39;54;3;44
TE208;28.01.2024;4;1.0;60;51;58;51;2;50
TE208;28.01.2024;5;1.0;112;50;110;50;2;50
TE208;28.01.2024;6;1.0;97;50;96;50;1;50
TE208;28.01.2024;7;1.0;72;46;71;46;1;45
TE208;28.01.2024;8;1.0;155;49;144;49;11;50
TE208;28.01.2024;9;1.0;261;48;251;48;10;47
TE208;28.01.2024;10;1.0;347;50;301;50;46;48
TE208;28.01.2024;11;1.0;404;51;324;52;80;50
TE208;28.01.2024;12;1.0;473;50;404;50;69;51
TE208;28.01.2024;13;1.0;542;50;501;49;41;49
TE208;28.01.2024;14;1.0;523;50;407;49;116;50
TE208;28.01.2024;15;1.0;426;48;338;48;88;49
TE208;28.01.2024;16;1.0;428;48;407;48;21;46
TE208;28.01.2024;17;1.0;399;48;385;48;14;47
TE208;28.01.2024;18;1.0;332;50;326;50;6;45
TE208;28.01.2024;19;1.0;250;49;236;49;14;45
TE208;28.01.2024;20;1.0;185;49;174;50;11;45
TE208;28.01.2024;21;1.0;136;50;114;50;22;51
TE208;28.01.2024;22;1.0;74;52;65;52;9;48
TE208;28.01.2024;23;1.0;49;50;39;49;10;51
TE208;29.01.2024;0;1.0;31;52;20;53;11;48
TE208;29.01.2024;1;1.0;22;52;12;54;10;50
TE208;29.01.2024;2;1.0;34;55;23;53;11;60
TE208;29.01.2024;3;1.0;52;55;49;56;3;48
TE208;29.01.2024;4;1.0;149;51;145;51;4;52
TE208;29.01.2024;5;1.0;371;50;361;50;10;46
TE208;29.01.2024;6;1.0;565;49;530;49;35;46
TE208;29.01.2024;7;1.0;718;48;694;48;24;47
TE208;29.01.2024;8;1.0;568;48;528;48;40;47
TE208;29.01.2024;9;1.0;570;48;509;48;61;48
TE208;29.01.2024;10;1.0;543;50;501;50;42;48
TE208;29.01.2024;11;1.0;525;51;498;51;27;51
TE208;29.01.2024;12;1.0;542;50;487;50;55;49
TE208;29.01.2024;13;1.0;522;50;427;50;95;49
TE208;29.01.2024;14;1.0;602;50;409;50;193;51
TE208;29.01.2024;15;1.0;575;49;382;50;193;48
TE208;29.01.2024;16;1.0;562;47;354;48;208;46
TE208;29.01.2024;17;1.0;473;47;362;47;110;47
TE208;29.01.2024;18;1.0;398;49;282;49;116;49
TE208;29.01.2024;19;1.0;306;51;254;51;52;50
TE208;29.01.2024;20;1.0;229;49;194;50;35;45
TE208;29.01.2024;21;1.0;174;50;128;49;46;50
TE208;29.01.2024;22;1.0;120;53;103;53;17;50
TE208;29.01.2024;23;1.0;49;52;40;53;9;47
TE208;30.01.2024;0;1.0;28;58;27;58;1;56
TE208;30.01.2024;1;1.0;30;56;22;57;8;50
TE208;30.01.2024;2;1.0;29;52;22;49;7;58
TE208;30.01.2024;3;1.0;47;52;44;52;3;56
TE208;30.01.2024;4;1.0;134;52;124;52;10;50
TE208;30.01.2024;5;1.0;367;50;350;50;17;46
TE208;30.01.2024;6;1.0;576;48;533;48;43;45
TE208;30.01.2024;7;1.0;683;47;599;47;84;45
TE208;30.01.2024;8;1.0;575;48;538;48;37;46
TE208;30.01.2024;9;1.0;540;48;422;48;118;49
TE208;30.01.2024;10;1.0;536;49;411;49;125;50
TE208;30.01.2024;11;1.0;557;50;434;50;123;51
TE208;30.01.2024;12;1.0;517;50;369;49;148;50
TE208;30.01.2024;13;1.0;526;50;421;50;105;49
TE208;30.01.2024;14;1.0;532;50;343;50;189;51
TE208;30.01.2024;15;1.0;617;49;460;49;157;49
TE208;30.01.2024;16;1.0;543;50;378;50;165;50
TE208;30.01.2024;17;1.0;477;50;383;50;94;50
TE208;30.01.2024;18;1.0;412;52;338;52;74;51
TE208;30.01.2024;19;1.0;311;51;250;52;61;50
TE208;30.01.2024;20;1.0;247;51;203;52;44;51
TE208;30.01.2024;21;1.0;176;54;142;54;34;54
TE208;30.01.2024;22;1.0;124;56;82;57;42;53
TE208;30.01.2024;23;1.0;61;55;30;54;31;56
TE208;31.01.2024;0;1.0;31;57;19;58;12;55
TE208;31.01.2024;1;1.0;41;56;27;57;14;55
TE208;31.01.2024;2;1.0;42;56;34;57;8;54
TE208;31.01.2024;3;1.0;49;57;39;56;10;60
TE208;31.01.2024;4;1.0;127;56;101;56;26;55
TE208;31.01.2024;5;1.0;386;51;318;51;68;51
TE208;31.01.2024;6;1.0;561;51;505;51;56;50
TE208;31.01.2024;7;1.0;693;47;662;47;31;45
TE208;31.01.2024;8;1.0;505;51;469;51;36;50
TE208;31.01.2024;9;1.0;559;50;517;50;42;48
TE208;31.01.2024;10;1.0;530;49;494;49;36;46
TE208;31.01.2024;11;1.0;509;50;449;50;60;48
TE208;31.01.2024;12;1.0;531;49;447;49;85;46
TE208;31.01.2024;13;1.0;544;51;428;51;116;50
TE208;31.01.2024;14;1.0;530;52;461;53;69;48
TE208;31.01.2024;15;1.0;599;50;512;50;87;50
TE208;31.01.2024;16;1.0;526;50;505;50;21;47
TE208;31.01.2024;17;1.0;490;50;459;50;31;47
TE208;31.01.2024;18;1.0;384;50;342;50;42;48
TE208;31.01.2024;19;1.0;316;51;291;51;25;48
TE208;31.01.2024;20;1.0;260;51;222;52;38;48
TE208;31.01.2024;21;1.0;166;48;150;48;16;45
TE208;31.01.2024;22;1.0;118;51;89;52;29;49
TE208;31.01.2024;23;1.0;63;53;50;55;13;48
TE209;01.01.2024;0;1.0;96;47;92;47;4;49
TE209;01.01.2024;1;1.0;226;48;224;48;2;49
TE209;01.01.2024;2;1.0;257;50;255;50;2;52
TE209;01.01.2024;3;1.0;145;49;142;49;3;49
TE209;01.01.2024;4;1.0;96;49;94;49;2;48
TE209;01.01.2024;5;1.0;85;52;83;52;2;49
TE209;01.01.2024;6;1.0;76;48;75;48;1;49
TE209;01.01.2024;7;1.0;56;46;55;46;1;49
TE209;01.01.2024;8;1.0;73;45;70;45;3;51
TE209;01.01.2024;9;1.0;96;46;90;46;6;49
TE209;01.01.2024;10;1.0;169;45;156;45;13;46
TE209;01.01.2024;11;1.0;260;45;250;45;10;45
TE209;01.01.2024;12;1.0;377;45;368;45;10;44
TE209;01.01.2024;13;1.0;515;49;502;49;13;47
TE209;01.01.2024;14;1.0;608;47;600;47;8;46
TE209;01.01.2024;15;1.0;645;46;630;46;15;45
TE209;01.01.2024;16;1.0;762;44;753;44;9;46
TE209;01.01.2024;17;1.0;580;47;571;47;9;46
TE209;01.01.2024;18;1.0;434;46;431;46;3;50
TE209;01.01.2024;19;1.0;338;51;334;51;4;50
TE209;01.01.2024;20;1.0;271;50;267;50;4;48
TE209;01.01.2024;21;1.0;187;53;178;53;9;52
TE209;01.01.2024;22;1.0;129;52;125;51;4;58
TE209;01.01.2024;23;1.0;95;50;91;50;4;54
TE209;02.01.2024;0;1.0;54;51;49;52;5;47
TE209;02.01.2024;1;1.0;44;49;39;50;4;52
TE209;02.01.2024;2;1.0;33;47;30;47;2;58
TE209;02.01.2024;4;1.0;41;46;36;46;5;45
TE209;02.01.2024;5;1.0;160;50;150;50;10;51
TE209;02.01.2024;6;1.0;295;47;287;47;8;47
TE209;02.01.2024;7;1.0;522;47;509;47;13;45
TE209;02.01.2024;8;1.0;526;48;510;48;16;48
TE209;02.01.2024;9;1.0;625;48;617;48;8;50
TE209;02.01.2024;10;1.0;627;47;624;47;3;46
TE209;02.01.2024;11;1.0;642;46;635;46;7;46
TE209;02.01.2024;12;1.0;644;46;635;46;9;46
TE209;02.01.2024;13;1.0;723;46;717;46;6;45
TE209;02.01.2024;14;1.0;790;42;781;42;8;45
TE209;02.01.2024;15;1.0;806;45;802;45;4;42
TE209;02.01.2024;16;1.0;764;46;760;46;4;45
TE209;02.01.2024;17;1.0;662;49;660;49;2;49
TE209;02.01.2024;18;1.0;602;46;598;46;4;50
TE209;02.01.2024;19;1.0;412;51;409;51;3;51
TE209;02.01.2024;20;1.0;322;50;312;50;10;52
TE209;02.01.2024;21;1.0;241;50;237;50;4;48
TE209;02.01.2024;22;1.0;178;51;174;51;4;51
TE209;02.01.2024;23;1.0;94;52;89;52;5;53
TE209;03.01.2024;0;1.0;68;48;66;48;2;48
TE209;03.01.2024;1;1.0;46;55;41;55;5;54
TE209;03.01.2024;2;1.0;27;48;24;48;3;55
TE209;03.01.2024;3;1.0;30;49;26;46;4;65
TE209;03.01.2024;4;1.0;78;49;60;48;19;48
TE209;03.01.2024;5;1.0;170;46;159;46;10;49
TE209;03.01.2024;6;1.0;354;44;333;44;19;47
TE209;03.01.2024;7;1.0;524;44;501;44;23;45
TE209;03.01.2024;8;1.0;688;42;651;42;37;44
TE209;03.01.2024;9;1.0;710;42;668;42;42;42
TE209;03.01.2024;10;1.0;701;45;664;44;37;44
TE209;03.01.2024;11;1.0;739;41;715;40;25;41
TE209;03.01.2024;12;1.0;734;44;708;44;26;43
TE209;03.01.2024;13;1.0;768;44;745;44;23;44
TE209;03.01.2024;14;1.0;834;43;819;43;15;44
TE209;03.01.2024;15;1.0;895;42;872;42;23;42
TE209;03.01.2024;16;1.0;946;42;926;42;20;43
TE209;03.01.2024;17;1.0;795;44;781;43;14;45
TE209;03.01.2024;18;1.0;624;46;616;46;8;47
TE209;03.01.2024;19;1.0;444;46;432;47;12;46
TE209;03.01.2024;20;1.0;310;47;299;47;11;45
TE209;03.01.2024;21;1.0;250;50;243;50;7;50
TE209;03.01.2024;22;1.0;184;50;179;50;5;49
TE209;03.01.2024;23;1.0;94;52;82;51;12;54
TE209;04.01.2024;0;1.0;84;54;77;54;7;54
TE209;04.01.2024;1;1.0;47;52;43;52;4;50
TE209;04.01.2024;2;1.0;26;47;22;46;4;49
TE209;04.01.2024;3;1.0;40;54;33;55;7;52
TE209;04.01.2024;4;1.0;51;52;50;52;1;47
TE209;04.01.2024;5;1.0;157;53;156;53;1;50
TE209;04.01.2024;6;1.0;359;51;358;51;1;50
TE209;04.01.2024;7;1.0;544;48;538;48;6;49
TE209;04.01.2024;8;1.0;887;41;865;41;22;41
TE209;04.01.2024;9;1.0;810;41;783;41;27;40
TE209;04.01.2024;10;1.0;759;43;720;43;39;42
TE209;04.01.2024;11;1.0;742;44;712;44;30;45
TE209;04.01.2024;12;1.0;803;45;788;45;15;47
TE209;04.01.2024;13;1.0;792;43;766;43;26;44
TE209;04.01.2024;14;1.0;884;43;859;43;25;43
TE209;04.01.2024;15;1.0;945;40;907;40;38;38
TE209;04.01.2024;16;1.0;896;42;883;42;13;42
TE209;04.01.2024;17;1.0;824;43;811;43;13;43
TE209;04.01.2024;18;1.0;661;47;646;47;15;47
TE209;04.01.2024;19;1.0;421;49;406;49;15;49
TE209;04.01.2024;20;1.0;315;48;307;48;8;52
TE209;04.01.2024;21;1.0;265;49;245;49;20;50
TE209;04.01.2024;22;1.0;187;49;176;49;11;50
TE209;04.01.2024;23;1.0;122;53;110;53;12;55
TE209;05.01.2024;0;1.0;68;49;63;49;5;46
TE209;05.01.2024;1;1.0;46;47;41;46;5;53
TE209;05.01.2024;2;1.0;28;50;22;49;6;55
TE209;05.01.2024;3;1.0;36;56;27;55;9;61
TE209;05.01.2024;4;1.0;51;52;45;52;6;54
TE209;05.01.2024;5;1.0;186;47;167;47;19;48
TE209;05.01.2024;6;1.0;313;45;293;45;20;44
TE209;05.01.2024;7;1.0;523;44;494;44;29;45
TE209;05.01.2024;8;1.0;680;45;678;45;2;43
TE209;05.01.2024;9;1.0;688;48;678;48;10;48
TE209;05.01.2024;10;1.0;698;46;680;46;18;45
TE209;05.01.2024;11;1.0;709;46;689;46;20;47
TE209;05.01.2024;12;1.0;839;43;817;43;22;44
TE209;05.01.2024;13;1.0;754;43;734;43;20;43
TE209;05.01.2024;14;1.0;868;43;852;43;16;43
TE209;05.01.2024;15;1.0;1025;40;1006;40;19;41
TE209;05.01.2024;16;1.0;916;41;898;41;18;39
TE209;05.01.2024;17;1.0;852;46;838;46;14;45
TE209;05.01.2024;18;1.0;722;49;713;49;9;50
TE209;05.01.2024;19;1.0;442;51;433;51;9;51
TE209;05.01.2024;20;1.0;353;52;342;52;11;54
TE209;05.01.2024;21;1.0;298;52;289;52;9;53
TE209;05.01.2024;22;1.0;243;52;239;52;4;53
TE209;05.01.2024;23;1.0;174;55;168;55;6;49
TE209;06.01.2024;0;1.0;100;54;95;55;5;53
TE209;06.01.2024;1;1.0;70;51;65;50;5;55
TE209;06.01.2024;2;1.0;56;54;54;55;2;47
TE209;06.01.2024;3;1.0;36;55;35;55;1;47
TE209;06.01.2024;4;1.0;51;53;41;53;10;53
TE209;06.01.2024;5;1.0;69;50;65;49;4;59
TE209;06.01.2024;6;1.0;98;41;96;41;2;42
TE209;06.01.2024;7;1.0;141;42;135;42;6;42
TE209;06.01.2024;8;1.0;250;49;235;49;15;50
TE209;06.01.2024;9;1.0;386;46;379;46;7;43
TE209;06.01.2024;10;1.0;590;47;576;47;14;48
TE209;06.01.2024;11;1.0;717;46;704;46;13;46
TE209;06.01.2024;12;1.0;781;46;768;46;13;47
TE209;06.01.2024;13;1.0;835;47;821;47;14;46
TE209;06.01.2024;14;1.0;815;46;805;46;10;46
TE209;06.01.2024;15;1.0;809;47;799;47;10;48
TE209;06.01.2024;16;1.0;732;46;722;46;10;47
TE209;06.01.2024;17;1.0;664;48;655;48;9;47
TE209;06.01.2024;18;1.0;528;48;519;48;9;47
TE209;06.01.2024;19;1.0;422;51;413;51;9;53
TE209;06.01.2024;20;1.0;313;50;307;50;6;47
TE209;06.01.2024;21;1.0;245;50;240;50;5;48
TE209;06.01.2024;22;1.0;227;50;224;50;3;51
TE209;06.01.2024;23;1.0;171;54;168;54;3;53
TE209;07.01.2024;0;1.0;118;55;112;55;6;56
TE209;07.01.2024;1;1.0;81;56;80;56;1;56
TE209;07.01.2024;2;1.0;57;53;55;53;2;54
TE209;07.01.2024;3;1.0;32;54;30;54;2;50
TE209;07.01.2024;4;1.0;44;52;42;52;2;49
TE209;07.01.2024;5;1.0;46;50;43;50;3;49
TE209;07.01.2024;6;1.0;61;50;56;50;5;47
TE209;07.01.2024;7;1.0;61;50;58;50;3;48
TE209;07.01.2024;8;1.0;115;54;109;54;6;48
TE209;07.01.2024;9;1.0;244;52;238;52;6;56
TE209;07.01.2024;10;1.0;324;53;316;53;8;56
TE209;07.01.2024;11;1.0;392;52;387;52;5;50
TE209;07.01.2024;12;1.0;515;51;504;51;11;51
TE209;07.01.2024;13;1.0;641;50;630;50;11;49
TE209;07.01.2024;14;1.0;720;50;709;50;11;47
TE209;07.01.2024;15;1.0;729;50;721;50;8;52
TE209;07.01.2024;16;1.0;746;51;737;51;9;50
TE209;07.01.2024;17;1.0;649;51;640;51;9;50
TE209;07.01.2024;18;1.0;521;53;514;53;7;50
TE209;07.01.2024;19;1.0;399;54;385;54;14;57
TE209;07.01.2024;20;1.0;293;51;284;51;9;58
TE209;07.01.2024;21;1.0;206;50;198;50;8;52
TE209;07.01.2024;22;1.0;151;48;142;48;9;45
TE209;07.01.2024;23;1.0;89;48;80;48;9;47
TE209;08.01.2024;0;1.0;77;51;71;51;6;48
TE209;08.01.2024;1;1.0;41;49;36;49;5;50
TE209;08.01.2024;2;1.0;30;52;26;52;4;53
TE209;08.01.2024;3;1.0;32;53;23;53;9;51
TE209;08.01.2024;4;1.0;64;52;53;51;11;56
TE209;08.01.2024;5;1.0;202;49;189;49;13;48
TE209;08.01.2024;6;1.0;550;45;510;45;40;45
TE209;08.01.2024;7;1.0;1089;33;1053;33;36;36
TE209;08.01.2024;8;1.0;1009;23;970;23;39;23
TE209;08.01.2024;9;1.0;827;43;795;43;32;43
TE209;08.01.2024;10;1.0;692;44;665;44;27;44
TE209;08.01.2024;11;1.0;733;41;710;41;23;41
TE209;08.01.2024;12;1.0;694;41;673;41;21;40
TE209;08.01.2024;13;1.0;752;41;728;41;24;42
TE209;08.01.2024;14;1.0;881;39;867;39;14;39
TE209;08.01.2024;15;1.0;923;35;907;35;16;36
TE209;08.01.2024;16;1.0;861;39;848;39;13;36
TE209;08.01.2024;17;1.0;912;40;903;40;9;38
TE209;08.01.2024;18;1.0;640;45;629;45;11;45
TE209;08.01.2024;19;1.0;469;45;462;45;7;45
TE209;08.01.2024;20;1.0;330;48;316;48;14;48
TE209;08.01.2024;21;1.0;234;48;227;48;7;47
TE209;08.01.2024;22;1.0;173;48;168;48;5;46
TE209;08.01.2024;23;1.0;103;51;97;50;6;50
TE209;09.01.2024;0;1.0;61;52;50;52;11;53
TE209;09.01.2024;1;1.0;29;56;22;54;7;60
TE209;09.01.2024;2;1.0;29;52;25;51;4;53
TE209;09.01.2024;3;1.0;33;52;30;52;3;53
TE209;09.01.2024;5;1.0;177;51;165;51;12;52
TE209;09.01.2024;6;1.0;430;48;407;48;23;48
TE209;09.01.2024;7;1.0;914;38;888;38;26;39
TE209;09.01.2024;8;1.0;998;36;964;36;34;34
TE209;09.01.2024;9;1.0;987;40;952;40;35;41
TE209;09.01.2024;10;1.0;850;42;821;41;29;43
TE209;09.01.2024;11;1.0;807;38;776;38;31;38
TE209;09.01.2024;12;1.0;760;40;736;41;24;40
TE209;09.01.2024;13;1.0;809;40;787;40;22;39
TE209;09.01.2024;14;1.0;952;35;931;35;21;36
TE209;09.01.2024;15;1.0;792;24;770;24;22;17
TE209;09.01.2024;16;1.0;994;34;968;34;26;23
TE209;09.01.2024;17;1.0;886;40;870;40;16;39
TE209;09.01.2024;18;1.0;791;40;779;40;12;41
TE209;09.01.2024;19;1.0;481;46;466;46;15;48
TE209;09.01.2024;20;1.0;335;47;323;47;12;46
TE209;09.01.2024;21;1.0;297;49;289;49;8;51
TE209;09.01.2024;22;1.0;181;50;176;50;5;49
TE209;09.01.2024;23;1.0;87;51;77;51;10;48
TE209;10.01.2024;0;1.0;72;55;62;55;10;55
TE209;10.01.2024;1;1.0;39;55;36;55;3;53
TE209;10.01.2024;2;1.0;28;54;26;53;2;67
TE209;10.01.2024;3;1.0;27;54;24;54;3;54
TE209;10.01.2024;4;1.0;71;59;60;57;11;64
TE209;10.01.2024;5;1.0;190;54;178;54;12;56
TE209;10.01.2024;6;1.0;496;48;476;48;20;48
TE209;10.01.2024;7;1.0;1055;37;1031;37;24;37
TE209;10.01.2024;8;1.0;973;18;926;18;47;18
TE209;10.01.2024;9;1.0;1011;38;972;38;39;44
TE209;10.01.2024;10;1.0;843;44;814;43;29;46
TE209;10.01.2024;11;1.0;795;40;771;40;24;40
TE209;10.01.2024;12;1.0;843;38;817;38;26;38
TE209;10.01.2024;13;1.0;821;35;793;35;28;37
TE209;10.01.2024;14;1.0;1003;37;966;37;37;36
TE209;10.01.2024;15;1.0;772;17;739;17;33;18
TE209;10.01.2024;16;1.0;1052;33;1034;33;18;26
TE209;10.01.2024;17;1.0;938;30;904;31;34;26
TE209;10.01.2024;18;1.0;814;44;807;44;7;45
TE209;10.01.2024;19;1.0;603;45;585;45;18;43
TE209;10.01.2024;20;1.0;397;47;383;47;14;48
TE209;10.01.2024;21;1.0;305;50;294;50;11;51
TE209;10.01.2024;22;1.0;215;49;211;49;4;49
TE209;10.01.2024;23;1.0;120;51;113;51;7;53
TE209;11.01.2024;0;1.0;69;44;58;43;12;40
TE209;11.01.2024;1;1.0;47;54;43;55;4;58
TE209;11.01.2024;2;1.0;33;58;29;57;4;64
TE209;11.01.2024;3;1.0;34;57;29;56;5;59
TE209;11.01.2024;4;1.0;62;55;57;55;5;53
TE209;11.01.2024;5;1.0;196;58;189;58;7;59
TE209;11.01.2024;6;1.0;449;53;442;53;7;55
TE209;11.01.2024;7;1.0;876;37;861;36;15;50
TE209;11.01.2024;8;1.0;1002;15;973;16;29;13
TE209;11.01.2024;9;1.0;969;35;952;35;17;33
TE209;11.01.2024;10;1.0;869;43;840;44;29;43
TE209;11.01.2024;11;1.0;812;44;784;44;28;42
TE209;11.01.2024;12;1.0;794;46;774;46;20;47
TE209;11.01.2024;13;1.0;922;42;906;42;16;42
TE209;11.01.2024;14;1.0;984;37;964;37;20;42
TE209;11.01.2024;15;1.0;735;17;708;17;27;14
TE209;11.01.2024;16;1.0;644;9;619;9;25;8
TE209;11.01.2024;17;1.0;707;10;673;10;34;9
TE209;11.01.2024;18;1.0;751;46;742;46;9;47
TE209;11.01.2024;19;1.0;550;47;543;47;7;48
TE209;11.01.2024;20;1.0;346;51;339;51;7;51
TE209;11.01.2024;21;1.0;341;52;333;52;8;53
TE209;11.01.2024;22;1.0;259;52;252;52;7;47
TE209;11.01.2024;23;1.0;158;50;155;50;3;53
TE209;12.01.2024;0;1.0;86;52;79;52;7;52
TE209;12.01.2024;1;1.0;63;50;62;50;1;51
TE209;12.01.2024;2;1.0;36;49;35;49;1;45
TE209;12.01.2024;3;1.0;51;49;46;49;5;49
TE209;12.01.2024;4;1.0;85;52;84;52;1;43
TE209;12.01.2024;5;1.0;203;54;199;54;4;53
TE209;12.01.2024;6;1.0;447;48;441;48;6;47
TE209;12.01.2024;7;1.0;946;42;934;42;12;43
TE209;12.01.2024;8;1.0;977;34;956;34;21;31
TE209;12.01.2024;9;1.0;859;44;844;44;15;43
TE209;12.01.2024;10;1.0;726;45;715;45;11;46
TE209;12.01.2024;11;1.0;814;45;804;45;10;45
TE209;12.01.2024;12;1.0;877;43;865;43;12;40
TE209;12.01.2024;13;1.0;915;42;902;42;13;46
TE209;12.01.2024;14;1.0;1013;37;995;37;18;35
TE209;12.01.2024;15;1.0;825;14;785;14;40;16
TE209;12.01.2024;16;1.0;908;29;888;29;20;22
TE209;12.01.2024;17;1.0;910;41;904;41;6;10
TE209;12.01.2024;18;1.0;772;48;765;48;7;31
TE209;12.01.2024;19;1.0;511;49;499;49;12;43
TE209;12.01.2024;20;1.0;381;50;374;50;7;50
TE209;12.01.2024;21;1.0;253;50;250;50;3;50
TE209;12.01.2024;22;1.0;242;50;236;50;6;50
TE209;12.01.2024;23;1.0;162;50;158;50;4;49
TE209;13.01.2024;0;1.0;143;53;137;53;6;48
TE209;13.01.2024;1;1.0;75;52;71;52;4;51
TE209;13.01.2024;2;1.0;49;51;45;51;4;55
TE209;13.01.2024;3;1.0;39;52;33;53;6;52
TE209;13.01.2024;4;1.0;39;50;35;50;4;58
TE209;13.01.2024;5;1.0;82;51;79;51;3;54
TE209;13.01.2024;6;1.0;100;50;95;50;5;52
TE209;13.01.2024;7;1.0;137;50;134;51;3;49
TE209;13.01.2024;8;1.0;267;50;264;50;3;53
TE209;13.01.2024;9;1.0;459;51;458;51;1;53
TE209;13.01.2024;10;1.0;656;50;646;50;10;50
TE209;13.01.2024;11;1.0;816;49;810;49;6;48
TE209;13.01.2024;12;1.0;866;48;861;48;5;46
TE209;13.01.2024;13;1.0;937;46;928;46;9;45
TE209;13.01.2024;14;1.0;840;49;837;49;3;45
TE209;13.01.2024;15;1.0;751;50;747;50;4;49
TE209;13.01.2024;16;1.0;674;49;672;49;2;50
TE209;13.01.2024;17;1.0;646;49;639;49;7;50
TE209;13.01.2024;18;1.0;570;48;563;48;7;49
TE209;13.01.2024;19;1.0;454;50;451;50;3;48
TE209;13.01.2024;20;1.0;360;50;350;50;10;50
TE209;13.01.2024;21;1.0;252;50;246;50;6;50
TE209;13.01.2024;22;1.0;260;51;252;51;8;51
TE209;13.01.2024;23;1.0;200;51;199;51;1;51
TE209;14.01.2024;0;1.0;158;52;151;52;7;52
TE209;14.01.2024;1;1.0;80;51;77;51;3;51
TE209;14.01.2024;2;1.0;54;53;53;53;1;55
TE209;14.01.2024;3;1.0;45;53;44;53;1;52
TE209;14.01.2024;4;1.0;30;51;28;51;2;54
TE209;14.01.2024;5;1.0;54;53;50;53;4;52
TE209;14.01.2024;6;1.0;74;52;71;52;3;49
TE209;14.01.2024;7;1.0;74;50;68;51;6;46
TE209;14.01.2024;8;1.0;124;51;121;51;3;51
TE209;14.01.2024;9;1.0;272;51;269;51;3;53
TE209;14.01.2024;10;1.0;403;52;399;52;4;54
TE209;14.01.2024;11;1.0;488;52;482;52;6;53
TE209;14.01.2024;12;1.0;578;53;570;53;8;54
TE209;14.01.2024;13;1.0;712;51;703;51;9;52
TE209;14.01.2024;14;1.0;746;49;738;49;8;52
TE209;14.01.2024;15;1.0;741;50;733;50;8;49
TE209;14.01.2024;16;1.0;752;49;744;49;8;49
TE209;14.01.2024;17;1.0;662;50;655;50;7;51
TE209;14.01.2024;18;1.0;572;51;563;51;9;52
TE209;14.01.2024;19;1.0;438;51;430;51;8;51
TE209;14.01.2024;20;1.0;288;54;274;54;14;51
TE209;14.01.2024;21;1.0;208;53;206;53;2;50
TE209;14.01.2024;22;1.0;190;53;185;53;5;52
TE209;14.01.2024;23;1.0;106;54;100;53;6;55
TE209;15.01.2024;0;1.0;83;53;79;53;4;52
TE209;15.01.2024;1;1.0;32;55;31;55;1;50
TE209;15.01.2024;5;1.0;125;57;119;57;6;53
TE209;15.01.2024;6;1.0;317;26;303;26;14;27
TE209;15.01.2024;7;1.0;342;11;334;11;8;30
TE209;15.01.2024;8;1.0;829;32;814;32;15;29
TE209;15.01.2024;9;1.0;843;45;827;45;16;39
TE209;15.01.2024;10;1.0;743;45;723;45;20;45
TE209;15.01.2024;11;1.0;761;47;739;47;22;46
TE209;15.01.2024;12;1.0;744;47;726;47;18;46
TE209;15.01.2024;13;1.0;804;44;786;44;18;45
TE209;15.01.2024;14;1.0;873;43;850;43;23;44
TE209;15.01.2024;15;1.0;925;43;909;43;16;44
TE209;15.01.2024;16;1.0;844;44;836;44;8;48
TE209;15.01.2024;17;1.0;860;44;852;43;8;44
TE209;15.01.2024;18;1.0;711;48;700;48;11;51
TE209;15.01.2024;19;1.0;441;52;435;52;6;52
TE209;15.01.2024;20;1.0;318;51;307;52;11;50
TE209;15.01.2024;21;1.0;226;52;211;52;15;51
TE209;15.01.2024;22;1.0;182;52;174;52;8;49
TE209;15.01.2024;23;1.0;85;55;78;56;7;50
TE209;16.01.2024;0;1.0;62;53;53;54;9;49
TE209;16.01.2024;1;1.0;40;58;38;58;2;52
TE209;16.01.2024;2;1.0;18;46;15;48;3;39
TE209;16.01.2024;3;1.0;31;47;28;47;3;43
TE209;16.01.2024;4;1.0;50;42;44;43;6;37
TE209;16.01.2024;5;1.0;155;45;150;45;5;38
TE209;16.01.2024;6;1.0;451;40;434;40;17;39
TE209;16.01.2024;7;1.0;799;33;790;33;9;33
TE209;16.01.2024;8;1.0;712;10;680;10;32;10
TE209;16.01.2024;9;1.0;636;10;606;10;30;11
TE209;16.01.2024;10;1.0;701;44;689;44;12;41
TE209;16.01.2024;11;1.0;758;43;736;43;22;44
TE209;16.01.2024;12;1.0;725;46;705;46;20;47
TE209;16.01.2024;13;1.0;752;46;733;46;19;45
TE209;16.01.2024;14;1.0;883;43;867;43;16;44
TE209;16.01.2024;15;1.0;958;40;938;40;20;40
TE209;16.01.2024;16;1.0;918;40;906;40;12;38
TE209;16.01.2024;17;1.0;892;38;878;38;14;31
TE209;16.01.2024;18;1.0;804;45;793;45;11;42
TE209;16.01.2024;19;1.0;451;50;435;50;16;52
TE209;16.01.2024;20;1.0;344;53;333;53;11;54
TE209;16.01.2024;21;1.0;268;54;261;54;7;51
TE209;16.01.2024;22;1.0;170;54;161;54;9;56
TE209;16.01.2024;23;1.0;101;50;93;50;8;50
TE209;17.01.2024;0;1.0;80;50;70;50;10;51
TE209;17.01.2024;1;1.0;32;52;29;52;3;51
TE209;17.01.2024;2;1.0;31;55;27;54;4;60
TE209;17.01.2024;3;1.0;43;51;35;51;8;54
TE209;17.01.2024;4;1.0;61;51;54;51;7;53
TE209;17.01.2024;5;1.0;183;51;172;51;11;50
TE209;17.01.2024;6;1.0;440;46;418;46;22;45
TE209;17.01.2024;7;1.0;885;38;864;38;21;41
TE209;17.01.2024;8;1.0;733;23;708;23;25;23
TE209;17.01.2024;9;1.0;984;40;953;40;31;41
TE209;17.01.2024;10;1.0;879;42;838;42;41;42
TE209;17.01.2024;11;1.0;847;42;806;42;41;42
TE209;17.01.2024;12;1.0;843;41;809;41;34;41
TE209;17.01.2024;13;1.0;847;40;818;40;29;40
TE209;17.01.2024;14;1.0;900;43;870;43;30;43
TE209;17.01.2024;15;1.0;985;44;967;44;18;44
TE209;17.01.2024;16;1.0;934;45;920;45;14;45
TE209;17.01.2024;17;1.0;875;44;863;44;12;45
TE209;17.01.2024;18;1.0;711;49;701;49;10;51
TE209;17.01.2024;19;1.0;523;49;520;49;3;48
TE209;17.01.2024;20;1.0;313;50;303;50;10;46
TE209;17.01.2024;21;1.0;287;49;281;49;6;48
TE209;17.01.2024;22;1.0;209;53;204;53;5;53
TE209;17.01.2024;23;1.0;91;55;87;55;4;58
TE209;18.01.2024;0;1.0;75;56;67;56;8;64
TE209;18.01.2024;1;1.0;32;55;30;56;2;50
TE209;18.01.2024;2;1.0;45;58;42;58;3;54
TE209;18.01.2024;3;1.0;42;56;37;57;5;48
TE209;18.01.2024;4;1.0;61;55;57;55;4;56
TE209;18.01.2024;5;1.0;195;54;190;54;5;52
TE209;18.01.2024;6;1.0;412;52;400;52;12;54
TE209;18.01.2024;7;1.0;878;42;858;42;20;46
TE209;18.01.2024;8;1.0;1019;42;993;42;26;44
TE209;18.01.2024;9;1.0;876;45;854;45;22;46
TE209;18.01.2024;10;1.0;778;44;759;44;19;44
TE209;18.01.2024;11;1.0;791;45;766;44;25;46
TE209;18.01.2024;12;1.0;739;45;721;45;18;45
TE209;18.01.2024;13;1.0;772;42;742;42;30;43
TE209;18.01.2024;14;1.0;926;38;893;38;33;37
TE209;18.01.2024;15;1.0;961;35;928;35;33;37
TE209;18.01.2024;16;1.0;916;26;888;26;28;20
TE209;18.01.2024;17;1.0;891;41;880;41;11;40
TE209;18.01.2024;18;1.0;799;44;790;44;9;44
TE209;18.01.2024;19;1.0;516;46;502;46;14;46
TE209;18.01.2024;21;1.0;284;48;275;47;9;48
TE209;18.01.2024;22;1.0;223;49;219;49;4;47
TE209;18.01.2024;23;1.0;120;48;113;48;7;48
TE209;19.01.2024;0;1.0;82;47;76;47;6;48
TE209;19.01.2024;1;1.0;56;49;54;49;2;48
TE209;19.01.2024;2;1.0;30;50;29;51;1;45
TE209;19.01.2024;3;1.0;27;53;26;54;1;45
TE209;19.01.2024;4;1.0;65;49;54;49;11;49
TE209;19.01.2024;5;1.0;205;50;185;50;20;49
TE209;19.01.2024;6;1.0;415;46;404;46;11;47
TE209;19.01.2024;7;1.0;837;40;809;40;28;41
TE209;19.01.2024;8;1.0;939;40;916;40;23;40
TE209;19.01.2024;9;1.0;941;39;924;39;17;42
TE209;19.01.2024;10;1.0;931;40;902;40;29;41
TE209;19.01.2024;11;1.0;854;38;835;38;19;37
TE209;19.01.2024;12;1.0;882;38;849;38;33;38
TE209;19.01.2024;13;1.0;909;37;893;37;16;38
TE209;19.01.2024;14;1.0;971;34;949;33;22;35
TE209;19.01.2024;15;1.0;522;15;506;15;16;22
TE209;19.01.2024;16;1.0;911;36;895;36;16;22
TE209;19.01.2024;17;1.0;884;43;874;43;10;43
TE209;19.01.2024;18;1.0;759;46;749;46;10;47
TE209;19.01.2024;19;1.0;531;45;518;45;13;45
TE209;19.01.2024;20;1.0;379;46;367;46;12;48
TE209;19.01.2024;21;1.0;275;47;264;47;11;47
TE209;19.01.2024;22;1.0;213;49;207;49;6;45
TE209;19.01.2024;23;1.0;177;48;166;48;11;49
TE209;20.01.2024;0;1.0;121;50;114;50;7;51
TE209;20.01.2024;1;1.0;78;50;71;50;7;52
TE209;20.01.2024;2;1.0;46;52;44;52;2;52
TE209;20.01.2024;3;1.0;39;52;33;52;6;50
TE209;20.01.2024;4;1.0;41;51;36;52;5;49
TE209;20.01.2024;5;1.0;91;53;82;54;9;48
TE209;20.01.2024;6;1.0;94;51;81;51;13;50
TE209;20.01.2024;7;1.0;159;50;150;50;9;49
TE209;20.01.2024;8;1.0;313;50;302;50;11;50
TE209;20.01.2024;9;1.0;482;49;466;49;16;51
TE209;20.01.2024;10;1.0;701;48;689;48;12;50
TE209;20.01.2024;11;1.0;831;47;818;47;13;48
TE209;20.01.2024;12;1.0;860;44;849;44;11;42
TE209;20.01.2024;13;1.0;934;42;924;42;10;42
TE209;20.01.2024;14;1.0;940;44;923;44;17;44
TE209;20.01.2024;15;1.0;825;46;811;46;14;48
TE209;20.01.2024;16;1.0;784;47;775;47;9;47
TE209;20.01.2024;17;1.0;702;44;691;44;11;44
TE209;20.01.2024;18;1.0;653;45;642;45;11;46
TE209;20.01.2024;19;1.0;460;46;448;46;12;47
TE209;20.01.2024;20;1.0;335;47;322;47;13;47
TE209;20.01.2024;21;1.0;248;49;240;49;8;51
TE209;20.01.2024;22;1.0;221;49;214;49;7;50
TE209;20.01.2024;23;1.0;207;49;201;49;6;52
TE209;21.01.2024;0;1.0;137;49;134;49;3;51
TE209;21.01.2024;1;1.0;105;50;103;49;2;50
TE209;21.01.2024;2;1.0;66;54;64;54;2;56
TE209;21.01.2024;3;1.0;42;55;40;55;2;58
TE209;21.01.2024;4;1.0;33;53;32;53;1;54
TE209;21.01.2024;5;1.0;56;55;55;55;1;54
TE209;21.01.2024;6;1.0;64;55;59;56;5;55
TE209;21.01.2024;7;1.0;75;52;70;53;5;49
TE209;21.01.2024;8;1.0;136;55;129;55;7;55
TE209;21.01.2024;9;1.0;304;53;299;53;5;52
TE209;21.01.2024;10;1.0;414;50;405;50;9;51
TE209;21.01.2024;11;1.0;459;51;447;51;12;48
TE209;21.01.2024;12;1.0;604;47;594;47;10;47
TE209;21.01.2024;13;1.0;613;47;599;47;14;48
TE209;21.01.2024;14;1.0;771;47;765;47;6;48
TE209;21.01.2024;15;1.0;775;47;760;47;15;48
TE209;21.01.2024;16;1.0;720;47;708;47;12;47
TE209;21.01.2024;17;1.0;750;46;738;46;12;46
TE209;21.01.2024;18;1.0;571;47;564;47;7;48
TE209;21.01.2024;19;1.0;429;48;421;48;8;49
TE209;21.01.2024;20;1.0;304;49;294;49;10;49
TE209;21.01.2024;21;1.0;214;49;211;49;3;51
TE209;21.01.2024;22;1.0;155;50;147;50;8;47
TE209;21.01.2024;23;1.0;107;51;102;51;5;51
TE209;22.01.2024;0;1.0;54;52;50;52;4;50
TE209;22.01.2024;1;1.0;38;52;35;52;3;49
TE209;22.01.2024;2;1.0;26;52;23;52;3;46
TE209;22.01.2024;3;1.0;23;51;15;52;8;49
TE209;22.01.2024;5;1.0;205;53;189;53;16;54
TE209;22.01.2024;6;1.0;456;47;434;47;22;48
TE209;22.01.2024;7;1.0;925;39;863;39;62;40
TE209;22.01.2024;8;1.0;1147;38;1095;38;52;38
TE209;22.01.2024;9;1.0;868;29;817;29;51;27
TE209;22.01.2024;10;1.0;798;42;765;42;33;42
TE209;22.01.2024;11;1.0;811;42;776;42;35;42
TE209;22.01.2024;12;1.0;749;44;721;44;28;43
TE209;22.01.2024;13;1.0;819;41;780;40;39;40
TE209;22.01.2024;14;1.0;971;41;934;40;37;40
TE209;22.01.2024;15;1.0;971;40;943;40;28;39
TE209;22.01.2024;16;1.0;1017;38;997;39;20;36
TE209;22.01.2024;17;1.0;1015;39;989;39;26;40
TE209;22.01.2024;18;1.0;840;44;821;44;19;44
TE209;22.01.2024;19;1.0;522;46;509;46;13;44
TE209;22.01.2024;20;1.0;303;48;288;48;15;47
TE209;22.01.2024;21;1.0;208;50;199;50;9;50
TE209;22.01.2024;22;1.0;164;48;160;48;4;47
TE209;22.01.2024;23;1.0;80;49;74;49;6;46
TE209;23.01.2024;0;1.0;79;50;69;49;10;54
TE209;23.01.2024;1;1.0;28;50;26;50;2;48
TE209;23.01.2024;2;1.0;26;49;25;49;1;46
TE209;23.01.2024;3;1.0;23;53;20;54;3;47
TE209;23.01.2024;4;1.0;62;51;52;51;10;50
TE209;23.01.2024;5;1.0;179;49;170;49;9;46
TE209;23.01.2024;6;1.0;478;46;466;46;12;48
TE209;23.01.2024;7;1.0;977;39;953;39;24;42
TE209;23.01.2024;8;1.0;977;35;933;36;44;32
TE209;23.01.2024;9;1.0;930;28;864;27;66;27
TE209;23.01.2024;10;1.0;853;43;805;43;48;42
TE209;23.01.2024;11;1.0;864;42;832;42;32;42
TE209;23.01.2024;12;1.0;847;41;814;41;33;40
TE209;23.01.2024;13;1.0;891;42;851;42;40;41
TE209;23.01.2024;14;1.0;1007;38;969;39;38;36
TE209;23.01.2024;15;1.0;944;32;908;32;36;34
TE209;23.01.2024;16;1.0;979;35;955;35;24;39
TE209;23.01.2024;17;1.0;955;33;920;34;35;28
TE209;23.01.2024;18;1.0;837;42;825;42;12;38
TE209;23.01.2024;19;1.0;534;45;518;45;16;44
TE209;23.01.2024;20;1.0;329;47;311;47;18;46
TE209;23.01.2024;21;1.0;251;48;244;48;7;48
TE209;23.01.2024;22;1.0;165;50;157;50;8;49
TE209;23.01.2024;23;1.0;91;52;85;53;6;50
TE209;24.01.2024;0;1.0;54;50;53;50;1;51
TE209;24.01.2024;1;1.0;33;51;29;50;4;51
TE209;24.01.2024;2;1.0;20;52;19;52;1;39
TE209;24.01.2024;3;1.0;32;53;24;52;8;55
TE209;24.01.2024;4;1.0;61;52;50;51;11;54
TE209;24.01.2024;5;1.0;212;52;195;52;17;53
TE209;24.01.2024;6;1.0;517;47;482;47;35;48
TE209;24.01.2024;7;1.0;857;30;814;30;43;32
TE209;24.01.2024;8;1.0;991;16;953;15;38;16
TE209;24.01.2024;9;1.0;903;29;868;29;35;29
TE209;24.01.2024;10;1.0;861;40;841;40;20;34
TE209;24.01.2024;11;1.0;843;42;801;41;42;43
TE209;24.01.2024;12;1.0;860;40;822;40;38;41
TE209;24.01.2024;13;1.0;872;41;847;41;25;37
TE209;24.01.2024;14;1.0;801;28;753;28;48;27
TE209;24.01.2024;15;1.0;887;22;843;23;44;16
TE209;24.01.2024;16;1.0;797;27;762;27;35;17
TE209;24.01.2024;17;1.0;879;25;841;25;38;23
TE209;24.01.2024;18;1.0;855;43;840;43;15;32
TE209;24.01.2024;19;1.0;611;45;602;45;9;44
TE209;24.01.2024;20;1.0;377;47;365;47;12;46
TE209;24.01.2024;21;1.0;322;48;313;48;9;47
TE209;24.01.2024;22;1.0;248;48;242;48;6;50
TE209;24.01.2024;23;1.0;117;49;110;50;7;46
TE209;25.01.2024;0;1.0;93;52;76;52;17;52
TE209;25.01.2024;1;1.0;42;52;38;52;4;53
TE209;25.01.2024;2;1.0;21;56;18;56;3;55
TE209;25.01.2024;3;1.0;31;55;24;54;7;57
TE209;25.01.2024;4;1.0;64;54;52;53;12;59
TE209;25.01.2024;5;1.0;204;53;193;53;11;55
TE209;25.01.2024;6;1.0;484;46;465;46;19;45
TE209;25.01.2024;7;1.0;978;36;922;36;56;37
TE209;25.01.2024;8;1.0;975;24;945;24;30;25
TE209;25.01.2024;9;1.0;798;25;757;25;41;20
TE209;25.01.2024;10;1.0;904;43;880;42;24;40
TE209;25.01.2024;11;1.0;892;40;856;40;36;40
TE209;25.01.2024;12;1.0;929;42;903;42;26;42
TE209;25.01.2024;13;1.0;945;38;893;38;52;38
TE209;25.01.2024;14;1.0;964;28;938;28;26;27
TE209;25.01.2024;15;1.0;698;14;659;14;38;15
TE209;25.01.2024;16;1.0;823;20;798;21;25;18
TE209;25.01.2024;17;1.0;974;32;948;32;26;24
TE209;25.01.2024;18;1.0;876;35;854;35;22;34
TE209;25.01.2024;19;1.0;673;49;664;49;9;45
TE209;25.01.2024;20;1.0;447;50;441;50;6;50
TE209;25.01.2024;21;1.0;324;49;318;49;6;49
TE209;25.01.2024;22;1.0;244;48;240;48;4;46
TE209;25.01.2024;23;1.0;131;48;123;48;8;46
TE209;26.01.2024;0;1.0;94;48;89;48;5;45
TE209;26.01.2024;1;1.0;49;49;46;48;3;60
TE209;26.01.2024;2;1.0;30;48;29;48;1;50
TE209;26.01.2024;3;1.0;41;54;38;54;3;63
TE209;26.01.2024;4;1.0;64;51;54;50;10;53
TE209;26.01.2024;5;1.0;184;50;171;50;13;51
TE209;26.01.2024;6;1.0;450;46;429;46;21;46
TE209;26.01.2024;7;1.0;936;34;901;33;35;35
TE209;26.01.2024;8;1.0;976;36;945;36;31;34
TE209;26.01.2024;9;1.0;923;45;909;45;14;47
TE209;26.01.2024;10;1.0;845;45;822;45;23;45
TE209;26.01.2024;11;1.0;965;43;932;43;33;44
TE209;26.01.2024;12;1.0;921;39;898;38;22;37
TE209;26.01.2024;13;1.0;1016;33;970;34;46;31
TE209;26.01.2024;14;1.0;862;26;835;26;27;17
TE209;26.01.2024;15;1.0;835;21;786;22;49;15
TE209;26.01.2024;16;1.0;950;39;941;39;9;41
TE209;26.01.2024;17;1.0;936;39;925;39;11;38
TE209;26.01.2024;18;1.0;915;45;902;45;13;46
TE209;26.01.2024;19;1.0;615;46;602;46;13;49
TE209;26.01.2024;20;1.0;419;46;406;46;13;49
TE209;26.01.2024;21;1.0;334;47;325;47;9;48
TE209;26.01.2024;22;1.0;261;47;255;47;6;46
TE209;26.01.2024;23;1.0;183;48;173;48;10;49
TE209;27.01.2024;0;1.0;149;50;146;50;3;47
TE209;27.01.2024;1;1.0;90;53;86;53;4;52
TE209;27.01.2024;2;1.0;77;51;75;51;2;51
TE209;27.01.2024;3;1.0;43;52;38;52;5;49
TE209;27.01.2024;4;1.0;44;52;40;52;4;51
TE209;27.01.2024;5;1.0;83;50;80;50;3;52
TE209;27.01.2024;6;1.0;107;51;98;50;9;57
TE209;27.01.2024;7;1.0;169;49;165;49;4;49
TE209;27.01.2024;8;1.0;290;49;283;49;7;52
TE209;27.01.2024;9;1.0;528;47;520;47;8;48
TE209;27.01.2024;10;1.0;721;48;710;48;11;47
TE209;27.01.2024;11;1.0;832;47;816;47;16;45
TE209;27.01.2024;12;1.0;875;49;859;49;16;47
TE209;27.01.2024;13;1.0;935;46;920;46;15;45
TE209;27.01.2024;14;1.0;969;42;947;42;22;41
TE209;27.01.2024;15;1.0;888;44;875;44;13;42
TE209;27.01.2024;16;1.0;816;44;804;44;12;42
TE209;27.01.2024;17;1.0;829;42;817;42;12;43
TE209;27.01.2024;18;1.0;764;42;752;42;12;45
TE209;27.01.2024;19;1.0;557;44;548;44;9;46
TE209;27.01.2024;20;1.0;393;45;380;45;13;44
TE209;27.01.2024;21;1.0;319;46;311;46;8;44
TE209;27.01.2024;22;1.0;268;46;262;46;6;47
TE209;27.01.2024;23;1.0;200;49;193;49;7;50
TE209;28.01.2024;0;1.0;146;48;142;48;4;48
TE209;28.01.2024;1;1.0;101;50;98;50;3;47
TE209;28.01.2024;2;1.0;74;48;70;48;4;44
TE209;28.01.2024;3;1.0;47;49;45;49;2;49
TE209;28.01.2024;4;1.0;39;51;35;50;4;52
TE209;28.01.2024;5;1.0;64;51;62;51;2;52
TE209;28.01.2024;6;1.0;80;48;79;48;1;49
TE209;28.01.2024;7;1.0;68;48;64;48;4;48
TE209;28.01.2024;8;1.0;160;48;157;47;3;46
TE209;28.01.2024;9;1.0;330;47;326;47;4;48
TE209;28.01.2024;10;1.0;462;46;453;46;9;45
TE209;28.01.2024;11;1.0;464;46;456;46;8;46
TE209;28.01.2024;12;1.0;689;44;676;44;13;44
TE209;28.01.2024;13;1.0;817;43;805;43;12;44
TE209;28.01.2024;14;1.0;1020;37;988;37;32;38
TE209;28.01.2024;15;1.0;1044;39;1024;39;20;37
TE209;28.01.2024;16;1.0;1013;28;983;28;30;26
TE209;28.01.2024;17;1.0;1057;38;1041;38;16;38
TE209;28.01.2024;18;1.0;743;45;735;45;8;45
TE209;28.01.2024;19;1.0;504;44;492;44;12;45
TE209;28.01.2024;20;1.0;337;46;326;46;11;46
TE209;28.01.2024;21;1.0;253;48;245;48;8;47
TE209;28.01.2024;22;1.0;177;48;172;48;5;46
TE209;28.01.2024;23;1.0;107;48;100;48;7;47
TE209;29.01.2024;0;1.0;77;52;73;52;4;51
TE209;29.01.2024;1;1.0;35;50;34;50;1;45
TE209;29.01.2024;2;1.0;20;45;18;44;2;48
TE209;29.01.2024;3;1.0;29;52;24;52;5;50
TE209;29.01.2024;4;1.0;61;49;54;48;7;52
TE209;29.01.2024;5;1.0;193;49;188;49;5;52
TE209;29.01.2024;6;1.0;508;44;492;44;16;44
TE209;29.01.2024;7;1.0;904;33;866;33;38;32
TE209;29.01.2024;8;1.0;1057;22;1026;22;31;24
TE209;29.01.2024;9;1.0;884;31;855;31;29;29
TE209;29.01.2024;10;1.0;817;41;779;41;38;40
TE209;29.01.2024;11;1.0;856;38;823;38;33;38
TE209;29.01.2024;12;1.0;813;40;784;40;29;38
TE209;29.01.2024;13;1.0;878;41;863;41;15;42
TE209;29.01.2024;14;1.0;944;41;916;41;28;40
TE209;29.01.2024;15;1.0;1019;38;980;38;39;37
TE209;29.01.2024;16;1.0;956;39;938;39;18;39
TE209;29.01.2024;17;1.0;919;33;894;33;25;32
TE209;29.01.2024;18;1.0;745;41;735;41;10;42
TE209;29.01.2024;19;1.0;484;44;471;44;13;44
TE209;29.01.2024;20;1.0;330;38;316;38;14;39
TE209;29.01.2024;21;1.0;243;46;231;46;12;45
TE209;29.01.2024;22;1.0;165;47;157;47;8;47
TE209;29.01.2024;23;1.0;94;49;85;49;9;48
TE209;30.01.2024;0;1.0;53;50;45;49;8;55
TE209;30.01.2024;1;1.0;30;53;26;53;4;54
TE209;30.01.2024;2;1.0;24;52;20;52;4;56
TE209;30.01.2024;3;1.0;27;51;23;53;4;40
TE209;30.01.2024;4;1.0;60;50;52;50;8;49
TE209;30.01.2024;5;1.0;162;52;156;52;6;55
TE209;30.01.2024;6;1.0;444;45;428;45;16;46
TE209;30.01.2024;7;1.0;946;40;919;39;27;41
TE209;30.01.2024;8;1.0;1094;42;1069;42;25;43
TE209;30.01.2024;9;1.0;934;40;898;40;36;41
TE209;30.01.2024;10;1.0;822;41;796;41;26;42
TE209;30.01.2024;11;1.0;813;41;789;41;24;39
TE209;30.01.2024;12;1.0;831;42;811;42;20;40
TE209;30.01.2024;13;1.0;883;38;856;38;27;38
TE209;30.01.2024;14;1.0;970;37;934;37;36;28
TE209;30.01.2024;15;1.0;990;36;958;36;32;33
TE209;30.01.2024;16;1.0;970;32;932;32;38;28
TE209;30.01.2024;17;1.0;941;40;929;40;12;39
TE209;30.01.2024;18;1.0;791;44;777;44;14;43
TE209;30.01.2024;19;1.0;540;47;524;47;16;48
TE209;30.01.2024;20;1.0;372;49;358;49;14;50
TE209;30.01.2024;21;1.0;280;49;269;49;11;49
TE209;30.01.2024;22;1.0;201;50;190;50;11;50
TE209;30.01.2024;23;1.0;98;50;90;50;8;51
TE209;31.01.2024;0;1.0;65;50;55;50;10;51
TE209;31.01.2024;1;1.0;25;50;21;51;4;43
TE209;31.01.2024;2;1.0;27;54;22;54;5;54
TE209;31.01.2024;3;1.0;39;51;28;49;11;56
TE209;31.01.2024;4;1.0;57;53;50;52;7;65
TE209;31.01.2024;5;1.0;165;51;150;52;15;52
TE209;31.01.2024;6;1.0;488;47;461;47;27;47
TE209;31.01.2024;7;1.0;919;38;878;38;41;33
TE209;31.01.2024;8;1.0;1080;38;1033;37;47;38
TE209;31.01.2024;9;1.0;887;43;850;43;37;43
TE209;31.01.2024;10;1.0;788;45;761;45;27;46
TE209;31.01.2024;11;1.0;784;46;759;46;25;45
TE209;31.01.2024;12;1.0;750;36;691;35;59;40
TE209;31.01.2024;13;1.0;838;42;796;42;42;43
TE209;31.01.2024;14;1.0;998;40;972;40;26;43
TE209;31.01.2024;15;1.0;733;22;693;22;40;21
TE209;31.01.2024;16;1.0;983;40;967;40;16;41
TE209;31.01.2024;17;1.0;961;44;947;43;14;43
TE209;31.01.2024;18;1.0;817;48;809;48;8;45
TE209;31.01.2024;19;1.0;516;51;508;51;8;52
TE209;31.01.2024;20;1.0;358;52;348;52;10;52
TE209;31.01.2024;21;1.0;299;51;293;51;6;53
TE209;31.01.2024;22;1.0;205;51;201;51;4;52
TE209;31.01.2024;23;1.0;144;52;139;52;5;53
TE211;01.01.2024;0;1.0;17;35;17;35;0;-1
TE211;01.01.2024;1;1.0;47;33;47;33;0;-1
TE211;01.01.2024;2;1.0;47;38;47;38;0;-1
TE211;01.01.2024;3;1.0;28;34;28;34;0;-1
TE211;01.01.2024;4;1.0;13;36;13;36;0;-1
TE211;01.01.2024;5;1.0;8;35;8;35;0;-1
TE211;01.01.2024;6;1.0;8;36;8;36;0;-1
TE211;01.01.2024;7;1.0;9;38;9;38;0;-1
TE211;01.01.2024;8;1.0;11;37;11;37;0;-1
TE211;01.01.2024;9;1.0;32;35;32;35;0;-1
TE211;01.01.2024;10;1.0;60;42;60;42;0;-1
TE211;01.01.2024;11;1.0;103;35;103;35;0;-1
TE211;01.01.2024;12;1.0;155;37;155;37;0;-1
TE211;01.01.2024;14;1.0;255;32;255;32;0;-1
TE211;01.01.2024;15;1.0;263;36;263;36;0;-1
TE211;01.01.2024;17;1.0;144;33;144;33;0;-1
TE211;01.01.2024;18;1.0;96;39;96;39;0;-1
TE211;01.01.2024;19;1.0;81;33;81;33;0;-1
TE211;01.01.2024;20;1.0;39;46;39;46;0;-1
TE211;01.01.2024;21;1.0;32;37;32;37;0;-1
TE211;01.01.2024;22;1.0;30;34;30;34;0;-1
TE211;01.01.2024;23;1.0;14;40;14;40;0;-1
TE211;02.01.2024;0;1.0;7;36;7;36;0;-1
TE211;02.01.2024;1;1.0;4;40;4;40;0;-1
TE211;02.01.2024;2;1.0;3;48;3;48;0;-1
TE211;02.01.2024;3;1.0;1;40;1;40;0;-1
TE211;02.01.2024;4;1.0;4;39;4;39;0;-1
TE211;02.01.2024;5;1.0;25;44;25;44;0;-1
TE211;02.01.2024;6;1.0;62;42;62;42;0;-1
TE211;02.01.2024;7;1.0;165;43;165;43;0;-1
TE211;02.01.2024;8;1.0;243;43;243;43;0;-1
TE211;02.01.2024;9;1.0;220;39;217;39;2;48
TE211;02.01.2024;10;1.0;190;43;190;43;0;-1
TE211;02.01.2024;11;1.0;178;46;178;46;0;-1
TE211;02.01.2024;12;1.0;193;45;193;45;0;-1
TE211;02.01.2024;13;1.0;198;47;198;47;0;-1
TE211;02.01.2024;14;1.0;209;44;208;44;1;46
TE211;02.01.2024;15;1.0;198;48;198;48;0;-1
TE211;02.01.2024;16;1.0;209;42;209;42;0;-1
TE211;02.01.2024;17;1.0;133;43;133;43;0;-1
TE211;02.01.2024;18;1.0;125;45;125;45;0;-1
TE211;02.01.2024;19;1.0;79;41;79;41;0;-1
TE211;02.01.2024;20;1.0;59;42;59;42;0;-1
TE211;02.01.2024;21;1.0;50;42;50;42;0;-1
TE211;02.01.2024;22;1.0;36;41;36;41;0;-1
TE211;02.01.2024;23;1.0;21;47;21;47;0;-1
TE211;03.01.2024;0;1.0;12;46;12;46;0;-1
TE211;03.01.2024;1;1.0;8;44;8;44;0;-1
TE211;03.01.2024;2;1.0;6;51;5;49;1;64
TE211;03.01.2024;3;1.0;5;51;5;51;0;-1
TE211;03.01.2024;4;1.0;1;43;1;43;0;-1
TE211;03.01.2024;5;1.0;25;45;25;45;0;-1
TE211;03.01.2024;6;1.0;67;49;63;48;4;57
TE211;03.01.2024;7;1.0;186;46;183;46;3;49
TE211;03.01.2024;8;1.0;297;42;291;42;5;46
TE211;03.01.2024;9;1.0;439;45;426;45;13;45
TE211;03.01.2024;10;1.0;264;46;263;46;1;47
TE211;03.01.2024;11;1.0;229;47;216;47;13;47
TE211;03.01.2024;12;1.0;221;46;216;46;5;46
TE211;03.01.2024;13;1.0;232;40;229;40;3;43
TE211;03.01.2024;14;1.0;236;41;235;41;1;42
TE211;03.01.2024;15;1.0;285;41;281;41;3;46
TE211;03.01.2024;16;1.0;299;43;298;43;1;44
TE211;03.01.2024;17;1.0;179;44;177;44;2;44
TE211;03.01.2024;18;1.0;125;42;125;42;0;-1
TE211;03.01.2024;19;1.0;91;45;90;45;1;44
TE211;03.01.2024;20;1.0;52;46;52;46;0;-1
TE211;03.01.2024;21;1.0;44;44;42;44;2;46
TE211;03.01.2024;22;1.0;41;46;41;46;0;-1
TE211;03.01.2024;23;1.0;16;49;16;49;0;-1
TE211;04.01.2024;0;1.0;10;47;10;47;0;-1
TE211;04.01.2024;1;1.0;3;47;3;47;0;-1
TE211;04.01.2024;2;1.0;9;39;8;40;1;33
TE211;04.01.2024;3;1.0;4;50;4;50;0;-1
TE211;04.01.2024;4;1.0;3;46;3;46;0;-1
TE211;04.01.2024;5;1.0;24;45;24;45;0;-1
TE211;04.01.2024;6;1.0;62;42;62;42;0;-1
TE211;04.01.2024;7;1.0;178;43;176;43;2;48
TE211;04.01.2024;8;1.0;373;45;369;45;4;46
TE211;04.01.2024;9;1.0;304;45;299;45;5;47
TE211;04.01.2024;10;1.0;234;44;232;44;2;43
TE211;04.01.2024;11;1.0;219;44;216;43;3;45
TE211;04.01.2024;12;1.0;250;45;248;45;2;46
TE211;04.01.2024;13;1.0;225;43;223;43;2;44
TE211;04.01.2024;14;1.0;230;39;229;39;1;43
TE211;04.01.2024;15;1.0;244;41;243;41;1;44
TE211;04.01.2024;16;1.0;238;42;238;42;0;-1
TE211;04.01.2024;17;1.0;166;44;166;44;0;-1
TE211;04.01.2024;18;1.0;144;44;144;44;0;-1
TE211;04.01.2024;19;1.0;77;46;77;46;0;-1
TE211;04.01.2024;20;1.0;46;45;46;45;0;-1
TE211;04.01.2024;21;1.0;28;44;28;44;0;-1
TE211;04.01.2024;22;1.0;34;43;34;43;0;-1
TE211;04.01.2024;23;1.0;19;49;19;49;0;-1
TE211;05.01.2024;0;1.0;7;48;7;48;0;-1
TE211;05.01.2024;1;1.0;3;48;3;48;0;-1
TE211;05.01.2024;2;1.0;5;35;5;35;0;-1
TE211;05.01.2024;3;1.0;3;48;3;48;0;-1
TE211;05.01.2024;4;1.0;3;44;3;44;0;-1
TE211;05.01.2024;5;1.0;28;44;28;44;0;-1
TE211;05.01.2024;6;1.0;58;47;57;47;1;48
TE211;05.01.2024;7;1.0;144;45;142;45;2;51
TE211;05.01.2024;8;1.0;235;42;235;42;0;-1
TE211;05.01.2024;9;1.0;240;44;239;44;1;46
TE211;05.01.2024;10;1.0;214;44;211;44;3;48
TE211;05.01.2024;11;1.0;221;47;219;47;2;49
TE211;05.01.2024;12;1.0;245;43;244;43;1;45
TE211;05.01.2024;13;1.0;228;44;225;44;3;44
TE211;05.01.2024;14;1.0;246;44;246;44;0;-1
TE211;05.01.2024;15;1.0;337;42;336;42;1;44
TE211;05.01.2024;16;1.0;287;44;285;44;2;42
TE211;05.01.2024;17;1.0;229;48;229;48;0;-1
TE211;05.01.2024;18;1.0;183;47;181;47;2;42
TE211;05.01.2024;19;1.0;92;48;92;48;0;-1
TE211;05.01.2024;20;1.0;49;49;49;49;0;-1
TE211;05.01.2024;21;1.0;35;49;35;49;0;-1
TE211;05.01.2024;22;1.0;34;50;34;50;0;-1
TE211;05.01.2024;23;1.0;22;48;22;48;0;-1
TE211;06.01.2024;0;1.0;24;50;24;50;0;-1
TE211;06.01.2024;1;1.0;10;50;10;50;0;-1
TE211;06.01.2024;2;1.0;15;51;15;51;0;-1
TE211;06.01.2024;3;1.0;3;41;3;41;0;-1
TE211;06.01.2024;4;1.0;4;40;4;40;0;-1
TE211;06.01.2024;5;1.0;9;53;9;53;0;-1
TE211;06.01.2024;6;1.0;17;42;17;42;0;-1
TE211;06.01.2024;7;1.0;19;48;19;48;0;-1
TE211;06.01.2024;8;1.0;62;44;62;44;0;-1
TE211;06.01.2024;9;1.0;110;50;110;50;0;-1
TE211;06.01.2024;10;1.0;196;48;194;48;2;49
TE211;06.01.2024;11;1.0;178;46;176;46;2;45
TE211;06.01.2024;12;1.0;215;46;214;46;1;45
TE211;06.01.2024;13;1.0;247;45;246;45;1;47
TE211;06.01.2024;14;1.0;238;47;238;47;0;-1
TE211;06.01.2024;15;1.0;247;47;246;47;1;46
TE211;06.01.2024;16;1.0;219;47;216;47;3;49
TE211;06.01.2024;17;1.0;141;49;141;49;0;-1
TE211;06.01.2024;18;1.0;124;50;124;50;0;-1
TE211;06.01.2024;19;1.0;83;44;83;44;0;-1
TE211;06.01.2024;20;1.0;67;48;66;48;1;49
TE211;06.01.2024;21;1.0;47;51;47;51;0;-1
TE211;06.01.2024;22;1.0;45;47;45;47;0;-1
TE211;06.01.2024;23;1.0;36;49;36;49;0;-1
TE211;07.01.2024;0;1.0;27;52;27;52;0;-1
TE211;07.01.2024;1;1.0;21;45;21;45;0;-1
TE211;07.01.2024;2;1.0;6;44;5;43;1;48
TE211;07.01.2024;3;1.0;8;45;8;45;0;-1
TE211;07.01.2024;4;1.0;11;43;11;43;0;-1
TE211;07.01.2024;5;1.0;5;45;5;45;0;-1
TE211;07.01.2024;6;1.0;4;48;4;48;0;-1
TE211;07.01.2024;7;1.0;11;51;11;51;0;-1
TE211;07.01.2024;8;1.0;35;49;35;49;0;-1
TE211;07.01.2024;9;1.0;89;49;89;49;0;-1
TE211;07.01.2024;10;1.0;117;47;117;47;0;-1
TE211;07.01.2024;11;1.0;149;43;149;43;0;-1
TE211;07.01.2024;12;1.0;206;39;205;39;1;46
TE211;07.01.2024;13;1.0;256;44;256;44;0;-1
TE211;07.01.2024;14;1.0;279;47;277;46;2;46
TE211;07.01.2024;15;1.0;265;42;265;42;0;-1
TE211;07.01.2024;16;1.0;251;45;251;45;0;-1
TE211;07.01.2024;17;1.0;153;36;153;36;0;-1
TE211;07.01.2024;18;1.0;99;48;98;48;1;46
TE211;07.01.2024;19;1.0;77;49;77;49;0;-1
TE211;07.01.2024;20;1.0;53;51;53;51;0;-1
TE211;07.01.2024;21;1.0;42;47;42;47;0;-1
TE211;07.01.2024;22;1.0;12;53;11;53;1;54
TE211;07.01.2024;23;1.0;13;45;13;45;0;-1
TE211;08.01.2024;0;1.0;8;46;8;46;0;-1
TE211;08.01.2024;1;1.0;3;47;3;47;0;-1
TE211;08.01.2024;2;1.0;5;40;4;39;1;44
TE211;08.01.2024;3;1.0;4;45;4;45;0;-1
TE211;08.01.2024;4;1.0;9;47;9;47;0;-1
TE211;08.01.2024;5;1.0;28;49;28;49;0;-1
TE211;08.01.2024;6;1.0;94;45;93;45;1;47
TE211;08.01.2024;7;1.0;333;46;330;46;3;47
TE211;08.01.2024;8;1.0;441;36;433;36;8;36
TE211;08.01.2024;9;1.0;302;39;301;39;1;45
TE211;08.01.2024;10;1.0;214;46;214;46;0;-1
TE211;08.01.2024;11;1.0;236;43;235;43;1;52
TE211;08.01.2024;12;1.0;244;43;241;43;3;46
TE211;08.01.2024;13;1.0;244;45;242;45;2;42
TE211;08.01.2024;14;1.0;259;38;258;38;1;47
TE211;08.01.2024;15;1.0;313;34;313;34;0;-1
TE211;08.01.2024;16;1.0;309;39;309;39;0;-1
TE211;08.01.2024;17;1.0;206;39;205;39;1;41
TE211;08.01.2024;18;1.0;166;41;165;41;1;49
TE211;08.01.2024;19;1.0;104;41;104;41;0;-1
TE211;08.01.2024;20;1.0;60;45;60;45;0;-1
TE211;08.01.2024;21;1.0;36;34;36;34;0;-1
TE211;08.01.2024;22;1.0;24;44;24;44;0;-1
TE211;08.01.2024;23;1.0;14;47;14;47;0;-1
TE211;09.01.2024;0;1.0;6;49;6;49;0;-1
TE211;09.01.2024;1;1.0;6;46;6;46;0;-1
TE211;09.01.2024;2;1.0;6;46;6;46;0;-1
TE211;09.01.2024;3;1.0;3;43;3;43;0;-1
TE211;09.01.2024;4;1.0;5;39;4;38;1;42
TE211;09.01.2024;5;1.0;18;38;18;38;0;-1
TE211;09.01.2024;6;1.0;84;45;80;45;4;44
TE211;09.01.2024;7;1.0;378;37;372;37;6;37
TE211;09.01.2024;8;1.0;615;40;611;40;4;44
TE211;09.01.2024;9;1.0;457;38;451;38;6;37
TE211;09.01.2024;10;1.0;261;43;259;43;2;46
TE211;09.01.2024;11;1.0;255;42;251;42;4;44
TE211;09.01.2024;12;1.0;250;41;245;42;4;46
TE211;09.01.2024;13;1.0;231;44;227;44;4;46
TE211;09.01.2024;14;1.0;303;44;301;44;2;44
TE211;09.01.2024;15;1.0;356;43;353;43;3;44
TE211;09.01.2024;16;1.0;289;43;288;43;1;44
TE211;09.01.2024;17;1.0;208;45;208;45;0;-1
TE211;09.01.2024;18;1.0;181;43;180;43;1;44
TE211;09.01.2024;19;1.0;125;46;125;46;0;-1
TE211;09.01.2024;20;1.0;74;40;74;40;0;-1
TE211;09.01.2024;21;1.0;48;47;47;47;1;42
TE211;09.01.2024;22;1.0;26;43;26;43;0;-1
TE211;09.01.2024;23;1.0;23;47;23;47;0;-1
TE211;10.01.2024;0;1.0;5;47;5;47;0;-1
TE211;10.01.2024;1;1.0;2;37;2;37;0;-1
TE211;10.01.2024;2;1.0;3;45;2;44;1;48
TE211;10.01.2024;3;1.0;3;42;3;42;0;-1
TE211;10.01.2024;4;1.0;2;55;2;55;0;-1
TE211;10.01.2024;5;1.0;21;44;21;44;0;-1
TE211;10.01.2024;6;1.0;84;40;83;40;1;46
TE211;10.01.2024;7;1.0;348;39;348;39;0;-1
TE211;10.01.2024;8;1.0;545;41;542;41;3;47
TE211;10.01.2024;9;1.0;427;18;418;18;9;19
TE211;10.01.2024;10;1.0;235;44;232;44;3;42
TE211;10.01.2024;11;1.0;271;41;268;41;2;44
TE211;10.01.2024;12;1.0;277;44;273;44;4;44
TE211;10.01.2024;13;1.0;291;42;288;42;3;41
TE211;10.01.2024;14;1.0;331;40;331;40;0;-1
TE211;10.01.2024;15;1.0;410;44;408;44;2;44
TE211;10.01.2024;16;1.0;364;43;361;43;3;42
TE211;10.01.2024;17;1.0;239;42;235;42;4;47
TE211;10.01.2024;18;1.0;190;47;189;47;1;48
TE211;10.01.2024;19;1.0;127;41;127;41;0;-1
TE211;10.01.2024;20;1.0;70;49;70;49;0;-1
TE211;10.01.2024;21;1.0;55;48;55;48;0;-1
TE211;10.01.2024;22;1.0;27;42;27;42;0;-1
TE211;10.01.2024;23;1.0;12;42;12;42;0;-1
TE211;11.01.2024;0;1.0;11;40;11;40;0;-1
TE211;11.01.2024;1;1.0;4;41;4;41;0;-1
TE211;11.01.2024;2;1.0;1;52;1;52;0;-1
TE211;11.01.2024;3;1.0;11;41;11;41;0;-1
TE211;11.01.2024;4;1.0;3;44;3;44;0;-1
TE211;11.01.2024;5;1.0;26;47;26;47;0;-1
TE211;11.01.2024;6;1.0;79;53;79;53;0;-1
TE211;11.01.2024;7;1.0;431;42;426;42;5;25
TE211;11.01.2024;8;1.0;551;8;525;8;26;9
TE211;11.01.2024;9;1.0;427;26;406;27;21;13
TE211;11.01.2024;10;1.0;302;46;299;46;3;46
TE211;11.01.2024;11;1.0;266;47;265;47;1;46
TE211;11.01.2024;12;1.0;236;46;236;46;0;-1
TE211;11.01.2024;13;1.0;253;38;252;38;1;46
TE211;11.01.2024;14;1.0;287;43;285;43;2;44
TE211;11.01.2024;15;1.0;387;35;387;35;0;-1
TE211;11.01.2024;16;1.0;435;40;435;40;0;-1
TE211;11.01.2024;17;1.0;345;40;345;40;0;-1
TE211;11.01.2024;18;1.0;242;41;241;41;1;47
TE211;11.01.2024;19;1.0;120;38;120;38;0;-1
TE211;11.01.2024;20;1.0;69;43;68;43;1;48
TE211;11.01.2024;21;1.0;32;38;32;38;0;-1
TE211;11.01.2024;22;1.0;43;42;43;42;0;-1
TE211;11.01.2024;23;1.0;12;40;12;40;0;-1
TE211;12.01.2024;0;1.0;13;38;13;38;0;-1
TE211;12.01.2024;1;1.0;8;42;8;42;0;-1
TE211;12.01.2024;2;1.0;3;35;3;35;0;-1
TE211;12.01.2024;3;1.0;4;53;4;53;0;-1
TE211;12.01.2024;4;1.0;7;48;6;47;1;51
TE211;12.01.2024;5;1.0;24;49;24;49;0;-1
TE211;12.01.2024;6;1.0;71;36;71;36;0;-1
TE211;12.01.2024;7;1.0;268;35;267;35;1;48
TE211;12.01.2024;8;1.0;422;44;418;44;4;46
TE211;12.01.2024;9;1.0;296;44;292;44;3;49
TE211;12.01.2024;10;1.0;260;40;260;40;0;-1
TE211;12.01.2024;11;1.0;182;44;181;44;1;51
TE211;12.01.2024;12;1.0;240;43;240;43;0;-1
TE211;12.01.2024;13;1.0;265;43;262;43;3;47
TE211;12.01.2024;14;1.0;281;43;280;43;1;48
TE211;12.01.2024;15;1.0;352;47;351;47;1;48
TE211;12.01.2024;16;1.0;269;47;269;47;0;-1
TE211;12.01.2024;17;1.0;193;43;193;43;0;-1
TE211;12.01.2024;18;1.0;189;47;188;47;1;51
TE211;12.01.2024;19;1.0;111;46;111;46;0;-1
TE211;12.01.2024;20;1.0;79;46;79;46;0;-1
TE211;12.01.2024;21;1.0;34;47;34;47;0;-1
TE211;12.01.2024;22;1.0;36;47;36;47;0;-1
TE211;12.01.2024;23;1.0;22;46;22;46;0;-1
TE211;13.01.2024;0;1.0;20;47;20;47;0;-1
TE211;13.01.2024;1;1.0;15;45;15;45;0;-1
TE211;13.01.2024;2;1.0;14;46;13;46;1;43
TE211;13.01.2024;3;1.0;8;48;8;48;0;-1
TE211;13.01.2024;4;1.0;5;35;5;35;0;-1
TE211;13.01.2024;5;1.0;11;51;10;53;1;39
TE211;13.01.2024;6;1.0;13;46;13;46;0;-1
TE211;13.01.2024;7;1.0;22;46;21;46;1;45
TE211;13.01.2024;8;1.0;84;39;83;39;1;46
TE211;13.01.2024;9;1.0;128;40;127;40;1;49
TE211;13.01.2024;10;1.0;173;47;171;47;2;46
TE211;13.01.2024;11;1.0;213;47;213;47;0;-1
TE211;13.01.2024;12;1.0;232;42;232;42;0;-1
TE211;13.01.2024;13;1.0;252;43;252;43;0;-1
TE211;13.01.2024;14;1.0;303;43;303;43;0;-1
TE211;13.01.2024;15;1.0;251;41;251;41;0;-1
TE211;13.01.2024;16;1.0;181;35;180;35;1;47
TE211;13.01.2024;17;1.0;170;36;170;36;0;-1
TE211;13.01.2024;18;1.0;120;44;120;44;0;-1
TE211;13.01.2024;19;1.0;96;41;96;41;0;-1
TE211;13.01.2024;20;1.0;58;40;58;40;0;-1
TE211;13.01.2024;21;1.0;49;40;49;40;0;-1
TE211;13.01.2024;22;1.0;45;35;45;35;0;-1
TE211;13.01.2024;23;1.0;20;46;20;46;0;-1
TE211;14.01.2024;0;1.0;18;38;18;38;0;-1
TE211;14.01.2024;1;1.0;23;38;23;38;0;-1
TE211;14.01.2024;2;1.0;8;36;8;36;0;-1
TE211;14.01.2024;3;1.0;2;50;2;50;0;-1
TE211;14.01.2024;4;1.0;3;47;3;47;0;-1
TE211;14.01.2024;5;1.0;11;46;11;46;0;-1
TE211;14.01.2024;6;1.0;7;42;7;42;0;-1
TE211;14.01.2024;7;1.0;12;42;12;42;0;-1
TE211;14.01.2024;8;1.0;40;47;40;47;0;-1
TE211;14.01.2024;9;1.0;88;47;88;47;0;-1
TE211;14.01.2024;10;1.0;149;46;149;46;0;-1
TE211;14.01.2024;11;1.0;182;45;182;45;0;-1
TE211;14.01.2024;12;1.0;207;44;207;44;0;-1
TE211;14.01.2024;13;1.0;262;44;262;44;0;-1
TE211;14.01.2024;14;1.0;262;44;262;44;0;-1
TE211;14.01.2024;15;1.0;287;44;286;44;1;41
TE211;14.01.2024;16;1.0;279;43;279;43;0;-1
TE211;14.01.2024;17;1.0;189;46;189;46;0;-1
TE211;14.01.2024;18;1.0;119;46;119;46;0;-1
TE211;14.01.2024;19;1.0;85;41;85;41;0;-1
TE211;14.01.2024;20;1.0;50;41;50;41;0;-1
TE211;14.01.2024;21;1.0;41;42;41;42;0;-1
TE211;14.01.2024;22;1.0;28;45;28;45;0;-1
TE211;14.01.2024;23;1.0;12;48;12;48;0;-1
TE211;15.01.2024;0;1.0;7;48;7;48;0;-1
TE211;15.01.2024;1;1.0;5;54;5;54;0;-1
TE211;15.01.2024;2;1.0;7;42;6;38;1;69
TE211;15.01.2024;3;1.0;3;49;3;49;0;-1
TE211;15.01.2024;4;1.0;11;43;11;43;0;-1
TE211;15.01.2024;5;1.0;38;49;36;49;2;50
TE211;15.01.2024;6;1.0;248;48;246;48;2;48
TE211;15.01.2024;7;1.0;525;42;523;42;2;47
TE211;15.01.2024;8;1.0;540;27;507;28;33;16
TE211;15.01.2024;9;1.0;400;41;396;41;4;44
TE211;15.01.2024;10;1.0;253;42;251;42;2;44
TE211;15.01.2024;11;1.0;269;42;268;42;1;47
TE211;15.01.2024;12;1.0;207;47;207;47;0;-1
TE211;15.01.2024;13;1.0;229;47;225;47;4;48
TE211;15.01.2024;14;1.0;214;47;214;47;0;-1
TE211;15.01.2024;15;1.0;350;47;349;47;1;45
TE211;15.01.2024;16;1.0;241;47;241;47;0;-1
TE211;15.01.2024;17;1.0;188;43;186;43;2;41
TE211;15.01.2024;18;1.0;152;40;151;40;1;41
TE211;15.01.2024;19;1.0;102;45;102;45;0;-1
TE211;15.01.2024;20;1.0;52;50;52;50;0;-1
TE211;15.01.2024;21;1.0;41;50;41;50;0;-1
TE211;15.01.2024;22;1.0;25;53;25;53;0;-1
TE211;15.01.2024;23;1.0;13;49;13;49;0;-1
TE211;16.01.2024;0;1.0;12;50;12;50;0;-1
TE211;16.01.2024;1;1.0;1;52;1;52;0;-1
TE211;16.01.2024;2;1.0;7;38;7;38;0;-1
TE211;16.01.2024;3;1.0;7;29;5;35;1;29
TE211;16.01.2024;4;1.0;5;43;5;43;0;-1
TE211;16.01.2024;5;1.0;28;43;27;43;1;44
TE211;16.01.2024;6;1.0;71;39;71;39;0;-1
TE211;16.01.2024;7;1.0;368;33;366;33;2;44
TE211;16.01.2024;8;1.0;434;9;416;9;18;10
TE211;16.01.2024;9;1.0;450;15;440;15;10;10
TE211;16.01.2024;10;1.0;308;47;308;47;0;-1
TE211;16.01.2024;11;1.0;257;46;254;46;3;47
TE211;16.01.2024;12;1.0;210;47;208;47;2;46
TE211;16.01.2024;13;1.0;238;46;237;46;1;50
TE211;16.01.2024;14;1.0;240;44;238;44;2;46
TE211;16.01.2024;15;1.0;360;48;358;48;2;49
TE211;16.01.2024;16;1.0;421;47;419;47;2;48
TE211;16.01.2024;17;1.0;365;46;363;46;2;47
TE211;16.01.2024;18;1.0;265;43;265;43;0;-1
TE211;16.01.2024;19;1.0;114;49;113;49;1;41
TE211;16.01.2024;20;1.0;63;49;63;49;0;-1
TE211;16.01.2024;21;1.0;41;48;41;48;0;-1
TE211;16.01.2024;22;1.0;33;49;32;49;1;47
TE211;16.01.2024;23;1.0;15;44;15;44;0;-1
TE211;17.01.2024;0;1.0;5;46;5;46;0;-1
TE211;17.01.2024;1;1.0;9;46;9;46;0;-1
TE211;17.01.2024;2;1.0;2;42;2;42;0;-1
TE211;17.01.2024;3;1.0;4;33;4;33;0;-1
TE211;17.01.2024;4;1.0;3;35;3;35;0;-1
TE211;17.01.2024;5;1.0;26;49;25;49;1;45
TE211;17.01.2024;6;1.0;89;48;86;48;3;47
TE211;17.01.2024;7;1.0;337;46;336;46;1;50
TE211;17.01.2024;8;1.0;588;46;583;46;5;46
TE211;17.01.2024;9;1.0;452;29;440;29;12;15
TE211;17.01.2024;10;1.0;312;47;309;47;3;48
TE211;17.01.2024;11;1.0;276;48;269;47;7;50
TE211;17.01.2024;12;1.0;263;42;259;42;4;48
TE211;17.01.2024;13;1.0;282;45;281;45;1;45
TE211;17.01.2024;14;1.0;275;47;274;47;1;43
TE211;17.01.2024;15;1.0;335;44;334;44;1;46
TE211;17.01.2024;16;1.0;271;47;270;47;1;48
TE211;17.01.2024;17;1.0;200;46;199;46;1;47
TE211;17.01.2024;18;1.0;191;45;191;45;0;-1
TE211;17.01.2024;19;1.0;123;44;123;44;0;-1
TE211;17.01.2024;20;1.0;72;44;72;44;0;-1
TE211;17.01.2024;21;1.0;41;48;41;48;0;-1
TE211;17.01.2024;22;1.0;31;48;31;48;0;-1
TE211;17.01.2024;23;1.0;11;55;11;55;0;-1
TE211;18.01.2024;0;1.0;10;51;10;51;0;-1
TE211;18.01.2024;1;1.0;10;46;10;46;0;-1
TE211;18.01.2024;2;1.0;2;36;2;36;0;-1
TE211;18.01.2024;3;1.0;3;56;3;56;0;-1
TE211;18.01.2024;4;1.0;4;53;4;53;0;-1
TE211;18.01.2024;5;1.0;28;50;28;50;0;-1
TE211;18.01.2024;6;1.0;110;51;110;51;0;-1
TE211;18.01.2024;7;1.0;322;45;320;45;2;47
TE211;18.01.2024;8;1.0;537;44;534;44;3;47
TE211;18.01.2024;9;1.0;307;47;306;47;1;49
TE211;18.01.2024;10;1.0;258;48;254;48;4;49
TE211;18.01.2024;11;1.0;249;47;244;47;5;46
TE211;18.01.2024;12;1.0;234;47;232;47;2;47
TE211;18.01.2024;13;1.0;230;47;228;47;2;46
TE211;18.01.2024;14;1.0;250;43;249;43;1;47
TE211;18.01.2024;15;1.0;330;45;327;45;3;45
TE211;18.01.2024;16;1.0;328;39;328;39;0;-1
TE211;18.01.2024;17;1.0;239;39;238;39;1;41
TE211;18.01.2024;18;1.0;195;42;193;42;2;40
TE211;18.01.2024;19;1.0;144;44;143;44;1;45
TE211;18.01.2024;20;1.0;71;46;71;46;0;-1
TE211;18.01.2024;21;1.0;47;45;47;45;0;-1
TE211;18.01.2024;22;1.0;43;46;43;46;0;-1
TE211;18.01.2024;23;1.0;23;48;23;48;0;-1
TE211;19.01.2024;0;1.0;7;45;7;45;0;-1
TE211;19.01.2024;1;1.0;4;50;4;50;0;-1
TE211;19.01.2024;2;1.0;0;-1;0;-1;0;-1
TE211;19.01.2024;3;1.0;5;39;5;39;0;-1
TE211;19.01.2024;4;1.0;2;48;1;49;1;47
TE211;19.01.2024;5;1.0;29;49;29;49;0;-1
TE211;19.01.2024;6;1.0;80;46;78;46;2;47
TE211;19.01.2024;7;1.0;286;43;278;43;8;43
TE211;19.01.2024;8;1.0;468;40;459;40;9;39
TE211;19.01.2024;9;1.0;343;41;332;41;11;41
TE211;19.01.2024;10;1.0;374;44;368;44;6;45
TE211;19.01.2024;11;1.0;281;44;273;44;8;44
TE211;19.01.2024;12;1.0;279;40;274;40;5;43
TE211;19.01.2024;13;1.0;347;38;344;38;3;41
TE211;19.01.2024;14;1.0;351;38;351;38;0;-1
TE211;19.01.2024;15;1.0;380;43;377;43;3;43
TE211;19.01.2024;16;1.0;317;44;316;44;1;46
TE211;19.01.2024;17;1.0;236;42;235;42;1;44
TE211;19.01.2024;18;1.0;185;43;185;43;0;-1
TE211;19.01.2024;19;1.0;123;44;122;44;1;43
TE211;19.01.2024;20;1.0;80;44;80;44;0;-1
TE211;19.01.2024;21;1.0;50;41;50;41;0;-1
TE211;19.01.2024;22;1.0;48;46;48;46;0;-1
TE211;19.01.2024;23;1.0;28;45;28;45;0;-1
TE211;20.01.2024;0;1.0;24;45;24;45;0;-1
TE211;20.01.2024;1;1.0;10;43;10;43;0;-1
TE211;20.01.2024;2;1.0;5;42;5;42;0;-1
TE211;20.01.2024;3;1.0;3;37;3;37;0;-1
TE211;20.01.2024;4;1.0;1;47;1;47;0;-1
TE211;20.01.2024;5;1.0;10;46;8;46;2;44
TE211;20.01.2024;6;1.0;12;49;11;49;1;47
TE211;20.01.2024;7;1.0;33;46;33;46;0;-1
TE211;20.01.2024;8;1.0;85;48;82;48;3;48
TE211;20.01.2024;9;1.0;171;46;170;46;1;49
TE211;20.01.2024;10;1.0;212;42;211;42;1;49
TE211;20.01.2024;11;1.0;231;41;231;41;0;-1
TE211;20.01.2024;12;1.0;288;40;286;40;2;44
TE211;20.01.2024;13;1.0;287;43;286;43;1;42
TE211;20.01.2024;14;1.0;312;44;306;44;6;42
TE211;20.01.2024;15;1.0;286;44;285;44;1;42
TE211;20.01.2024;16;1.0;292;44;290;44;2;43
TE211;20.01.2024;17;1.0;213;43;213;43;0;-1
TE211;20.01.2024;18;1.0;131;43;131;43;0;-1
TE211;20.01.2024;19;1.0;87;43;87;43;0;-1
TE211;20.01.2024;20;1.0;88;44;88;44;0;-1
TE211;20.01.2024;21;1.0;38;39;38;39;0;-1
TE211;20.01.2024;22;1.0;48;45;48;45;0;-1
TE211;20.01.2024;23;1.0;26;43;26;43;0;-1
TE211;21.01.2024;0;1.0;17;42;17;42;0;-1
TE211;21.01.2024;1;1.0;21;40;21;40;0;-1
TE211;21.01.2024;2;1.0;13;41;13;41;0;-1
TE211;21.01.2024;3;1.0;8;34;8;34;0;-1
TE211;21.01.2024;4;1.0;2;51;2;51;0;-1
TE211;21.01.2024;5;1.0;5;44;5;44;0;-1
TE211;21.01.2024;6;1.0;15;46;15;46;0;-1
TE211;21.01.2024;7;1.0;6;43;6;43;0;-1
TE211;21.01.2024;8;1.0;36;47;36;47;0;-1
TE211;21.01.2024;9;1.0;111;46;110;46;1;43
TE211;21.01.2024;10;1.0;147;47;147;47;0;-1
TE211;21.01.2024;11;1.0;198;46;198;46;0;-1
TE211;21.01.2024;12;1.0;301;43;301;43;0;-1
TE211;21.01.2024;13;1.0;298;44;294;44;4;44
TE211;21.01.2024;14;1.0;317;43;315;43;2;46
TE211;21.01.2024;15;1.0;352;43;352;43;0;-1
TE211;21.01.2024;16;1.0;273;43;272;43;1;42
TE211;21.01.2024;17;1.0;193;44;193;44;0;-1
TE211;21.01.2024;18;1.0;123;46;123;46;0;-1
TE211;21.01.2024;19;1.0;97;46;97;46;0;-1
TE211;21.01.2024;20;1.0;47;46;47;46;0;-1
TE211;21.01.2024;21;1.0;31;37;31;37;0;-1
TE211;21.01.2024;22;1.0;19;41;19;41;0;-1
TE211;21.01.2024;23;1.0;16;45;16;45;0;-1
TE211;22.01.2024;0;1.0;5;46;5;46;0;-1
TE211;22.01.2024;1;1.0;4;51;4;51;0;-1
TE211;22.01.2024;2;1.0;4;38;4;38;0;-1
TE211;22.01.2024;3;1.0;2;50;2;50;0;-1
TE211;22.01.2024;4;1.0;4;48;3;48;1;51
TE211;22.01.2024;5;1.0;31;48;31;48;0;-1
TE211;22.01.2024;6;1.0;95;47;92;47;3;46
TE211;22.01.2024;7;1.0;389;44;381;44;8;42
TE211;22.01.2024;8;1.0;579;20;535;20;44;21
TE211;22.01.2024;9;1.0;460;26;439;26;21;14
TE211;22.01.2024;10;1.0;349;44;344;44;5;45
TE211;22.01.2024;11;1.0;267;44;262;44;5;45
TE211;22.01.2024;12;1.0;272;46;271;46;1;47
TE211;22.01.2024;13;1.0;229;46;226;46;3;46
TE211;22.01.2024;14;1.0;229;45;227;45;2;43
TE211;22.01.2024;15;1.0;313;45;306;45;7;44
TE211;22.01.2024;16;1.0;325;44;325;44;0;-1
TE211;22.01.2024;17;1.0;329;43;324;43;5;43
TE211;22.01.2024;18;1.0;296;44;295;44;1;41
TE211;22.01.2024;19;1.0;165;44;165;44;0;-1
TE211;22.01.2024;20;1.0;71;40;71;40;0;-1
TE211;22.01.2024;21;1.0;44;42;44;42;0;-1
TE211;22.01.2024;22;1.0;23;41;23;41;0;-1
TE211;22.01.2024;23;1.0;15;43;15;43;0;-1
TE211;23.01.2024;0;1.0;8;38;8;38;0;-1
TE211;23.01.2024;1;1.0;4;47;4;47;0;-1
TE211;23.01.2024;2;1.0;1;38;1;38;0;-1
TE211;23.01.2024;3;1.0;1;43;1;43;0;-1
TE211;23.01.2024;4;1.0;4;46;3;49;1;34
TE211;23.01.2024;5;1.0;29;47;28;46;1;50
TE211;23.01.2024;6;1.0;87;44;84;44;3;45
TE211;23.01.2024;7;1.0;387;39;380;39;8;38
TE211;23.01.2024;8;1.0;477;40;469;41;8;39
TE211;23.01.2024;9;1.0;509;30;472;30;37;21
TE211;23.01.2024;10;1.0;346;38;338;38;8;41
TE211;23.01.2024;11;1.0;298;45;289;45;9;45
TE211;23.01.2024;12;1.0;265;46;260;46;5;46
TE211;23.01.2024;13;1.0;240;44;236;44;4;45
TE211;23.01.2024;14;1.0;287;45;284;45;3;46
TE211;23.01.2024;15;1.0;338;45;331;45;7;46
TE211;23.01.2024;16;1.0;336;44;336;44;0;-1
TE211;23.01.2024;17;1.0;288;43;283;43;5;43
TE211;23.01.2024;18;1.0;209;44;207;44;2;43
TE211;23.01.2024;19;1.0;139;43;137;43;2;42
TE211;23.01.2024;20;1.0;65;44;65;44;0;-1
TE211;23.01.2024;21;1.0;60;46;59;46;1;44
TE211;23.01.2024;22;1.0;26;46;26;46;0;-1
TE211;23.01.2024;23;1.0;13;44;13;44;0;-1
TE211;24.01.2024;0;1.0;7;34;7;34;0;-1
TE211;24.01.2024;1;1.0;7;37;7;37;0;-1
TE211;24.01.2024;2;1.0;3;35;3;35;0;-1
TE211;24.01.2024;3;1.0;5;51;4;47;1;67
TE211;24.01.2024;4;1.0;4;43;4;43;0;-1
TE211;24.01.2024;5;1.0;28;48;27;48;1;41
TE211;24.01.2024;6;1.0;94;48;91;48;3;52
TE211;24.01.2024;7;1.0;468;34;441;35;27;27
TE211;24.01.2024;8;1.0;468;8;448;8;20;8
TE211;24.01.2024;9;1.0;503;17;481;17;22;13
TE211;24.01.2024;10;1.0;361;44;356;44;5;44
TE211;24.01.2024;11;1.0;272;46;270;46;2;46
TE211;24.01.2024;12;1.0;256;44;254;44;2;44
TE211;24.01.2024;13;1.0;254;46;252;46;2;45
TE211;24.01.2024;14;1.0;309;44;305;44;4;42
TE211;24.01.2024;15;1.0;415;40;407;40;8;38
TE211;24.01.2024;16;1.0;324;44;321;44;3;45
TE211;24.01.2024;17;1.0;388;42;385;42;3;40
TE211;24.01.2024;18;1.0;240;43;240;43;0;-1
TE211;24.01.2024;19;1.0;135;45;134;45;1;44
TE211;24.01.2024;20;1.0;77;43;77;43;0;-1
TE211;24.01.2024;21;1.0;44;48;44;48;0;-1
TE211;24.01.2024;22;1.0;35;46;35;46;0;-1
TE211;24.01.2024;23;1.0;17;50;17;50;0;-1
TE211;25.01.2024;0;1.0;6;44;6;44;0;-1
TE211;25.01.2024;1;1.0;6;48;6;48;0;-1
TE211;25.01.2024;2;1.0;5;47;4;42;1;67
TE211;25.01.2024;3;1.0;7;42;7;42;0;-1
TE211;25.01.2024;4;1.0;6;48;4;45;2;52
TE211;25.01.2024;5;1.0;30;49;30;49;0;-1
TE211;25.01.2024;6;1.0;86;48;84;48;2;46
TE211;25.01.2024;7;1.0;349;45;346;45;3;44
TE211;25.01.2024;8;1.0;443;45;436;45;7;44
TE211;25.01.2024;9;1.0;523;30;513;31;10;22
TE211;25.01.2024;10;1.0;465;41;451;41;14;43
TE211;25.01.2024;11;1.0;418;25;410;26;8;13
TE211;25.01.2024;12;1.0;453;39;445;39;8;34
TE211;25.01.2024;13;1.0;312;45;311;45;1;43
TE211;25.01.2024;14;1.0;327;43;326;43;1;38
TE211;25.01.2024;15;1.0;448;43;446;43;2;43
TE211;25.01.2024;16;1.0;454;42;450;42;4;42
TE211;25.01.2024;17;1.0;504;43;502;43;2;43
TE211;25.01.2024;18;1.0;402;41;398;41;4;41
TE211;25.01.2024;19;1.0;180;44;179;44;1;46
TE211;25.01.2024;20;1.0;85;44;85;44;0;-1
TE211;25.01.2024;21;1.0;53;48;53;48;0;-1
TE211;25.01.2024;22;1.0;47;45;47;45;0;-1
TE211;25.01.2024;23;1.0;17;45;17;45;0;-1
TE211;26.01.2024;0;1.0;10;49;10;49;0;-1
TE211;26.01.2024;1;1.0;5;44;5;44;0;-1
TE211;26.01.2024;2;1.0;7;48;7;48;0;-1
TE211;26.01.2024;3;1.0;3;42;3;42;0;-1
TE211;26.01.2024;4;1.0;4;43;4;43;0;-1
TE211;26.01.2024;5;1.0;26;48;26;48;0;-1
TE211;26.01.2024;6;1.0;71;44;71;44;0;-1
TE211;26.01.2024;7;1.0;324;40;323;40;1;41
TE211;26.01.2024;8;1.0;504;41;501;41;3;45
TE211;26.01.2024;9;1.0;385;46;382;46;3;44
TE211;26.01.2024;10;1.0;306;45;300;45;6;46
TE211;26.01.2024;11;1.0;320;45;316;45;4;45
TE211;26.01.2024;12;1.0;284;41;278;42;5;42
TE211;26.01.2024;13;1.0;388;44;388;44;0;-1
TE211;26.01.2024;14;1.0;487;44;482;44;5;44
TE211;26.01.2024;15;1.0;556;36;533;36;23;25
TE211;26.01.2024;16;1.0;475;42;473;42;2;44
TE211;26.01.2024;17;1.0;247;43;245;43;2;42
TE211;26.01.2024;18;1.0;301;43;301;43;0;-1
TE211;26.01.2024;19;1.0;155;43;155;43;0;-1
TE211;26.01.2024;20;1.0;73;45;73;45;0;-1
TE211;26.01.2024;21;1.0;64;45;64;45;0;-1
TE211;26.01.2024;22;1.0;50;44;48;44;2;45
TE211;26.01.2024;23;1.0;32;41;32;41;0;-1
TE211;27.01.2024;0;1.0;15;48;15;48;0;-1
TE211;27.01.2024;1;1.0;16;48;16;48;0;-1
TE211;27.01.2024;2;1.0;10;51;8;49;2;60
TE211;27.01.2024;3;1.0;8;38;8;38;0;-1
TE211;27.01.2024;4;1.0;5;42;5;42;0;-1
TE211;27.01.2024;5;1.0;7;46;6;48;1;36
TE211;27.01.2024;6;1.0;8;51;8;51;0;-1
TE211;27.01.2024;7;1.0;16;34;16;34;0;-1
TE211;27.01.2024;8;1.0;96;46;95;46;1;46
TE211;27.01.2024;9;1.0;169;46;169;46;0;-1
TE211;27.01.2024;10;1.0;263;44;263;44;0;-1
TE211;27.01.2024;11;1.0;264;44;264;44;0;-1
TE211;27.01.2024;12;1.0;300;45;300;45;0;-1
TE211;27.01.2024;13;1.0;304;44;303;44;1;46
TE211;27.01.2024;14;1.0;320;42;319;42;1;43
TE211;27.01.2024;15;1.0;345;42;343;42;2;39
TE211;27.01.2024;16;1.0;296;42;295;42;1;44
TE211;27.01.2024;17;1.0;248;42;247;42;1;38
TE211;27.01.2024;18;1.0;194;42;194;42;0;-1
TE211;27.01.2024;19;1.0;106;42;106;42;0;-1
TE211;27.01.2024;20;1.0;75;45;74;45;1;47
TE211;27.01.2024;21;1.0;47;46;46;45;1;48
TE211;27.01.2024;22;1.0;42;44;41;44;1;41
TE211;27.01.2024;23;1.0;34;40;34;40;0;-1
TE211;28.01.2024;0;1.0;23;43;23;43;0;-1
TE211;28.01.2024;1;1.0;17;43;17;43;0;-1
TE211;28.01.2024;2;1.0;13;44;13;44;0;-1
TE211;28.01.2024;3;1.0;5;42;5;42;0;-1
TE211;28.01.2024;4;1.0;4;48;3;51;1;41
TE211;28.01.2024;5;1.0;8;53;8;53;0;-1
TE211;28.01.2024;6;1.0;10;54;10;54;0;-1
TE211;28.01.2024;7;1.0;7;44;7;44;0;-1
TE211;28.01.2024;8;1.0;47;51;47;51;0;-1
TE211;28.01.2024;9;1.0;111;46;110;46;1;44
TE211;28.01.2024;10;1.0;167;45;167;45;0;-1
TE211;28.01.2024;11;1.0;242;44;240;44;2;43
TE211;28.01.2024;12;1.0;310;43;309;43;1;40
TE211;28.01.2024;13;1.0;356;41;353;41;3;40
TE211;28.01.2024;14;1.0;479;40;479;40;0;-1
TE211;28.01.2024;15;1.0;449;41;449;41;0;-1
TE211;28.01.2024;16;1.0;447;42;447;42;0;-1
TE211;28.01.2024;17;1.0;309;42;308;42;1;40
TE211;28.01.2024;18;1.0;173;42;172;42;1;38
TE211;28.01.2024;19;1.0;103;41;101;42;1;43
TE211;28.01.2024;20;1.0;53;40;53;40;0;-1
TE211;28.01.2024;21;1.0;41;44;41;44;0;-1
TE211;28.01.2024;22;1.0;24;44;24;44;0;-1
TE211;28.01.2024;23;1.0;8;48;8;48;0;-1
TE211;29.01.2024;0;1.0;8;52;8;52;0;-1
TE211;29.01.2024;1;1.0;9;55;9;55;0;-1
TE211;29.01.2024;2;1.0;8;44;7;43;1;50
TE211;29.01.2024;3;1.0;6;42;6;42;0;-1
TE211;29.01.2024;4;1.0;10;51;10;51;0;-1
TE211;29.01.2024;5;1.0;29;44;29;44;0;-1
TE211;29.01.2024;6;1.0;88;45;85;45;3;44
TE211;29.01.2024;7;1.0;504;31;487;31;17;26
TE211;29.01.2024;8;1.0;487;8;473;8;14;9
TE211;29.01.2024;9;1.0;481;37;470;37;11;34
TE211;29.01.2024;10;1.0;273;45;268;46;5;44
TE211;29.01.2024;11;1.0;270;45;265;45;5;46
TE211;29.01.2024;12;1.0;248;46;243;46;5;46
TE211;29.01.2024;13;1.0;277;45;270;45;7;46
TE211;29.01.2024;14;1.0;280;45;275;45;5;45
TE211;29.01.2024;15;1.0;384;45;379;45;5;45
TE211;29.01.2024;16;1.0;347;44;347;44;0;-1
TE211;29.01.2024;17;1.0;233;39;231;39;2;42
TE211;29.01.2024;18;1.0;172;44;172;44;0;-1
TE211;29.01.2024;19;1.0;106;44;105;44;1;38
TE211;29.01.2024;20;1.0;72;46;72;46;0;-1
TE211;29.01.2024;21;1.0;45;46;43;46;2;38
TE211;29.01.2024;22;1.0;21;49;21;49;0;-1
TE211;29.01.2024;23;1.0;18;39;18;39;0;-1
TE211;30.01.2024;0;1.0;8;44;8;44;0;-1
TE211;30.01.2024;1;1.0;4;42;4;42;0;-1
TE211;30.01.2024;2;1.0;4;40;4;40;0;-1
TE211;30.01.2024;3;1.0;2;60;2;60;0;-1
TE211;30.01.2024;4;1.0;6;44;6;44;0;-1
TE211;30.01.2024;5;1.0;33;48;33;48;0;-1
TE211;30.01.2024;6;1.0;89;47;86;47;3;48
TE211;30.01.2024;7;1.0;415;42;404;43;11;42
TE211;30.01.2024;8;1.0;610;36;595;36;15;35
TE211;30.01.2024;9;1.0;439;37;424;37;15;38
TE211;30.01.2024;10;1.0;294;44;288;44;6;42
TE211;30.01.2024;11;1.0;281;45;274;45;7;45
TE211;30.01.2024;12;1.0;269;44;261;44;8;45
TE211;30.01.2024;13;1.0;270;44;270;44;0;-1
TE211;30.01.2024;14;1.0;277;44;275;44;2;46
TE211;30.01.2024;15;1.0;316;45;313;45;3;43
TE211;30.01.2024;16;1.0;295;44;292;44;3;43
TE211;30.01.2024;17;1.0;261;43;261;43;0;-1
TE211;30.01.2024;18;1.0;226;44;226;44;0;-1
TE211;30.01.2024;19;1.0;135;44;134;44;1;43
TE211;30.01.2024;20;1.0;69;46;69;46;0;-1
TE211;30.01.2024;21;1.0;66;45;66;45;0;-1
TE211;30.01.2024;22;1.0;31;48;31;48;0;-1
TE211;30.01.2024;23;1.0;23;46;23;46;0;-1
TE211;31.01.2024;0;1.0;8;47;8;47;0;-1
TE211;31.01.2024;1;1.0;6;47;6;47;0;-1
TE211;31.01.2024;2;1.0;4;34;4;34;0;-1
TE211;31.01.2024;3;1.0;6;46;6;46;0;-1
TE211;31.01.2024;4;1.0;5;47;5;47;0;-1
TE211;31.01.2024;5;1.0;26;48;24;49;2;43
TE211;31.01.2024;6;1.0;85;47;81;47;4;49
TE211;31.01.2024;7;1.0;388;43;382;43;6;43
TE211;31.01.2024;8;1.0;566;40;554;40;12;38
TE211;31.01.2024;9;1.0;388;32;373;32;15;32
TE211;31.01.2024;10;1.0;274;46;274;46;0;-1
TE211;31.01.2024;11;1.0;241;46;240;46;1;48
TE211;31.01.2024;12;1.0;263;44;260;44;3;46
TE211;31.01.2024;13;1.0;224;45;222;45;2;45
TE211;31.01.2024;14;1.0;258;45;256;45;2;50
TE211;31.01.2024;15;1.0;346;45;346;45;0;-1
TE211;31.01.2024;16;1.0;320;46;319;46;1;46
TE211;31.01.2024;17;1.0;302;44;302;44;0;-1
TE211;31.01.2024;18;1.0;267;46;266;46;1;46
TE211;31.01.2024;19;1.0;176;45;176;45;0;-1
TE211;31.01.2024;20;1.0;81;46;81;46;0;-1
TE211;31.01.2024;21;1.0;46;46;46;46;0;-1
TE211;31.01.2024;22;1.0;40;46;40;46;0;-1
TE211;31.01.2024;23;1.0;20;48;18;48;2;52
TE212;01.01.2024;0;1.0;29;34;29;34;0;-1
TE212;01.01.2024;1;1.0;49;34;49;34;0;-1
TE212;01.01.2024;2;1.0;53;40;52;40;1;46
TE212;01.01.2024;3;1.0;47;36;47;36;0;-1
TE212;01.01.2024;4;1.0;20;38;20;38;0;-1
TE212;01.01.2024;5;1.0;8;40;8;40;0;-1
TE212;01.01.2024;6;1.0;15;33;15;33;0;-1
TE212;01.01.2024;7;1.0;5;39;5;39;0;-1
TE212;01.01.2024;8;1.0;23;34;23;34;0;-1
TE212;01.01.2024;9;1.0;45;36;45;36;0;-1
TE212;01.01.2024;10;1.0;83;42;83;42;0;-1
TE212;01.01.2024;11;1.0;108;35;108;35;0;-1
TE212;01.01.2024;12;1.0;170;37;170;37;0;-1
TE212;01.01.2024;14;1.0;236;30;236;30;0;-1
TE212;01.01.2024;15;1.0;216;29;211;29;5;28
TE212;01.01.2024;17;1.0;57;31;57;31;0;-1
TE212;01.01.2024;18;1.0;46;32;43;32;2;44
TE212;01.01.2024;19;1.0;48;34;48;34;0;-1
TE212;01.01.2024;20;1.0;40;41;40;41;0;-1
TE212;01.01.2024;21;1.0;24;34;24;34;0;-1
TE212;01.01.2024;22;1.0;37;36;36;36;1;37
TE212;01.01.2024;23;1.0;23;38;23;38;0;-1
TE212;02.01.2024;0;1.0;9;44;9;44;0;-1
TE212;02.01.2024;1;1.0;6;43;6;43;0;-1
TE212;02.01.2024;2;1.0;4;48;4;48;0;-1
TE212;02.01.2024;3;1.0;4;36;4;36;0;-1
TE212;02.01.2024;4;1.0;3;39;3;39;0;-1
TE212;02.01.2024;5;1.0;12;35;12;35;0;-1
TE212;02.01.2024;6;1.0;31;34;31;34;0;-1
TE212;02.01.2024;7;1.0;59;42;59;42;0;-1
TE212;02.01.2024;8;1.0;88;47;85;47;3;51
TE212;02.01.2024;9;1.0;82;39;82;39;0;-1
TE212;02.01.2024;10;1.0;101;43;99;43;2;47
TE212;02.01.2024;11;1.0;110;47;110;47;0;-1
TE212;02.01.2024;12;1.0;137;48;137;48;0;-1
TE212;02.01.2024;13;1.0;107;49;106;49;1;50
TE212;02.01.2024;14;1.0;110;46;110;46;0;-1
TE212;02.01.2024;15;1.0;167;48;167;48;0;-1
TE212;02.01.2024;16;1.0;133;44;131;44;2;46
TE212;02.01.2024;17;1.0;118;45;118;45;0;-1
TE212;02.01.2024;18;1.0;105;44;105;44;0;-1
TE212;02.01.2024;19;1.0;64;48;63;48;1;49
TE212;02.01.2024;20;1.0;50;43;50;43;0;-1
TE212;02.01.2024;21;1.0;36;35;36;35;0;-1
TE212;02.01.2024;22;1.0;34;42;34;42;0;-1
TE212;02.01.2024;23;1.0;24;49;24;49;0;-1
TE212;03.01.2024;0;1.0;12;48;12;48;0;-1
TE212;03.01.2024;1;1.0;8;43;7;43;1;43
TE212;03.01.2024;2;1.0;4;42;4;42;0;-1
TE212;03.01.2024;3;1.0;9;45;8;43;1;56
TE212;03.01.2024;4;1.0;4;45;4;45;0;-1
TE212;03.01.2024;5;1.0;11;40;11;40;0;-1
TE212;03.01.2024;6;1.0;43;49;43;49;0;-1
TE212;03.01.2024;7;1.0;75;51;71;51;4;50
TE212;03.01.2024;8;1.0;110;43;109;43;1;42
TE212;03.01.2024;9;1.0;115;53;112;53;3;53
TE212;03.01.2024;10;1.0;176;49;170;49;6;50
TE212;03.01.2024;11;1.0;154;42;152;42;2;45
TE212;03.01.2024;12;1.0;154;39;152;39;2;37
TE212;03.01.2024;13;1.0;157;42;155;42;2;49
TE212;03.01.2024;14;1.0;179;38;176;38;3;49
TE212;03.01.2024;15;1.0;163;39;163;39;0;-1
TE212;03.01.2024;16;1.0;193;43;192;43;1;43
TE212;03.01.2024;17;1.0;177;43;177;43;0;-1
TE212;03.01.2024;18;1.0;116;44;116;44;0;-1
TE212;03.01.2024;19;1.0;93;44;93;44;0;-1
TE212;03.01.2024;20;1.0;71;45;71;45;0;-1
TE212;03.01.2024;21;1.0;43;44;42;44;1;41
TE212;03.01.2024;22;1.0;32;46;32;46;0;-1
TE212;03.01.2024;23;1.0;27;47;27;47;0;-1
TE212;04.01.2024;0;1.0;15;49;15;49;0;-1
TE212;04.01.2024;1;1.0;10;45;10;45;0;-1
TE212;04.01.2024;2;1.0;9;48;9;48;0;-1
TE212;04.01.2024;3;1.0;4;48;4;48;0;-1
TE212;04.01.2024;4;1.0;3;53;3;53;0;-1
TE212;04.01.2024;5;1.0;13;50;13;50;0;-1
TE212;04.01.2024;6;1.0;37;48;36;48;1;47
TE212;04.01.2024;7;1.0;55;46;51;47;3;40
TE212;04.01.2024;8;1.0;79;52;78;52;1;48
TE212;04.01.2024;9;1.0;103;52;103;52;0;-1
TE212;04.01.2024;10;1.0;108;50;103;50;5;51
TE212;04.01.2024;11;1.0;124;51;121;51;3;50
TE212;04.01.2024;12;1.0;139;48;138;48;1;46
TE212;04.01.2024;13;1.0;157;50;156;50;1;46
TE212;04.01.2024;14;1.0;161;45;156;45;5;48
TE212;04.01.2024;15;1.0;181;46;175;46;7;44
TE212;04.01.2024;16;1.0;152;49;149;49;3;45
TE212;04.01.2024;17;1.0;122;50;120;50;2;50
TE212;04.01.2024;18;1.0;117;45;113;45;4;48
TE212;04.01.2024;19;1.0;87;46;87;46;0;-1
TE212;04.01.2024;20;1.0;47;46;47;46;0;-1
TE212;04.01.2024;21;1.0;57;47;57;47;0;-1
TE212;04.01.2024;22;1.0;49;47;49;47;0;-1
TE212;04.01.2024;23;1.0;19;46;19;46;0;-1
TE212;05.01.2024;0;1.0;16;51;16;51;0;-1
TE212;05.01.2024;1;1.0;7;47;7;47;0;-1
TE212;05.01.2024;2;1.0;8;49;8;49;0;-1
TE212;05.01.2024;3;1.0;5;51;4;50;1;57
TE212;05.01.2024;4;1.0;2;46;2;46;0;-1
TE212;05.01.2024;5;1.0;13;44;13;44;0;-1
TE212;05.01.2024;6;1.0;29;46;29;46;0;-1
TE212;05.01.2024;7;1.0;61;46;60;45;1;57
TE212;05.01.2024;8;1.0;96;39;96;39;0;-1
TE212;05.01.2024;9;1.0;100;44;100;44;0;-1
TE212;05.01.2024;10;1.0;143;43;143;43;0;-1
TE212;05.01.2024;11;1.0;131;51;130;51;1;50
TE212;05.01.2024;12;1.0;167;49;165;49;2;50
TE212;05.01.2024;13;1.0;141;50;139;50;2;52
TE212;05.01.2024;14;1.0;156;48;155;48;1;48
TE212;05.01.2024;15;1.0;174;46;174;46;0;-1
TE212;05.01.2024;16;1.0;137;48;136;48;1;50
TE212;05.01.2024;17;1.0;119;41;119;41;0;-1
TE212;05.01.2024;18;1.0;115;31;115;31;0;-1
TE212;05.01.2024;19;1.0;72;24;72;24;0;-1
TE212;05.01.2024;20;1.0;49;26;49;26;0;-1
TE212;05.01.2024;21;1.0;39;26;39;26;0;-1
TE212;05.01.2024;22;1.0;30;47;30;47;0;-1
TE212;05.01.2024;23;1.0;35;46;35;46;0;-1
TE212;06.01.2024;0;1.0;21;48;21;48;0;-1
TE212;06.01.2024;1;1.0;16;53;16;53;0;-1
TE212;06.01.2024;2;1.0;8;48;8;48;0;-1
TE212;06.01.2024;3;1.0;3;46;3;46;0;-1
TE212;06.01.2024;4;1.0;5;47;5;47;0;-1
TE212;06.01.2024;5;1.0;7;50;7;50;0;-1
TE212;06.01.2024;6;1.0;13;47;12;46;1;52
TE212;06.01.2024;7;1.0;15;51;15;51;0;-1
TE212;06.01.2024;8;1.0;53;49;53;49;0;-1
TE212;06.01.2024;9;1.0;75;52;75;52;0;-1
TE212;06.01.2024;10;1.0;105;50;102;50;3;51
TE212;06.01.2024;11;1.0;149;49;148;49;1;53
TE212;06.01.2024;12;1.0;180;49;178;49;2;48
TE212;06.01.2024;13;1.0;160;50;159;50;1;53
TE212;06.01.2024;14;1.0;173;45;173;45;0;-1
TE212;06.01.2024;15;1.0;180;40;180;40;0;-1
TE212;06.01.2024;16;1.0;83;48;81;48;2;46
TE212;06.01.2024;17;1.0;103;51;103;51;0;-1
TE212;06.01.2024;18;1.0;75;48;74;48;1;53
TE212;06.01.2024;19;1.0;65;48;64;48;1;49
TE212;06.01.2024;20;1.0;65;49;63;49;2;48
TE212;06.01.2024;21;1.0;43;44;43;44;0;-1
TE212;06.01.2024;22;1.0;46;51;46;51;0;-1
TE212;06.01.2024;23;1.0;40;49;40;49;0;-1
TE212;07.01.2024;0;1.0;28;52;28;52;0;-1
TE212;07.01.2024;1;1.0;18;47;17;47;1;53
TE212;07.01.2024;2;1.0;18;46;18;46;0;-1
TE212;07.01.2024;3;1.0;12;48;12;48;0;-1
TE212;07.01.2024;4;1.0;4;45;4;45;0;-1
TE212;07.01.2024;5;1.0;4;40;4;40;0;-1
TE212;07.01.2024;6;1.0;8;46;8;46;0;-1
TE212;07.01.2024;7;1.0;14;51;14;51;0;-1
TE212;07.01.2024;8;1.0;48;56;48;56;0;-1
TE212;07.01.2024;9;1.0;80;52;79;52;1;48
TE212;07.01.2024;10;1.0;100;50;100;50;0;-1
TE212;07.01.2024;11;1.0;103;48;103;48;0;-1
TE212;07.01.2024;12;1.0;162;40;162;40;0;-1
TE212;07.01.2024;13;1.0;184;45;184;45;0;-1
TE212;07.01.2024;14;1.0;196;47;196;47;0;-1
TE212;07.01.2024;15;1.0;168;40;168;40;0;-1
TE212;07.01.2024;16;1.0;97;43;97;43;0;-1
TE212;07.01.2024;17;1.0;97;34;97;34;0;-1
TE212;07.01.2024;18;1.0;83;49;83;49;0;-1
TE212;07.01.2024;19;1.0;62;47;62;47;0;-1
TE212;07.01.2024;20;1.0;42;50;42;50;0;-1
TE212;07.01.2024;21;1.0;39;46;39;46;0;-1
TE212;07.01.2024;22;1.0;24;49;24;49;0;-1
TE212;07.01.2024;23;1.0;8;52;8;52;0;-1
TE212;08.01.2024;0;1.0;6;48;6;48;0;-1
TE212;08.01.2024;1;1.0;6;44;6;44;0;-1
TE212;08.01.2024;2;1.0;6;45;6;45;0;-1
TE212;08.01.2024;3;1.0;7;47;7;47;0;-1
TE212;08.01.2024;4;1.0;8;39;8;39;0;-1
TE212;08.01.2024;5;1.0;19;49;19;49;0;-1
TE212;08.01.2024;6;1.0;40;43;40;43;0;-1
TE212;08.01.2024;7;1.0;106;46;105;46;1;45
TE212;08.01.2024;8;1.0;112;35;105;35;7;33
TE212;08.01.2024;9;1.0;96;38;96;38;0;-1
TE212;08.01.2024;10;1.0;112;46;112;46;0;-1
TE212;08.01.2024;11;1.0;166;39;166;39;0;-1
TE212;08.01.2024;12;1.0;137;42;137;42;0;-1
TE212;08.01.2024;13;1.0;194;44;191;44;3;45
TE212;08.01.2024;14;1.0;173;39;172;39;1;45
TE212;08.01.2024;15;1.0;211;31;209;31;1;39
TE212;08.01.2024;16;1.0;203;39;203;39;0;-1
TE212;08.01.2024;17;1.0;163;36;161;37;1;37
TE212;08.01.2024;18;1.0;178;37;177;37;1;37
TE212;08.01.2024;19;1.0;93;38;93;38;0;-1
TE212;08.01.2024;20;1.0;90;41;90;41;0;-1
TE212;08.01.2024;21;1.0;47;32;47;32;0;-1
TE212;08.01.2024;22;1.0;37;41;37;41;0;-1
TE212;08.01.2024;23;1.0;27;42;27;42;0;-1
TE212;09.01.2024;0;1.0;15;43;15;43;0;-1
TE212;09.01.2024;1;1.0;3;39;3;39;0;-1
TE212;09.01.2024;2;1.0;5;41;5;41;0;-1
TE212;09.01.2024;3;1.0;5;42;3;41;2;44
TE212;09.01.2024;4;1.0;7;48;7;48;0;-1
TE212;09.01.2024;5;1.0;17;45;16;45;1;45
TE212;09.01.2024;6;1.0;50;47;49;47;1;50
TE212;09.01.2024;7;1.0;106;40;103;40;2;43
TE212;09.01.2024;8;1.0;140;44;137;45;2;43
TE212;09.01.2024;9;1.0;94;39;94;39;0;-1
TE212;09.01.2024;10;1.0;155;42;155;42;0;-1
TE212;09.01.2024;11;1.0;170;40;170;40;0;-1
TE212;09.01.2024;12;1.0;166;41;161;41;4;44
TE212;09.01.2024;13;1.0;212;45;211;45;1;45
TE212;09.01.2024;14;1.0;238;44;235;44;3;44
TE212;09.01.2024;15;1.0;256;45;253;45;3;47
TE212;09.01.2024;16;1.0;222;44;222;44;0;-1
TE212;09.01.2024;17;1.0;189;45;189;45;0;-1
TE212;09.01.2024;18;1.0;157;42;157;42;0;-1
TE212;09.01.2024;19;1.0;119;45;119;45;0;-1
TE212;09.01.2024;20;1.0;88;38;88;38;0;-1
TE212;09.01.2024;21;1.0;64;47;64;47;0;-1
TE212;09.01.2024;22;1.0;47;41;46;41;1;39
TE212;09.01.2024;23;1.0;18;41;18;41;0;-1
TE212;10.01.2024;0;1.0;7;44;7;44;0;-1
TE212;10.01.2024;1;1.0;5;41;5;41;0;-1
TE212;10.01.2024;2;1.0;4;44;4;44;0;-1
TE212;10.01.2024;3;1.0;8;48;8;48;0;-1
TE212;10.01.2024;4;1.0;6;48;6;48;0;-1
TE212;10.01.2024;5;1.0;16;49;16;49;0;-1
TE212;10.01.2024;6;1.0;49;43;49;43;0;-1
TE212;10.01.2024;7;1.0;110;45;107;45;3;49
TE212;10.01.2024;8;1.0;157;45;152;45;5;52
TE212;10.01.2024;9;1.0;127;42;123;42;3;49
TE212;10.01.2024;10;1.0;148;46;147;46;1;44
TE212;10.01.2024;11;1.0;163;41;160;41;2;45
TE212;10.01.2024;12;1.0;210;45;206;45;4;44
TE212;10.01.2024;13;1.0;228;44;226;44;2;44
TE212;10.01.2024;14;1.0;240;42;236;42;4;46
TE212;10.01.2024;15;1.0;259;46;259;46;0;-1
TE212;10.01.2024;16;1.0;218;46;218;46;0;-1
TE212;10.01.2024;17;1.0;200;42;199;42;1;45
TE212;10.01.2024;18;1.0;160;46;159;46;1;48
TE212;10.01.2024;19;1.0;125;38;125;38;0;-1
TE212;10.01.2024;20;1.0;80;44;80;44;0;-1
TE212;10.01.2024;21;1.0;45;46;45;46;0;-1
TE212;10.01.2024;22;1.0;45;41;45;41;0;-1
TE212;10.01.2024;23;1.0;19;41;19;41;0;-1
TE212;11.01.2024;0;1.0;8;48;8;48;0;-1
TE212;11.01.2024;1;1.0;5;46;5;46;0;-1
TE212;11.01.2024;2;1.0;2;48;2;48;0;-1
TE212;11.01.2024;3;1.0;5;48;5;48;0;-1
TE212;11.01.2024;4;1.0;7;43;7;43;0;-1
TE212;11.01.2024;5;1.0;13;44;13;44;0;-1
TE212;11.01.2024;6;1.0;33;53;33;53;0;-1
TE212;11.01.2024;7;1.0;70;50;70;50;0;-1
TE212;11.01.2024;8;1.0;83;45;81;45;2;50
TE212;11.01.2024;9;1.0;111;46;111;46;0;-1
TE212;11.01.2024;10;1.0;132;48;129;48;3;47
TE212;11.01.2024;11;1.0;145;50;142;50;3;51
TE212;11.01.2024;12;1.0;146;45;143;45;3;44
TE212;11.01.2024;13;1.0;181;39;179;39;2;45
TE212;11.01.2024;14;1.0;236;41;233;42;2;38
TE212;11.01.2024;15;1.0;264;34;264;34;0;-1
TE212;11.01.2024;16;1.0;247;41;247;41;0;-1
TE212;11.01.2024;17;1.0;182;41;182;41;0;-1
TE212;11.01.2024;18;1.0;173;40;171;40;2;45
TE212;11.01.2024;19;1.0;126;36;125;36;1;46
TE212;11.01.2024;20;1.0;69;39;69;39;0;-1
TE212;11.01.2024;21;1.0;52;36;52;36;0;-1
TE212;11.01.2024;22;1.0;48;43;45;43;3;43
TE212;11.01.2024;23;1.0;28;43;28;43;0;-1
TE212;12.01.2024;0;1.0;20;43;19;43;1;48
TE212;12.01.2024;1;1.0;5;46;5;46;0;-1
TE212;12.01.2024;2;1.0;3;44;3;44;0;-1
TE212;12.01.2024;3;1.0;7;45;6;43;1;53
TE212;12.01.2024;4;1.0;4;43;3;42;1;48
TE212;12.01.2024;5;1.0;17;40;17;40;0;-1
TE212;12.01.2024;6;1.0;39;35;39;35;0;-1
TE212;12.01.2024;7;1.0;83;36;80;36;3;31
TE212;12.01.2024;8;1.0;137;44;136;44;1;50
TE212;12.01.2024;9;1.0;129;44;129;44;0;-1
TE212;12.01.2024;10;1.0;132;38;132;38;0;-1
TE212;12.01.2024;11;1.0;161;42;159;42;2;46
TE212;12.01.2024;12;1.0;161;41;161;41;0;-1
TE212;12.01.2024;13;1.0;184;44;183;44;1;45
TE212;12.01.2024;14;1.0;266;42;265;42;1;47
TE212;12.01.2024;15;1.0;229;46;228;46;1;46
TE212;12.01.2024;16;1.0;169;45;167;45;2;50
TE212;12.01.2024;17;1.0;146;40;146;40;0;-1
TE212;12.01.2024;18;1.0;130;46;130;46;0;-1
TE212;12.01.2024;19;1.0;94;45;94;45;0;-1
TE212;12.01.2024;20;1.0;57;42;57;42;0;-1
TE212;12.01.2024;21;1.0;54;42;54;42;0;-1
TE212;12.01.2024;22;1.0;50;44;50;44;0;-1
TE212;12.01.2024;23;1.0;37;43;37;43;0;-1
TE212;13.01.2024;0;1.0;18;47;18;47;0;-1
TE212;13.01.2024;1;1.0;17;47;17;47;0;-1
TE212;13.01.2024;2;1.0;8;52;8;52;0;-1
TE212;13.01.2024;3;1.0;8;52;8;52;0;-1
TE212;13.01.2024;4;1.0;6;48;6;48;0;-1
TE212;13.01.2024;5;1.0;9;50;9;50;0;-1
TE212;13.01.2024;6;1.0;17;53;16;53;1;54
TE212;13.01.2024;7;1.0;20;54;19;54;1;55
TE212;13.01.2024;8;1.0;55;43;55;43;0;-1
TE212;13.01.2024;9;1.0;97;41;97;41;0;-1
TE212;13.01.2024;10;1.0;123;47;123;47;0;-1
TE212;13.01.2024;11;1.0;162;43;162;43;0;-1
TE212;13.01.2024;12;1.0;151;42;149;42;1;47
TE212;13.01.2024;13;1.0;155;42;155;42;0;-1
TE212;13.01.2024;14;1.0;187;42;185;43;1;47
TE212;13.01.2024;15;1.0;156;44;154;43;2;46
TE212;13.01.2024;16;1.0;127;30;127;30;0;-1
TE212;13.01.2024;17;1.0;90;38;90;38;0;-1
TE212;13.01.2024;18;1.0;95;46;92;46;3;45
TE212;13.01.2024;19;1.0;72;44;72;44;0;-1
TE212;13.01.2024;20;1.0;57;44;57;44;0;-1
TE212;13.01.2024;21;1.0;49;44;49;44;0;-1
TE212;13.01.2024;22;1.0;40;35;40;35;0;-1
TE212;13.01.2024;23;1.0;31;45;30;45;1;47
TE212;14.01.2024;0;1.0;24;42;24;42;0;-1
TE212;14.01.2024;1;1.0;20;42;20;42;0;-1
TE212;14.01.2024;2;1.0;17;39;17;39;0;-1
TE212;14.01.2024;3;1.0;10;32;10;32;0;-1
TE212;14.01.2024;4;1.0;5;43;5;43;0;-1
TE212;14.01.2024;5;1.0;3;48;3;48;0;-1
TE212;14.01.2024;6;1.0;10;42;10;42;0;-1
TE212;14.01.2024;7;1.0;24;42;24;42;0;-1
TE212;14.01.2024;8;1.0;57;49;57;49;0;-1
TE212;14.01.2024;9;1.0;72;50;71;50;1;53
TE212;14.01.2024;10;1.0;155;47;153;47;2;48
TE212;14.01.2024;11;1.0;166;44;166;44;0;-1
TE212;14.01.2024;12;1.0;200;42;200;42;0;-1
TE212;14.01.2024;13;1.0;200;42;199;42;1;44
TE212;14.01.2024;14;1.0;193;40;193;40;0;-1
TE212;14.01.2024;15;1.0;185;31;185;31;0;-1
TE212;14.01.2024;16;1.0;97;37;97;37;0;-1
TE212;14.01.2024;17;1.0;80;50;80;50;0;-1
TE212;14.01.2024;18;1.0;72;47;72;47;0;-1
TE212;14.01.2024;19;1.0;72;44;72;44;0;-1
TE212;14.01.2024;20;1.0;40;45;40;45;0;-1
TE212;14.01.2024;21;1.0;31;42;31;42;0;-1
TE212;14.01.2024;22;1.0;24;47;24;47;0;-1
TE212;14.01.2024;23;1.0;16;49;16;49;0;-1
TE212;15.01.2024;0;1.0;26;50;25;50;1;49
TE212;15.01.2024;1;1.0;8;48;8;48;0;-1
TE212;15.01.2024;2;1.0;6;41;6;41;0;-1
TE212;15.01.2024;3;1.0;3;40;3;40;0;-1
TE212;15.01.2024;4;1.0;7;32;7;32;0;-1
TE212;15.01.2024;5;1.0;18;41;18;41;0;-1
TE212;15.01.2024;6;1.0;41;52;40;52;1;52
TE212;15.01.2024;7;1.0;85;46;83;46;2;51
TE212;15.01.2024;8;1.0;117;45;115;44;2;46
TE212;15.01.2024;9;1.0;137;34;135;34;2;38
TE212;15.01.2024;10;1.0;160;33;158;33;2;48
TE212;15.01.2024;11;1.0;157;45;155;45;2;50
TE212;15.01.2024;12;1.0;170;47;168;47;2;50
TE212;15.01.2024;13;1.0;175;49;171;49;4;49
TE212;15.01.2024;14;1.0;199;45;198;45;1;44
TE212;15.01.2024;15;1.0;279;42;278;42;1;44
TE212;15.01.2024;16;1.0;189;45;189;45;0;-1
TE212;15.01.2024;17;1.0;179;41;177;41;2;38
TE212;15.01.2024;18;1.0;180;36;180;36;0;-1
TE212;15.01.2024;19;1.0;110;45;110;45;0;-1
TE212;15.01.2024;20;1.0;61;45;60;45;1;48
TE212;15.01.2024;21;1.0;54;45;54;45;0;-1
TE212;15.01.2024;22;1.0;42;42;42;42;0;-1
TE212;15.01.2024;23;1.0;33;45;33;45;0;-1
TE212;16.01.2024;0;1.0;8;40;8;40;0;-1
TE212;16.01.2024;1;1.0;2;42;2;42;0;-1
TE212;16.01.2024;2;1.0;7;37;7;37;0;-1
TE212;16.01.2024;3;1.0;10;36;10;36;0;-1
TE212;16.01.2024;4;1.0;4;31;4;31;0;-1
TE212;16.01.2024;5;1.0;15;32;14;32;1;35
TE212;16.01.2024;6;1.0;47;35;47;35;0;-1
TE212;16.01.2024;7;1.0;136;32;135;33;1;30
TE212;16.01.2024;8;1.0;198;36;196;36;2;38
TE212;16.01.2024;9;1.0;139;37;136;37;3;37
TE212;16.01.2024;10;1.0;163;44;162;44;1;47
TE212;16.01.2024;11;1.0;174;45;173;45;1;46
TE212;16.01.2024;12;1.0;198;44;196;44;2;45
TE212;16.01.2024;13;1.0;203;45;203;45;0;-1
TE212;16.01.2024;14;1.0;236;42;236;42;0;-1
TE212;16.01.2024;15;1.0;299;45;298;45;1;46
TE212;16.01.2024;16;1.0;266;44;264;44;2;37
TE212;16.01.2024;17;1.0;284;41;284;41;0;-1
TE212;16.01.2024;18;1.0;228;41;227;41;1;49
TE212;16.01.2024;19;1.0;138;43;137;43;1;49
TE212;16.01.2024;20;1.0;98;46;98;46;0;-1
TE212;16.01.2024;21;1.0;62;42;62;42;0;-1
TE212;16.01.2024;22;1.0;60;40;60;40;0;-1
TE212;16.01.2024;23;1.0;23;38;23;38;0;-1
TE212;17.01.2024;0;1.0;12;40;12;40;0;-1
TE212;17.01.2024;1;1.0;9;43;9;43;0;-1
TE212;17.01.2024;2;1.0;5;44;5;44;0;-1
TE212;17.01.2024;3;1.0;7;47;7;47;0;-1
TE212;17.01.2024;4;1.0;4;40;4;40;0;-1
TE212;17.01.2024;5;1.0;25;44;25;44;0;-1
TE212;17.01.2024;6;1.0;52;42;50;42;2;43
TE212;17.01.2024;7;1.0;116;41;113;41;3;41
TE212;17.01.2024;8;1.0;212;43;209;43;3;43
TE212;17.01.2024;9;1.0;160;43;156;43;4;42
TE212;17.01.2024;10;1.0;162;42;162;42;0;-1
TE212;17.01.2024;11;1.0;194;44;193;44;1;46
TE212;17.01.2024;12;1.0;197;39;193;39;4;43
TE212;17.01.2024;13;1.0;225;44;224;44;1;48
TE212;17.01.2024;14;1.0;268;45;266;45;2;42
TE212;17.01.2024;15;1.0;263;41;262;41;1;48
TE212;17.01.2024;16;1.0;264;43;263;43;1;48
TE212;17.01.2024;17;1.0;218;43;217;43;1;40
TE212;17.01.2024;18;1.0;193;41;193;41;0;-1
TE212;17.01.2024;19;1.0;99;42;99;42;0;-1
TE212;17.01.2024;20;1.0;84;38;84;38;0;-1
TE212;17.01.2024;21;1.0;71;45;71;45;0;-1
TE212;17.01.2024;22;1.0;38;47;38;47;0;-1
TE212;17.01.2024;23;1.0;25;48;25;48;0;-1
TE212;18.01.2024;0;1.0;12;52;12;52;0;-1
TE212;18.01.2024;1;1.0;8;44;8;44;0;-1
TE212;18.01.2024;2;1.0;7;49;7;49;0;-1
TE212;18.01.2024;3;1.0;2;50;2;50;0;-1
TE212;18.01.2024;4;1.0;10;44;9;44;1;53
TE212;18.01.2024;5;1.0;19;47;19;47;0;-1
TE212;18.01.2024;6;1.0;60;43;60;43;0;-1
TE212;18.01.2024;7;1.0;126;43;126;43;0;-1
TE212;18.01.2024;8;1.0;191;44;190;44;1;43
TE212;18.01.2024;9;1.0;177;44;176;44;1;46
TE212;18.01.2024;10;1.0;168;45;167;45;1;47
TE212;18.01.2024;11;1.0;179;44;179;44;0;-1
TE212;18.01.2024;12;1.0;189;45;188;45;1;48
TE212;18.01.2024;13;1.0;226;42;224;42;2;42
TE212;18.01.2024;14;1.0;255;37;252;37;3;46
TE212;18.01.2024;15;1.0;292;42;291;42;1;42
TE212;18.01.2024;16;1.0;295;35;292;35;2;44
TE212;18.01.2024;17;1.0;210;38;210;38;0;-1
TE212;18.01.2024;18;1.0;200;38;200;38;0;-1
TE212;18.01.2024;19;1.0;141;38;141;38;0;-1
TE212;18.01.2024;20;1.0;102;43;102;43;0;-1
TE212;18.01.2024;21;1.0;81;39;81;39;0;-1
TE212;18.01.2024;22;1.0;63;39;63;39;0;-1
TE212;18.01.2024;23;1.0;39;39;39;39;0;-1
TE212;19.01.2024;0;1.0;18;46;18;46;0;-1
TE212;19.01.2024;1;1.0;7;45;7;45;0;-1
TE212;19.01.2024;2;1.0;3;48;3;48;0;-1
TE212;19.01.2024;3;1.0;8;38;8;38;0;-1
TE212;19.01.2024;4;1.0;7;43;6;44;1;42
TE212;19.01.2024;5;1.0;13;42;13;42;0;-1
TE212;19.01.2024;6;1.0;49;43;49;43;0;-1
TE212;19.01.2024;7;1.0;147;42;144;42;3;41
TE212;19.01.2024;8;1.0;193;41;192;41;1;43
TE212;19.01.2024;9;1.0;176;38;169;38;7;36
TE212;19.01.2024;10;1.0;240;41;240;41;0;-1
TE212;19.01.2024;11;1.0;232;39;224;39;8;44
TE212;19.01.2024;12;1.0;292;37;290;37;2;38
TE212;19.01.2024;13;1.0;299;35;296;35;3;41
TE212;19.01.2024;14;1.0;381;38;379;38;2;44
TE212;19.01.2024;15;1.0;348;41;345;41;3;40
TE212;19.01.2024;16;1.0;274;42;274;42;0;-1
TE212;19.01.2024;17;1.0;196;39;196;39;0;-1
TE212;19.01.2024;18;1.0;195;40;195;40;0;-1
TE212;19.01.2024;19;1.0;133;38;133;38;0;-1
TE212;19.01.2024;20;1.0;84;40;83;40;1;33
TE212;19.01.2024;21;1.0;64;40;64;40;0;-1
TE212;19.01.2024;22;1.0;55;41;55;41;0;-1
TE212;19.01.2024;23;1.0;46;38;46;38;0;-1
TE212;20.01.2024;0;1.0;32;41;32;41;0;-1
TE212;20.01.2024;1;1.0;8;40;8;40;0;-1
TE212;20.01.2024;2;1.0;16;43;15;42;1;47
TE212;20.01.2024;3;1.0;10;38;10;38;0;-1
TE212;20.01.2024;4;1.0;3;40;3;40;0;-1
TE212;20.01.2024;5;1.0;5;41;5;41;0;-1
TE212;20.01.2024;6;1.0;15;43;15;43;0;-1
TE212;20.01.2024;7;1.0;34;41;34;41;0;-1
TE212;20.01.2024;8;1.0;71;42;71;42;0;-1
TE212;20.01.2024;9;1.0;116;42;114;42;2;47
TE212;20.01.2024;10;1.0;177;40;173;41;3;47
TE212;20.01.2024;11;1.0;191;38;191;38;0;-1
TE212;20.01.2024;12;1.0;237;39;237;39;0;-1
TE212;20.01.2024;13;1.0;302;38;302;38;0;-1
TE212;20.01.2024;14;1.0;249;38;246;38;3;36
TE212;20.01.2024;15;1.0;240;43;238;43;2;46
TE212;20.01.2024;16;1.0;167;39;167;39;0;-1
TE212;20.01.2024;17;1.0;132;36;132;36;0;-1
TE212;20.01.2024;18;1.0;140;42;140;42;0;-1
TE212;20.01.2024;19;1.0;97;41;97;41;0;-1
TE212;20.01.2024;20;1.0;64;39;64;39;0;-1
TE212;20.01.2024;21;1.0;59;37;59;37;0;-1
TE212;20.01.2024;22;1.0;55;39;55;39;0;-1
TE212;20.01.2024;23;1.0;58;38;58;38;0;-1
TE212;21.01.2024;0;1.0;46;38;46;38;0;-1
TE212;21.01.2024;1;1.0;26;39;26;39;0;-1
TE212;21.01.2024;2;1.0;19;41;17;43;1;51
TE212;21.01.2024;3;1.0;10;46;10;46;0;-1
TE212;21.01.2024;4;1.0;6;48;6;48;0;-1
TE212;21.01.2024;5;1.0;8;46;8;46;0;-1
TE212;21.01.2024;6;1.0;8;46;8;46;0;-1
TE212;21.01.2024;7;1.0;16;47;16;47;0;-1
TE212;21.01.2024;8;1.0;35;48;35;48;0;-1
TE212;21.01.2024;9;1.0;84;44;83;44;1;42
TE212;21.01.2024;10;1.0;163;42;159;42;4;43
TE212;21.01.2024;11;1.0;188;42;186;42;2;38
TE212;21.01.2024;12;1.0;274;40;274;40;0;-1
TE212;21.01.2024;13;1.0;241;41;240;41;1;42
TE212;21.01.2024;14;1.0;256;38;256;38;0;-1
TE212;21.01.2024;15;1.0;232;39;232;39;0;-1
TE212;21.01.2024;16;1.0;219;36;219;36;0;-1
TE212;21.01.2024;17;1.0;162;38;162;38;0;-1
TE212;21.01.2024;18;1.0;137;34;137;34;0;-1
TE212;21.01.2024;19;1.0;79;30;79;30;0;-1
TE212;21.01.2024;20;1.0;44;35;44;35;0;-1
TE212;21.01.2024;21;1.0;35;29;35;29;0;-1
TE212;21.01.2024;22;1.0;34;31;34;31;0;-1
TE212;21.01.2024;23;1.0;14;31;14;31;0;-1
TE212;22.01.2024;0;1.0;7;31;7;31;0;-1
TE212;22.01.2024;1;1.0;3;34;3;34;0;-1
TE212;22.01.2024;2;1.0;7;30;7;30;0;-1
TE212;22.01.2024;3;1.0;4;34;4;34;0;-1
TE212;22.01.2024;4;1.0;3;33;3;33;0;-1
TE212;22.01.2024;5;1.0;23;38;23;38;0;-1
TE212;22.01.2024;6;1.0;54;42;52;42;2;41
TE212;22.01.2024;7;1.0;129;42;126;42;3;40
TE212;22.01.2024;8;1.0;166;48;163;48;3;48
TE212;22.01.2024;9;1.0;131;45;125;45;6;46
TE212;22.01.2024;10;1.0;170;34;168;34;2;34
TE212;22.01.2024;11;1.0;174;35;174;35;0;-1
TE212;22.01.2024;12;1.0;173;37;170;37;3;42
TE212;22.01.2024;13;1.0;193;41;191;41;2;37
TE212;22.01.2024;14;1.0;242;37;236;37;6;38
TE212;22.01.2024;15;1.0;234;33;234;33;0;-1
TE212;22.01.2024;16;1.0;233;43;230;43;3;44
TE212;22.01.2024;17;1.0;176;41;175;41;1;41
TE212;22.01.2024;18;1.0;152;40;151;40;1;48
TE212;22.01.2024;19;1.0;138;25;138;25;0;-1
TE212;22.01.2024;20;1.0;91;36;91;36;0;-1
TE212;22.01.2024;21;1.0;60;34;60;34;0;-1
TE212;22.01.2024;22;1.0;52;41;52;41;0;-1
TE212;22.01.2024;23;1.0;32;40;32;40;0;-1
TE212;23.01.2024;0;1.0;15;40;15;40;0;-1
TE212;23.01.2024;1;1.0;5;43;5;43;0;-1
TE212;23.01.2024;2;1.0;7;38;7;38;0;-1
TE212;23.01.2024;3;1.0;11;29;11;29;0;-1
TE212;23.01.2024;4;1.0;3;39;3;39;0;-1
TE212;23.01.2024;5;1.0;17;43;17;43;0;-1
TE212;23.01.2024;6;1.0;40;42;40;42;0;-1
TE212;23.01.2024;7;1.0;131;44;130;44;1;54
TE212;23.01.2024;8;1.0;187;42;181;42;5;48
TE212;23.01.2024;9;1.0;133;45;128;45;5;45
TE212;23.01.2024;10;1.0;149;40;146;40;3;38
TE212;23.01.2024;11;1.0;173;47;169;47;4;44
TE212;23.01.2024;12;1.0;176;46;174;46;2;45
TE212;23.01.2024;13;1.0;188;45;188;45;0;-1
TE212;23.01.2024;14;1.0;222;44;221;44;1;45
TE212;23.01.2024;15;1.0;302;44;297;44;5;48
TE212;23.01.2024;16;1.0;294;40;292;40;2;42
TE212;23.01.2024;17;1.0;218;40;217;40;1;44
TE212;23.01.2024;18;1.0;203;43;203;43;0;-1
TE212;23.01.2024;19;1.0;134;43;132;43;2;42
TE212;23.01.2024;20;1.0;94;47;94;47;0;-1
TE212;23.01.2024;21;1.0;66;47;66;47;0;-1
TE212;23.01.2024;22;1.0;45;44;45;44;0;-1
TE212;23.01.2024;23;1.0;21;40;21;40;0;-1
TE212;24.01.2024;0;1.0;14;42;14;42;0;-1
TE212;24.01.2024;1;1.0;3;44;3;44;0;-1
TE212;24.01.2024;2;1.0;7;46;7;46;0;-1
TE212;24.01.2024;3;1.0;7;43;7;43;0;-1
TE212;24.01.2024;4;1.0;6;49;6;49;0;-1
TE212;24.01.2024;5;1.0;23;44;23;44;0;-1
TE212;24.01.2024;6;1.0;44;48;41;48;3;48
TE212;24.01.2024;7;1.0;113;52;105;52;8;52
TE212;24.01.2024;8;1.0;164;46;155;46;9;47
TE212;24.01.2024;9;1.0;142;47;138;47;4;47
TE212;24.01.2024;10;1.0;139;47;133;47;6;50
TE212;24.01.2024;11;1.0;162;47;157;47;5;45
TE212;24.01.2024;12;1.0;176;40;173;40;3;41
TE212;24.01.2024;13;1.0;195;46;188;46;7;47
TE212;24.01.2024;14;1.0;250;47;237;47;13;47
TE212;24.01.2024;15;1.0;250;42;247;42;3;47
TE212;24.01.2024;16;1.0;309;44;306;44;3;45
TE212;24.01.2024;17;1.0;249;40;248;40;1;39
TE212;24.01.2024;18;1.0;216;40;216;40;0;-1
TE212;24.01.2024;19;1.0;114;46;114;46;0;-1
TE212;24.01.2024;20;1.0;89;46;89;46;0;-1
TE212;24.01.2024;21;1.0;58;45;58;45;0;-1
TE212;24.01.2024;22;1.0;44;44;44;44;0;-1
TE212;24.01.2024;23;1.0;28;50;27;50;1;50
TE212;25.01.2024;0;1.0;7;46;7;46;0;-1
TE212;25.01.2024;1;1.0;9;50;9;50;0;-1
TE212;25.01.2024;2;1.0;5;47;5;47;0;-1
TE212;25.01.2024;3;1.0;4;48;4;48;0;-1
TE212;25.01.2024;4;1.0;6;51;6;51;0;-1
TE212;25.01.2024;5;1.0;15;48;15;48;0;-1
TE212;25.01.2024;6;1.0;42;49;40;49;2;48
TE212;25.01.2024;7;1.0;122;48;120;48;2;49
TE212;25.01.2024;8;1.0;205;46;202;46;3;43
TE212;25.01.2024;9;1.0;151;46;146;46;5;46
TE212;25.01.2024;10;1.0;220;42;212;42;8;46
TE212;25.01.2024;11;1.0;224;39;216;39;8;40
TE212;25.01.2024;12;1.0;252;42;252;42;0;-1
TE212;25.01.2024;13;1.0;241;45;238;45;3;46
TE212;25.01.2024;14;1.0;254;44;253;44;1;46
TE212;25.01.2024;15;1.0;296;41;293;41;3;40
TE212;25.01.2024;16;1.0;319;39;317;39;2;40
TE212;25.01.2024;17;1.0;258;33;258;33;0;-1
TE212;25.01.2024;18;1.0;225;38;220;38;5;43
TE212;25.01.2024;19;1.0;128;41;127;41;1;41
TE212;25.01.2024;20;1.0;91;40;91;40;0;-1
TE212;25.01.2024;21;1.0;74;45;74;45;0;-1
TE212;25.01.2024;22;1.0;64;39;64;39;0;-1
TE212;25.01.2024;23;1.0;35;35;35;35;0;-1
TE212;26.01.2024;0;1.0;16;41;16;41;0;-1
TE212;26.01.2024;1;1.0;3;39;3;39;0;-1
TE212;26.01.2024;2;1.0;3;40;3;40;0;-1
TE212;26.01.2024;3;1.0;7;44;7;44;0;-1
TE212;26.01.2024;4;1.0;6;40;6;40;0;-1
TE212;26.01.2024;5;1.0;16;44;16;44;0;-1
TE212;26.01.2024;6;1.0;41;43;40;43;1;48
TE212;26.01.2024;7;1.0;108;44;107;44;1;53
TE212;26.01.2024;8;1.0;148;43;146;43;2;50
TE212;26.01.2024;9;1.0;138;48;135;48;3;50
TE212;26.01.2024;10;1.0;158;47;154;47;4;47
TE212;26.01.2024;11;1.0;185;43;183;43;2;40
TE212;26.01.2024;12;1.0;192;42;188;42;4;45
TE212;26.01.2024;13;1.0;226;43;222;43;4;47
TE212;26.01.2024;14;1.0;268;43;265;43;3;41
TE212;26.01.2024;15;1.0;335;48;326;48;9;49
TE212;26.01.2024;16;1.0;249;48;246;48;3;49
TE212;26.01.2024;17;1.0;180;45;179;45;1;46
TE212;26.01.2024;18;1.0;165;47;162;47;3;45
TE212;26.01.2024;19;1.0;105;47;104;47;1;40
TE212;26.01.2024;20;1.0;88;43;87;43;1;40
TE212;26.01.2024;21;1.0;59;43;59;43;0;-1
TE212;26.01.2024;22;1.0;57;43;56;43;1;40
TE212;26.01.2024;23;1.0;35;40;33;40;2;45
TE212;27.01.2024;0;1.0;29;46;29;46;0;-1
TE212;27.01.2024;1;1.0;16;49;16;49;0;-1
TE212;27.01.2024;2;1.0;8;50;8;50;0;-1
TE212;27.01.2024;3;1.0;9;40;9;40;0;-1
TE212;27.01.2024;4;1.0;10;47;10;47;0;-1
TE212;27.01.2024;5;1.0;8;49;8;49;0;-1
TE212;27.01.2024;6;1.0;10;43;10;43;0;-1
TE212;27.01.2024;7;1.0;27;34;27;34;0;-1
TE212;27.01.2024;8;1.0;76;48;76;48;0;-1
TE212;27.01.2024;9;1.0;133;45;132;45;1;43
TE212;27.01.2024;10;1.0;182;47;182;47;0;-1
TE212;27.01.2024;11;1.0;234;47;234;47;0;-1
TE212;27.01.2024;12;1.0;166;46;166;46;0;-1
TE212;27.01.2024;13;1.0;253;47;253;47;0;-1
TE212;27.01.2024;14;1.0;249;44;248;44;1;45
TE212;27.01.2024;15;1.0;243;39;243;39;0;-1
TE212;27.01.2024;16;1.0;177;41;177;41;0;-1
TE212;27.01.2024;17;1.0;171;41;170;41;1;45
TE212;27.01.2024;18;1.0;171;37;171;37;0;-1
TE212;27.01.2024;19;1.0;81;45;81;45;0;-1
TE212;27.01.2024;20;1.0;78;45;77;45;1;40
TE212;27.01.2024;21;1.0;46;41;46;41;0;-1
TE212;27.01.2024;22;1.0;55;45;54;45;1;48
TE212;27.01.2024;23;1.0;40;42;40;42;0;-1
TE212;28.01.2024;0;1.0;33;40;33;40;0;-1
TE212;28.01.2024;1;1.0;22;41;22;41;0;-1
TE212;28.01.2024;2;1.0;17;43;17;43;0;-1
TE212;28.01.2024;3;1.0;7;46;7;46;0;-1
TE212;28.01.2024;4;1.0;4;50;4;50;0;-1
TE212;28.01.2024;5;1.0;10;54;10;54;0;-1
TE212;28.01.2024;6;1.0;6;43;6;43;0;-1
TE212;28.01.2024;7;1.0;26;46;26;46;0;-1
TE212;28.01.2024;8;1.0;54;46;54;46;0;-1
TE212;28.01.2024;9;1.0;117;45;117;45;0;-1
TE212;28.01.2024;10;1.0;202;44;202;44;0;-1
TE212;28.01.2024;11;1.0;290;43;289;43;1;48
TE212;28.01.2024;12;1.0;330;42;326;42;4;40
TE212;28.01.2024;13;1.0;359;41;358;41;1;41
TE212;28.01.2024;14;1.0;335;42;334;42;1;38
TE212;28.01.2024;15;1.0;285;44;285;44;0;-1
TE212;28.01.2024;16;1.0;196;43;195;43;1;43
TE212;28.01.2024;17;1.0;129;43;128;43;1;45
TE212;28.01.2024;18;1.0;109;46;109;46;0;-1
TE212;28.01.2024;19;1.0;88;41;88;41;0;-1
TE212;28.01.2024;20;1.0;50;42;50;42;0;-1
TE212;28.01.2024;21;1.0;41;44;41;44;0;-1
TE212;28.01.2024;22;1.0;29;47;29;47;0;-1
TE212;28.01.2024;23;1.0;19;46;19;46;0;-1
TE212;29.01.2024;0;1.0;10;50;10;50;0;-1
TE212;29.01.2024;1;1.0;8;48;7;47;1;53
TE212;29.01.2024;2;1.0;6;44;6;44;0;-1
TE212;29.01.2024;3;1.0;5;40;5;40;0;-1
TE212;29.01.2024;4;1.0;6;48;6;48;0;-1
TE212;29.01.2024;5;1.0;24;46;23;46;1;47
TE212;29.01.2024;6;1.0;49;48;48;48;1;44
TE212;29.01.2024;7;1.0;107;48;105;48;2;44
TE212;29.01.2024;8;1.0;148;45;147;45;1;47
TE212;29.01.2024;9;1.0;157;46;155;46;2;47
TE212;29.01.2024;10;1.0;175;47;171;47;4;45
TE212;29.01.2024;11;1.0;184;45;182;45;2;46
TE212;29.01.2024;12;1.0;192;44;189;44;3;46
TE212;29.01.2024;13;1.0;237;45;235;45;2;44
TE212;29.01.2024;14;1.0;225;44;224;44;1;44
TE212;29.01.2024;15;1.0;261;45;259;45;2;44
TE212;29.01.2024;16;1.0;269;44;267;44;2;44
TE212;29.01.2024;17;1.0;211;39;209;40;1;43
TE212;29.01.2024;18;1.0;161;46;161;46;0;-1
TE212;29.01.2024;19;1.0;101;46;101;46;0;-1
TE212;29.01.2024;20;1.0;85;44;85;44;0;-1
TE212;29.01.2024;21;1.0;58;45;58;45;0;-1
TE212;29.01.2024;22;1.0;44;45;43;45;1;43
TE212;29.01.2024;23;1.0;33;46;33;46;0;-1
TE212;30.01.2024;0;1.0;15;49;14;49;1;43
TE212;30.01.2024;1;1.0;8;52;8;52;0;-1
TE212;30.01.2024;2;1.0;3;50;2;48;1;52
TE212;30.01.2024;3;1.0;6;49;5;48;1;53
TE212;30.01.2024;4;1.0;6;48;5;46;1;55
TE212;30.01.2024;5;1.0;18;49;18;49;0;-1
TE212;30.01.2024;6;1.0;56;46;56;46;0;-1
TE212;30.01.2024;7;1.0;116;43;115;43;1;40
TE212;30.01.2024;8;1.0;200;48;196;48;4;48
TE212;30.01.2024;9;1.0;180;48;175;48;5;48
TE212;30.01.2024;10;1.0;187;45;180;45;7;48
TE212;30.01.2024;11;1.0;184;44;179;44;5;45
TE212;30.01.2024;12;1.0;198;43;194;43;4;43
TE212;30.01.2024;13;1.0;199;45;195;45;4;46
TE212;30.01.2024;14;1.0;257;46;253;45;4;47
TE212;30.01.2024;15;1.0;297;46;294;46;3;47
TE212;30.01.2024;16;1.0;276;44;274;44;2;44
TE212;30.01.2024;17;1.0;222;44;220;44;2;42
TE212;30.01.2024;18;1.0;189;46;188;46;1;46
TE212;30.01.2024;19;1.0;143;42;142;42;1;41
TE212;30.01.2024;20;1.0;86;46;86;46;0;-1
TE212;30.01.2024;21;1.0;89;43;89;43;0;-1
TE212;30.01.2024;22;1.0;53;40;53;40;0;-1
TE212;30.01.2024;23;1.0;36;46;36;46;0;-1
TE212;31.01.2024;0;1.0;8;42;8;42;0;-1
TE212;31.01.2024;1;1.0;3;43;3;43;0;-1
TE212;31.01.2024;2;1.0;4;42;4;42;0;-1
TE212;31.01.2024;3;1.0;6;44;6;44;0;-1
TE212;31.01.2024;4;1.0;9;48;8;49;1;42
TE212;31.01.2024;5;1.0;24;51;24;51;0;-1
TE212;31.01.2024;6;1.0;49;46;48;46;1;42
TE212;31.01.2024;7;1.0;130;47;122;47;8;49
TE212;31.01.2024;8;1.0;176;49;168;49;8;49
TE212;31.01.2024;9;1.0;133;44;130;43;3;44
TE212;31.01.2024;10;1.0;175;44;173;44;2;42
TE212;31.01.2024;11;1.0;190;44;190;44;0;-1
TE212;31.01.2024;12;1.0;177;43;173;43;4;41
TE212;31.01.2024;13;1.0;214;29;213;29;1;46
TE212;31.01.2024;14;1.0;196;35;194;35;2;20
TE212;31.01.2024;15;1.0;242;46;241;46;1;49
TE212;31.01.2024;16;1.0;250;43;246;43;4;48
TE212;31.01.2024;17;1.0;194;44;192;44;2;44
TE212;31.01.2024;18;1.0;164;40;164;40;0;-1
TE212;31.01.2024;19;1.0;138;42;138;42;0;-1
TE212;31.01.2024;20;1.0;82;38;82;38;0;-1
TE212;31.01.2024;21;1.0;47;37;47;37;0;-1
TE212;31.01.2024;22;1.0;60;46;60;46;0;-1
TE212;31.01.2024;23;1.0;121;50;121;50;0;-1
TE213;03.01.2024;14;1.0;948;56;922;56;26;56
TE213;03.01.2024;15;1.0;1021;50;993;50;29;50
TE213;03.01.2024;16;1.0;1049;46;1022;46;26;47
TE213;03.01.2024;17;1.0;1020;55;997;55;23;54
TE213;03.01.2024;18;1.0;860;50;842;51;17;50
TE213;03.01.2024;19;1.0;692;54;682;54;10;52
TE213;03.01.2024;20;1.0;513;52;498;52;15;50
TE213;03.01.2024;21;1.0;464;53;454;53;9;54
TE213;03.01.2024;22;1.0;353;54;341;54;13;49
TE213;03.01.2024;23;1.0;320;56;310;56;10;55
TE213;04.01.2024;5;1.0;248;68;245;68;3;60
TE213;04.01.2024;6;1.0;417;65;414;65;3;50
TE222;01.01.2024;0;1.0;38;47;34;47;4;44
TE222;01.01.2024;1;1.0;110;44;107;44;3;44
TE222;01.01.2024;2;1.0;114;46;111;46;3;45
TE222;01.01.2024;3;1.0;68;46;64;46;4;44
TE222;01.01.2024;4;1.0;57;49;54;49;3;38
TE222;01.01.2024;5;1.0;47;45;45;45;2;43
TE222;01.01.2024;6;1.0;33;46;31;46;2;46
TE222;01.01.2024;7;1.0;26;43;23;44;3;39
TE222;01.01.2024;8;1.0;23;48;20;49;3;40
TE222;01.01.2024;9;1.0;28;45;25;46;3;43
TE222;01.01.2024;10;1.0;58;44;53;44;5;45
TE222;01.01.2024;11;1.0;105;44;97;44;8;43
TE222;01.01.2024;12;1.0;137;44;130;44;7;44
TE222;01.01.2024;13;1.0;151;42;144;42;7;41
TE222;01.01.2024;14;1.0;186;43;178;43;8;43
TE222;01.01.2024;15;1.0;178;40;170;40;8;40
TE222;01.01.2024;16;1.0;189;37;180;37;9;34
TE222;01.01.2024;17;1.0;155;44;149;44;6;41
TE222;01.01.2024;18;1.0;130;46;120;46;10;47
TE222;01.01.2024;19;1.0;110;48;101;48;9;47
TE222;01.01.2024;20;1.0;103;48;96;48;7;50
TE222;01.01.2024;21;1.0;90;46;84;46;6;44
TE222;01.01.2024;22;1.0;58;49;54;49;4;48
TE222;01.01.2024;23;1.0;30;48;27;48;3;48
TE222;02.01.2024;0;1.0;30;48;26;48;4;47
TE222;02.01.2024;1;1.0;12;50;10;52;2;43
TE222;02.01.2024;2;1.0;12;47;10;46;2;50
TE222;02.01.2024;3;1.0;17;43;15;43;2;36
TE222;02.01.2024;4;1.0;23;46;21;46;2;43
TE222;02.01.2024;5;1.0;118;42;115;42;3;46
TE222;02.01.2024;6;1.0;208;36;204;36;4;37
TE222;02.01.2024;7;1.0;313;34;300;34;13;36
TE222;02.01.2024;8;1.0;320;35;312;35;8;36
TE222;02.01.2024;9;1.0;299;40;284;40;15;40
TE222;02.01.2024;10;1.0;296;41;289;41;7;40
TE222;02.01.2024;11;1.0;311;39;304;39;7;37
TE222;02.01.2024;12;1.0;287;37;281;37;5;39
TE222;02.01.2024;13;1.0;325;42;316;42;9;42
TE222;02.01.2024;14;1.0;326;44;318;44;8;44
TE222;02.01.2024;15;1.0;354;42;347;42;7;40
TE222;02.01.2024;16;1.0;349;38;339;38;10;37
TE222;02.01.2024;17;1.0;282;43;275;43;7;38
TE222;02.01.2024;18;1.0;235;45;227;45;8;44
TE222;02.01.2024;19;1.0;192;45;185;45;7;45
TE222;02.01.2024;20;1.0;118;44;111;44;7;43
TE222;02.01.2024;21;1.0;94;43;90;43;4;43
TE222;02.01.2024;22;1.0;87;43;84;43;3;44
TE222;02.01.2024;23;1.0;46;44;42;45;4;43
TE222;03.01.2024;0;1.0;43;43;40;43;3;44
TE222;03.01.2024;1;1.0;14;48;12;48;2;48
TE222;03.01.2024;2;1.0;10;53;8;54;2;48
TE222;03.01.2024;3;1.0;25;43;21;42;4;47
TE222;03.01.2024;4;1.0;29;39;25;39;4;39
TE222;03.01.2024;5;1.0;122;43;113;43;9;42
TE222;03.01.2024;6;1.0;249;37;235;37;14;37
TE222;03.01.2024;7;1.0;358;35;344;35;14;35
TE222;03.01.2024;8;1.0;391;35;370;35;21;35
TE222;03.01.2024;9;1.0;354;36;334;36;20;35
TE222;03.01.2024;10;1.0;358;36;338;36;20;36
TE222;03.01.2024;11;1.0;348;38;332;38;16;38
TE222;03.01.2024;12;1.0;328;37;314;37;14;35
TE222;03.01.2024;13;1.0;354;36;340;36;14;36
TE222;03.01.2024;14;1.0;353;37;342;37;11;37
TE222;03.01.2024;15;1.0;352;36;341;36;11;35
TE222;03.01.2024;16;1.0;364;36;357;36;7;34
TE222;03.01.2024;17;1.0;321;38;311;38;10;39
TE222;03.01.2024;18;1.0;301;41;288;41;13;42
TE222;03.01.2024;19;1.0;186;44;178;44;8;44
TE222;03.01.2024;20;1.0;160;46;150;46;10;46
TE222;03.01.2024;21;1.0;119;47;113;47;6;44
TE222;03.01.2024;22;1.0;85;44;81;44;4;45
TE222;03.01.2024;23;1.0;44;46;40;46;4;42
TE222;04.01.2024;0;1.0;26;50;22;51;4;46
TE222;04.01.2024;1;1.0;14;49;13;50;1;40
TE222;04.01.2024;2;1.0;11;48;9;48;2;46
TE222;04.01.2024;3;1.0;18;47;17;46;1;50
TE222;04.01.2024;4;1.0;26;54;24;55;2;50
TE222;04.01.2024;5;1.0;109;51;106;51;3;51
TE222;04.01.2024;6;1.0;226;41;218;41;8;40
TE222;04.01.2024;7;1.0;367;35;352;35;15;36
TE222;04.01.2024;8;1.0;478;32;456;32;22;32
TE222;04.01.2024;9;1.0;389;34;370;34;19;34
TE222;04.01.2024;10;1.0;392;35;368;35;24;34
TE222;04.01.2024;11;1.0;358;36;343;36;15;37
TE222;04.01.2024;12;1.0;390;37;379;37;11;35
TE222;04.01.2024;13;1.0;376;37;361;37;15;36
TE222;04.01.2024;14;1.0;400;35;391;35;9;38
TE222;04.01.2024;15;1.0;406;36;394;36;12;35
TE222;04.01.2024;16;1.0;387;38;372;38;15;39
TE222;04.01.2024;17;1.0;348;36;341;36;7;37
TE222;04.01.2024;18;1.0;288;39;282;39;6;38
TE222;04.01.2024;19;1.0;205;43;199;43;6;43
TE222;04.01.2024;20;1.0;125;42;119;42;7;38
TE222;04.01.2024;21;1.0;96;46;90;46;6;43
TE222;04.01.2024;22;1.0;73;49;68;49;5;49
TE222;04.01.2024;23;1.0;50;42;47;42;3;41
TE222;05.01.2024;0;1.0;22;53;18;53;4;54
TE222;05.01.2024;1;1.0;9;44;7;48;2;27
TE222;05.01.2024;2;1.0;9;50;7;50;2;50
TE222;05.01.2024;3;1.0;13;50;11;50;2;48
TE222;05.01.2024;4;1.0;39;48;37;48;2;48
TE222;05.01.2024;5;1.0;119;47;111;47;8;46
TE222;05.01.2024;6;1.0;240;37;230;37;10;36
TE222;05.01.2024;7;1.0;333;31;321;31;12;31
TE222;05.01.2024;8;1.0;363;41;351;41;12;40
TE222;05.01.2024;9;1.0;312;45;305;45;7;41
TE222;05.01.2024;10;1.0;354;39;344;39;10;38
TE222;05.01.2024;11;1.0;364;39;359;39;5;39
TE222;05.01.2024;12;1.0;343;36;333;36;10;37
TE222;05.01.2024;13;1.0;329;38;318;38;11;38
TE222;05.01.2024;14;1.0;368;37;359;37;9;36
TE222;05.01.2024;15;1.0;401;36;392;36;9;36
TE222;05.01.2024;16;1.0;374;37;364;37;10;37
TE222;05.01.2024;17;1.0;326;40;315;40;11;40
TE222;05.01.2024;18;1.0;277;45;269;45;8;45
TE222;05.01.2024;19;1.0;197;46;190;46;7;45
TE222;05.01.2024;20;1.0;124;48;118;48;6;46
TE222;05.01.2024;21;1.0;128;49;121;49;7;49
TE222;05.01.2024;22;1.0;91;50;86;50;5;50
TE222;05.01.2024;23;1.0;68;50;64;50;4;49
TE222;06.01.2024;0;1.0;39;48;35;48;4;47
TE222;06.01.2024;1;1.0;30;47;28;47;2;47
TE222;06.01.2024;2;1.0;25;50;23;50;2;48
TE222;06.01.2024;3;1.0;19;44;17;44;2;42
TE222;06.01.2024;4;1.0;14;47;12;46;2;52
TE222;06.01.2024;5;1.0;44;52;42;52;2;52
TE222;06.01.2024;6;1.0;40;50;37;50;3;50
TE222;06.01.2024;7;1.0;70;51;66;50;4;52
TE222;06.01.2024;8;1.0;118;48;112;48;6;50
TE222;06.01.2024;9;1.0;189;42;183;42;6;41
TE222;06.01.2024;10;1.0;236;44;226;44;10;45
TE222;06.01.2024;11;1.0;308;43;301;43;7;43
TE222;06.01.2024;12;1.0;353;42;345;42;8;42
TE222;06.01.2024;13;1.0;336;42;327;42;9;42
TE222;06.01.2024;14;1.0;358;41;351;41;7;41
TE222;06.01.2024;15;1.0;311;43;305;43;6;42
TE222;06.01.2024;16;1.0;273;40;261;40;12;42
TE222;06.01.2024;17;1.0;258;41;249;41;9;41
TE222;06.01.2024;18;1.0;228;43;218;43;10;43
TE222;06.01.2024;19;1.0;183;45;177;45;6;44
TE222;06.01.2024;20;1.0;158;45;150;45;8;45
TE222;06.01.2024;21;1.0;109;47;105;47;4;47
TE222;06.01.2024;22;1.0;88;42;85;42;3;43
TE222;06.01.2024;23;1.0;71;49;68;49;3;44
TE222;07.01.2024;0;1.0;57;49;54;49;3;46
TE222;07.01.2024;1;1.0;30;52;28;52;2;47
TE222;07.01.2024;2;1.0;27;48;25;48;2;43
TE222;07.01.2024;3;1.0;17;50;15;49;2;53
TE222;07.01.2024;4;1.0;17;43;15;43;2;42
TE222;07.01.2024;5;1.0;35;46;33;47;2;42
TE222;07.01.2024;6;1.0;22;42;20;42;2;40
TE222;07.01.2024;7;1.0;30;48;26;49;4;45
TE222;07.01.2024;8;1.0;49;50;46;50;3;52
TE222;07.01.2024;9;1.0;88;50;85;50;3;47
TE222;07.01.2024;10;1.0;150;49;143;49;7;49
TE222;07.01.2024;11;1.0;164;47;156;47;8;48
TE222;07.01.2024;12;1.0;174;49;166;49;8;47
TE222;07.01.2024;13;1.0;247;46;239;46;8;46
TE222;07.01.2024;14;1.0;252;47;244;47;8;47
TE222;07.01.2024;15;1.0;251;46;241;46;10;47
TE222;07.01.2024;16;1.0;202;47;196;47;6;47
TE222;07.01.2024;17;1.0;209;44;201;44;8;44
TE222;07.01.2024;18;1.0;168;47;160;47;8;47
TE222;07.01.2024;19;1.0;137;48;129;48;8;48
TE222;07.01.2024;20;1.0;128;47;120;47;8;46
TE222;07.01.2024;21;1.0;83;46;77;46;6;45
TE222;07.01.2024;22;1.0;61;43;58;43;3;42
TE222;07.01.2024;23;1.0;37;47;34;47;3;43
TE222;08.01.2024;0;1.0;20;43;16;43;4;42
TE222;08.01.2024;12;1.0;320;37;309;37;11;38
TE222;08.01.2024;13;1.0;356;38;344;38;12;39
TE222;08.01.2024;14;1.0;420;35;409;35;11;35
TE222;08.01.2024;15;1.0;413;36;403;36;10;36
TE222;08.01.2024;16;1.0;420;34;409;34;11;34
TE222;08.01.2024;17;1.0;376;37;368;37;8;37
TE222;08.01.2024;18;1.0;304;39;294;39;10;39
TE222;08.01.2024;19;1.0;204;41;192;41;12;43
TE222;08.01.2024;20;1.0;132;44;125;44;7;43
TE222;08.01.2024;21;1.0;97;45;93;45;4;44
TE222;08.01.2024;22;1.0;81;44;76;44;5;45
TE222;08.01.2024;23;1.0;37;46;34;46;3;45
TE222;09.01.2024;0;1.0;22;49;19;49;3;47
TE222;09.01.2024;1;1.0;14;46;12;46;2;42
TE222;09.01.2024;2;1.0;18;44;16;44;2;42
TE222;09.01.2024;3;1.0;21;45;16;45;5;44
TE222;09.01.2024;4;1.0;35;48;31;48;4;47
TE222;09.01.2024;5;1.0;158;44;152;44;6;43
TE222;09.01.2024;6;1.0;307;36;297;36;10;34
TE222;09.01.2024;7;1.0;539;32;529;32;10;32
TE222;09.01.2024;8;1.0;541;33;519;33;22;32
TE222;09.01.2024;9;1.0;434;34;419;34;15;33
TE222;09.01.2024;10;1.0;387;32;371;32;16;32
TE222;09.01.2024;11;1.0;363;34;350;34;13;33
TE222;09.01.2024;12;1.0;367;35;349;35;18;36
TE222;09.01.2024;13;1.0;395;34;382;34;13;34
TE222;09.01.2024;14;1.0;415;35;404;35;11;35
TE222;09.01.2024;15;1.0;439;34;427;34;12;34
TE222;09.01.2024;16;1.0;464;32;454;32;10;32
TE222;09.01.2024;17;1.0;381;35;371;35;10;34
TE222;09.01.2024;18;1.0;329;40;321;40;8;41
TE222;09.01.2024;19;1.0;216;43;209;43;7;41
TE222;09.01.2024;20;1.0;143;42;137;42;6;43
TE222;09.01.2024;21;1.0;102;43;96;43;6;42
TE222;09.01.2024;22;1.0;102;45;98;45;4;47
TE222;09.01.2024;23;1.0;27;46;24;47;3;44
TE222;10.01.2024;0;1.0;19;40;15;40;4;40
TE222;10.01.2024;1;1.0;11;45;9;45;2;48
TE222;10.01.2024;2;1.0;13;46;11;47;2;44
TE222;10.01.2024;3;1.0;27;45;22;46;5;41
TE222;10.01.2024;4;1.0;29;50;23;48;6;56
TE222;10.01.2024;5;1.0;147;44;135;44;12;45
TE222;10.01.2024;6;1.0;292;35;279;35;13;35
TE222;10.01.2024;7;1.0;506;33;494;33;12;34
TE222;10.01.2024;8;1.0;548;32;534;32;14;32
TE222;10.01.2024;9;1.0;501;35;486;35;15;32
TE222;10.01.2024;10;1.0;381;35;367;35;14;32
TE222;10.01.2024;11;1.0;390;36;368;36;22;35
TE222;10.01.2024;12;1.0;376;38;355;38;21;39
TE222;10.01.2024;13;1.0;374;36;352;36;22;37
TE222;10.01.2024;14;1.0;451;34;430;34;21;34
TE222;10.01.2024;15;1.0;438;35;426;35;12;34
TE222;10.01.2024;16;1.0;464;33;448;33;16;32
TE222;10.01.2024;17;1.0;375;36;363;36;12;36
TE222;10.01.2024;18;1.0;319;39;303;39;16;38
TE222;10.01.2024;19;1.0;216;42;200;42;16;42
TE222;10.01.2024;20;1.0;146;44;133;44;13;43
TE222;10.01.2024;21;1.0;147;44;135;44;12;44
TE222;10.01.2024;22;1.0;93;42;86;42;7;41
TE222;10.01.2024;23;1.0;75;44;60;44;15;44
TE222;11.01.2024;0;1.0;22;42;13;43;9;40
TE222;11.01.2024;1;1.0;27;42;17;45;10;39
TE222;11.01.2024;2;1.0;14;46;11;45;3;49
TE222;11.01.2024;3;1.0;25;47;17;49;8;43
TE222;11.01.2024;4;1.0;33;48;30;47;3;51
TE222;11.01.2024;5;1.0;150;47;140;47;10;46
TE222;11.01.2024;6;1.0;264;39;255;39;9;38
TE222;11.01.2024;7;1.0;514;37;499;37;15;37
TE222;11.01.2024;8;1.0;535;32;516;32;19;31
TE222;11.01.2024;9;1.0;413;36;400;36;13;35
TE222;11.01.2024;10;1.0;438;38;419;38;19;38
TE222;11.01.2024;11;1.0;398;37;383;37;15;37
TE222;11.01.2024;12;1.0;333;37;323;37;10;37
TE222;11.01.2024;13;1.0;370;38;357;38;13;38
TE222;11.01.2024;14;1.0;392;38;378;38;14;38
TE222;11.01.2024;15;1.0;449;38;441;38;8;37
TE222;11.01.2024;16;1.0;467;37;451;37;16;36
TE222;11.01.2024;17;1.0;401;40;386;40;15;41
TE222;11.01.2024;18;1.0;323;42;315;42;8;42
TE222;11.01.2024;19;1.0;247;44;231;44;16;45
TE222;11.01.2024;20;1.0;146;45;133;45;13;46
TE222;11.01.2024;21;1.0;123;46;116;46;7;45
TE222;11.01.2024;22;1.0;107;46;92;46;15;45
TE222;11.01.2024;23;1.0;51;47;41;47;10;47
TE222;12.01.2024;0;1.0;33;38;27;38;7;32
TE222;12.01.2024;1;1.0;27;44;21;44;6;43
TE222;12.01.2024;2;1.0;16;44;13;44;3;46
TE222;12.01.2024;3;1.0;24;41;18;40;6;44
TE223;01.01.2024;0;1.0;163;47;134;47;29;47
TE223;01.01.2024;1;1.0;167;49;122;50;45;46
TE223;01.01.2024;2;1.0;177;46;132;48;45;40
TE223;01.01.2024;3;1.0;122;47;92;48;30;46
TE223;01.01.2024;4;1.0;82;50;54;49;28;52
TE223;01.01.2024;5;1.0;87;48;53;48;34;49
TE223;01.01.2024;6;1.0;36;50;34;50;2;46
TE223;01.01.2024;7;1.0;57;53;53;52;4;55
TE223;01.01.2024;8;1.0;66;50;53;52;13;46
TE223;01.01.2024;9;1.0;79;49;70;49;9;50
TE223;01.01.2024;10;1.0;158;49;150;49;8;55
TE223;01.01.2024;11;1.0;241;48;221;48;20;49
TE223;01.01.2024;12;1.0;416;47;387;47;29;45
TE223;01.01.2024;13;1.0;425;48;394;48;31;47
TE223;01.01.2024;14;1.0;438;47;434;47;4;46
TE223;01.01.2024;15;1.0;473;46;471;46;2;46
TE223;01.01.2024;16;1.0;592;46;589;46;3;44
TE223;01.01.2024;17;1.0;548;45;538;45;10;47
TE223;01.01.2024;18;1.0;554;45;554;45;0;-1
TE223;01.01.2024;19;1.0;428;52;426;52;2;48
TE223;01.01.2024;20;1.0;374;51;373;51;1;56
TE223;01.01.2024;21;1.0;313;52;311;52;2;48
TE223;01.01.2024;22;1.0;237;50;234;50;3;48
TE223;01.01.2024;23;1.0;152;48;152;48;0;-1
TE223;02.01.2024;0;1.0;129;51;127;51;2;55
TE223;02.01.2024;1;1.0;68;51;68;51;0;-1
TE223;02.01.2024;2;1.0;59;55;59;55;0;-1
TE223;02.01.2024;3;1.0;54;46;52;46;2;42
TE223;02.01.2024;4;1.0;77;48;75;48;2;38
TE223;02.01.2024;5;1.0;155;48;150;48;5;44
TE223;02.01.2024;6;1.0;290;48;287;48;3;46
TE223;02.01.2024;7;1.0;468;49;453;49;15;46
TE223;02.01.2024;8;1.0;640;49;629;49;11;47
TE223;02.01.2024;9;1.0;635;52;621;52;14;49
TE223;02.01.2024;10;1.0;562;50;558;50;4;48
TE223;02.01.2024;11;1.0;709;50;705;50;4;49
TE223;02.01.2024;12;1.0;749;49;742;49;7;46
TE223;02.01.2024;13;1.0;780;50;775;50;5;50
TE223;02.01.2024;14;1.0;867;50;858;50;9;49
TE223;02.01.2024;15;1.0;994;50;984;50;10;53
TE223;02.01.2024;16;1.0;963;50;957;50;6;51
TE223;02.01.2024;17;1.0;876;50;872;50;4;50
TE223;02.01.2024;18;1.0;854;51;849;51;5;52
TE223;02.01.2024;19;1.0;599;51;598;51;1;51
TE223;02.01.2024;20;1.0;417;52;414;52;3;43
TE223;02.01.2024;21;1.0;348;54;347;54;1;65
TE223;02.01.2024;22;1.0;363;49;363;49;0;-1
TE223;02.01.2024;23;1.0;194;52;193;52;1;47
TE223;03.01.2024;0;1.0;141;50;141;50;0;-1
TE223;03.01.2024;1;1.0;93;49;93;49;0;-1
TE223;03.01.2024;2;1.0;60;47;60;47;0;-1
TE223;03.01.2024;3;1.0;90;50;88;50;2;53
TE223;03.01.2024;4;1.0;54;48;51;48;3;49
TE223;03.01.2024;5;1.0;160;49;156;49;4;47
TE223;03.01.2024;6;1.0;328;49;316;49;12;50
TE223;03.01.2024;7;1.0;511;47;455;47;56;46
TE223;03.01.2024;8;1.0;683;44;666;44;17;45
TE223;03.01.2024;9;1.0;660;34;648;34;12;34
TE223;03.01.2024;10;1.0;701;47;663;47;38;49
TE223;03.01.2024;11;1.0;744;46;704;46;40;44
TE223;03.01.2024;12;1.0;790;45;742;45;48;48
TE223;03.01.2024;13;1.0;786;45;756;45;30;48
TE223;03.01.2024;14;1.0;905;45;872;45;33;47
TE223;03.01.2024;15;1.0;1008;44;957;44;51;47
TE223;03.01.2024;16;1.0;1114;43;1052;43;62;48
TE223;03.01.2024;17;1.0;1000;44;957;44;43;46
TE223;03.01.2024;18;1.0;848;45;828;45;20;49
TE223;03.01.2024;19;1.0;665;44;660;44;5;43
TE223;03.01.2024;20;1.0;461;42;455;42;6;46
TE223;03.01.2024;21;1.0;376;46;355;46;21;50
TE223;03.01.2024;22;1.0;376;46;372;46;4;49
TE223;03.01.2024;23;1.0;257;47;239;47;18;51
TE223;04.01.2024;0;1.0;143;44;134;44;9;44
TE223;04.01.2024;1;1.0;66;48;65;48;1;51
TE223;04.01.2024;2;1.0;71;49;69;49;2;50
TE223;04.01.2024;3;1.0;53;50;48;50;5;52
TE223;04.01.2024;4;1.0;58;54;53;54;5;50
TE223;04.01.2024;5;1.0;175;50;162;50;13;49
TE223;04.01.2024;6;1.0;329;53;309;53;20;48
TE223;04.01.2024;7;1.0;487;53;454;53;33;56
TE223;04.01.2024;8;1.0;771;46;739;46;32;48
TE223;04.01.2024;9;1.0;858;43;766;43;92;42
TE223;04.01.2024;10;1.0;719;47;630;47;89;40
TE223;04.01.2024;11;1.0;820;46;732;46;88;46
TE223;04.01.2024;12;1.0;793;43;693;43;100;39
TE223;04.01.2024;13;1.0;866;48;760;48;106;48
TE223;04.01.2024;14;1.0;958;46;833;45;125;50
TE223;04.01.2024;15;1.0;1074;47;984;46;90;51
TE223;04.01.2024;16;1.0;1009;47;916;47;93;50
TE223;04.01.2024;17;1.0;995;49;917;49;78;52
TE223;04.01.2024;18;1.0;926;48;806;48;120;49
TE223;04.01.2024;19;1.0;677;46;619;47;58;38
TE223;04.01.2024;20;1.0;468;48;449;48;19;34
TE223;04.01.2024;21;1.0;389;48;350;48;39;46
TE223;04.01.2024;22;1.0;446;49;401;50;45;45
TE223;04.01.2024;23;1.0;254;49;233;50;21;42
TE223;05.01.2024;0;1.0;159;49;136;50;23;43
TE223;05.01.2024;1;1.0;96;53;88;53;8;49
TE223;05.01.2024;2;1.0;85;53;80;52;5;63
TE223;05.01.2024;3;1.0;67;53;61;53;6;50
TE223;05.01.2024;4;1.0;64;50;56;51;8;44
TE223;05.01.2024;5;1.0;156;49;139;49;17;45
TE223;05.01.2024;6;1.0;316;49;295;49;21;44
TE223;05.01.2024;7;1.0;456;49;426;50;30;49
TE223;05.01.2024;8;1.0;653;51;574;52;79;49
TE223;05.01.2024;9;1.0;700;52;667;52;33;51
TE223;05.01.2024;10;1.0;664;49;583;50;81;43
TE223;05.01.2024;11;1.0;678;48;627;48;51;43
TE223;05.01.2024;12;1.0;697;48;691;48;6;50
TE223;05.01.2024;13;1.0;827;47;803;47;24;51
TE223;05.01.2024;14;1.0;926;47;876;47;50;40
TE223;05.01.2024;15;1.0;1037;48;989;48;48;50
TE223;05.01.2024;16;1.0;1071;46;976;46;95;48
TE223;05.01.2024;17;1.0;965;47;892;47;73;50
TE223;05.01.2024;18;1.0;896;48;844;48;52;51
TE223;05.01.2024;19;1.0;678;49;613;49;65;50
TE223;05.01.2024;20;1.0;480;50;444;50;36;46
TE223;05.01.2024;21;1.0;418;52;389;52;29;51
TE223;05.01.2024;22;1.0;485;51;447;51;38;49
TE223;05.01.2024;23;1.0;352;51;333;51;19;49
TE223;06.01.2024;0;1.0;246;54;237;53;9;57
TE223;06.01.2024;1;1.0;202;52;190;52;12;53
TE223;06.01.2024;2;1.0;152;52;139;52;13;55
TE223;06.01.2024;3;1.0;77;54;71;55;6;38
TE223;06.01.2024;4;1.0;83;52;81;52;2;45
TE223;06.01.2024;5;1.0;110;53;102;53;8;50
TE223;06.01.2024;6;1.0;118;54;110;54;8;55
TE223;06.01.2024;7;1.0;193;52;166;52;27;50
TE223;06.01.2024;8;1.0;235;51;205;52;30;51
TE223;06.01.2024;9;1.0;332;51;299;51;33;53
TE223;06.01.2024;10;1.0;424;50;368;50;56;53
TE223;06.01.2024;11;1.0;543;48;483;48;60;49
TE223;06.01.2024;12;1.0;628;48;560;48;68;46
TE223;06.01.2024;13;1.0;774;46;707;46;67;44
TE223;06.01.2024;14;1.0;800;46;739;47;61;42
TE223;06.01.2024;15;1.0;804;46;756;46;48;47
TE223;06.01.2024;16;1.0;766;47;687;46;79;50
TE223;06.01.2024;17;1.0;806;49;693;49;113;52
TE223;06.01.2024;18;1.0;718;48;656;48;62;46
TE223;06.01.2024;19;1.0;590;50;551;50;39;53
TE223;06.01.2024;20;1.0;556;49;520;49;36;49
TE223;06.01.2024;21;1.0;463;49;431;49;32;53
TE223;06.01.2024;22;1.0;540;49;467;49;73;49
TE223;06.01.2024;23;1.0;366;50;333;50;33;50
TE223;07.01.2024;0;1.0;295;50;265;51;30;44
TE223;07.01.2024;1;1.0;214;52;201;52;13;45
TE223;07.01.2024;2;1.0;174;52;153;52;21;47
TE223;07.01.2024;3;1.0;105;51;99;51;6;56
TE223;07.01.2024;4;1.0;88;48;81;48;7;49
TE223;07.01.2024;5;1.0;85;48;85;48;0;-1
TE223;07.01.2024;6;1.0;101;51;95;50;6;56
TE223;07.01.2024;7;1.0;85;52;74;54;11;47
TE223;07.01.2024;8;1.0;124;51;114;52;10;38
TE223;07.01.2024;9;1.0;191;52;165;52;26;49
TE223;07.01.2024;10;1.0;272;51;254;51;18;50
TE223;07.01.2024;11;1.0;467;50;417;49;50;53
TE223;07.01.2024;12;1.0;527;48;473;48;54;50
TE223;07.01.2024;13;1.0;564;48;534;48;30;43
TE223;07.01.2024;14;1.0;627;49;590;50;37;39
TE223;07.01.2024;15;1.0;749;45;653;45;96;42
TE223;07.01.2024;16;1.0;634;50;600;50;34;46
TE223;07.01.2024;17;1.0;692;48;640;49;52;39
TE223;07.01.2024;18;1.0;622;47;573;49;49;33
TE223;07.01.2024;19;1.0;453;50;428;50;25;53
TE223;07.01.2024;20;1.0;386;50;368;50;18;45
TE223;07.01.2024;21;1.0;349;47;326;47;23;39
TE223;07.01.2024;22;1.0;271;46;247;47;24;36
TE223;07.01.2024;23;1.0;178;48;161;48;17;44
TE223;08.01.2024;0;1.0;128;49;116;48;12;54
TE223;08.01.2024;1;1.0;93;50;82;50;11;51
TE223;08.01.2024;2;1.0;64;45;59;46;5;40
TE223;08.01.2024;3;1.0;47;47;41;47;6;50
TE223;08.01.2024;4;1.0;81;46;72;46;9;42
TE223;08.01.2024;5;1.0;185;45;171;46;14;43
TE223;08.01.2024;6;1.0;375;47;347;47;28;54
TE223;08.01.2024;7;1.0;520;48;450;49;70;47
TE223;08.01.2024;8;1.0;784;45;681;44;103;48
TE223;08.01.2024;9;1.0;603;47;529;48;74;43
TE223;08.01.2024;10;1.0;421;48;370;49;51;43
TE223;08.01.2024;11;1.0;460;45;401;46;59;39
TE223;08.01.2024;12;1.0;505;43;478;43;27;30
TE223;08.01.2024;13;1.0;550;44;503;45;47;36
TE223;08.01.2024;14;1.0;705;42;628;43;77;30
TE223;08.01.2024;15;1.0;797;43;724;44;73;33
TE223;08.01.2024;16;1.0;852;42;801;43;51;32
TE223;08.01.2024;17;1.0;896;42;827;43;69;33
TE223;08.01.2024;18;1.0;822;43;768;44;54;31
TE223;08.01.2024;19;1.0;586;45;544;46;42;28
TE223;08.01.2024;20;1.0;441;32;394;33;47;23
TE223;08.01.2024;21;1.0;347;45;334;45;13;27
TE223;08.01.2024;22;1.0;331;48;294;48;37;44
TE223;08.01.2024;23;1.0;190;46;179;47;11;35
TE223;09.01.2024;0;1.0;114;47;106;47;8;41
TE223;09.01.2024;1;1.0;88;50;73;49;15;51
TE223;09.01.2024;2;1.0;60;48;51;49;9;41
TE223;09.01.2024;3;1.0;48;45;40;46;8;38
TE223;09.01.2024;4;1.0;65;47;59;48;6;36
TE223;09.01.2024;5;1.0;164;46;158;47;6;35
TE223;09.01.2024;6;1.0;393;47;382;48;11;33
TE223;09.01.2024;7;1.0;673;45;608;46;65;36
TE223;09.01.2024;8;1.0;960;44;867;45;93;32
TE223;09.01.2024;10;1.0;843;46;730;46;113;44
TE223;09.01.2024;11;1.0;784;45;713;46;71;39
TE223;09.01.2024;12;1.0;858;34;763;35;95;29
TE223;09.01.2024;13;1.0;988;45;859;45;129;43
TE223;09.01.2024;14;1.0;985;43;859;44;126;38
TE223;09.01.2024;15;1.0;1083;40;977;41;106;32
TE223;09.01.2024;16;1.0;1198;41;1091;42;107;32
TE223;09.01.2024;17;1.0;1174;41;1031;41;143;39
TE223;09.01.2024;18;1.0;1109;34;887;34;222;34
TE223;09.01.2024;19;1.0;1057;43;927;44;130;37
TE223;09.01.2024;20;1.0;669;44;610;44;59;42
TE223;09.01.2024;21;1.0;429;45;398;46;31;33
TE223;09.01.2024;22;1.0;420;46;380;47;40;44
TE223;09.01.2024;23;1.0;192;49;178;49;14;49
TE223;10.01.2024;0;1.0;147;50;141;50;6;46
TE223;10.01.2024;1;1.0;83;51;76;52;7;43
TE223;10.01.2024;2;1.0;65;49;60;50;5;41
TE223;10.01.2024;3;1.0;50;48;43;49;7;43
TE223;10.01.2024;4;1.0;67;48;64;48;3;45
TE223;10.01.2024;5;1.0;210;50;197;50;13;53
TE223;10.01.2024;6;1.0;434;49;396;49;38;48
TE223;10.01.2024;7;1.0;760;46;660;46;100;46
TE223;10.01.2024;8;1.0;1025;44;914;45;111;37
TE223;10.01.2024;9;1.0;1113;47;928;48;185;45
TE223;10.01.2024;10;1.0;929;46;813;47;116;38
TE223;10.01.2024;11;1.0;846;46;758;47;88;37
TE223;10.01.2024;12;1.0;937;41;814;41;123;37
TE223;10.01.2024;13;1.0;981;39;903;38;76;41
TE223;10.01.2024;14;1.0;1011;45;880;46;131;44
TE223;10.01.2024;15;1.0;1146;38;1003;39;143;30
TE223;10.01.2024;16;1.0;1153;35;1048;35;105;25
TE223;10.01.2024;17;1.0;1129;41;1009;43;120;30
TE223;10.01.2024;18;1.0;1062;41;970;42;92;30
TE223;10.01.2024;19;1.0;819;44;738;45;81;38
TE223;10.01.2024;20;1.0;563;45;515;45;48;35
TE223;10.01.2024;21;1.0;489;47;449;47;40;43
TE223;10.01.2024;22;1.0;429;47;392;47;37;45
TE223;10.01.2024;23;1.0;219;48;207;48;12;38
TE223;11.01.2024;0;1.0;158;46;149;46;9;50
TE223;11.01.2024;1;1.0;84;49;80;49;4;48
TE223;11.01.2024;2;1.0;61;51;49;52;12;48
TE223;11.01.2024;3;1.0;56;52;45;54;11;43
TE223;11.01.2024;4;1.0;76;51;70;51;6;43
TE223;11.01.2024;5;1.0;171;51;160;50;11;66
TE223;11.01.2024;6;1.0;450;43;425;42;25;47
TE223;11.01.2024;7;1.0;768;48;678;48;90;47
TE223;11.01.2024;8;1.0;952;41;853;41;99;41
TE223;11.01.2024;9;1.0;969;46;834;47;135;40
TE223;11.01.2024;10;1.0;889;44;788;44;101;41
TE223;11.01.2024;11;1.0;870;43;777;43;93;47
TE223;11.01.2024;12;1.0;1035;47;952;47;83;52
TE223;11.01.2024;13;1.0;969;50;912;50;57;52
TE223;11.01.2024;14;1.0;1034;49;943;49;91;50
TE223;11.01.2024;15;1.0;1108;41;952;41;156;42
TE223;11.01.2024;16;1.0;1045;29;902;29;143;35
TE223;11.01.2024;17;1.0;1069;30;822;27;247;40
TE223;11.01.2024;18;1.0;1102;42;956;42;146;46
TE223;11.01.2024;19;1.0;851;49;797;49;54;54
TE223;11.01.2024;20;1.0;677;49;635;49;42;51
TE223;11.01.2024;21;1.0;461;50;404;50;57;46
TE223;11.01.2024;22;1.0;475;51;434;52;41;45
TE223;11.01.2024;23;1.0;263;53;228;55;35;44
TE223;12.01.2024;0;1.0;176;56;161;56;15;52
TE223;12.01.2024;1;1.0;130;53;114;55;16;39
TE223;12.01.2024;2;1.0;75;53;67;54;8;41
TE223;12.01.2024;3;1.0;74;54;63;54;11;56
TE223;12.01.2024;4;1.0;91;57;88;57;3;59
TE223;12.01.2024;5;1.0;177;56;169;56;8;53
TE223;12.01.2024;6;1.0;375;55;367;55;8;49
TE223;12.01.2024;7;1.0;658;50;637;50;21;50
TE223;12.01.2024;8;1.0;945;48;879;48;66;49
TE223;12.01.2024;9;1.0;845;50;801;50;44;50
TE223;12.01.2024;10;1.0;829;49;748;49;81;48
TE223;12.01.2024;11;1.0;814;50;775;50;39;48
TE223;12.01.2024;12;1.0;971;49;916;49;55;49
TE223;12.01.2024;13;1.0;1058;49;1001;49;57;51
TE223;12.01.2024;14;1.0;1129;49;1013;49;116;51
TE223;12.01.2024;15;1.0;1144;44;1040;44;104;46
TE223;12.01.2024;16;1.0;1077;49;1001;49;76;50
TE223;12.01.2024;17;1.0;1085;49;1032;49;53;54
TE223;12.01.2024;18;1.0;944;51;918;51;26;55
TE223;12.01.2024;19;1.0;811;51;732;51;79;52
TE223;12.01.2024;20;1.0;630;52;596;52;34;51
TE223;12.01.2024;21;1.0;484;53;456;53;28;51
TE223;12.01.2024;22;1.0;584;51;541;51;43;50
TE223;12.01.2024;23;1.0;406;52;362;53;44;46
TE223;13.01.2024;0;1.0;298;53;260;53;38;51
TE223;13.01.2024;1;1.0;215;52;194;53;21;45
TE223;13.01.2024;2;1.0;145;52;140;52;5;62
TE223;13.01.2024;3;1.0;125;54;115;54;10;51
TE223;13.01.2024;4;1.0;105;57;103;57;2;47
TE223;13.01.2024;5;1.0;122;55;113;55;9;52
TE223;13.01.2024;6;1.0;158;55;124;57;34;49
TE223;13.01.2024;7;1.0;171;56;158;57;13;50
TE223;13.01.2024;8;1.0;237;56;218;56;19;57
TE223;13.01.2024;9;1.0;377;52;338;53;39;42
TE223;13.01.2024;10;1.0;423;53;402;53;21;49
TE223;13.01.2024;11;1.0;643;50;622;50;21;54
TE223;13.01.2024;12;1.0;719;50;677;50;42;52
TE223;13.01.2024;13;1.0;855;48;755;48;100;41
TE223;13.01.2024;14;1.0;921;50;839;50;82;54
TE223;13.01.2024;15;1.0;946;49;841;49;105;49
TE223;13.01.2024;16;1.0;897;50;798;50;99;49
TE223;13.01.2024;17;1.0;858;49;763;50;95;41
TE223;13.01.2024;18;1.0;847;50;749;51;98;43
TE223;13.01.2024;19;1.0;724;52;647;52;77;51
TE223;13.01.2024;20;1.0;579;53;542;53;37;53
TE223;13.01.2024;21;1.0;686;52;649;52;37;50
TE223;13.01.2024;22;1.0;674;53;624;53;50;51
TE223;13.01.2024;23;1.0;474;52;418;53;56;45
TE223;14.01.2024;0;1.0;365;55;318;55;47;54
TE223;14.01.2024;1;1.0;278;56;253;56;25;51
TE223;14.01.2024;2;1.0;204;56;183;58;21;47
TE223;14.01.2024;3;1.0;151;54;132;56;19;39
TE223;14.01.2024;4;1.0;109;55;102;56;7;41
TE223;14.01.2024;5;1.0;125;56;115;56;10;51
TE223;14.01.2024;6;1.0;113;56;108;56;5;60
TE223;14.01.2024;7;1.0;90;56;82;57;8;40
TE223;14.01.2024;8;1.0;140;57;127;57;13;51
TE223;14.01.2024;9;1.0;220;53;193;54;27;47
TE223;14.01.2024;10;1.0;356;54;335;54;21;48
TE223;14.01.2024;11;1.0;453;43;436;43;17;42
TE223;14.01.2024;12;1.0;540;51;525;51;15;55
TE223;14.01.2024;13;1.0;724;50;663;50;61;47
TE223;14.01.2024;14;1.0;754;49;719;49;35;50
TE223;14.01.2024;15;1.0;759;48;705;48;54;50
TE223;14.01.2024;16;1.0;750;49;716;49;34;49
TE223;14.01.2024;17;1.0;700;50;655;50;45;46
TE223;14.01.2024;18;1.0;640;52;618;52;22;49
TE223;14.01.2024;19;1.0;427;53;394;53;33;50
TE223;14.01.2024;20;1.0;385;53;333;53;52;50
TE223;14.01.2024;21;1.0;370;51;311;51;59;51
TE223;14.01.2024;22;1.0;131;51;107;53;24;46
TE223;14.01.2024;23;1.0;96;53;81;53;15;52
TE223;15.01.2024;0;1.0;52;53;47;53;5;57
TE223;15.01.2024;1;1.0;25;44;23;46;2;26
TE223;15.01.2024;2;1.0;22;50;14;48;8;53
TE223;15.01.2024;3;1.0;38;47;22;44;16;51
TE223;15.01.2024;4;1.0;45;49;35;50;10;47
TE223;15.01.2024;5;1.0;54;45;41;48;13;34
TE223;15.01.2024;6;1.0;93;45;74;45;19;43
TE223;15.01.2024;7;1.0;94;48;86;48;8;55
TE223;15.01.2024;8;1.0;238;43;212;44;26;34
TE223;15.01.2024;9;1.0;941;24;670;24;271;23
TE223;15.01.2024;14;1.0;59;22;45;21;14;23
TE223;15.01.2024;15;1.0;192;46;189;46;3;49
TE223;15.01.2024;16;1.0;400;51;385;51;15;53
TE223;15.01.2024;17;1.0;528;52;471;52;57;53
TE223;15.01.2024;18;1.0;652;48;584;49;68;42
TE223;15.01.2024;19;1.0;504;53;478;53;26;51
TE223;15.01.2024;20;1.0;385;51;367;51;18;49
TE223;15.01.2024;21;1.0;335;49;321;50;14;30
TE223;15.01.2024;22;1.0;310;53;291;53;19;49
TE223;15.01.2024;23;1.0;181;54;163;55;18;51
TE223;16.01.2024;0;1.0;116;54;103;55;13;47
TE223;16.01.2024;1;1.0;48;53;35;53;13;53
TE223;16.01.2024;2;1.0;34;48;18;48;16;47
TE223;16.01.2024;3;1.0;24;42;20;42;4;43
TE223;16.01.2024;4;1.0;33;41;16;40;17;41
TE223;16.01.2024;5;1.0;111;41;96;41;15;39
TE223;16.01.2024;6;1.0;309;41;287;41;22;42
TE223;16.01.2024;7;1.0;616;40;546;40;70;39
TE223;16.01.2024;8;1.0;883;44;819;44;64;44
TE223;16.01.2024;9;1.0;880;48;798;48;82;48
TE223;16.01.2024;10;1.0;788;50;722;50;66;46
TE223;16.01.2024;11;1.0;758;50;674;51;84;48
TE223;16.01.2024;12;1.0;819;49;736;49;83;44
TE223;16.01.2024;13;1.0;805;50;758;50;47;53
TE223;16.01.2024;14;1.0;967;49;930;49;37;52
TE223;16.01.2024;15;1.0;1114;49;1042;49;72;52
TE223;16.01.2024;16;1.0;1134;47;1043;47;91;48
TE223;16.01.2024;17;1.0;1052;47;954;47;98;46
TE223;16.01.2024;18;1.0;944;48;854;48;90;47
TE223;16.01.2024;19;1.0;680;51;626;51;54;52
TE223;16.01.2024;20;1.0;494;52;456;52;38;45
TE223;16.01.2024;21;1.0;357;53;344;53;13;58
TE223;16.01.2024;22;1.0;380;50;348;50;32;43
TE223;16.01.2024;23;1.0;251;53;202;54;49;50
TE223;17.01.2024;0;1.0;128;46;117;47;11;36
TE223;17.01.2024;1;1.0;73;48;69;49;4;34
TE223;17.01.2024;2;1.0;65;48;60;49;5;35
TE223;17.01.2024;3;1.0;49;49;45;50;4;38
TE223;17.01.2024;4;1.0;63;46;58;47;5;39
TE223;17.01.2024;5;1.0;175;52;162;52;13;51
TE223;17.01.2024;6;1.0;382;49;349;49;33;52
TE223;17.01.2024;7;1.0;723;46;639;46;84;42
TE223;17.01.2024;8;1.0;908;46;803;47;105;38
TE223;17.01.2024;9;1.0;892;49;800;50;92;39
TE223;17.01.2024;10;1.0;811;48;718;49;93;41
TE223;17.01.2024;11;1.0;835;49;735;50;100;44
TE223;17.01.2024;12;1.0;859;47;757;47;102;45
TE223;17.01.2024;13;1.0;896;48;761;47;135;49
TE223;17.01.2024;14;1.0;904;49;786;49;118;50
TE223;17.01.2024;15;1.0;1000;50;912;50;88;51
TE223;17.01.2024;16;1.0;939;50;911;50;28;53
TE223;17.01.2024;17;1.0;943;50;899;50;44;54
TE223;17.01.2024;18;1.0;919;49;851;49;68;49
TE223;17.01.2024;19;1.0;714;49;639;50;75;43
TE223;17.01.2024;20;1.0;492;52;454;52;38;48
TE223;17.01.2024;21;1.0;372;53;357;53;15;54
TE223;17.01.2024;22;1.0;401;54;370;54;31;52
TE223;17.01.2024;23;1.0;233;54;216;54;17;51
TE223;18.01.2024;0;1.0;152;52;140;53;12;37
TE223;18.01.2024;1;1.0;78;51;71;52;7;39
TE223;18.01.2024;2;1.0;73;52;67;53;6;47
TE223;18.01.2024;3;1.0;53;54;46;54;7;56
TE223;18.01.2024;4;1.0;67;52;59;53;8;51
TE223;18.01.2024;5;1.0;187;53;163;55;24;45
TE223;18.01.2024;6;1.0;355;52;348;52;7;35
TE223;18.01.2024;7;1.0;643;50;606;50;37;47
TE223;18.01.2024;8;1.0;860;49;761;49;99;49
TE223;18.01.2024;9;1.0;799;51;718;52;81;42
TE223;18.01.2024;10;1.0;704;50;620;50;84;49
TE223;18.01.2024;11;1.0;739;47;706;47;33;31
TE223;18.01.2024;12;1.0;741;50;641;50;100;50
TE223;18.01.2024;13;1.0;792;46;697;46;95;43
TE223;18.01.2024;14;1.0;866;45;768;45;98;42
TE223;18.01.2024;15;1.0;957;44;870;45;87;35
TE223;18.01.2024;16;1.0;1171;40;988;41;182;33
TE223;18.01.2024;17;1.0;543;45;510;46;33;30
TE223;18.01.2024;18;1.0;771;46;722;46;49;34
TE223;18.01.2024;19;1.0;528;47;468;48;60;47
TE223;18.01.2024;20;1.0;391;46;341;47;50;37
TE223;18.01.2024;21;1.0;340;47;303;48;37;42
TE223;18.01.2024;22;1.0;379;48;341;48;38;46
TE223;18.01.2024;23;1.0;226;49;200;50;26;41
TE223;19.01.2024;0;1.0;150;49;133;50;17;41
TE223;19.01.2024;1;1.0;73;49;69;50;4;38
TE223;19.01.2024;2;1.0;82;47;66;47;16;48
TE223;19.01.2024;3;1.0;50;48;46;48;4;42
TE223;19.01.2024;4;1.0;56;47;48;49;8;40
TE223;19.01.2024;5;1.0;124;47;109;48;15;41
TE223;19.01.2024;6;1.0;232;47;212;48;20;42
TE223;19.01.2024;7;1.0;170;47;142;48;28;40
TE223;19.01.2024;8;1.0;338;48;296;48;42;42
TE223;19.01.2024;9;1.0;171;47;153;47;18;43
TE223;19.01.2024;10;1.0;220;47;181;47;39;48
TE223;19.01.2024;11;1.0;257;47;210;47;47;44
TE223;19.01.2024;12;1.0;265;49;225;49;40;51
TE223;19.01.2024;13;1.0;287;48;233;48;54;46
TE223;19.01.2024;14;1.0;459;48;384;48;75;45
TE223;19.01.2024;15;1.0;494;45;373;46;121;42
TE223;19.01.2024;16;1.0;576;49;525;49;51;47
TE223;19.01.2024;17;1.0;726;49;625;49;101;47
TE223;19.01.2024;18;1.0;748;47;663;48;85;40
TE223;19.01.2024;19;1.0;619;44;559;45;60;35
TE223;19.01.2024;20;1.0;540;45;481;45;59;44
TE223;19.01.2024;21;1.0;399;45;361;46;38;44
TE223;19.01.2024;22;1.0;488;44;440;45;48;33
TE223;19.01.2024;23;1.0;340;44;317;46;23;28
TE223;20.01.2024;0;1.0;246;46;235;47;11;27
TE223;20.01.2024;1;1.0;191;47;184;47;7;38
TE223;20.01.2024;2;1.0;131;48;119;48;12;45
TE223;20.01.2024;3;1.0;104;51;87;50;17;56
TE223;20.01.2024;4;1.0;92;48;72;48;20;48
TE223;20.01.2024;5;1.0;111;48;95;48;16;47
TE223;20.01.2024;6;1.0;140;48;127;48;13;44
TE223;20.01.2024;7;1.0;165;49;157;49;8;46
TE223;20.01.2024;8;1.0;213;48;194;49;19;43
TE223;20.01.2024;9;1.0;333;50;283;50;50;48
TE223;20.01.2024;10;1.0;430;50;410;50;20;50
TE223;20.01.2024;11;1.0;569;50;497;50;72;51
TE223;20.01.2024;12;1.0;536;49;466;50;70;46
TE223;20.01.2024;13;1.0;640;46;556;46;84;47
TE223;20.01.2024;14;1.0;730;48;641;48;89;49
TE223;20.01.2024;15;1.0;690;48;608;49;82;46
TE223;20.01.2024;16;1.0;662;43;586;44;76;31
TE223;20.01.2024;17;1.0;645;43;562;44;83;35
TE223;20.01.2024;18;1.0;653;45;579;46;74;36
TE223;20.01.2024;19;1.0;531;43;471;45;60;35
TE223;20.01.2024;20;1.0;490;43;439;45;51;33
TE223;20.01.2024;21;1.0;455;44;405;45;50;39
TE223;20.01.2024;22;1.0;476;44;419;45;57;39
TE223;20.01.2024;23;1.0;346;44;323;45;23;39
TE223;21.01.2024;0;1.0;294;43;265;44;29;39
TE223;21.01.2024;1;1.0;210;45;187;45;23;39
TE223;21.01.2024;2;1.0;166;50;154;50;12;39
TE223;21.01.2024;3;1.0;91;53;85;54;6;39
TE223;21.01.2024;4;1.0;94;52;85;53;9;39
TE223;21.01.2024;5;1.0;89;57;84;57;5;56
TE223;21.01.2024;6;1.0;81;57;81;57;0;-1
TE223;21.01.2024;7;1.0;75;54;67;55;8;48
TE223;21.01.2024;8;1.0;138;55;126;56;12;44
TE223;21.01.2024;9;1.0;201;50;188;51;13;29
TE223;21.01.2024;10;1.0;269;50;241;49;28;50
TE223;21.01.2024;11;1.0;353;49;319;50;34;52
TE223;21.01.2024;12;1.0;441;45;382;46;59;40
TE223;21.01.2024;13;1.0;550;46;454;46;96;42
TE223;21.01.2024;14;1.0;534;45;453;45;81;42
TE223;21.01.2024;15;1.0;552;45;457;45;95;44
TE223;21.01.2024;16;1.0;597;46;496;47;101;41
TE223;21.01.2024;17;1.0;944;43;804;43;140;41
TE223;21.01.2024;18;1.0;657;44;552;44;105;44
TE223;21.01.2024;19;1.0;444;48;402;47;42;52
TE223;21.01.2024;20;1.0;391;47;350;46;41;50
TE223;21.01.2024;21;1.0;349;47;322;47;27;47
TE223;21.01.2024;22;1.0;275;47;232;47;43;46
TE223;21.01.2024;23;1.0;176;46;163;47;13;36
TE223;22.01.2024;0;1.0;105;49;94;51;11;33
TE223;22.01.2024;1;1.0;61;48;55;50;6;31
TE223;22.01.2024;2;1.0;62;48;56;50;6;31
TE223;22.01.2024;3;1.0;45;49;40;49;5;55
TE223;22.01.2024;4;1.0;50;47;48;47;2;44
TE223;22.01.2024;5;1.0;177;48;170;48;7;49
TE223;22.01.2024;6;1.0;371;48;356;48;15;50
TE223;22.01.2024;7;1.0;658;45;624;45;34;47
TE223;22.01.2024;8;1.0;888;44;841;44;47;46
TE223;22.01.2024;9;1.0;884;43;789;44;95;39
TE223;22.01.2024;10;1.0;727;45;624;46;103;42
TE223;22.01.2024;11;1.0;847;44;786;44;61;46
TE223;22.01.2024;12;1.0;833;45;778;45;55;46
TE223;22.01.2024;13;1.0;804;45;779;45;25;46
TE223;22.01.2024;14;1.0;894;46;876;46;18;47
TE223;22.01.2024;15;1.0;1077;43;1059;43;18;44
TE223;22.01.2024;16;1.0;1002;42;957;42;45;47
TE223;22.01.2024;17;1.0;1060;36;978;36;82;43
TE223;22.01.2024;18;1.0;971;35;903;34;68;37
TE223;22.01.2024;19;1.0;754;43;716;43;38;48
TE223;22.01.2024;20;1.0;479;44;420;44;59;47
TE223;22.01.2024;21;1.0;424;48;380;48;44;50
TE223;22.01.2024;22;1.0;382;47;351;47;31;48
TE223;22.01.2024;23;1.0;288;46;246;46;42;49
TE223;23.01.2024;0;1.0;128;48;115;47;13;54
TE223;23.01.2024;1;1.0;79;49;72;49;7;50
TE223;23.01.2024;2;1.0;50;47;35;49;15;41
TE223;23.01.2024;3;1.0;41;44;37;45;4;42
TE223;23.01.2024;4;1.0;67;49;56;49;11;45
TE223;23.01.2024;5;1.0;177;48;165;47;12;54
TE223;23.01.2024;6;1.0;418;47;393;48;25;37
TE223;23.01.2024;7;1.0;734;46;662;46;72;45
TE223;23.01.2024;8;1.0;933;44;861;44;72;46
TE223;23.01.2024;9;1.0;933;45;868;45;65;45
TE223;23.01.2024;10;1.0;815;46;757;46;58;42
TE223;23.01.2024;11;1.0;865;45;792;45;73;45
TE223;23.01.2024;12;1.0;921;45;832;45;89;46
TE223;23.01.2024;13;1.0;844;45;760;45;84;47
TE223;23.01.2024;14;1.0;982;45;917;45;65;48
TE223;23.01.2024;15;1.0;1130;43;1036;42;94;49
TE223;23.01.2024;16;1.0;1006;42;926;41;80;48
TE223;23.01.2024;17;1.0;1036;41;934;41;102;46
TE223;23.01.2024;18;1.0;949;42;839;41;110;45
TE223;23.01.2024;19;1.0;827;42;755;42;72;44
TE223;23.01.2024;20;1.0;561;44;510;43;51;50
TE223;23.01.2024;21;1.0;517;45;454;45;63;48
TE223;23.01.2024;22;1.0;433;46;394;46;39;41
TE223;23.01.2024;23;1.0;246;50;225;49;21;55
TE223;24.01.2024;0;1.0;140;53;114;53;26;54
TE223;24.01.2024;1;1.0;80;52;71;54;9;35
TE223;24.01.2024;2;1.0;71;46;59;48;12;34
TE223;24.01.2024;3;1.0;81;49;77;50;4;32
TE223;24.01.2024;4;1.0;70;52;64;53;6;38
TE223;24.01.2024;5;1.0;195;49;178;49;17;44
TE223;24.01.2024;6;1.0;442;50;422;50;20;50
TE223;24.01.2024;7;1.0;746;45;717;46;29;45
TE223;24.01.2024;8;1.0;974;43;951;43;23;45
TE223;24.01.2024;9;1.0;979;46;948;46;31;49
TE223;24.01.2024;10;1.0;935;47;921;47;14;48
TE223;24.01.2024;11;1.0;903;46;847;45;56;47
TE223;24.01.2024;12;1.0;868;45;827;45;41;48
TE223;24.01.2024;13;1.0;976;44;947;44;29;45
TE223;24.01.2024;14;1.0;962;44;926;44;36;46
TE223;24.01.2024;15;1.0;1203;43;1139;43;64;48
TE223;24.01.2024;16;1.0;1160;43;1153;43;7;43
TE223;24.01.2024;17;1.0;1125;42;1114;42;11;44
TE223;24.01.2024;18;1.0;990;44;986;44;4;42
TE223;24.01.2024;19;1.0;816;44;792;44;24;48
TE223;24.01.2024;20;1.0;586;44;585;44;1;48
TE223;24.01.2024;21;1.0;465;47;463;47;2;46
TE223;24.01.2024;22;1.0;450;46;448;46;2;46
TE223;24.01.2024;23;1.0;313;47;311;47;2;48
TE223;25.01.2024;0;1.0;164;47;163;47;1;49
TE223;25.01.2024;1;1.0;98;45;96;45;2;58
TE223;25.01.2024;2;1.0;70;46;63;47;7;45
TE223;25.01.2024;3;1.0;51;49;42;49;9;50
TE223;25.01.2024;4;1.0;61;48;54;49;7;50
TE223;25.01.2024;5;1.0;205;47;189;47;16;49
TE223;25.01.2024;6;1.0;475;47;440;47;35;45
TE223;25.01.2024;7;1.0;759;44;682;43;77;46
TE223;25.01.2024;8;1.0;990;45;851;44;139;48
TE223;25.01.2024;9;1.0;971;44;859;44;112;46
TE223;25.01.2024;10;1.0;935;47;836;47;99;48
TE223;25.01.2024;11;1.0;889;48;808;48;81;50
TE223;25.01.2024;12;1.0;872;47;854;47;18;47
TE223;25.01.2024;13;1.0;969;46;952;46;17;47
TE223;25.01.2024;14;1.0;1061;46;1049;46;12;47
TE223;25.01.2024;15;1.0;1119;42;1101;42;18;43
TE223;25.01.2024;16;1.0;1116;44;1106;44;10;41
TE223;25.01.2024;17;1.0;1117;46;1103;46;14;45
TE223;25.01.2024;18;1.0;1005;47;1001;47;4;46
TE223;25.01.2024;19;1.0;815;46;810;46;5;48
TE223;25.01.2024;20;1.0;598;47;596;47;2;48
TE223;25.01.2024;21;1.0;492;47;491;47;1;47
TE223;25.01.2024;22;1.0;564;43;561;43;3;46
TE223;25.01.2024;23;1.0;332;43;329;43;3;46
TE223;26.01.2024;0;1.0;228;47;225;47;3;45
TE223;26.01.2024;1;1.0;124;50;123;50;1;39
TE223;26.01.2024;2;1.0;87;37;81;38;6;34
TE223;26.01.2024;3;1.0;55;43;52;43;3;53
TE223;26.01.2024;4;1.0;78;46;74;45;4;55
TE223;26.01.2024;5;1.0;188;52;184;52;4;62
TE223;26.01.2024;6;1.0;395;52;382;52;13;50
TE223;26.01.2024;7;1.0;705;47;692;47;13;47
TE223;26.01.2024;8;1.0;822;48;765;47;57;51
TE223;26.01.2024;9;1.0;832;50;770;50;62;51
TE223;26.01.2024;10;1.0;810;49;681;49;129;50
TE223;26.01.2024;11;1.0;873;49;811;48;62;51
TE223;26.01.2024;12;1.0;952;44;876;44;77;46
TE223;26.01.2024;13;1.0;1112;44;1058;43;54;47
TE223;26.01.2024;14;1.0;1108;41;1098;41;10;41
TE223;26.01.2024;15;1.0;1024;41;1015;41;9;45
TE223;26.01.2024;16;1.0;876;45;870;45;6;34
TE223;26.01.2024;17;1.0;1005;44;1000;44;5;43
TE223;26.01.2024;18;1.0;945;47;939;47;6;46
TE223;26.01.2024;19;1.0;803;47;800;47;3;46
TE223;26.01.2024;20;1.0;645;46;639;46;6;46
TE223;26.01.2024;21;1.0;562;45;560;45;2;45
TE223;26.01.2024;22;1.0;590;42;584;42;6;46
TE223;26.01.2024;23;1.0;454;45;452;45;2;48
TE223;27.01.2024;0;1.0;332;45;308;45;24;45
TE223;27.01.2024;1;1.0;223;47;222;47;1;50
TE223;27.01.2024;2;1.0;158;47;154;47;4;45
TE223;27.01.2024;3;1.0;117;46;113;46;4;48
TE223;27.01.2024;4;1.0;102;48;101;48;1;48
TE223;27.01.2024;5;1.0;106;46;102;46;4;48
TE223;27.01.2024;6;1.0;166;51;164;51;2;55
TE223;27.01.2024;7;1.0;186;49;182;49;4;46
TE223;27.01.2024;8;1.0;325;50;321;50;4;48
TE223;27.01.2024;9;1.0;414;49;409;49;5;50
TE223;27.01.2024;10;1.0;495;49;491;49;4;46
TE223;27.01.2024;11;1.0;636;48;630;48;6;48
TE223;27.01.2024;12;1.0;704;49;697;49;7;51
TE223;27.01.2024;13;1.0;820;47;812;47;8;44
TE223;27.01.2024;14;1.0;912;44;905;44;7;46
TE223;27.01.2024;15;1.0;843;43;837;43;6;47
TE223;27.01.2024;16;1.0;854;43;843;43;11;43
TE223;27.01.2024;17;1.0;877;41;863;41;14;45
TE223;27.01.2024;18;1.0;866;42;751;42;115;44
TE223;27.01.2024;19;1.0;774;44;666;44;108;48
TE223;27.01.2024;20;1.0;632;44;572;44;60;40
TE223;27.01.2024;21;1.0;620;44;545;43;75;50
TE223;27.01.2024;22;1.0;556;44;490;45;66;40
TE223;27.01.2024;23;1.0;541;44;495;44;46;34
TE223;28.01.2024;0;1.0;361;45;330;46;31;30
TE223;28.01.2024;1;1.0;284;46;267;47;17;25
TE223;28.01.2024;2;1.0;218;47;201;48;17;36
TE223;28.01.2024;3;1.0;161;48;139;48;22;48
TE223;28.01.2024;5;1.0;102;46;98;47;4;39
TE223;28.01.2024;6;1.0;114;46;107;46;7;39
TE223;28.01.2024;7;1.0;140;45;135;45;5;38
TE223;28.01.2024;8;1.0;156;45;148;46;8;35
TE223;28.01.2024;9;1.0;288;46;266;47;22;34
TE223;28.01.2024;10;1.0;414;46;375;46;39;50
TE223;28.01.2024;11;1.0;523;43;471;42;52;50
TE223;28.01.2024;12;1.0;665;44;638;44;27;50
TE223;28.01.2024;13;1.0;731;41;708;41;23;45
TE223;28.01.2024;14;1.0;851;41;832;41;19;45
TE223;28.01.2024;15;1.0;823;41;793;41;30;44
TE223;28.01.2024;16;1.0;863;41;825;41;38;45
TE223;28.01.2024;17;1.0;842;42;793;42;49;48
TE223;28.01.2024;18;1.0;855;43;761;42;94;50
TE223;28.01.2024;19;1.0;604;45;527;45;77;46
TE223;28.01.2024;20;1.0;506;44;445;44;61;44
TE223;28.01.2024;21;1.0;407;45;363;46;44;40
TE223;28.01.2024;22;1.0;406;42;368;42;38;38
TE223;28.01.2024;23;1.0;200;45;179;46;21;37
TE223;29.01.2024;0;1.0;124;48;117;48;7;45
TE223;29.01.2024;1;1.0;72;48;54;49;18;45
TE223;29.01.2024;2;1.0;67;47;62;47;5;41
TE223;29.01.2024;3;1.0;51;47;42;49;9;37
TE223;29.01.2024;4;1.0;84;49;78;50;6;36
TE223;29.01.2024;5;1.0;185;48;169;49;16;44
TE223;29.01.2024;6;1.0;402;47;367;47;35;45
TE223;29.01.2024;7;1.0;730;42;641;41;89;43
TE223;29.01.2024;8;1.0;938;42;807;43;131;38
TE223;29.01.2024;9;1.0;976;45;861;45;115;47
TE223;29.01.2024;10;1.0;792;45;739;45;53;47
TE223;29.01.2024;11;1.0;805;43;781;43;24;45
TE223;29.01.2024;12;1.0;909;42;893;42;16;45
TE223;29.01.2024;13;1.0;897;43;863;43;34;46
TE223;29.01.2024;14;1.0;1014;42;989;42;25;40
TE223;29.01.2024;15;1.0;1062;31;1018;31;45;32
TE223;29.01.2024;16;1.0;1056;40;1000;40;56;47
TE223;29.01.2024;17;1.0;975;41;900;41;75;42
TE223;29.01.2024;18;1.0;944;43;842;41;102;48
TE223;29.01.2024;19;1.0;689;43;617;43;72;43
TE223;29.01.2024;20;1.0;543;43;481;43;62;44
TE223;29.01.2024;21;1.0;447;45;400;45;47;44
TE223;29.01.2024;22;1.0;347;46;321;46;26;35
TE223;29.01.2024;23;1.0;243;47;220;48;23;38
TE223;30.01.2024;0;1.0;136;48;123;49;13;41
TE223;30.01.2024;1;1.0;65;49;57;49;8;48
TE223;30.01.2024;2;1.0;55;48;45;49;10;45
TE223;30.01.2024;3;1.0;38;50;36;49;2;58
TE223;30.01.2024;4;1.0;67;45;60;46;7;38
TE223;30.01.2024;5;1.0;197;47;177;47;20;52
TE223;30.01.2024;6;1.0;437;45;396;45;41;51
TE223;30.01.2024;7;1.0;741;42;646;42;95;40
TE223;30.01.2024;8;1.0;999;42;873;42;126;43
TE223;30.01.2024;9;1.0;1055;44;900;44;155;46
TE223;30.01.2024;10;1.0;858;45;760;44;98;46
TE223;30.01.2024;11;1.0;849;43;790;43;59;47
TE223;30.01.2024;12;1.0;878;42;806;41;72;47
TE223;30.01.2024;13;1.0;962;43;918;43;44;48
TE223;30.01.2024;14;1.0;1044;43;1003;43;41;47
TE223;30.01.2024;15;1.0;1072;43;1025;43;47;48
TE223;30.01.2024;16;1.0;1062;43;1014;42;48;52
TE223;30.01.2024;17;1.0;1025;43;957;42;68;49
TE223;30.01.2024;18;1.0;964;41;921;41;43;42
TE223;30.01.2024;19;1.0;785;45;751;44;34;50
TE223;30.01.2024;20;1.0;547;45;514;45;33;47
TE223;30.01.2024;21;1.0;498;44;481;44;17;43
TE223;30.01.2024;22;1.0;460;45;421;45;39;47
TE223;30.01.2024;23;1.0;247;45;242;45;5;44
TE223;31.01.2024;0;1.0;137;45;134;45;3;43
TE223;31.01.2024;1;1.0;88;49;87;49;1;50
TE223;31.01.2024;2;1.0;70;48;67;48;3;44
TE223;31.01.2024;3;1.0;74;50;70;50;4;51
TE223;31.01.2024;4;1.0;76;46;74;46;2;48
TE223;31.01.2024;5;1.0;184;47;180;47;4;45
TE223;31.01.2024;6;1.0;443;52;425;52;18;54
TE223;31.01.2024;7;1.0;708;46;647;46;61;49
TE223;31.01.2024;8;1.0;946;48;853;48;93;47
TE223;31.01.2024;9;1.0;1008;48;955;48;53;51
TE223;31.01.2024;10;1.0;870;48;798;48;72;48
TE223;31.01.2024;11;1.0;881;49;813;49;68;46
TE223;31.01.2024;12;1.0;940;46;807;46;133;45
TE223;31.01.2024;13;1.0;967;47;873;47;94;50
TE223;31.01.2024;14;1.0;1032;47;1022;47;10;47
TE223;31.01.2024;15;1.0;1046;48;1035;48;11;49
TE223;31.01.2024;16;1.0;1033;48;1027;48;6;48
TE223;31.01.2024;17;1.0;977;48;971;48;6;48
TE223;31.01.2024;18;1.0;957;49;953;49;4;48
TE223;31.01.2024;19;1.0;856;49;849;49;7;48
TE223;31.01.2024;20;1.0;567;50;567;50;0;-1
TE223;31.01.2024;21;1.0;503;50;501;50;2;48
TE223;31.01.2024;22;1.0;456;50;452;50;4;50
TE223;31.01.2024;23;1.0;294;52;292;52;2;54
TE228;01.01.2024;16;1.0;345;32;199;22;145;45
TE228;01.01.2024;17;1.0;296;32;204;24;93;48
TE228;01.01.2024;18;1.0;265;32;180;23;85;49
TE228;02.01.2024;5;1.0;340;45;206;38;134;57
TE228;02.01.2024;6;1.0;402;45;304;43;98;52
TE228;02.01.2024;7;1.0;398;46;274;39;124;62
TE228;02.01.2024;8;1.0;402;48;206;39;196;59
TE228;02.01.2024;9;1.0;352;40;234;33;118;54
TE228;02.01.2024;10;1.0;421;40;195;26;226;53
TE228;02.01.2024;11;1.0;478;38;404;36;74;51
TE228;02.01.2024;12;1.0;443;36;344;32;99;50
TE228;02.01.2024;13;1.0;581;61;268;43;313;76
TE228;02.01.2024;14;1.0;443;48;312;45;131;56
TE228;02.01.2024;15;1.0;483;47;371;45;112;55
TE228;02.01.2024;16;1.0;479;45;382;43;97;54
TE228;02.01.2024;17;1.0;465;48;212;32;253;62
TE228;02.01.2024;18;1.0;466;49;222;35;243;61
TE228;02.01.2024;22;1.0;235;64;26;72;208;63
TE228;03.01.2024;7;1.0;579;66;123;66;456;65
TE228;03.01.2024;8;1.0;580;65;100;60;480;67
TE228;03.01.2024;10;1.0;570;55;92;54;477;56
TE228;03.01.2024;14;1.0;695;57;49;54;646;57
TE228;03.01.2024;16;1.0;688;67;107;70;580;67
TE228;04.01.2024;7;1.0;591;55;181;32;409;66
TE228;04.01.2024;9;1.0;652;58;193;37;459;67
TE228;04.01.2024;11;1.0;551;50;307;39;243;63
TE228;04.01.2024;12;1.0;530;48;371;41;159;64
TE228;04.01.2024;13;1.0;545;52;314;38;231;71
TE228;04.01.2024;14;1.0;537;57;245;30;292;79
TE228;04.01.2024;15;1.0;596;57;300;35;296;80
TE228;04.01.2024;16;1.0;531;44;382;45;149;42
TE228;04.01.2024;17;1.0;506;44;366;37;140;61
TE228;04.01.2024;18;1.0;441;46;317;39;124;64
TE228;04.01.2024;19;1.0;316;41;272;38;44;63
TE228;04.01.2024;20;1.0;253;38;236;37;17;56
TE228;04.01.2024;21;1.0;226;40;184;38;43;47
TE228;04.01.2024;22;1.0;172;40;153;38;19;60
TE228;04.01.2024;23;1.0;110;47;83;41;27;64
TE228;05.01.2024;0;1.0;71;44;51;35;20;66
TE228;05.01.2024;1;1.0;56;46;49;43;7;61
TE228;05.01.2024;2;1.0;42;42;39;40;3;68
TE228;05.01.2024;3;1.0;41;43;27;31;14;68
TE228;05.01.2024;4;1.0;118;45;78;34;40;68
TE228;05.01.2024;5;1.0;324;54;167;38;157;72
TE228;05.01.2024;6;1.0;431;44;348;39;83;64
TE228;05.01.2024;7;1.0;464;48;356;42;108;66
TE228;05.01.2024;8;1.0;466;39;404;36;62;54
TE228;05.01.2024;9;1.0;421;40;380;38;41;58
TE228;05.01.2024;10;1.0;481;41;421;38;60;56
TE228;05.01.2024;11;1.0;522;44;462;42;60;56
TE228;05.01.2024;12;1.0;536;46;353;36;183;64
TE228;05.01.2024;13;1.0;565;50;345;40;220;67
TE228;05.01.2024;14;1.0;597;41;486;37;111;57
TE228;05.01.2024;15;1.0;518;41;430;38;88;53
TE229;01.01.2024;0;1.0;14;46;14;46;0;-1
TE229;01.01.2024;1;1.0;19;46;19;46;0;-1
TE229;01.01.2024;2;1.0;20;44;20;44;0;-1
TE229;01.01.2024;3;1.0;20;42;20;42;0;-1
TE229;01.01.2024;4;1.0;27;41;27;41;0;-1
TE229;01.01.2024;5;1.0;10;42;10;42;0;-1
TE229;01.01.2024;6;1.0;9;40;9;40;0;-1
TE229;01.01.2024;7;1.0;3;45;3;45;0;-1
TE229;01.01.2024;8;1.0;9;45;9;45;0;-1
TE229;01.01.2024;9;1.0;15;39;15;39;0;-1
TE229;01.01.2024;10;1.0;17;40;15;40;2;40
TE229;01.01.2024;11;1.0;26;36;24;36;2;35
TE229;01.01.2024;12;1.0;22;38;20;36;2;52
TE229;01.01.2024;13;1.0;42;36;37;35;5;44
TE229;01.01.2024;14;1.0;29;36;26;36;3;34
TE229;01.01.2024;15;1.0;31;39;27;39;4;40
TE229;01.01.2024;16;1.0;22;38;20;38;2;30
TE229;01.01.2024;17;1.0;14;34;11;32;3;40
TE229;01.01.2024;18;1.0;18;38;15;38;3;39
TE229;01.01.2024;19;1.0;13;36;13;36;0;-1
TE229;01.01.2024;20;1.0;7;39;7;39;0;-1
TE229;01.01.2024;21;1.0;7;42;7;42;0;-1
TE229;01.01.2024;22;1.0;12;35;12;35;0;-1
TE229;01.01.2024;23;1.0;10;40;10;40;0;-1
TE229;02.01.2024;0;1.0;10;37;10;37;0;-1
TE229;02.01.2024;1;1.0;7;37;7;37;0;-1
TE229;02.01.2024;2;1.0;7;40;7;40;0;-1
TE229;02.01.2024;3;1.0;7;34;7;34;0;-1
TE229;02.01.2024;4;1.0;7;41;7;41;0;-1
TE229;02.01.2024;5;1.0;24;34;23;34;1;37
TE229;02.01.2024;6;1.0;25;41;20;39;5;47
TE229;02.01.2024;7;1.0;38;32;36;32;2;27
TE229;02.01.2024;8;1.0;53;32;48;32;5;33
TE229;02.01.2024;9;1.0;207;29;202;29;5;28
TE229;02.01.2024;10;1.0;209;25;206;25;3;23
TE229;02.01.2024;11;1.0;101;22;101;22;0;-1
TE229;02.01.2024;12;1.0;52;33;51;33;1;36
TE229;02.01.2024;13;1.0;44;29;44;29;0;-1
TE229;02.01.2024;14;1.0;62;30;61;30;1;23
TE229;02.01.2024;15;1.0;45;31;45;31;0;-1
TE229;02.01.2024;16;1.0;35;31;35;31;0;-1
TE229;02.01.2024;17;1.0;23;28;20;28;3;27
TE229;02.01.2024;18;1.0;28;31;28;31;0;-1
TE229;02.01.2024;19;1.0;22;30;20;32;2;10
TE229;02.01.2024;20;1.0;30;43;29;43;1;44
TE229;02.01.2024;21;1.0;41;32;40;32;1;33
TE229;02.01.2024;22;1.0;21;41;21;41;0;-1
TE229;02.01.2024;23;1.0;13;48;13;48;0;-1
TE229;03.01.2024;0;1.0;8;37;8;37;0;-1
TE229;03.01.2024;1;1.0;8;37;8;37;0;-1
TE229;03.01.2024;2;1.0;8;44;8;44;0;-1
TE229;03.01.2024;3;1.0;6;42;5;43;1;35
TE229;03.01.2024;4;1.0;8;47;8;47;0;-1
TE229;03.01.2024;5;1.0;15;34;15;34;0;-1
TE229;03.01.2024;6;1.0;39;26;35;26;4;25
TE229;03.01.2024;7;1.0;23;28;16;24;7;36
TE229;03.01.2024;8;1.0;51;28;46;28;5;25
TE229;03.01.2024;9;1.0;74;32;64;32;10;32
TE229;03.01.2024;10;1.0;101;28;84;29;17;22
TE229;03.01.2024;11;1.0;90;28;82;28;8;28
TE229;03.01.2024;12;1.0;87;30;77;29;10;33
TE229;03.01.2024;13;1.0;80;29;74;29;6;29
TE229;03.01.2024;14;1.0;84;29;79;29;5;29
TE229;03.01.2024;15;1.0;85;27;79;28;6;26
TE229;03.01.2024;16;1.0;62;30;57;30;5;26
TE229;03.01.2024;17;1.0;55;31;50;31;5;29
TE229;03.01.2024;18;1.0;91;30;88;30;3;28
TE229;03.01.2024;19;1.0;39;29;36;29;3;26
TE229;03.01.2024;20;1.0;39;37;36;37;3;37
TE229;03.01.2024;21;1.0;22;37;21;37;1;38
TE229;03.01.2024;22;1.0;26;38;25;38;1;33
TE229;03.01.2024;23;1.0;11;45;11;45;0;-1
TE229;04.01.2024;0;1.0;13;49;13;49;0;-1
TE229;04.01.2024;1;1.0;6;32;6;32;0;-1
TE229;04.01.2024;2;1.0;5;35;5;35;0;-1
TE229;04.01.2024;3;1.0;5;34;5;34;0;-1
TE229;04.01.2024;4;1.0;12;42;12;42;0;-1
TE229;04.01.2024;5;1.0;24;39;22;39;2;40
TE229;04.01.2024;6;1.0;28;36;25;36;3;33
TE229;04.01.2024;7;1.0;26;31;25;32;1;25
TE229;04.01.2024;8;1.0;42;31;37;32;5;28
TE229;04.01.2024;9;1.0;57;26;50;26;7;27
TE229;04.01.2024;10;1.0;51;26;45;26;6;25
TE229;04.01.2024;11;1.0;56;27;49;27;7;27
TE229;04.01.2024;12;1.0;61;33;60;33;1;28
TE229;04.01.2024;13;1.0;30;21;29;21;1;31
TE229;04.01.2024;14;1.0;45;25;38;25;7;25
TE229;04.01.2024;15;1.0;55;28;47;28;8;26
TE229;04.01.2024;16;1.0;60;29;57;29;3;29
TE229;04.01.2024;17;1.0;50;29;46;29;4;30
TE229;04.01.2024;18;1.0;49;32;41;33;8;26
TE229;04.01.2024;19;1.0;29;33;26;32;3;39
TE229;04.01.2024;20;1.0;24;39;20;41;4;29
TE229;04.01.2024;21;1.0;17;31;17;31;0;-1
TE229;04.01.2024;22;1.0;23;38;22;38;1;37
TE229;04.01.2024;23;1.0;10;47;10;47;0;-1
TE229;05.01.2024;0;1.0;24;43;20;43;4;44
TE229;05.01.2024;1;1.0;13;46;13;46;0;-1
TE229;05.01.2024;2;1.0;4;41;4;41;0;-1
TE229;05.01.2024;3;1.0;7;30;7;30;0;-1
TE229;05.01.2024;4;1.0;11;43;8;42;3;45
TE229;05.01.2024;5;1.0;20;43;18;42;2;49
TE229;05.01.2024;6;1.0;35;27;26;27;9;29
TE229;05.01.2024;7;1.0;36;36;28;35;8;38
TE229;05.01.2024;8;1.0;31;28;30;28;1;38
TE229;05.01.2024;9;1.0;70;32;69;32;1;27
TE229;05.01.2024;10;1.0;62;31;58;31;4;28
TE229;05.01.2024;11;1.0;71;26;61;27;10;23
TE229;05.01.2024;12;1.0;37;28;35;28;2;33
TE229;05.01.2024;13;1.0;42;28;41;28;1;19
TE229;05.01.2024;14;1.0;45;28;45;28;0;-1
TE229;05.01.2024;15;1.0;45;31;45;31;0;-1
TE229;05.01.2024;16;1.0;46;31;45;31;1;26
TE229;05.01.2024;17;1.0;29;37;29;37;0;-1
TE229;05.01.2024;18;1.0;26;35;25;35;1;39
TE229;05.01.2024;19;1.0;25;35;24;34;1;52
TE229;05.01.2024;20;1.0;23;33;21;34;2;23
TE229;05.01.2024;21;1.0;12;40;11;39;1;46
TE229;05.01.2024;22;1.0;19;41;19;41;0;-1
TE229;05.01.2024;23;1.0;12;44;12;44;0;-1
TE229;06.01.2024;0;1.0;12;47;12;47;0;-1
TE229;06.01.2024;1;1.0;13;45;13;45;0;-1
TE229;06.01.2024;2;1.0;6;44;6;44;0;-1
TE229;06.01.2024;3;1.0;8;32;7;33;1;23
TE229;06.01.2024;4;1.0;4;44;4;44;0;-1
TE229;06.01.2024;5;1.0;7;39;5;36;2;48
TE229;06.01.2024;6;1.0;12;37;10;36;2;42
TE229;06.01.2024;7;1.0;20;38;19;37;1;46
TE229;06.01.2024;8;1.0;24;29;24;29;0;-1
TE229;06.01.2024;9;1.0;32;35;29;35;3;39
TE229;06.01.2024;10;1.0;32;31;30;31;2;30
TE229;06.01.2024;11;1.0;34;31;32;30;2;37
TE229;06.01.2024;12;1.0;49;33;46;33;3;31
TE229;06.01.2024;13;1.0;42;31;41;31;1;29
TE229;06.01.2024;14;1.0;48;29;44;29;4;28
TE229;06.01.2024;15;1.0;52;29;50;29;2;26
TE229;06.01.2024;16;1.0;50;30;48;30;2;26
TE229;06.01.2024;17;1.0;43;29;42;29;1;25
TE229;06.01.2024;18;1.0;39;33;37;33;2;32
TE229;06.01.2024;19;1.0;32;38;32;38;0;-1
TE229;06.01.2024;20;1.0;22;35;21;35;1;38
TE229;06.01.2024;21;1.0;18;36;17;36;1;38
TE229;06.01.2024;22;1.0;18;40;18;40;0;-1
TE229;06.01.2024;23;1.0;21;41;20;41;1;44
TE229;07.01.2024;0;1.0;7;40;6;39;1;49
TE229;07.01.2024;1;1.0;10;52;10;52;0;-1
TE229;07.01.2024;2;1.0;11;40;11;40;0;-1
TE229;07.01.2024;3;1.0;4;38;4;38;0;-1
TE229;07.01.2024;4;1.0;10;21;10;21;0;-1
TE229;07.01.2024;5;1.0;10;29;10;29;0;-1
TE229;07.01.2024;6;1.0;5;35;5;35;0;-1
TE229;07.01.2024;7;1.0;12;38;11;37;1;49
TE229;07.01.2024;8;1.0;16;34;15;35;1;26
TE229;07.01.2024;9;1.0;22;40;20;41;2;30
TE229;07.01.2024;10;1.0;22;35;19;35;3;34
TE229;07.01.2024;11;1.0;16;37;15;36;1;49
TE229;07.01.2024;12;1.0;21;34;19;34;2;36
TE229;07.01.2024;13;1.0;21;30;18;29;3;36
TE229;07.01.2024;14;1.0;27;35;26;35;1;30
TE229;07.01.2024;15;1.0;35;40;34;40;1;40
TE229;07.01.2024;16;1.0;21;36;20;36;1;31
TE229;07.01.2024;17;1.0;43;35;40;36;3;29
TE229;07.01.2024;18;1.0;26;40;23;41;3;39
TE229;07.01.2024;19;1.0;17;38;17;38;0;-1
TE229;07.01.2024;20;1.0;12;33;12;33;0;-1
TE229;07.01.2024;21;1.0;16;37;16;37;0;-1
TE229;07.01.2024;22;1.0;15;32;15;32;0;-1
TE229;07.01.2024;23;1.0;12;33;12;33;0;-1
TE229;08.01.2024;0;1.0;11;43;10;42;1;45
TE229;08.01.2024;1;1.0;8;45;8;45;0;-1
TE229;08.01.2024;2;1.0;6;40;6;40;0;-1
TE229;08.01.2024;3;1.0;6;42;6;42;0;-1
TE229;08.01.2024;4;1.0;8;41;7;39;1;58
TE229;08.01.2024;5;1.0;34;35;30;35;4;36
TE229;08.01.2024;6;1.0;53;29;39;28;14;31
TE229;08.01.2024;8;1.0;49;26;39;27;10;22
TE229;08.01.2024;9;1.0;65;30;54;30;11;28
TE229;08.01.2024;10;1.0;72;32;63;33;9;31
TE229;08.01.2024;11;1.0;73;31;65;31;8;31
TE229;08.01.2024;12;1.0;75;31;63;31;12;30
TE229;08.01.2024;13;1.0;68;39;53;39;15;41
TE229;08.01.2024;14;1.0;65;35;60;35;5;33
TE229;08.01.2024;15;1.0;90;29;86;29;4;28
TE229;08.01.2024;16;1.0;61;33;48;32;13;34
TE229;08.01.2024;17;1.0;56;25;51;25;4;35
TE229;08.01.2024;18;1.0;57;33;54;33;3;34
TE229;08.01.2024;19;1.0;40;37;39;37;1;36
TE229;08.01.2024;20;1.0;19;39;16;39;3;40
TE229;08.01.2024;21;1.0;24;35;24;35;0;-1
TE229;08.01.2024;22;1.0;13;40;7;37;6;44
TE229;08.01.2024;23;1.0;13;43;13;43;0;-1
TE229;09.01.2024;0;1.0;6;43;6;43;0;-1
TE229;09.01.2024;1;1.0;6;37;6;37;0;-1
TE229;09.01.2024;2;1.0;6;55;6;55;0;-1
TE229;09.01.2024;3;1.0;9;42;8;40;1;56
TE229;09.01.2024;4;1.0;10;47;9;47;1;42
TE229;09.01.2024;5;1.0;34;35;28;36;6;31
TE229;09.01.2024;6;1.0;31;36;26;36;5;39
TE229;09.01.2024;7;1.0;42;28;35;27;7;31
TE229;09.01.2024;8;1.0;80;26;71;27;9;24
TE229;09.01.2024;9;1.0;67;30;57;30;10;28
TE229;09.01.2024;10;1.0;58;25;49;25;9;24
TE229;09.01.2024;11;1.0;106;23;99;23;7;26
TE229;09.01.2024;12;1.0;67;26;58;26;9;25
TE229;09.01.2024;13;1.0;64;30;56;30;8;30
TE229;09.01.2024;14;1.0;49;30;41;29;8;35
TE229;09.01.2024;15;1.0;131;27;120;27;11;28
TE229;09.01.2024;16;1.0;109;28;98;28;11;25
TE229;09.01.2024;17;1.0;61;33;52;34;9;31
TE229;09.01.2024;18;1.0;45;32;36;32;9;33
TE229;09.01.2024;19;1.0;36;39;29;40;7;36
TE229;09.01.2024;20;1.0;36;38;29;39;7;34
TE229;09.01.2024;21;1.0;32;41;31;41;1;38
TE229;09.01.2024;22;1.0;30;42;30;42;0;-1
TE229;09.01.2024;23;1.0;15;38;14;38;1;43
TE229;10.01.2024;0;1.0;10;46;9;46;1;47
TE229;10.01.2024;1;1.0;10;46;9;46;1;47
TE229;10.01.2024;2;1.0;6;34;5;34;1;32
TE229;10.01.2024;3;1.0;12;38;11;39;1;26
TE229;10.01.2024;4;1.0;9;33;8;32;1;44
TE229;10.01.2024;5;1.0;19;33;18;31;1;59
TE229;10.01.2024;6;1.0;40;38;36;37;4;41
TE229;10.01.2024;7;1.0;47;34;39;33;8;38
TE229;10.01.2024;8;1.0;55;35;47;34;8;38
TE229;10.01.2024;9;1.0;87;33;76;33;11;31
TE229;10.01.2024;10;1.0;81;31;66;31;15;31
TE229;10.01.2024;11;1.0;82;36;71;37;11;32
TE229;10.01.2024;12;1.0;83;30;73;30;10;31
TE229;10.01.2024;13;1.0;97;37;86;37;11;36
TE229;10.01.2024;14;1.0;158;33;141;33;17;32
TE229;10.01.2024;15;1.0;197;29;184;29;13;26
TE229;10.01.2024;16;1.0;145;28;134;28;11;27
TE229;10.01.2024;17;1.0;84;29;73;29;11;27
TE229;10.01.2024;18;1.0;93;29;83;29;10;31
TE229;10.01.2024;19;1.0;52;37;49;37;3;35
TE229;10.01.2024;20;1.0;47;35;43;36;4;33
TE229;10.01.2024;21;1.0;27;36;27;36;0;-1
TE229;10.01.2024;22;1.0;29;38;29;38;0;-1
TE229;10.01.2024;23;1.0;15;41;15;41;0;-1
TE229;11.01.2024;0;1.0;26;41;25;41;1;32
TE229;11.01.2024;1;1.0;9;43;9;43;0;-1
TE229;11.01.2024;2;1.0;6;42;6;42;0;-1
TE229;11.01.2024;3;1.0;6;39;6;39;0;-1
TE229;11.01.2024;4;1.0;8;32;6;31;2;35
TE229;11.01.2024;5;1.0;16;41;14;41;2;42
TE229;11.01.2024;6;1.0;20;34;18;34;2;34
TE229;11.01.2024;7;1.0;45;27;43;27;2;32
TE229;11.01.2024;8;1.0;99;28;96;28;3;30
TE229;11.01.2024;9;1.0;156;30;155;30;1;27
TE229;11.01.2024;10;1.0;91;32;90;32;1;30
TE229;11.01.2024;11;1.0;99;32;87;32;12;29
TE229;11.01.2024;12;1.0;97;30;92;30;5;32
TE229;11.01.2024;13;1.0;118;32;117;32;1;32
TE229;11.01.2024;14;1.0;108;30;107;30;1;34
TE229;11.01.2024;15;1.0;92;26;91;26;1;37
TE229;11.01.2024;16;1.0;60;27;58;27;2;26
TE229;11.01.2024;17;1.0;44;30;43;30;1;25
TE229;11.01.2024;18;1.0;44;29;39;30;5;25
TE229;11.01.2024;19;1.0;39;35;33;35;6;31
TE229;11.01.2024;20;1.0;26;32;21;32;5;30
TE229;11.01.2024;21;1.0;27;31;26;30;1;42
TE229;11.01.2024;22;1.0;8;33;8;33;0;-1
TE229;11.01.2024;23;1.0;10;39;10;39;0;-1
TE229;12.01.2024;0;1.0;9;38;9;38;0;-1
TE229;12.01.2024;1;1.0;5;44;5;44;0;-1
TE229;12.01.2024;2;1.0;6;36;6;36;0;-1
TE229;12.01.2024;3;1.0;1;40;1;40;0;-1
TE229;12.01.2024;4;1.0;10;47;10;47;0;-1
TE229;12.01.2024;5;1.0;10;35;10;35;0;-1
TE229;12.01.2024;6;1.0;33;32;31;32;2;34
TE229;12.01.2024;7;1.0;55;28;52;28;3;30
TE229;12.01.2024;8;1.0;37;32;37;32;0;-1
TE229;12.01.2024;9;1.0;46;32;42;32;4;36
TE229;12.01.2024;10;1.0;57;32;56;32;1;29
TE229;12.01.2024;11;1.0;71;33;65;33;6;28
TE229;12.01.2024;12;1.0;68;29;64;30;4;27
TE229;12.01.2024;13;1.0;64;34;59;34;5;37
TE229;12.01.2024;14;1.0;41;31;37;31;4;32
TE229;12.01.2024;15;1.0;105;29;103;28;2;33
TE229;12.01.2024;16;1.0;74;29;73;29;1;29
TE229;12.01.2024;17;1.0;32;32;32;32;0;-1
TE229;12.01.2024;18;1.0;37;30;36;30;1;35
TE229;12.01.2024;19;1.0;32;33;31;33;1;28
TE229;12.01.2024;20;1.0;21;37;16;37;5;37
TE229;12.01.2024;21;1.0;16;37;16;37;0;-1
TE229;12.01.2024;22;1.0;11;46;11;46;0;-1
TE229;12.01.2024;23;1.0;14;43;14;43;0;-1
TE229;13.01.2024;0;1.0;13;43;12;43;1;48
TE229;13.01.2024;1;1.0;16;41;16;41;0;-1
TE229;13.01.2024;2;1.0;11;40;11;40;0;-1
TE229;13.01.2024;3;1.0;5;23;5;23;0;-1
TE229;13.01.2024;4;1.0;6;36;6;36;0;-1
TE229;13.01.2024;5;1.0;9;44;9;44;0;-1
TE229;13.01.2024;6;1.0;4;36;4;36;0;-1
TE229;13.01.2024;7;1.0;19;39;19;39;0;-1
TE229;13.01.2024;8;1.0;19;31;19;31;0;-1
TE229;13.01.2024;9;1.0;17;29;16;28;1;44
TE229;13.01.2024;10;1.0;36;33;36;33;0;-1
TE229;13.01.2024;11;1.0;47;36;46;36;1;44
TE229;13.01.2024;12;1.0;34;31;34;31;0;-1
TE229;13.01.2024;13;1.0;31;32;30;32;1;37
TE229;13.01.2024;14;1.0;46;28;45;28;1;22
TE229;13.01.2024;15;1.0;59;31;56;31;3;24
TE229;13.01.2024;16;1.0;37;30;36;30;1;28
TE229;13.01.2024;17;1.0;24;27;23;27;1;37
TE229;13.01.2024;18;1.0;22;30;20;31;2;22
TE229;13.01.2024;19;1.0;26;24;26;24;0;-1
TE229;13.01.2024;20;1.0;20;33;20;33;0;-1
TE229;13.01.2024;21;1.0;10;42;10;42;0;-1
TE229;13.01.2024;22;1.0;7;52;6;52;1;53
TE229;13.01.2024;23;1.0;17;39;17;39;0;-1
TE229;14.01.2024;0;1.0;10;44;9;44;1;48
TE229;14.01.2024;1;1.0;18;46;18;46;0;-1
TE229;14.01.2024;2;1.0;11;48;11;48;0;-1
TE229;14.01.2024;3;1.0;7;51;7;51;0;-1
TE229;14.01.2024;4;1.0;13;48;13;48;0;-1
TE229;14.01.2024;5;1.0;7;45;7;45;0;-1
TE229;14.01.2024;6;1.0;8;38;8;38;0;-1
TE229;14.01.2024;7;1.0;5;39;5;39;0;-1
TE229;14.01.2024;8;1.0;13;46;13;46;0;-1
TE229;14.01.2024;9;1.0;15;45;13;45;2;44
TE229;14.01.2024;10;1.0;33;39;31;39;2;39
TE229;14.01.2024;11;1.0;32;38;31;38;1;39
TE229;14.01.2024;12;1.0;30;41;27;41;3;41
TE229;14.01.2024;13;1.0;34;34;33;34;1;34
TE229;14.01.2024;14;1.0;43;36;37;36;6;38
TE229;14.01.2024;15;1.0;38;32;33;32;5;34
TE229;14.01.2024;16;1.0;26;38;23;38;3;38
TE229;14.01.2024;17;1.0;16;35;15;36;1;23
TE229;14.01.2024;18;1.0;21;38;21;38;0;-1
TE229;14.01.2024;19;1.0;19;40;19;40;0;-1
TE229;14.01.2024;20;1.0;7;45;7;45;0;-1
TE229;14.01.2024;21;1.0;15;50;15;50;0;-1
TE229;14.01.2024;22;1.0;15;42;15;42;0;-1
TE229;14.01.2024;23;1.0;9;36;9;36;0;-1
TE229;15.01.2024;0;1.0;16;45;13;45;3;41
TE229;15.01.2024;1;1.0;9;50;9;50;0;-1
TE229;15.01.2024;2;1.0;10;45;10;45;0;-1
TE229;15.01.2024;3;1.0;5;34;5;34;0;-1
TE229;15.01.2024;4;1.0;12;41;11;41;1;47
TE229;15.01.2024;5;1.0;40;40;38;40;2;36
TE229;15.01.2024;6;1.0;21;38;16;36;5;42
TE229;15.01.2024;7;1.0;32;30;31;30;1;32
TE229;15.01.2024;8;1.0;81;32;74;32;7;32
TE229;15.01.2024;9;1.0;100;31;91;31;9;29
TE229;15.01.2024;10;1.0;71;31;63;31;8;30
TE229;15.01.2024;11;1.0;135;32;131;33;4;28
TE229;15.01.2024;12;1.0;134;33;127;33;7;31
TE229;15.01.2024;13;1.0;88;28;84;28;4;30
TE229;15.01.2024;14;1.0;88;30;86;30;2;30
TE229;15.01.2024;15;1.0;86;27;85;27;1;32
TE229;15.01.2024;16;1.0;54;33;54;33;0;-1
TE229;15.01.2024;17;1.0;37;29;37;29;0;-1
TE229;15.01.2024;18;1.0;39;32;39;32;0;-1
TE229;15.01.2024;19;1.0;28;34;27;34;1;32
TE229;15.01.2024;20;1.0;15;32;15;32;0;-1
TE229;15.01.2024;21;1.0;14;26;14;26;0;-1
TE229;15.01.2024;22;1.0;9;40;9;40;0;-1
TE229;15.01.2024;23;1.0;10;31;10;31;0;-1
TE229;16.01.2024;0;1.0;11;47;11;47;0;-1
TE229;16.01.2024;1;1.0;11;40;11;40;0;-1
TE229;16.01.2024;2;1.0;13;33;13;33;0;-1
TE229;16.01.2024;3;1.0;6;27;6;27;0;-1
TE229;16.01.2024;4;1.0;6;33;5;32;1;34
TE229;16.01.2024;5;1.0;7;33;6;33;1;36
TE229;16.01.2024;6;1.0;13;28;10;27;3;33
TE229;16.01.2024;7;1.0;21;22;18;22;3;23
TE229;16.01.2024;8;1.0;26;29;25;29;1;28
TE229;16.01.2024;9;1.0;57;27;56;27;1;26
TE229;16.01.2024;10;1.0;104;26;99;26;5;24
TE229;16.01.2024;11;1.0;82;28;75;28;7;27
TE229;16.01.2024;12;1.0;84;29;76;29;8;28
TE229;16.01.2024;13;1.0;108;32;101;32;7;29
TE229;16.01.2024;14;1.0;54;31;46;31;8;31
TE229;16.01.2024;15;1.0;88;32;81;32;7;35
TE229;16.01.2024;16;1.0;46;22;40;22;6;23
TE229;16.01.2024;17;1.0;37;29;34;29;3;30
TE229;16.01.2024;18;1.0;53;31;50;31;3;33
TE229;16.01.2024;19;1.0;34;31;34;31;0;-1
TE229;16.01.2024;20;1.0;23;30;20;30;3;31
TE229;16.01.2024;21;1.0;15;28;15;28;0;-1
TE229;16.01.2024;22;1.0;12;34;11;34;1;42
TE229;16.01.2024;23;1.0;13;42;13;42;0;-1
TE229;17.01.2024;0;1.0;9;42;9;42;0;-1
TE229;17.01.2024;1;1.0;6;42;6;42;0;-1
TE229;17.01.2024;2;1.0;9;32;9;32;0;-1
TE229;17.01.2024;3;1.0;4;39;3;36;1;49
TE229;17.01.2024;4;1.0;10;42;8;42;2;43
TE229;17.01.2024;5;1.0;13;39;12;38;1;44
TE229;17.01.2024;6;1.0;30;32;26;32;4;33
TE229;17.01.2024;7;1.0;27;27;22;27;5;26
TE229;17.01.2024;8;1.0;97;27;90;27;7;24
TE229;17.01.2024;9;1.0;96;31;89;30;7;34
TE229;17.01.2024;10;1.0;54;28;47;27;7;31
TE229;17.01.2024;11;1.0;136;22;129;22;7;22
TE229;17.01.2024;12;1.0;81;30;71;30;10;30
TE229;17.01.2024;13;1.0;43;32;39;32;4;28
TE229;17.01.2024;14;1.0;59;30;50;30;9;27
TE229;17.01.2024;15;1.0;83;33;74;33;9;31
TE229;17.01.2024;16;1.0;188;26;184;26;4;27
TE229;17.01.2024;17;1.0;33;34;31;34;2;35
TE229;17.01.2024;18;1.0;32;31;30;31;2;30
TE229;17.01.2024;19;1.0;18;25;18;25;0;-1
TE229;17.01.2024;20;1.0;18;32;18;32;0;-1
TE229;17.01.2024;21;1.0;10;31;10;31;0;-1
TE229;17.01.2024;22;1.0;5;44;5;44;0;-1
TE229;17.01.2024;23;1.0;8;44;7;43;1;51
TE229;18.01.2024;0;1.0;6;49;6;49;0;-1
TE229;18.01.2024;1;1.0;14;38;14;38;0;-1
TE229;18.01.2024;2;1.0;5;42;5;42;0;-1
TE229;18.01.2024;3;1.0;7;40;6;39;1;48
TE229;18.01.2024;4;1.0;11;48;8;45;3;56
TE229;18.01.2024;5;1.0;16;38;14;39;2;32
TE229;18.01.2024;6;1.0;26;36;22;35;4;39
TE229;18.01.2024;7;1.0;38;32;35;32;3;30
TE229;18.01.2024;8;1.0;74;28;67;29;7;26
TE229;18.01.2024;9;1.0;62;34;54;34;8;34
TE229;18.01.2024;10;1.0;56;34;48;33;8;38
TE229;18.01.2024;11;1.0;73;30;65;30;8;29
TE229;18.01.2024;12;1.0;61;32;56;31;5;32
TE229;18.01.2024;13;1.0;74;30;61;30;13;30
TE229;18.01.2024;14;1.0;56;31;52;31;4;26
TE229;18.01.2024;15;1.0;86;28;76;28;10;31
TE229;18.01.2024;16;1.0;80;26;68;26;12;27
TE229;18.01.2024;17;1.0;53;30;50;31;3;26
TE229;18.01.2024;18;1.0;40;35;38;35;2;32
TE229;18.01.2024;19;1.0;45;37;43;38;2;32
TE229;18.01.2024;20;1.0;35;37;33;36;2;41
TE229;18.01.2024;21;1.0;11;30;10;31;1;29
TE229;18.01.2024;22;1.0;9;46;9;46;0;-1
TE229;18.01.2024;23;1.0;5;43;4;44;1;37
TE229;19.01.2024;0;1.0;12;39;12;39;0;-1
TE229;19.01.2024;1;1.0;10;42;10;42;0;-1
TE229;19.01.2024;2;1.0;4;44;4;44;0;-1
TE229;19.01.2024;3;1.0;10;38;9;38;1;36
TE229;19.01.2024;4;1.0;9;40;8;40;1;36
TE229;19.01.2024;5;1.0;15;38;13;39;2;37
TE229;19.01.2024;6;1.0;15;38;9;37;6;40
TE229;19.01.2024;7;1.0;33;29;30;29;3;30
TE229;19.01.2024;8;1.0;83;34;80;34;3;36
TE229;19.01.2024;9;1.0;84;35;77;35;7;35
TE229;19.01.2024;10;1.0;77;30;63;31;14;29
TE229;19.01.2024;11;1.0;99;31;90;31;9;28
TE229;19.01.2024;12;1.0;62;30;50;30;12;31
TE229;19.01.2024;13;1.0;76;30;70;30;6;32
TE229;19.01.2024;14;1.0;69;27;64;27;5;28
TE229;19.01.2024;15;1.0;135;29;120;29;15;29
TE229;19.01.2024;16;1.0;51;28;47;28;4;27
TE229;19.01.2024;17;1.0;31;28;27;28;4;28
TE229;19.01.2024;18;1.0;29;28;29;28;0;-1
TE229;19.01.2024;19;1.0;40;29;38;29;2;28
TE229;19.01.2024;20;1.0;20;32;17;31;3;33
TE229;19.01.2024;21;1.0;20;35;20;35;0;-1
TE229;19.01.2024;22;1.0;19;38;19;38;0;-1
TE229;19.01.2024;23;1.0;10;37;10;37;0;-1
TE229;20.01.2024;0;1.0;10;49;10;49;0;-1
TE229;20.01.2024;1;1.0;11;41;11;41;0;-1
TE229;20.01.2024;2;1.0;8;42;8;42;0;-1
TE229;20.01.2024;3;1.0;3;33;3;33;0;-1
TE229;20.01.2024;4;1.0;9;46;8;46;1;46
TE229;20.01.2024;5;1.0;14;40;12;41;2;32
TE229;20.01.2024;6;1.0;5;32;5;32;0;-1
TE229;20.01.2024;7;1.0;13;34;13;34;0;-1
TE229;20.01.2024;8;1.0;24;29;22;29;2;33
TE229;20.01.2024;9;1.0;28;32;26;33;2;29
TE229;20.01.2024;10;1.0;59;30;54;30;5;32
TE229;20.01.2024;11;1.0;47;36;45;36;2;34
TE229;20.01.2024;12;1.0;54;26;52;27;2;22
TE229;20.01.2024;13;1.0;72;34;61;34;11;36
TE229;20.01.2024;14;1.0;95;33;90;33;5;32
TE229;20.01.2024;15;1.0;91;35;87;35;4;33
TE229;20.01.2024;16;1.0;62;34;59;34;3;36
TE229;20.01.2024;17;1.0;45;32;39;31;6;32
TE229;20.01.2024;18;1.0;48;30;43;30;5;32
TE229;20.01.2024;19;1.0;29;34;27;34;2;34
TE229;20.01.2024;20;1.0;24;30;24;30;0;-1
TE229;20.01.2024;21;1.0;29;33;29;33;0;-1
TE229;20.01.2024;22;1.0;6;24;6;24;0;-1
TE229;20.01.2024;23;1.0;17;38;16;38;1;37
TE229;21.01.2024;0;1.0;11;45;11;45;0;-1
TE229;21.01.2024;1;1.0;11;44;11;44;0;-1
TE229;21.01.2024;2;1.0;14;46;14;46;0;-1
TE229;21.01.2024;3;1.0;9;43;9;43;0;-1
TE229;21.01.2024;4;1.0;8;40;8;40;0;-1
TE229;21.01.2024;5;1.0;7;48;7;48;0;-1
TE229;21.01.2024;6;1.0;10;40;9;39;1;51
TE229;21.01.2024;7;1.0;10;40;10;40;0;-1
TE229;21.01.2024;8;1.0;7;43;6;42;1;47
TE229;21.01.2024;9;1.0;11;37;11;37;0;-1
TE229;21.01.2024;10;1.0;26;38;23;37;3;39
TE229;21.01.2024;11;1.0;29;38;25;37;4;41
TE229;21.01.2024;12;1.0;52;38;44;38;8;39
TE229;21.01.2024;13;1.0;33;38;29;39;4;38
TE229;21.01.2024;14;1.0;45;37;42;37;3;38
TE229;21.01.2024;15;1.0;43;38;38;38;5;35
TE229;21.01.2024;16;1.0;35;40;32;39;3;43
TE229;21.01.2024;17;1.0;34;38;29;38;5;37
TE229;21.01.2024;18;1.0;27;39;24;39;3;38
TE229;21.01.2024;19;1.0;40;43;40;43;0;-1
TE229;21.01.2024;20;1.0;30;40;30;40;0;-1
TE229;21.01.2024;21;1.0;26;40;25;40;1;44
TE229;21.01.2024;22;1.0;21;41;20;41;1;35
TE229;21.01.2024;23;1.0;25;29;24;29;1;20
TE229;22.01.2024;0;1.0;18;43;17;43;1;40
TE229;22.01.2024;1;1.0;13;45;13;45;0;-1
TE229;22.01.2024;2;1.0;6;41;6;41;0;-1
TE229;22.01.2024;3;1.0;6;45;6;45;0;-1
TE229;22.01.2024;4;1.0;9;37;9;37;0;-1
TE229;22.01.2024;5;1.0;14;45;13;45;1;40
TE229;22.01.2024;6;1.0;23;32;13;32;10;32
TE229;22.01.2024;7;1.0;31;27;18;26;13;28
TE229;22.01.2024;8;1.0;47;23;37;23;10;20
TE229;22.01.2024;9;1.0;63;30;48;30;15;29
TE229;22.01.2024;10;1.0;65;30;56;30;9;30
TE229;22.01.2024;11;1.0;78;33;64;33;14;33
TE229;22.01.2024;12;1.0;84;32;71;32;13;31
TE229;22.01.2024;13;1.0;97;29;80;28;17;30
TE229;22.01.2024;14;1.0;79;29;69;29;10;29
TE229;22.01.2024;15;1.0;110;27;104;27;6;27
TE229;22.01.2024;16;1.0;72;25;62;25;10;24
TE229;22.01.2024;17;1.0;34;31;32;30;2;34
TE229;22.01.2024;18;1.0;29;31;26;31;3;31
TE229;22.01.2024;19;1.0;36;34;31;35;5;32
TE229;22.01.2024;20;1.0;24;37;20;37;4;36
TE229;22.01.2024;21;1.0;8;38;8;38;0;-1
TE229;22.01.2024;22;1.0;11;30;10;29;1;42
TE229;22.01.2024;23;1.0;11;32;11;32;0;-1
TE229;23.01.2024;0;1.0;10;34;10;34;0;-1
TE229;23.01.2024;1;1.0;11;47;9;48;2;42
TE229;23.01.2024;2;1.0;5;42;5;42;0;-1
TE229;23.01.2024;3;1.0;9;38;9;38;0;-1
TE229;23.01.2024;4;1.0;8;38;8;38;0;-1
TE229;23.01.2024;5;1.0;58;28;56;28;2;35
TE229;23.01.2024;6;1.0;46;24;44;24;2;28
TE229;23.01.2024;7;1.0;106;29;103;29;3;27
TE229;23.01.2024;8;1.0;81;28;75;28;6;29
TE229;23.01.2024;9;1.0;117;23;105;22;12;24
TE229;23.01.2024;10;1.0;68;29;60;29;8;28
TE229;23.01.2024;11;1.0;93;25;86;25;7;27
TE229;23.01.2024;12;1.0;94;25;81;25;13;23
TE229;23.01.2024;13;1.0;75;32;69;32;6;32
TE229;23.01.2024;14;1.0;106;29;95;29;11;28
TE229;23.01.2024;15;1.0;125;28;115;28;10;26
TE229;23.01.2024;16;1.0;113;28;101;29;12;25
TE229;23.01.2024;17;1.0;90;29;82;29;8;31
TE229;23.01.2024;18;1.0;96;34;89;34;7;40
TE229;23.01.2024;19;1.0;92;36;83;36;9;36
TE229;23.01.2024;20;1.0;48;38;45;38;3;36
TE229;23.01.2024;21;1.0;31;39;30;39;1;35
TE229;23.01.2024;22;1.0;18;36;18;36;0;-1
TE229;23.01.2024;23;1.0;13;41;13;41;0;-1
TE229;24.01.2024;0;1.0;6;49;6;49;0;-1
TE229;24.01.2024;1;1.0;6;50;6;50;0;-1
TE229;24.01.2024;2;1.0;10;38;10;38;0;-1
TE229;24.01.2024;3;1.0;4;46;3;46;1;47
TE229;24.01.2024;4;1.0;15;44;14;44;1;42
TE229;24.01.2024;5;1.0;22;39;21;39;1;41
TE229;24.01.2024;6;1.0;30;36;21;35;9;36
TE229;24.01.2024;7;1.0;29;24;27;23;2;30
TE229;24.01.2024;8;1.0;87;28;78;28;9;22
TE229;24.01.2024;9;1.0;89;27;77;27;12;28
TE229;24.01.2024;10;1.0;62;23;55;22;7;29
TE229;24.01.2024;11;1.0;119;31;104;31;15;32
TE229;24.01.2024;12;1.0;126;25;110;24;16;26
TE229;24.01.2024;13;1.0;77;25;69;25;9;24
TE229;24.01.2024;14;1.0;163;27;150;27;13;24
TE229;24.01.2024;15;1.0;180;18;169;18;11;19
TE229;24.01.2024;16;1.0;98;24;91;24;8;25
TE229;24.01.2024;17;1.0;105;29;97;29;8;29
TE229;24.01.2024;18;1.0;114;30;111;30;3;26
TE229;24.01.2024;19;1.0;102;31;90;31;12;31
TE229;24.01.2024;20;1.0;51;34;50;34;1;34
TE229;24.01.2024;21;1.0;30;39;29;39;1;38
TE229;24.01.2024;22;1.0;7;36;7;36;0;-1
TE229;24.01.2024;23;1.0;16;40;15;40;1;42
TE229;25.01.2024;0;1.0;17;38;17;38;0;-1
TE229;25.01.2024;1;1.0;23;37;22;37;1;24
TE229;25.01.2024;2;1.0;9;38;9;38;0;-1
TE229;25.01.2024;3;1.0;12;46;11;47;1;37
TE229;25.01.2024;4;1.0;29;35;29;35;0;-1
TE229;25.01.2024;5;1.0;50;36;48;36;2;37
TE229;25.01.2024;6;1.0;57;28;52;28;5;26
TE229;25.01.2024;7;1.0;96;14;95;13;1;27
TE229;25.01.2024;8;1.0;92;26;89;26;3;28
TE229;25.01.2024;9;1.0;150;24;139;24;11;23
TE229;25.01.2024;10;1.0;168;27;161;27;7;26
TE229;25.01.2024;11;1.0;171;28;160;28;11;30
TE229;25.01.2024;12;1.0;218;28;207;28;11;31
TE229;25.01.2024;13;1.0;258;28;234;28;24;28
TE229;25.01.2024;14;1.0;196;28;182;28;14;27
TE229;25.01.2024;15;1.0;251;25;230;25;21;24
TE229;25.01.2024;16;1.0;164;27;157;27;7;25
TE229;25.01.2024;17;1.0;132;23;125;23;7;22
TE229;25.01.2024;18;1.0;140;33;134;33;6;29
TE229;25.01.2024;19;1.0;81;30;78;30;3;31
TE229;25.01.2024;20;1.0;53;33;52;33;1;33
TE229;25.01.2024;21;1.0;40;34;40;34;0;-1
TE229;25.01.2024;22;1.0;43;37;43;37;0;-1
TE229;25.01.2024;23;1.0;30;39;27;39;3;35
TE229;26.01.2024;0;1.0;38;38;37;38;1;30
TE229;26.01.2024;1;1.0;17;37;16;38;1;30
TE229;26.01.2024;2;1.0;14;37;14;37;0;-1
TE229;26.01.2024;3;1.0;21;41;19;41;2;33
TE229;26.01.2024;4;1.0;19;39;17;39;2;44
TE229;26.01.2024;5;1.0;40;35;38;34;2;48
TE229;26.01.2024;6;1.0;57;33;49;33;8;32
TE229;26.01.2024;7;1.0;54;21;43;21;11;23
TE229;26.01.2024;8;1.0;91;29;79;29;12;29
TE229;26.01.2024;9;1.0;106;30;92;31;14;27
TE229;26.01.2024;10;1.0;108;30;102;30;6;29
TE229;26.01.2024;11;1.0;195;29;182;29;13;28
TE229;26.01.2024;12;1.0;231;29;208;29;23;27
TE229;26.01.2024;13;1.0;66;28;61;28;5;29
TE229;26.01.2024;14;1.0;51;23;49;23;2;24
TE229;26.01.2024;15;1.0;114;28;110;28;4;31
TE229;26.01.2024;16;1.0;87;28;81;28;6;30
TE229;26.01.2024;17;1.0;66;27;63;27;3;26
TE229;26.01.2024;18;1.0;51;29;48;29;3;33
TE229;26.01.2024;19;1.0;33;34;31;34;2;27
TE229;26.01.2024;20;1.0;61;37;61;37;0;-1
TE229;26.01.2024;21;1.0;27;33;26;33;1;32
TE229;26.01.2024;22;1.0;46;33;42;33;4;30
TE229;26.01.2024;23;1.0;48;42;47;42;1;39
TE229;27.01.2024;0;1.0;25;41;24;41;1;39
TE229;27.01.2024;1;1.0;21;42;21;42;0;-1
TE229;27.01.2024;2;1.0;19;34;19;34;0;-1
TE229;27.01.2024;3;1.0;17;44;17;44;0;-1
TE229;27.01.2024;4;1.0;24;44;24;44;0;-1
TE229;27.01.2024;5;1.0;29;37;27;36;2;44
TE229;27.01.2024;6;1.0;12;38;10;40;2;28
TE229;27.01.2024;7;1.0;48;28;48;28;0;-1
TE229;27.01.2024;8;1.0;45;35;44;35;1;34
TE229;27.01.2024;9;1.0;46;36;42;36;4;32
TE229;27.01.2024;10;1.0;68;36;64;36;4;38
TE229;27.01.2024;11;1.0;70;33;62;33;8;33
TE229;27.01.2024;12;1.0;78;34;77;34;1;31
TE229;27.01.2024;13;1.0;78;34;74;34;4;30
TE229;27.01.2024;14;1.0;87;35;84;35;3;30
TE229;27.01.2024;15;1.0;136;31;135;31;1;35
TE229;27.01.2024;16;1.0;120;34;117;34;3;30
TE229;27.01.2024;17;1.0;86;35;79;35;7;41
TE229;27.01.2024;18;1.0;111;33;107;33;4;34
TE229;27.01.2024;19;1.0;66;35;66;35;0;-1
TE229;27.01.2024;20;1.0;54;30;51;30;3;33
TE229;27.01.2024;21;1.0;53;37;52;37;1;37
TE229;27.01.2024;22;1.0;76;37;75;37;1;31
TE229;27.01.2024;23;1.0;43;39;42;39;1;39
TE229;28.01.2024;0;1.0;31;42;31;42;0;-1
TE229;28.01.2024;1;1.0;33;43;32;43;1;45
TE229;28.01.2024;2;1.0;23;38;23;38;0;-1
TE229;28.01.2024;3;1.0;14;43;14;43;0;-1
TE229;28.01.2024;4;1.0;21;42;20;42;1;45
TE229;28.01.2024;5;1.0;17;40;17;40;0;-1
TE229;28.01.2024;6;1.0;14;45;14;45;0;-1
TE229;28.01.2024;7;1.0;11;39;11;39;0;-1
TE229;28.01.2024;8;1.0;25;41;25;41;0;-1
TE229;28.01.2024;9;1.0;38;37;34;37;4;39
TE229;28.01.2024;10;1.0;72;34;66;34;6;31
TE229;28.01.2024;11;1.0;58;31;54;31;4;28
TE229;28.01.2024;12;1.0;77;37;72;37;5;40
TE229;28.01.2024;13;1.0;71;35;62;35;9;34
TE229;28.01.2024;14;1.0;88;34;75;35;13;30
TE229;28.01.2024;15;1.0;103;35;101;35;2;34
TE229;28.01.2024;16;1.0;122;35;118;35;4;40
TE229;28.01.2024;17;1.0;125;34;119;34;6;35
TE229;28.01.2024;18;1.0;100;35;90;36;10;33
TE229;28.01.2024;19;1.0;94;38;89;38;5;38
TE229;28.01.2024;20;1.0;56;40;56;40;0;-1
TE229;28.01.2024;21;1.0;73;39;72;39;1;35
TE229;28.01.2024;22;1.0;32;40;32;40;0;-1
TE229;28.01.2024;23;1.0;25;40;25;40;0;-1
TE229;29.01.2024;0;1.0;18;42;18;42;0;-1
TE229;29.01.2024;1;1.0;13;43;12;43;1;45
TE229;29.01.2024;2;1.0;19;39;19;39;0;-1
TE229;29.01.2024;3;1.0;11;40;11;40;0;-1
TE229;29.01.2024;4;1.0;21;37;20;36;1;44
TE229;29.01.2024;5;1.0;54;35;49;35;5;32
TE229;29.01.2024;6;1.0;90;33;79;33;11;30
TE229;29.01.2024;7;1.0;82;20;75;20;7;21
TE229;29.01.2024;8;1.0;124;21;119;21;5;19
TE229;29.01.2024;9;1.0;187;19;173;19;14;17
TE229;29.01.2024;10;1.0;159;25;144;25;15;26
TE229;29.01.2024;11;1.0;138;27;130;27;8;28
TE229;29.01.2024;12;1.0;192;21;175;21;17;19
TE229;29.01.2024;13;1.0;140;26;131;26;9;23
TE229;29.01.2024;14;1.0;153;31;138;31;15;25
TE229;29.01.2024;15;1.0;176;30;159;30;17;27
TE229;29.01.2024;16;1.0;178;29;166;29;12;29
TE229;29.01.2024;17;1.0;119;29;112;29;7;27
TE229;29.01.2024;18;1.0;90;29;81;29;9;29
TE229;29.01.2024;19;1.0;53;29;51;29;2;26
TE229;29.01.2024;20;1.0;58;35;55;36;3;30
TE229;29.01.2024;21;1.0;38;36;35;36;3;43
TE229;29.01.2024;22;1.0;27;36;27;36;0;-1
TE229;29.01.2024;23;1.0;18;28;17;28;1;25
TE229;30.01.2024;0;1.0;18;42;17;42;1;37
TE229;30.01.2024;1;1.0;10;42;9;43;1;36
TE229;30.01.2024;2;1.0;7;37;7;37;0;-1
TE229;30.01.2024;3;1.0;9;30;9;30;0;-1
TE229;30.01.2024;4;1.0;13;42;13;42;0;-1
TE229;30.01.2024;5;1.0;41;36;38;36;3;39
TE229;30.01.2024;6;1.0;76;34;67;34;9;29
TE229;30.01.2024;7;1.0;50;26;44;27;6;24
TE229;30.01.2024;8;1.0;86;25;74;25;12;26
TE229;30.01.2024;9;1.0;96;24;94;24;2;26
TE229;30.01.2024;10;1.0;148;26;141;26;8;28
TE229;30.01.2024;11;1.0;124;25;113;25;11;25
TE229;30.01.2024;12;1.0;153;27;140;27;13;28
TE229;30.01.2024;13;1.0;146;30;130;29;16;31
TE229;30.01.2024;14;1.0;113;28;101;27;12;29
TE229;30.01.2024;15;1.0;145;26;132;26;13;28
TE229;30.01.2024;16;1.0;142;26;137;25;5;28
TE229;30.01.2024;17;1.0;101;28;97;28;4;28
TE229;30.01.2024;18;1.0;80;28;76;28;4;29
TE229;30.01.2024;19;1.0;55;35;47;35;8;35
TE229;30.01.2024;20;1.0;52;36;50;36;2;27
TE229;30.01.2024;21;1.0;44;38;44;38;0;-1
TE229;30.01.2024;22;1.0;35;39;35;39;0;-1
TE229;30.01.2024;23;1.0;28;40;26;41;2;38
TE229;31.01.2024;0;1.0;23;42;21;42;2;44
TE229;31.01.2024;1;1.0;13;48;13;48;0;-1
TE229;31.01.2024;2;1.0;13;38;13;38;0;-1
TE229;31.01.2024;3;1.0;9;43;9;43;0;-1
TE229;31.01.2024;4;1.0;13;36;13;36;0;-1
TE229;31.01.2024;5;1.0;50;37;50;37;0;-1
TE229;31.01.2024;6;1.0;48;36;45;35;3;42
TE229;31.01.2024;7;1.0;64;29;60;28;4;32
TE229;31.01.2024;8;1.0;95;24;89;24;6;22
TE229;31.01.2024;9;1.0;88;26;81;26;7;26
TE229;31.01.2024;10;1.0;97;30;91;30;6;30
TE229;31.01.2024;11;1.0;85;32;80;32;5;35
TE229;31.01.2024;12;1.0;142;24;133;24;9;23
TE229;31.01.2024;13;1.0;139;29;134;29;5;31
TE229;31.01.2024;14;1.0;86;28;80;28;7;28
TE229;31.01.2024;15;1.0;124;29;116;29;8;30
TE229;31.01.2024;16;1.0;116;27;110;27;5;28
TE229;31.01.2024;17;1.0;134;25;125;25;9;26
TE229;31.01.2024;18;1.0;52;29;50;29;2;31
TE229;31.01.2024;19;1.0;46;33;43;33;3;32
TE229;31.01.2024;20;1.0;33;35;32;34;1;44
TE229;31.01.2024;21;1.0;32;26;32;26;0;-1
TE229;31.01.2024;22;1.0;23;33;22;33;1;44
TE229;31.01.2024;23;1.0;34;40;34;40;0;-1
TE230;01.01.2024;0;1.0;6;83;1;72;5;85
TE230;01.01.2024;1;1.0;12;74;5;70;7;76
TE230;01.01.2024;2;1.0;8;75;7;75;1;76
TE230;01.01.2024;3;1.0;4;78;2;75;2;80
TE230;01.01.2024;4;1.0;3;79;2;78;1;81
TE230;01.01.2024;5;1.0;2;80;1;77;1;83
TE230;01.01.2024;6;1.0;0;-1;0;-1;0;-1
TE230;01.01.2024;7;1.0;2;76;2;76;0;-1
TE230;01.01.2024;8;1.0;0;-1;0;-1;0;-1
TE230;01.01.2024;9;1.0;2;74;2;74;0;-1
TE230;01.01.2024;10;1.0;8;64;6;64;2;62
TE230;01.01.2024;11;1.0;8;61;8;61;0;-1
TE230;01.01.2024;12;1.0;10;60;8;59;2;60
TE230;01.01.2024;13;1.0;11;57;10;56;1;61
TE230;01.01.2024;14;1.0;15;57;14;56;1;58
TE230;01.01.2024;15;1.0;7;54;5;53;2;56
TE230;01.01.2024;16;1.0;10;41;10;41;0;-1
TE230;01.01.2024;17;1.0;9;51;7;50;2;58
TE230;01.01.2024;18;1.0;11;57;9;57;2;60
TE230;01.01.2024;19;1.0;7;61;5;60;2;63
TE230;01.01.2024;20;1.0;12;40;10;38;2;52
TE230;01.01.2024;21;1.0;8;48;8;48;0;-1
TE230;01.01.2024;22;1.0;8;43;7;43;1;44
TE230;01.01.2024;23;1.0;6;43;4;42;2;44
TE230;02.01.2024;0;1.0;9;65;4;70;5;61
TE230;02.01.2024;1;1.0;8;66;3;59;5;71
TE230;02.01.2024;2;1.0;7;33;6;31;1;46
TE230;02.01.2024;3;1.0;5;46;2;45;3;47
TE230;02.01.2024;4;1.0;10;51;6;49;4;54
TE230;02.01.2024;5;1.0;28;54;22;53;6;55
TE230;02.01.2024;6;1.0;32;46;25;46;7;45
TE230;02.01.2024;7;1.0;59;47;47;48;12;47
TE230;02.01.2024;8;1.0;60;49;45;49;15;49
TE230;02.01.2024;9;1.0;59;48;47;48;12;48
TE230;02.01.2024;10;1.0;50;51;47;51;3;51
TE230;02.01.2024;11;1.0;32;44;29;44;3;51
TE230;02.01.2024;12;1.0;30;53;23;52;7;55
TE230;02.01.2024;13;1.0;34;39;28;38;6;44
TE230;02.01.2024;14;1.0;33;40;28;40;5;40
TE230;02.01.2024;15;1.0;88;51;83;52;5;50
TE230;02.01.2024;16;1.0;65;52;59;52;6;52
TE230;02.01.2024;17;1.0;35;53;29;54;6;49
TE230;02.01.2024;18;1.0;23;56;18;55;5;60
TE230;02.01.2024;19;1.0;24;43;18;43;6;44
TE230;02.01.2024;20;1.0;13;49;9;49;4;48
TE230;02.01.2024;21;1.0;12;52;10;52;2;52
TE230;02.01.2024;22;1.0;5;55;5;55;0;-1
TE230;02.01.2024;23;1.0;2;55;1;53;1;57
TE230;03.01.2024;0;1.0;10;55;7;55;3;56
TE230;03.01.2024;1;1.0;6;58;2;56;4;58
TE230;03.01.2024;2;1.0;4;46;3;43;1;57
TE230;03.01.2024;3;1.0;8;30;5;27;3;35
TE230;03.01.2024;4;1.0;17;46;13;46;4;45
TE230;03.01.2024;5;1.0;36;40;30;41;6;35
TE230;03.01.2024;6;1.0;46;46;32;46;14;46
TE230;03.01.2024;7;1.0;44;53;31;53;13;54
TE230;03.01.2024;8;1.0;60;44;47;44;13;42
TE230;03.01.2024;9;1.0;54;49;33;48;21;49
TE230;03.01.2024;10;1.0;57;49;42;50;15;49
TE230;03.01.2024;11;1.0;42;51;27;51;15;50
TE230;03.01.2024;12;1.0;38;47;27;47;11;46
TE230;03.01.2024;13;1.0;43;53;29;52;14;54
TE230;03.01.2024;14;1.0;37;49;24;48;13;50
TE230;03.01.2024;15;1.0;94;36;90;36;4;35
TE230;03.01.2024;16;1.0;85;39;80;39;5;40
TE230;03.01.2024;17;1.0;50;41;47;42;3;37
TE230;03.01.2024;18;1.0;46;53;37;53;9;53
TE230;03.01.2024;19;1.0;27;56;21;56;6;56
TE230;03.01.2024;20;1.0;30;57;24;58;6;56
TE230;03.01.2024;21;1.0;18;55;15;55;3;59
TE230;03.01.2024;22;1.0;7;56;5;57;2;54
TE230;03.01.2024;23;1.0;6;51;4;50;2;52
TE230;04.01.2024;0;1.0;13;59;7;59;6;60
TE230;04.01.2024;1;1.0;3;36;2;20;1;67
TE230;04.01.2024;2;1.0;6;42;5;41;1;47
TE230;04.01.2024;3;1.0;7;44;5;43;2;45
TE230;04.01.2024;4;1.0;18;48;16;48;2;47
TE230;04.01.2024;5;1.0;39;51;32;50;7;52
TE230;04.01.2024;6;1.0;45;47;36;47;9;50
TE230;04.01.2024;7;1.0;53;48;37;48;16;48
TE230;04.01.2024;8;1.0;55;56;38;56;17;58
TE230;04.01.2024;9;1.0;63;58;44;59;19;55
TE230;04.01.2024;10;1.0;68;51;50;52;18;51
TE230;04.01.2024;11;1.0;58;49;41;47;17;55
TE230;04.01.2024;12;1.0;61;58;48;57;13;61
TE230;04.01.2024;13;1.0;39;46;29;46;10;47
TE230;04.01.2024;14;1.0;41;53;33;54;8;52
TE230;04.01.2024;15;1.0;74;45;61;44;13;45
TE230;04.01.2024;16;1.0;137;43;127;43;10;43
TE230;04.01.2024;17;1.0;65;49;54;50;11;48
TE230;04.01.2024;18;1.0;29;55;14;54;15;55
TE230;04.01.2024;19;1.0;26;58;18;58;8;59
TE230;04.01.2024;20;1.0;20;47;13;43;7;55
TE230;04.01.2024;21;1.0;19;50;16;51;3;48
TE230;04.01.2024;22;1.0;6;44;2;36;4;48
TE230;04.01.2024;23;1.0;6;46;1;12;5;53
TE230;05.01.2024;0;1.0;7;51;2;48;5;53
TE230;05.01.2024;1;1.0;7;53;4;53;3;52
TE230;05.01.2024;2;1.0;6;60;2;57;4;61
TE230;05.01.2024;3;1.0;7;61;2;59;5;62
TE230;05.01.2024;4;1.0;14;62;6;59;8;65
TE230;05.01.2024;5;1.0;40;49;23;49;17;50
TE230;05.01.2024;6;1.0;24;48;19;48;5;51
TE230;05.01.2024;7;1.0;44;50;33;50;11;51
TE230;05.01.2024;8;1.0;31;41;29;42;2;38
TE230;05.01.2024;9;1.0;49;40;46;40;3;41
TE230;05.01.2024;10;1.0;49;53;32;53;17;54
TE230;05.01.2024;11;1.0;51;50;30;49;21;51
TE230;05.01.2024;12;1.0;27;44;19;44;8;44
TE230;05.01.2024;13;1.0;35;39;21;39;14;40
TE230;05.01.2024;14;1.0;30;57;17;59;13;54
TE230;05.01.2024;15;1.0;75;55;68;54;7;58
TE230;05.01.2024;16;1.0;84;54;72;54;12;53
TE230;05.01.2024;17;1.0;45;51;40;51;5;46
TE230;05.01.2024;18;1.0;52;58;41;58;11;60
TE230;05.01.2024;19;1.0;25;54;19;56;6;50
TE230;05.01.2024;20;1.0;26;55;17;54;9;56
TE230;05.01.2024;21;1.0;20;56;17;57;3;54
TE230;05.01.2024;22;1.0;9;44;8;44;1;51
TE230;05.01.2024;23;1.0;5;47;3;43;2;52
TE230;06.01.2024;0;1.0;8;48;4;47;4;49
TE230;06.01.2024;1;1.0;8;50;5;50;3;51
TE230;06.01.2024;2;1.0;4;48;4;48;0;-1
TE230;06.01.2024;3;1.0;2;57;2;57;0;-1
TE230;06.01.2024;4;1.0;6;59;5;59;1;59
TE230;06.01.2024;5;1.0;11;58;7;55;4;62
TE230;06.01.2024;6;1.0;11;56;5;55;6;56
TE230;06.01.2024;7;1.0;14;51;12;49;2;60
TE230;06.01.2024;8;1.0;24;54;16;54;8;53
TE230;06.01.2024;9;1.0;14;58;4;54;10;59
TE230;06.01.2024;10;1.0;22;53;12;50;10;56
TE230;06.01.2024;11;1.0;16;54;11;54;5;54
TE230;06.01.2024;12;1.0;12;47;9;46;3;49
TE230;06.01.2024;13;1.0;18;44;12;44;6;45
TE230;06.01.2024;14;1.0;16;49;12;50;4;48
TE230;06.01.2024;15;1.0;18;49;16;49;2;52
TE230;06.01.2024;16;1.0;17;55;17;55;0;-1
TE230;06.01.2024;17;1.0;12;46;8;45;4;48
TE230;06.01.2024;18;1.0;14;43;8;44;6;41
TE230;06.01.2024;19;1.0;6;47;5;47;1;49
TE230;06.01.2024;20;1.0;11;39;8;37;3;46
TE230;06.01.2024;21;1.0;3;35;2;34;1;37
TE230;06.01.2024;22;1.0;1;8;1;8;0;-1
TE230;06.01.2024;23;1.0;4;21;4;21;0;-1
TE230;07.01.2024;0;1.0;5;26;4;26;1;26
TE230;07.01.2024;1;1.0;5;23;3;22;2;23
TE230;07.01.2024;2;1.0;2;23;2;23;0;-1
TE230;07.01.2024;3;1.0;1;23;1;23;0;-1
TE230;07.01.2024;4;1.0;1;23;1;23;0;-1
TE230;07.01.2024;5;1.0;1;39;1;39;0;-1
TE230;07.01.2024;6;1.0;0;-1;0;-1;0;-1
TE230;07.01.2024;7;1.0;1;26;1;26;0;-1
TE230;07.01.2024;8;1.0;1;26;1;26;0;-1
TE230;07.01.2024;9;1.0;3;33;2;36;1;27
TE230;07.01.2024;10;1.0;5;38;2;33;3;41
TE230;07.01.2024;11;1.0;5;52;4;46;1;74
TE230;07.01.2024;12;1.0;9;49;6;50;3;48
TE230;07.01.2024;13;1.0;6;51;6;51;0;-1
TE230;07.01.2024;14;1.0;11;52;10;52;1;53
TE230;07.01.2024;16;1.0;6;46;4;42;2;55
TE230;07.01.2024;17;1.0;7;59;5;58;2;60
TE230;07.01.2024;18;1.0;10;53;8;53;2;54
TE230;07.01.2024;19;1.0;6;55;5;54;1;58
TE230;07.01.2024;20;1.0;7;56;2;56;5;56
TE230;07.01.2024;21;1.0;11;56;6;56;5;57
TE230;07.01.2024;22;1.0;9;56;4;56;5;56
TE230;07.01.2024;23;1.0;10;57;5;55;5;59
TE230;08.01.2024;0;1.0;7;64;1;61;6;65
TE230;08.01.2024;1;1.0;7;69;2;68;5;69
TE230;08.01.2024;2;1.0;5;68;3;62;2;77
TE230;08.01.2024;3;1.0;3;68;2;66;1;73
TE230;08.01.2024;4;1.0;14;63;5;61;9;64
TE230;08.01.2024;5;1.0;34;47;20;47;14;46
TE230;08.01.2024;6;1.0;53;54;31;54;22;53
TE230;08.01.2024;7;1.0;51;53;33;54;18;50
TE230;08.01.2024;8;1.0;47;53;27;52;20;54
TE230;08.01.2024;9;1.0;48;52;27;51;21;52
TE230;08.01.2024;10;1.0;48;49;32;47;16;51
TE230;08.01.2024;11;1.0;44;50;24;50;20;50
TE230;08.01.2024;12;1.0;33;58;10;57;23;59
TE230;08.01.2024;13;1.0;41;47;20;44;21;50
TE230;08.01.2024;14;1.0;39;48;19;46;20;50
TE230;08.01.2024;15;1.0;31;43;22;42;9;45
TE230;08.01.2024;16;1.0;53;51;43;52;10;49
TE230;08.01.2024;17;1.0;56;53;46;53;10;50
TE230;08.01.2024;18;1.0;29;50;18;50;11;49
TE230;08.01.2024;19;1.0;11;38;5;27;6;47
TE230;08.01.2024;20;1.0;21;40;9;42;12;38
TE230;08.01.2024;21;1.0;16;40;13;39;3;45
TE230;08.01.2024;22;1.0;3;48;3;48;0;-1
TE230;08.01.2024;23;1.0;1;10;1;10;0;-1
TE230;09.01.2024;0;1.0;10;43;4;36;6;48
TE230;09.01.2024;1;1.0;9;48;4;46;5;49
TE230;09.01.2024;2;1.0;4;54;2;56;2;53
TE230;09.01.2024;3;1.0;8;57;3;52;5;59
TE230;09.01.2024;4;1.0;12;61;3;60;9;61
TE230;09.01.2024;5;1.0;31;49;14;47;17;50
TE230;09.01.2024;6;1.0;33;52;21;50;12;54
TE230;09.01.2024;7;1.0;42;49;23;46;19;52
TE230;09.01.2024;8;1.0;67;50;39;51;28;50
TE230;09.01.2024;9;1.0;61;43;36;43;25;42
TE230;09.01.2024;10;1.0;46;55;14;56;32;55
TE230;09.01.2024;11;1.0;53;55;35;55;18;56
TE230;09.01.2024;12;1.0;46;49;24;47;22;51
TE230;09.01.2024;13;1.0;47;48;23;46;24;49
TE230;09.01.2024;14;1.0;25;48;6;39;19;51
TE230;09.01.2024;15;1.0;20;46;15;45;5;47
TE230;09.01.2024;16;1.0;24;32;17;32;7;33
TE230;09.01.2024;17;1.0;15;34;10;29;5;43
TE230;09.01.2024;18;1.0;21;35;12;31;9;41
TE230;09.01.2024;19;1.0;19;37;9;32;10;41
TE230;09.01.2024;20;1.0;7;36;5;32;2;43
TE230;09.01.2024;21;1.0;10;48;6;51;4;42
TE230;09.01.2024;22;1.0;6;55;3;55;3;55
TE230;09.01.2024;23;1.0;9;62;7;59;2;75
TE230;10.01.2024;0;1.0;9;71;2;70;7;71
TE230;10.01.2024;1;1.0;9;73;2;68;7;75
TE230;10.01.2024;2;1.0;7;53;4;57;2;70
TE230;10.01.2024;3;1.0;6;63;3;62;3;64
TE230;10.01.2024;4;1.0;10;62;4;61;6;63
TE230;10.01.2024;5;1.0;39;51;23;51;16;52
TE230;10.01.2024;6;1.0;38;61;22;60;16;61
TE230;10.01.2024;7;1.0;67;60;38;59;29;61
TE230;10.01.2024;8;1.0;95;66;58;66;37;66
TE230;10.01.2024;9;1.0;78;78;43;77;35;79
TE230;10.01.2024;10;1.0;60;67;24;69;36;65
TE230;10.01.2024;11;1.0;36;55;13;54;23;56
TE230;10.01.2024;12;1.0;54;52;29;52;25;51
TE230;10.01.2024;13;1.0;39;48;14;50;25;47
TE230;10.01.2024;14;1.0;43;54;25;52;18;57
TE230;10.01.2024;15;1.0;28;42;21;41;7;44
TE230;10.01.2024;16;1.0;39;36;29;35;10;40
TE230;10.01.2024;17;1.0;29;31;24;31;5;31
TE230;10.01.2024;18;1.0;19;32;11;31;8;33
TE230;10.01.2024;19;1.0;18;33;12;30;6;39
TE230;10.01.2024;20;1.0;11;29;7;23;4;40
TE230;10.01.2024;21;1.0;13;32;10;32;3;35
TE230;10.01.2024;22;1.0;1;31;1;31;0;-1
TE230;10.01.2024;23;1.0;2;38;2;38;0;-1
TE230;11.01.2024;0;1.0;7;48;2;42;5;51
TE230;11.01.2024;1;1.0;8;52;2;54;6;51
TE230;11.01.2024;2;1.0;6;48;5;47;1;57
TE230;11.01.2024;3;1.0;5;43;4;34;1;79
TE230;11.01.2024;4;1.0;18;49;10;42;8;57
TE230;11.01.2024;5;1.0;22;52;16;51;6;55
TE230;11.01.2024;6;1.0;44;60;28;60;16;60
TE230;11.01.2024;7;1.0;42;50;34;50;8;52
TE230;11.01.2024;8;1.0;36;41;31;41;5;46
TE230;11.01.2024;9;1.0;52;43;43;43;9;47
TE230;11.01.2024;10;1.0;65;43;52;43;13;44
TE230;11.01.2024;11;1.0;52;48;36;47;16;52
TE230;11.01.2024;12;1.0;63;44;53;44;10;44
TE230;11.01.2024;13;1.0;47;51;37;51;10;50
TE230;11.01.2024;14;1.0;39;52;29;49;10;59
TE230;11.01.2024;15;1.0;31;50;26;47;5;66
TE230;11.01.2024;16;1.0;24;44;22;44;2;46
TE230;11.01.2024;17;1.0;24;42;14;39;10;45
TE230;11.01.2024;18;1.0;22;42;14;41;8;43
TE230;11.01.2024;19;1.0;24;29;22;29;2;34
TE230;11.01.2024;20;1.0;20;32;16;31;4;33
TE230;11.01.2024;21;1.0;21;38;20;38;1;31
TE230;11.01.2024;22;1.0;3;36;3;36;0;-1
TE230;11.01.2024;23;1.0;7;36;5;35;2;38
TE230;12.01.2024;1;1.0;5;42;2;44;2;61
TE230;12.01.2024;2;1.0;4;44;3;44;1;43
TE230;12.01.2024;3;1.0;6;53;5;56;1;40
TE230;12.01.2024;4;1.0;12;67;8;67;4;66
TE230;12.01.2024;5;1.0;25;62;15;63;10;61
TE230;12.01.2024;6;1.0;34;54;19;51;15;57
TE230;12.01.2024;7;1.0;57;51;38;51;19;51
TE230;12.01.2024;8;1.0;68;54;56;54;12;52
TE230;12.01.2024;9;1.0;54;54;34;53;20;55
TE230;12.01.2024;10;1.0;62;52;47;52;15;52
TE230;12.01.2024;11;1.0;67;54;41;53;26;56
TE230;12.01.2024;12;1.0;49;57;30;58;19;55
TE230;12.01.2024;13;1.0;49;55;30;52;19;59
TE230;12.01.2024;14;1.0;32;49;23;50;9;48
TE230;12.01.2024;15;1.0;25;41;19;39;6;46
TE230;12.01.2024;16;1.0;27;49;16;48;11;49
TE230;12.01.2024;17;1.0;17;50;12;47;5;55
TE230;12.01.2024;18;1.0;22;53;12;53;10;52
TE230;12.01.2024;19;1.0;20;47;12;47;8;47
TE230;12.01.2024;20;1.0;22;53;13;52;9;54
TE230;12.01.2024;21;1.0;9;52;6;50;3;56
TE230;12.01.2024;22;1.0;4;48;3;47;1;51
TE230;12.01.2024;23;1.0;4;37;2;40;1;69
TE230;13.01.2024;0;1.0;9;64;2;59;7;65
TE230;13.01.2024;1;1.0;9;67;3;62;6;69
TE230;13.01.2024;2;1.0;8;67;7;67;1;72
TE230;13.01.2024;3;1.0;3;65;3;65;0;-1
TE230;13.01.2024;4;1.0;4;56;3;54;1;63
TE230;13.01.2024;5;1.0;8;54;7;52;1;68
TE230;13.01.2024;6;1.0;10;51;10;51;0;-1
TE230;13.01.2024;7;1.0;3;27;2;31;1;18
TE230;13.01.2024;8;1.0;2;49;1;47;1;51
TE230;13.01.2024;9;1.0;10;44;9;43;1;53
TE230;13.01.2024;10;1.0;12;32;9;32;3;34
TE230;13.01.2024;11;1.0;9;53;5;51;4;55
TE230;13.01.2024;12;1.0;14;47;9;44;5;51
TE230;13.01.2024;13;1.0;17;51;14;51;3;52
TE230;13.01.2024;14;1.0;13;62;10;62;3;60
TE230;13.01.2024;15;1.0;11;56;10;54;1;70
TE230;13.01.2024;16;1.0;13;52;11;51;2;57
TE230;13.01.2024;17;1.0;11;47;8;49;2;62
TE230;13.01.2024;18;1.0;11;50;8;49;3;52
TE230;13.01.2024;19;1.0;9;49;7;48;2;52
TE230;13.01.2024;20;1.0;8;38;5;29;3;52
TE230;13.01.2024;21;1.0;10;41;8;41;2;40
TE230;13.01.2024;22;1.0;8;24;7;24;1;31
TE230;13.01.2024;23;1.0;2;18;2;18;0;-1
TE230;14.01.2024;0;1.0;8;19;8;19;0;-1
TE230;14.01.2024;1;1.0;7;27;5;20;2;44
TE230;14.01.2024;2;1.0;1;35;1;35;0;-1
TE230;14.01.2024;3;1.0;0;-1;0;-1;0;-1
TE230;14.01.2024;4;1.0;3;50;3;50;0;-1
TE230;14.01.2024;5;1.0;0;-1;0;-1;0;-1
TE230;14.01.2024;6;1.0;0;-1;0;-1;0;-1
TE230;14.01.2024;7;1.0;1;41;1;41;0;-1
TE230;14.01.2024;8;1.0;2;48;1;49;1;46
TE230;14.01.2024;9;1.0;3;44;2;42;1;46
TE230;14.01.2024;10;1.0;5;42;5;42;0;-1
TE230;14.01.2024;11;1.0;4;45;1;42;3;46
TE230;14.01.2024;12;1.0;4;46;1;43;3;47
TE230;14.01.2024;13;1.0;4;45;2;44;2;46
TE230;14.01.2024;14;1.0;7;48;5;47;2;48
TE230;14.01.2024;15;1.0;7;49;6;49;1;51
TE230;14.01.2024;16;1.0;5;54;5;54;0;-1
TE230;14.01.2024;17;1.0;5;64;4;64;1;63
TE230;14.01.2024;18;1.0;7;59;6;59;1;59
TE230;14.01.2024;19;1.0;3;64;0;-1;3;64
TE230;14.01.2024;20;1.0;9;56;4;54;5;58
TE230;14.01.2024;21;1.0;11;48;9;47;2;52
TE230;14.01.2024;22;1.0;8;40;5;45;2;47
TE230;15.01.2024;0;1.0;6;49;3;47;3;51
TE230;15.01.2024;1;1.0;12;48;5;47;7;49
TE230;15.01.2024;2;1.0;5;49;5;49;0;-1
TE230;15.01.2024;3;1.0;4;47;4;47;0;-1
TE230;15.01.2024;4;1.0;12;52;8;51;4;52
TE230;15.01.2024;5;1.0;27;42;19;44;8;37
TE230;15.01.2024;6;1.0;32;44;22;44;10;45
TE230;15.01.2024;7;1.0;60;56;36;54;24;57
TE230;15.01.2024;8;1.0;64;57;29;57;35;58
TE230;15.01.2024;9;1.0;98;59;64;59;34;59
TE230;15.01.2024;10;1.0;75;57;60;57;15;55
TE230;15.01.2024;11;1.0;81;58;53;59;28;56
TE230;15.01.2024;12;1.0;58;51;44;51;14;52
TE230;15.01.2024;13;1.0;59;48;45;48;14;48
TE230;15.01.2024;14;1.0;105;39;98;38;7;52
TE230;15.01.2024;15;1.0;135;41;127;40;8;47
TE230;15.01.2024;16;1.0;98;45;97;45;1;50
TE230;15.01.2024;17;1.0;79;45;75;45;4;49
TE230;15.01.2024;18;1.0;25;51;17;50;8;52
TE230;15.01.2024;19;1.0;18;49;11;49;7;48
TE230;15.01.2024;20;1.0;13;35;6;23;7;44
TE230;15.01.2024;21;1.0;14;27;11;24;3;35
TE230;15.01.2024;22;1.0;2;31;2;31;0;-1
TE230;15.01.2024;23;1.0;5;49;3;45;2;56
TE230;16.01.2024;0;1.0;8;58;1;71;7;56
TE230;16.01.2024;1;1.0;10;64;5;63;5;66
TE230;16.01.2024;2;1.0;3;62;3;62;0;-1
TE230;16.01.2024;3;1.0;10;58;8;57;2;62
TE230;16.01.2024;4;1.0;11;43;10;42;1;53
TE230;16.01.2024;5;1.0;63;33;54;31;9;48
TE230;16.01.2024;6;1.0;43;38;29;38;14;39
TE230;16.01.2024;7;1.0;70;48;55;47;15;48
TE230;16.01.2024;8;1.0;75;46;66;46;9;43
TE230;16.01.2024;9;1.0;101;56;89;56;12;54
TE230;16.01.2024;10;1.0;99;58;80;58;19;57
TE230;16.01.2024;11;1.0;86;57;59;57;27;58
TE230;16.01.2024;12;1.0;75;62;55;61;20;62
TE230;16.01.2024;13;1.0;80;58;53;58;27;58
TE230;16.01.2024;14;1.0;58;45;37;42;21;50
TE230;16.01.2024;15;1.0;38;41;28;41;10;41
TE230;16.01.2024;16;1.0;54;32;44;32;10;31
TE230;16.01.2024;17;1.0;58;46;50;46;8;41
TE230;16.01.2024;18;1.0;34;54;21;53;13;56
TE230;16.01.2024;19;1.0;19;54;15;53;4;60
TE230;16.01.2024;20;1.0;18;37;12;36;6;41
TE230;16.01.2024;21;1.0;20;24;20;24;0;-1
TE230;16.01.2024;22;1.0;6;26;4;25;2;27
TE230;16.01.2024;23;1.0;5;25;5;25;0;-1
TE230;17.01.2024;0;1.0;10;26;8;26;2;27
TE230;17.01.2024;1;1.0;11;31;10;27;1;69
TE230;17.01.2024;2;1.0;4;22;4;22;0;-1
TE230;17.01.2024;3;1.0;7;50;6;48;1;62
TE230;17.01.2024;4;1.0;16;36;12;38;4;29
TE230;17.01.2024;9;1.0;63;52;28;50;35;54
TE230;17.01.2024;10;1.0;57;52;27;51;30;53
TE230;17.01.2024;11;1.0;64;58;32;57;32;59
TE230;17.01.2024;12;1.0;53;56;29;54;24;58
TE230;17.01.2024;13;1.0;50;53;27;52;23;53
TE230;17.01.2024;14;1.0;42;53;20;51;22;55
TE230;17.01.2024;15;1.0;60;50;48;50;12;53
TE230;17.01.2024;16;1.0;116;49;105;49;11;48
TE230;17.01.2024;17;1.0;96;49;90;49;6;48
TE230;17.01.2024;18;1.0;52;55;45;55;7;58
TE230;17.01.2024;19;1.0;28;63;21;63;7;65
TE230;17.01.2024;20;1.0;16;47;15;46;1;65
TE230;17.01.2024;21;1.0;26;39;23;37;3;54
TE230;17.01.2024;22;1.0;3;16;3;16;0;-1
TE230;17.01.2024;23;1.0;4;8;4;8;0;-1
TE230;18.01.2024;0;1.0;18;41;14;38;4;53
TE230;18.01.2024;1;1.0;5;59;2;50;3;65
TE230;18.01.2024;2;1.0;6;61;4;62;2;60
TE230;18.01.2024;3;1.0;6;67;2;66;4;67
TE230;18.01.2024;4;1.0;11;67;3;64;8;68
TE230;18.01.2024;5;1.0;29;60;13;59;16;61
TE230;18.01.2024;6;1.0;39;48;28;50;11;42
TE230;18.01.2024;7;1.0;42;45;23;44;19;46
TE230;18.01.2024;8;1.0;69;47;45;46;24;49
TE230;18.01.2024;9;1.0;76;46;56;45;20;50
TE230;18.01.2024;10;1.0;53;56;32;54;21;59
TE230;18.01.2024;11;1.0;43;51;27;49;16;55
TE230;18.01.2024;12;1.0;46;49;23;48;23;49
TE230;18.01.2024;13;1.0;46;52;26;49;20;55
TE230;18.01.2024;14;1.0;43;48;26;46;17;50
TE230;18.01.2024;15;1.0;17;45;10;40;7;52
TE230;18.01.2024;16;1.0;33;31;25;33;8;27
TE230;18.01.2024;17;1.0;50;42;40;43;10;37
TE230;18.01.2024;18;1.0;36;46;28;45;8;46
TE230;18.01.2024;19;1.0;14;41;10;37;4;52
TE230;18.01.2024;20;1.0;25;52;14;51;11;54
TE230;18.01.2024;21;1.0;24;39;23;38;1;43
TE230;18.01.2024;22;1.0;10;33;8;29;2;46
TE230;18.01.2024;23;1.0;7;25;7;25;0;-1
TE230;19.01.2024;0;1.0;12;25;9;24;3;25
TE230;19.01.2024;1;1.0;5;26;5;26;0;-1
TE230;19.01.2024;2;1.0;3;25;3;25;0;-1
TE230;19.01.2024;3;1.0;13;26;13;26;0;-1
TE230;19.01.2024;4;1.0;18;29;18;29;0;-1
TE230;19.01.2024;5;1.0;38;38;30;38;8;40
TE230;19.01.2024;6;1.0;37;52;21;55;16;48
TE230;19.01.2024;7;1.0;54;51;27;50;27;52
TE230;19.01.2024;8;1.0;78;65;37;65;41;65
TE230;19.01.2024;9;1.0;85;67;45;67;40;67
TE230;19.01.2024;10;1.0;71;50;37;51;34;49
TE230;19.01.2024;11;1.0;58;50;31;50;27;50
TE230;19.01.2024;12;1.0;48;50;26;50;22;50
TE230;19.01.2024;13;1.0;45;44;19;44;26;45
TE230;19.01.2024;14;1.0;34;41;26;41;8;40
TE230;19.01.2024;15;1.0;49;44;41;46;8;38
TE230;19.01.2024;16;1.0;77;41;71;41;6;44
TE230;19.01.2024;17;1.0;44;50;36;51;8;49
TE230;19.01.2024;18;1.0;48;49;39;48;9;50
TE230;19.01.2024;19;1.0;18;56;12;57;6;55
TE230;19.01.2024;20;1.0;25;56;19;55;6;61
TE230;19.01.2024;21;1.0;28;45;24;45;4;46
TE230;19.01.2024;22;1.0;6;47;5;47;1;47
TE230;19.01.2024;23;1.0;5;49;3;48;2;50
TE230;20.01.2024;0;1.0;12;50;3;48;9;51
TE230;20.01.2024;1;1.0;5;56;1;53;4;57
TE230;20.01.2024;2;1.0;2;48;1;37;1;58
TE230;20.01.2024;3;1.0;8;54;8;54;0;-1
TE230;20.01.2024;4;1.0;7;46;7;46;0;-1
TE230;20.01.2024;5;1.0;14;41;13;41;1;45
TE230;20.01.2024;6;1.0;14;48;11;47;3;48
TE230;20.01.2024;7;1.0;9;34;7;30;2;49
TE230;20.01.2024;8;1.0;15;48;14;48;1;52
TE230;20.01.2024;9;1.0;10;49;8;48;2;52
TE230;20.01.2024;10;1.0;17;42;14;39;3;58
TE230;20.01.2024;11;1.0;17;17;16;17;1;18
TE230;20.01.2024;12;1.0;11;45;9;43;2;54
TE230;20.01.2024;13;1.0;20;48;12;48;8;46
TE230;20.01.2024;14;1.0;16;55;10;54;6;55
TE230;20.01.2024;15;1.0;13;40;12;41;1;31
TE230;20.01.2024;16;1.0;9;31;6;30;3;34
TE230;20.01.2024;17;1.0;11;31;6;30;5;33
TE230;20.01.2024;18;1.0;8;19;8;19;0;-1
TE230;20.01.2024;19;1.0;11;22;9;22;2;24
TE230;20.01.2024;20;1.0;12;27;6;26;6;28
TE230;20.01.2024;21;1.0;7;28;4;28;3;28
TE230;20.01.2024;22;1.0;5;17;5;17;0;-1
TE230;20.01.2024;23;1.0;6;18;6;18;0;-1
TE230;21.01.2024;0;1.0;6;21;5;20;1;25
TE230;21.01.2024;1;1.0;5;24;5;24;0;-1
TE230;21.01.2024;2;1.0;0;-1;0;-1;0;-1
TE230;21.01.2024;3;1.0;0;-1;0;-1;0;-1
TE230;21.01.2024;4;1.0;4;37;4;37;0;-1
TE230;21.01.2024;5;1.0;2;56;2;56;0;-1
TE230;21.01.2024;6;1.0;2;39;2;39;0;-1
TE230;21.01.2024;7;1.0;0;-1;0;-1;0;-1
TE230;21.01.2024;8;1.0;1;42;0;-1;1;42
TE230;21.01.2024;9;1.0;2;57;0;-1;2;57
TE230;21.01.2024;10;1.0;4;52;3;53;1;49
TE230;21.01.2024;11;1.0;8;60;6;58;2;66
TE230;21.01.2024;12;1.0;12;57;10;57;2;59
TE230;21.01.2024;13;1.0;7;46;7;46;0;-1
TE230;21.01.2024;14;1.0;5;42;4;42;1;42
TE230;21.01.2024;15;1.0;5;15;5;15;0;-1
TE230;21.01.2024;16;1.0;4;44;2;28;2;61
TE230;21.01.2024;17;1.0;9;38;5;37;4;38
TE230;21.01.2024;18;1.0;6;54;3;50;3;58
TE230;21.01.2024;19;1.0;5;58;4;55;1;68
TE230;21.01.2024;20;1.0;9;59;6;58;3;62
TE230;21.01.2024;21;1.0;11;53;10;52;1;63
TE230;21.01.2024;22;1.0;7;42;5;41;2;44
TE230;21.01.2024;23;1.0;5;33;5;33;0;-1
TE230;22.01.2024;0;1.0;11;57;8;50;3;79
TE230;22.01.2024;1;1.0;10;69;6;67;4;72
TE230;22.01.2024;2;1.0;4;61;3;58;1;71
TE230;22.01.2024;3;1.0;14;55;12;54;2;58
TE230;22.01.2024;4;1.0;13;58;10;56;3;61
TE230;22.01.2024;5;1.0;45;50;31;49;14;51
TE230;22.01.2024;6;1.0;40;48;21;47;19;48
TE230;22.01.2024;7;1.0;71;43;45;43;26;43
TE230;22.01.2024;8;1.0;96;45;79;45;17;45
TE230;22.01.2024;9;1.0;83;45;76;45;7;45
TE230;22.01.2024;10;1.0;86;44;70;44;16;45
TE230;22.01.2024;11;1.0;66;50;43;49;23;50
TE230;22.01.2024;12;1.0;64;45;48;45;16;44
TE230;22.01.2024;13;1.0;68;50;48;49;20;52
TE230;22.01.2024;14;1.0;52;52;36;51;16;52
TE230;22.01.2024;15;1.0;86;50;68;50;18;50
TE230;22.01.2024;16;1.0;135;47;129;47;6;48
TE230;22.01.2024;17;1.0;77;44;68;44;9;44
TE230;22.01.2024;18;1.0;46;52;38;53;8;50
TE230;22.01.2024;19;1.0;26;56;19;56;7;55
TE230;22.01.2024;20;1.0;23;59;18;58;5;61
TE230;22.01.2024;21;1.0;21;55;17;55;4;57
TE230;22.01.2024;22;1.0;7;46;5;44;2;50
TE230;22.01.2024;23;1.0;9;52;8;51;1;56
TE230;23.01.2024;0;1.0;10;54;4;54;6;54
TE230;23.01.2024;1;1.0;10;52;6;52;4;53
TE230;23.01.2024;2;1.0;3;41;3;41;0;-1
TE230;23.01.2024;3;1.0;10;49;8;50;2;47
TE230;23.01.2024;4;1.0;20;48;18;48;2;47
TE230;23.01.2024;5;1.0;42;49;36;49;6;49
TE230;23.01.2024;6;1.0;48;44;29;44;19;46
TE230;23.01.2024;7;1.0;86;49;58;49;28;49
TE230;23.01.2024;8;1.0;96;47;58;46;38;48
TE230;23.01.2024;9;1.0;82;46;55;46;27;46
TE230;23.01.2024;10;1.0;83;41;62;41;21;39
TE230;23.01.2024;11;1.0;69;45;47;45;22;47
TE230;23.01.2024;12;1.0;68;46;41;47;27;45
TE230;23.01.2024;13;1.0;64;43;43;42;21;45
TE230;23.01.2024;14;1.0;39;44;20;44;19;43
TE230;23.01.2024;15;1.0;60;46;48;46;12;47
TE230;23.01.2024;16;1.0;79;41;68;40;11;42
TE230;23.01.2024;17;1.0;79;47;74;47;5;46
TE230;23.01.2024;18;1.0;32;39;24;39;8;40
TE230;23.01.2024;19;1.0;38;52;32;54;6;39
TE230;23.01.2024;20;1.0;16;48;13;48;3;50
TE230;23.01.2024;21;1.0;28;36;25;35;3;40
TE230;23.01.2024;22;1.0;5;35;4;34;1;36
TE230;23.01.2024;23;1.0;4;16;4;16;0;-1
TE230;24.01.2024;0;1.0;10;28;9;24;1;66
TE230;24.01.2024;1;1.0;6;38;2;34;4;40
TE230;24.01.2024;2;1.0;7;30;7;30;0;-1
TE230;24.01.2024;3;1.0;13;41;10;38;3;51
TE230;24.01.2024;4;1.0;18;51;6;50;12;52
TE230;24.01.2024;5;1.0;32;51;21;50;11;53
TE230;24.01.2024;6;1.0;66;50;52;50;14;52
TE230;24.01.2024;7;1.0;67;38;59;38;8;35
TE230;24.01.2024;8;1.0;81;56;61;56;20;55
TE230;24.01.2024;9;1.0;104;54;74;52;30;57
TE230;24.01.2024;10;1.0;90;56;53;55;37;56
TE230;24.01.2024;11;1.0;77;50;49;52;28;46
TE230;24.01.2024;12;1.0;85;58;69;58;16;59
TE230;24.01.2024;13;1.0;74;57;58;57;16;58
TE230;24.01.2024;14;1.0;73;50;64;50;9;52
TE230;24.01.2024;15;1.0;35;37;23;38;12;35
TE230;24.01.2024;16;1.0;46;47;37;47;9;48
TE230;24.01.2024;17;1.0;54;55;47;55;7;56
TE230;24.01.2024;18;1.0;37;58;24;55;13;64
TE230;24.01.2024;19;1.0;26;61;16;60;10;62
TE230;24.01.2024;20;1.0;18;58;12;58;6;60
TE230;24.01.2024;21;1.0;20;58;16;58;4;58
TE230;24.01.2024;22;1.0;10;54;7;53;3;59
TE230;24.01.2024;23;1.0;8;57;5;57;3;58
TE230;25.01.2024;0;1.0;10;55;4;45;6;62
TE230;25.01.2024;1;1.0;7;68;3;57;4;77
TE230;25.01.2024;2;1.0;7;58;5;59;2;57
TE230;25.01.2024;3;1.0;9;59;7;62;2;50
TE230;25.01.2024;4;1.0;10;53;4;55;6;52
TE230;25.01.2024;5;1.0;38;46;35;46;3;50
TE230;25.01.2024;6;1.0;53;44;43;44;10;44
TE230;25.01.2024;7;1.0;62;36;49;35;13;36
TE230;25.01.2024;8;1.0;74;35;60;35;14;37
TE230;25.01.2024;9;1.0;89;46;58;46;31;47
TE230;25.01.2024;10;1.0;77;38;64;38;13;36
TE230;25.01.2024;11;1.0;60;53;32;52;28;55
TE230;25.01.2024;12;1.0;52;56;20;55;32;58
TE230;25.01.2024;13;1.0;39;50;21;47;18;54
TE230;25.01.2024;14;1.0;39;44;21;43;18;45
TE230;25.01.2024;15;1.0;50;44;35;44;15;43
TE230;25.01.2024;16;1.0;62;50;55;50;7;48
TE230;25.01.2024;17;1.0;90;47;84;48;6;45
TE230;25.01.2024;18;1.0;45;42;40;42;5;46
TE230;25.01.2024;19;1.0;27;42;21;44;6;37
TE230;25.01.2024;20;1.0;16;45;10;45;6;44
TE230;25.01.2024;21;1.0;20;49;18;48;2;50
TE230;25.01.2024;22;1.0;4;39;2;28;2;50
TE230;25.01.2024;23;1.0;6;53;3;51;3;55
TE230;26.01.2024;0;1.0;11;47;3;42;8;48
TE230;26.01.2024;1;1.0;8;54;4;55;4;53
TE230;26.01.2024;2;1.0;5;59;4;60;1;58
TE230;26.01.2024;3;1.0;12;61;9;58;3;70
TE230;26.01.2024;4;1.0;16;68;8;69;8;68
TE230;26.01.2024;5;1.0;36;55;26;56;10;55
TE230;26.01.2024;6;1.0;55;56;22;55;33;56
TE230;26.01.2024;7;1.0;62;53;39;51;23;56
TE230;26.01.2024;8;1.0;57;44;45;44;12;43
TE230;26.01.2024;9;1.0;67;53;39;52;28;53
TE230;26.01.2024;10;1.0;76;55;46;55;30;56
TE230;26.01.2024;11;1.0;63;51;37;51;26;52
TE230;26.01.2024;12;1.0;60;49;36;49;24;49
TE230;26.01.2024;13;1.0;46;44;42;44;4;42
TE230;26.01.2024;14;1.0;59;37;48;37;11;37
TE230;26.01.2024;15;1.0;75;48;70;48;5;49
TE230;26.01.2024;16;1.0;77;50;68;50;9;50
TE230;26.01.2024;17;1.0;62;54;55;55;7;54
TE230;26.01.2024;18;1.0;29;52;21;52;8;51
TE230;26.01.2024;19;1.0;22;50;16;51;6;47
TE230;26.01.2024;20;1.0;21;52;16;51;5;54
TE230;26.01.2024;21;1.0;18;45;10;44;8;47
TE230;26.01.2024;22;1.0;7;45;5;35;2;68
TE230;26.01.2024;23;1.0;7;59;6;57;1;68
TE230;27.01.2024;0;1.0;9;49;5;47;4;50
TE230;27.01.2024;1;1.0;6;56;0;-1;6;56
TE230;27.01.2024;2;1.0;6;56;5;56;1;58
TE230;27.01.2024;3;1.0;9;51;9;51;0;-1
TE230;27.01.2024;4;1.0;6;59;6;59;0;-1
TE230;27.01.2024;5;1.0;10;53;10;53;0;-1
TE230;27.01.2024;6;1.0;9;58;7;55;2;68
TE230;27.01.2024;7;1.0;8;47;7;46;1;52
TE230;27.01.2024;8;1.0;19;36;14;34;5;43
TE230;27.01.2024;9;1.0;13;49;9;47;4;54
TE230;27.01.2024;10;1.0;13;51;10;51;3;53
TE230;27.01.2024;11;1.0;15;39;11;39;4;40
TE230;27.01.2024;12;1.0;13;40;8;38;5;42
TE230;27.01.2024;13;1.0;15;27;13;26;2;30
TE230;27.01.2024;14;1.0;15;47;6;38;9;53
TE230;27.01.2024;15;1.0;13;57;7;55;6;60
TE230;27.01.2024;16;1.0;5;40;1;14;4;47
TE230;27.01.2024;17;1.0;11;46;5;44;6;47
TE230;27.01.2024;18;1.0;19;39;15;39;4;41
TE230;27.01.2024;19;1.0;10;40;5;40;5;40
TE230;27.01.2024;20;1.0;13;38;8;32;5;46
TE230;27.01.2024;21;1.0;5;53;4;57;1;40
TE230;27.01.2024;22;1.0;4;60;1;53;3;62
TE230;27.01.2024;23;1.0;5;56;4;55;1;60
TE230;28.01.2024;0;1.0;5;62;2;54;3;68
TE230;28.01.2024;1;1.0;4;74;0;-1;4;74
TE230;28.01.2024;2;1.0;1;73;0;-1;1;73
TE230;28.01.2024;3;1.0;2;68;1;68;1;68
TE230;28.01.2024;4;1.0;2;67;2;67;0;-1
TE230;28.01.2024;5;1.0;2;70;2;70;0;-1
TE230;28.01.2024;6;1.0;4;71;4;71;0;-1
TE230;28.01.2024;7;1.0;1;76;0;-1;1;76
TE230;28.01.2024;8;1.0;5;67;5;67;0;-1
TE230;28.01.2024;9;1.0;6;69;5;68;1;73
TE230;28.01.2024;10;1.0;7;60;4;56;3;66
TE230;28.01.2024;11;1.0;6;68;4;68;2;68
TE230;28.01.2024;12;1.0;11;57;8;55;3;64
TE230;28.01.2024;13;1.0;14;68;11;68;3;69
TE230;28.01.2024;14;1.0;11;68;9;68;2;68
TE230;28.01.2024;15;1.0;11;65;6;65;5;65
TE230;28.01.2024;16;1.0;11;47;10;45;1;66
TE230;28.01.2024;17;1.0;8;52;6;51;2;55
TE230;28.01.2024;18;1.0;16;57;15;57;1;57
TE230;28.01.2024;19;1.0;7;58;7;58;0;-1
TE230;28.01.2024;20;1.0;9;45;7;44;2;48
TE230;28.01.2024;21;1.0;14;58;12;56;2;64
TE230;28.01.2024;22;1.0;7;47;6;46;1;56
TE230;28.01.2024;23;1.0;4;53;3;52;1;56
TE230;29.01.2024;0;1.0;11;53;6;52;5;54
TE230;29.01.2024;1;1.0;10;52;5;46;5;58
TE230;29.01.2024;2;1.0;8;33;7;31;1;42
TE230;29.01.2024;3;1.0;17;51;11;50;6;52
TE230;29.01.2024;4;1.0;8;51;5;49;3;56
TE230;29.01.2024;5;1.0;35;37;27;36;8;38
TE230;29.01.2024;6;1.0;51;31;46;30;5;45
TE230;29.01.2024;7;1.0;63;42;49;42;14;42
TE230;29.01.2024;8;1.0;87;64;49;64;38;63
TE230;29.01.2024;9;1.0;89;67;47;69;42;64
TE230;29.01.2024;10;1.0;80;63;28;61;52;63
TE230;29.01.2024;11;1.0;62;35;40;35;23;34
TE230;29.01.2024;12;1.0;71;46;42;45;29;47
TE230;29.01.2024;13;1.0;57;48;30;47;27;49
TE230;29.01.2024;14;1.0;45;46;31;44;14;51
TE230;29.01.2024;15;1.0;34;40;26;39;8;40
TE230;29.01.2024;16;1.0;96;45;89;45;7;45
TE230;29.01.2024;17;1.0;65;44;52;44;13;43
TE230;29.01.2024;18;1.0;42;44;34;44;8;43
TE230;29.01.2024;19;1.0;15;45;9;44;6;46
TE230;29.01.2024;20;1.0;24;33;21;33;3;29
TE230;29.01.2024;21;1.0;19;32;17;32;2;34
TE230;29.01.2024;22;1.0;2;24;2;24;0;-1
TE230;29.01.2024;23;1.0;7;31;5;32;2;30
TE230;30.01.2024;0;1.0;13;36;8;35;5;37
TE230;30.01.2024;1;1.0;8;40;3;39;5;40
TE230;30.01.2024;2;1.0;3;40;3;40;0;-1
TE230;30.01.2024;3;1.0;11;40;10;37;1;77
TE230;30.01.2024;4;1.0;25;45;22;44;3;46
TE230;30.01.2024;5;1.0;34;58;19;55;15;62
TE230;30.01.2024;6;1.0;46;57;35;57;11;57
TE230;30.01.2024;7;1.0;52;43;36;40;16;48
TE230;30.01.2024;8;1.0;94;43;83;42;11;55
TE230;30.01.2024;9;1.0;92;56;69;55;23;57
TE230;30.01.2024;10;1.0;79;53;58;52;21;56
TE230;30.01.2024;11;1.0;49;54;34;53;15;54
TE230;30.01.2024;12;1.0;66;50;47;50;19;51
TE230;30.01.2024;13;1.0;55;55;39;53;16;59
TE230;30.01.2024;14;1.0;60;50;49;50;11;54
TE230;30.01.2024;15;1.0;93;48;81;48;12;47
TE230;30.01.2024;16;1.0;113;42;107;41;6;44
TE230;30.01.2024;17;1.0;92;45;81;45;11;46
TE230;30.01.2024;18;1.0;41;41;35;41;6;41
TE230;30.01.2024;19;1.0;25;44;20;44;5;45
TE230;30.01.2024;20;1.0;24;50;16;45;8;61
TE230;30.01.2024;21;1.0;23;51;20;51;3;52
TE230;30.01.2024;22;1.0;6;55;5;56;1;52
TE230;30.01.2024;23;1.0;5;59;4;57;1;66
TE230;31.01.2024;0;1.0;16;59;9;58;7;60
TE230;31.01.2024;1;1.0;7;64;2;56;5;67
TE230;31.01.2024;2;1.0;4;64;2;62;2;66
TE230;31.01.2024;3;1.0;11;66;9;64;2;71
TE230;31.01.2024;4;1.0;19;53;12;51;7;57
TE230;31.01.2024;5;1.0;43;56;27;55;16;58
TE230;31.01.2024;6;1.0;63;63;29;62;34;64
TE230;31.01.2024;7;1.0;69;60;33;60;36;60
TE230;31.01.2024;8;1.0;84;55;59;56;25;53
TE230;31.01.2024;9;1.0;106;57;62;57;44;57
TE230;31.01.2024;11;1.0;78;50;43;50;35;50
TE230;31.01.2024;12;1.0;85;65;44;65;41;65
TE230;31.01.2024;13;1.0;62;63;30;62;32;63
TE230;31.01.2024;14;1.0;64;46;42;47;22;43
TE230;31.01.2024;15;1.0;101;55;84;55;17;54
TE230;31.01.2024;16;1.0;138;52;123;52;15;51
TE230;31.01.2024;17;1.0;67;53;57;53;10;54
TE230;31.01.2024;18;1.0;57;56;48;56;9;54
TE230;31.01.2024;19;1.0;52;48;49;48;3;50
TE230;31.01.2024;20;1.0;34;54;27;54;7;51
TE230;31.01.2024;21;1.0;23;58;22;58;1;62
TE230;31.01.2024;22;1.0;1;14;1;14;0;-1
TE230;31.01.2024;23;1.0;9;43;8;43;1;44
TE232;01.01.2024;0;1.0;230;42;229;42;1;54
TE232;01.01.2024;1;1.0;607;39;607;39;0;-1
TE232;01.01.2024;2;1.0;581;39;580;39;1;48
TE232;01.01.2024;3;1.0;467;41;466;41;1;48
TE232;01.01.2024;4;1.0;386;45;386;45;0;-1
TE232;01.01.2024;5;1.0;265;44;265;44;0;-1
TE232;01.01.2024;6;1.0;234;45;234;45;0;-1
TE232;01.01.2024;7;1.0;186;47;186;47;0;-1
TE232;01.01.2024;8;1.0;144;44;143;44;1;57
TE232;01.01.2024;9;1.0;122;41;122;41;0;-1
TE232;01.01.2024;10;1.0;211;44;211;44;0;-1
TE232;01.01.2024;11;1.0;327;43;327;43;0;-1
TE232;01.01.2024;12;1.0;406;44;403;44;3;53
TE232;01.01.2024;13;1.0;509;44;505;44;4;54
TE232;01.01.2024;14;1.0;629;40;628;40;1;49
TE232;01.01.2024;15;1.0;671;41;670;41;1;51
TE232;01.01.2024;16;1.0;631;43;629;43;2;52
TE232;01.01.2024;17;1.0;683;41;679;40;4;52
TE232;01.01.2024;18;1.0;612;42;608;42;4;50
TE232;01.01.2024;19;1.0;549;47;546;47;3;57
TE232;01.01.2024;20;1.0;499;39;498;39;1;59
TE232;01.01.2024;21;1.0;458;41;457;41;1;56
TE232;01.01.2024;22;1.0;370;40;370;40;0;-1
TE232;01.01.2024;23;1.0;249;44;248;44;1;52
TE232;02.01.2024;0;1.0;180;41;180;41;0;-1
TE232;02.01.2024;1;1.0;137;44;136;44;1;46
TE232;02.01.2024;2;1.0;83;43;80;42;3;49
TE232;02.01.2024;3;1.0;84;47;83;47;1;51
TE232;02.01.2024;4;1.0;153;38;153;38;0;-1
TE232;02.01.2024;5;1.0;640;40;634;40;6;50
TE232;02.01.2024;6;1.0;844;43;824;43;20;50
TE232;02.01.2024;7;1.0;875;43;858;43;17;52
TE232;02.01.2024;8;1.0;820;44;800;44;20;54
TE232;02.01.2024;9;1.0;771;41;754;40;17;51
TE232;02.01.2024;10;1.0;755;42;747;42;8;54
TE232;02.01.2024;11;1.0;851;41;845;41;6;51
TE232;02.01.2024;12;1.0;965;41;956;41;9;51
TE232;02.01.2024;13;1.0;1130;40;1119;40;11;49
TE232;02.01.2024;14;1.0;1227;41;1222;41;5;49
TE232;02.01.2024;15;1.0;1334;38;1325;38;9;48
TE232;02.01.2024;16;1.0;1272;38;1269;38;3;50
TE232;02.01.2024;17;1.0;1157;39;1153;39;4;52
TE232;02.01.2024;18;1.0;968;42;966;42;2;53
TE232;02.01.2024;19;1.0;766;44;764;44;2;50
TE232;02.01.2024;20;1.0;573;47;573;47;0;-1
TE232;02.01.2024;21;1.0;488;45;488;45;0;-1
TE232;02.01.2024;22;1.0;483;44;483;44;0;-1
TE248;01.01.2024;0;1.0;85;60;83;60;2;63
TE248;01.01.2024;1;1.0;239;58;236;58;3;58
TE248;01.01.2024;2;1.0;303;58;301;58;2;58
TE248;01.01.2024;3;1.0;178;61;176;61;2;58
TE248;01.01.2024;4;1.0;156;60;153;60;3;63
TE248;01.01.2024;5;1.0;161;62;159;62;2;69
TE248;01.01.2024;6;1.0;103;63;100;63;3;69
TE248;01.01.2024;7;1.0;80;65;79;66;1;51
TE248;01.01.2024;8;1.0;81;63;76;63;5;54
TE248;01.01.2024;9;1.0;110;61;106;61;4;68
TE248;01.01.2024;10;1.0;214;62;203;62;11;63
TE248;01.01.2024;11;1.0;325;69;321;69;4;69
TE248;01.01.2024;12;1.0;441;72;433;72;8;67
TE248;01.01.2024;13;1.0;519;70;510;70;9;68
TE248;01.01.2024;14;1.0;557;66;549;66;8;68
TE248;01.01.2024;15;1.0;570;65;558;65;12;65
TE248;01.01.2024;16;1.0;603;65;590;65;13;64
TE248;01.01.2024;17;1.0;555;62;550;62;5;63
TE248;01.01.2024;18;1.0;432;58;424;58;7;61
TE248;01.01.2024;19;1.0;341;63;333;63;8;64
TE248;01.01.2024;20;1.0;271;63;263;63;8;64
TE248;01.01.2024;21;1.0;198;64;194;64;4;68
TE248;01.01.2024;22;1.0;128;55;121;55;8;56
TE248;01.01.2024;23;1.0;83;59;80;59;3;65
TE248;02.01.2024;0;1.0;52;61;49;61;3;62
TE248;02.01.2024;1;1.0;35;60;33;60;2;62
TE248;02.01.2024;2;1.0;47;61;45;61;2;53
TE248;02.01.2024;3;1.0;68;62;62;63;6;59
TE248;02.01.2024;4;1.0;220;61;213;61;7;59
TE248;02.01.2024;5;1.0;562;61;529;61;33;60
TE248;02.01.2024;6;1.0;700;60;672;60;28;59
TE248;02.01.2024;7;1.0;719;61;704;61;15;60
TE248;02.01.2024;8;1.0;649;66;622;66;27;65
TE248;02.01.2024;9;1.0;666;69;643;69;23;68
TE248;02.01.2024;10;1.0;788;71;771;71;17;71
TE248;02.01.2024;11;1.0;745;70;736;70;9;70
TE248;02.01.2024;12;1.0;806;69;790;69;16;69
TE248;02.01.2024;13;1.0;841;70;829;70;12;72
TE248;02.01.2024;14;1.0;818;70;812;70;6;71
TE248;02.01.2024;15;1.0;913;72;899;72;14;70
TE248;02.01.2024;16;1.0;790;70;786;70;4;72
TE248;02.01.2024;17;1.0;797;70;783;70;14;67
TE248;02.01.2024;18;1.0;581;72;567;72;14;72
TE248;02.01.2024;19;1.0;463;71;437;71;26;74
TE248;02.01.2024;20;1.0;296;72;284;72;12;76
TE248;02.01.2024;21;1.0;225;63;219;63;6;78
TE248;02.01.2024;22;1.0;164;66;157;66;7;71
TE248;02.01.2024;23;1.0;99;61;96;61;3;64
TE248;03.01.2024;0;1.0;62;62;58;61;4;58
TE248;03.01.2024;1;1.0;43;64;39;64;4;65
TE248;03.01.2024;2;1.0;37;58;32;57;5;62
TE248;03.01.2024;3;1.0;72;63;66;63;6;58
TE248;03.01.2024;4;1.0;242;65;233;65;9;65
TE248;03.01.2024;5;1.0;581;63;546;63;35;64
TE248;03.01.2024;6;1.0;700;63;669;63;31;62
TE248;03.01.2024;7;1.0;834;62;803;62;31;62
TE248;03.01.2024;8;1.0;749;64;727;64;22;63
TE248;03.01.2024;9;1.0;784;57;751;57;33;57
TE248;03.01.2024;10;1.0;882;58;837;58;45;58
TE248;03.01.2024;11;1.0;863;64;633;65;230;64
TE248;03.01.2024;12;1.0;856;63;804;64;52;62
TE248;03.01.2024;13;1.0;837;65;818;65;19;66
TE248;03.01.2024;14;1.0;802;62;777;62;25;63
TE248;03.01.2024;15;1.0;974;62;948;62;26;64
TE248;03.01.2024;16;1.0;881;61;862;61;19;61
TE248;03.01.2024;17;1.0;746;62;726;62;20;62
TE248;03.01.2024;18;1.0;522;62;508;62;14;63
TE248;03.01.2024;19;1.0;382;62;373;62;9;64
TE248;03.01.2024;20;1.0;315;62;300;62;15;63
TE248;03.01.2024;21;1.0;217;63;207;63;10;62
TE248;03.01.2024;22;1.0;144;64;138;65;6;63
TE248;03.01.2024;23;1.0;104;65;96;65;8;65
TE248;04.01.2024;0;1.0;56;62;50;63;6;60
TE248;04.01.2024;1;1.0;42;63;42;63;0;-1
TE248;04.01.2024;2;1.0;43;61;40;62;3;59
TE248;04.01.2024;3;1.0;71;59;64;61;7;40
TE248;04.01.2024;4;1.0;202;74;199;74;3;58
TE248;04.01.2024;5;1.0;551;71;534;71;17;74
TE248;04.01.2024;6;1.0;703;65;687;65;16;62
TE248;04.01.2024;7;1.0;769;66;766;66;3;70
TE248;04.01.2024;8;1.0;807;60;767;60;41;59
TE248;04.01.2024;9;1.0;795;67;752;67;43;67
TE248;04.01.2024;10;1.0;871;67;812;67;59;66
TE248;04.01.2024;11;1.0;798;68;751;68;47;68
TE248;04.01.2024;12;1.0;819;68;773;68;46;67
TE248;04.01.2024;13;1.0;793;68;750;68;43;68
TE248;04.01.2024;14;1.0;803;65;763;65;40;65
TE248;04.01.2024;15;1.0;870;63;827;63;43;63
TE248;04.01.2024;16;1.0;907;66;869;66;38;66
TE248;04.01.2024;17;1.0;769;63;724;63;45;63
TE248;04.01.2024;18;1.0;552;62;512;62;40;62
TE248;04.01.2024;19;1.0;395;64;359;65;36;64
TE248;04.01.2024;20;1.0;321;68;290;68;31;69
TE248;04.01.2024;21;1.0;222;67;207;67;15;70
TE248;04.01.2024;22;1.0;158;68;148;68;10;69
TE248;04.01.2024;23;1.0;96;58;90;57;6;63
TE248;05.01.2024;0;1.0;63;69;54;69;10;60
TE248;05.01.2024;1;1.0;39;67;29;67;10;67
TE248;05.01.2024;2;1.0;43;71;34;71;9;74
TE248;05.01.2024;3;1.0;62;64;51;65;11;62
TE248;05.01.2024;4;1.0;210;73;188;73;22;72
TE248;05.01.2024;5;1.0;562;70;487;71;75;69
TE248;05.01.2024;6;1.0;699;68;623;69;76;66
TE248;05.01.2024;7;1.0;758;66;701;66;57;68
TE248;05.01.2024;8;1.0;700;64;681;64;19;66
TE248;05.01.2024;9;1.0;713;67;693;67;18;66
TE248;05.01.2024;10;1.0;770;73;725;73;45;72
TE248;05.01.2024;11;1.0;777;72;670;72;107;73
TE248;05.01.2024;12;1.0;789;73;653;72;136;74
TE248;05.01.2024;13;1.0;862;72;817;71;45;72
TE248;05.01.2024;14;1.0;861;69;830;69;31;68
TE248;05.01.2024;15;1.0;911;70;892;70;19;70
TE248;05.01.2024;16;1.0;827;68;798;68;29;68
TE248;05.01.2024;17;1.0;720;68;694;68;26;66
TE248;05.01.2024;18;1.0;603;64;570;65;33;62
TE248;05.01.2024;19;1.0;428;65;414;65;14;60
TE248;05.01.2024;20;1.0;352;64;334;64;18;62
TE248;05.01.2024;21;1.0;246;72;234;71;12;74
TE248;05.01.2024;22;1.0;193;72;186;72;7;70
TE248;05.01.2024;23;1.0;129;72;118;72;11;72
TE248;06.01.2024;0;1.0;83;72;83;72;0;-1
TE248;06.01.2024;1;1.0;77;69;73;69;3;73
TE248;06.01.2024;2;1.0;60;66;54;66;6;67
TE248;06.01.2024;3;1.0;62;70;52;70;10;69
TE248;06.01.2024;4;1.0;91;74;84;74;7;67
TE248;06.01.2024;5;1.0;203;73;179;73;24;74
TE248;06.01.2024;6;1.0;185;74;164;74;21;75
TE248;06.01.2024;7;1.0;192;68;179;68;13;69
TE248;06.01.2024;8;1.0;287;70;256;70;31;71
TE248;06.01.2024;9;1.0;537;70;496;70;41;69
TE248;06.01.2024;10;1.0;756;70;723;70;33;69
TE248;06.01.2024;11;1.0;874;69;837;69;37;68
TE248;06.01.2024;12;1.0;817;68;795;68;22;67
TE248;06.01.2024;13;1.0;939;62;908;62;30;63
TE248;06.01.2024;14;1.0;880;64;847;64;33;63
TE248;06.01.2024;15;1.0;811;70;792;70;19;70
TE248;06.01.2024;16;1.0;819;69;790;69;29;68
TE248;06.01.2024;17;1.0;740;68;716;68;24;69
TE248;06.01.2024;18;1.0;560;69;546;69;14;68
TE248;06.01.2024;19;1.0;425;72;409;73;16;73
TE248;06.01.2024;20;1.0;354;71;339;71;15;70
TE248;06.01.2024;21;1.0;292;70;282;70;10;69
TE248;06.01.2024;22;1.0;206;72;196;72;10;72
TE248;06.01.2024;23;1.0;155;73;147;73;8;72
TE248;07.01.2024;0;1.0;108;70;102;71;6;70
TE248;07.01.2024;1;1.0;80;69;77;69;3;62
TE248;07.01.2024;2;1.0;71;68;66;68;5;67
TE248;07.01.2024;3;1.0;61;60;55;61;6;59
TE248;07.01.2024;4;1.0;72;63;66;64;6;60
TE248;07.01.2024;5;1.0;119;61;110;61;9;58
TE248;07.01.2024;6;1.0;79;67;73;67;6;66
TE248;07.01.2024;7;1.0;87;72;81;72;6;66
TE248;07.01.2024;8;1.0;139;75;133;75;6;67
TE248;07.01.2024;9;1.0;237;75;229;75;8;73
TE248;07.01.2024;10;1.0;359;77;348;77;11;78
TE248;07.01.2024;11;1.0;450;70;438;70;12;71
TE248;07.01.2024;12;1.0;565;72;543;72;22;72
TE248;07.01.2024;13;1.0;590;67;571;68;19;67
TE248;07.01.2024;14;1.0;654;74;637;74;17;74
TE248;07.01.2024;15;1.0;632;76;618;76;14;76
TE248;07.01.2024;16;1.0;649;72;631;72;18;74
TE248;07.01.2024;17;1.0;596;71;579;71;17;71
TE248;07.01.2024;18;1.0;486;66;469;66;16;69
TE248;07.01.2024;19;1.0;380;61;359;61;21;63
TE248;07.01.2024;20;1.0;331;68;320;68;11;67
TE248;07.01.2024;21;1.0;231;63;218;63;13;64
TE248;07.01.2024;22;1.0;142;63;130;63;12;61
TE248;07.01.2024;23;1.0;95;61;85;62;10;57
TE248;08.01.2024;0;1.0;61;61;54;61;7;61
TE248;08.01.2024;1;1.0;47;64;43;64;4;64
TE248;08.01.2024;2;1.0;47;60;40;61;7;57
TE248;08.01.2024;3;1.0;105;59;79;60;26;58
TE248;08.01.2024;4;1.0;269;63;247;63;22;61
TE248;08.01.2024;5;1.0;687;61;615;61;72;60
TE248;08.01.2024;6;1.0;912;62;852;62;60;62
TE248;08.01.2024;7;1.0;905;60;858;60;47;60
TE248;08.01.2024;8;1.0;808;63;760;63;48;62
TE248;08.01.2024;9;1.0;728;62;682;62;46;61
TE248;08.01.2024;10;1.0;721;56;672;55;49;56
TE248;08.01.2024;11;1.0;743;62;696;62;47;62
TE248;08.01.2024;12;1.0;702;62;617;62;85;61
TE248;08.01.2024;13;1.0;748;61;677;61;71;62
TE248;08.01.2024;14;1.0;773;46;709;46;64;45
TE248;08.01.2024;15;1.0;836;61;791;61;45;62
TE248;08.01.2024;16;1.0;915;61;880;61;35;62
TE248;08.01.2024;17;1.0;690;62;660;62;30;61
TE248;08.01.2024;18;1.0;527;59;505;59;22;58
TE248;08.01.2024;19;1.0;417;57;400;57;17;58
TE248;08.01.2024;20;1.0;292;60;277;60;15;60
TE248;08.01.2024;21;1.0;231;60;219;60;12;62
TE248;08.01.2024;22;1.0;121;61;113;61;8;62
TE248;08.01.2024;23;1.0;93;60;85;61;8;55
TE248;09.01.2024;0;1.0;56;61;47;62;9;57
TE248;09.01.2024;1;1.0;35;64;33;64;2;65
TE248;09.01.2024;2;1.0;48;62;37;62;11;58
TE248;09.01.2024;3;1.0;80;64;64;66;16;58
TE248;09.01.2024;4;1.0;249;64;230;64;19;67
TE248;09.01.2024;5;1.0;650;65;588;65;62;65
TE248;09.01.2024;6;1.0;856;62;790;62;66;63
TE248;09.01.2024;7;1.0;978;63;941;63;37;62
TE248;09.01.2024;8;1.0;930;60;889;60;41;61
TE248;09.01.2024;9;1.0;838;59;792;59;47;59
TE248;09.01.2024;10;1.0;779;62;739;62;40;60
TE248;09.01.2024;11;1.0;904;59;827;59;77;57
TE248;09.01.2024;12;1.0;1029;60;892;60;137;55
TE248;09.01.2024;13;1.0;1083;60;932;60;151;56
TE248;09.01.2024;14;1.0;1116;58;974;59;142;54
TE248;09.01.2024;15;1.0;1219;59;1057;60;162;55
TE248;09.01.2024;16;1.0;1352;58;1188;58;164;53
TE248;09.01.2024;17;1.0;1016;59;908;60;108;52
TE248;09.01.2024;18;1.0;868;60;771;61;97;54
TE248;09.01.2024;19;1.0;596;61;532;61;64;55
TE248;09.01.2024;20;1.0;471;60;411;61;60;55
TE248;09.01.2024;21;1.0;371;60;337;61;34;55
TE248;09.01.2024;22;1.0;205;60;188;61;17;59
TE248;09.01.2024;23;1.0;122;61;106;62;16;57
TE248;10.01.2024;0;1.0;82;58;71;59;10;63
TE248;10.01.2024;1;1.0;73;63;63;64;10;58
TE248;10.01.2024;2;1.0;46;63;37;64;9;54
TE248;10.01.2024;3;1.0;111;63;94;64;17;61
TE248;10.01.2024;4;1.0;344;64;302;64;42;63
TE248;10.01.2024;5;1.0;929;64;831;64;98;62
TE248;10.01.2024;6;1.0;1106;56;1023;57;83;54
TE248;10.01.2024;7;1.0;1227;57;1141;57;86;53
TE248;10.01.2024;8;1.0;1195;59;1115;59;79;55
TE248;10.01.2024;9;1.0;1003;58;924;59;77;55
TE248;10.01.2024;10;1.0;1005;54;888;54;116;51
TE248;10.01.2024;11;1.0;1158;54;1015;55;144;49
TE248;10.01.2024;12;1.0;1101;60;956;61;145;55
TE248;10.01.2024;13;1.0;1115;60;929;61;186;56
TE248;10.01.2024;14;1.0;1200;58;1014;59;186;54
TE248;10.01.2024;15;1.0;1358;59;1197;59;161;55
TE248;10.01.2024;16;1.0;1308;59;1142;60;166;53
TE248;10.01.2024;17;1.0;1176;58;1044;59;132;53
TE248;10.01.2024;18;1.0;831;61;744;61;87;54
TE248;10.01.2024;19;1.0;615;62;537;63;78;55
TE248;10.01.2024;20;1.0;428;62;382;63;46;56
TE248;10.01.2024;21;1.0;320;63;280;63;40;57
TE248;10.01.2024;22;1.0;208;60;188;61;20;51
TE248;10.01.2024;23;1.0;137;63;122;63;15;64
TE248;11.01.2024;0;1.0;96;63;86;63;10;60
TE248;11.01.2024;1;1.0;53;71;47;71;6;66
TE248;11.01.2024;2;1.0;42;70;37;71;5;67
TE248;11.01.2024;3;1.0;76;76;76;76;0;-1
TE248;11.01.2024;4;1.0;297;72;292;72;5;77
TE248;11.01.2024;5;1.0;725;76;712;76;13;75
TE248;11.01.2024;6;1.0;894;75;870;75;24;75
TE248;11.01.2024;7;1.0;1048;73;1004;73;44;73
TE248;11.01.2024;8;1.0;898;68;829;68;69;68
TE248;11.01.2024;9;1.0;771;72;714;72;57;72
TE248;11.01.2024;10;1.0;824;72;766;72;58;73
TE248;11.01.2024;11;1.0;751;72;719;72;32;72
TE248;11.01.2024;12;1.0;763;72;732;72;31;73
TE248;11.01.2024;13;1.0;829;72;803;72;26;73
TE248;11.01.2024;14;1.0;842;71;829;71;13;73
TE248;11.01.2024;15;1.0;940;71;927;71;13;73
TE248;11.01.2024;16;1.0;951;69;941;69;10;70
TE248;11.01.2024;17;1.0;758;68;748;68;10;68
TE248;11.01.2024;18;1.0;643;69;625;69;18;68
TE248;11.01.2024;19;1.0;463;70;450;70;13;70
TE248;11.01.2024;20;1.0;384;69;373;69;11;70
TE248;11.01.2024;21;1.0;228;70;220;70;8;69
TE248;11.01.2024;22;1.0;181;64;173;64;9;62
TE248;11.01.2024;23;1.0;116;64;111;64;4;78
TE248;12.01.2024;0;1.0;63;69;60;68;3;71
TE248;12.01.2024;1;1.0;54;71;52;71;2;82
TE248;12.01.2024;2;1.0;43;69;37;70;5;77
TE248;12.01.2024;3;1.0;72;76;70;77;2;62
TE248;12.01.2024;4;1.0;265;78;257;78;8;77
TE248;12.01.2024;5;1.0;631;74;613;75;18;73
TE248;12.01.2024;6;1.0;784;73;763;73;21;74
TE248;12.01.2024;7;1.0;913;72;893;72;20;71
TE248;12.01.2024;8;1.0;744;73;721;73;23;73
TE248;12.01.2024;9;1.0;713;71;688;71;25;71
TE248;12.01.2024;10;1.0;748;72;716;72;32;72
TE248;12.01.2024;11;1.0;703;72;658;72;45;71
TE248;12.01.2024;12;1.0;790;71;734;70;56;71
TE248;12.01.2024;13;1.0;862;71;832;71;30;70
TE248;12.01.2024;14;1.0;918;72;888;71;30;73
TE248;12.01.2024;15;1.0;924;70;885;70;39;70
TE248;12.01.2024;16;1.0;900;71;868;71;32;71
TE248;12.01.2024;17;1.0;815;68;794;68;21;68
TE248;12.01.2024;18;1.0;634;65;615;65;19;63
TE248;12.01.2024;19;1.0;462;66;446;67;15;68
TE248;12.01.2024;20;1.0;318;73;309;73;9;71
TE248;12.01.2024;21;1.0;259;74;246;74;13;75
TE248;12.01.2024;22;1.0;193;76;180;76;13;74
TE248;12.01.2024;23;1.0;148;74;139;74;9;72
TE248;13.01.2024;0;1.0;80;76;75;76;5;71
TE248;13.01.2024;1;1.0;67;73;64;73;3;70
TE248;13.01.2024;2;1.0;56;71;51;71;5;75
TE248;13.01.2024;3;1.0;48;73;42;74;6;69
TE248;13.01.2024;4;1.0;124;77;118;76;6;78
TE248;13.01.2024;5;1.0;157;79;156;79;1;79
TE248;13.01.2024;6;1.0;179;71;176;71;3;72
TE248;14.01.2024;14;1.0;631;71;626;71;5;68
TE248;14.01.2024;15;1.0;565;73;553;73;12;74
TE248;14.01.2024;16;1.0;620;70;591;70;29;74
TE248;14.01.2024;17;1.0;561;69;544;69;17;69
TE248;14.01.2024;18;1.0;470;72;460;72;10;73
TE248;14.01.2024;19;1.0;395;67;385;67;10;66
TE248;14.01.2024;20;1.0;313;73;307;73;6;78
TE248;14.01.2024;21;1.0;203;72;188;72;15;71
TE248;14.01.2024;22;1.0;143;72;137;72;6;69
TE248;14.01.2024;23;1.0;100;68;96;68;4;58
TE248;15.01.2024;0;1.0;59;69;55;69;4;62
TE248;15.01.2024;1;1.0;39;67;38;67;1;60
TE248;15.01.2024;2;1.0;43;64;40;64;3;61
TE248;15.01.2024;3;1.0;88;66;86;66;2;70
TE248;15.01.2024;4;1.0;248;74;242;74;6;71
TE248;15.01.2024;5;1.0;671;72;623;72;48;73
TE248;15.01.2024;6;1.0;805;72;742;72;63;72
TE248;15.01.2024;7;1.0;898;71;856;71;42;72
TE248;15.01.2024;8;1.0;807;71;773;71;34;69
TE248;15.01.2024;14;1.0;733;64;704;64;29;63
TE248;15.01.2024;15;1.0;890;63;839;63;51;65
TE248;15.01.2024;16;1.0;874;66;834;66;40;68
TE248;15.01.2024;17;1.0;761;58;738;58;23;58
TE248;15.01.2024;18;1.0;585;65;558;66;27;62
TE248;15.01.2024;19;1.0;415;70;395;70;20;65
TE248;15.01.2024;20;1.0;276;71;261;71;15;69
TE248;15.01.2024;21;1.0;239;72;225;72;14;72
TE248;15.01.2024;22;1.0;149;69;139;69;10;73
TE248;15.01.2024;23;1.0;85;69;77;69;8;69
TE248;16.01.2024;0;1.0;64;71;60;71;4;72
TE248;16.01.2024;1;1.0;39;64;38;64;1;57
TE248;16.01.2024;2;1.0;28;59;28;59;0;-1
TE248;16.01.2024;3;1.0;94;54;81;54;13;56
TE248;16.01.2024;4;1.0;239;58;221;58;18;58
TE248;16.01.2024;5;1.0;616;63;604;63;12;63
TE248;16.01.2024;6;1.0;775;60;738;61;37;59
TE248;16.01.2024;7;1.0;871;60;856;60;16;57
TE248;16.01.2024;8;1.0;773;72;756;72;17;70
TE248;16.01.2024;9;1.0;733;71;694;71;39;72
TE248;16.01.2024;10;1.0;743;73;707;73;36;72
TE248;16.01.2024;11;1.0;745;72;698;72;47;70
TE248;16.01.2024;12;1.0;741;69;653;69;88;69
TE248;16.01.2024;13;1.0;750;68;703;68;47;69
TE248;16.01.2024;14;1.0;744;72;697;72;47;70
TE248;16.01.2024;15;1.0;859;68;830;68;29;68
TE248;16.01.2024;16;1.0;894;71;861;71;33;71
TE248;16.01.2024;17;1.0;747;69;718;69;29;69
TE248;16.01.2024;18;1.0;572;72;549;72;23;71
TE248;16.01.2024;19;1.0;423;69;403;69;20;68
TE248;16.01.2024;20;1.0;318;71;305;71;13;71
TE248;16.01.2024;21;1.0;216;74;209;74;7;73
TE248;16.01.2024;22;1.0;132;70;118;72;14;61
TE248;16.01.2024;23;1.0;98;64;87;64;11;64
TE248;17.01.2024;0;1.0;53;61;45;61;8;60
TE248;17.01.2024;1;1.0;48;62;44;62;4;58
TE248;17.01.2024;2;1.0;49;59;37;59;12;57
TE248;17.01.2024;3;1.0;86;66;76;66;10;64
TE248;17.01.2024;4;1.0;263;58;250;58;14;53
TE248;17.01.2024;5;1.0;708;56;637;56;71;57
TE248;17.01.2024;6;1.0;876;62;818;62;58;63
TE248;17.01.2024;7;1.0;959;64;910;64;49;64
TE248;17.01.2024;8;1.0;915;66;860;66;55;66
TE248;17.01.2024;9;1.0;818;66;764;66;54;66
TE248;17.01.2024;10;1.0;776;66;697;66;79;66
TE248;17.01.2024;11;1.0;741;70;649;70;92;69
TE248;17.01.2024;12;1.0;792;66;670;66;122;66
TE248;17.01.2024;13;1.0;769;65;698;65;71;66
TE248;17.01.2024;14;1.0;745;65;681;65;64;65
TE248;17.01.2024;15;1.0;931;67;873;67;58;66
TE248;17.01.2024;16;1.0;889;69;846;69;43;70
TE248;17.01.2024;17;1.0;741;70;713;70;28;69
TE248;17.01.2024;18;1.0;558;71;533;71;25;70
TE248;17.01.2024;19;1.0;361;69;343;69;18;68
TE248;17.01.2024;20;1.0;288;72;278;72;10;72
TE248;17.01.2024;21;1.0;222;72;216;72;6;73
TE248;17.01.2024;22;1.0;138;71;129;71;9;69
TE248;17.01.2024;23;1.0;91;72;83;73;8;72
TE248;18.01.2024;0;1.0;64;63;59;63;4;69
TE248;18.01.2024;1;1.0;46;72;44;73;2;66
TE248;18.01.2024;2;1.0;54;66;49;67;4;68
TE248;18.01.2024;3;1.0;107;70;92;69;15;70
TE248;18.01.2024;4;1.0;268;75;241;75;27;75
TE248;18.01.2024;5;1.0;696;72;652;72;44;71
TE248;18.01.2024;6;1.0;885;72;842;72;43;72
TE248;18.01.2024;7;1.0;960;71;932;71;28;72
TE248;18.01.2024;8;1.0;937;69;883;69;54;68
TE248;18.01.2024;9;1.0;821;64;771;64;49;65
TE248;18.01.2024;10;1.0;817;64;753;64;64;64
TE248;18.01.2024;11;1.0;720;68;662;68;58;67
TE248;18.01.2024;12;1.0;734;65;672;65;62;65
TE248;18.01.2024;13;1.0;798;62;737;62;61;63
TE248;18.01.2024;14;1.0;793;60;738;60;55;61
TE248;18.01.2024;15;1.0;935;61;888;61;47;62
TE248;18.01.2024;16;1.0;924;57;889;57;35;56
TE248;19.01.2024;10;1.0;780;59;721;59;59;58
TE248;19.01.2024;11;1.0;791;61;703;61;88;59
TE248;19.01.2024;12;1.0;784;63;718;64;66;62
TE248;19.01.2024;13;1.0;878;63;813;63;65;63
TE248;19.01.2024;14;1.0;884;61;842;61;42;61
TE248;19.01.2024;15;1.0;907;61;871;62;36;61
TE248;19.01.2024;16;1.0;872;72;843;72;29;70
TE248;19.01.2024;17;1.0;692;57;661;57;31;57
TE248;19.01.2024;18;1.0;630;62;601;62;29;63
TE248;19.01.2024;19;1.0;463;58;448;58;15;58
TE248;19.01.2024;20;1.0;369;58;355;58;14;60
TE248;19.01.2024;21;1.0;281;58;269;58;12;59
TE248;19.01.2024;22;1.0;204;59;200;59;4;61
TE248;19.01.2024;23;1.0;163;59;159;59;4;55
TE248;20.01.2024;0;1.0;110;57;106;57;4;54
TE248;20.01.2024;1;1.0;65;58;63;58;2;54
TE248;20.01.2024;2;1.0;83;60;78;61;5;56
TE248;20.01.2024;3;1.0;71;59;69;59;2;53
TE248;20.01.2024;4;1.0;94;60;92;60;2;61
TE248;20.01.2024;5;1.0;207;63;201;63;6;62
TE248;20.01.2024;6;1.0;182;60;157;59;25;61
TE248;20.01.2024;7;1.0;207;57;199;57;8;58
TE248;20.01.2024;8;1.0;369;64;351;64;18;62
TE248;20.01.2024;9;1.0;619;60;597;60;21;59
TE248;20.01.2024;10;1.0;868;64;842;63;27;63
TE248;20.01.2024;11;1.0;916;60;891;60;25;61
TE248;20.01.2024;12;1.0;840;65;826;65;14;64
TE248;20.01.2024;13;1.0;897;56;875;56;23;54
TE248;20.01.2024;14;1.0;843;62;824;62;19;61
TE248;20.01.2024;15;1.0;774;61;757;61;17;60
TE248;20.01.2024;16;1.0;745;60;730;60;15;61
TE248;20.01.2024;17;1.0;719;65;711;65;8;66
TE248;20.01.2024;18;1.0;613;61;601;61;12;62
TE248;20.01.2024;19;1.0;492;64;480;64;12;66
TE248;20.01.2024;20;1.0;379;57;374;57;5;60
TE248;20.01.2024;21;1.0;334;59;328;59;6;59
TE248;20.01.2024;22;1.0;261;58;251;58;10;59
TE248;20.01.2024;23;1.0;185;57;179;57;6;59
TE248;21.01.2024;0;1.0;141;58;137;58;4;59
TE248;21.01.2024;1;1.0;92;58;91;58;1;62
TE248;21.01.2024;2;1.0;78;60;78;60;0;-1
TE248;21.01.2024;3;1.0;60;56;58;56;2;56
TE248;21.01.2024;4;1.0;91;57;91;57;0;-1
TE248;21.01.2024;5;1.0;123;63;119;64;3;57
TE248;21.01.2024;6;1.0;116;65;111;65;5;71
TE248;21.01.2024;7;1.0;97;69;95;69;2;64
TE248;21.01.2024;8;1.0;142;70;138;70;4;66
TE248;21.01.2024;18;1.0;480;62;470;62;10;60
TE248;21.01.2024;19;1.0;407;63;390;63;17;63
TE248;21.01.2024;20;1.0;293;63;270;62;23;64
TE248;21.01.2024;21;1.0;235;63;226;63;9;68
TE248;21.01.2024;22;1.0;142;61;127;60;15;65
TE248;21.01.2024;23;1.0;97;59;88;59;9;61
TE248;22.01.2024;0;1.0;52;59;46;59;6;52
TE248;22.01.2024;1;1.0;37;58;34;58;3;61
TE248;22.01.2024;2;1.0;40;58;32;59;8;58
TE248;22.01.2024;3;1.0;77;63;68;63;9;66
TE248;22.01.2024;4;1.0;268;65;251;65;17;62
TE248;22.01.2024;5;1.0;738;65;699;65;39;64
TE248;22.01.2024;6;1.0;909;64;859;64;50;64
TE248;22.01.2024;7;1.0;993;63;952;63;41;61
TE248;22.01.2024;8;1.0;871;62;820;62;51;60
TE248;22.01.2024;9;1.0;847;57;808;58;38;56
TE248;22.01.2024;10;1.0;785;59;758;59;27;58
TE248;22.01.2024;11;1.0;786;63;741;63;45;62
TE248;22.01.2024;12;1.0;827;60;793;60;34;57
TE248;22.01.2024;13;1.0;809;63;758;63;51;63
TE248;22.01.2024;14;1.0;838;64;779;64;59;64
TE248;22.01.2024;15;1.0;931;64;888;64;43;63
TE248;22.01.2024;16;1.0;951;62;924;62;27;64
TE248;22.01.2024;17;1.0;739;63;729;63;10;62
TE248;22.01.2024;18;1.0;597;61;581;61;16;60
TE248;22.01.2024;19;1.0;425;58;417;58;8;58
TE248;22.01.2024;20;1.0;295;59;284;59;11;58
TE248;22.01.2024;21;1.0;234;54;229;53;5;58
TE248;22.01.2024;22;1.0;129;59;123;59;6;56
TE248;22.01.2024;23;1.0;82;58;74;58;8;55
TE248;23.01.2024;0;1.0;57;52;53;52;4;56
TE248;23.01.2024;1;1.0;41;58;39;58;2;52
TE248;23.01.2024;2;1.0;42;59;38;59;4;55
TE248;23.01.2024;3;1.0;79;61;74;61;5;58
TE248;23.01.2024;4;1.0;256;64;246;64;10;62
TE248;23.01.2024;5;1.0;700;60;660;60;40;59
TE248;23.01.2024;6;1.0;874;60;839;60;35;59
TE248;23.01.2024;7;1.0;1016;59;983;59;33;59
TE248;23.01.2024;8;1.0;879;47;839;47;40;46
TE248;23.01.2024;9;1.0;846;61;793;61;53;60
TE248;23.01.2024;10;1.0;853;60;792;61;61;59
TE248;23.01.2024;11;1.0;803;62;742;62;61;61
TE248;23.01.2024;12;1.0;812;62;769;62;43;61
TE248;23.01.2024;13;1.0;784;63;753;63;31;61
TE248;23.01.2024;14;1.0;889;62;852;62;37;60
TE248;23.01.2024;15;1.0;948;63;922;63;26;62
TE248;23.01.2024;16;1.0;941;61;914;61;27;61
TE248;23.01.2024;17;1.0;775;60;759;60;16;59
TE248;23.01.2024;18;1.0;610;60;588;60;22;59
TE248;23.01.2024;19;1.0;469;61;453;61;16;60
TE248;23.01.2024;20;1.0;319;62;307;62;12;61
TE248;23.01.2024;21;1.0;250;56;241;56;9;56
TE248;23.01.2024;22;1.0;149;61;139;61;10;60
TE248;23.01.2024;23;1.0;99;62;93;62;6;64
TE248;24.01.2024;0;1.0;65;64;64;64;1;63
TE248;24.01.2024;1;1.0;38;61;38;61;0;-1
TE248;24.01.2024;2;1.0;56;62;48;63;8;52
TE248;24.01.2024;3;1.0;98;64;90;64;8;63
TE248;24.01.2024;4;1.0;297;66;289;66;8;64
TE248;24.01.2024;5;1.0;820;66;787;66;33;65
TE248;24.01.2024;6;1.0;951;65;897;65;54;65
TE248;24.01.2024;7;1.0;1048;63;1007;63;41;62
TE248;24.01.2024;8;1.0;926;60;883;60;43;60
TE248;24.01.2024;9;1.0;847;61;781;61;66;60
TE248;24.01.2024;10;1.0;853;66;803;66;50;65
TE248;24.01.2024;11;1.0;807;62;749;62;58;60
TE248;24.01.2024;12;1.0;761;59;710;59;51;59
TE248;24.01.2024;13;1.0;864;57;795;57;69;57
TE248;24.01.2024;14;1.0;865;63;811;63;54;62
TE248;24.01.2024;15;1.0;977;62;929;62;48;61
TE248;24.01.2024;16;1.0;997;62;960;62;37;61
TE248;24.01.2024;17;1.0;850;64;835;64;15;61
TE248;24.01.2024;18;1.0;626;64;610;64;16;65
TE248;24.01.2024;19;1.0;442;64;430;64;12;60
TE248;24.01.2024;20;1.0;329;61;321;61;8;60
TE248;24.01.2024;21;1.0;277;58;266;58;11;58
TE248;24.01.2024;22;1.0;173;58;166;58;7;58
TE248;24.01.2024;23;1.0;121;58;114;58;7;65
TE248;25.01.2024;0;1.0;74;62;66;62;8;60
TE248;25.01.2024;1;1.0;54;67;48;67;6;62
TE248;25.01.2024;2;1.0;34;65;24;67;10;60
TE248;25.01.2024;3;1.0;79;66;70;66;9;68
TE248;25.01.2024;4;1.0;311;67;291;67;20;66
TE248;25.01.2024;5;1.0;757;63;696;63;61;62
TE248;25.01.2024;6;1.0;939;62;880;62;59;62
TE248;25.01.2024;7;1.0;1102;61;1062;61;40;62
TE248;25.01.2024;8;1.0;963;62;918;62;45;61
TE248;25.01.2024;9;1.0;862;62;827;62;35;62
TE248;25.01.2024;10;1.0;875;63;842;63;33;63
TE248;25.01.2024;11;1.0;838;63;812;63;26;61
TE248;25.01.2024;12;1.0;854;62;817;62;36;58
TE248;25.01.2024;13;1.0;889;61;833;61;56;60
TE248;25.01.2024;14;1.0;946;60;892;60;54;59
TE248;25.01.2024;15;1.0;987;61;957;61;30;56
TE248;25.01.2024;16;1.0;971;61;949;61;22;61
TE248;25.01.2024;17;1.0;868;62;858;62;10;57
TE248;25.01.2024;18;1.0;819;62;799;62;20;61
TE248;25.01.2024;19;1.0;456;60;440;60;16;60
TE248;25.01.2024;20;1.0;379;61;371;61;8;60
TE248;25.01.2024;21;1.0;266;61;260;61;6;60
TE248;25.01.2024;22;1.0;157;61;151;61;6;59
TE248;25.01.2024;23;1.0;113;60;106;59;7;61
TE248;26.01.2024;0;1.0;82;55;76;55;5;65
TE248;26.01.2024;1;1.0;58;62;54;62;4;66
TE248;26.01.2024;2;1.0;36;58;31;59;5;55
TE248;26.01.2024;3;1.0;82;62;79;62;3;60
TE248;26.01.2024;4;1.0;312;62;304;62;8;58
TE248;26.01.2024;5;1.0;713;70;683;71;30;70
TE248;26.01.2024;6;1.0;893;66;870;66;23;61
TE248;26.01.2024;7;1.0;952;67;922;67;30;68
TE248;26.01.2024;8;1.0;875;61;834;61;41;61
TE248;26.01.2024;9;1.0;878;66;841;66;37;64
TE248;26.01.2024;10;1.0;852;64;803;64;49;66
TE248;26.01.2024;11;1.0;843;69;800;69;43;69
TE248;26.01.2024;12;1.0;905;60;858;60;46;60
TE248;26.01.2024;13;1.0;833;68;823;68;10;64
TE248;26.01.2024;14;1.0;898;66;889;66;9;67
TE248;26.01.2024;15;1.0;959;65;943;65;16;64
TE248;26.01.2024;16;1.0;953;61;936;61;17;61
TE248;26.01.2024;17;1.0;850;57;835;57;15;55
TE248;26.01.2024;18;1.0;618;63;606;63;12;61
TE248;26.01.2024;19;1.0;544;59;532;59;12;62
TE248;26.01.2024;20;1.0;376;58;368;58;8;59
TE248;26.01.2024;21;1.0;289;55;282;55;6;60
TE248;26.01.2024;22;1.0;218;56;213;56;5;62
TE248;26.01.2024;23;1.0;172;58;163;58;9;57
TE248;27.01.2024;0;1.0;127;59;120;60;7;60
TE248;27.01.2024;1;1.0;98;60;98;60;0;-1
TE248;27.01.2024;2;1.0;60;60;56;60;4;61
TE248;27.01.2024;3;1.0;77;62;75;62;2;67
TE248;27.01.2024;4;1.0;125;64;119;64;6;62
TE248;27.01.2024;5;1.0;204;62;198;62;6;60
TE248;27.01.2024;6;1.0;188;62;180;61;8;62
TE248;27.01.2024;7;1.0;249;65;239;64;10;63
TE248;27.01.2024;8;1.0;396;65;383;65;13;64
TE248;27.01.2024;9;1.0;685;64;667;64;18;62
TE248;27.01.2024;10;1.0;859;63;850;63;9;65
TE248;27.01.2024;11;1.0;931;67;917;67;14;65
TE248;27.01.2024;12;1.0;967;67;952;67;15;68
TE248;27.01.2024;13;1.0;938;66;922;66;16;67
TE248;27.01.2024;14;1.0;880;62;861;62;19;61
TE248;27.01.2024;15;1.0;850;60;830;60;20;58
TE248;27.01.2024;16;1.0;833;59;812;59;21;59
TE248;27.01.2024;17;1.0;794;61;781;61;13;58
TE248;27.01.2024;18;1.0;650;59;634;59;16;58
TE248;27.01.2024;19;1.0;541;58;526;58;15;59
TE248;27.01.2024;20;1.0;401;60;395;60;6;60
TE248;27.01.2024;21;1.0;318;60;312;60;6;63
TE248;27.01.2024;22;1.0;254;60;246;60;8;59
TE248;27.01.2024;23;1.0;188;60;179;60;9;58
TE248;28.01.2024;0;1.0;154;62;149;62;5;60
TE248;28.01.2024;1;1.0;104;59;103;59;1;53
TE248;28.01.2024;2;1.0;72;57;71;57;1;58
TE248;28.01.2024;3;1.0;68;56;64;56;4;58
TE248;28.01.2024;4;1.0;112;61;110;61;2;61
TE248;28.01.2024;5;1.0;143;61;141;61;2;58
TE248;28.01.2024;6;1.0;102;61;99;61;3;64
TE248;28.01.2024;14;1.0;796;64;773;64;23;64
TE248;28.01.2024;15;1.0;725;63;706;63;19;62
TE248;28.01.2024;16;1.0;737;62;725;62;12;60
TE248;28.01.2024;17;1.0;726;60;715;60;11;59
TE248;28.01.2024;18;1.0;594;59;581;59;13;60
TE248;28.01.2024;19;1.0;461;60;453;59;8;59
TE248;28.01.2024;20;1.0;389;60;381;60;8;61
TE248;28.01.2024;21;1.0;228;60;219;60;9;56
TE248;28.01.2024;22;1.0;156;59;153;59;3;59
TE248;28.01.2024;23;1.0;119;61;111;61;8;63
TE248;29.01.2024;0;1.0;58;60;54;60;4;62
TE248;29.01.2024;1;1.0;41;57;41;57;0;-1
TE248;29.01.2024;2;1.0;59;59;51;58;8;62
TE248;29.01.2024;3;1.0;82;59;77;59;5;66
TE248;29.01.2024;4;1.0;280;63;273;63;7;63
TE248;29.01.2024;5;1.0;744;61;690;61;54;60
TE248;29.01.2024;6;1.0;936;60;882;60;54;60
TE248;29.01.2024;7;1.0;1013;59;982;59;31;58
TE248;29.01.2024;8;1.0;825;60;776;60;49;59
TE248;29.01.2024;9;1.0;818;62;757;62;61;61
TE248;29.01.2024;10;1.0;839;62;730;62;109;61
TE248;29.01.2024;11;1.0;835;63;758;63;77;62
TE248;29.01.2024;12;1.0;829;64;762;64;67;63
TE248;29.01.2024;13;1.0;793;57;717;57;76;56
TE248;29.01.2024;14;1.0;866;63;797;63;69;62
TE248;29.01.2024;15;1.0;970;61;918;61;52;62
TE248;29.01.2024;16;1.0;978;60;948;60;30;60
TE248;29.01.2024;17;1.0;803;60;776;60;27;59
TE248;29.01.2024;18;1.0;599;60;578;60;21;60
TE248;29.01.2024;19;1.0;456;60;442;60;14;61
TE248;29.01.2024;20;1.0;305;60;295;60;10;61
TE248;29.01.2024;21;1.0;252;61;242;61;10;60
TE248;29.01.2024;22;1.0;144;62;132;62;12;60
TE248;29.01.2024;23;1.0;82;58;73;59;9;53
TE248;30.01.2024;0;1.0;55;59;50;59;5;53
TE248;30.01.2024;1;1.0;44;58;41;58;3;57
TE248;30.01.2024;2;1.0;50;61;38;61;12;61
TE248;30.01.2024;3;1.0;79;62;74;62;5;62
TE248;30.01.2024;4;1.0;228;63;219;63;9;61
TE248;30.01.2024;5;1.0;725;62;669;62;56;60
TE248;30.01.2024;6;1.0;889;60;841;60;48;59
TE248;30.01.2024;7;1.0;1007;60;972;60;35;60
TE248;30.01.2024;8;1.0;941;60;898;60;43;58
TE248;30.01.2024;9;1.0;833;60;784;60;49;59
TE248;30.01.2024;10;1.0;832;60;792;60;40;58
TE248;30.01.2024;11;1.0;805;60;757;60;48;61
TE248;30.01.2024;12;1.0;794;61;763;61;31;59
TE248;30.01.2024;13;1.0;834;61;788;61;46;61
TE248;30.01.2024;14;1.0;875;61;830;61;45;59
TE248;30.01.2024;15;1.0;937;61;901;61;36;60
TE248;30.01.2024;16;1.0;965;60;938;60;27;61
TE248;30.01.2024;17;1.0;771;60;742;60;29;60
TE248;30.01.2024;18;1.0;709;60;687;60;22;60
TE248;30.01.2024;19;1.0;459;61;439;60;20;60
TE248;30.01.2024;20;1.0;317;64;306;64;11;63
TE248;30.01.2024;21;1.0;224;62;217;62;7;61
TE248;30.01.2024;22;1.0;149;62;139;62;10;60
TE248;30.01.2024;23;1.0;95;61;85;60;10;65
TE248;31.01.2024;0;1.0;62;66;55;67;7;62
TE248;31.01.2024;1;1.0;43;63;38;63;5;60
TE248;31.01.2024;2;1.0;48;60;41;61;7;58
TE248;31.01.2024;3;1.0;65;68;55;68;10;68
TE248;31.01.2024;4;1.0;248;69;227;69;21;68
TE248;31.01.2024;5;1.0;736;64;683;64;53;63
TE248;31.01.2024;6;1.0;884;70;857;70;27;69
TE248;31.01.2024;7;1.0;1006;66;979;66;27;66
TE248;31.01.2024;8;1.0;800;69;766;69;34;70
TE248;31.01.2024;9;1.0;821;67;786;67;35;64
TE248;31.01.2024;10;1.0;811;63;749;63;62;62
TE248;31.01.2024;11;1.0;798;64;741;64;57;62
TE248;31.01.2024;12;1.0;806;66;766;66;40;63
TE248;31.01.2024;13;1.0;768;67;723;67;45;66
TE248;31.01.2024;14;1.0;842;64;807;64;35;62
TE248;31.01.2024;15;1.0;965;66;940;66;25;66
TE248;31.01.2024;16;1.0;926;66;895;66;31;65
TE248;31.01.2024;17;1.0;801;64;780;64;21;64
TE248;31.01.2024;18;1.0;650;65;634;65;16;64
TE248;31.01.2024;19;1.0;471;67;464;67;7;67
TE248;31.01.2024;20;1.0;333;65;326;65;7;67
TE248;31.01.2024;21;1.0;243;67;238;67;5;70
TE248;31.01.2024;22;1.0;153;64;146;64;7;63
TE248;31.01.2024;23;1.0;112;63;110;63;2;67
TE260;18.01.2024;12;1.0;598;37;581;37;16;35
TE260;18.01.2024;13;1.0;593;39;562;39;31;38
TE260;18.01.2024;14;1.0;625;40;584;40;41;41
TE260;18.01.2024;15;1.0;660;41;634;41;26;39
TE260;18.01.2024;16;1.0;624;32;581;32;44;28
TE260;18.01.2024;17;1.0;555;35;538;35;17;37
TE260;18.01.2024;18;1.0;541;38;525;38;16;34
TE260;18.01.2024;19;1.0;402;39;396;39;6;41
TE260;18.01.2024;20;1.0;292;39;285;39;7;37
TE260;18.01.2024;21;1.0;237;42;236;42;1;33
TE260;18.01.2024;22;1.0;188;44;188;44;0;-1
TE260;18.01.2024;23;1.0;120;44;120;44;0;-1
TE260;19.01.2024;0;1.0;99;39;97;39;2;44
TE260;19.01.2024;1;1.0;54;46;53;46;1;29
TE260;19.01.2024;2;1.0;50;44;48;44;2;44
TE260;19.01.2024;3;1.0;62;43;57;44;5;41
TE260;19.01.2024;4;1.0;81;43;78;43;3;43
TE260;19.01.2024;5;1.0;185;45;182;45;3;43
TE260;19.01.2024;6;1.0;419;44;403;44;16;45
TE260;19.01.2024;7;1.0;505;42;489;42;16;42
TE260;19.01.2024;8;1.0;630;40;612;40;18;38
TE260;19.01.2024;9;1.0;567;39;538;39;29;39
TE260;19.01.2024;10;1.0;568;40;548;40;20;40
TE260;19.01.2024;11;1.0;540;38;530;38;10;39
TE260;19.01.2024;12;1.0;465;37;450;37;15;37
TE260;19.01.2024;13;1.0;530;38;514;38;16;38
TE260;19.01.2024;14;1.0;555;39;548;39;7;41
TE260;19.01.2024;15;1.0;513;40;502;40;11;35
TE260;19.01.2024;16;1.0;525;43;519;43;6;43
TE260;19.01.2024;17;1.0;589;38;584;38;5;39
TE260;19.01.2024;18;1.0;579;38;574;38;5;39
TE260;19.01.2024;19;1.0;509;39;506;39;3;43
TE260;19.01.2024;20;1.0;389;41;381;41;8;39
TE260;19.01.2024;21;1.0;298;41;297;41;1;38
TE260;19.01.2024;22;1.0;273;43;272;43;1;38
TE260;19.01.2024;23;1.0;173;43;169;44;4;38
TE260;20.01.2024;0;1.0;156;44;154;44;2;42
TE260;20.01.2024;1;1.0;94;45;94;45;0;-1
TE260;20.01.2024;2;1.0;114;45;113;44;1;59
TE260;20.01.2024;3;1.0;64;45;64;45;0;-1
TE260;20.01.2024;4;1.0;60;46;59;46;1;35
TE260;20.01.2024;5;1.0;97;44;94;44;3;58
TE260;20.01.2024;6;1.0;145;45;134;45;11;43
TE260;20.01.2024;7;1.0;122;44;119;44;3;42
TE260;20.01.2024;8;1.0;241;44;235;44;6;44
TE260;20.01.2024;9;1.0;361;44;352;44;9;45
TE260;20.01.2024;10;1.0;442;43;431;43;11;46
TE260;20.01.2024;11;1.0;544;40;541;40;3;41
TE260;20.01.2024;12;1.0;570;41;560;41;10;45
TE260;20.01.2024;13;1.0;614;39;608;39;6;34
TE260;20.01.2024;14;1.0;636;41;628;41;8;41
TE260;20.01.2024;15;1.0;561;41;552;41;9;42
TE260;20.01.2024;16;1.0;609;39;600;39;9;40
TE260;20.01.2024;17;1.0;606;38;594;38;12;40
TE260;20.01.2024;18;1.0;634;39;620;39;14;40
TE260;20.01.2024;19;1.0;518;40;514;40;4;40
TE260;20.01.2024;20;1.0;367;42;361;42;6;40
TE260;20.01.2024;21;1.0;297;42;294;42;3;38
TE260;20.01.2024;22;1.0;260;42;257;42;3;35
TE260;20.01.2024;23;1.0;220;37;214;37;6;39
TE260;21.01.2024;0;1.0;128;45;127;45;1;47
TE260;21.01.2024;1;1.0;103;45;102;45;1;47
TE260;21.01.2024;2;1.0;95;47;94;47;1;40
TE260;21.01.2024;3;1.0;67;45;65;45;2;44
TE260;21.01.2024;4;1.0;73;47;72;46;1;47
TE260;21.01.2024;5;1.0;98;47;97;47;1;53
TE260;21.01.2024;6;1.0;92;46;90;46;2;52
TE260;21.01.2024;7;1.0;93;44;92;44;1;45
TE260;21.01.2024;8;1.0;124;46;120;46;4;46
TE260;21.01.2024;9;1.0;271;45;266;45;5;49
TE260;21.01.2024;10;1.0;326;44;320;44;6;44
TE260;21.01.2024;11;1.0;368;43;359;43;9;44
TE260;21.01.2024;12;1.0;452;39;433;40;19;36
TE260;21.01.2024;13;1.0;483;41;478;41;5;42
TE260;21.01.2024;14;1.0;487;43;480;43;7;41
TE260;21.01.2024;15;1.0;633;41;623;41;10;40
TE260;21.01.2024;16;1.0;510;41;505;41;5;43
TE260;21.01.2024;17;1.0;560;40;550;40;10;41
TE260;21.01.2024;18;1.0;427;41;419;41;8;42
TE260;21.01.2024;19;1.0;341;43;336;43;5;42
TE260;21.01.2024;20;1.0;257;43;254;43;3;42
TE260;21.01.2024;21;1.0;206;43;204;43;2;42
TE260;21.01.2024;22;1.0;152;45;150;45;2;44
TE260;21.01.2024;23;1.0;153;42;152;42;1;38
TE260;22.01.2024;0;1.0;74;45;74;45;0;-1
TE260;22.01.2024;1;1.0;51;44;51;44;0;-1
TE260;22.01.2024;2;1.0;35;47;35;47;0;-1
TE260;22.01.2024;3;1.0;35;49;35;49;0;-1
TE260;22.01.2024;4;1.0;81;48;79;48;2;44
TE260;22.01.2024;5;1.0;233;47;227;47;6;49
TE260;22.01.2024;6;1.0;558;44;544;45;14;44
TE260;22.01.2024;7;1.0;727;39;705;39;22;39
TE260;22.01.2024;8;1.0;817;38;803;38;14;38
TE260;22.01.2024;9;1.0;770;39;744;39;26;39
TE260;22.01.2024;10;1.0;725;39;701;39;24;40
TE260;22.01.2024;11;1.0;700;40;678;40;22;39
TE260;22.01.2024;12;1.0;622;38;605;38;17;38
TE260;22.01.2024;13;1.0;598;40;577;40;21;42
TE260;22.01.2024;14;1.0;697;40;680;40;17;39
TE260;22.01.2024;15;1.0;802;36;786;36;16;36
TE260;22.01.2024;16;1.0;702;34;677;34;25;33
TE260;22.01.2024;17;1.0;679;36;670;36;9;24
TE260;22.01.2024;18;1.0;713;35;701;35;12;35
TE260;22.01.2024;19;1.0;584;38;569;38;15;40
TE260;22.01.2024;20;1.0;313;41;311;41;2;36
TE260;22.01.2024;21;1.0;236;44;236;44;0;-1
TE260;22.01.2024;22;1.0;180;43;177;44;3;42
TE260;22.01.2024;23;1.0;119;43;117;43;2;40
TE260;23.01.2024;0;1.0;89;41;89;41;0;-1
TE260;23.01.2024;1;1.0;54;46;54;46;0;-1
TE260;23.01.2024;2;1.0;47;46;45;46;2;46
TE260;23.01.2024;3;1.0;42;46;40;46;2;41
TE260;23.01.2024;4;1.0;89;47;80;46;9;47
TE260;28.01.2024;11;1.0;543;39;530;39;13;37
TE260;28.01.2024;12;1.0;616;39;605;39;11;41
TE260;28.01.2024;13;1.0;655;37;642;37;13;36
TE260;28.01.2024;14;1.0;748;36;734;36;14;36
TE260;28.01.2024;15;1.0;714;36;705;36;9;38
TE260;28.01.2024;16;1.0;746;37;726;37;20;37
TE260;28.01.2024;17;1.0;789;35;781;35;8;34
TE260;28.01.2024;18;1.0;719;35;707;35;12;37
TE260;28.01.2024;19;1.0;491;38;489;38;2;39
TE260;28.01.2024;20;1.0;334;37;327;37;7;37
TE260;28.01.2024;21;1.0;256;41;251;41;5;40
TE260;28.01.2024;22;1.0;235;42;233;42;2;40
TE260;28.01.2024;23;1.0;131;41;130;41;1;25
TE260;29.01.2024;0;1.0;73;43;71;43;2;34
TE260;29.01.2024;1;1.0;68;45;67;45;1;39
TE260;29.01.2024;2;1.0;42;47;40;47;2;48
TE260;29.01.2024;3;1.0;45;46;40;46;5;50
TE260;29.01.2024;4;1.0;93;45;92;45;1;38
TE260;29.01.2024;5;1.0;252;46;242;46;10;46
TE260;29.01.2024;6;1.0;584;42;564;42;20;41
TE260;29.01.2024;7;1.0;763;40;726;41;37;39
TE260;29.01.2024;8;1.0;839;39;805;39;34;39
TE260;29.01.2024;9;1.0;814;38;767;38;47;39
TE260;29.01.2024;10;1.0;721;37;684;37;37;38
TE260;29.01.2024;11;1.0;758;39;739;39;19;39
TE260;29.01.2024;14;1.0;678;36;654;36;24;37
TE260;29.01.2024;15;1.0;824;36;808;36;16;36
TE260;29.01.2024;16;1.0;798;35;785;35;13;36
TE260;29.01.2024;17;1.0;735;35;723;35;12;36
TE260;29.01.2024;18;1.0;627;38;617;38;10;38
TE260;29.01.2024;19;1.0;445;38;441;38;4;37
TE260;29.01.2024;20;1.0;324;39;318;39;6;38
TE260;29.01.2024;21;1.0;279;40;277;40;2;35
TE260;29.01.2024;22;1.0;194;43;193;43;1;34
TE260;29.01.2024;23;1.0;124;42;123;42;1;58
TE260;30.01.2024;0;1.0;84;44;84;44;0;-1
TE260;30.01.2024;1;1.0;58;44;56;44;2;44
TE260;30.01.2024;2;1.0;41;45;41;45;0;-1
TE260;30.01.2024;3;1.0;48;46;46;45;2;48
TE260;30.01.2024;4;1.0;93;48;86;48;7;47
TE260;30.01.2024;5;1.0;236;48;219;48;17;48
TE260;30.01.2024;6;1.0;626;42;595;42;31;41
TE260;30.01.2024;7;1.0;787;40;758;40;29;39
TE260;30.01.2024;8;1.0;881;40;847;40;34;40
TE260;30.01.2024;9;1.0;836;40;804;40;32;40
TE260;30.01.2024;10;1.0;736;37;710;37;26;38
TE260;30.01.2024;11;1.0;763;35;740;35;23;37
TE260;30.01.2024;12;1.0;690;37;677;37;13;40
TE260;30.01.2024;13;1.0;732;36;705;36;27;35
TE260;30.01.2024;14;1.0;760;38;743;38;17;39
TE260;30.01.2024;15;1.0;793;36;778;36;15;35
TE260;30.01.2024;16;1.0;789;34;756;34;33;30
TE260;30.01.2024;17;1.0;751;38;747;38;4;38
TE260;30.01.2024;18;1.0;727;38;713;38;14;38
TE260;30.01.2024;19;1.0;538;40;534;40;4;34
TE260;30.01.2024;20;1.0;361;41;353;41;8;39
TE260;30.01.2024;21;1.0;263;43;260;43;3;44
TE260;30.01.2024;22;1.0;248;43;244;44;4;37
TE260;30.01.2024;23;1.0;148;42;146;42;2;42
TE260;31.01.2024;0;1.0;81;39;81;39;0;-1
TE260;31.01.2024;1;1.0;68;45;66;46;2;41
TE260;31.01.2024;2;1.0;53;45;53;45;0;-1
TE260;31.01.2024;3;1.0;48;45;44;45;4;44
TE260;31.01.2024;4;1.0;79;49;77;49;2;47
TE260;31.01.2024;5;1.0;273;47;254;47;19;45
TE260;31.01.2024;6;1.0;606;43;587;43;19;43
TE260;31.01.2024;7;1.0;762;41;739;41;23;40
TE260;31.01.2024;8;1.0;879;39;849;39;30;39
TE260;31.01.2024;9;1.0;866;40;830;40;36;40
TE260;31.01.2024;10;1.0;796;41;756;41;40;43
TE260;31.01.2024;11;1.0;694;40;661;40;33;41
TE260;31.01.2024;12;1.0;778;40;739;40;39;41
TE260;31.01.2024;13;1.0;711;39;689;39;22;39
TE260;31.01.2024;14;1.0;767;41;734;41;33;39
TE260;31.01.2024;15;1.0;775;39;753;39;22;41
TE260;31.01.2024;16;1.0;813;39;800;39;13;39
TE260;31.01.2024;17;1.0;740;38;719;38;21;38
TE260;31.01.2024;18;1.0;700;38;694;38;6;38
TE260;31.01.2024;19;1.0;561;39;552;39;9;39
TE260;31.01.2024;20;1.0;395;42;386;42;9;42
TE260;31.01.2024;21;1.0;255;41;251;41;4;40
TE260;31.01.2024;22;1.0;236;44;233;44;3;43
TE260;31.01.2024;23;1.0;230;47;229;47;1;67
TE261;18.01.2024;12;1.0;596;41;571;41;25;40
TE261;18.01.2024;13;1.0;619;44;594;44;25;45
TE261;18.01.2024;14;1.0;701;42;687;42;14;44
TE261;18.01.2024;15;1.0;673;43;661;43;12;44
TE261;18.01.2024;16;1.0;717;37;704;37;13;39
TE261;18.01.2024;17;1.0;615;41;601;41;14;42
TE261;18.01.2024;18;1.0;625;39;620;39;5;42
TE261;18.01.2024;19;1.0;522;40;512;40;10;41
TE261;18.01.2024;20;1.0;404;43;395;43;9;42
TE261;18.01.2024;21;1.0;322;43;316;43;6;43
TE261;18.01.2024;22;1.0;289;44;286;44;3;46
TE261;18.01.2024;23;1.0;226;45;224;45;2;46
TE261;19.01.2024;0;1.0;160;45;158;45;2;47
TE261;19.01.2024;1;1.0;88;48;87;48;1;45
TE261;19.01.2024;2;1.0;78;44;76;45;2;40
TE261;19.01.2024;3;1.0;75;47;74;47;1;45
TE261;19.01.2024;4;1.0;55;47;53;47;2;43
TE261;19.01.2024;5;1.0;120;48;118;48;2;51
TE261;19.01.2024;6;1.0;239;44;231;44;8;44
TE261;19.01.2024;7;1.0;319;44;311;44;8;44
TE261;19.01.2024;8;1.0;488;42;470;42;18;43
TE261;19.01.2024;9;1.0;439;42;419;42;20;44
TE261;19.01.2024;10;1.0;323;41;304;41;19;43
TE261;19.01.2024;11;1.0;377;43;360;43;17;46
TE261;19.01.2024;12;1.0;467;40;440;40;27;42
TE261;19.01.2024;13;1.0;491;42;472;42;19;43
TE261;19.01.2024;14;1.0;620;42;594;42;26;42
TE261;19.01.2024;15;1.0;673;43;655;43;18;43
TE261;19.01.2024;16;1.0;600;45;588;45;12;45
TE261;19.01.2024;17;1.0;594;45;586;45;8;45
TE261;19.01.2024;18;1.0;576;44;569;44;7;46
TE261;19.01.2024;19;1.0;527;43;525;43;2;44
TE261;19.01.2024;20;1.0;463;42;454;42;9;43
TE261;19.01.2024;21;1.0;347;43;343;43;4;42
TE261;19.01.2024;22;1.0;379;45;371;45;8;46
TE261;19.01.2024;23;1.0;310;44;302;44;8;45
TE261;20.01.2024;0;1.0;235;45;232;45;3;44
TE261;20.01.2024;1;1.0;159;46;155;46;4;48
TE261;20.01.2024;2;1.0;122;46;121;46;1;48
TE261;20.01.2024;3;1.0;95;49;92;49;3;50
TE261;20.01.2024;4;1.0;64;46;63;46;1;50
TE261;20.01.2024;5;1.0;100;48;99;48;1;46
TE261;20.01.2024;6;1.0;103;48;100;48;3;44
TE261;20.01.2024;7;1.0;115;44;113;44;2;42
TE261;20.01.2024;8;1.0;159;47;155;47;4;48
TE261;20.01.2024;9;1.0;273;45;264;45;9;43
TE261;20.01.2024;10;1.0;328;48;326;48;2;44
TE261;20.01.2024;11;1.0;418;46;407;46;11;47
TE261;20.01.2024;12;1.0;445;46;436;46;9;44
TE261;20.01.2024;13;1.0;471;44;466;44;5;44
TE261;20.01.2024;14;1.0;533;46;527;46;6;49
TE261;20.01.2024;15;1.0;553;46;546;46;7;47
TE261;20.01.2024;16;1.0;547;43;539;43;8;43
TE261;20.01.2024;17;1.0;529;43;517;43;12;44
TE261;20.01.2024;18;1.0;501;44;493;44;8;44
TE261;20.01.2024;19;1.0;500;43;492;43;8;45
TE261;20.01.2024;20;1.0;384;44;377;44;7;45
TE261;20.01.2024;21;1.0;383;43;379;43;4;43
TE261;20.01.2024;22;1.0;395;44;389;44;6;44
TE261;20.01.2024;23;1.0;369;41;361;41;8;43
TE261;21.01.2024;0;1.0;269;44;264;44;5;47
TE261;21.01.2024;1;1.0;197;48;194;47;3;51
TE261;21.01.2024;2;1.0;136;48;132;48;4;48
TE261;21.01.2024;3;1.0;121;50;120;50;1;46
TE261;21.01.2024;4;1.0;124;50;121;50;3;51
TE261;21.01.2024;5;1.0;114;52;114;52;0;-1
TE261;21.01.2024;6;1.0;90;51;89;51;1;53
TE261;21.01.2024;7;1.0;73;48;71;48;2;48
TE261;21.01.2024;8;1.0;98;49;97;49;1;54
TE261;21.01.2024;9;1.0;171;47;164;47;7;49
TE261;21.01.2024;10;1.0;250;48;241;48;9;50
TE261;21.01.2024;11;1.0;326;48;321;48;5;49
TE261;21.01.2024;12;1.0;441;44;424;44;17;44
TE261;21.01.2024;13;1.0;421;47;407;47;14;47
TE261;21.01.2024;14;1.0;446;47;441;47;5;47
TE261;21.01.2024;15;1.0;419;45;411;45;8;45
TE261;21.01.2024;16;1.0;388;46;384;46;4;48
TE261;21.01.2024;17;1.0;513;44;503;43;10;43
TE261;21.01.2024;18;1.0;453;46;449;46;4;44
TE261;21.01.2024;19;1.0;397;47;388;47;9;46
TE261;21.01.2024;20;1.0;310;46;304;46;6;46
TE261;21.01.2024;21;1.0;304;46;299;46;5;48
TE261;21.01.2024;22;1.0;260;47;256;47;4;44
TE261;21.01.2024;23;1.0;175;48;173;48;2;44
TE261;22.01.2024;0;1.0;120;47;117;47;3;49
TE261;22.01.2024;1;1.0;83;49;81;49;2;46
TE261;22.01.2024;2;1.0;48;49;46;49;2;41
TE261;22.01.2024;3;1.0;47;48;46;48;1;41
TE261;22.01.2024;4;1.0;55;47;53;47;2;46
TE261;22.01.2024;5;1.0;179;49;175;49;4;48
TE261;22.01.2024;6;1.0;375;48;358;48;17;48
TE261;22.01.2024;7;1.0;470;46;449;46;21;47
TE261;22.01.2024;8;1.0;517;45;479;45;38;45
TE261;22.01.2024;9;1.0;560;46;532;46;28;46
TE261;22.01.2024;10;1.0;548;45;535;45;13;45
TE261;22.01.2024;11;1.0;527;45;505;45;22;45
TE261;22.01.2024;12;1.0;667;45;639;45;28;45
TE261;22.01.2024;13;1.0;676;45;641;45;35;46
TE261;22.01.2024;14;1.0;836;45;818;45;18;46
TE261;22.01.2024;15;1.0;859;44;836;44;23;44
TE261;22.01.2024;16;1.0;791;41;767;40;24;42
TE261;22.01.2024;17;1.0;653;43;643;43;10;46
TE261;22.01.2024;18;1.0;593;43;587;43;6;45
TE261;22.01.2024;19;1.0;570;44;560;44;10;44
TE261;22.01.2024;20;1.0;396;45;389;45;7;47
TE261;22.01.2024;21;1.0;341;46;335;46;6;47
TE261;22.01.2024;22;1.0;274;46;270;46;4;49
TE261;22.01.2024;23;1.0;214;46;208;46;6;47
TE261;23.01.2024;0;1.0;115;46;109;46;6;46
TE261;23.01.2024;1;1.0;72;46;67;46;5;45
TE261;23.01.2024;2;1.0;62;46;61;46;1;46
TE261;23.01.2024;3;1.0;48;46;45;47;3;44
TE261;23.01.2024;4;1.0;74;46;71;46;3;39
TE261;28.01.2024;11;1.0;464;44;453;44;11;44
TE261;28.01.2024;12;1.0;536;43;527;43;9;44
TE261;28.01.2024;13;1.0;610;44;588;44;22;43
TE261;28.01.2024;14;1.0;635;45;611;45;24;45
TE261;28.01.2024;15;1.0;603;45;592;45;11;45
TE261;28.01.2024;16;1.0;646;45;631;45;15;45
TE261;28.01.2024;17;1.0;605;44;587;44;18;43
TE261;28.01.2024;18;1.0;556;45;537;45;19;43
TE261;28.01.2024;19;1.0;437;45;422;45;15;46
TE261;28.01.2024;20;1.0;418;43;410;43;8;45
TE261;28.01.2024;21;1.0;380;45;373;45;7;46
TE261;28.01.2024;22;1.0;337;45;333;45;4;46
TE261;28.01.2024;23;1.0;193;46;190;46;3;44
TE261;29.01.2024;0;1.0;141;45;136;45;5;46
TE261;29.01.2024;1;1.0;80;46;75;46;5;43
TE261;29.01.2024;2;1.0;61;49;56;49;5;48
TE261;29.01.2024;3;1.0;65;47;61;48;4;43
TE261;29.01.2024;4;1.0;74;48;73;47;1;53
TE261;29.01.2024;5;1.0;220;46;214;46;6;49
TE261;29.01.2024;6;1.0;404;47;390;47;14;49
TE261;29.01.2024;7;1.0;598;45;579;45;19;45
TE261;29.01.2024;8;1.0;628;43;601;42;27;43
TE261;29.01.2024;9;1.0;593;42;563;42;30;44
TE261;29.01.2024;10;1.0;580;43;538;44;42;43
TE261;29.01.2024;11;1.0;684;43;645;43;39;43
TE261;29.01.2024;14;1.0;839;43;814;43;25;45
TE261;29.01.2024;15;1.0;821;43;796;43;25;44
TE261;29.01.2024;16;1.0;837;43;820;43;17;44
TE261;29.01.2024;17;1.0;839;42;822;42;17;43
TE261;29.01.2024;18;1.0;727;44;715;44;12;44
TE261;29.01.2024;19;1.0;632;44;620;44;12;45
TE261;29.01.2024;20;1.0;458;45;450;45;8;45
TE261;29.01.2024;21;1.0;334;46;325;46;9;47
TE261;29.01.2024;22;1.0;280;46;275;46;5;47
TE261;29.01.2024;23;1.0;191;46;184;46;7;43
TE261;30.01.2024;0;1.0;132;45;129;45;3;46
TE261;30.01.2024;1;1.0;79;49;79;49;0;-1
TE261;30.01.2024;2;1.0;46;45;41;46;5;46
TE261;30.01.2024;3;1.0;59;47;58;47;1;55
TE261;30.01.2024;4;1.0;63;47;59;48;4;45
TE261;30.01.2024;5;1.0;200;46;196;46;4;49
TE261;30.01.2024;6;1.0;402;46;383;46;19;46
TE261;30.01.2024;7;1.0;577;44;557;44;20;45
TE261;30.01.2024;8;1.0;659;42;626;42;33;43
TE261;30.01.2024;9;1.0;669;42;637;42;32;43
TE261;30.01.2024;10;1.0;663;42;625;42;38;42
TE261;30.01.2024;11;1.0;659;42;632;42;27;41
TE261;30.01.2024;12;1.0;729;43;705;42;24;43
TE261;30.01.2024;13;1.0;784;43;763;43;21;44
TE261;30.01.2024;14;1.0;828;41;805;41;23;40
TE261;30.01.2024;15;1.0;885;43;872;43;13;44
TE261;30.01.2024;16;1.0;919;41;902;41;17;43
TE261;30.01.2024;17;1.0;958;41;941;41;17;43
TE261;30.01.2024;18;1.0;824;42;810;42;14;43
TE261;30.01.2024;19;1.0;597;46;589;46;8;46
TE261;30.01.2024;20;1.0;545;47;534;47;11;47
TE261;30.01.2024;21;1.0;392;46;383;46;9;46
TE261;30.01.2024;22;1.0;336;46;330;46;6;45
TE261;30.01.2024;23;1.0;222;48;216;48;6;48
TE261;31.01.2024;0;1.0;135;48;127;49;8;45
TE261;31.01.2024;1;1.0;80;50;78;50;2;56
TE261;31.01.2024;2;1.0;55;49;54;49;1;56
TE261;31.01.2024;3;1.0;66;47;63;47;3;53
TE261;31.01.2024;4;1.0;65;49;62;48;3;58
TE261;31.01.2024;5;1.0;215;47;205;47;10;49
TE261;31.01.2024;6;1.0;408;50;396;50;12;51
TE261;31.01.2024;7;1.0;580;45;557;45;23;46
TE261;31.01.2024;8;1.0;628;44;602;44;26;46
TE261;31.01.2024;9;1.0;549;48;531;48;18;52
TE261;31.01.2024;10;1.0;573;46;555;45;18;47
TE261;31.01.2024;11;1.0;682;45;652;44;30;45
TE261;31.01.2024;12;1.0;757;43;724;43;33;44
TE261;31.01.2024;13;1.0;716;44;701;44;15;46
TE261;31.01.2024;14;1.0;821;44;802;44;19;45
TE261;31.01.2024;15;1.0;866;44;854;44;12;44
TE261;31.01.2024;16;1.0;854;44;839;44;15;45
TE261;31.01.2024;17;1.0;808;44;797;44;11;46
TE261;31.01.2024;18;1.0;810;45;800;45;10;47
TE261;31.01.2024;19;1.0;673;46;662;46;11;45
TE261;31.01.2024;20;1.0;458;46;445;46;13;46
TE261;31.01.2024;21;1.0;373;47;368;47;5;47
TE261;31.01.2024;22;1.0;355;45;349;45;6;43
TE261;31.01.2024;23;1.0;252;47;251;47;1;44
TE264;08.01.2024;10;1.0;651;36;575;36;76;34
TE264;08.01.2024;11;1.0;675;37;627;37;48;36
TE264;08.01.2024;12;1.0;650;39;628;39;22;39
TE264;08.01.2024;13;1.0;579;39;559;39;20;39
TE264;08.01.2024;14;1.0;610;37;523;37;87;37
TE264;08.01.2024;15;1.0;702;36;597;36;105;36
TE264;08.01.2024;16;1.0;630;35;543;35;87;35
TE264;08.01.2024;17;1.0;597;36;520;36;77;37
TE264;08.01.2024;18;1.0;610;39;555;39;55;39
TE264;08.01.2024;19;1.0;416;42;374;42;42;41
TE264;08.01.2024;20;1.0;291;43;231;43;60;42
TE264;08.01.2024;21;1.0;219;43;176;43;43;41
TE264;08.01.2024;22;1.0;198;44;168;44;30;45
TE264;08.01.2024;23;1.0;113;43;70;45;43;41
TE264;09.01.2024;0;1.0;74;45;44;44;30;45
TE264;09.01.2024;1;1.0;40;40;29;40;11;40
TE264;09.01.2024;2;1.0;37;42;29;42;8;41
TE264;09.01.2024;3;1.0;30;43;18;43;12;43
TE264;09.01.2024;4;1.0;53;44;34;44;19;44
TE264;09.01.2024;5;1.0;207;46;140;46;67;47
TE264;09.01.2024;6;1.0;544;45;447;45;97;45
TE264;09.01.2024;9;1.0;1017;35;959;35;58;34
TE264;09.01.2024;10;1.0;873;35;786;35;87;36
TE264;09.01.2024;12;1.0;696;30;641;30;55;29
TE264;09.01.2024;16;1.0;783;36;670;36;113;35
TE264;09.01.2024;17;1.0;652;38;437;39;215;38
TE264;09.01.2024;18;1.0;660;38;436;38;223;37
TE264;09.01.2024;19;1.0;439;44;330;44;109;43
TE264;09.01.2024;20;1.0;315;44;275;44;40;45
TE264;09.01.2024;21;1.0;257;46;246;46;11;45
TE264;09.01.2024;22;1.0;215;46;182;45;33;45
TE264;09.01.2024;23;1.0;152;45;124;45;28;44
TE264;10.01.2024;0;1.0;70;47;37;47;33;47
TE264;10.01.2024;1;1.0;47;45;24;45;23;45
TE264;10.01.2024;2;1.0;34;49;9;50;25;48
TE264;10.01.2024;3;1.0;22;46;11;45;11;47
TE264;10.01.2024;4;1.0;48;46;28;45;20;47
TE264;10.01.2024;5;1.0;217;46;175;46;42;45
TE264;10.01.2024;6;1.0;526;45;423;45;103;44
TE264;10.01.2024;7;1.0;978;34;959;34;19;36
TE264;10.01.2024;8;1.0;1402;31;1372;31;30;29
TE264;10.01.2024;9;1.0;1030;35;986;35;44;35
TE264;10.01.2024;10;1.0;812;35;769;35;43;34
TE264;10.01.2024;11;1.0;759;36;722;36;37;37
TE264;10.01.2024;12;1.0;702;39;650;39;52;41
TE264;10.01.2024;13;1.0;766;37;742;37;24;40
TE264;10.01.2024;14;1.0;756;38;690;37;66;38
TE264;10.01.2024;15;1.0;891;37;838;37;53;36
TE264;10.01.2024;16;1.0;801;37;666;37;135;37
TE264;10.01.2024;17;1.0;825;38;703;38;122;38
TE264;10.01.2024;18;1.0;684;41;601;41;83;41
TE264;10.01.2024;19;1.0;480;44;411;44;69;43
TE264;10.01.2024;20;1.0;340;46;290;46;50;44
TE264;10.01.2024;21;1.0;216;46;161;47;55;43
TE264;10.01.2024;22;1.0;236;46;174;47;62;44
TE264;10.01.2024;23;1.0;140;46;93;47;47;43
TE264;11.01.2024;0;1.0;87;45;61;45;26;44
TE264;11.01.2024;1;1.0;40;45;28;45;12;47
TE264;11.01.2024;2;1.0;34;49;27;49;7;47
TE264;11.01.2024;3;1.0;30;47;24;46;6;52
TE264;11.01.2024;4;1.0;45;47;32;46;13;48
TE264;11.01.2024;5;1.0;182;53;157;53;25;54
TE264;11.01.2024;6;1.0;496;52;476;52;20;52
TE264;11.01.2024;7;1.0;911;40;908;40;3;49
TE264;11.01.2024;8;1.0;1381;32;1375;32;5;35
TE264;11.01.2024;9;1.0;1089;39;1082;39;7;39
TE264;11.01.2024;10;1.0;897;41;878;41;19;39
TE264;11.01.2024;11;1.0;812;41;795;41;17;39
TE264;11.01.2024;12;1.0;755;41;741;41;14;39
TE264;11.01.2024;13;1.0;732;43;719;43;13;41
TE264;11.01.2024;14;1.0;788;42;742;43;46;43
TE264;11.01.2024;15;1.0;911;41;899;41;12;39
TE264;11.01.2024;16;1.0;824;42;795;42;29;40
TE264;11.01.2024;17;1.0;737;44;715;44;22;43
TE264;11.01.2024;18;1.0;813;45;797;45;16;48
TE264;11.01.2024;19;1.0;560;48;533;48;27;50
TE264;11.01.2024;20;1.0;360;51;344;51;16;50
TE264;11.01.2024;21;1.0;240;53;230;53;10;54
TE264;11.01.2024;22;1.0;241;50;219;51;22;50
TE264;11.01.2024;23;1.0;162;51;143;52;19;52
TE264;12.01.2024;0;1.0;80;52;60;52;20;52
TE264;12.01.2024;1;1.0;65;53;47;52;18;56
TE264;12.01.2024;2;1.0;41;50;33;49;8;52
TE264;12.01.2024;3;1.0;35;51;26;51;9;53
TE264;12.01.2024;4;1.0;51;52;47;52;4;56
TE264;12.01.2024;5;1.0;177;54;168;54;9;53
TE264;12.01.2024;6;1.0;384;53;359;52;25;53
TE264;12.01.2024;7;1.0;768;42;758;42;10;38
TE264;12.01.2024;8;1.0;1205;38;1181;38;24;36
TE264;12.01.2024;9;1.0;915;41;908;41;7;38
TE264;12.01.2024;10;1.0;736;42;726;42;10;41
TE264;12.01.2024;11;1.0;724;43;718;43;6;42
TE264;12.01.2024;12;1.0;723;41;716;42;7;40
TE264;12.01.2024;13;1.0;727;41;718;41;9;39
TE264;12.01.2024;14;1.0;724;41;707;41;17;41
TE264;12.01.2024;15;1.0;851;41;838;41;13;38
TE264;12.01.2024;16;1.0;753;41;733;41;20;38
TE264;12.01.2024;17;1.0;677;44;611;44;66;44
TE264;12.01.2024;18;1.0;714;47;697;47;17;50
TE264;12.01.2024;19;1.0;519;50;493;49;26;52
TE264;12.01.2024;20;1.0;376;49;323;50;53;49
TE264;12.01.2024;21;1.0;312;51;292;51;20;51
TE264;12.01.2024;22;1.0;280;51;246;51;34;49
TE264;12.01.2024;23;1.0;216;50;135;50;81;50
TE264;13.01.2024;0;1.0;183;53;117;53;66;53
TE264;13.01.2024;1;1.0;109;52;82;50;27;57
TE264;13.01.2024;2;1.0;70;54;48;52;22;59
TE264;13.01.2024;3;1.0;49;49;39;47;10;56
TE264;13.01.2024;4;1.0;45;48;31;49;14;44
TE264;13.01.2024;5;1.0;67;49;41;50;26;48
TE264;13.01.2024;6;1.0;79;52;61;52;18;51
TE264;13.01.2024;7;1.0;98;51;33;49;65;52
TE264;13.01.2024;8;1.0;244;51;106;51;138;51
TE264;13.01.2024;9;1.0;416;51;210;52;206;49
TE264;13.01.2024;10;1.0;467;52;317;53;150;52
TE264;13.01.2024;11;1.0;602;48;451;49;151;47
TE264;13.01.2024;12;1.0;674;47;539;47;135;46
TE264;13.01.2024;13;1.0;743;48;508;47;235;48
TE264;13.01.2024;14;1.0;750;47;517;48;233;47
TE264;13.01.2024;15;1.0;726;49;538;50;188;47
TE264;13.01.2024;16;1.0;650;49;446;49;204;47
TE264;13.01.2024;17;1.0;673;48;494;48;179;47
TE264;13.01.2024;18;1.0;729;49;659;49;70;48
TE264;13.01.2024;19;1.0;509;51;469;51;40;51
TE264;13.01.2024;20;1.0;401;52;366;52;35;53
TE264;13.01.2024;21;1.0;301;52;292;52;9;51
TE264;13.01.2024;22;1.0;300;52;272;53;28;52
TE264;13.01.2024;23;1.0;235;51;156;52;79;51
TE264;14.01.2024;0;1.0;204;55;83;56;121;53
TE264;14.01.2024;1;1.0;137;54;64;56;73;52
TE264;14.01.2024;2;1.0;99;55;48;55;51;57
TE264;14.01.2024;3;1.0;79;54;41;55;38;52
TE264;14.01.2024;4;1.0;59;50;31;48;28;51
TE264;14.01.2024;5;1.0;62;49;48;49;14;47
TE264;14.01.2024;6;1.0;70;52;64;52;6;52
TE264;14.01.2024;7;1.0;72;51;67;51;5;49
TE264;14.01.2024;8;1.0;104;52;73;52;31;50
TE264;14.01.2024;9;1.0;220;51;163;51;57;51
TE264;14.01.2024;10;1.0;308;51;264;51;44;51
TE264;14.01.2024;11;1.0;380;50;288;51;92;49
TE264;14.01.2024;12;1.0;401;51;318;51;83;49
TE264;14.01.2024;13;1.0;561;49;444;50;117;48
TE264;14.01.2024;14;1.0;591;50;506;50;85;49
TE264;14.01.2024;15;1.0;529;47;421;47;108;46
TE264;14.01.2024;16;1.0;503;49;452;49;51;49
TE264;14.01.2024;17;1.0;526;51;442;52;84;51
TE264;14.01.2024;18;1.0;451;51;357;51;94;52
TE264;14.01.2024;19;1.0;399;51;334;51;65;51
TE264;14.01.2024;20;1.0;292;52;273;52;19;52
TE264;14.01.2024;21;1.0;234;54;215;54;19;52
TE264;14.01.2024;22;1.0;217;52;204;53;13;50
TE264;14.01.2024;23;1.0;139;52;117;53;22;50
TE264;15.01.2024;0;1.0;83;52;66;53;17;50
TE264;15.01.2024;1;1.0;57;52;33;53;24;50
TE264;15.01.2024;2;1.0;24;53;13;52;11;55
TE264;15.01.2024;3;1.0;38;52;25;51;13;54
TE264;15.01.2024;4;1.0;57;52;46;52;11;51
TE264;15.01.2024;5;1.0;194;51;170;51;24;48
TE264;15.01.2024;6;1.0;502;49;444;49;58;48
TE264;15.01.2024;7;1.0;880;40;812;40;68;42
TE264;15.01.2024;8;1.0;1106;36;1054;36;52;36
TE264;15.01.2024;9;1.0;857;39;810;39;47;37
TE264;15.01.2024;10;1.0;657;42;567;42;90;40
TE264;15.01.2024;11;1.0;680;43;601;44;79;41
TE264;15.01.2024;12;1.0;543;43;496;43;47;40
TE264;15.01.2024;13;1.0;564;43;456;43;108;43
TE264;15.01.2024;14;1.0;559;42;503;42;56;40
TE264;15.01.2024;15;1.0;692;41;648;41;44;39
TE264;15.01.2024;16;1.0;655;42;599;42;56;40
TE264;15.01.2024;17;1.0;645;43;507;43;138;42
TE264;15.01.2024;18;1.0;605;44;533;44;72;43
TE264;15.01.2024;19;1.0;464;49;405;49;59;49
TE264;15.01.2024;20;1.0;309;52;272;52;37;53
TE264;15.01.2024;21;1.0;221;49;217;49;4;55
TE264;15.01.2024;22;1.0;190;50;182;50;8;52
TE264;15.01.2024;23;1.0;138;52;105;52;33;49
TE264;16.01.2024;0;1.0;63;53;31;50;32;56
TE264;16.01.2024;1;1.0;41;50;29;49;12;51
TE264;16.01.2024;2;1.0;31;41;21;41;10;42
TE264;16.01.2024;3;1.0;28;43;21;42;7;44
TE264;16.01.2024;4;1.0;50;42;46;42;4;39
TE264;16.01.2024;5;1.0;183;48;137;47;46;51
TE264;16.01.2024;6;1.0;488;47;406;46;82;49
TE264;16.01.2024;7;1.0;935;38;811;39;124;38
TE264;16.01.2024;8;1.0;1213;32;1138;31;75;34
TE264;16.01.2024;9;1.0;1045;34;1024;34;21;39
TE264;16.01.2024;10;1.0;977;41;968;41;9;41
TE264;16.01.2024;11;1.0;761;41;737;41;24;41
TE264;16.01.2024;12;1.0;700;42;673;42;27;42
TE264;16.01.2024;13;1.0;691;41;664;41;27;42
TE264;16.01.2024;14;1.0;743;42;718;42;25;43
TE264;16.01.2024;15;1.0;910;41;896;41;14;43
TE264;16.01.2024;16;1.0;861;40;817;40;44;39
TE264;16.01.2024;17;1.0;803;43;788;43;15;41
TE264;16.01.2024;18;1.0;802;46;793;46;9;47
TE264;16.01.2024;19;1.0;522;47;498;47;24;45
TE264;16.01.2024;20;1.0;307;53;299;53;8;52
TE264;16.01.2024;21;1.0;238;53;229;53;9;49
TE264;16.01.2024;22;1.0;225;48;205;48;20;48
TE264;16.01.2024;23;1.0;138;47;117;47;21;46
TE264;17.01.2024;0;1.0;73;46;50;45;23;46
TE264;17.01.2024;1;1.0;62;43;40;43;22;43
TE264;17.01.2024;2;1.0;34;45;23;44;11;46
TE264;17.01.2024;3;1.0;36;48;20;48;16;48
TE264;17.01.2024;4;1.0;50;47;24;46;26;47
TE264;17.01.2024;5;1.0;209;49;30;47;179;50
TE264;17.01.2024;6;1.0;533;46;244;46;289;46
TE264;17.01.2024;7;1.0;951;36;775;35;176;36
TE264;17.01.2024;8;1.0;1351;32;1325;32;26;32
TE264;17.01.2024;9;1.0;1125;36;1095;36;30;35
TE264;17.01.2024;10;1.0;879;38;853;38;26;37
TE264;17.01.2024;11;1.0;775;39;744;39;31;38
TE264;17.01.2024;12;1.0;709;40;664;40;45;39
TE264;17.01.2024;13;1.0;652;40;606;40;46;38
TE264;17.01.2024;14;1.0;785;40;745;40;40;37
TE264;17.01.2024;15;1.0;806;40;777;40;29;39
TE264;17.01.2024;16;1.0;714;42;690;42;24;39
TE264;17.01.2024;17;1.0;755;43;740;43;15;42
TE264;17.01.2024;18;1.0;566;46;555;46;11;45
TE264;17.01.2024;19;1.0;354;50;329;50;25;52
TE264;17.01.2024;20;1.0;292;51;263;51;29;51
TE264;17.01.2024;21;1.0;256;51;248;51;8;52
TE264;17.01.2024;22;1.0;217;54;215;54;2;56
TE264;17.01.2024;23;1.0;160;53;138;53;22;50
TE264;18.01.2024;1;1.0;50;52;48;52;2;48
TE264;18.01.2024;2;1.0;29;52;27;52;2;48
TE264;18.01.2024;3;1.0;39;53;30;54;9;53
TE264;18.01.2024;4;1.0;53;51;41;51;12;49
TE264;18.01.2024;5;1.0;196;54;175;55;21;54
TE264;18.01.2024;6;1.0;509;52;488;52;21;51
TE264;18.01.2024;7;1.0;902;40;888;40;14;41
TE264;18.01.2024;8;1.0;1348;36;1305;37;43;35
TE264;18.01.2024;9;1.0;1057;39;1028;39;29;38
TE264;18.01.2024;10;1.0;827;39;808;39;19;37
TE264;18.01.2024;11;1.0;725;40;700;40;25;38
TE264;18.01.2024;12;1.0;709;40;693;40;16;40
TE264;18.01.2024;13;1.0;737;39;662;40;75;38
TE264;18.01.2024;14;1.0;726;37;673;37;53;35
TE264;18.01.2024;15;1.0;833;35;745;35;88;36
TE264;18.01.2024;16;1.0;847;34;823;34;24;34
TE264;18.01.2024;17;1.0;706;37;683;37;23;37
TE264;18.01.2024;18;1.0;777;42;715;42;62;40
TE264;18.01.2024;19;1.0;543;43;470;43;73;42
TE264;18.01.2024;20;1.0;356;45;324;45;32;43
TE264;18.01.2024;21;1.0;274;46;237;46;37;44
TE264;18.01.2024;22;1.0;245;45;221;46;24;42
TE264;18.01.2024;23;1.0;181;46;152;46;29;46
TE264;19.01.2024;0;1.0;111;47;79;47;32;46
TE264;19.01.2024;1;1.0;60;47;45;48;15;44
TE264;19.01.2024;2;1.0;37;46;23;47;14;46
TE264;19.01.2024;3;1.0;34;53;16;49;18;56
TE264;19.01.2024;4;1.0;56;47;43;47;13;50
TE264;19.01.2024;5;1.0;182;48;141;48;41;47
TE264;19.01.2024;6;1.0;406;46;334;46;72;46
TE264;19.01.2024;7;1.0;757;36;602;36;155;36
TE264;19.01.2024;8;1.0;1197;33;1122;33;75;32
TE264;19.01.2024;9;1.0;908;36;794;36;114;36
TE264;19.01.2024;10;1.0;756;37;693;37;63;35
TE264;19.01.2024;11;1.0;771;38;753;38;18;36
TE264;19.01.2024;12;1.0;693;39;661;39;32;38
TE264;19.01.2024;13;1.0;721;39;672;39;49;38
TE264;19.01.2024;14;1.0;803;37;759;37;44;34
TE264;19.01.2024;15;1.0;742;38;586;39;156;36
TE264;19.01.2024;16;1.0;713;41;588;42;125;39
TE264;19.01.2024;17;1.0;729;42;623;43;106;40
TE264;19.01.2024;18;1.0;821;46;729;46;92;44
TE264;19.01.2024;19;1.0;589;43;518;44;71;41
TE264;19.01.2024;20;1.0;384;46;257;47;127;44
TE264;19.01.2024;21;1.0;303;47;256;48;47;45
TE264;19.01.2024;22;1.0;288;47;228;48;60;44
TE264;19.01.2024;23;1.0;238;44;205;44;33;44
TE264;20.01.2024;0;1.0;164;48;129;48;35;46
TE264;20.01.2024;1;1.0;118;44;90;45;28;40
TE264;20.01.2024;2;1.0;91;42;70;44;20;41
TE264;20.01.2024;3;1.0;54;46;42;46;12;44
TE264;20.01.2024;4;1.0;42;53;35;53;7;54
TE264;20.01.2024;5;1.0;103;44;76;45;27;43
TE264;20.01.2024;6;1.0;117;49;89;49;28;48
TE264;20.01.2024;7;1.0;151;43;98;44;52;42
TE264;20.01.2024;8;1.0;235;45;138;45;96;45
TE264;20.01.2024;9;1.0;441;45;307;45;133;44
TE264;20.01.2024;10;1.0;557;51;398;51;159;51
TE264;20.01.2024;11;1.0;645;46;350;47;295;46
TE264;20.01.2024;12;1.0;667;43;365;43;302;42
TE264;20.01.2024;13;1.0;740;45;546;46;194;45
TE264;20.01.2024;14;1.0;732;44;590;44;142;44
TE264;20.01.2024;15;1.0;650;48;335;47;315;48
TE264;20.01.2024;16;1.0;636;41;421;41;215;40
TE264;20.01.2024;17;1.0;641;43;417;44;224;42
TE264;20.01.2024;18;1.0;657;44;491;45;166;44
TE264;20.01.2024;19;1.0;568;44;362;43;206;44
TE264;20.01.2024;20;1.0;440;45;365;45;75;45
TE264;20.01.2024;21;1.0;317;45;257;45;60;45
TE264;20.01.2024;22;1.0;293;44;209;44;84;42
TE264;20.01.2024;23;1.0;267;41;167;41;100;42
TE264;21.01.2024;0;1.0;192;38;139;37;53;38
TE264;21.01.2024;1;1.0;142;42;66;42;75;42
TE264;21.01.2024;2;1.0;121;39;91;39;30;38
TE264;21.01.2024;3;1.0;77;36;59;38;18;35
TE264;21.01.2024;4;1.0;45;44;33;43;13;42
TE264;21.01.2024;5;1.0;64;38;46;39;17;37
TE264;21.01.2024;6;1.0;71;37;64;37;6;46
TE264;21.01.2024;8;1.0;147;48;104;48;43;48
TE264;21.01.2024;9;1.0;227;47;151;48;76;46
TE264;21.01.2024;10;1.0;346;48;245;48;101;48
TE264;21.01.2024;11;1.0;419;50;341;50;78;50
TE264;21.01.2024;12;1.0;467;46;382;46;85;44
TE264;21.01.2024;13;1.0;498;43;367;43;132;42
TE264;21.01.2024;14;1.0;577;39;466;39;112;38
TE264;21.01.2024;15;1.0;556;35;402;35;155;35
TE264;21.01.2024;16;1.0;554;39;467;39;86;37
TE264;21.01.2024;17;1.0;508;41;469;41;39;39
TE264;21.01.2024;18;1.0;431;36;408;36;23;35
TE264;21.01.2024;19;1.0;402;40;379;40;23;38
TE264;21.01.2024;20;1.0;321;41;288;41;32;40
TE264;21.01.2024;21;1.0;238;37;220;37;19;36
TE264;21.01.2024;23;1.0;123;41;83;42;41;37
TE264;22.01.2024;0;1.0;71;45;49;47;22;43
TE264;22.01.2024;2;1.0;35;43;21;41;14;45
TE264;22.01.2024;3;1.0;35;46;30;46;5;50
TE264;22.01.2024;4;1.0;49;41;42;41;7;44
TE264;22.01.2024;5;1.0;242;46;199;46;44;44
TE264;22.01.2024;6;1.0;492;37;399;37;93;36
TE264;22.01.2024;7;1.0;980;27;918;27;63;28
TE264;22.01.2024;10;1.0;866;36;587;36;278;35
TE264;22.01.2024;11;1.0;741;30;689;30;52;29
TE264;22.01.2024;12;1.0;760;36;667;36;91;36
TE264;22.01.2024;13;1.0;642;34;613;34;28;32
TE264;22.01.2024;14;1.0;753;38;668;39;85;37
TE264;22.01.2024;15;1.0;793;39;726;39;67;37
TE264;22.01.2024;16;1.0;833;39;617;40;216;37
TE264;22.01.2024;17;1.0;730;36;625;37;106;35
TE264;22.01.2024;18;1.0;675;45;476;45;199;43
TE264;22.01.2024;19;1.0;485;39;339;40;146;37
TE264;22.01.2024;20;1.0;304;40;197;40;107;38
TE264;22.01.2024;21;1.0;216;48;140;49;76;47
TE264;22.01.2024;22;1.0;225;44;153;45;72;42
TE264;22.01.2024;23;1.0;129;43;110;43;18;42
TE264;23.01.2024;0;1.0;84;47;67;48;17;41
TE264;23.01.2024;1;1.0;47;44;39;46;8;39
TE264;23.01.2024;2;1.0;25;52;12;56;13;49
TE264;23.01.2024;3;1.0;14;42;11;41;3;48
TE264;23.01.2024;4;1.0;49;49;29;47;20;50
TE264;23.01.2024;5;1.0;214;49;102;49;112;49
TE264;23.01.2024;6;1.0;502;47;333;47;169;47
TE264;23.01.2024;7;1.0;967;35;818;35;149;36
TE264;23.01.2024;8;1.0;1376;34;1226;34;150;33
TE264;23.01.2024;9;1.0;1131;31;987;31;144;29
TE264;23.01.2024;10;1.0;856;39;732;39;124;36
TE264;23.01.2024;11;1.0;783;35;718;34;65;33
TE264;23.01.2024;12;1.0;750;36;652;36;98;34
TE264;23.01.2024;13;1.0;736;40;500;40;236;38
TE264;23.01.2024;14;1.0;691;36;461;37;230;35
TE264;23.01.2024;15;1.0;814;37;582;38;232;36
TE264;23.01.2024;16;1.0;839;39;612;39;227;37
TE264;23.01.2024;17;1.0;735;38;643;38;92;36
TE264;23.01.2024;18;1.0;714;39;561;40;153;38
TE264;23.01.2024;19;1.0;495;44;428;44;67;43
TE264;23.01.2024;20;1.0;343;43;293;43;50;40
TE264;23.01.2024;21;1.0;263;40;197;41;66;38
TE264;23.01.2024;22;1.0;244;44;160;45;86;42
TE264;23.01.2024;23;1.0;151;44;89;46;64;41
TE264;24.01.2024;0;1.0;98;51;24;51;75;51
TE264;24.01.2024;1;1.0;56;52;15;54;41;51
TE264;24.01.2024;2;1.0;38;53;14;52;24;52
TE264;24.01.2024;3;1.0;30;44;8;49;20;47
TE264;24.01.2024;4;1.0;65;49;40;50;25;47
TE264;24.01.2024;5;1.0;237;50;145;52;92;48
TE264;24.01.2024;6;1.0;538;50;284;51;254;48
TE264;24.01.2024;7;1.0;973;37;662;37;311;36
TE264;24.01.2024;8;1.0;1144;34;726;35;418;35
TE264;24.01.2024;9;1.0;1053;36;742;36;311;36
TE264;24.01.2024;10;1.0;950;40;915;40;35;37
TE264;24.01.2024;11;1.0;830;39;740;40;90;37
TE264;24.01.2024;12;1.0;735;39;687;39;48;38
TE264;24.01.2024;13;1.0;785;40;732;40;53;38
TE264;24.01.2024;14;1.0;738;39;642;39;96;38
TE264;24.01.2024;15;1.0;900;37;647;37;253;35
TE264;24.01.2024;16;1.0;907;38;627;39;280;38
TE264;24.01.2024;17;1.0;847;39;572;40;275;38
TE264;24.01.2024;18;1.0;800;44;502;45;298;43
TE264;24.01.2024;19;1.0;528;46;363;47;165;44
TE264;24.01.2024;20;1.0;348;43;260;44;87;42
TE264;24.01.2024;21;1.0;259;45;218;45;41;44
TE264;24.01.2024;22;1.0;234;47;163;47;71;47
TE264;24.01.2024;23;1.0;168;47;133;47;35;44
TE264;25.01.2024;0;1.0;88;48;34;48;54;48
TE264;25.01.2024;1;1.0;58;52;20;52;38;52
TE264;25.01.2024;2;1.0;33;50;11;47;22;50
TE264;25.01.2024;3;1.0;46;48;23;49;23;48
TE264;25.01.2024;4;1.0;59;48;17;48;42;47
TE264;25.01.2024;5;1.0;218;48;76;50;142;47
TE264;25.01.2024;6;1.0;508;47;327;48;181;45
TE264;25.01.2024;7;1.0;956;35;734;36;222;34
TE264;25.01.2024;8;1.0;1254;33;956;34;298;31
TE264;25.01.2024;9;1.0;1067;36;757;36;310;36
TE264;25.01.2024;10;1.0;901;40;784;40;117;37
TE264;25.01.2024;11;1.0;1033;40;931;41;102;39
TE264;25.01.2024;12;1.0;1015;39;894;39;121;37
TE264;25.01.2024;13;1.0;864;39;845;39;19;37
TE264;25.01.2024;14;1.0;827;35;807;35;20;37
TE264;25.01.2024;15;1.0;932;32;911;33;21;31
TE264;25.01.2024;16;1.0;978;34;808;34;170;32
TE264;25.01.2024;17;1.0;862;41;694;41;168;39
TE264;25.01.2024;18;1.0;812;44;784;44;28;41
TE264;25.01.2024;19;1.0;567;47;551;47;16;45
TE264;25.01.2024;20;1.0;369;49;347;50;22;48
TE264;25.01.2024;21;1.0;261;42;252;42;8;44
TE264;25.01.2024;22;1.0;225;45;216;45;9;45
TE264;25.01.2024;23;1.0;160;41;142;42;17;39
TE264;26.01.2024;0;1.0;87;42;76;42;11;38
TE264;26.01.2024;1;1.0;53;43;41;43;12;44
TE264;26.01.2024;2;1.0;46;45;29;47;16;44
TE264;26.01.2024;3;1.0;32;48;26;47;6;49
TE264;26.01.2024;4;1.0;54;37;36;38;18;37
TE264;26.01.2024;5;1.0;183;51;158;51;25;49
TE264;26.01.2024;6;1.0;425;51;364;52;61;49
TE264;26.01.2024;7;1.0;748;32;658;31;91;31
TE264;26.01.2024;8;1.0;1066;36;975;36;91;37
TE264;26.01.2024;9;1.0;948;40;892;40;56;38
TE264;26.01.2024;10;1.0;847;41;777;41;70;40
TE264;26.01.2024;11;1.0;828;31;750;31;78;30
TE264;26.01.2024;12;1.0;789;38;669;38;120;36
TE264;26.01.2024;13;1.0;799;42;693;42;106;41
TE264;26.01.2024;14;1.0;798;41;658;41;140;39
TE264;26.01.2024;15;1.0;927;39;796;39;131;37
TE264;26.01.2024;16;1.0;839;37;566;37;273;37
TE264;26.01.2024;17;1.0;799;38;649;39;150;37
TE264;26.01.2024;18;1.0;838;46;603;46;235;44
TE264;26.01.2024;19;1.0;645;45;484;45;161;43
TE264;26.01.2024;20;1.0;458;45;331;45;127;44
TE264;26.01.2024;21;1.0;323;47;256;47;67;46
TE264;26.01.2024;22;1.0;350;42;299;42;51;39
TE264;26.01.2024;23;1.0;215;45;174;46;42;42
TE264;27.01.2024;0;1.0;203;43;157;44;45;41
TE264;27.01.2024;1;1.0;133;44;98;45;34;43
TE264;27.01.2024;2;1.0;83;49;52;48;31;49
TE264;27.01.2024;3;1.0;49;49;32;47;17;55
TE264;27.01.2024;4;1.0;66;46;41;47;25;43
TE264;27.01.2024;5;1.0;94;47;57;48;37;45
TE264;27.01.2024;6;1.0;108;48;76;48;32;48
TE264;27.01.2024;7;1.0;132;46;92;47;40;45
TE264;27.01.2024;8;1.0;255;48;154;49;101;47
TE264;27.01.2024;9;1.0;472;48;303;49;169;46
TE264;27.01.2024;10;1.0;607;49;304;51;303;48
TE264;27.01.2024;11;1.0;657;50;319;52;338;48
TE264;27.01.2024;12;1.0;771;49;473;50;298;48
TE264;27.01.2024;13;1.0;791;47;476;48;315;45
TE264;27.01.2024;14;1.0;776;44;576;44;200;42
TE264;27.01.2024;15;1.0;683;45;472;45;211;45
TE264;27.01.2024;16;1.0;669;45;365;46;304;44
TE264;27.01.2024;17;1.0;710;43;429;44;281;42
TE264;27.01.2024;18;1.0;765;44;566;44;199;43
TE264;27.01.2024;19;1.0;621;42;461;42;159;41
TE264;27.01.2024;20;1.0;403;42;279;43;124;40
TE264;27.01.2024;21;1.0;343;42;231;43;111;39
TE264;27.01.2024;22;1.0;338;46;264;46;74;45
TE264;27.01.2024;23;1.0;251;46;208;47;43;45
TE264;28.01.2024;0;1.0;165;46;111;47;54;44
TE264;28.01.2024;1;1.0;146;47;113;47;33;44
TE264;28.01.2024;2;1.0;99;48;87;48;12;45
TE264;28.01.2024;3;1.0;74;49;42;50;32;48
TE264;28.01.2024;4;1.0;63;48;36;47;27;49
TE264;28.01.2024;5;1.0;70;45;45;46;25;45
TE264;28.01.2024;6;1.0;74;46;46;45;28;47
TE264;28.01.2024;7;1.0;96;46;68;47;28;45
TE264;28.01.2024;8;1.0;143;46;89;46;54;46
TE264;28.01.2024;9;1.0;251;46;133;47;118;44
TE264;28.01.2024;10;1.0;410;46;352;45;58;44
TE264;28.01.2024;11;1.0;554;45;524;45;30;44
TE264;28.01.2024;12;1.0;575;42;541;43;34;41
TE264;28.01.2024;13;1.0;671;41;642;41;29;41
TE264;28.01.2024;14;1.0;647;44;636;44;11;44
TE264;28.01.2024;15;1.0;624;46;598;46;26;44
TE264;28.01.2024;16;1.0;612;45;531;46;81;44
TE264;28.01.2024;17;1.0;598;45;487;45;111;43
TE264;28.01.2024;18;1.0;555;44;481;44;74;43
TE264;28.01.2024;19;1.0;407;46;286;47;121;44
TE264;28.01.2024;20;1.0;303;47;239;47;64;44
TE264;28.01.2024;21;1.0;249;46;229;46;20;44
TE264;28.01.2024;22;1.0;193;46;158;47;35;41
TE264;28.01.2024;23;1.0;157;46;91;48;66;45
TE264;29.01.2024;0;1.0;86;46;50;47;36;45
TE264;29.01.2024;1;1.0;58;46;41;47;17;44
TE264;29.01.2024;2;1.0;36;43;24;45;12;39
TE264;29.01.2024;3;1.0;33;44;13;44;20;43
TE264;29.01.2024;4;1.0;55;47;21;46;34;48
TE264;29.01.2024;5;1.0;149;47;101;48;48;45
TE264;29.01.2024;6;1.0;515;46;432;46;83;45
TE264;29.01.2024;7;1.0;940;33;854;33;86;32
TE264;29.01.2024;8;1.0;1405;31;1334;31;71;31
TE264;29.01.2024;9;1.0;1088;35;1042;35;46;34
TE264;29.01.2024;10;1.0;845;36;823;36;22;36
TE264;29.01.2024;11;1.0;736;34;723;34;13;33
TE264;29.01.2024;12;1.0;780;33;761;33;18;33
TE264;29.01.2024;13;1.0;680;39;624;39;56;38
TE264;29.01.2024;14;1.0;711;38;644;39;67;37
TE264;29.01.2024;15;1.0;813;38;718;38;95;35
TE264;29.01.2024;16;1.0;826;38;773;38;53;37
TE264;29.01.2024;17;1.0;719;40;620;40;99;39
TE264;29.01.2024;18;1.0;670;39;579;40;91;37
TE264;29.01.2024;19;1.0;448;47;341;48;107;45
TE264;29.01.2024;20;1.0;365;46;259;46;106;44
TE264;29.01.2024;21;1.0;231;47;164;48;67;45
TE264;29.01.2024;22;1.0;189;44;129;44;61;44
TE264;29.01.2024;23;1.0;144;44;68;45;75;44
TE264;30.01.2024;0;1.0;78;44;51;44;26;46
TE264;30.01.2024;1;1.0;42;46;32;44;11;48
TE264;30.01.2024;2;1.0;25;47;17;48;8;46
TE264;30.01.2024;3;1.0;38;45;19;42;19;47
TE264;30.01.2024;4;1.0;37;46;31;45;6;50
TE264;30.01.2024;5;1.0;225;48;168;48;57;48
TE264;30.01.2024;6;1.0;513;47;380;47;133;46
TE264;30.01.2024;7;1.0;955;35;815;35;140;34
TE264;30.01.2024;8;1.0;1397;33;1287;33;110;31
TE264;30.01.2024;9;1.0;1147;35;998;35;149;34
TE264;30.01.2024;10;1.0;829;37;744;37;85;35
TE264;30.01.2024;11;1.0;815;38;776;38;39;37
TE264;30.01.2024;12;1.0;785;36;736;36;49;37
TE264;30.01.2024;13;1.0;797;37;729;37;68;37
TE264;30.01.2024;14;1.0;702;34;580;34;121;33
TE264;30.01.2024;15;1.0;844;34;723;34;121;32
TE264;30.01.2024;16;1.0;832;37;683;38;149;36
TE264;30.01.2024;17;1.0;791;39;709;39;82;36
TE264;30.01.2024;18;1.0;717;44;501;45;216;43
TE264;30.01.2024;19;1.0;497;47;308;48;189;46
TE264;30.01.2024;20;1.0;331;49;219;50;112;47
TE264;30.01.2024;21;1.0;262;50;130;50;132;50
TE264;30.01.2024;22;1.0;215;48;169;48;46;46
TE264;30.01.2024;23;1.0;146;49;80;51;66;47
TE264;31.01.2024;0;1.0;69;44;37;44;32;42
TE264;31.01.2024;1;1.0;46;51;40;51;6;44
TE264;31.01.2024;2;1.0;24;51;16;45;8;61
TE264;31.01.2024;3;1.0;35;49;24;48;11;51
TE264;31.01.2024;4;1.0;56;50;42;49;14;52
TE264;31.01.2024;5;1.0;238;48;143;49;95;47
TE264;31.01.2024;6;1.0;513;50;343;50;170;50
TE264;31.01.2024;7;1.0;958;37;806;37;152;36
TE264;31.01.2024;8;1.0;1326;37;1185;37;141;35
TE264;31.01.2024;9;1.0;1074;38;978;38;96;35
TE264;31.01.2024;10;1.0;932;37;798;38;134;36
TE264;31.01.2024;11;1.0;848;37;746;37;102;36
TE264;31.01.2024;12;1.0;793;37;742;37;51;35
TE264;31.01.2024;13;1.0;735;38;606;39;129;36
TE264;31.01.2024;14;1.0;751;37;604;37;147;34
TE264;31.01.2024;15;1.0;836;40;753;39;83;38
TE264;31.01.2024;16;1.0;879;39;776;39;103;37
TE264;31.01.2024;17;1.0;791;41;662;41;129;39
TE264;31.01.2024;18;1.0;726;46;578;46;148;44
TE264;31.01.2024;19;1.0;578;48;486;48;92;48
TE264;31.01.2024;20;1.0;379;49;261;49;118;47
TE264;31.01.2024;21;1.0;242;51;165;52;77;49
TE264;31.01.2024;22;1.0;200;48;108;50;92;47
TE264;31.01.2024;23;1.0;172;48;96;50;76;46
TE265;08.01.2024;10;1.0;432;44;231;46;201;42
TE265;08.01.2024;11;1.0;490;45;304;46;186;42
TE265;08.01.2024;12;1.0;528;43;358;45;170;41
TE265;08.01.2024;13;1.0;566;44;384;46;182;40
TE265;08.01.2024;14;1.0;713;44;431;46;282;41
TE265;08.01.2024;15;1.0;741;43;422;45;319;40
TE265;08.01.2024;16;1.0;871;40;502;42;369;38
TE265;08.01.2024;17;1.0;815;37;528;39;287;34
TE265;08.01.2024;18;1.0;848;44;674;45;174;40
TE265;08.01.2024;19;1.0;549;46;353;48;196;44
TE265;08.01.2024;20;1.0;392;46;240;47;152;44
TE265;08.01.2024;21;1.0;275;46;165;48;110;44
TE265;08.01.2024;22;1.0;245;47;177;48;68;45
TE265;08.01.2024;23;1.0;128;47;80;49;48;44
TE265;09.01.2024;0;1.0;86;46;39;49;47;44
TE265;09.01.2024;1;1.0;56;50;33;52;23;46
TE265;09.01.2024;2;1.0;45;50;17;52;28;49
TE265;09.01.2024;3;1.0;31;53;15;54;16;52
TE265;09.01.2024;4;1.0;30;50;12;50;18;50
TE265;09.01.2024;5;1.0;81;53;29;54;52;52
TE265;09.01.2024;6;1.0;167;51;76;55;91;48
TE265;09.01.2024;9;1.0;528;45;250;48;278;42
TE265;09.01.2024;10;1.0;528;44;301;47;227;40
TE265;09.01.2024;12;1.0;664;33;353;34;311;30
TE265;09.01.2024;16;1.0;1025;42;698;43;327;39
TE265;09.01.2024;17;1.0;956;43;658;44;298;40
TE265;09.01.2024;18;1.0;994;43;642;45;351;41
TE265;09.01.2024;19;1.0;809;48;561;50;248;45
TE265;09.01.2024;20;1.0;531;50;365;51;166;47
TE265;09.01.2024;21;1.0;376;49;295;50;81;47
TE265;09.01.2024;22;1.0;319;49;200;51;119;47
TE265;09.01.2024;23;1.0;172;50;79;53;93;48
TE265;10.01.2024;0;1.0;95;49;47;50;48;49
TE265;10.01.2024;1;1.0;50;51;19;51;31;51
TE265;10.01.2024;2;1.0;46;51;22;52;24;49
TE265;10.01.2024;3;1.0;42;49;22;51;20;47
TE265;10.01.2024;4;1.0;42;53;21;55;21;52
TE265;10.01.2024;5;1.0;74;51;42;53;32;49
TE265;10.01.2024;6;1.0;165;53;74;55;91;52
TE265;10.01.2024;7;1.0;432;44;265;46;167;41
TE265;10.01.2024;8;1.0;554;43;332;45;222;39
TE265;10.01.2024;9;1.0;559;43;322;46;237;39
TE265;10.01.2024;10;1.0;502;46;322;47;180;43
TE265;10.01.2024;11;1.0;583;44;447;44;136;42
TE265;10.01.2024;12;1.0;604;45;450;45;154;42
TE265;10.01.2024;13;1.0;665;44;563;44;102;41
TE265;10.01.2024;14;1.0;833;44;678;45;155;43
TE265;10.01.2024;15;1.0;1075;42;914;42;161;39
TE265;10.01.2024;16;1.0;1111;42;844;42;267;39
TE265;10.01.2024;17;1.0;1052;42;660;44;392;40
TE265;10.01.2024;18;1.0;945;47;661;49;284;44
TE265;10.01.2024;19;1.0;670;49;434;51;236;47
TE265;10.01.2024;20;1.0;462;49;281;51;181;47
TE265;10.01.2024;21;1.0;333;50;174;52;159;47
TE265;10.01.2024;22;1.0;332;51;164;53;168;49
TE265;10.01.2024;23;1.0;207;49;85;52;122;46
TE265;11.01.2024;0;1.0;91;54;39;59;52;51
TE265;11.01.2024;1;1.0;65;59;34;62;31;57
TE265;11.01.2024;2;1.0;48;56;19;57;29;57
TE265;11.01.2024;3;1.0;44;55;15;56;29;56
TE265;11.01.2024;4;1.0;37;54;14;54;23;53
TE265;11.01.2024;5;1.0;67;54;33;57;34;51
TE265;11.01.2024;6;1.0;158;54;74;59;84;50
TE265;11.01.2024;7;1.0;421;48;206;53;215;45
TE265;11.01.2024;8;1.0;499;43;239;47;260;41
TE265;11.01.2024;9;1.0;499;49;288;52;211;45
TE265;11.01.2024;10;1.0;499;49;325;50;174;46
TE265;11.01.2024;11;1.0;570;48;367;51;203;44
TE265;11.01.2024;12;1.0;634;49;436;50;198;44
TE265;11.01.2024;13;1.0;736;50;503;51;233;48
TE265;11.01.2024;14;1.0;921;48;546;52;375;43
TE265;11.01.2024;15;1.0;1045;49;747;50;298;45
TE265;11.01.2024;16;1.0;1061;48;671;51;390;46
TE265;11.01.2024;17;1.0;1067;49;662;52;405;46
TE265;11.01.2024;18;1.0;933;54;636;56;297;51
TE265;11.01.2024;19;1.0;695;55;481;56;214;53
TE265;11.01.2024;20;1.0;505;57;303;59;202;55
TE265;11.01.2024;21;1.0;338;57;195;59;143;54
TE265;11.01.2024;22;1.0;362;56;174;58;188;55
TE265;11.01.2024;23;1.0;211;57;111;59;100;55
TE265;12.01.2024;0;1.0;139;62;51;63;88;62
TE265;12.01.2024;1;1.0;87;62;33;65;54;60
TE265;12.01.2024;2;1.0;51;60;26;63;25;58
TE265;12.01.2024;3;1.0;50;61;31;61;19;61
TE265;12.01.2024;4;1.0;43;65;25;61;18;70
TE265;12.01.2024;5;1.0;71;58;51;59;20;57
TE265;12.01.2024;6;1.0;155;59;78;63;77;57
TE265;12.01.2024;7;1.0;356;50;196;54;160;45
TE265;12.01.2024;8;1.0;489;49;267;53;222;44
TE265;12.01.2024;9;1.0;477;49;300;52;177;44
TE265;12.01.2024;10;1.0;510;50;277;52;233;46
TE265;12.01.2024;11;1.0;531;49;350;51;181;46
TE265;12.01.2024;12;1.0;609;48;368;51;241;44
TE265;12.01.2024;13;1.0;684;47;460;50;224;42
TE265;12.01.2024;14;1.0;949;48;569;51;380;43
TE265;12.01.2024;15;1.0;971;47;611;50;360;42
TE265;12.01.2024;16;1.0;974;47;604;50;370;42
TE265;12.01.2024;17;1.0;812;48;485;53;327;43
TE265;12.01.2024;18;1.0;759;55;540;57;219;51
TE265;12.01.2024;19;1.0;581;57;357;59;224;55
TE265;12.01.2024;20;1.0;437;57;286;59;151;53
TE265;12.01.2024;21;1.0;414;58;248;59;166;55
TE265;12.01.2024;22;1.0;446;56;266;58;180;51
TE265;12.01.2024;23;1.0;368;58;166;58;202;58
TE265;13.01.2024;0;1.0;209;57;110;57;99;57
TE265;13.01.2024;1;1.0;200;58;101;58;99;58
TE265;13.01.2024;2;1.0;109;67;49;63;60;70
TE265;13.01.2024;3;1.0;111;65;56;66;55;64
TE265;13.01.2024;4;1.0;102;59;36;60;66;58
TE265;13.01.2024;5;1.0;87;63;32;63;55;62
TE265;13.01.2024;6;1.0;53;64;31;65;22;63
TE265;13.01.2024;7;1.0;93;61;32;62;61;60
TE265;13.01.2024;8;1.0;136;57;51;61;85;55
TE265;13.01.2024;9;1.0;221;57;106;61;115;54
TE265;13.01.2024;10;1.0;314;55;154;59;160;50
TE265;13.01.2024;11;1.0;442;53;305;54;137;49
TE265;13.01.2024;12;1.0;506;52;413;54;93;48
TE265;13.01.2024;13;1.0;557;53;418;54;139;49
TE265;13.01.2024;14;1.0;629;54;350;57;279;49
TE265;13.01.2024;15;1.0;663;54;341;58;322;50
TE265;13.01.2024;16;1.0;627;55;346;59;281;51
TE265;13.01.2024;17;1.0;599;56;414;58;185;52
TE265;13.01.2024;18;1.0;583;56;502;57;81;53
TE265;13.01.2024;19;1.0;499;56;446;57;53;52
TE265;13.01.2024;20;1.0;420;58;314;58;106;56
TE265;13.01.2024;21;1.0;373;59;285;60;88;58
TE265;13.01.2024;22;1.0;404;59;327;60;77;56
TE265;13.01.2024;23;1.0;367;59;259;60;108;55
TE265;14.01.2024;0;1.0;273;57;159;58;114;54
TE265;14.01.2024;1;1.0;205;55;87;60;118;51
TE265;14.01.2024;2;1.0;151;57;77;59;74;54
TE265;14.01.2024;3;1.0;156;60;101;61;55;58
TE265;14.01.2024;4;1.0;95;55;48;58;47;52
TE265;14.01.2024;5;1.0;82;58;42;60;40;55
TE265;14.01.2024;6;1.0;75;61;40;62;35;58
TE265;14.01.2024;7;1.0;70;62;27;61;43;63
TE265;14.01.2024;8;1.0;102;61;30;62;72;61
TE265;14.01.2024;9;1.0;145;57;60;60;85;55
TE265;14.01.2024;10;1.0;239;55;120;57;119;54
TE265;14.01.2024;11;1.0;275;53;149;56;126;49
TE265;14.01.2024;12;1.0;357;55;191;58;166;52
TE265;14.01.2024;13;1.0;408;55;269;57;139;52
TE265;14.01.2024;14;1.0;449;55;257;57;192;52
TE265;14.01.2024;15;1.0;459;53;295;54;164;51
TE265;14.01.2024;16;1.0;528;53;419;54;109;50
TE265;14.01.2024;17;1.0;475;55;384;56;91;50
TE265;14.01.2024;18;1.0;462;55;345;57;117;50
TE265;14.01.2024;19;1.0;367;56;238;58;129;51
TE265;14.01.2024;20;1.0;333;56;258;57;75;52
TE265;14.01.2024;21;1.0;289;57;187;59;102;55
TE265;14.01.2024;22;1.0;276;58;155;62;121;54
TE265;14.01.2024;23;1.0;128;59;76;60;52;58
TE265;15.01.2024;0;1.0;111;59;48;62;63;57
TE265;15.01.2024;1;1.0;59;64;29;65;30;63
TE265;15.01.2024;2;1.0;39;55;18;55;21;53
TE265;15.01.2024;3;1.0;41;57;19;59;22;55
TE265;15.01.2024;4;1.0;50;57;28;59;22;55
TE265;15.01.2024;5;1.0;86;59;33;62;53;58
TE265;15.01.2024;6;1.0;142;58;67;60;75;56
TE265;15.01.2024;7;1.0;355;44;187;46;168;43
TE265;15.01.2024;8;1.0;466;44;205;49;261;40
TE265;15.01.2024;9;1.0;463;47;220;49;243;46
TE265;15.01.2024;10;1.0;446;49;207;51;239;47
TE265;15.01.2024;11;1.0;467;50;242;52;225;47
TE265;15.01.2024;12;1.0;511;48;267;52;244;44
TE265;15.01.2024;13;1.0;559;47;399;48;160;43
TE265;15.01.2024;14;1.0;747;47;569;48;178;43
TE265;15.01.2024;15;1.0;896;48;741;49;155;43
TE265;15.01.2024;16;1.0;903;48;591;50;312;43
TE265;15.01.2024;17;1.0;910;50;457;53;453;48
TE265;15.01.2024;18;1.0;815;51;404;53;411;49
TE265;15.01.2024;19;1.0;611;56;322;58;289;53
TE265;15.01.2024;20;1.0;439;56;275;58;164;53
TE265;15.01.2024;21;1.0;282;54;200;55;82;51
TE265;15.01.2024;22;1.0;254;56;201;57;53;52
TE265;15.01.2024;23;1.0;154;57;89;60;65;54
TE265;16.01.2024;0;1.0;87;60;40;62;47;59
TE265;16.01.2024;1;1.0;61;57;32;61;29;53
TE265;16.01.2024;2;1.0;38;41;22;44;16;37
TE265;16.01.2024;3;1.0;34;43;26;44;8;40
TE265;16.01.2024;4;1.0;33;47;25;46;8;48
TE265;16.01.2024;5;1.0;76;47;59;47;17;49
TE265;16.01.2024;6;1.0;154;46;85;49;69;41
TE265;16.01.2024;7;1.0;393;41;227;43;166;39
TE265;16.01.2024;8;1.0;547;45;294;47;253;42
TE265;16.01.2024;9;1.0;490;48;291;50;199;45
TE265;16.01.2024;10;1.0;513;49;401;50;112;47
TE265;16.01.2024;11;1.0;552;49;363;51;189;47
TE265;16.01.2024;12;1.0;645;48;342;51;303;45
TE265;16.01.2024;13;1.0;763;50;398;53;365;47
TE265;16.01.2024;14;1.0;849;48;425;51;424;44
TE265;16.01.2024;15;1.0;1043;47;664;49;379;44
TE265;16.01.2024;16;1.0;1098;48;600;50;498;46
TE265;16.01.2024;17;1.0;1017;48;705;50;312;44
TE265;16.01.2024;18;1.0;950;53;723;55;227;49
TE265;16.01.2024;19;1.0;659;52;434;54;225;49
TE265;16.01.2024;20;1.0;439;55;278;57;161;53
TE265;16.01.2024;21;1.0;356;57;217;59;139;54
TE265;16.01.2024;22;1.0;343;52;240;54;103;49
TE265;16.01.2024;23;1.0;198;51;108;54;90;48
TE265;17.01.2024;0;1.0;118;50;52;53;66;48
TE265;17.01.2024;1;1.0;61;49;19;50;42;49
TE265;17.01.2024;2;1.0;42;51;17;48;25;53
TE265;17.01.2024;3;1.0;45;55;18;55;27;55
TE265;17.01.2024;4;1.0;48;50;23;55;25;45
TE265;17.01.2024;5;1.0;105;52;29;55;76;50
TE265;17.01.2024;6;1.0;205;53;72;57;133;51
TE265;17.01.2024;7;1.0;393;45;182;47;211;44
TE265;17.01.2024;8;1.0;560;44;375;46;185;41
TE265;17.01.2024;9;1.0;504;46;314;48;190;42
TE265;17.01.2024;10;1.0;568;47;429;47;139;44
TE265;17.01.2024;11;1.0;591;48;401;49;190;45
TE265;17.01.2024;12;1.0;674;46;393;48;281;44
TE265;17.01.2024;13;1.0;687;47;384;49;303;45
TE265;17.01.2024;14;1.0;838;47;481;49;357;42
TE265;17.01.2024;15;1.0;966;46;692;47;274;42
TE265;17.01.2024;16;1.0;964;46;629;48;335;43
TE265;17.01.2024;17;1.0;891;47;593;49;298;43
TE265;17.01.2024;18;1.0;371;55;277;56;94;51
TE265;17.01.2024;19;1.0;363;53;159;57;204;49
TE265;17.01.2024;20;1.0;448;55;264;57;184;53
TE265;17.01.2024;21;1.0;382;58;338;59;44;55
TE265;17.01.2024;22;1.0;339;58;250;60;89;55
TE265;17.01.2024;23;1.0;226;58;140;61;86;54
TE265;18.01.2024;1;1.0;77;56;42;59;35;53
TE265;18.01.2024;2;1.0;48;59;35;61;13;54
TE265;18.01.2024;3;1.0;38;69;23;70;15;66
TE265;18.01.2024;4;1.0;43;62;15;61;28;63
TE265;18.01.2024;5;1.0;83;55;42;59;41;52
TE265;18.01.2024;6;1.0;180;53;97;57;83;48
TE265;18.01.2024;7;1.0;390;47;250;50;140;42
TE265;18.01.2024;8;1.0;527;46;299;50;228;41
TE265;18.01.2024;9;1.0;528;48;296;51;232;44
TE265;18.01.2024;10;1.0;543;48;312;51;231;43
TE265;18.01.2024;11;1.0;513;48;337;50;176;43
TE265;18.01.2024;12;1.0;614;47;449;48;165;44
TE265;18.01.2024;13;1.0;724;46;453;46;271;44
TE265;18.01.2024;14;1.0;787;45;511;46;276;43
TE265;18.01.2024;15;1.0;964;45;591;47;373;43
TE265;18.01.2024;16;1.0;989;41;714;42;275;39
TE265;18.01.2024;17;1.0;1021;44;822;45;199;41
TE265;18.01.2024;18;1.0;889;48;624;50;265;46
TE265;18.01.2024;19;1.0;669;50;486;50;183;48
TE265;18.01.2024;20;1.0;526;49;384;50;142;47
TE265;18.01.2024;21;1.0;354;50;272;50;82;48
TE265;18.01.2024;22;1.0;470;48;324;50;146;45
TE265;18.01.2024;23;1.0;239;50;151;52;88;46
TE265;19.01.2024;0;1.0;140;50;72;52;68;47
TE265;19.01.2024;1;1.0;80;55;42;58;38;51
TE265;19.01.2024;2;1.0;58;53;20;56;38;52
TE265;19.01.2024;3;1.0;61;54;21;58;40;51
TE265;19.01.2024;4;1.0;37;57;14;57;23;56
TE265;19.01.2024;5;1.0;82;50;33;51;49;50
TE265;19.01.2024;6;1.0;177;52;71;54;106;50
TE265;19.01.2024;7;1.0;388;42;200;46;188;39
TE265;19.01.2024;8;1.0;512;44;284;44;228;43
TE265;19.01.2024;9;1.0;520;43;265;46;255;41
TE265;19.01.2024;10;1.0;551;46;327;47;224;45
TE265;19.01.2024;11;1.0;629;46;557;46;72;43
TE265;19.01.2024;12;1.0;670;45;494;46;176;43
TE265;19.01.2024;13;1.0;778;46;409;47;369;44
TE265;19.01.2024;14;1.0;881;44;561;45;320;42
TE265;19.01.2024;15;1.0;899;46;485;48;414;43
TE265;19.01.2024;16;1.0;938;49;539;51;399;46
TE265;19.01.2024;17;1.0;882;50;465;53;417;47
TE265;19.01.2024;18;1.0;736;53;424;56;312;51
TE265;19.01.2024;19;1.0;657;50;363;52;294;48
TE265;19.01.2024;20;1.0;487;51;228;53;259;49
TE265;19.01.2024;21;1.0;419;52;189;53;230;51
TE265;19.01.2024;22;1.0;476;53;229;55;247;51
TE265;19.01.2024;23;1.0;345;45;216;47;129;43
TE265;20.01.2024;0;1.0;253;50;123;52;130;48
TE265;20.01.2024;1;1.0;185;50;84;51;100;50
TE265;20.01.2024;2;1.0;143;51;73;52;70;48
TE265;20.01.2024;3;1.0;108;52;49;56;59;50
TE265;20.01.2024;4;1.0;75;59;30;60;45;57
TE265;20.01.2024;5;1.0;87;52;41;54;46;50
TE265;20.01.2024;6;1.0;96;57;29;56;67;58
TE265;20.01.2024;7;1.0;113;50;44;51;69;50
TE265;20.01.2024;8;1.0;176;48;66;50;110;47
TE265;20.01.2024;9;1.0;272;54;99;54;173;53
TE265;20.01.2024;10;1.0;390;57;169;59;221;55
TE265;20.01.2024;11;1.0;473;54;210;57;263;52
TE265;20.01.2024;12;1.0;566;48;302;50;264;46
TE265;20.01.2024;13;1.0;569;51;281;52;288;49
TE265;20.01.2024;14;1.0;628;53;267;56;361;51
TE265;20.01.2024;15;1.0;625;53;264;56;361;52
TE265;20.01.2024;16;1.0;618;46;287;49;332;44
TE265;20.01.2024;17;1.0;636;50;276;52;360;49
TE265;20.01.2024;18;1.0;624;51;267;54;357;49
TE265;20.01.2024;19;1.0;541;52;237;54;304;51
TE265;20.01.2024;20;1.0;475;52;243;54;232;51
TE265;20.01.2024;21;1.0;356;52;161;53;195;50
TE265;20.01.2024;22;1.0;382;51;173;53;209;49
TE265;20.01.2024;23;1.0;395;46;235;48;160;44
TE265;21.01.2024;0;1.0;282;42;163;44;119;40
TE265;21.01.2024;1;1.0;217;48;94;49;123;47
TE265;21.01.2024;2;1.0;172;46;78;47;95;46
TE265;21.01.2024;3;1.0;140;47;81;49;59;45
TE265;21.01.2024;4;1.0;100;50;54;51;46;48
TE265;21.01.2024;5;1.0;99;41;65;43;33;39
TE265;21.01.2024;6;1.0;79;41;58;42;20;41
TE265;21.01.2024;8;1.0;91;50;36;53;56;47
TE265;21.01.2024;9;1.0;172;53;66;56;106;51
TE265;21.01.2024;10;1.0;261;54;95;56;166;52
TE265;21.01.2024;11;1.0;356;53;204;55;152;51
TE265;21.01.2024;12;1.0;322;50;156;53;166;48
TE265;21.01.2024;13;1.0;432;47;181;49;251;46
TE265;21.01.2024;14;1.0;465;44;214;46;251;43
TE265;21.01.2024;15;1.0;453;41;185;43;268;40
TE265;21.01.2024;16;1.0;506;44;237;45;270;43
TE265;21.01.2024;17;1.0;616;47;354;49;262;45
TE265;21.01.2024;18;1.0;532;40;324;41;208;38
TE265;21.01.2024;19;1.0;387;45;266;45;121;43
TE265;21.01.2024;20;1.0;337;46;185;46;152;44
TE265;21.01.2024;21;1.0;305;40;178;40;128;39
TE265;21.01.2024;23;1.0;133;43;55;46;78;41
TE265;22.01.2024;0;1.0;76;50;34;52;43;48
TE265;22.01.2024;2;1.0;42;53;21;53;22;51
TE265;22.01.2024;3;1.0;34;52;17;50;17;55
TE265;22.01.2024;4;1.0;21;47;12;49;8;49
TE265;22.01.2024;5;1.0;85;51;33;54;51;51
TE265;22.01.2024;6;1.0;165;40;60;42;105;38
TE265;22.01.2024;7;1.0;423;34;242;35;180;32
TE265;22.01.2024;10;1.0;568;44;415;45;154;41
TE265;22.01.2024;11;1.0;609;35;494;35;115;34
TE265;22.01.2024;12;1.0;609;43;339;44;270;41
TE265;22.01.2024;13;1.0;627;39;482;39;147;36
TE265;22.01.2024;14;1.0;754;47;491;47;263;45
TE265;22.01.2024;15;1.0;942;45;760;45;182;43
TE265;22.01.2024;16;1.0;1023;44;721;44;302;42
TE265;22.01.2024;17;1.0;1118;42;852;42;266;40
TE265;22.01.2024;18;1.0;1084;52;624;53;460;50
TE265;22.01.2024;19;1.0;761;43;405;44;355;42
TE265;22.01.2024;20;1.0;469;43;354;43;115;42
TE265;22.01.2024;21;1.0;330;53;226;54;104;53
TE265;22.01.2024;22;1.0;305;47;233;47;73;47
TE265;22.01.2024;23;1.0;198;47;157;46;41;47
TE265;23.01.2024;0;1.0;115;55;67;54;48;56
TE265;23.01.2024;1;1.0;66;49;33;49;33;49
TE265;23.01.2024;2;1.0;40;62;11;51;29;66
TE265;23.01.2024;3;1.0;42;49;13;47;28;51
TE265;23.01.2024;4;1.0;33;57;5;58;28;57
TE265;23.01.2024;5;1.0;81;54;28;57;53;52
TE265;23.01.2024;6;1.0;173;54;81;54;92;53
TE265;23.01.2024;7;1.0;414;47;238;47;176;46
TE265;23.01.2024;8;1.0;517;46;317;47;200;43
TE265;23.01.2024;9;1.0;528;38;266;40;262;37
TE265;23.01.2024;10;1.0;504;47;277;49;227;46
TE265;23.01.2024;11;1.0;578;43;401;43;177;42
TE265;23.01.2024;12;1.0;634;42;365;43;270;40
TE265;23.01.2024;13;1.0;721;46;327;48;394;44
TE265;23.01.2024;14;1.0;848;41;404;43;445;40
TE265;23.01.2024;15;1.0;967;44;524;45;443;42
TE265;23.01.2024;16;1.0;1023;43;584;45;439;42
TE265;23.01.2024;17;1.0;1023;44;635;44;388;43
TE265;23.01.2024;18;1.0;973;44;541;45;432;43
TE265;23.01.2024;19;1.0;748;49;462;50;286;48
TE265;23.01.2024;20;1.0;476;46;292;47;183;45
TE265;23.01.2024;21;1.0;361;43;176;44;185;42
TE265;23.01.2024;22;1.0;348;50;168;50;180;49
TE265;23.01.2024;23;1.0;177;50;73;52;104;50
TE265;24.01.2024;0;1.0;120;52;34;51;86;53
TE265;24.01.2024;1;1.0;72;57;23;56;49;58
TE265;24.01.2024;2;1.0;60;57;24;60;36;54
TE265;24.01.2024;3;1.0;48;54;21;54;27;53
TE265;24.01.2024;4;1.0;51;54;32;57;19;51
TE265;24.01.2024;5;1.0;105;56;56;58;49;53
TE265;24.01.2024;6;1.0;193;54;102;58;91;50
TE265;24.01.2024;7;1.0;442;48;252;48;190;46
TE265;24.01.2024;8;1.0;559;44;286;44;273;45
TE265;24.01.2024;9;1.0;538;44;279;46;259;42
TE265;24.01.2024;10;1.0;622;47;504;48;118;44
TE265;24.01.2024;11;1.0;616;48;442;49;174;46
TE265;24.01.2024;12;1.0;653;47;446;48;207;45
TE265;24.01.2024;13;1.0;729;47;510;47;219;45
TE265;24.01.2024;14;1.0;856;45;597;46;259;43
TE265;24.01.2024;15;1.0;1000;44;590;45;410;43
TE265;24.01.2024;16;1.0;1034;45;610;46;424;44
TE265;24.01.2024;17;1.0;1068;45;609;46;459;43
TE265;24.01.2024;18;1.0;1043;50;675;51;368;47
TE265;24.01.2024;19;1.0;717;52;554;52;163;52
TE265;24.01.2024;20;1.0;502;47;370;48;132;44
TE265;24.01.2024;21;1.0;375;49;327;50;48;44
TE265;24.01.2024;22;1.0;352;52;290;53;62;50
TE265;24.01.2024;23;1.0;227;52;116;53;111;50
TE265;25.01.2024;0;1.0;143;56;50;57;93;55
TE265;25.01.2024;1;1.0;82;57;27;61;55;55
TE265;25.01.2024;2;1.0;53;55;20;57;33;55
TE265;25.01.2024;3;1.0;48;58;27;57;21;58
TE265;25.01.2024;4;1.0;44;54;20;57;24;52
TE265;25.01.2024;5;1.0;97;59;39;59;58;59
TE265;25.01.2024;6;1.0;183;56;94;57;89;55
TE265;25.01.2024;7;1.0;470;47;281;47;189;45
TE265;25.01.2024;8;1.0;564;46;334;47;230;43
TE265;25.01.2024;9;1.0;586;47;427;47;159;46
TE265;25.01.2024;10;1.0;578;46;522;47;56;43
TE265;25.01.2024;11;1.0;623;48;588;48;35;50
TE265;25.01.2024;12;1.0;750;46;722;46;28;43
TE265;25.01.2024;13;1.0;771;45;663;46;108;43
TE265;25.01.2024;14;1.0;981;43;848;43;133;41
TE265;25.01.2024;15;1.0;1120;41;896;41;222;39
TE265;25.01.2024;16;1.0;1091;41;726;41;365;39
TE265;25.01.2024;17;1.0;1125;47;738;48;387;46
TE265;25.01.2024;18;1.0;992;52;694;53;298;50
TE265;25.01.2024;19;1.0;742;55;580;55;162;53
TE265;25.01.2024;20;1.0;491;53;351;54;140;51
TE265;25.01.2024;21;1.0;338;45;247;45;91;43
TE265;25.01.2024;22;1.0;427;48;303;49;124;47
TE265;25.01.2024;23;1.0;294;46;219;47;75;45
TE265;26.01.2024;0;1.0;145;46;72;47;73;45
TE265;26.01.2024;1;1.0;99;47;65;48;34;44
TE265;26.01.2024;2;1.0;59;48;35;49;24;46
TE265;26.01.2024;3;1.0;54;52;25;53;29;51
TE265;26.01.2024;4;1.0;57;48;23;47;35;47
TE265;26.01.2024;5;1.0;83;54;49;55;34;54
TE265;26.01.2024;6;1.0;200;55;128;56;72;52
TE265;26.01.2024;7;1.0;411;40;305;40;105;38
TE265;26.01.2024;8;1.0;476;46;307;47;169;44
TE265;26.01.2024;9;1.0;473;50;365;52;108;46
TE265;26.01.2024;10;1.0;545;48;334;51;211;43
TE265;26.01.2024;11;1.0;673;39;398;40;275;37
TE265;26.01.2024;12;1.0;778;45;504;45;273;44
TE265;26.01.2024;13;1.0;885;48;683;49;202;45
TE265;26.01.2024;14;1.0;1186;48;931;48;255;46
TE265;26.01.2024;15;1.0;1067;46;920;46;147;44
TE265;26.01.2024;16;1.0;993;44;761;45;232;44
TE265;26.01.2024;17;1.0;874;46;598;47;276;45
TE265;26.01.2024;18;1.0;796;53;560;54;236;51
TE265;26.01.2024;19;1.0;624;52;425;52;199;50
TE265;26.01.2024;20;1.0;495;54;224;54;271;54
TE265;26.01.2024;21;1.0;417;53;240;53;177;52
TE265;26.01.2024;22;1.0;478;45;312;46;166;43
TE265;26.01.2024;23;1.0;342;46;179;48;163;45
TE265;27.01.2024;0;1.0;261;49;139;50;122;47
TE265;27.01.2024;1;1.0;163;51;65;53;98;49
TE265;27.01.2024;2;1.0;152;56;52;55;100;56
TE265;27.01.2024;3;1.0;130;59;45;59;85;59
TE265;27.01.2024;4;1.0;75;55;34;54;41;56
TE265;27.01.2024;5;1.0;90;55;34;56;56;55
TE265;27.01.2024;6;1.0;83;59;32;58;51;59
TE265;27.01.2024;7;1.0;115;53;33;54;82;52
TE265;27.01.2024;8;1.0;144;52;63;55;81;51
TE265;27.01.2024;9;1.0;270;53;151;56;119;51
TE265;27.01.2024;10;1.0;350;53;154;57;196;51
TE265;27.01.2024;11;1.0;468;56;248;57;220;54
TE265;27.01.2024;12;1.0;551;57;341;59;210;53
TE265;27.01.2024;13;1.0;581;55;344;56;237;52
TE265;27.01.2024;14;1.0;633;51;317;53;316;50
TE265;27.01.2024;15;1.0;666;51;311;53;355;49
TE265;27.01.2024;16;1.0;677;50;284;53;393;48
TE265;27.01.2024;17;1.0;693;50;326;51;367;49
TE265;27.01.2024;18;1.0;685;49;306;51;379;47
TE265;27.01.2024;19;1.0;531;46;249;47;282;46
TE265;27.01.2024;20;1.0;496;46;255;46;240;46
TE265;27.01.2024;21;1.0;398;46;178;47;220;44
TE265;27.01.2024;22;1.0;402;50;242;51;160;49
TE265;27.01.2024;23;1.0;376;49;211;50;165;47
TE265;28.01.2024;0;1.0;318;49;144;52;174;48
TE265;28.01.2024;1;1.0;221;52;96;54;125;50
TE265;28.01.2024;2;1.0;189;52;91;54;98;51
TE265;28.01.2024;3;1.0;128;53;57;54;71;51
TE265;28.01.2024;4;1.0;138;54;72;56;66;52
TE265;28.01.2024;5;1.0;93;54;43;54;50;54
TE265;28.01.2024;6;1.0;99;51;52;52;47;50
TE265;28.01.2024;7;1.0;93;50;58;50;35;49
TE265;28.01.2024;8;1.0;85;49;36;50;49;48
TE265;28.01.2024;9;1.0;142;50;51;52;91;50
TE265;28.01.2024;10;1.0;249;50;108;54;141;48
TE265;28.01.2024;11;1.0;323;53;158;53;165;52
TE265;28.01.2024;12;1.0;430;47;227;47;203;45
TE265;28.01.2024;13;1.0;494;47;254;48;240;46
TE265;28.01.2024;14;1.0;595;51;448;51;147;50
TE265;28.01.2024;15;1.0;588;51;440;52;148;50
TE265;28.01.2024;16;1.0;631;51;394;52;237;49
TE265;28.01.2024;17;1.0;589;50;309;51;280;49
TE265;28.01.2024;18;1.0;549;51;321;52;228;50
TE265;28.01.2024;19;1.0;390;51;181;52;209;50
TE265;28.01.2024;20;1.0;385;50;205;51;180;49
TE265;28.01.2024;21;1.0;299;51;136;51;163;50
TE265;28.01.2024;22;1.0;292;49;144;51;148;48
TE265;28.01.2024;23;1.0;155;54;46;56;109;53
TE265;29.01.2024;0;1.0;106;51;38;53;68;50
TE265;29.01.2024;1;1.0;59;49;26;50;33;48
TE265;29.01.2024;2;1.0;37;56;12;59;25;54
TE265;29.01.2024;3;1.0;42;54;14;52;28;55
TE265;29.01.2024;4;1.0;46;53;17;54;29;53
TE265;29.01.2024;5;1.0;86;52;32;52;54;52
TE265;29.01.2024;6;1.0;185;51;90;52;95;50
TE265;29.01.2024;7;1.0;402;42;197;44;205;40
TE265;29.01.2024;8;1.0;525;42;277;43;248;41
TE265;29.01.2024;9;1.0;561;44;357;45;204;41
TE265;29.01.2024;10;1.0;572;45;460;46;112;43
TE265;29.01.2024;11;1.0;549;43;470;43;79;40
TE265;29.01.2024;12;1.0;622;40;562;41;61;40
TE265;29.01.2024;13;1.0;689;45;403;45;286;44
TE265;29.01.2024;14;1.0;793;45;472;46;321;42
TE265;29.01.2024;15;1.0;1001;44;658;45;343;43
TE265;29.01.2024;16;1.0;978;44;772;44;206;42
TE265;29.01.2024;17;1.0;1019;43;686;44;333;42
TE265;29.01.2024;18;1.0;883;45;645;45;238;43
TE265;29.01.2024;19;1.0;632;50;367;51;265;48
TE265;29.01.2024;20;1.0;478;51;280;52;198;49
TE265;29.01.2024;21;1.0;332;51;213;52;119;49
TE265;29.01.2024;22;1.0;315;48;150;50;165;46
TE265;29.01.2024;23;1.0;180;47;79;49;100;45
TE265;30.01.2024;0;1.0;91;50;35;49;55;50
TE265;30.01.2024;1;1.0;82;49;29;49;53;48
TE265;30.01.2024;2;1.0;31;56;11;58;20;54
TE265;30.01.2024;3;1.0;31;53;9;55;22;52
TE265;30.01.2024;4;1.0;38;52;10;56;28;51
TE265;30.01.2024;5;1.0;82;53;21;52;61;53
TE265;30.01.2024;6;1.0;186;51;68;54;118;50
TE265;30.01.2024;7;1.0;400;44;204;46;196;42
TE265;30.01.2024;8;1.0;595;45;322;46;273;43
TE265;30.01.2024;9;1.0;560;46;337;47;223;44
TE265;30.01.2024;10;1.0;511;46;393;47;118;43
TE265;30.01.2024;11;1.0;625;44;526;44;99;44
TE265;30.01.2024;12;1.0;646;45;516;46;130;42
TE265;30.01.2024;13;1.0;707;44;517;45;190;44
TE265;30.01.2024;14;1.0;834;39;564;40;269;40
TE265;30.01.2024;15;1.0;981;37;654;38;327;36
TE265;30.01.2024;16;1.0;1068;44;680;45;388;43
TE265;30.01.2024;17;1.0;1055;44;822;44;233;41
TE265;30.01.2024;18;1.0;1006;51;594;52;412;49
TE265;30.01.2024;19;1.0;664;53;319;55;345;51
TE265;30.01.2024;20;1.0;510;55;248;57;262;54
TE265;30.01.2024;21;1.0;364;55;171;56;193;54
TE265;30.01.2024;22;1.0;380;52;180;56;200;49
TE265;30.01.2024;23;1.0;224;56;84;57;140;55
TE265;31.01.2024;0;1.0;117;56;50;57;67;55
TE265;31.01.2024;1;1.0;65;59;28;58;37;60
TE265;31.01.2024;2;1.0;42;59;16;67;26;55
TE265;31.01.2024;3;1.0;43;56;17;55;26;56
TE265;31.01.2024;4;1.0;46;59;13;59;33;58
TE265;31.01.2024;5;1.0;89;57;26;57;63;57
TE265;31.01.2024;6;1.0;166;56;85;58;81;55
TE265;31.01.2024;7;1.0;410;46;238;47;172;43
TE265;31.01.2024;8;1.0;518;44;342;46;176;41
TE265;31.01.2024;9;1.0;546;42;414;44;132;39
TE265;31.01.2024;10;1.0;548;42;437;43;111;39
TE265;31.01.2024;11;1.0;641;43;425;44;216;41
TE265;31.01.2024;12;1.0;649;42;564;43;85;40
TE265;31.01.2024;13;1.0;757;42;551;42;206;40
TE265;31.01.2024;14;1.0;848;42;553;43;294;40
TE265;31.01.2024;15;1.0;1069;47;697;48;372;44
TE265;31.01.2024;16;1.0;1110;46;737;48;373;43
TE265;31.01.2024;17;1.0;993;46;645;48;348;42
TE265;31.01.2024;18;1.0;917;52;599;55;318;48
TE265;31.01.2024;19;1.0;692;54;464;56;228;50
TE265;31.01.2024;20;1.0;531;54;345;56;186;51
TE265;31.01.2024;21;1.0;378;53;248;55;130;50
TE265;31.01.2024;22;1.0;382;53;246;53;136;52
TE265;31.01.2024;23;1.0;274;54;149;56;125;53
TE268;01.01.2024;0;1.0;41;35;37;36;4;28
TE268;01.01.2024;1;1.0;140;39;140;39;0;-1
TE268;01.01.2024;2;1.0;124;42;124;42;0;-1
TE268;01.01.2024;3;1.0;91;35;91;35;0;-1
TE268;01.01.2024;4;1.0;69;42;69;42;0;-1
TE268;01.01.2024;5;1.0;53;38;52;38;1;35
TE268;01.01.2024;6;1.0;38;41;35;41;4;36
TE268;01.01.2024;7;1.0;25;32;22;32;4;24
TE268;01.01.2024;9;1.0;49;30;43;31;7;20
TE268;01.01.2024;10;1.0;72;26;60;26;12;25
TE268;01.01.2024;12;1.0;112;28;100;27;12;32
TE268;01.01.2024;13;1.0;153;25;147;25;7;28
TE268;01.01.2024;14;1.0;187;28;175;28;12;28
TE268;01.01.2024;15;1.0;182;29;170;29;12;29
TE268;01.01.2024;16;1.0;181;27;176;27;5;28
TE268;01.01.2024;17;1.0;146;32;142;32;5;30
TE268;01.01.2024;18;1.0;127;27;117;28;9;26
TE268;01.01.2024;19;1.0;102;28;91;28;11;27
TE268;01.01.2024;20;1.0;89;27;80;27;9;25
TE268;01.01.2024;21;1.0;61;37;56;37;5;30
TE268;01.01.2024;22;1.0;55;41;49;42;6;38
TE268;01.01.2024;23;1.0;32;40;31;40;1;38
TE268;02.01.2024;0;1.0;32;40;25;42;7;33
TE268;02.01.2024;1;1.0;13;39;12;38;1;48
TE268;02.01.2024;2;1.0;12;45;8;47;4;41
TE268;02.01.2024;3;1.0;17;54;16;54;1;57
TE268;02.01.2024;5;1.0;103;41;99;41;3;42
TE268;02.01.2024;6;1.0;194;28;185;27;10;27
TE268;02.01.2024;7;1.0;271;23;261;23;9;20
TE268;02.01.2024;9;1.0;276;26;268;25;8;28
TE268;02.01.2024;10;1.0;226;29;221;29;5;29
TE268;02.01.2024;11;1.0;315;30;311;30;4;37
TE268;02.01.2024;12;1.0;287;27;276;27;11;28
TE268;02.01.2024;14;1.0;326;26;316;26;11;27
TE268;02.01.2024;15;1.0;359;23;346;23;13;23
TE268;02.01.2024;16;1.0;376;22;365;22;11;21
TE268;02.01.2024;17;1.0;315;23;303;23;12;21
TE268;02.01.2024;18;1.0;248;28;242;28;6;29
TE268;02.01.2024;19;1.0;159;28;148;28;11;25
TE268;02.01.2024;20;1.0;122;29;114;29;8;36
TE268;02.01.2024;21;1.0;76;25;71;25;5;20
TE268;02.01.2024;22;1.0;95;36;89;37;6;24
TE268;02.01.2024;23;1.0;48;40;44;41;4;36
TE268;03.01.2024;0;1.0;24;45;20;45;4;45
TE268;03.01.2024;1;1.0;20;40;19;40;1;44
TE268;03.01.2024;2;1.0;16;39;10;37;6;42
TE268;03.01.2024;3;1.0;15;38;13;39;1;51
TE268;03.01.2024;4;1.0;32;35;28;35;4;34
TE268;03.01.2024;5;1.0;131;38;126;38;5;36
TE268;03.01.2024;6;1.0;235;31;221;31;13;33
TE268;03.01.2024;7;1.0;312;28;293;28;19;28
TE268;03.01.2024;8;1.0;322;23;308;23;14;28
TE268;03.01.2024;9;1.0;323;25;307;25;16;25
TE268;03.01.2024;10;1.0;329;26;286;26;43;26
TE268;03.01.2024;11;1.0;340;27;315;27;25;28
TE268;03.01.2024;13;1.0;318;26;298;26;20;26
TE268;03.01.2024;15;1.0;371;22;351;22;20;24
TE268;03.01.2024;16;1.0;344;24;325;24;19;25
TE268;03.01.2024;17;1.0;349;27;332;27;17;27
TE268;03.01.2024;19;1.0;228;25;217;25;11;24
TE268;03.01.2024;20;1.0;133;26;123;26;11;20
TE268;03.01.2024;21;1.0;125;28;108;28;17;29
TE268;03.01.2024;22;1.0;90;38;85;39;5;35
TE268;03.01.2024;23;1.0;53;41;52;41;1;48
TE268;04.01.2024;0;1.0;22;40;19;40;2;55
TE268;04.01.2024;3;1.0;10;39;10;39;0;-1
TE268;04.01.2024;4;1.0;29;47;29;47;0;-1
TE268;04.01.2024;5;1.0;91;44;89;43;2;57
TE268;04.01.2024;7;1.0;323;30;313;30;10;29
TE268;04.01.2024;8;1.0;364;19;341;19;23;19
TE268;04.01.2024;11;1.0;317;23;298;23;19;23
TE268;04.01.2024;12;1.0;385;27;370;27;15;28
TE268;04.01.2024;13;1.0;375;20;361;20;13;20
TE268;04.01.2024;14;1.0;420;21;401;21;19;23
TE268;04.01.2024;15;1.0;409;25;391;25;19;24
TE268;04.01.2024;16;1.0;392;20;381;20;11;20
TE268;04.01.2024;17;1.0;321;24;307;24;14;26
TE268;04.01.2024;19;1.0;203;25;187;25;16;25
TE268;04.01.2024;20;1.0;131;24;123;24;8;26
TE268;04.01.2024;21;1.0;109;22;101;22;8;26
TE268;04.01.2024;22;1.0;89;40;85;40;4;44
TE268;04.01.2024;23;1.0;38;47;36;47;2;50
TE268;05.01.2024;0;1.0;29;45;24;45;5;45
TE268;05.01.2024;2;1.0;22;41;17;42;5;38
TE268;05.01.2024;3;1.0;16;39;15;38;1;52
TE268;05.01.2024;4;1.0;41;44;34;43;7;47
TE268;05.01.2024;5;1.0;109;46;104;46;5;47
TE268;05.01.2024;6;1.0;199;25;192;25;7;29
TE268;05.01.2024;7;1.0;274;23;257;23;16;24
TE268;05.01.2024;8;1.0;340;28;326;28;13;27
TE268;05.01.2024;10;1.0;309;27;295;27;14;26
TE268;05.01.2024;11;1.0;353;22;339;22;15;23
TE268;05.01.2024;12;1.0;396;21;383;21;13;21
TE268;05.01.2024;13;1.0;349;27;341;27;8;27
TE268;05.01.2024;14;1.0;375;25;364;25;11;27
TE268;05.01.2024;15;1.0;376;22;367;22;8;24
TE268;05.01.2024;16;1.0;404;27;394;27;10;30
TE268;05.01.2024;17;1.0;399;22;389;22;9;24
TE268;05.01.2024;18;1.0;308;28;300;28;8;25
TE268;05.01.2024;19;1.0;252;21;243;21;9;23
TE268;05.01.2024;20;1.0;141;31;134;31;7;35
TE268;05.01.2024;22;1.0;108;42;105;42;3;50
TE268;05.01.2024;23;1.0;55;41;53;41;2;50
TE268;06.01.2024;0;1.0;42;43;41;42;1;50
TE268;06.01.2024;1;1.0;32;41;31;41;1;49
TE268;06.01.2024;2;1.0;28;48;27;48;1;49
TE268;06.01.2024;3;1.0;28;50;27;50;1;46
TE268;06.01.2024;4;1.0;28;44;27;44;1;47
TE268;06.01.2024;5;1.0;29;36;27;36;3;31
TE268;06.01.2024;6;1.0;50;40;44;39;6;44
TE268;06.01.2024;7;1.0;56;24;52;22;5;31
TE268;06.01.2024;8;1.0;120;27;115;27;5;25
TE268;06.01.2024;9;1.0;201;22;196;22;5;28
TE268;06.01.2024;10;1.0;272;28;261;28;11;27
TE268;06.01.2024;11;1.0;309;26;293;26;15;27
TE268;06.01.2024;12;1.0;398;27;387;27;11;26
TE268;06.01.2024;13;1.0;440;25;431;25;9;24
TE268;06.01.2024;14;1.0;439;24;431;24;8;27
TE268;06.01.2024;15;1.0;452;24;437;24;16;24
TE268;06.01.2024;16;1.0;388;26;377;26;11;27
TE268;06.01.2024;18;1.0;299;26;291;26;8;24
TE268;06.01.2024;19;1.0;214;30;211;30;3;27
TE268;06.01.2024;20;1.0;159;29;152;29;7;31
TE268;06.01.2024;21;1.0;116;30;114;30;2;26
TE268;06.01.2024;22;1.0;112;37;109;37;3;40
TE268;06.01.2024;23;1.0;81;40;80;40;1;37
TE268;07.01.2024;0;1.0;56;46;52;47;3;45
TE268;07.01.2024;1;1.0;45;44;45;44;0;-1
TE268;07.01.2024;2;1.0;33;42;33;42;0;-1
TE268;07.01.2024;3;1.0;22;42;22;42;0;-1
TE268;07.01.2024;4;1.0;18;45;17;45;1;44
TE268;07.01.2024;5;1.0;26;47;24;47;2;48
TE268;07.01.2024;6;1.0;29;42;28;42;1;43
TE268;07.01.2024;7;1.0;24;26;23;25;1;41
TE268;07.01.2024;8;1.0;54;30;51;31;3;28
TE268;07.01.2024;9;1.0;133;33;130;33;3;35
TE268;07.01.2024;10;1.0;168;33;160;33;8;36
TE268;07.01.2024;11;1.0;228;30;222;30;6;30
TE268;07.01.2024;12;1.0;240;27;232;27;8;28
TE268;07.01.2024;13;1.0;244;29;238;29;6;33
TE268;07.01.2024;14;1.0;262;30;254;30;8;31
TE268;07.01.2024;15;1.0;237;31;231;31;6;33
TE268;07.01.2024;16;1.0;203;31;197;31;6;28
TE268;07.01.2024;17;1.0;188;34;183;34;5;31
TE268;07.01.2024;18;1.0;178;33;172;33;6;33
TE268;07.01.2024;19;1.0;128;31;123;31;5;33
TE268;07.01.2024;20;1.0;118;34;111;34;7;30
TE268;07.01.2024;21;1.0;81;30;71;29;10;36
TE268;07.01.2024;22;1.0;72;38;64;38;8;34
TE268;07.01.2024;23;1.0;40;47;35;47;5;46
TE268;08.01.2024;0;1.0;19;46;13;46;6;47
TE268;08.01.2024;1;1.0;14;51;11;50;3;56
TE268;08.01.2024;2;1.0;15;50;11;50;4;52
TE268;08.01.2024;3;1.0;12;52;9;52;3;53
TE268;08.01.2024;4;1.0;29;43;26;43;3;43
TE268;08.01.2024;5;1.0;154;39;148;39;5;42
TE268;08.01.2024;6;1.0;280;27;267;27;13;27
TE268;08.01.2024;7;1.0;419;28;398;28;21;28
TE268;08.01.2024;8;1.0;478;29;456;28;22;29
TE268;08.01.2024;9;1.0;320;27;303;27;16;29
TE268;08.01.2024;10;1.0;310;28;291;28;19;28
TE268;08.01.2024;11;1.0;335;28;319;28;16;29
TE268;08.01.2024;12;1.0;278;29;255;29;23;30
TE268;08.01.2024;13;1.0;333;27;319;27;14;27
TE268;08.01.2024;14;1.0;369;28;356;28;13;29
TE268;08.01.2024;15;1.0;422;29;402;29;20;29
TE268;08.01.2024;16;1.0;400;30;390;30;10;30
TE268;08.01.2024;17;1.0;380;28;367;28;13;28
TE268;08.01.2024;18;1.0;299;29;284;29;15;29
TE268;08.01.2024;19;1.0;220;30;209;30;11;32
TE268;08.01.2024;20;1.0;175;31;169;31;6;30
TE268;08.01.2024;21;1.0;118;30;113;30;5;33
TE268;08.01.2024;22;1.0;95;44;89;44;6;39
TE268;08.01.2024;23;1.0;34;44;30;45;4;39
TE268;09.01.2024;0;1.0;19;48;16;49;3;43
TE268;09.01.2024;1;1.0;9;54;8;54;1;52
TE268;09.01.2024;2;1.0;14;52;12;54;2;44
TE268;09.01.2024;3;1.0;11;47;8;47;2;72
TE268;09.01.2024;4;1.0;39;45;36;45;3;46
TE268;09.01.2024;5;1.0;146;42;141;42;5;41
TE268;09.01.2024;6;1.0;302;29;291;29;11;27
TE268;09.01.2024;7;1.0;445;30;422;30;23;28
TE268;09.01.2024;8;1.0;443;28;426;28;17;29
TE268;09.01.2024;9;1.0;355;31;331;31;24;32
TE268;09.01.2024;10;1.0;357;28;343;28;14;31
TE268;09.01.2024;11;1.0;299;29;284;29;15;30
TE268;09.01.2024;12;1.0;324;29;308;29;16;30
TE268;09.01.2024;13;1.0;337;28;316;28;21;29
TE268;09.01.2024;14;1.0;439;29;426;29;13;30
TE268;09.01.2024;15;1.0;439;29;417;29;22;31
TE268;09.01.2024;16;1.0;425;30;416;30;9;31
TE268;09.01.2024;17;1.0;370;29;359;29;11;30
TE268;09.01.2024;18;1.0;322;27;308;27;14;29
TE268;09.01.2024;19;1.0;213;30;199;30;14;30
TE268;09.01.2024;20;1.0;159;34;152;34;7;33
TE268;09.01.2024;21;1.0;122;33;114;33;8;31
TE268;09.01.2024;22;1.0;101;42;97;42;4;39
TE268;09.01.2024;23;1.0;42;44;38;45;4;37
TE268;10.01.2024;0;1.0;19;47;16;47;3;45
TE268;10.01.2024;1;1.0;16;56;16;56;0;-1
TE268;10.01.2024;2;1.0;11;55;8;54;3;59
TE268;10.01.2024;3;1.0;25;53;24;53;1;49
TE268;10.01.2024;4;1.0;27;47;23;47;4;49
TE268;10.01.2024;5;1.0;150;46;144;46;6;48
TE268;10.01.2024;6;1.0;299;32;277;32;22;33
TE268;10.01.2024;7;1.0;422;30;402;30;20;31
TE268;10.01.2024;8;1.0;468;31;454;31;14;33
TE268;10.01.2024;9;1.0;380;31;364;31;16;31
TE268;10.01.2024;10;1.0;351;31;332;31;19;31
TE268;10.01.2024;11;1.0;353;31;326;31;27;31
TE268;10.01.2024;12;1.0;313;29;289;29;24;28
TE268;10.01.2024;13;1.0;365;27;347;27;18;28
TE268;10.01.2024;14;1.0;442;27;425;27;17;27
TE268;10.01.2024;15;1.0;447;29;435;29;12;31
TE268;10.01.2024;16;1.0;458;28;448;28;10;29
TE268;10.01.2024;17;1.0;413;30;401;30;12;31
TE268;10.01.2024;18;1.0;377;29;367;29;10;31
TE268;10.01.2024;19;1.0;257;31;241;31;16;32
TE268;10.01.2024;20;1.0;191;29;183;29;8;26
TE268;10.01.2024;21;1.0;127;27;119;26;8;32
TE268;10.01.2024;22;1.0;88;47;85;47;3;47
TE268;10.01.2024;23;1.0;51;48;47;49;4;48
TE268;11.01.2024;0;1.0;31;43;28;44;3;42
TE268;11.01.2024;1;1.0;17;46;16;46;1;45
TE268;11.01.2024;2;1.0;20;46;15;48;4;52
TE268;11.01.2024;3;1.0;15;54;14;55;1;44
TE268;11.01.2024;4;1.0;31;53;29;53;2;51
TE268;11.01.2024;5;1.0;153;50;149;50;4;50
TE268;11.01.2024;6;1.0;293;40;285;40;8;38
TE268;11.01.2024;7;1.0;389;34;378;34;11;34
TE268;11.01.2024;8;1.0;496;31;480;31;16;30
TE268;11.01.2024;9;1.0;368;35;355;35;13;38
TE268;11.01.2024;10;1.0;352;34;334;34;18;34
TE268;11.01.2024;11;1.0;369;31;353;31;16;31
TE268;11.01.2024;12;1.0;355;33;334;33;21;32
TE268;11.01.2024;13;1.0;373;32;359;32;14;34
TE268;11.01.2024;14;1.0;440;33;428;33;12;33
TE268;11.01.2024;15;1.0;439;31;429;31;10;30
TE268;11.01.2024;16;1.0;456;31;449;31;7;30
TE268;11.01.2024;17;1.0;410;32;405;32;5;32
TE268;11.01.2024;18;1.0;347;31;338;31;9;32
TE268;11.01.2024;19;1.0;229;31;220;31;9;30
TE268;11.01.2024;20;1.0;162;34;155;34;7;37
TE268;11.01.2024;21;1.0;139;30;132;30;7;31
TE268;11.01.2024;22;1.0;156;45;154;45;2;39
TE268;11.01.2024;23;1.0;64;48;60;49;4;46
TE268;12.01.2024;0;1.0;52;51;47;51;5;50
TE268;12.01.2024;1;1.0;43;52;40;52;3;48
TE268;12.01.2024;2;1.0;29;56;27;57;2;48
TE268;12.01.2024;3;1.0;23;55;22;55;1;52
TE268;12.01.2024;4;1.0;43;56;41;56;2;55
TE268;12.01.2024;5;1.0;123;56;120;56;3;57
TE268;12.01.2024;6;1.0;284;37;277;37;7;34
TE268;12.01.2024;7;1.0;425;30;417;30;8;30
TE268;12.01.2024;8;1.0;483;27;476;27;7;30
TE268;12.01.2024;9;1.0;399;29;386;29;13;30
TE268;12.01.2024;10;1.0;308;26;298;26;10;25
TE268;12.01.2024;11;1.0;353;29;346;29;7;30
TE268;12.01.2024;12;1.0;352;28;343;28;9;28
TE268;12.01.2024;13;1.0;403;29;395;29;8;29
TE268;12.01.2024;14;1.0;432;28;422;28;10;29
TE268;12.01.2024;15;1.0;457;29;450;29;7;28
TE268;12.01.2024;16;1.0;447;28;440;28;7;28
TE268;12.01.2024;17;1.0;476;28;469;28;7;30
TE268;12.01.2024;18;1.0;341;30;333;30;8;27
TE268;12.01.2024;19;1.0;251;29;242;29;9;28
TE268;12.01.2024;20;1.0;201;29;195;29;6;27
TE268;12.01.2024;21;1.0;123;30;119;30;4;26
TE268;12.01.2024;22;1.0;111;49;108;48;3;52
TE268;12.01.2024;23;1.0;63;55;60;55;3;57
TE268;13.01.2024;0;1.0;41;54;39;54;2;52
TE268;13.01.2024;1;1.0;32;58;28;59;4;52
TE268;13.01.2024;2;1.0;26;59;25;59;1;66
TE268;13.01.2024;3;1.0;28;55;27;55;1;66
TE268;13.01.2024;4;1.0;23;57;21;57;2;59
TE268;13.01.2024;5;1.0;39;56;35;56;4;55
TE268;13.01.2024;6;1.0;49;47;45;48;4;42
TE268;13.01.2024;7;1.0;65;40;61;41;4;38
TE268;13.01.2024;8;1.0;125;41;121;41;4;45
TE268;13.01.2024;9;1.0;233;35;223;35;10;36
TE268;13.01.2024;10;1.0;280;34;270;34;10;36
TE268;13.01.2024;11;1.0;405;31;397;31;8;31
TE268;13.01.2024;12;1.0;451;29;443;29;8;30
TE268;13.01.2024;13;1.0;449;28;442;28;7;28
TE268;13.01.2024;14;1.0;458;30;450;30;8;29
TE268;13.01.2024;15;1.0;401;30;396;30;5;30
TE268;13.01.2024;16;1.0;343;29;336;29;7;28
TE268;13.01.2024;17;1.0;339;31;331;31;8;30
TE268;13.01.2024;18;1.0;280;30;271;30;9;31
TE268;13.01.2024;19;1.0;213;29;208;29;5;27
TE268;13.01.2024;20;1.0;167;31;162;31;5;26
TE268;13.01.2024;21;1.0;107;37;105;37;2;38
TE268;13.01.2024;22;1.0;99;52;93;52;6;51
TE268;13.01.2024;23;1.0;66;53;64;53;2;51
TE268;14.01.2024;0;1.0;50;55;47;56;3;44
TE268;14.01.2024;1;1.0;44;57;44;57;0;-1
TE268;14.01.2024;2;1.0;46;55;46;55;0;-1
TE268;14.01.2024;3;1.0;18;57;18;57;0;-1
TE268;14.01.2024;4;1.0;23;54;22;54;1;46
TE268;14.01.2024;5;1.0;26;56;23;58;3;46
TE268;14.01.2024;6;1.0;33;60;31;61;2;48
TE268;14.01.2024;7;1.0;34;39;30;39;4;41
TE268;14.01.2024;8;1.0;61;44;59;44;2;40
TE268;14.01.2024;9;1.0;142;34;136;34;6;34
TE268;14.01.2024;10;1.0;209;36;203;35;6;36
TE268;14.01.2024;11;1.0;208;35;204;35;4;33
TE268;14.01.2024;12;1.0;257;35;246;35;11;36
TE268;14.01.2024;13;1.0;265;30;258;30;7;32
TE268;14.01.2024;14;1.0;264;29;253;29;11;31
TE268;14.01.2024;15;1.0;271;33;264;33;7;35
TE268;14.01.2024;16;1.0;241;34;235;34;6;32
TE268;14.01.2024;17;1.0;230;30;225;30;5;35
TE268;14.01.2024;18;1.0;156;33;151;33;5;34
TE268;14.01.2024;19;1.0;125;32;118;33;7;31
TE268;14.01.2024;20;1.0;86;32;79;32;7;33
TE268;14.01.2024;21;1.0;68;30;66;30;2;34
TE268;14.01.2024;22;1.0;61;51;56;51;5;48
TE268;14.01.2024;23;1.0;30;51;28;51;2;52
TE268;15.01.2024;0;1.0;17;51;14;51;3;48
TE268;15.01.2024;1;1.0;16;55;16;55;0;-1
TE268;15.01.2024;2;1.0;10;58;8;58;2;54
TE268;15.01.2024;3;1.0;13;60;12;61;1;47
TE268;15.01.2024;4;1.0;37;53;35;53;2;60
TE268;15.01.2024;5;1.0;139;54;136;54;3;56
TE268;15.01.2024;6;1.0;323;36;316;36;7;32
TE268;15.01.2024;7;1.0;431;32;422;32;9;32
TE268;15.01.2024;8;1.0;498;31;492;31;6;10
TE268;15.01.2024;9;1.0;341;29;326;29;15;31
TE268;15.01.2024;10;1.0;280;30;267;30;13;31
TE268;15.01.2024;11;1.0;318;31;304;31;14;33
TE268;15.01.2024;12;1.0;326;30;318;30;8;29
TE268;15.01.2024;13;1.0;324;28;310;28;14;30
TE268;15.01.2024;14;1.0;425;30;411;30;14;30
TE268;15.01.2024;15;1.0;462;28;452;28;10;29
TE268;15.01.2024;16;1.0;387;31;376;31;11;30
TE268;15.01.2024;17;1.0;360;29;351;29;9;31
TE268;15.01.2024;18;1.0;310;30;301;30;9;32
TE268;15.01.2024;19;1.0;205;32;198;32;7;32
TE268;15.01.2024;20;1.0;162;30;156;30;6;28
TE268;15.01.2024;21;1.0;114;31;105;31;9;33
TE268;15.01.2024;22;1.0;104;46;99;47;5;42
TE268;15.01.2024;23;1.0;35;46;32;46;3;47
TE268;16.01.2024;0;1.0;16;42;14;42;2;42
TE268;16.01.2024;1;1.0;21;49;21;49;0;-1
TE268;16.01.2024;2;1.0;6;47;4;48;2;45
TE268;16.01.2024;3;1.0;44;46;35;45;9;50
TE268;16.01.2024;4;1.0;84;43;81;43;3;49
TE268;16.01.2024;5;1.0;180;40;176;40;4;39
TE268;16.01.2024;6;1.0;314;29;304;29;10;32
TE268;16.01.2024;7;1.0;421;27;410;27;11;27
TE268;16.01.2024;8;1.0;462;28;451;28;11;30
TE268;16.01.2024;9;1.0;406;31;395;31;11;31
TE268;16.01.2024;10;1.0;378;30;364;30;14;30
TE268;16.01.2024;11;1.0;308;32;290;32;18;32
TE268;16.01.2024;12;1.0;347;31;330;31;17;33
TE268;16.01.2024;13;1.0;337;30;320;30;17;33
TE268;16.01.2024;14;1.0;382;27;372;27;10;27
TE268;16.01.2024;15;1.0;415;28;398;28;17;32
TE268;16.01.2024;16;1.0;397;29;391;29;6;29
TE268;16.01.2024;17;1.0;363;28;355;28;8;26
TE268;16.01.2024;18;1.0;356;28;346;28;10;29
TE268;16.01.2024;19;1.0;209;29;200;29;9;29
TE268;16.01.2024;20;1.0;136;31;130;31;6;30
TE268;16.01.2024;21;1.0;110;32;105;32;5;31
TE268;16.01.2024;22;1.0;99;42;95;42;4;39
TE268;16.01.2024;23;1.0;48;45;45;44;3;45
TE268;17.01.2024;0;1.0;25;49;21;49;4;47
TE268;17.01.2024;1;1.0;15;49;14;49;1;54
TE268;17.01.2024;2;1.0;8;54;6;53;2;55
TE268;17.01.2024;3;1.0;19;51;16;49;3;63
TE268;17.01.2024;4;1.0;39;49;36;49;3;47
TE268;17.01.2024;5;1.0;151;43;146;43;5;42
TE268;17.01.2024;6;1.0;342;29;331;29;11;30
TE268;17.01.2024;7;1.0;465;28;455;28;10;29
TE268;17.01.2024;8;1.0;478;29;461;29;17;30
TE268;17.01.2024;9;1.0;390;29;381;29;9;29
TE268;17.01.2024;10;1.0;336;29;322;29;14;30
TE268;17.01.2024;11;1.0;362;28;344;28;18;27
TE268;17.01.2024;12;1.0;355;25;338;25;17;25
TE268;17.01.2024;13;1.0;349;29;327;29;22;32
TE268;17.01.2024;14;1.0;386;30;365;30;21;28
TE268;17.01.2024;15;1.0;422;29;407;29;15;28
TE268;17.01.2024;16;1.0;367;28;360;28;7;28
TE268;17.01.2024;17;1.0;405;28;394;28;11;30
TE268;17.01.2024;18;1.0;334;29;328;29;6;25
TE268;17.01.2024;19;1.0;236;33;227;33;9;33
TE268;17.01.2024;20;1.0;144;29;139;30;5;28
TE268;17.01.2024;21;1.0;94;30;91;30;3;28
TE268;17.01.2024;22;1.0;105;49;102;49;3;53
TE268;17.01.2024;23;1.0;40;50;37;50;3;51
TE268;18.01.2024;0;1.0;31;53;28;53;3;51
TE268;18.01.2024;1;1.0;16;58;16;58;0;-1
TE268;18.01.2024;2;1.0;17;52;14;51;3;54
TE268;18.01.2024;3;1.0;63;47;59;46;4;50
TE268;18.01.2024;4;1.0;70;45;68;45;2;50
TE268;18.01.2024;5;1.0;150;45;146;45;4;45
TE268;18.01.2024;6;1.0;328;32;316;32;12;34
TE268;18.01.2024;7;1.0;436;28;424;28;12;26
TE268;18.01.2024;8;1.0;492;29;486;29;6;30
TE268;18.01.2024;9;1.0;382;30;371;30;11;29
TE268;18.01.2024;10;1.0;348;29;334;29;14;29
TE268;18.01.2024;11;1.0;345;30;330;30;15;30
TE268;18.01.2024;12;1.0;373;28;348;28;25;28
TE268;18.01.2024;13;1.0;367;29;350;29;17;28
TE268;18.01.2024;14;1.0;448;30;429;31;19;29
TE268;18.01.2024;15;1.0;447;30;430;30;17;31
TE268;18.01.2024;16;1.0;431;27;418;27;13;23
TE268;18.01.2024;17;1.0;390;27;383;27;7;27
TE268;18.01.2024;18;1.0;340;28;334;28;6;28
TE268;18.01.2024;19;1.0;237;30;229;30;8;29
TE268;18.01.2024;20;1.0;158;31;152;31;6;32
TE268;18.01.2024;21;1.0;118;33;111;33;7;34
TE268;18.01.2024;22;1.0;124;44;122;44;2;43
TE268;18.01.2024;23;1.0;39;47;36;47;3;48
TE268;19.01.2024;0;1.0;21;48;19;48;2;46
TE268;19.01.2024;1;1.0;17;50;16;50;1;54
TE268;19.01.2024;2;1.0;10;52;8;52;2;52
TE268;19.01.2024;3;1.0;21;53;20;54;1;49
TE268;19.01.2024;4;1.0;30;53;27;53;3;49
TE268;19.01.2024;5;1.0;131;46;128;46;3;44
TE268;19.01.2024;6;1.0;259;32;251;32;8;32
TE268;19.01.2024;7;1.0;389;33;367;33;22;33
TE268;19.01.2024;8;1.0;469;32;458;32;11;32
TE268;19.01.2024;9;1.0;344;26;323;26;22;26
TE268;19.01.2024;10;1.0;380;30;361;30;19;31
TE268;19.01.2024;11;1.0;373;27;357;27;16;28
TE268;19.01.2024;12;1.0;396;29;378;29;18;30
TE268;19.01.2024;13;1.0;431;27;415;27;16;26
TE268;19.01.2024;14;1.0;452;27;434;27;18;27
TE268;19.01.2024;15;1.0;456;28;437;28;19;29
TE268;19.01.2024;16;1.0;418;25;404;25;13;25
TE268;19.01.2024;17;1.0;426;31;419;31;7;31
TE268;19.01.2024;18;1.0;420;28;413;28;7;32
TE268;19.01.2024;19;1.0;266;31;260;31;6;30
TE268;19.01.2024;20;1.0;185;29;179;29;6;30
TE268;19.01.2024;21;1.0;147;32;142;32;5;32
TE268;19.01.2024;22;1.0;116;45;111;45;5;44
TE268;19.01.2024;23;1.0;79;48;76;48;3;47
TE268;20.01.2024;0;1.0;49;46;46;46;3;47
TE268;20.01.2024;1;1.0;38;47;37;47;1;44
TE268;20.01.2024;2;1.0;26;45;24;45;2;45
TE268;20.01.2024;3;1.0;16;56;12;53;4;64
TE268;20.01.2024;4;1.0;19;47;17;46;2;62
TE268;20.01.2024;5;1.0;40;50;36;50;4;49
TE268;20.01.2024;6;1.0;59;34;52;34;7;35
TE268;20.01.2024;7;1.0;83;32;76;33;7;26
TE268;20.01.2024;8;1.0;142;34;126;34;16;31
TE268;20.01.2024;9;1.0;235;27;225;27;10;28
TE268;20.01.2024;10;1.0;318;28;306;28;12;28
TE268;20.01.2024;11;1.0;390;29;377;29;13;30
TE268;20.01.2024;12;1.0;439;30;425;30;14;32
TE268;20.01.2024;13;1.0;461;28;447;28;14;30
TE268;20.01.2024;14;1.0;437;28;427;28;10;29
TE268;20.01.2024;15;1.0;405;31;387;31;18;32
TE268;20.01.2024;16;1.0;373;27;366;27;7;28
TE268;20.01.2024;17;1.0;357;29;351;29;6;30
TE268;20.01.2024;18;1.0;319;30;303;30;16;31
TE268;20.01.2024;19;1.0;213;30;206;30;7;31
TE268;20.01.2024;20;1.0;175;31;166;31;9;31
TE268;20.01.2024;21;1.0;124;28;122;28;2;26
TE268;20.01.2024;22;1.0;91;46;86;46;5;43
TE268;20.01.2024;23;1.0;66;45;64;45;2;40
TE268;21.01.2024;0;1.0;54;44;51;44;3;43
TE268;21.01.2024;1;1.0;41;46;40;46;1;48
TE268;21.01.2024;2;1.0;19;47;18;47;1;48
TE268;21.01.2024;3;1.0;28;47;27;47;1;38
TE268;21.01.2024;4;1.0;15;51;14;52;1;38
TE268;21.01.2024;5;1.0;29;50;27;51;2;46
TE268;21.01.2024;6;1.0;35;53;32;53;3;52
TE268;21.01.2024;7;1.0;34;35;31;35;3;33
TE268;21.01.2024;8;1.0;88;30;86;30;2;26
TE268;21.01.2024;9;1.0;178;31;170;31;8;35
TE268;21.01.2024;10;1.0;204;31;198;31;6;30
TE268;21.01.2024;11;1.0;222;30;216;30;6;33
TE268;21.01.2024;12;1.0;267;29;254;29;13;30
TE268;21.01.2024;13;1.0;258;27;252;27;6;31
TE268;21.01.2024;14;1.0;258;30;248;30;10;34
TE268;21.01.2024;15;1.0;262;29;253;29;9;32
TE268;21.01.2024;16;1.0;221;31;212;31;9;30
TE268;21.01.2024;17;1.0;207;28;198;28;9;27
TE268;21.01.2024;18;1.0;198;28;189;28;9;30
TE268;21.01.2024;19;1.0;170;29;156;29;14;32
TE268;21.01.2024;20;1.0;105;31;96;31;9;30
TE268;21.01.2024;21;1.0;86;33;79;32;7;35
TE268;21.01.2024;22;1.0;60;45;56;45;4;44
TE268;21.01.2024;23;1.0;45;45;42;45;3;46
TE268;22.01.2024;0;1.0;16;52;10;52;6;52
TE268;22.01.2024;1;1.0;11;55;9;55;2;55
TE268;22.01.2024;2;1.0;12;48;9;46;3;52
TE268;22.01.2024;3;1.0;15;47;14;47;1;43
TE268;22.01.2024;4;1.0;30;46;27;46;3;44
TE268;22.01.2024;5;1.0;139;47;130;47;9;46
TE268;22.01.2024;6;1.0;303;28;287;28;16;28
TE268;22.01.2024;7;1.0;451;23;430;23;21;24
TE268;22.01.2024;8;1.0;504;25;465;25;39;25
TE268;22.01.2024;9;1.0;362;23;342;23;20;23
TE268;22.01.2024;10;1.0;340;24;326;24;14;24
TE268;22.01.2024;11;1.0;328;26;296;25;32;27
TE268;22.01.2024;12;1.0;372;27;346;27;26;27
TE268;22.01.2024;13;1.0;368;25;341;25;27;28
TE268;22.01.2024;15;1.0;451;24;429;24;22;26
TE268;22.01.2024;16;1.0;429;22;422;22;7;22
TE268;22.01.2024;17;1.0;364;26;345;25;19;30
TE268;22.01.2024;18;1.0;308;26;293;25;15;28
TE268;22.01.2024;19;1.0;217;30;205;30;12;29
TE268;22.01.2024;20;1.0;162;25;154;25;8;27
TE268;22.01.2024;21;1.0;95;28;90;28;5;27
TE268;22.01.2024;22;1.0;91;42;87;42;4;40
TE268;22.01.2024;23;1.0;38;44;35;44;3;41
TE268;23.01.2024;0;1.0;22;42;18;43;4;40
TE268;23.01.2024;1;1.0;24;44;23;44;1;51
TE268;23.01.2024;2;1.0;15;49;11;48;4;52
TE268;23.01.2024;3;1.0;12;51;10;50;2;54
TE268;23.01.2024;4;1.0;37;49;35;49;2;48
TE268;23.01.2024;5;1.0;133;46;127;46;6;45
TE268;23.01.2024;6;1.0;331;30;319;30;12;32
TE268;23.01.2024;7;1.0;421;31;407;31;14;30
TE268;23.01.2024;8;1.0;495;29;475;29;20;29
TE268;23.01.2024;9;1.0;403;28;384;28;19;29
TE268;23.01.2024;10;1.0;364;27;330;27;34;29
TE268;23.01.2024;11;1.0;419;27;392;27;27;29
TE268;23.01.2024;12;1.0;354;28;331;27;23;30
TE268;23.01.2024;13;1.0;428;28;417;28;11;29
TE268;23.01.2024;14;1.0;427;27;409;27;18;28
TE268;23.01.2024;15;1.0;478;27;459;27;19;29
TE268;23.01.2024;16;1.0;439;27;425;27;14;30
TE268;23.01.2024;17;1.0;398;28;385;28;13;29
TE268;23.01.2024;18;1.0;344;29;336;29;8;30
TE268;23.01.2024;19;1.0;227;29;219;30;8;27
TE268;23.01.2024;20;1.0;168;33;156;33;12;32
TE268;23.01.2024;21;1.0;114;37;106;37;8;39
TE268;23.01.2024;22;1.0;95;43;90;43;5;35
TE268;23.01.2024;23;1.0;42;49;39;48;3;49
TE268;24.01.2024;0;1.0;23;51;20;51;3;50
TE268;24.01.2024;1;1.0;23;53;22;53;1;55
TE268;24.01.2024;2;1.0;12;46;7;44;5;48
TE268;24.01.2024;3;1.0;21;48;19;48;2;47
TE268;24.01.2024;4;1.0;30;48;26;49;4;46
TE268;24.01.2024;5;1.0;143;47;134;47;9;47
TE268;24.01.2024;6;1.0;346;29;326;29;20;30
TE268;24.01.2024;7;1.0;435;28;406;28;29;29
TE268;24.01.2024;8;1.0;491;21;465;21;26;20
TE268;24.01.2024;9;1.0;417;31;385;31;32;32
TE268;24.01.2024;10;1.0;320;31;304;31;16;31
TE268;24.01.2024;11;1.0;373;30;351;30;22;30
TE268;24.01.2024;12;1.0;381;29;339;29;42;29
TE268;24.01.2024;13;1.0;394;31;358;31;36;34
TE268;24.01.2024;14;1.0;430;29;399;29;31;29
TE268;24.01.2024;15;1.0;459;30;430;30;29;31
TE268;24.01.2024;16;1.0;407;31;392;30;15;33
TE268;24.01.2024;17;1.0;410;29;393;29;17;29
TE268;24.01.2024;18;1.0;393;30;373;30;20;30
TE268;24.01.2024;19;1.0;265;33;243;33;22;34
TE268;24.01.2024;21;1.0;157;33;148;32;9;36
TE268;24.01.2024;22;1.0;100;43;93;43;7;41
TE268;24.01.2024;23;1.0;65;45;60;45;5;43
TE268;25.01.2024;0;1.0;17;41;13;42;4;38
TE268;25.01.2024;1;1.0;13;40;12;40;1;37
TE268;25.01.2024;2;1.0;13;50;11;52;2;37
TE268;25.01.2024;3;1.0;11;53;10;55;1;37
TE268;25.01.2024;4;1.0;38;47;35;47;3;46
TE268;25.01.2024;5;1.0;142;47;135;47;7;46
TE268;25.01.2024;6;1.0;345;30;323;31;22;31
TE268;25.01.2024;7;1.0;433;27;405;27;28;29
TE268;25.01.2024;8;1.0;490;32;468;32;22;33
TE268;25.01.2024;9;1.0;411;32;384;31;27;32
TE268;25.01.2024;10;1.0;289;32;262;32;27;31
TE268;25.01.2024;11;1.0;335;31;319;31;16;30
TE268;25.01.2024;12;1.0;330;29;315;29;15;30
TE268;25.01.2024;13;1.0;385;28;361;28;24;25
TE268;25.01.2024;14;1.0;336;21;318;21;18;20
TE268;25.01.2024;15;1.0;240;15;231;15;9;15
TE268;25.01.2024;16;1.0;120;9;117;9;3;9
TE268;25.01.2024;17;1.0;149;13;145;13;4;13
TE268;25.01.2024;18;1.0;260;25;254;25;6;27
TE268;25.01.2024;19;1.0;224;33;213;33;11;32
TE268;25.01.2024;20;1.0;178;31;172;31;6;26
TE268;25.01.2024;21;1.0;128;34;122;34;6;34
TE268;25.01.2024;22;1.0;103;34;97;33;6;41
TE268;25.01.2024;23;1.0;45;44;42;44;3;44
TE268;26.01.2024;0;1.0;37;45;32;45;5;42
TE268;26.01.2024;1;1.0;15;47;14;47;1;53
TE268;26.01.2024;2;1.0;7;44;5;42;2;48
TE268;26.01.2024;3;1.0;24;45;19;46;5;38
TE268;26.01.2024;4;1.0;24;43;23;43;1;41
TE268;26.01.2024;5;1.0;133;43;127;43;6;43
TE268;26.01.2024;6;1.0;266;36;255;36;11;31
TE268;26.01.2024;7;1.0;291;22;272;23;19;20
TE268;26.01.2024;8;1.0;225;16;216;16;9;14
TE268;26.01.2024;9;1.0;255;28;241;28;14;28
TE268;26.01.2024;10;1.0;246;26;234;26;12;24
TE268;26.01.2024;11;1.0;288;26;277;26;11;26
TE268;26.01.2024;12;1.0;311;29;285;29;26;30
TE268;26.01.2024;13;1.0;320;31;306;31;14;32
TE268;26.01.2024;14;1.0;300;25;284;25;16;26
TE268;26.01.2024;15;1.0;258;15;249;15;9;16
TE268;26.01.2024;16;1.0;287;28;277;28;10;32
TE268;26.01.2024;17;1.0;319;28;304;28;15;29
TE268;26.01.2024;18;1.0;286;34;274;34;12;34
TE268;26.01.2024;19;1.0;259;34;242;34;17;33
TE268;26.01.2024;20;1.0;190;33;179;33;11;33
TE268;26.01.2024;21;1.0;133;36;125;36;8;38
TE268;26.01.2024;22;1.0;118;42;112;42;6;40
TE268;26.01.2024;23;1.0;71;44;68;44;3;45
TE268;27.01.2024;0;1.0;59;48;55;48;4;45
TE268;27.01.2024;1;1.0;41;48;41;48;0;-1
TE268;27.01.2024;2;1.0;30;45;28;45;2;39
TE268;27.01.2024;3;1.0;30;49;30;49;0;-1
TE268;27.01.2024;4;1.0;25;46;19;48;6;41
TE268;27.01.2024;5;1.0;44;46;39;46;5;44
TE268;27.01.2024;6;1.0;55;39;51;39;4;39
TE268;27.01.2024;7;1.0;54;40;46;40;8;41
TE268;27.01.2024;8;1.0;135;35;127;35;8;35
TE268;27.01.2024;9;1.0;243;35;222;34;21;38
TE268;27.01.2024;10;1.0;249;30;237;29;12;34
TE268;27.01.2024;11;1.0;297;32;285;32;12;35
TE268;27.01.2024;12;1.0;314;30;300;30;14;31
TE268;27.01.2024;13;1.0;349;28;341;28;8;30
TE268;27.01.2024;14;1.0;325;28;314;28;11;28
TE268;27.01.2024;15;1.0;330;30;313;30;17;31
TE268;27.01.2024;16;1.0;328;28;314;28;14;30
TE268;27.01.2024;17;1.0;336;29;324;29;12;29
TE268;27.01.2024;18;1.0;290;30;278;29;12;31
TE268;27.01.2024;19;1.0;244;31;233;31;11;33
TE268;27.01.2024;20;1.0;173;30;168;30;5;30
TE268;27.01.2024;21;1.0;134;32;128;32;6;30
TE268;27.01.2024;22;1.0;101;43;96;44;5;40
TE268;27.01.2024;23;1.0;81;46;78;46;3;46
TE268;28.01.2024;0;1.0;76;48;73;48;3;51
TE268;28.01.2024;1;1.0;40;43;39;42;1;53
TE268;28.01.2024;2;1.0;32;42;31;43;1;29
TE268;28.01.2024;3;1.0;27;42;26;43;1;37
TE268;28.01.2024;4;1.0;18;46;17;46;1;37
TE268;28.01.2024;5;1.0;40;48;38;48;2;42
TE268;28.01.2024;6;1.0;37;47;35;47;2;43
TE268;28.01.2024;7;1.0;39;39;36;40;3;35
TE268;28.01.2024;8;1.0;75;32;68;32;7;30
TE268;28.01.2024;9;1.0;181;30;176;30;5;28
TE268;28.01.2024;10;1.0;211;28;201;28;10;28
TE268;28.01.2024;11;1.0;258;32;250;32;8;36
TE268;28.01.2024;12;1.0;249;31;237;31;12;31
TE268;28.01.2024;13;1.0;259;25;252;25;7;26
TE268;28.01.2024;14;1.0;249;29;233;28;16;30
TE268;28.01.2024;15;1.0;235;32;219;32;16;34
TE268;28.01.2024;16;1.0;239;32;222;32;17;32
TE268;28.01.2024;17;1.0;238;32;226;32;12;33
TE268;28.01.2024;18;1.0;171;30;163;30;8;30
TE268;28.01.2024;19;1.0;152;29;146;29;6;32
TE268;28.01.2024;20;1.0;107;32;101;32;6;35
TE268;28.01.2024;21;1.0;86;31;80;31;6;30
TE268;28.01.2024;22;1.0;73;39;68;40;5;36
TE268;28.01.2024;23;1.0;41;45;38;44;3;46
TE268;29.01.2024;0;1.0;25;46;22;47;3;43
TE268;29.01.2024;1;1.0;22;49;19;49;3;53
TE268;29.01.2024;2;1.0;11;50;9;49;2;52
TE268;29.01.2024;3;1.0;18;55;10;59;8;50
TE268;29.01.2024;4;1.0;22;53;20;52;2;61
TE268;29.01.2024;5;1.0;132;44;127;44;5;42
TE268;29.01.2024;6;1.0;324;33;316;33;8;33
TE268;29.01.2024;7;1.0;392;32;371;31;21;33
TE268;29.01.2024;8;1.0;411;31;394;31;17;31
TE268;29.01.2024;9;1.0;324;29;301;29;23;30
TE268;29.01.2024;10;1.0;280;29;248;29;32;28
TE268;29.01.2024;11;1.0;303;29;270;29;33;30
TE268;29.01.2024;12;1.0;298;25;287;25;11;24
TE268;29.01.2024;13;1.0;285;27;275;27;10;25
TE268;29.01.2024;14;1.0;347;24;333;24;14;26
TE268;29.01.2024;15;1.0;317;19;306;19;11;20
TE268;29.01.2024;16;1.0;262;12;258;12;4;14
TE268;29.01.2024;17;1.0;301;26;289;26;12;27
TE268;29.01.2024;18;1.0;298;28;288;28;10;29
TE268;29.01.2024;19;1.0;205;32;196;32;9;32
TE268;29.01.2024;20;1.0;145;27;139;27;6;28
TE268;29.01.2024;21;1.0;92;32;87;32;5;31
TE268;29.01.2024;22;1.0;94;42;90;42;4;42
TE268;29.01.2024;23;1.0;25;48;23;48;2;48
TE268;30.01.2024;0;1.0;20;44;16;43;4;46
TE268;30.01.2024;1;1.0;16;43;16;43;0;-1
TE268;30.01.2024;2;1.0;7;53;5;55;2;48
TE268;30.01.2024;3;1.0;18;53;14;54;4;50
TE268;30.01.2024;4;1.0;27;47;25;47;2;46
TE268;30.01.2024;5;1.0;140;45;136;45;4;44
TE268;30.01.2024;6;1.0;307;32;294;32;13;30
TE268;30.01.2024;7;1.0;409;28;389;28;20;29
TE268;30.01.2024;8;1.0;414;29;403;29;11;31
TE268;30.01.2024;9;1.0;326;30;308;30;18;31
TE268;30.01.2024;10;1.0;325;29;301;29;24;31
TE268;30.01.2024;11;1.0;301;27;276;26;25;29
TE268;30.01.2024;12;1.0;314;27;282;27;32;29
TE268;30.01.2024;13;1.0;286;26;272;26;14;29
TE268;30.01.2024;14;1.0;353;27;334;27;19;27
TE268;30.01.2024;15;1.0;323;26;306;26;17;28
TE268;30.01.2024;16;1.0;308;24;291;24;17;22
TE268;30.01.2024;17;1.0;296;28;285;28;11;31
TE268;30.01.2024;18;1.0;285;30;272;30;13;31
TE268;30.01.2024;19;1.0;239;27;231;27;8;28
TE268;30.01.2024;20;1.0;189;25;186;25;3;26
TE268;30.01.2024;21;1.0;87;25;80;25;7;25
TE268;30.01.2024;22;1.0;110;42;100;43;10;41
TE268;30.01.2024;23;1.0;32;37;29;37;3;36
TE268;31.01.2024;0;1.0;33;31;30;31;3;31
TE268;31.01.2024;1;1.0;20;38;20;38;0;-1
TE268;31.01.2024;2;1.0;13;48;11;49;2;46
TE268;31.01.2024;3;1.0;17;53;14;51;3;60
TE268;31.01.2024;4;1.0;26;49;25;48;1;66
TE268;31.01.2024;5;1.0;121;48;115;48;6;52
TE268;31.01.2024;6;1.0;304;31;284;31;20;31
TE268;31.01.2024;7;1.0;393;31;365;31;28;32
TE268;31.01.2024;8;1.0;407;31;391;31;16;34
TE268;31.01.2024;9;1.0;274;30;255;30;19;31
TE268;31.01.2024;10;1.0;321;27;306;28;15;27
TE268;31.01.2024;11;1.0;290;29;276;29;14;30
TE268;31.01.2024;12;1.0;312;24;292;24;20;26
TE268;31.01.2024;13;1.0;297;28;281;28;16;26
TE268;31.01.2024;14;1.0;328;27;309;27;19;25
TE268;31.01.2024;15;1.0;361;26;349;26;12;27
TE268;31.01.2024;16;1.0;289;28;280;28;9;28
TE268;31.01.2024;17;1.0;362;28;351;28;11;29
TE268;31.01.2024;18;1.0;289;30;276;30;13;32
TE268;31.01.2024;19;1.0;239;33;230;33;9;34
TE268;31.01.2024;20;1.0;153;37;146;36;7;41
TE268;31.01.2024;21;1.0;99;39;93;40;6;37
TE268;31.01.2024;22;1.0;94;36;90;36;4;41
TE268;31.01.2024;23;1.0;51;36;47;36;4;32
TE269;01.01.2024;0;1.0;21;27;20;27;1;32
TE269;01.01.2024;1;1.0;95;34;93;34;2;38
TE269;01.01.2024;2;1.0;122;34;119;33;3;40
TE269;01.01.2024;3;1.0;97;30;95;30;3;27
TE269;01.01.2024;4;1.0;49;37;48;37;1;40
TE269;01.01.2024;5;1.0;36;30;35;30;1;43
TE269;01.01.2024;6;1.0;22;32;22;32;0;-1
TE269;01.01.2024;7;1.0;24;27;23;27;1;37
TE269;01.01.2024;9;1.0;45;27;41;28;3;27
TE269;01.01.2024;10;1.0;60;24;56;24;4;24
TE269;01.01.2024;12;1.0;101;25;95;26;6;25
TE269;01.01.2024;13;1.0;145;23;139;23;7;21
TE269;01.01.2024;14;1.0;168;27;166;27;2;32
TE269;01.01.2024;15;1.0;174;24;168;24;6;25
TE269;01.01.2024;16;1.0;176;26;172;26;5;25
TE269;01.01.2024;17;1.0;148;25;142;25;6;24
TE269;01.01.2024;18;1.0;145;23;139;23;7;22
TE269;01.01.2024;19;1.0;124;28;118;28;6;28
TE269;01.01.2024;20;1.0;97;25;95;25;3;22
TE269;01.01.2024;21;1.0;66;27;60;27;6;25
TE269;01.01.2024;22;1.0;56;33;53;33;4;27
TE269;01.01.2024;23;1.0;27;31;24;32;3;27
TE269;02.01.2024;0;1.0;15;33;12;34;3;29
TE269;02.01.2024;1;1.0;8;33;5;36;3;27
TE269;02.01.2024;2;1.0;10;33;7;35;2;42
TE269;02.01.2024;3;1.0;12;37;10;35;2;50
TE269;02.01.2024;5;1.0;95;39;88;40;7;28
TE269;02.01.2024;6;1.0;158;30;149;30;10;26
TE269;02.01.2024;7;1.0;185;26;172;26;13;28
TE269;02.01.2024;9;1.0;194;28;181;28;13;29
TE269;02.01.2024;10;1.0;239;27;228;27;11;27
TE269;02.01.2024;11;1.0;248;30;237;30;11;31
TE269;02.01.2024;12;1.0;317;26;304;26;13;27
TE269;02.01.2024;14;1.0;336;26;325;26;11;26
TE269;02.01.2024;15;1.0;413;27;404;27;8;28
TE269;02.01.2024;16;1.0;388;24;375;24;13;24
TE269;02.01.2024;17;1.0;323;24;311;24;12;24
TE269;02.01.2024;18;1.0;281;27;274;27;7;28
TE269;02.01.2024;19;1.0;233;31;223;30;11;30
TE269;02.01.2024;20;1.0;136;27;128;27;7;29
TE269;02.01.2024;21;1.0;116;24;111;24;5;25
TE269;02.01.2024;22;1.0;77;31;73;31;4;27
TE269;02.01.2024;23;1.0;60;32;53;32;7;32
TE269;03.01.2024;0;1.0;22;32;18;33;4;29
TE269;03.01.2024;1;1.0;25;32;22;31;4;28
TE269;03.01.2024;2;1.0;23;30;20;30;2;36
TE269;03.01.2024;3;1.0;12;28;9;29;3;26
TE269;03.01.2024;4;1.0;29;29;25;28;4;30
TE269;03.01.2024;5;1.0;97;33;94;32;4;29
TE269;03.01.2024;6;1.0;168;29;152;29;16;31
TE269;03.01.2024;7;1.0;230;29;218;29;12;29
TE269;03.01.2024;8;1.0;284;27;264;27;20;27
TE269;03.01.2024;9;1.0;259;21;247;21;12;21
TE269;03.01.2024;10;1.0;276;24;256;24;20;25
TE269;03.01.2024;11;1.0;317;27;300;27;17;27
TE269;03.01.2024;13;1.0;360;26;342;26;18;26
TE269;03.01.2024;15;1.0;392;22;379;22;13;23
TE269;03.01.2024;16;1.0;364;22;348;22;16;20
TE269;03.01.2024;17;1.0;356;24;341;24;16;24
TE269;03.01.2024;19;1.0;253;23;239;23;15;23
TE269;03.01.2024;20;1.0;160;22;153;22;7;20
TE269;03.01.2024;21;1.0;145;24;140;24;5;24
TE269;03.01.2024;22;1.0;107;30;101;30;6;31
TE269;03.01.2024;23;1.0;67;32;65;32;2;36
TE269;04.01.2024;0;1.0;20;32;18;31;2;39
TE269;04.01.2024;3;1.0;11;30;7;31;4;28
TE269;04.01.2024;4;1.0;17;34;17;34;0;-1
TE269;04.01.2024;5;1.0;90;35;86;35;4;31
TE269;04.01.2024;7;1.0;221;32;209;32;12;32
TE269;04.01.2024;8;1.0;249;23;232;23;17;24
TE269;04.01.2024;11;1.0;350;25;331;25;19;26
TE269;04.01.2024;12;1.0;326;29;314;29;12;28
TE269;04.01.2024;13;1.0;344;22;328;22;16;22
TE269;04.01.2024;14;1.0;353;22;333;22;20;22
TE269;04.01.2024;15;1.0;432;28;421;28;11;27
TE269;04.01.2024;16;1.0;424;23;409;23;15;22
TE269;04.01.2024;17;1.0;381;27;371;27;10;26
TE269;04.01.2024;19;1.0;282;27;269;27;13;28
TE269;04.01.2024;20;1.0;136;25;129;25;7;25
TE269;04.01.2024;21;1.0;116;25;110;25;6;25
TE269;04.01.2024;22;1.0;97;34;94;34;3;38
TE269;04.01.2024;23;1.0;65;36;62;36;3;39
TE269;05.01.2024;0;1.0;24;34;23;34;1;40
TE269;05.01.2024;2;1.0;13;35;10;32;4;32
TE269;05.01.2024;3;1.0;16;33;13;34;3;29
TE269;05.01.2024;4;1.0;22;34;20;35;1;50
TE269;05.01.2024;5;1.0;89;40;86;40;3;40
TE269;05.01.2024;6;1.0;170;28;160;28;11;28
TE269;05.01.2024;7;1.0;238;30;223;30;15;30
TE269;05.01.2024;8;1.0;254;30;242;30;12;30
TE269;05.01.2024;10;1.0;281;29;273;29;9;28
TE269;05.01.2024;11;1.0;328;23;312;23;16;24
TE269;05.01.2024;12;1.0;352;26;342;26;10;25
TE269;05.01.2024;13;1.0;383;30;373;30;10;30
TE269;05.01.2024;14;1.0;433;27;422;27;11;27
TE269;05.01.2024;15;1.0;397;24;389;24;8;26
TE269;05.01.2024;16;1.0;368;31;358;31;10;31
TE269;05.01.2024;17;1.0;325;24;317;24;8;23
TE269;05.01.2024;18;1.0;272;29;260;29;12;29
TE269;05.01.2024;19;1.0;201;25;191;24;11;23
TE269;05.01.2024;20;1.0;159;35;154;35;5;36
TE269;05.01.2024;22;1.0;128;36;127;36;1;33
TE269;05.01.2024;23;1.0;72;35;70;35;2;33
TE269;06.01.2024;0;1.0;54;36;52;36;2;41
TE269;06.01.2024;1;1.0;29;34;28;34;1;41
TE269;06.01.2024;2;1.0;21;44;19;44;2;44
TE269;06.01.2024;3;1.0;12;40;10;40;2;40
TE269;06.01.2024;4;1.0;22;35;22;35;0;-1
TE269;06.01.2024;5;1.0;28;32;27;31;1;43
TE269;06.01.2024;6;1.0;63;36;61;36;2;33
TE269;06.01.2024;7;1.0;73;26;73;26;0;-1
TE269;06.01.2024;8;1.0;93;32;91;32;2;32
TE269;06.01.2024;9;1.0;171;23;169;24;1;30
TE269;06.01.2024;10;1.0;253;27;249;27;4;30
TE269;06.01.2024;11;1.0;321;28;316;28;4;30
TE269;06.01.2024;12;1.0;360;28;346;28;14;29
TE269;06.01.2024;13;1.0;385;28;379;28;7;26
TE269;06.01.2024;14;1.0;384;25;377;25;7;26
TE269;06.01.2024;15;1.0;389;24;383;24;6;25
TE269;06.01.2024;16;1.0;343;28;335;28;8;27
TE269;06.01.2024;18;1.0;253;29;245;29;8;28
TE269;06.01.2024;19;1.0;239;33;233;33;6;34
TE269;06.01.2024;20;1.0;161;33;158;33;3;32
TE269;06.01.2024;21;1.0;119;34;115;34;4;36
TE269;06.01.2024;22;1.0;127;35;123;35;3;36
TE269;06.01.2024;23;1.0;85;40;83;40;2;41
TE269;07.01.2024;0;1.0;71;40;70;40;1;44
TE269;07.01.2024;1;1.0;37;40;34;40;3;41
TE269;07.01.2024;2;1.0;22;39;20;39;2;40
TE269;07.01.2024;3;1.0;18;38;16;40;2;21
TE269;07.01.2024;4;1.0;12;39;12;39;0;-1
TE269;07.01.2024;5;1.0;19;42;17;44;2;29
TE269;07.01.2024;6;1.0;25;39;23;39;2;40
TE269;07.01.2024;7;1.0;23;25;23;25;0;-1
TE269;07.01.2024;8;1.0;39;32;38;31;1;50
TE269;07.01.2024;9;1.0;86;34;84;34;2;37
TE269;07.01.2024;10;1.0;148;33;144;33;4;32
TE269;07.01.2024;11;1.0;181;32;179;32;2;34
TE269;07.01.2024;12;1.0;217;30;215;30;2;33
TE269;07.01.2024;13;1.0;220;34;216;34;4;34
TE269;07.01.2024;14;1.0;245;30;243;30;2;34
TE269;07.01.2024;15;1.0;246;33;245;33;1;37
TE269;07.01.2024;16;1.0;231;34;228;34;3;34
TE269;07.01.2024;17;1.0;215;33;210;33;5;36
TE269;07.01.2024;18;1.0;232;34;230;34;2;33
TE269;07.01.2024;19;1.0;165;35;162;35;3;33
TE269;07.01.2024;20;1.0;128;34;125;34;3;32
TE269;07.01.2024;21;1.0;101;30;95;30;7;27
TE269;07.01.2024;22;1.0;73;36;68;36;5;36
TE269;07.01.2024;23;1.0;43;37;39;37;4;38
TE269;08.01.2024;0;1.0;14;39;12;39;2;40
TE269;08.01.2024;1;1.0;16;40;13;39;3;43
TE269;08.01.2024;2;1.0;8;49;5;46;3;56
TE269;08.01.2024;3;1.0;9;46;7;42;2;58
TE269;08.01.2024;4;1.0;32;40;31;39;1;52
TE269;08.01.2024;5;1.0;95;35;92;35;3;52
TE269;08.01.2024;6;1.0;201;31;189;31;12;30
TE269;08.01.2024;7;1.0;284;32;272;32;12;33
TE269;08.01.2024;8;1.0;363;32;354;32;9;32
TE269;08.01.2024;9;1.0;313;28;300;28;13;29
TE269;08.01.2024;10;1.0;274;33;259;33;15;33
TE269;08.01.2024;11;1.0;302;30;291;30;11;30
TE269;08.01.2024;12;1.0;348;29;336;29;12;29
TE269;08.01.2024;13;1.0;351;29;342;29;9;29
TE269;08.01.2024;14;1.0;394;28;384;28;10;28
TE269;08.01.2024;15;1.0;435;28;424;28;11;29
TE269;08.01.2024;16;1.0;426;31;417;31;9;30
TE269;08.01.2024;17;1.0;392;30;382;30;10;30
TE269;08.01.2024;18;1.0;346;30;335;30;11;30
TE269;08.01.2024;19;1.0;232;32;221;32;11;32
TE269;08.01.2024;20;1.0;176;33;171;33;5;32
TE269;08.01.2024;21;1.0;145;33;142;33;3;29
TE269;08.01.2024;22;1.0;93;41;88;41;5;38
TE269;08.01.2024;23;1.0;31;42;27;43;4;42
TE269;09.01.2024;0;1.0;22;43;20;43;2;40
TE269;09.01.2024;1;1.0;18;44;16;44;2;42
TE269;09.01.2024;2;1.0;5;38;2;36;3;39
TE269;09.01.2024;3;1.0;10;33;10;33;0;-1
TE269;09.01.2024;4;1.0;30;40;29;40;1;40
TE269;09.01.2024;5;1.0;117;40;115;40;2;40
TE269;09.01.2024;6;1.0;189;33;184;33;5;32
TE269;09.01.2024;7;1.0;300;32;291;32;9;33
TE269;09.01.2024;8;1.0;395;31;387;31;8;31
TE269;09.01.2024;9;1.0;300;30;292;30;8;31
TE269;09.01.2024;10;1.0;324;32;311;32;13;32
TE269;09.01.2024;11;1.0;347;29;328;29;19;29
TE269;09.01.2024;12;1.0;354;29;341;29;13;28
TE269;09.01.2024;13;1.0;359;29;343;29;16;28
TE269;09.01.2024;14;1.0;402;28;392;28;10;28
TE269;09.01.2024;15;1.0;481;29;472;29;9;29
TE269;09.01.2024;16;1.0;502;30;491;30;11;30
TE269;09.01.2024;17;1.0;383;30;373;30;10;30
TE269;09.01.2024;18;1.0;388;28;379;28;10;27
TE269;09.01.2024;19;1.0;254;32;244;32;10;33
TE269;09.01.2024;20;1.0;216;31;210;32;6;31
TE269;09.01.2024;21;1.0;149;32;146;32;3;31
TE269;09.01.2024;22;1.0;100;41;95;41;5;39
TE269;09.01.2024;23;1.0;39;37;36;37;3;37
TE269;10.01.2024;0;1.0;28;44;26;44;2;37
TE269;10.01.2024;1;1.0;21;45;18;46;3;41
TE269;10.01.2024;2;1.0;13;41;10;42;3;37
TE269;10.01.2024;3;1.0;15;38;14;38;1;38
TE269;10.01.2024;4;1.0;25;41;23;40;2;45
TE269;10.01.2024;5;1.0;123;42;120;42;3;41
TE269;10.01.2024;6;1.0;194;35;188;35;6;34
TE269;10.01.2024;7;1.0;319;34;310;34;9;33
TE269;10.01.2024;8;1.0;381;34;373;34;8;34
TE269;10.01.2024;9;1.0;277;33;264;33;13;34
TE269;10.01.2024;10;1.0;303;30;285;30;18;30
TE269;10.01.2024;11;1.0;357;29;340;29;17;29
TE269;10.01.2024;12;1.0;331;30;318;30;13;29
TE269;10.01.2024;13;1.0;398;29;382;29;16;30
TE269;10.01.2024;14;1.0;454;28;447;28;7;29
TE269;10.01.2024;15;1.0;472;27;461;27;11;27
TE269;10.01.2024;16;1.0;515;29;507;29;8;28
TE269;10.01.2024;17;1.0;447;29;438;29;9;30
TE269;10.01.2024;18;1.0;428;30;417;30;11;30
TE269;10.01.2024;19;1.0;293;32;281;32;12;31
TE269;10.01.2024;20;1.0;204;33;198;33;6;36
TE269;10.01.2024;21;1.0;161;28;156;28;5;26
TE269;10.01.2024;22;1.0;107;40;104;40;3;38
TE269;10.01.2024;23;1.0;73;42;69;42;4;39
TE269;11.01.2024;0;1.0;30;44;28;44;2;38
TE269;11.01.2024;1;1.0;13;38;11;38;2;40
TE269;11.01.2024;2;1.0;9;42;7;40;2;46
TE269;11.01.2024;3;1.0;8;39;6;40;2;34
TE269;11.01.2024;4;1.0;27;43;26;43;1;40
TE269;11.01.2024;5;1.0;101;45;99;45;2;44
TE269;11.01.2024;6;1.0;183;36;176;36;7;35
TE269;11.01.2024;7;1.0;333;35;323;35;10;36
TE269;11.01.2024;8;1.0;394;32;384;32;10;31
TE269;11.01.2024;9;1.0;300;35;290;35;10;34
TE269;11.01.2024;10;1.0;304;34;291;34;13;34
TE269;11.01.2024;11;1.0;329;33;313;33;16;33
TE269;11.01.2024;12;1.0;364;32;353;32;11;32
TE269;11.01.2024;13;1.0;403;33;395;33;8;33
TE269;11.01.2024;14;1.0;403;33;393;33;10;34
TE269;11.01.2024;15;1.0;469;32;458;32;11;31
TE269;11.01.2024;16;1.0;452;32;441;32;11;32
TE269;11.01.2024;17;1.0;421;31;415;31;6;32
TE269;11.01.2024;18;1.0;394;31;384;31;10;32
TE269;11.01.2024;19;1.0;303;32;292;32;11;33
TE269;11.01.2024;20;1.0;191;31;183;31;8;31
TE269;11.01.2024;21;1.0;199;32;195;32;4;32
TE269;11.01.2024;22;1.0;124;38;120;38;4;37
TE269;11.01.2024;23;1.0;70;39;66;40;4;37
TE269;12.01.2024;0;1.0;47;42;46;42;1;41
TE269;12.01.2024;1;1.0;33;38;30;37;3;40
TE269;12.01.2024;2;1.0;28;39;27;39;1;39
TE269;12.01.2024;3;1.0;16;39;16;39;0;-1
TE269;12.01.2024;4;1.0;31;42;28;42;3;43
TE269;12.01.2024;5;1.0;132;40;130;40;2;43
TE269;12.01.2024;6;1.0;198;34;188;34;10;34
TE269;12.01.2024;7;1.0;326;32;318;32;8;32
TE269;12.01.2024;8;1.0;384;32;380;32;4;33
TE269;12.01.2024;9;1.0;292;32;281;32;11;32
TE269;12.01.2024;10;1.0;346;31;338;31;8;31
TE269;12.01.2024;11;1.0;331;32;319;32;12;32
TE269;12.01.2024;12;1.0;364;31;355;31;9;30
TE269;12.01.2024;13;1.0;437;31;431;31;6;29
TE269;12.01.2024;14;1.0;493;31;484;31;9;32
TE269;12.01.2024;15;1.0;543;31;537;31;6;31
TE269;12.01.2024;16;1.0;466;32;454;32;12;32
TE269;12.01.2024;17;1.0;421;30;413;30;8;30
TE269;12.01.2024;18;1.0;335;32;328;32;7;32
TE269;12.01.2024;19;1.0;247;32;238;32;9;32
TE269;12.01.2024;20;1.0;156;34;149;34;7;33
TE269;12.01.2024;21;1.0;159;32;153;32;6;32
TE269;12.01.2024;22;1.0;148;34;146;34;2;31
TE269;12.01.2024;23;1.0;90;35;86;35;4;34
TE269;13.01.2024;0;1.0;65;34;64;34;1;32
TE269;13.01.2024;1;1.0;29;36;26;36;3;35
TE269;13.01.2024;2;1.0;26;32;24;32;2;32
TE269;13.01.2024;3;1.0;19;36;17;37;2;34
TE269;13.01.2024;4;1.0;16;41;14;41;2;45
TE269;13.01.2024;5;1.0;32;33;31;33;1;34
TE269;13.01.2024;6;1.0;52;31;51;31;1;27
TE269;13.01.2024;7;1.0;67;31;67;31;0;-1
TE269;13.01.2024;8;1.0;111;29;109;29;2;29
TE269;13.01.2024;9;1.0;167;31;167;31;0;-1
TE269;13.01.2024;10;1.0;276;31;272;31;4;30
TE269;13.01.2024;11;1.0;336;30;329;30;7;31
TE269;13.01.2024;12;1.0;412;29;401;29;11;30
TE269;13.01.2024;13;1.0;382;29;377;29;5;29
TE269;13.01.2024;14;1.0;398;30;391;30;7;30
TE269;13.01.2024;15;1.0;355;30;347;30;8;30
TE269;13.01.2024;16;1.0;311;31;306;31;5;30
TE269;13.01.2024;17;1.0;274;31;265;31;9;30
TE269;13.01.2024;18;1.0;286;32;280;32;6;31
TE269;13.01.2024;19;1.0;227;29;218;29;9;30
TE269;13.01.2024;20;1.0;142;28;138;28;4;28
TE269;13.01.2024;21;1.0;126;19;125;19;1;17
TE269;13.01.2024;22;1.0;126;21;125;21;1;24
TE269;13.01.2024;23;1.0;99;22;97;22;2;28
TE269;14.01.2024;0;1.0;67;21;67;21;0;-1
TE269;14.01.2024;1;1.0;51;22;50;22;1;22
TE269;14.01.2024;2;1.0;27;23;26;23;1;26
TE269;14.01.2024;3;1.0;24;30;23;30;1;28
TE269;14.01.2024;4;1.0;12;31;10;31;2;31
TE269;14.01.2024;5;1.0;19;33;17;33;2;34
TE269;14.01.2024;6;1.0;14;31;12;31;2;32
TE269;14.01.2024;7;1.0;29;27;29;27;0;-1
TE269;14.01.2024;8;1.0;39;27;37;27;2;26
TE269;14.01.2024;9;1.0;94;28;91;28;3;30
TE269;14.01.2024;10;1.0;160;28;155;28;5;28
TE269;14.01.2024;11;1.0;191;30;190;30;1;34
TE269;14.01.2024;12;1.0;253;29;247;29;6;30
TE269;14.01.2024;13;1.0;232;25;230;25;2;26
TE269;14.01.2024;14;1.0;277;31;274;31;3;29
TE269;14.01.2024;15;1.0;235;30;231;30;4;28
TE269;14.01.2024;16;1.0;247;30;245;30;2;28
TE269;14.01.2024;17;1.0;214;33;209;33;5;33
TE269;14.01.2024;18;1.0;202;31;200;31;2;34
TE269;14.01.2024;19;1.0;166;32;161;32;5;32
TE269;14.01.2024;20;1.0;119;34;116;34;3;34
TE269;14.01.2024;21;1.0;106;34;102;34;4;35
TE269;14.01.2024;22;1.0;75;42;71;42;4;42
TE269;14.01.2024;23;1.0;34;44;32;44;2;44
TE269;15.01.2024;0;1.0;21;42;20;42;1;45
TE269;15.01.2024;1;1.0;14;40;12;39;2;41
TE269;15.01.2024;2;1.0;10;40;8;39;2;46
TE269;15.01.2024;3;1.0;9;44;8;44;1;45
TE269;15.01.2024;4;1.0;24;42;23;42;1;45
TE269;15.01.2024;5;1.0;109;43;107;43;2;44
TE269;15.01.2024;6;1.0;191;35;184;35;7;34
TE269;15.01.2024;7;1.0;318;34;311;34;7;34
TE269;15.01.2024;8;1.0;393;33;383;33;10;33
TE269;15.01.2024;9;1.0;287;31;276;31;11;33
TE269;15.01.2024;10;1.0;278;32;268;32;10;32
TE269;15.01.2024;11;1.0;329;32;316;32;13;31
TE269;15.01.2024;12;1.0;360;31;344;31;16;30
TE269;15.01.2024;13;1.0;388;30;379;30;9;30
TE269;15.01.2024;14;1.0;409;30;396;30;13;30
TE269;15.01.2024;15;1.0;471;30;461;30;10;30
TE269;15.01.2024;16;1.0;448;31;439;31;9;30
TE269;15.01.2024;17;1.0;393;31;383;31;10;31
TE269;15.01.2024;18;1.0;353;32;340;32;13;32
TE269;15.01.2024;19;1.0;233;32;220;32;13;32
TE269;15.01.2024;20;1.0;171;33;166;33;5;34
TE269;15.01.2024;21;1.0;140;30;136;30;4;28
TE269;15.01.2024;22;1.0;94;40;90;40;4;38
TE269;15.01.2024;23;1.0;46;42;43;42;3;42
TE269;16.01.2024;0;1.0;27;43;25;43;2;44
TE269;16.01.2024;1;1.0;12;41;11;41;1;48
TE269;16.01.2024;2;1.0;10;41;8;41;2;40
TE269;16.01.2024;3;1.0;21;37;19;36;2;41
TE269;16.01.2024;4;1.0;34;37;31;37;3;36
TE269;16.01.2024;5;1.0;79;34;76;34;3;33
TE269;16.01.2024;6;1.0;202;31;190;31;12;30
TE269;16.01.2024;7;1.0;291;30;283;30;8;31
TE269;16.01.2024;8;1.0;390;33;383;33;7;32
TE269;16.01.2024;9;1.0;325;33;314;33;11;32
TE269;16.01.2024;10;1.0;297;31;285;31;12;30
TE269;16.01.2024;11;1.0;304;31;290;31;14;30
TE269;16.01.2024;12;1.0;320;32;310;32;10;33
TE269;16.01.2024;13;1.0;351;31;341;31;10;31
TE269;16.01.2024;14;1.0;396;31;385;31;11;31
TE269;16.01.2024;15;1.0;460;32;449;32;11;32
TE269;16.01.2024;16;1.0;456;32;444;32;12;31
TE269;16.01.2024;17;1.0;368;32;361;32;7;31
TE269;16.01.2024;18;1.0;361;31;345;31;16;32
TE269;16.01.2024;19;1.0;263;33;254;33;9;34
TE269;16.01.2024;20;1.0;176;36;170;36;6;36
TE269;16.01.2024;21;1.0;133;35;130;35;3;36
TE269;16.01.2024;22;1.0;94;42;90;42;4;40
TE269;16.01.2024;23;1.0;49;41;45;42;4;39
TE269;17.01.2024;0;1.0;20;40;18;40;2;38
TE269;17.01.2024;1;1.0;12;39;10;39;2;37
TE269;17.01.2024;2;1.0;15;40;12;40;3;40
TE269;17.01.2024;3;1.0;22;43;19;43;3;43
TE269;17.01.2024;4;1.0;22;40;20;39;2;41
TE269;17.01.2024;5;1.0;113;44;108;44;5;42
TE269;17.01.2024;6;1.0;201;35;191;35;10;35
TE269;17.01.2024;7;1.0;319;33;306;33;13;33
TE269;17.01.2024;8;1.0;380;33;365;33;15;33
TE269;17.01.2024;9;1.0;275;33;263;33;12;33
TE269;17.01.2024;10;1.0;292;32;277;32;15;33
TE269;17.01.2024;11;1.0;350;32;334;33;16;33
TE269;17.01.2024;12;1.0;348;31;329;31;19;29
TE269;17.01.2024;13;1.0;359;31;348;31;11;31
TE269;17.01.2024;14;1.0;434;31;422;31;12;30
TE269;17.01.2024;15;1.0;470;30;460;30;10;31
TE269;17.01.2024;16;1.0;517;31;506;31;11;31
TE269;17.01.2024;17;1.0;412;31;407;31;5;31
TE269;17.01.2024;18;1.0;356;30;347;30;9;30
TE269;17.01.2024;19;1.0;263;33;253;33;10;33
TE269;17.01.2024;20;1.0;172;33;168;33;4;35
TE269;17.01.2024;21;1.0;138;34;134;34;4;35
TE269;17.01.2024;22;1.0;99;39;96;39;3;37
TE269;17.01.2024;23;1.0;54;40;51;40;3;34
TE269;18.01.2024;0;1.0;22;41;20;41;2;38
TE269;18.01.2024;1;1.0;18;44;17;44;1;39
TE269;18.01.2024;2;1.0;30;42;28;42;2;39
TE269;18.01.2024;3;1.0;52;43;51;43;1;41
TE269;18.01.2024;4;1.0;42;44;41;44;1;41
TE269;18.01.2024;5;1.0;105;45;101;45;4;41
TE269;18.01.2024;6;1.0;195;36;185;36;10;35
TE269;18.01.2024;7;1.0;304;33;295;33;9;33
TE269;18.01.2024;8;1.0;359;32;347;32;12;31
TE269;18.01.2024;9;1.0;277;33;267;33;10;33
TE269;18.01.2024;10;1.0;295;32;282;32;13;31
TE269;18.01.2024;11;1.0;297;32;283;32;14;32
TE269;18.01.2024;12;1.0;352;31;339;31;13;31
TE269;18.01.2024;13;1.0;394;30;384;30;10;30
TE269;18.01.2024;14;1.0;439;29;428;29;11;29
TE269;18.01.2024;15;1.0;489;30;474;30;15;30
TE269;18.01.2024;16;1.0;471;27;460;27;11;26
TE269;18.01.2024;17;1.0;414;29;405;29;9;28
TE269;18.01.2024;18;1.0;383;29;373;29;10;30
TE269;18.01.2024;19;1.0;284;31;272;31;12;32
TE269;18.01.2024;20;1.0;176;33;168;33;8;34
TE269;18.01.2024;21;1.0;132;34;128;34;4;34
TE269;18.01.2024;22;1.0;106;40;101;40;5;38
TE269;18.01.2024;23;1.0;51;43;47;43;4;44
TE269;19.01.2024;0;1.0;22;46;20;47;2;36
TE269;19.01.2024;1;1.0;16;48;13;49;3;39
TE269;19.01.2024;2;1.0;13;50;11;52;2;40
TE269;19.01.2024;3;1.0;12;46;10;48;2;39
TE269;19.01.2024;4;1.0;24;44;20;44;4;45
TE269;19.01.2024;5;1.0;112;44;101;44;11;43
TE269;19.01.2024;6;1.0;201;34;187;34;14;35
TE269;19.01.2024;7;1.0;300;31;290;31;10;30
TE269;19.01.2024;8;1.0;373;33;357;33;16;32
TE269;19.01.2024;9;1.0;310;25;289;25;20;25
TE269;19.01.2024;10;1.0;309;28;288;28;21;28
TE269;19.01.2024;11;1.0;351;29;331;29;20;29
TE269;19.01.2024;12;1.0;432;29;418;29;14;29
TE269;19.01.2024;13;1.0;451;29;440;29;11;29
TE269;19.01.2024;14;1.0;532;27;519;27;13;27
TE269;19.01.2024;15;1.0;529;29;515;29;14;28
TE269;19.01.2024;16;1.0;436;25;425;25;11;25
TE269;19.01.2024;17;1.0;402;30;388;30;14;30
TE269;19.01.2024;18;1.0;329;31;319;31;10;31
TE269;19.01.2024;19;1.0;265;30;251;30;14;30
TE269;19.01.2024;20;1.0;178;31;171;31;7;32
TE269;19.01.2024;21;1.0;142;29;137;29;5;30
TE269;19.01.2024;22;1.0;131;38;127;38;4;37
TE269;19.01.2024;23;1.0;108;39;104;39;4;38
TE269;20.01.2024;0;1.0;77;37;76;37;1;37
TE269;20.01.2024;1;1.0;41;38;38;38;3;37
TE269;20.01.2024;2;1.0;25;38;21;38;4;38
TE269;20.01.2024;3;1.0;13;38;9;40;4;32
TE269;20.01.2024;4;1.0;18;39;16;39;2;40
TE269;20.01.2024;5;1.0;36;41;35;41;1;41
TE269;20.01.2024;6;1.0;49;34;48;34;1;35
TE269;20.01.2024;7;1.0;88;29;86;29;2;30
TE269;20.01.2024;8;1.0;114;29;113;29;1;32
TE269;20.01.2024;9;1.0;198;30;194;30;4;30
TE269;20.01.2024;10;1.0;286;31;282;31;4;32
TE269;20.01.2024;11;1.0;375;29;367;29;8;30
TE269;20.01.2024;12;1.0;389;30;378;30;11;30
TE269;20.01.2024;13;1.0;442;29;429;29;13;30
TE269;20.01.2024;14;1.0;426;28;412;28;14;28
TE269;20.01.2024;15;1.0;408;29;402;29;6;29
TE269;20.01.2024;16;1.0;330;29;323;29;7;29
TE269;20.01.2024;17;1.0;350;28;341;28;9;28
TE269;20.01.2024;18;1.0;271;29;264;29;7;30
TE269;20.01.2024;19;1.0;221;30;212;30;9;31
TE269;20.01.2024;20;1.0;173;31;168;31;5;29
TE269;20.01.2024;21;1.0;129;31;125;31;4;29
TE269;20.01.2024;22;1.0;142;38;137;38;5;35
TE269;20.01.2024;23;1.0;108;39;105;39;3;36
TE269;21.01.2024;0;1.0;82;41;81;41;1;39
TE269;21.01.2024;1;1.0;39;44;37;44;2;40
TE269;21.01.2024;2;1.0;37;42;34;42;3;44
TE269;21.01.2024;3;1.0;19;43;17;43;2;45
TE269;21.01.2024;4;1.0;11;43;9;44;2;36
TE269;21.01.2024;5;1.0;22;46;20;47;2;39
TE269;21.01.2024;6;1.0;22;50;20;50;2;42
TE269;21.01.2024;7;1.0;29;37;29;37;0;-1
TE269;21.01.2024;8;1.0;67;35;65;35;2;30
TE269;21.01.2024;9;1.0;102;33;101;33;1;32
TE269;21.01.2024;10;1.0;187;33;182;33;5;32
TE269;21.01.2024;11;1.0;200;34;197;34;3;32
TE269;21.01.2024;12;1.0;221;30;215;30;6;29
TE269;21.01.2024;13;1.0;274;29;269;29;5;28
TE269;21.01.2024;14;1.0;248;29;243;29;5;28
TE269;21.01.2024;15;1.0;221;29;218;29;3;28
TE269;21.01.2024;16;1.0;223;29;218;29;5;29
TE269;21.01.2024;17;1.0;232;29;227;29;5;29
TE269;21.01.2024;18;1.0;251;29;246;29;5;29
TE269;21.01.2024;19;1.0;178;29;172;29;6;30
TE269;21.01.2024;20;1.0;130;30;126;30;4;30
TE269;21.01.2024;21;1.0;107;30;101;30;6;30
TE269;21.01.2024;22;1.0;58;38;51;38;7;35
TE269;21.01.2024;23;1.0;40;37;37;37;3;36
TE269;22.01.2024;0;1.0;26;40;24;40;2;40
TE269;22.01.2024;1;1.0;15;39;12;39;3;39
TE269;22.01.2024;2;1.0;7;38;5;37;2;40
TE269;22.01.2024;3;1.0;12;39;11;38;1;42
TE269;22.01.2024;4;1.0;31;44;26;44;5;43
TE269;22.01.2024;5;1.0;120;37;114;37;6;37
TE269;22.01.2024;6;1.0;208;31;199;31;9;31
TE269;22.01.2024;7;1.0;305;29;296;29;9;29
TE269;22.01.2024;8;1.0;411;28;389;28;22;28
TE269;22.01.2024;9;1.0;304;30;288;30;16;30
TE269;22.01.2024;10;1.0;330;29;322;29;8;28
TE269;22.01.2024;11;1.0;319;28;307;28;12;28
TE269;22.01.2024;12;1.0;350;29;334;29;16;28
TE269;22.01.2024;13;1.0;401;29;385;29;16;28
TE269;22.01.2024;15;1.0;501;28;485;28;16;28
TE269;22.01.2024;16;1.0;444;28;425;28;19;28
TE269;22.01.2024;17;1.0;417;27;405;27;12;27
TE269;22.01.2024;18;1.0;351;29;340;29;11;28
TE269;22.01.2024;19;1.0;263;28;250;28;13;28
TE269;22.01.2024;20;1.0;186;29;181;29;5;28
TE269;22.01.2024;21;1.0;136;30;130;30;6;29
TE269;22.01.2024;22;1.0;81;36;76;36;5;36
TE269;22.01.2024;23;1.0;54;35;50;35;4;36
TE269;23.01.2024;0;1.0;39;38;37;38;2;35
TE269;23.01.2024;1;1.0;17;38;14;38;3;38
TE269;23.01.2024;2;1.0;8;41;4;36;4;46
TE269;23.01.2024;3;1.0;10;40;8;40;2;40
TE269;23.01.2024;4;1.0;27;46;22;46;5;45
TE269;23.01.2024;5;1.0;113;39;108;39;5;41
TE269;23.01.2024;6;1.0;200;34;184;34;16;35
TE269;23.01.2024;7;1.0;312;30;299;30;13;31
TE269;23.01.2024;8;1.0;401;29;384;29;17;30
TE269;23.01.2024;9;1.0;324;30;307;30;17;29
TE269;23.01.2024;10;1.0;388;29;364;29;24;29
TE269;23.01.2024;11;1.0;343;29;324;29;19;29
TE269;23.01.2024;12;1.0;374;29;354;29;20;30
TE269;23.01.2024;13;1.0;392;30;376;30;16;30
TE269;23.01.2024;14;1.0;401;28;387;28;14;28
TE269;23.01.2024;15;1.0;485;28;467;28;18;28
TE269;23.01.2024;16;1.0;451;28;437;28;14;28
TE269;23.01.2024;17;1.0;383;28;373;28;10;28
TE269;23.01.2024;18;1.0;401;28;392;28;9;29
TE269;23.01.2024;19;1.0;302;28;289;29;13;28
TE269;23.01.2024;20;1.0;175;29;168;29;7;29
TE269;23.01.2024;21;1.0;144;30;139;30;5;30
TE269;23.01.2024;22;1.0;112;36;106;36;6;36
TE269;23.01.2024;23;1.0;54;37;50;37;4;37
TE269;24.01.2024;0;1.0;26;40;25;40;1;37
TE269;24.01.2024;1;1.0;12;37;9;36;3;39
TE269;24.01.2024;2;1.0;10;41;6;39;4;46
TE269;24.01.2024;3;1.0;13;42;11;42;2;47
TE269;24.01.2024;4;1.0;26;42;20;42;6;41
TE269;24.01.2024;5;1.0;125;38;117;38;8;38
TE269;24.01.2024;6;1.0;210;31;186;31;24;31
TE269;24.01.2024;7;1.0;345;29;331;29;14;29
TE269;24.01.2024;8;1.0;387;29;372;29;15;29
TE269;24.01.2024;9;1.0;306;29;281;29;25;29
TE269;24.01.2024;10;1.0;312;29;292;29;20;28
TE269;24.01.2024;11;1.0;380;29;363;29;17;30
TE269;24.01.2024;12;1.0;370;30;347;30;23;30
TE269;24.01.2024;13;1.0;390;29;364;29;26;29
TE269;24.01.2024;14;1.0;436;28;421;28;15;28
TE269;24.01.2024;15;1.0;490;28;469;28;21;27
TE269;24.01.2024;16;1.0;491;28;473;28;18;27
TE269;24.01.2024;17;1.0;417;28;405;28;12;27
TE269;24.01.2024;18;1.0;393;30;385;30;8;29
TE269;24.01.2024;19;1.0;318;29;306;29;12;30
TE269;24.01.2024;21;1.0;163;29;160;29;3;29
TE269;24.01.2024;22;1.0;114;35;105;36;9;34
TE269;24.01.2024;23;1.0;69;38;64;38;5;35
TE269;25.01.2024;0;1.0;31;38;29;38;2;35
TE269;25.01.2024;1;1.0;12;43;8;46;4;37
TE269;25.01.2024;2;1.0;11;41;9;42;2;36
TE269;25.01.2024;3;1.0;11;37;7;38;4;35
TE269;25.01.2024;4;1.0;24;42;20;42;4;40
TE269;25.01.2024;5;1.0;137;40;130;40;7;41
TE269;25.01.2024;6;1.0;201;32;188;32;13;32
TE269;25.01.2024;7;1.0;347;30;326;30;21;30
TE269;25.01.2024;8;1.0;387;30;366;30;21;29
TE269;25.01.2024;9;1.0;332;29;321;29;11;30
TE269;25.01.2024;10;1.0;307;29;287;29;20;30
TE269;25.01.2024;11;1.0;331;31;320;31;11;30
TE269;25.01.2024;12;1.0;392;30;378;30;14;30
TE269;25.01.2024;13;1.0;382;29;369;29;13;29
TE269;25.01.2024;14;1.0;401;28;381;28;20;29
TE269;25.01.2024;15;1.0;450;28;435;28;15;28
TE269;25.01.2024;16;1.0;405;24;395;24;10;26
TE269;25.01.2024;17;1.0;382;28;378;28;4;28
TE269;25.01.2024;18;1.0;371;29;363;29;8;28
TE269;25.01.2024;19;1.0;312;31;305;31;7;31
TE269;25.01.2024;20;1.0;198;32;190;32;8;32
TE269;25.01.2024;21;1.0;131;35;126;35;5;32
TE269;25.01.2024;22;1.0;117;32;113;32;4;32
TE269;25.01.2024;23;1.0;86;36;82;36;4;35
TE269;26.01.2024;0;1.0;41;34;39;34;2;33
TE269;26.01.2024;1;1.0;17;44;14;44;3;44
TE269;26.01.2024;2;1.0;10;45;6;43;4;48
TE269;26.01.2024;3;1.0;13;37;13;37;0;-1
TE269;26.01.2024;4;1.0;33;43;31;43;2;41
TE269;26.01.2024;5;1.0;109;43;105;43;4;43
TE269;26.01.2024;6;1.0;210;36;201;36;9;37
TE269;26.01.2024;7;1.0;287;30;276;30;11;31
TE269;26.01.2024;8;1.0;356;34;346;34;10;34
TE269;26.01.2024;9;1.0;294;34;283;33;11;34
TE269;26.01.2024;10;1.0;349;30;331;30;18;30
TE269;26.01.2024;11;1.0;352;30;340;30;12;29
TE269;26.01.2024;12;1.0;417;27;403;27;14;27
TE269;26.01.2024;13;1.0;391;31;383;31;8;31
TE269;26.01.2024;14;1.0;458;31;440;31;18;30
TE269;26.01.2024;15;1.0;445;31;435;31;10;30
TE269;26.01.2024;16;1.0;399;29;391;29;8;31
TE269;26.01.2024;17;1.0;358;28;345;28;13;28
TE269;26.01.2024;18;1.0;292;31;284;31;8;31
TE269;26.01.2024;19;1.0;280;29;271;29;9;29
TE269;26.01.2024;20;1.0;176;28;169;28;7;28
TE269;26.01.2024;21;1.0;162;29;156;29;6;30
TE269;26.01.2024;22;1.0;133;35;126;35;7;34
TE269;26.01.2024;23;1.0;106;37;102;37;4;38
TE269;27.01.2024;0;1.0;74;36;72;36;2;36
TE269;27.01.2024;1;1.0;42;39;38;39;4;36
TE269;27.01.2024;2;1.0;27;41;25;41;2;43
TE269;27.01.2024;3;1.0;17;42;14;42;3;37
TE269;27.01.2024;4;1.0;20;38;17;38;3;41
TE269;27.01.2024;5;1.0;45;39;44;39;1;38
TE269;27.01.2024;6;1.0;60;27;60;27;0;-1
TE269;27.01.2024;7;1.0;74;28;70;28;4;31
TE269;27.01.2024;8;1.0;118;30;118;30;0;-1
TE269;27.01.2024;9;1.0;222;30;216;30;6;30
TE269;27.01.2024;10;1.0;289;30;283;30;6;29
TE269;27.01.2024;11;1.0;361;31;349;31;12;32
TE269;27.01.2024;12;1.0;385;30;375;30;10;30
TE269;27.01.2024;13;1.0;403;30;394;30;9;30
TE269;27.01.2024;14;1.0;420;28;410;28;10;28
TE269;27.01.2024;15;1.0;403;28;392;28;11;29
TE269;27.01.2024;16;1.0;313;28;301;28;12;28
TE269;27.01.2024;17;1.0;278;29;269;29;9;28
TE269;27.01.2024;18;1.0;301;29;288;29;13;29
TE269;27.01.2024;19;1.0;224;30;216;30;8;31
TE269;27.01.2024;20;1.0;168;28;162;28;6;26
TE269;27.01.2024;21;1.0;139;28;136;28;3;28
TE269;27.01.2024;22;1.0;110;37;107;37;3;37
TE269;27.01.2024;23;1.0;96;36;92;36;4;34
TE269;28.01.2024;0;1.0;82;36;80;36;2;34
TE269;28.01.2024;1;1.0;51;41;46;42;5;38
TE269;28.01.2024;2;1.0;49;40;47;40;2;43
TE269;28.01.2024;3;1.0;18;41;16;41;2;40
TE269;28.01.2024;4;1.0;24;40;22;40;2;39
TE269;28.01.2024;5;1.0;24;41;22;41;2;39
TE269;28.01.2024;6;1.0;18;43;16;43;2;42
TE269;28.01.2024;7;1.0;36;37;34;37;2;40
TE269;28.01.2024;8;1.0;63;31;62;31;1;33
TE269;28.01.2024;9;1.0;130;29;127;29;3;28
TE269;28.01.2024;10;1.0;176;28;172;28;4;30
TE269;28.01.2024;11;1.0;219;29;214;29;5;29
TE269;28.01.2024;12;1.0;308;29;303;29;5;30
TE269;28.01.2024;13;1.0;300;30;296;30;4;31
TE269;28.01.2024;14;1.0;293;29;289;29;4;30
TE269;28.01.2024;15;1.0;259;28;257;28;2;30
TE269;28.01.2024;16;1.0;262;29;257;29;5;27
TE269;28.01.2024;17;1.0;236;29;231;29;5;28
TE269;28.01.2024;18;1.0;240;30;236;30;4;29
TE269;28.01.2024;19;1.0;185;30;180;30;5;30
TE269;28.01.2024;20;1.0;140;29;137;29;3;29
TE269;28.01.2024;21;1.0;125;28;120;28;5;29
TE269;28.01.2024;22;1.0;82;33;80;33;2;32
TE269;28.01.2024;23;1.0;43;35;38;35;5;34
TE269;29.01.2024;0;1.0;25;35;23;35;2;36
TE269;29.01.2024;1;1.0;12;37;9;38;3;36
TE269;29.01.2024;2;1.0;11;38;7;38;4;39
TE269;29.01.2024;3;1.0;11;35;8;34;3;39
TE269;29.01.2024;4;1.0;29;42;27;40;2;58
TE269;29.01.2024;5;1.0;104;38;97;39;7;37
TE269;29.01.2024;6;1.0;203;31;189;31;14;29
TE269;29.01.2024;7;1.0;323;28;312;28;11;29
TE269;29.01.2024;8;1.0;370;29;355;29;15;29
TE269;29.01.2024;9;1.0;312;29;293;29;19;30
TE269;29.01.2024;10;1.0;296;29;274;29;22;27
TE269;29.01.2024;11;1.0;386;28;360;28;26;28
TE269;29.01.2024;12;1.0;352;28;328;28;24;28
TE269;29.01.2024;13;1.0;380;29;357;29;23;28
TE269;29.01.2024;14;1.0;398;28;381;28;17;28
TE269;29.01.2024;15;1.0;458;28;439;28;19;27
TE269;29.01.2024;16;1.0;453;27;429;27;24;27
TE269;29.01.2024;17;1.0;382;27;373;27;9;27
TE269;29.01.2024;18;1.0;385;28;374;28;11;28
TE269;29.01.2024;19;1.0;278;29;271;29;7;28
TE269;29.01.2024;20;1.0;189;31;184;31;5;32
TE269;29.01.2024;21;1.0;137;29;134;29;3;29
TE269;29.01.2024;22;1.0;100;35;95;35;5;34
TE269;29.01.2024;23;1.0;51;39;48;39;3;38
TE269;30.01.2024;0;1.0;22;39;20;39;2;40
TE269;30.01.2024;1;1.0;14;38;11;38;3;38
TE269;30.01.2024;2;1.0;10;41;6;42;4;39
TE269;30.01.2024;3;1.0;9;43;7;46;2;33
TE269;30.01.2024;4;1.0;21;40;18;40;3;43
TE269;30.01.2024;5;1.0;105;39;97;39;8;37
TE269;30.01.2024;6;1.0;199;32;182;32;17;31
TE269;30.01.2024;7;1.0;335;30;321;30;14;30
TE269;30.01.2024;8;1.0;348;31;326;31;22;31
TE269;30.01.2024;9;1.0;314;29;291;29;23;29
TE269;30.01.2024;10;1.0;331;29;310;29;21;30
TE269;30.01.2024;11;1.0;345;29;320;29;25;28
TE269;30.01.2024;12;1.0;386;29;367;29;19;28
TE269;30.01.2024;13;1.0;358;28;334;28;24;28
TE269;30.01.2024;14;1.0;423;29;404;29;19;29
TE269;30.01.2024;15;1.0;462;28;443;28;19;27
TE269;30.01.2024;16;1.0;431;28;416;28;15;27
TE269;30.01.2024;17;1.0;392;28;384;28;8;28
TE269;30.01.2024;18;1.0;355;28;341;28;14;29
TE269;30.01.2024;19;1.0;230;29;218;29;12;28
TE269;30.01.2024;20;1.0;181;31;173;31;8;31
TE269;30.01.2024;21;1.0;162;30;156;30;6;30
TE269;30.01.2024;22;1.0;105;34;98;34;7;33
TE269;30.01.2024;23;1.0;59;36;54;36;5;35
TE269;31.01.2024;0;1.0;25;34;23;34;2;34
TE269;31.01.2024;1;1.0;22;39;16;36;6;48
TE269;31.01.2024;2;1.0;10;37;8;38;2;35
TE269;31.01.2024;3;1.0;10;38;8;38;2;36
TE269;31.01.2024;4;1.0;18;37;15;37;3;37
TE269;31.01.2024;5;1.0;103;39;94;39;9;38
TE269;31.01.2024;6;1.0;198;34;181;34;17;34
TE269;31.01.2024;7;1.0;344;30;334;30;10;31
TE269;31.01.2024;8;1.0;351;31;336;31;15;31
TE269;31.01.2024;9;1.0;245;30;233;30;12;30
TE269;31.01.2024;10;1.0;311;29;302;29;9;29
TE269;31.01.2024;11;1.0;362;30;348;30;14;31
TE269;31.01.2024;12;1.0;359;30;345;30;14;30
TE269;31.01.2024;13;1.0;395;30;383;30;12;31
TE269;31.01.2024;14;1.0;394;29;386;29;8;30
TE269;31.01.2024;15;1.0;440;30;433;30;7;30
TE269;31.01.2024;16;1.0;432;30;426;30;6;29
TE269;31.01.2024;17;1.0;415;29;408;29;7;30
TE269;31.01.2024;18;1.0;364;32;356;32;8;32
TE269;31.01.2024;19;1.0;285;33;277;33;8;33
TE269;31.01.2024;20;1.0;190;34;184;34;6;32
TE269;31.01.2024;21;1.0;139;31;135;31;4;31
TE269;31.01.2024;22;1.0;106;33;101;33;5;32
TE269;31.01.2024;23;1.0;99;30;95;30;4;32
TE272;01.01.2024;0;1.0;113;54;106;55;7;49
TE272;01.01.2024;1;1.0;269;53;266;53;3;50
TE272;01.01.2024;2;1.0;256;53;250;53;6;50
TE272;01.01.2024;3;1.0;185;52;180;52;5;50
TE272;01.01.2024;4;1.0;166;54;158;54;8;50
TE272;01.01.2024;5;1.0;111;56;103;56;8;49
TE272;01.01.2024;6;1.0;97;54;87;55;10;53
TE272;01.01.2024;7;1.0;96;57;87;57;9;53
TE272;01.01.2024;8;1.0;80;55;69;57;11;50
TE272;01.01.2024;9;1.0;110;55;93;55;17;51
TE272;01.01.2024;10;1.0;151;56;133;57;18;52
TE272;01.01.2024;11;1.0;252;52;234;52;18;50
TE272;01.01.2024;12;1.0;291;54;275;54;16;55
TE272;01.01.2024;13;1.0;387;55;370;55;17;51
TE272;01.01.2024;14;1.0;424;54;406;54;18;53
TE272;01.01.2024;15;1.0;470;53;451;53;19;51
TE272;01.01.2024;16;1.0;520;54;502;54;18;53
TE272;01.01.2024;17;1.0;512;53;495;53;17;51
TE272;01.01.2024;18;1.0;438;54;422;54;16;53
TE272;01.01.2024;19;1.0;337;54;321;55;16;54
TE272;01.01.2024;20;1.0;278;55;264;56;14;54
TE272;01.01.2024;21;1.0;209;57;198;57;11;56
TE272;01.01.2024;22;1.0;174;54;163;54;11;53
TE272;01.01.2024;23;1.0;115;55;108;55;7;47
TE272;02.01.2024;0;1.0;74;53;69;54;5;52
TE272;02.01.2024;1;1.0;41;54;35;55;6;50
TE272;02.01.2024;2;1.0;41;53;36;53;5;57
TE272;02.01.2024;3;1.0;52;53;46;53;6;50
TE272;02.01.2024;4;1.0;134;52;123;52;11;50
TE272;02.01.2024;5;1.0;534;52;517;52;17;50
TE272;02.01.2024;6;1.0;717;52;693;52;24;51
TE272;02.01.2024;7;1.0;886;51;856;51;30;50
TE272;02.01.2024;8;1.0;973;52;942;52;31;50
TE272;02.01.2024;9;1.0;823;56;790;56;33;54
TE272;02.01.2024;10;1.0;778;56;750;56;28;54
TE272;02.01.2024;11;1.0;783;54;758;54;25;52
TE272;02.01.2024;12;1.0;812;54;783;54;29;53
TE272;02.01.2024;13;1.0;809;56;787;56;22;53
TE272;02.01.2024;14;1.0;792;56;768;56;24;56
TE272;02.01.2024;15;1.0;858;56;836;56;22;53
TE272;02.01.2024;16;1.0;803;54;781;54;22;52
TE272;02.01.2024;17;1.0;732;54;713;54;19;53
TE272;02.01.2024;18;1.0;561;52;544;52;17;52
TE272;02.01.2024;19;1.0;406;55;391;55;15;52
TE272;02.01.2024;20;1.0;310;53;296;54;14;52
TE272;02.01.2024;21;1.0;278;54;265;54;13;50
TE272;02.01.2024;22;1.0;203;53;195;53;8;53
TE272;02.01.2024;23;1.0;149;52;138;52;11;50
TE272;03.01.2024;0;1.0;93;53;88;53;5;52
TE272;03.01.2024;1;1.0;57;52;49;52;8;51
TE272;03.01.2024;2;1.0;52;54;45;54;7;52
TE272;03.01.2024;3;1.0;58;51;50;52;8;52
TE272;03.01.2024;4;1.0;137;52;125;52;12;48
TE272;03.01.2024;5;1.0;508;52;472;52;36;52
TE272;03.01.2024;6;1.0;718;51;681;52;37;51
TE272;03.01.2024;7;1.0;1002;50;951;50;51;49
TE272;03.01.2024;8;1.0;1122;48;1080;48;42;48
TE272;03.01.2024;9;1.0;1034;50;978;50;56;50
TE272;03.01.2024;10;1.0;894;51;819;51;75;51
TE272;03.01.2024;11;1.0;853;52;808;52;45;51
TE272;03.01.2024;12;1.0;776;50;727;50;49;49
TE272;03.01.2024;13;1.0;854;52;811;52;43;51
TE272;03.01.2024;14;1.0;864;51;825;51;39;49
TE272;03.01.2024;15;1.0;821;50;793;50;28;50
TE272;03.01.2024;16;1.0;1209;47;1150;47;59;47
TE272;03.01.2024;17;1.0;722;51;692;51;30;49
TE272;03.01.2024;18;1.0;626;51;602;51;24;49
TE272;03.01.2024;19;1.0;500;52;480;52;20;51
TE272;03.01.2024;20;1.0;341;51;326;51;15;49
TE272;03.01.2024;21;1.0;265;54;247;54;18;51
TE272;03.01.2024;22;1.0;214;54;204;54;10;52
TE272;03.01.2024;23;1.0;135;55;123;56;12;50
TE272;04.01.2024;0;1.0;107;53;100;53;7;47
TE272;04.01.2024;1;1.0;57;54;52;54;5;47
TE272;04.01.2024;2;1.0;48;55;39;56;9;50
TE272;04.01.2024;3;1.0;84;55;75;54;9;56
TE272;04.01.2024;4;1.0;152;58;141;59;11;57
TE272;04.01.2024;5;1.0;496;57;476;58;20;60
TE272;04.01.2024;6;1.0;761;57;741;57;20;54
TE272;04.01.2024;7;1.0;1068;49;1045;49;23;47
TE272;04.01.2024;8;1.0;1310;46;1248;46;62;44
TE272;04.01.2024;9;1.0;1092;51;1016;51;76;51
TE272;04.01.2024;10;1.0;911;51;856;51;55;50
TE272;04.01.2024;11;1.0;866;51;821;51;45;50
TE272;04.01.2024;12;1.0;810;55;775;55;35;54
TE272;04.01.2024;13;1.0;841;52;804;53;37;51
TE272;04.01.2024;14;1.0;882;52;851;52;31;51
TE272;04.01.2024;15;1.0;885;51;845;51;40;51
TE272;04.01.2024;16;1.0;798;53;770;53;28;55
TE272;04.01.2024;17;1.0;835;52;808;52;27;51
TE272;04.01.2024;18;1.0;689;55;658;55;31;51
TE272;04.01.2024;19;1.0;488;55;470;55;18;53
TE272;04.01.2024;20;1.0;349;56;335;56;14;55
TE272;04.01.2024;21;1.0;282;57;264;57;18;56
TE272;04.01.2024;22;1.0;216;57;205;58;11;55
TE272;04.01.2024;23;1.0;165;57;153;57;12;53
TE272;05.01.2024;0;1.0;109;56;100;56;9;52
TE272;05.01.2024;1;1.0;63;56;59;56;4;59
TE272;05.01.2024;2;1.0;48;55;42;55;6;50
TE272;05.01.2024;3;1.0;74;59;68;59;6;56
TE272;05.01.2024;4;1.0;145;57;129;58;16;53
TE272;05.01.2024;5;1.0;476;58;448;58;28;57
TE272;05.01.2024;6;1.0;664;55;629;56;35;55
TE272;05.01.2024;7;1.0;904;51;852;51;52;51
TE272;05.01.2024;8;1.0;1036;53;1018;53;18;51
TE272;05.01.2024;9;1.0;1005;54;979;54;26;51
TE272;05.01.2024;10;1.0;878;54;823;55;55;54
TE272;05.01.2024;11;1.0;799;54;748;54;51;54
TE272;05.01.2024;12;1.0;794;54;753;54;41;53
TE272;05.01.2024;13;1.0;837;55;802;55;35;55
TE272;05.01.2024;14;1.0;841;54;807;54;34;53
TE272;05.01.2024;15;1.0;1061;52;1019;52;42;52
TE272;05.01.2024;16;1.0;867;53;840;53;27;52
TE272;05.01.2024;17;1.0;877;55;852;55;25;51
TE272;05.01.2024;18;1.0;778;55;754;55;24;54
TE272;05.01.2024;19;1.0;512;58;494;58;18;54
TE272;05.01.2024;20;1.0;398;59;383;59;15;55
TE272;05.01.2024;21;1.0;246;58;237;58;9;54
TE272;05.01.2024;22;1.0;174;57;166;59;8;51
TE272;05.01.2024;23;1.0;141;60;136;60;5;52
TE272;06.01.2024;0;1.0;94;59;91;59;3;57
TE272;06.01.2024;1;1.0;93;61;89;61;4;53
TE272;06.01.2024;2;1.0;57;62;55;62;2;50
TE272;06.01.2024;3;1.0;44;62;42;62;2;44
TE272;06.01.2024;4;1.0;89;62;85;63;4;49
TE272;06.01.2024;5;1.0;157;58;150;59;7;51
TE272;06.01.2024;6;1.0;131;62;114;62;17;59
TE272;06.01.2024;7;1.0;181;59;159;59;22;58
TE272;06.01.2024;8;1.0;275;57;256;57;19;57
TE272;06.01.2024;9;1.0;469;58;447;58;22;56
TE272;06.01.2024;10;1.0;622;56;594;56;28;54
TE272;06.01.2024;11;1.0;640;54;615;54;25;54
TE272;06.01.2024;12;1.0;728;53;701;53;27;53
TE272;06.01.2024;13;1.0;823;54;794;54;29;53
TE272;06.01.2024;14;1.0;846;54;824;54;22;52
TE272;06.01.2024;15;1.0;790;53;771;53;19;53
TE272;06.01.2024;16;1.0;793;55;771;55;22;53
TE272;06.01.2024;17;1.0;724;53;701;53;23;51
TE272;06.01.2024;18;1.0;669;57;646;57;23;54
TE272;06.01.2024;19;1.0;530;56;515;56;15;53
TE272;06.01.2024;20;1.0;398;57;382;57;16;54
TE272;06.01.2024;21;1.0;308;56;293;57;15;53
TE272;06.01.2024;22;1.0;276;57;264;58;12;55
TE272;06.01.2024;23;1.0;222;59;212;60;10;54
TE272;07.01.2024;0;1.0;144;59;136;60;8;54
TE272;07.01.2024;1;1.0;111;55;107;55;4;55
TE272;07.01.2024;2;1.0;76;55;72;55;4;48
TE272;07.01.2024;3;1.0;75;56;70;56;5;54
TE272;07.01.2024;4;1.0;63;54;56;53;7;57
TE272;07.01.2024;5;1.0;109;52;101;53;8;44
TE272;07.01.2024;6;1.0;85;57;75;58;10;50
TE272;07.01.2024;7;1.0;91;59;80;59;11;55
TE272;07.01.2024;8;1.0;120;60;108;61;12;53
TE272;07.01.2024;9;1.0;249;58;233;58;16;54
TE272;07.01.2024;10;1.0;317;59;300;59;17;54
TE272;07.01.2024;11;1.0;369;58;353;58;16;55
TE272;07.01.2024;12;1.0;459;58;438;58;21;55
TE272;07.01.2024;13;1.0;589;58;574;58;15;54
TE272;07.01.2024;14;1.0;638;57;618;58;20;55
TE272;07.01.2024;15;1.0;595;59;580;59;15;53
TE272;07.01.2024;16;1.0;609;58;590;58;19;54
TE272;07.01.2024;17;1.0;555;56;537;56;18;54
TE272;07.01.2024;18;1.0;503;58;487;58;16;50
TE272;07.01.2024;19;1.0;423;59;404;59;19;58
TE272;07.01.2024;20;1.0;315;58;300;58;15;52
TE272;07.01.2024;21;1.0;263;52;249;52;14;49
TE272;07.01.2024;22;1.0;185;52;174;52;11;49
TE272;07.01.2024;23;1.0;117;54;108;54;9;52
TE272;08.01.2024;0;1.0;98;52;82;52;16;51
TE272;08.01.2024;1;1.0;56;55;44;56;12;54
TE272;08.01.2024;5;1.0;550;53;521;53;29;52
TE272;08.01.2024;6;1.0;848;51;805;51;43;51
TE272;08.01.2024;7;1.0;1159;48;1105;48;54;48
TE272;08.01.2024;8;1.0;1244;48;1198;48;46;48
TE272;08.01.2024;9;1.0;949;50;902;50;47;50
TE272;08.01.2024;10;1.0;806;50;758;50;48;49
TE272;08.01.2024;11;1.0;723;49;663;50;60;49
TE272;08.01.2024;12;1.0;631;51;582;51;49;50
TE272;08.01.2024;13;1.0;694;51;658;51;36;50
TE272;08.01.2024;14;1.0;723;50;681;50;42;48
TE272;08.01.2024;15;1.0;723;51;690;51;33;49
TE272;08.01.2024;16;1.0;652;50;606;50;46;47
TE272;08.01.2024;17;1.0;637;51;607;51;30;50
TE272;08.01.2024;18;1.0;513;47;489;47;25;47
TE272;08.01.2024;22;1.0;216;52;199;53;17;49
TE272;08.01.2024;23;1.0;135;52;124;52;11;52
TE272;09.01.2024;0;1.0;83;54;76;54;7;50
TE272;09.01.2024;1;1.0;60;54;53;54;7;51
TE272;09.01.2024;2;1.0;41;48;36;47;5;54
TE272;09.01.2024;8;1.0;1666;44;1597;44;69;44
TE272;09.01.2024;9;1.0;1387;48;1340;48;47;46
TE272;09.01.2024;10;1.0;1033;49;979;49;54;48
TE272;09.01.2024;11;1.0;953;50;877;50;76;48
TE272;09.01.2024;12;1.0;854;50;790;50;64;50
TE272;09.01.2024;13;1.0;823;50;783;50;40;49
TE272;09.01.2024;14;1.0;810;49;769;49;41;48
TE272;09.01.2024;15;1.0;790;50;754;50;36;49
TE272;09.01.2024;16;1.0;854;49;814;49;40;47
TE272;09.01.2024;17;1.0;1121;46;1076;46;45;47
TE272;09.01.2024;18;1.0;1388;44;1347;44;41;44
TE272;09.01.2024;19;1.0;1312;50;1269;50;43;50
TE272;09.01.2024;20;1.0;899;52;864;52;35;51
TE272;09.01.2024;21;1.0;322;53;298;54;24;50
TE272;09.01.2024;22;1.0;226;49;215;50;11;46
TE272;09.01.2024;23;1.0;156;55;145;55;11;48
TE272;10.01.2024;0;1.0;96;55;85;56;11;51
TE272;10.01.2024;1;1.0;54;54;45;55;9;51
TE272;10.01.2024;2;1.0;47;54;41;55;6;51
TE272;10.01.2024;3;1.0;64;55;56;54;8;58
TE272;10.01.2024;4;1.0;167;56;156;56;11;51
TE272;10.01.2024;5;1.0;599;54;581;54;18;51
TE272;10.01.2024;6;1.0;980;53;937;53;43;52
TE272;10.01.2024;7;1.0;1302;50;1257;50;45;50
TE272;10.01.2024;8;1.0;1706;47;1662;47;44;47
TE272;10.01.2024;9;1.0;1663;45;1593;45;70;45
TE272;10.01.2024;10;1.0;1015;49;962;49;53;49
TE272;10.01.2024;11;1.0;909;49;844;50;65;48
TE272;10.01.2024;12;1.0;803;51;748;51;55;50
TE272;10.01.2024;13;1.0;809;49;773;49;36;48
TE272;10.01.2024;14;1.0;768;49;728;49;40;48
TE272;10.01.2024;15;1.0;916;46;878;46;38;46
TE272;10.01.2024;16;1.0;909;49;886;49;23;47
TE272;10.01.2024;17;1.0;836;49;803;49;33;47
TE272;10.01.2024;18;1.0;705;49;675;49;30;48
TE272;10.01.2024;19;1.0;571;51;552;51;19;47
TE272;10.01.2024;20;1.0;377;54;360;54;17;52
TE272;10.01.2024;21;1.0;311;54;294;54;17;51
TE272;10.01.2024;22;1.0;256;56;243;57;13;49
TE272;10.01.2024;23;1.0;149;55;139;55;10;49
TE272;11.01.2024;0;1.0;82;57;71;57;11;53
TE272;11.01.2024;1;1.0;52;57;46;58;6;51
TE272;11.01.2024;2;1.0;57;58;51;58;6;61
TE272;11.01.2024;3;1.0;53;61;46;60;7;68
TE272;11.01.2024;4;1.0;166;59;157;60;9;54
TE272;11.01.2024;5;1.0;615;56;599;56;16;58
TE272;11.01.2024;6;1.0;932;53;917;53;15;52
TE272;11.01.2024;7;1.0;1271;51;1248;51;23;50
TE272;11.01.2024;8;1.0;1581;44;1542;44;39;43
TE272;11.01.2024;9;1.0;1286;53;1263;53;23;52
TE272;11.01.2024;10;1.0;1089;55;1060;55;29;55
TE272;11.01.2024;11;1.0;1080;54;1045;54;35;53
TE272;11.01.2024;12;1.0;972;55;941;55;31;52
TE272;11.01.2024;13;1.0;765;55;742;56;23;55
TE272;11.01.2024;14;1.0;813;55;793;55;20;52
TE272;11.01.2024;15;1.0;1004;54;988;54;16;49
TE272;11.01.2024;16;1.0;1002;51;980;51;22;50
TE272;11.01.2024;17;1.0;928;52;906;52;22;48
TE272;11.01.2024;18;1.0;761;53;739;53;22;51
TE272;11.01.2024;19;1.0;546;56;529;56;17;50
TE272;11.01.2024;20;1.0;414;56;399;56;15;55
TE272;11.01.2024;21;1.0;307;57;294;57;13;53
TE272;11.01.2024;22;1.0;243;56;231;56;12;53
TE272;11.01.2024;23;1.0;166;56;153;56;13;55
TE272;12.01.2024;0;1.0;79;55;72;56;7;49
TE272;12.01.2024;1;1.0;58;56;53;58;5;49
TE272;12.01.2024;2;1.0;58;58;51;59;7;58
TE272;12.01.2024;3;1.0;90;61;82;61;8;56
TE272;12.01.2024;4;1.0;154;59;147;59;7;58
TE272;12.01.2024;5;1.0;494;59;479;59;15;59
TE272;12.01.2024;6;1.0;819;59;799;59;20;57
TE272;12.01.2024;7;1.0;1189;50;1167;50;22;45
TE272;12.01.2024;8;1.0;1294;53;1270;53;24;47
TE272;12.01.2024;9;1.0;1137;55;1111;55;26;53
TE272;12.01.2024;10;1.0;872;57;846;57;26;57
TE272;12.01.2024;11;1.0;811;55;780;55;31;55
TE272;12.01.2024;12;1.0;803;55;777;55;26;53
TE272;12.01.2024;13;1.0;840;55;814;55;26;53
TE272;12.01.2024;14;1.0;1022;54;993;54;29;52
TE272;12.01.2024;15;1.0;911;55;887;55;24;52
TE272;12.01.2024;16;1.0;876;55;847;55;29;52
TE272;12.01.2024;17;1.0;798;54;780;54;18;52
TE272;12.01.2024;18;1.0;823;55;803;55;20;52
TE272;12.01.2024;19;1.0;498;57;482;57;16;51
TE272;12.01.2024;20;1.0;433;59;416;59;17;56
TE272;12.01.2024;21;1.0;339;61;325;61;14;56
TE272;12.01.2024;22;1.0;291;59;280;59;11;57
TE272;12.01.2024;23;1.0;217;60;204;60;13;55
TE272;13.01.2024;0;1.0;133;58;126;58;7;56
TE272;13.01.2024;1;1.0;92;59;89;59;3;50
TE272;13.01.2024;2;1.0;79;59;74;60;5;48
TE272;13.01.2024;3;1.0;55;59;51;59;4;50
TE272;13.01.2024;4;1.0;111;61;107;62;4;43
TE272;13.01.2024;5;1.0;159;61;146;62;13;53
TE272;13.01.2024;6;1.0;134;60;123;61;11;53
TE272;13.01.2024;7;1.0;183;59;173;59;10;52
TE272;13.01.2024;8;1.0;287;62;275;62;12;59
TE272;13.01.2024;9;1.0;511;60;495;61;16;54
TE272;13.01.2024;10;1.0;566;59;548;59;18;51
TE272;13.01.2024;11;1.0;696;57;673;57;23;55
TE272;13.01.2024;12;1.0;782;57;758;57;24;55
TE272;13.01.2024;13;1.0;885;57;865;57;20;55
TE272;13.01.2024;14;1.0;873;56;853;56;20;54
TE272;13.01.2024;15;1.0;826;57;808;57;18;55
TE272;13.01.2024;16;1.0;747;57;730;57;17;56
TE272;13.01.2024;17;1.0;687;57;670;57;17;57
TE272;13.01.2024;18;1.0;648;57;629;57;19;53
TE272;13.01.2024;19;1.0;535;57;518;58;17;56
TE272;13.01.2024;20;1.0;389;58;373;58;16;50
TE272;13.01.2024;21;1.0;322;58;308;58;14;51
TE272;13.01.2024;22;1.0;297;58;285;58;12;53
TE272;13.01.2024;23;1.0;222;58;212;59;10;56
TE272;14.01.2024;0;1.0;174;58;167;58;7;53
TE272;14.01.2024;1;1.0;118;62;113;63;5;55
TE272;14.01.2024;2;1.0;74;59;70;60;4;52
TE272;14.01.2024;3;1.0;78;64;73;64;5;52
TE272;14.01.2024;4;1.0;71;56;66;56;5;54
TE272;14.01.2024;5;1.0;114;56;106;57;8;50
TE272;14.01.2024;6;1.0;66;58;56;59;10;52
TE272;14.01.2024;7;1.0;81;56;72;58;9;46
TE272;14.01.2024;8;1.0;124;61;115;63;9;44
TE272;14.01.2024;9;1.0;248;60;233;61;15;55
TE272;14.01.2024;10;1.0;367;60;352;60;15;57
TE272;14.01.2024;11;1.0;440;58;425;59;15;56
TE272;14.01.2024;12;1.0;544;58;526;58;18;57
TE272;14.01.2024;13;1.0;620;49;601;49;20;46
TE272;14.01.2024;14;1.0;678;58;661;58;17;52
TE272;14.01.2024;15;1.0;688;55;667;55;21;53
TE272;14.01.2024;16;1.0;640;56;622;56;18;52
TE272;14.01.2024;17;1.0;612;57;591;57;21;54
TE272;14.01.2024;18;1.0;503;58;485;58;18;55
TE272;14.01.2024;19;1.0;451;57;432;57;19;53
TE272;14.01.2024;20;1.0;358;58;340;58;18;55
TE272;14.01.2024;21;1.0;278;59;264;59;14;55
TE272;14.01.2024;22;1.0;239;58;222;58;17;55
TE272;14.01.2024;23;1.0;146;59;138;60;8;55
TE272;15.01.2024;0;1.0;94;61;87;62;7;54
TE272;15.01.2024;1;1.0;64;57;58;57;6;58
TE272;15.01.2024;2;1.0;92;55;80;55;12;50
TE272;15.01.2024;3;1.0;65;59;59;59;6;57
TE272;15.01.2024;4;1.0;172;57;159;57;13;56
TE272;15.01.2024;5;1.0;677;52;650;52;27;52
TE272;15.01.2024;6;1.0;936;55;896;55;40;54
TE272;15.01.2024;7;1.0;1298;48;1262;48;36;45
TE272;15.01.2024;8;1.0;1503;47;1455;47;48;45
TE272;15.01.2024;9;1.0;1246;52;1184;52;62;51
TE272;15.01.2024;10;1.0;1049;53;983;53;66;53
TE272;15.01.2024;11;1.0;793;56;756;56;37;55
TE272;15.01.2024;12;1.0;771;54;733;54;38;54
TE272;15.01.2024;13;1.0;750;56;718;56;32;55
TE272;15.01.2024;14;1.0;738;54;712;54;26;52
TE272;15.01.2024;15;1.0;891;54;868;54;23;50
TE272;15.01.2024;16;1.0;757;54;739;54;18;51
TE272;15.01.2024;17;1.0;791;54;765;54;26;52
TE272;15.01.2024;18;1.0;596;53;575;53;21;51
TE272;15.01.2024;19;1.0;457;59;438;59;19;54
TE272;15.01.2024;20;1.0;345;58;330;58;15;56
TE272;15.01.2024;21;1.0;265;58;252;59;13;52
TE272;15.01.2024;22;1.0;219;60;204;60;15;55
TE272;15.01.2024;23;1.0;143;61;133;61;10;52
TE272;16.01.2024;0;1.0;89;57;81;57;8;54
TE272;16.01.2024;1;1.0;43;55;40;56;3;40
TE272;16.01.2024;2;1.0;46;46;41;47;5;35
TE272;16.01.2024;3;1.0;58;48;50;49;8;42
TE272;16.01.2024;4;1.0;118;44;111;44;7;44
TE272;16.01.2024;5;1.0;511;47;505;47;6;47
TE272;16.01.2024;6;1.0;870;39;829;39;40;41
TE272;16.01.2024;7;1.0;1332;45;1300;45;32;44
TE272;16.01.2024;8;1.0;1527;46;1507;46;20;44
TE272;16.01.2024;9;1.0;1505;48;1471;49;34;48
TE272;16.01.2024;10;1.0;1222;52;1188;52;34;53
TE272;16.01.2024;11;1.0;913;54;853;54;60;53
TE272;16.01.2024;12;1.0;814;55;776;55;38;54
TE272;16.01.2024;13;1.0;870;54;827;54;43;52
TE272;16.01.2024;14;1.0;822;55;783;55;39;54
TE272;16.01.2024;15;1.0;912;54;882;54;30;54
TE272;16.01.2024;16;1.0;1014;52;988;52;26;50
TE272;16.01.2024;17;1.0;855;53;834;53;21;51
TE272;16.01.2024;18;1.0;630;56;608;56;22;53
TE272;16.01.2024;19;1.0;477;56;462;56;15;53
TE272;16.01.2024;20;1.0;369;57;354;57;15;55
TE272;16.01.2024;21;1.0;302;59;288;59;14;56
TE272;16.01.2024;22;1.0;206;58;195;59;11;54
TE272;16.01.2024;23;1.0;125;56;115;56;10;53
TE272;17.01.2024;0;1.0;95;52;86;52;9;46
TE272;17.01.2024;1;1.0;55;51;49;52;6;48
TE272;17.01.2024;2;1.0;60;53;54;52;6;52
TE272;17.01.2024;3;1.0;66;54;59;55;7;48
TE272;17.01.2024;4;1.0;191;55;179;55;12;51
TE272;17.01.2024;5;1.0;528;52;510;52;18;49
TE272;17.01.2024;6;1.0;943;50;912;50;31;50
TE272;17.01.2024;7;1.0;1353;46;1315;46;38;46
TE272;17.01.2024;8;1.0;1653;43;1593;43;60;44
TE272;17.01.2024;9;1.0;1456;48;1387;48;69;48
TE272;17.01.2024;10;1.0;1167;50;1101;50;66;49
TE272;17.01.2024;11;1.0;1006;53;935;53;71;51
TE272;17.01.2024;12;1.0;899;52;823;52;76;51
TE272;17.01.2024;13;1.0;1006;51;943;51;63;50
TE272;17.01.2024;14;1.0;882;52;835;52;47;53
TE272;17.01.2024;15;1.0;810;56;774;56;36;55
TE272;17.01.2024;16;1.0;824;56;800;56;24;52
TE272;17.01.2024;17;1.0;796;54;770;54;26;51
TE272;17.01.2024;18;1.0;662;56;644;56;18;50
TE272;17.01.2024;19;1.0;517;57;500;57;17;49
TE272;17.01.2024;20;1.0;367;55;351;56;16;52
TE272;17.01.2024;21;1.0;278;56;265;56;13;52
TE272;17.01.2024;22;1.0;243;57;232;57;11;53
TE272;17.01.2024;23;1.0;167;55;154;55;13;53
TE272;18.01.2024;0;1.0;98;56;91;56;7;48
TE272;18.01.2024;1;1.0;54;56;47;56;7;52
TE272;18.01.2024;2;1.0;75;56;69;56;6;54
TE272;18.01.2024;3;1.0;82;56;75;56;7;50
TE272;18.01.2024;4;1.0;162;56;147;56;15;52
TE272;18.01.2024;5;1.0;568;54;551;54;17;52
TE272;18.01.2024;6;1.0;932;55;897;55;35;53
TE272;18.01.2024;7;1.0;1298;51;1262;51;36;49
TE272;18.01.2024;8;1.0;1656;48;1592;48;64;48
TE272;18.01.2024;9;1.0;1374;53;1308;53;66;53
TE272;18.01.2024;10;1.0;1059;54;1005;54;54;52
TE272;18.01.2024;11;1.0;947;55;895;55;52;54
TE272;18.01.2024;12;1.0;864;52;811;52;53;51
TE272;18.01.2024;13;1.0;851;51;794;51;57;49
TE272;18.01.2024;14;1.0;896;49;841;49;55;49
TE272;18.01.2024;15;1.0;1080;45;1032;45;48;44
TE272;18.01.2024;16;1.0;1003;44;958;44;46;40
TE272;18.01.2024;17;1.0;834;49;809;49;25;47
TE272;18.01.2024;18;1.0;698;51;668;51;30;49
TE272;18.01.2024;19;1.0;541;50;523;50;18;48
TE272;18.01.2024;20;1.0;337;51;320;51;17;50
TE272;18.01.2024;21;1.0;288;52;272;52;16;50
TE272;18.01.2024;22;1.0;243;54;230;54;13;51
TE272;18.01.2024;23;1.0;141;52;131;52;10;47
TE272;19.01.2024;0;1.0;103;54;93;54;10;50
TE272;19.01.2024;1;1.0;59;55;53;55;6;50
TE272;19.01.2024;2;1.0;67;53;61;53;6;52
TE272;19.01.2024;3;1.0;68;52;62;52;6;55
TE272;19.01.2024;4;1.0;169;52;158;52;11;51
TE272;19.01.2024;5;1.0;487;51;470;51;17;49
TE272;19.01.2024;6;1.0;796;50;761;50;35;50
TE272;19.01.2024;7;1.0;1159;48;1113;48;46;48
TE272;19.01.2024;8;1.0;1416;46;1364;46;52;47
TE272;19.01.2024;9;1.0;1367;47;1328;47;39;47
TE272;19.01.2024;10;1.0;1528;45;1446;45;82;44
TE272;19.01.2024;11;1.0;961;48;887;48;74;47
TE272;19.01.2024;12;1.0;948;50;877;50;71;50
TE272;19.01.2024;13;1.0;1218;47;1168;47;50;47
TE272;19.01.2024;14;1.0;1108;50;1058;50;50;48
TE272;19.01.2024;15;1.0;992;48;949;48;43;47
TE272;19.01.2024;16;1.0;940;55;911;55;29;52
TE272;19.01.2024;17;1.0;879;54;854;55;25;51
TE272;19.01.2024;18;1.0;826;53;798;53;28;51
TE272;19.01.2024;19;1.0;571;51;548;51;23;48
TE272;19.01.2024;20;1.0;414;51;399;51;15;50
TE272;19.01.2024;21;1.0;346;51;329;51;17;50
TE272;19.01.2024;22;1.0;277;53;264;53;13;50
TE272;19.01.2024;23;1.0;230;52;219;52;11;48
TE272;20.01.2024;0;1.0;142;52;134;52;8;48
TE272;20.01.2024;1;1.0;95;53;89;54;6;50
TE272;20.01.2024;2;1.0;79;53;74;53;5;52
TE272;20.01.2024;3;1.0;72;54;67;54;5;47
TE272;20.01.2024;4;1.0;78;52;72;52;6;48
TE272;20.01.2024;5;1.0;157;52;143;52;14;49
TE272;20.01.2024;6;1.0;161;52;149;53;12;50
TE272;20.01.2024;7;1.0;222;51;208;51;14;47
TE272;20.01.2024;8;1.0;352;54;334;55;18;49
TE272;20.01.2024;9;1.0;568;55;547;55;21;53
TE272;20.01.2024;10;1.0;737;56;704;56;33;55
TE272;20.01.2024;11;1.0;754;55;723;55;31;54
TE272;20.01.2024;12;1.0;779;54;753;55;26;52
TE272;20.01.2024;13;1.0;898;51;867;51;31;50
TE272;20.01.2024;14;1.0;894;52;864;52;30;51
TE272;20.01.2024;15;1.0;835;52;806;52;29;51
TE272;20.01.2024;16;1.0;791;48;770;48;21;47
TE272;20.01.2024;17;1.0;796;48;774;48;22;45
TE272;20.01.2024;18;1.0;746;50;722;51;24;47
TE272;20.01.2024;19;1.0;532;50;509;50;23;47
TE272;20.01.2024;20;1.0;436;49;418;49;18;47
TE272;20.01.2024;21;1.0;311;51;298;51;13;50
TE272;20.01.2024;22;1.0;302;51;286;51;16;48
TE272;20.01.2024;23;1.0;234;52;223;53;11;47
TE272;21.01.2024;0;1.0;164;51;158;51;6;49
TE272;21.01.2024;1;1.0;134;51;129;51;5;47
TE272;21.01.2024;2;1.0;110;54;106;54;4;46
TE272;21.01.2024;3;1.0;82;58;77;58;5;57
TE272;21.01.2024;4;1.0;67;56;61;57;6;44
TE272;21.01.2024;5;1.0;102;58;94;58;8;49
TE272;21.01.2024;6;1.0;93;58;82;59;11;53
TE272;21.01.2024;7;1.0;98;60;86;61;12;53
TE272;21.01.2024;8;1.0;113;62;102;64;11;52
TE272;21.01.2024;9;1.0;337;55;320;56;17;53
TE272;21.01.2024;10;1.0;385;54;365;54;20;53
TE272;21.01.2024;11;1.0;445;55;427;55;18;54
TE272;21.01.2024;12;1.0;603;51;585;51;18;50
TE272;21.01.2024;13;1.0;638;53;606;53;32;52
TE272;21.01.2024;14;1.0;691;52;669;52;22;51
TE272;21.01.2024;15;1.0;683;51;666;51;17;50
TE272;21.01.2024;16;1.0;627;54;612;54;15;52
TE272;21.01.2024;17;1.0;596;51;581;51;15;48
TE272;21.01.2024;18;1.0;497;52;479;52;18;51
TE272;21.01.2024;19;1.0;430;52;414;52;16;51
TE272;21.01.2024;20;1.0;305;53;290;53;15;51
TE272;21.01.2024;21;1.0;280;52;265;53;15;53
TE272;21.01.2024;22;1.0;206;51;193;51;13;51
TE272;21.01.2024;23;1.0;122;50;110;51;12;45
TE272;22.01.2024;0;1.0;75;50;67;50;8;47
TE272;22.01.2024;1;1.0;67;50;60;51;7;44
TE272;22.01.2024;2;1.0;29;53;23;54;6;49
TE272;22.01.2024;3;1.0;54;51;46;53;8;44
TE272;22.01.2024;4;1.0;152;53;141;53;11;49
TE272;22.01.2024;5;1.0;591;53;564;53;27;52
TE272;22.01.2024;6;1.0;966;50;912;51;54;50
TE272;22.01.2024;7;1.0;1385;45;1306;45;79;46
TE272;22.01.2024;8;1.0;1658;43;1556;43;102;40
TE272;22.01.2024;9;1.0;1293;48;1241;48;52;48
TE272;22.01.2024;10;1.0;1075;50;1019;50;56;49
TE272;22.01.2024;11;1.0;986;52;933;52;53;52
TE272;22.01.2024;12;1.0;844;50;789;50;55;48
TE272;22.01.2024;13;1.0;824;51;779;51;45;51
TE272;22.01.2024;14;1.0;911;51;873;51;38;50
TE272;22.01.2024;15;1.0;882;50;833;50;49;51
TE272;22.01.2024;16;1.0;908;50;867;50;41;49
TE272;22.01.2024;17;1.0;1003;47;976;47;27;48
TE272;22.01.2024;18;1.0;907;47;882;47;25;46
TE272;22.01.2024;19;1.0;528;50;510;50;18;48
TE272;22.01.2024;20;1.0;356;50;340;50;16;49
TE272;22.01.2024;21;1.0;265;52;250;53;15;49
TE272;22.01.2024;22;1.0;230;52;219;52;11;48
TE272;22.01.2024;23;1.0;139;52;127;52;12;49
TE272;23.01.2024;0;1.0;86;52;78;52;8;49
TE272;23.01.2024;1;1.0;47;54;41;54;6;55
TE272;23.01.2024;2;1.0;45;52;38;52;7;54
TE272;23.01.2024;3;1.0;69;51;63;51;6;50
TE272;23.01.2024;4;1.0;147;53;140;52;7;53
TE272;23.01.2024;5;1.0;603;52;578;52;25;52
TE272;23.01.2024;6;1.0;959;50;921;50;38;49
TE272;23.01.2024;7;1.0;1408;46;1355;46;53;44
TE272;23.01.2024;8;1.0;1771;41;1699;41;72;40
TE272;23.01.2024;9;1.0;1364;47;1303;47;61;46
TE272;23.01.2024;10;1.0;1038;50;981;50;57;50
TE272;23.01.2024;11;1.0;919;51;868;51;51;51
TE272;23.01.2024;12;1.0;780;52;734;52;46;50
TE272;23.01.2024;13;1.0;901;51;856;51;45;50
TE272;23.01.2024;14;1.0;898;51;853;51;45;50
TE272;23.01.2024;15;1.0;903;50;867;50;36;50
TE272;23.01.2024;16;1.0;932;49;898;49;34;49
TE272;23.01.2024;17;1.0;826;48;801;48;25;47
TE272;23.01.2024;18;1.0;768;47;740;47;28;46
TE272;23.01.2024;19;1.0;542;50;520;50;22;49
TE272;23.01.2024;20;1.0;387;50;373;51;14;47
TE272;23.01.2024;21;1.0;298;52;282;52;16;49
TE272;23.01.2024;22;1.0;242;53;226;53;16;49
TE272;23.01.2024;23;1.0;146;56;137;56;9;54
TE272;24.01.2024;0;1.0;85;59;80;60;5;56
TE272;24.01.2024;1;1.0;56;57;52;57;4;51
TE272;24.01.2024;2;1.0;34;54;28;55;6;50
TE272;24.01.2024;3;1.0;64;54;59;54;5;56
TE272;24.01.2024;4;1.0;175;54;162;54;13;50
TE272;24.01.2024;5;1.0;632;54;604;54;28;52
TE272;24.01.2024;6;1.0;1026;51;949;51;77;50
TE272;24.01.2024;7;1.0;1467;45;1393;45;74;44
TE272;24.01.2024;8;1.0;1666;43;1604;43;62;42
TE272;24.01.2024;9;1.0;1603;45;1516;45;87;46
TE272;24.01.2024;10;1.0;1101;53;1050;53;51;51
TE272;24.01.2024;11;1.0;957;51;891;51;66;50
TE272;24.01.2024;12;1.0;899;51;843;51;56;50
TE272;24.01.2024;13;1.0;925;51;866;51;59;51
TE272;24.01.2024;14;1.0;1009;51;939;51;70;51
TE272;24.01.2024;15;1.0;1106;47;1059;47;47;48
TE272;24.01.2024;16;1.0;945;49;911;49;34;47
TE272;24.01.2024;17;1.0;931;49;890;49;41;48
TE272;24.01.2024;18;1.0;724;49;695;49;29;48
TE272;24.01.2024;19;1.0;558;51;531;51;27;50
TE272;24.01.2024;20;1.0;385;50;368;51;17;50
TE272;24.01.2024;21;1.0;298;56;276;55;22;54
TE272;24.01.2024;22;1.0;237;53;225;54;12;47
TE272;24.01.2024;23;1.0;161;53;148;53;13;49
TE272;25.01.2024;0;1.0;92;52;82;52;10;48
TE272;25.01.2024;1;1.0;61;53;53;54;8;48
TE272;25.01.2024;2;1.0;38;52;27;53;11;50
TE272;25.01.2024;3;1.0;66;53;57;53;9;48
TE272;25.01.2024;4;1.0;159;54;142;54;17;52
TE272;25.01.2024;5;1.0;649;53;607;53;42;54
TE272;25.01.2024;6;1.0;951;51;892;51;59;51
TE272;25.01.2024;7;1.0;1350;46;1269;46;81;46
TE272;25.01.2024;8;1.0;1734;44;1672;44;62;43
TE272;25.01.2024;9;1.0;1533;45;1419;45;114;44
TE272;25.01.2024;10;1.0;981;53;945;53;36;51
TE272;25.01.2024;11;1.0;840;52;804;52;36;52
TE272;25.01.2024;12;1.0;770;53;739;53;31;53
TE272;25.01.2024;13;1.0;934;52;897;52;37;52
TE272;25.01.2024;14;1.0;968;51;931;51;37;52
TE272;25.01.2024;15;1.0;1302;47;1256;47;46;46
TE272;25.01.2024;16;1.0;1228;48;1194;48;34;46
TE272;25.01.2024;17;1.0;951;49;927;49;24;51
TE272;25.01.2024;18;1.0;854;52;828;52;26;49
TE272;25.01.2024;19;1.0;624;45;606;45;18;42
TE272;25.01.2024;20;1.0;416;57;401;57;15;54
TE272;25.01.2024;21;1.0;345;58;327;58;18;55
TE272;25.01.2024;22;1.0;261;51;247;52;14;47
TE272;25.01.2024;23;1.0;222;52;207;52;15;47
TE272;26.01.2024;0;1.0;244;53;235;53;9;54
TE272;26.01.2024;1;1.0;125;51;112;51;13;48
TE272;26.01.2024;2;1.0;114;52;102;52;12;49
TE272;26.01.2024;3;1.0;84;52;74;52;10;48
TE272;26.01.2024;4;1.0;167;54;157;55;10;46
TE272;26.01.2024;5;1.0;540;57;520;58;20;52
TE272;26.01.2024;6;1.0;885;57;853;57;32;56
TE272;26.01.2024;7;1.0;1292;48;1228;48;64;47
TE272;26.01.2024;8;1.0;1492;51;1439;51;53;50
TE272;26.01.2024;9;1.0;1146;56;1101;56;45;56
TE272;26.01.2024;10;1.0;987;55;945;55;42;56
TE272;26.01.2024;11;1.0;924;55;879;55;45;53
TE272;26.01.2024;12;1.0;926;49;876;49;51;46
TE272;26.01.2024;13;1.0;1405;47;1365;46;40;45
TE272;26.01.2024;14;1.0;1268;47;1232;47;36;46
TE272;26.01.2024;15;1.0;1052;50;1016;50;36;51
TE272;26.01.2024;16;1.0;918;50;899;50;19;50
TE272;26.01.2024;17;1.0;916;48;892;47;24;50
TE272;26.01.2024;18;1.0;848;53;818;53;30;53
TE272;26.01.2024;19;1.0;669;52;650;52;19;50
TE272;26.01.2024;20;1.0;414;51;396;51;18;49
TE272;26.01.2024;21;1.0;352;53;337;53;15;49
TE272;26.01.2024;22;1.0;306;53;293;53;13;49
TE272;26.01.2024;23;1.0;216;53;205;53;11;53
TE272;27.01.2024;0;1.0;154;53;145;53;9;49
TE272;27.01.2024;1;1.0;106;53;101;53;5;50
TE272;27.01.2024;2;1.0;72;52;65;53;7;50
TE272;27.01.2024;3;1.0;67;52;63;52;4;48
TE272;27.01.2024;4;1.0;84;50;77;51;7;39
TE272;27.01.2024;5;1.0;163;53;147;54;16;46
TE272;27.01.2024;6;1.0;185;55;169;55;16;54
TE272;27.01.2024;7;1.0;212;53;197;53;15;50
TE272;27.01.2024;8;1.0;317;56;301;56;16;52
TE272;27.01.2024;9;1.0;628;55;604;55;24;52
TE272;27.01.2024;10;1.0;698;54;670;54;28;52
TE272;27.01.2024;11;1.0;731;56;704;56;27;53
TE272;27.01.2024;12;1.0;1038;54;1010;54;28;55
TE272;27.01.2024;13;1.0;1033;53;999;53;34;52
TE272;27.01.2024;14;1.0;967;50;939;50;28;49
TE272;27.01.2024;15;1.0;931;50;906;50;25;49
TE272;27.01.2024;16;1.0;868;49;845;49;23;50
TE272;27.01.2024;17;1.0;912;47;886;47;26;48
TE272;27.01.2024;18;1.0;830;48;807;48;23;48
TE272;27.01.2024;19;1.0;671;49;650;49;21;48
TE272;27.01.2024;20;1.0;437;50;423;50;14;48
TE272;27.01.2024;21;1.0;395;50;381;50;14;49
TE272;27.01.2024;22;1.0;334;50;320;50;14;46
TE272;27.01.2024;23;1.0;253;50;242;51;11;48
TE272;28.01.2024;0;1.0;163;50;157;50;6;51
TE272;28.01.2024;1;1.0;122;54;116;54;6;49
TE272;28.01.2024;2;1.0;91;52;86;52;5;44
TE272;28.01.2024;3;1.0;76;53;69;55;7;48
TE272;28.01.2024;4;1.0;76;49;70;50;6;40
TE272;28.01.2024;5;1.0;119;51;112;52;7;42
TE272;28.01.2024;6;1.0;82;51;69;53;13;44
TE272;28.01.2024;7;1.0;93;50;84;50;9;44
TE272;28.01.2024;8;1.0;129;50;119;51;10;47
TE272;28.01.2024;9;1.0;295;53;281;53;14;51
TE272;28.01.2024;10;1.0;463;51;444;51;19;49
TE272;28.01.2024;11;1.0;508;50;489;50;19;48
TE272;28.01.2024;12;1.0;653;49;629;49;24;50
TE272;28.01.2024;13;1.0;746;48;723;48;23;48
TE272;28.01.2024;14;1.0;924;49;899;49;25;49
TE272;28.01.2024;15;1.0;902;49;876;49;26;49
TE272;28.01.2024;16;1.0;938;48;920;48;18;51
TE272;28.01.2024;17;1.0;852;47;832;47;20;47
TE272;28.01.2024;18;1.0;890;46;866;46;24;46
TE272;28.01.2024;19;1.0;444;51;428;51;16;49
TE272;28.01.2024;20;1.0;359;50;343;50;16;51
TE272;28.01.2024;21;1.0;281;50;267;50;14;46
TE272;28.01.2024;22;1.0;214;49;201;50;13;46
TE272;28.01.2024;23;1.0;132;51;120;51;12;48
TE272;29.01.2024;0;1.0;96;49;85;49;11;49
TE272;29.01.2024;1;1.0;65;49;60;49;5;47
TE272;29.01.2024;2;1.0;45;51;35;51;10;52
TE272;29.01.2024;3;1.0;57;49;47;49;10;47
TE272;29.01.2024;4;1.0;168;51;160;51;8;47
TE272;29.01.2024;5;1.0;575;51;548;51;27;49
TE272;29.01.2024;6;1.0;965;48;919;48;46;48
TE272;29.01.2024;7;1.0;1393;44;1326;44;67;44
TE272;29.01.2024;8;1.0;1843;40;1741;40;102;40
TE272;29.01.2024;9;1.0;1568;44;1473;44;95;44
TE272;29.01.2024;10;1.0;1192;47;1120;47;72;47
TE272;29.01.2024;11;1.0;1048;48;971;48;77;48
TE272;29.01.2024;12;1.0;946;49;893;49;53;49
TE272;29.01.2024;13;1.0;884;49;829;49;55;48
TE272;29.01.2024;14;1.0;1019;49;962;49;57;48
TE272;29.01.2024;15;1.0;961;48;918;48;43;47
TE272;29.01.2024;16;1.0;951;46;915;46;36;46
TE272;29.01.2024;17;1.0;872;47;835;47;37;46
TE272;29.01.2024;18;1.0;782;48;758;48;24;48
TE272;29.01.2024;19;1.0;556;49;535;49;21;48
TE272;29.01.2024;20;1.0;370;50;352;51;18;49
TE272;29.01.2024;21;1.0;292;50;277;50;15;47
TE272;29.01.2024;22;1.0;222;51;211;51;11;47
TE272;29.01.2024;23;1.0;132;52;120;52;12;49
TE272;30.01.2024;0;1.0;105;51;98;51;7;46
TE272;30.01.2024;1;1.0;58;50;52;50;6;47
TE272;30.01.2024;2;1.0;42;50;34;51;8;47
TE272;30.01.2024;3;1.0;52;49;46;50;6;51
TE272;30.01.2024;4;1.0;158;52;148;52;10;47
TE272;30.01.2024;5;1.0;585;50;558;50;27;49
TE272;30.01.2024;6;1.0;978;49;936;49;42;48
TE272;30.01.2024;7;1.0;1465;45;1389;45;76;45
TE272;30.01.2024;8;1.0;1860;36;1774;35;86;36
TE272;30.01.2024;9;1.0;1534;42;1435;42;99;41
TE272;30.01.2024;10;1.0;1113;47;1035;47;78;48
TE272;30.01.2024;11;1.0;1137;49;1053;49;84;48
TE272;30.01.2024;12;1.0;869;49;816;49;53;48
TE272;30.01.2024;13;1.0;909;49;863;49;46;50
TE272;30.01.2024;14;1.0;951;49;910;49;41;49
TE272;30.01.2024;15;1.0;916;49;888;49;28;49
TE272;30.01.2024;16;1.0;871;49;843;49;28;48
TE272;30.01.2024;17;1.0;773;50;745;50;28;49
TE272;30.01.2024;18;1.0;774;50;752;50;22;49
TE272;30.01.2024;19;1.0;586;52;564;52;22;50
TE272;30.01.2024;20;1.0;372;54;356;54;16;51
TE272;30.01.2024;21;1.0;323;52;306;53;17;51
TE272;30.01.2024;22;1.0;230;53;214;53;16;52
TE272;30.01.2024;23;1.0;137;52;124;53;13;47
TE272;31.01.2024;0;1.0;91;52;84;52;7;44
TE272;31.01.2024;1;1.0;66;53;61;54;5;46
TE272;31.01.2024;2;1.0;49;53;42;53;7;51
TE272;31.01.2024;3;1.0;67;53;59;54;8;48
TE272;31.01.2024;4;1.0;169;54;156;54;13;47
TE272;31.01.2024;5;1.0;620;55;596;55;24;52
TE272;31.01.2024;6;1.0;961;55;936;55;25;52
TE272;31.01.2024;7;1.0;1451;49;1409;49;42;48
TE272;31.01.2024;8;1.0;1809;41;1726;42;83;41
TE272;31.01.2024;9;1.0;1493;51;1430;51;63;49
TE272;31.01.2024;10;1.0;1292;50;1212;50;80;48
TE272;31.01.2024;11;1.0;958;52;896;53;62;52
TE272;31.01.2024;12;1.0;891;53;845;53;46;53
TE272;31.01.2024;13;1.0;916;52;869;53;47;52
TE272;31.01.2024;14;1.0;904;52;855;53;49;52
TE272;31.01.2024;15;1.0;932;52;893;52;39;51
TE272;31.01.2024;16;1.0;889;53;858;53;31;52
TE272;31.01.2024;17;1.0;904;53;867;53;37;53
TE272;31.01.2024;18;1.0;1015;54;986;54;29;51
TE272;31.01.2024;19;1.0;760;56;738;56;22;54
TE272;31.01.2024;20;1.0;415;58;397;58;18;55
TE272;31.01.2024;21;1.0;286;56;271;56;15;55
TE272;31.01.2024;22;1.0;251;58;238;58;13;55
TE272;31.01.2024;23;1.0;174;58;161;58;13;54
TE273;01.01.2024;0;1.0;197;55;195;55;2;58
TE273;01.01.2024;1;1.0;368;54;366;54;2;51
TE273;01.01.2024;2;1.0;358;53;356;53;2;51
TE273;01.01.2024;3;1.0;273;55;272;55;1;51
TE273;01.01.2024;4;1.0;189;56;188;57;1;51
TE273;01.01.2024;5;1.0;147;56;144;56;3;51
TE273;01.01.2024;6;1.0;131;55;129;55;2;51
TE273;01.01.2024;7;1.0;111;57;109;57;2;51
TE273;01.01.2024;8;1.0;98;56;97;56;1;51
TE273;01.01.2024;9;1.0;94;57;88;57;6;47
TE273;01.01.2024;10;1.0;175;56;168;57;7;44
TE273;01.01.2024;11;1.0;210;55;206;55;4;55
TE273;01.01.2024;12;1.0;296;55;290;55;6;56
TE273;01.01.2024;13;1.0;353;55;348;55;5;54
TE273;01.01.2024;14;1.0;368;53;362;53;6;52
TE273;01.01.2024;15;1.0;425;55;421;55;4;52
TE273;01.01.2024;16;1.0;379;56;374;56;5;57
TE273;01.01.2024;17;1.0;392;54;386;54;6;54
TE273;01.01.2024;19;1.0;327;56;324;56;3;55
TE273;01.01.2024;20;1.0;339;56;335;56;4;55
TE273;01.01.2024;21;1.0;262;56;260;56;2;55
TE273;01.01.2024;22;1.0;204;54;203;54;1;55
TE273;01.01.2024;23;1.0;162;55;161;55;1;55
TE273;02.01.2024;0;1.0;98;55;97;55;1;55
TE273;02.01.2024;1;1.0;72;57;72;57;0;-1
TE273;02.01.2024;2;1.0;33;55;33;55;0;-1
TE273;02.01.2024;3;1.0;41;50;40;50;1;46
TE273;02.01.2024;4;1.0;62;49;60;49;2;46
TE273;02.01.2024;5;1.0;154;50;151;50;3;46
TE273;02.01.2024;6;1.0;249;50;243;50;6;47
TE273;02.01.2024;7;1.0;407;50;398;50;9;45
TE273;02.01.2024;8;1.0;477;51;455;51;22;50
TE273;02.01.2024;9;1.0;478;55;468;55;10;59
TE273;02.01.2024;10;1.0;591;57;588;57;3;58
TE273;02.01.2024;11;1.0;690;57;684;57;6;54
TE273;02.01.2024;12;1.0;720;56;711;56;9;55
TE273;02.01.2024;13;1.0;785;57;773;57;12;55
TE273;02.01.2024;14;1.0;1025;54;1021;54;4;52
TE273;02.01.2024;15;1.0;1088;56;1083;56;5;57
TE273;02.01.2024;16;1.0;990;55;988;55;2;59
TE273;02.01.2024;17;1.0;954;54;948;54;6;55
TE273;02.01.2024;18;1.0;800;55;796;55;4;56
TE273;02.01.2024;19;1.0;560;55;558;55;2;57
TE273;02.01.2024;20;1.0;497;56;493;56;4;57
TE273;02.01.2024;21;1.0;567;55;563;55;4;57
TE273;02.01.2024;22;1.0;327;55;326;55;1;57
TE273;02.01.2024;23;1.0;226;55;224;55;2;56
TE273;03.01.2024;0;1.0;127;55;125;55;2;56
TE273;03.01.2024;1;1.0;77;55;76;55;1;56
TE273;03.01.2024;2;1.0;57;54;54;54;3;56
TE273;03.01.2024;3;1.0;42;55;38;54;4;57
TE273;03.01.2024;4;1.0;78;54;76;54;2;54
TE273;03.01.2024;5;1.0;166;49;158;49;9;42
TE273;03.01.2024;6;1.0;330;49;320;49;10;47
TE273;03.01.2024;7;1.0;502;52;478;52;24;52
TE273;03.01.2024;8;1.0;561;53;549;53;12;51
TE273;03.01.2024;9;1.0;631;51;611;51;20;51
TE273;03.01.2024;10;1.0;636;47;611;47;25;48
TE273;03.01.2024;11;1.0;704;48;656;48;48;48
TE273;03.01.2024;12;1.0;822;52;786;52;36;51
TE273;03.01.2024;13;1.0;967;52;940;52;27;50
TE273;03.01.2024;14;1.0;1287;47;1250;47;37;46
TE273;03.01.2024;15;1.0;1277;49;1262;49;15;50
TE273;03.01.2024;16;1.0;1187;50;1178;50;9;49
TE273;03.01.2024;17;1.0;1164;51;1139;51;25;51
TE273;03.01.2024;18;1.0;928;50;921;50;7;50
TE273;03.01.2024;19;1.0;656;52;653;52;3;51
TE273;03.01.2024;20;1.0;512;54;509;54;3;54
TE273;03.01.2024;21;1.0;415;55;411;55;4;54
TE273;03.01.2024;22;1.0;342;54;339;54;3;52
TE273;03.01.2024;23;1.0;220;56;218;56;2;56
TE273;04.01.2024;0;1.0;137;58;136;58;1;56
TE273;04.01.2024;1;1.0;88;54;87;54;1;46
TE273;04.01.2024;2;1.0;52;55;51;56;1;46
TE273;04.01.2024;3;1.0;66;54;65;54;1;46
TE273;04.01.2024;4;1.0;71;56;68;56;3;55
TE273;04.01.2024;5;1.0;179;53;176;53;3;52
TE273;04.01.2024;6;1.0;289;55;285;55;4;53
TE273;04.01.2024;7;1.0;424;54;419;54;5;54
TE273;04.01.2024;8;1.0;517;54;499;54;18;52
TE273;04.01.2024;9;1.0;636;52;609;52;27;51
TE273;04.01.2024;10;1.0;664;53;630;53;34;53
TE273;04.01.2024;11;1.0;781;52;743;52;38;52
TE273;04.01.2024;12;1.0;806;53;773;53;33;52
TE273;04.01.2024;13;1.0;960;53;921;52;39;52
TE273;04.01.2024;14;1.0;1212;44;1182;44;30;48
TE273;04.01.2024;15;1.0;1296;48;1264;48;32;46
TE273;04.01.2024;16;1.0;1265;47;1246;47;19;48
TE273;04.01.2024;17;1.0;1183;52;1158;52;25;51
TE273;04.01.2024;18;1.0;1014;52;1002;52;12;52
TE273;04.01.2024;19;1.0;733;54;725;54;8;54
TE273;04.01.2024;20;1.0;509;56;501;56;8;57
TE273;04.01.2024;21;1.0;404;56;400;56;4;58
TE273;04.01.2024;22;1.0;402;56;400;56;2;60
TE273;04.01.2024;23;1.0;263;57;260;57;3;56
TE273;05.01.2024;0;1.0;159;57;155;57;4;54
TE273;05.01.2024;1;1.0;76;57;74;57;2;59
TE273;05.01.2024;2;1.0;54;59;52;59;2;58
TE273;05.01.2024;3;1.0;51;56;49;56;2;57
TE273;05.01.2024;4;1.0;73;57;65;58;8;56
TE273;05.01.2024;5;1.0;208;56;200;57;8;55
TE273;05.01.2024;6;1.0;316;56;302;56;14;56
TE273;05.01.2024;7;1.0;430;54;410;54;20;53
TE273;05.01.2024;8;1.0;509;57;501;57;8;60
TE273;05.01.2024;9;1.0;577;57;573;57;4;58
TE273;05.01.2024;10;1.0;673;56;651;56;22;56
TE273;05.01.2024;11;1.0;767;53;740;53;27;53
TE273;05.01.2024;12;1.0;962;54;937;55;25;55
TE273;05.01.2024;13;1.0;1036;53;1005;53;31;53
TE273;05.01.2024;14;1.0;1220;50;1204;50;16;51
TE273;05.01.2024;15;1.0;1087;53;1070;52;17;54
TE273;05.01.2024;16;1.0;974;53;960;53;14;52
TE273;05.01.2024;17;1.0;893;54;887;54;6;53
TE273;05.01.2024;18;1.0;789;56;779;56;10;56
TE273;05.01.2024;19;1.0;626;58;619;58;7;59
TE273;05.01.2024;20;1.0;505;59;504;59;1;59
TE273;05.01.2024;21;1.0;415;59;413;59;2;59
TE273;05.01.2024;22;1.0;400;60;400;60;0;-1
TE273;05.01.2024;23;1.0;337;59;335;59;2;60
TE273;06.01.2024;0;1.0;211;61;210;61;1;60
TE273;06.01.2024;1;1.0;164;61;163;61;1;64
TE273;06.01.2024;2;1.0;113;62;113;62;0;-1
TE273;06.01.2024;3;1.0;95;61;95;61;0;-1
TE273;06.01.2024;4;1.0;62;58;61;58;1;54
TE273;06.01.2024;5;1.0;90;58;86;58;4;54
TE273;06.01.2024;6;1.0;106;56;100;56;6;54
TE273;06.01.2024;7;1.0;148;57;142;57;6;56
TE273;06.01.2024;8;1.0;208;55;202;55;6;55
TE273;06.01.2024;9;1.0;344;55;338;55;6;53
TE273;06.01.2024;10;1.0;456;55;453;55;3;48
TE273;06.01.2024;11;1.0;601;55;588;55;13;55
TE273;06.01.2024;12;1.0;641;54;634;54;7;51
TE273;06.01.2024;13;1.0;768;55;758;55;10;53
TE273;06.01.2024;14;1.0;852;54;843;54;9;53
TE273;06.01.2024;15;1.0;790;54;777;54;13;55
TE273;06.01.2024;16;1.0;743;54;733;54;10;56
TE273;06.01.2024;17;1.0;660;55;652;55;8;54
TE273;06.01.2024;18;1.0;681;55;677;55;4;54
TE273;06.01.2024;19;1.0;556;56;550;56;6;54
TE273;06.01.2024;20;1.0;476;56;470;56;6;54
TE273;06.01.2024;21;1.0;444;52;440;52;4;59
TE273;06.01.2024;22;1.0;407;57;405;57;2;56
TE273;06.01.2024;23;1.0;331;58;329;58;2;57
TE273;07.01.2024;0;1.0;240;58;238;58;2;58
TE273;07.01.2024;1;1.0;166;59;165;59;1;57
TE273;07.01.2024;2;1.0;99;59;98;59;1;62
TE273;07.01.2024;3;1.0;106;57;105;57;1;62
TE273;07.01.2024;4;1.0;68;55;66;54;2;62
TE273;07.01.2024;5;1.0;75;52;73;52;2;62
TE273;07.01.2024;6;1.0;50;56;47;57;3;43
TE273;07.01.2024;7;1.0;110;56;106;57;4;40
TE273;07.01.2024;8;1.0;101;58;97;58;4;59
TE273;07.01.2024;9;1.0;189;55;183;55;6;56
TE273;07.01.2024;10;1.0;293;56;288;56;5;59
TE273;07.01.2024;11;1.0;360;56;356;56;4;56
TE273;07.01.2024;12;1.0;461;56;458;56;3;52
TE273;07.01.2024;13;1.0;541;57;535;57;6;56
TE273;07.01.2024;14;1.0;560;57;555;57;5;57
TE273;07.01.2024;15;1.0;551;59;547;59;4;60
TE273;07.01.2024;16;1.0;533;58;530;58;3;60
TE273;07.01.2024;17;1.0;624;57;618;57;6;57
TE273;07.01.2024;18;1.0;476;59;471;59;5;60
TE273;07.01.2024;19;1.0;440;57;435;57;5;58
TE273;07.01.2024;20;1.0;336;57;333;57;3;57
TE273;07.01.2024;21;1.0;309;52;306;52;3;54
TE273;07.01.2024;22;1.0;276;52;273;52;3;54
TE273;07.01.2024;23;1.0;159;55;157;55;2;56
TE273;08.01.2024;0;1.0;98;53;96;53;2;58
TE273;08.01.2024;1;1.0;54;55;50;55;4;56
TE273;08.01.2024;2;1.0;51;53;48;53;3;48
TE273;08.01.2024;3;1.0;60;53;55;53;5;51
TE273;08.01.2024;4;1.0;87;51;83;51;4;52
TE273;08.01.2024;5;1.0;196;50;185;50;11;49
TE273;08.01.2024;6;1.0;387;50;376;49;11;50
TE273;08.01.2024;7;1.0;565;49;542;49;23;49
TE273;08.01.2024;8;1.0;685;51;660;50;25;51
TE273;08.01.2024;9;1.0;664;50;646;50;18;51
TE273;08.01.2024;10;1.0;610;51;590;51;20;52
TE273;08.01.2024;11;1.0;602;52;576;52;26;51
TE273;08.01.2024;12;1.0;690;53;662;53;28;51
TE273;08.01.2024;13;1.0;859;51;822;51;37;51
TE273;08.01.2024;14;1.0;1151;46;1124;46;27;43
TE273;08.01.2024;15;1.0;1181;40;1161;40;20;40
TE273;08.01.2024;16;1.0;1162;48;1142;48;20;50
TE273;08.01.2024;17;1.0;1030;49;1005;49;25;49
TE273;08.01.2024;18;1.0;931;49;923;49;8;50
TE273;08.01.2024;19;1.0;572;51;561;51;11;51
TE273;08.01.2024;20;1.0;459;50;449;50;10;50
TE273;08.01.2024;21;1.0;348;51;341;50;7;49
TE273;08.01.2024;22;1.0;295;52;289;52;6;49
TE273;08.01.2024;23;1.0;156;52;151;52;5;51
TE273;09.01.2024;0;1.0;100;53;97;53;3;54
TE273;09.01.2024;1;1.0;74;46;72;46;2;54
TE273;09.01.2024;2;1.0;53;49;51;50;2;46
TE273;09.01.2024;3;1.0;65;54;60;54;5;54
TE273;09.01.2024;4;1.0;84;51;78;52;6;49
TE273;09.01.2024;5;1.0;205;52;198;52;7;53
TE273;09.01.2024;6;1.0;399;49;382;49;17;51
TE273;09.01.2024;7;1.0;637;50;614;50;23;50
TE273;09.01.2024;8;1.0;748;49;730;49;18;51
TE273;09.01.2024;9;1.0;705;51;680;51;25;51
TE273;09.01.2024;10;1.0;696;52;669;52;27;52
TE273;09.01.2024;11;1.0;737;53;694;53;43;52
TE273;09.01.2024;12;1.0;941;51;892;51;49;51
TE273;09.01.2024;13;1.0;1058;50;1007;50;51;49
TE273;09.01.2024;15;1.0;1332;25;1277;25;55;19
TE273;09.01.2024;16;1.0;1258;23;1221;23;37;21
TE273;09.01.2024;17;1.0;1128;47;1110;47;18;47
TE273;09.01.2024;18;1.0;1200;45;1180;45;20;45
TE273;09.01.2024;19;1.0;807;49;797;49;10;50
TE273;09.01.2024;20;1.0;504;51;497;51;7;51
TE273;09.01.2024;21;1.0;422;53;417;53;5;52
TE273;09.01.2024;22;1.0;398;52;394;52;4;52
TE273;09.01.2024;23;1.0;212;53;209;53;3;49
TE273;10.01.2024;0;1.0;100;53;99;53;1;46
TE273;10.01.2024;1;1.0;77;54;72;53;5;56
TE273;10.01.2024;2;1.0;55;50;55;50;0;-1
TE273;10.01.2024;3;1.0;52;53;47;53;5;55
TE273;10.01.2024;4;1.0;97;53;92;53;5;52
TE273;10.01.2024;5;1.0;218;52;201;52;17;50
TE273;10.01.2024;6;1.0;457;51;441;51;16;50
TE273;10.01.2024;7;1.0;691;51;672;51;19;52
TE273;10.01.2024;8;1.0;827;51;801;50;26;52
TE273;10.01.2024;9;1.0;698;51;674;51;24;50
TE273;10.01.2024;10;1.0;752;51;723;51;29;49
TE273;10.01.2024;11;1.0;820;51;760;51;60;51
TE273;10.01.2024;12;1.0;893;50;858;50;35;50
TE273;10.01.2024;13;1.0;1136;37;1084;37;52;32
TE273;10.01.2024;14;1.0;1008;13;922;13;86;12
TE273;10.01.2024;15;1.0;1179;14;1111;15;68;14
TE273;10.01.2024;16;1.0;1221;16;1172;16;49;14
TE273;10.01.2024;17;1.0;1340;31;1305;31;35;22
TE273;10.01.2024;18;1.0;1341;43;1332;44;9;41
TE273;10.01.2024;19;1.0;821;51;816;51;5;48
TE273;10.01.2024;20;1.0;531;51;528;51;3;53
TE273;10.01.2024;21;1.0;438;52;433;52;5;51
TE273;10.01.2024;22;1.0;374;52;371;52;3;51
TE273;10.01.2024;23;1.0;237;54;233;54;4;56
TE273;11.01.2024;0;1.0;121;57;117;57;4;54
TE273;11.01.2024;1;1.0;83;57;79;57;4;52
TE273;11.01.2024;2;1.0;55;57;53;57;2;54
TE273;11.01.2024;3;1.0;54;56;51;56;3;52
TE273;11.01.2024;4;1.0;84;54;81;55;3;52
TE273;11.01.2024;5;1.0;200;56;197;56;3;52
TE273;11.01.2024;6;1.0;400;56;396;56;4;53
TE273;11.01.2024;7;1.0;727;55;723;55;4;54
TE273;11.01.2024;8;1.0;957;49;953;49;4;56
TE273;11.01.2024;9;1.0;871;57;862;57;9;55
TE273;11.01.2024;10;1.0;798;57;785;57;13;58
TE273;11.01.2024;11;1.0;919;54;909;54;10;54
TE273;11.01.2024;12;1.0;911;54;901;54;10;55
TE273;11.01.2024;13;1.0;1088;48;1076;49;12;50
TE273;11.01.2024;14;1.0;947;16;928;15;19;17
TE273;11.01.2024;15;1.0;1124;17;1090;17;34;14
TE273;11.01.2024;16;1.0;1079;15;1021;15;58;13
TE273;11.01.2024;17;1.0;1032;15;979;15;53;14
TE273;11.01.2024;18;1.0;1193;37;1188;37;5;16
TE273;11.01.2024;19;1.0;854;55;851;55;3;16
TE273;11.01.2024;20;1.0;514;58;513;58;1;16
TE273;11.01.2024;21;1.0;380;59;376;58;4;39
TE273;11.01.2024;22;1.0;424;59;421;59;3;45
TE273;11.01.2024;23;1.0;267;59;265;59;2;52
TE273;12.01.2024;0;1.0;127;60;124;61;3;45
TE273;12.01.2024;1;1.0;73;59;73;59;0;-1
TE273;12.01.2024;2;1.0;63;58;62;59;1;57
TE273;12.01.2024;3;1.0;58;58;54;59;4;48
TE273;12.01.2024;4;1.0;92;58;89;59;3;52
TE273;12.01.2024;5;1.0;205;59;201;59;4;50
TE273;12.01.2024;6;1.0;342;58;336;58;6;55
TE273;12.01.2024;7;1.0;569;55;565;55;4;57
TE273;12.01.2024;8;1.0;664;57;656;57;8;55
TE273;12.01.2024;9;1.0;697;57;685;57;12;56
TE273;12.01.2024;10;1.0;724;56;715;56;9;55
TE273;12.01.2024;11;1.0;793;55;775;55;18;55
TE273;12.01.2024;12;1.0;677;26;659;26;18;24
TE273;12.01.2024;13;1.0;1054;52;1044;52;10;53
TE273;12.01.2024;14;1.0;1150;32;1134;32;16;25
TE273;12.01.2024;15;1.0;1159;34;1142;34;17;23
TE273;12.01.2024;16;1.0;1077;53;1068;53;9;54
TE273;12.01.2024;17;1.0;980;55;971;55;9;55
TE273;12.01.2024;18;1.0;845;56;839;56;6;56
TE273;12.01.2024;19;1.0;693;57;689;57;4;54
TE273;12.01.2024;20;1.0;556;58;553;58;3;55
TE273;12.01.2024;21;1.0;409;59;407;59;2;54
TE273;12.01.2024;22;1.0;399;58;397;58;2;58
TE273;12.01.2024;23;1.0;327;58;325;58;2;64
TE273;13.01.2024;0;1.0;240;58;237;58;3;54
TE273;13.01.2024;1;1.0;158;60;155;60;3;54
TE273;13.01.2024;2;1.0;120;60;118;60;2;56
TE273;13.01.2024;3;1.0;75;58;73;59;2;56
TE273;13.01.2024;4;1.0;63;58;62;58;1;52
TE273;13.01.2024;5;1.0;95;57;90;57;5;55
TE273;13.01.2024;6;1.0;88;56;86;56;2;60
TE273;13.01.2024;7;1.0;129;56;126;56;3;55
TE273;13.01.2024;8;1.0;224;57;218;57;6;56
TE273;13.01.2024;9;1.0;381;59;379;59;2;57
TE273;13.01.2024;10;1.0;465;59;458;59;7;57
TE273;13.01.2024;11;1.0;533;56;527;56;6;58
TE273;13.01.2024;12;1.0;654;57;653;57;1;57
TE273;13.01.2024;13;1.0;706;57;701;57;5;58
TE273;13.01.2024;14;1.0;803;57;800;57;3;58
TE273;13.01.2024;15;1.0;772;58;765;58;7;58
TE273;13.01.2024;16;1.0;665;58;663;58;2;58
TE273;13.01.2024;17;1.0;692;56;686;56;6;58
TE273;13.01.2024;18;1.0;580;56;574;56;6;58
TE273;13.01.2024;19;1.0;534;57;528;57;6;58
TE273;13.01.2024;20;1.0;435;57;430;57;5;56
TE273;13.01.2024;21;1.0;391;56;387;56;4;56
TE273;13.01.2024;22;1.0;356;56;349;56;7;59
TE273;13.01.2024;23;1.0;359;56;355;56;4;53
TE273;14.01.2024;0;1.0;243;60;239;60;4;58
TE273;14.01.2024;1;1.0;180;57;179;57;1;59
TE273;14.01.2024;2;1.0;114;62;112;62;2;58
TE273;14.01.2024;3;1.0;111;60;109;60;2;58
TE273;14.01.2024;4;1.0;78;54;77;54;1;59
TE273;14.01.2024;5;1.0;89;57;87;57;2;59
TE273;14.01.2024;6;1.0;71;59;70;59;1;59
TE273;14.01.2024;7;1.0;72;58;69;58;3;55
TE273;14.01.2024;8;1.0;120;59;119;59;1;47
TE273;14.01.2024;9;1.0;204;57;202;57;2;47
TE273;14.01.2024;10;1.0;324;59;321;59;3;58
TE273;14.01.2024;11;1.0;410;57;409;57;1;56
TE273;14.01.2024;12;1.0;511;57;508;57;3;61
TE273;14.01.2024;13;1.0;521;59;521;59;0;-1
TE273;14.01.2024;14;1.0;559;59;556;59;3;60
TE273;14.01.2024;15;1.0;553;57;551;57;2;60
TE273;14.01.2024;16;1.0;557;57;554;57;3;60
TE273;14.01.2024;17;1.0;513;58;511;58;2;56
TE273;14.01.2024;18;1.0;492;60;487;60;5;59
TE273;14.01.2024;19;1.0;429;59;428;59;1;60
TE273;14.01.2024;20;1.0;421;60;418;60;3;60
TE273;14.01.2024;21;1.0;297;60;294;60;3;63
TE273;14.01.2024;22;1.0;284;61;283;61;1;60
TE273;14.01.2024;23;1.0;190;61;190;61;0;-1
TE273;15.01.2024;0;1.0;139;63;138;63;1;60
TE273;15.01.2024;1;1.0;76;62;75;62;1;60
TE273;15.01.2024;2;1.0;61;60;59;60;2;60
TE273;15.01.2024;3;1.0;61;56;57;56;4;56
TE273;15.01.2024;4;1.0;76;60;72;61;4;57
TE273;15.01.2024;5;1.0;198;56;190;56;8;56
TE273;15.01.2024;6;1.0;341;55;334;55;7;54
TE273;15.01.2024;7;1.0;593;54;582;54;11;54
TE273;15.01.2024;8;1.0;628;53;617;54;11;43
TE273;15.01.2024;9;1.0;710;53;693;53;17;53
TE273;15.01.2024;10;1.0;929;54;905;54;24;52
TE273;15.01.2024;11;1.0;769;57;733;57;36;57
TE273;15.01.2024;12;1.0;746;56;714;56;32;55
TE273;15.01.2024;13;1.0;975;52;959;52;16;53
TE273;15.01.2024;14;1.0;1046;23;1032;23;14;22
TE273;15.01.2024;15;1.0;1127;21;1103;21;24;16
TE273;15.01.2024;16;1.0;1237;40;1219;40;18;34
TE273;15.01.2024;17;1.0;1072;46;1062;46;10;31
TE273;15.01.2024;18;1.0;934;51;923;51;11;52
TE273;15.01.2024;19;1.0;585;58;577;58;8;58
TE273;15.01.2024;20;1.0;429;57;428;57;1;61
TE273;15.01.2024;21;1.0;360;57;359;57;1;61
TE273;15.01.2024;22;1.0;378;58;373;58;5;59
TE273;15.01.2024;23;1.0;175;60;170;61;5;57
TE273;16.01.2024;0;1.0;123;60;122;60;1;57
TE273;16.01.2024;1;1.0;67;54;66;54;1;58
TE273;16.01.2024;2;1.0;49;45;46;45;3;41
TE273;16.01.2024;3;1.0;59;46;57;46;2;42
TE273;16.01.2024;4;1.0;89;47;84;46;5;47
TE273;16.01.2024;5;1.0;192;45;185;45;7;42
TE273;16.01.2024;6;1.0;420;49;411;49;9;48
TE273;16.01.2024;7;1.0;597;49;587;49;10;50
TE273;16.01.2024;8;1.0;750;53;741;53;9;51
TE273;16.01.2024;9;1.0;695;56;691;56;4;54
TE273;16.01.2024;10;1.0;693;57;688;57;5;55
TE273;16.01.2024;11;1.0;840;55;813;55;27;55
TE273;16.01.2024;12;1.0;873;55;843;55;30;57
TE273;16.01.2024;13;1.0;1011;54;984;54;27;54
TE273;16.01.2024;14;1.0;1140;35;1113;35;27;35
TE273;16.01.2024;15;1.0;1249;35;1231;35;18;23
TE273;16.01.2024;16;1.0;1341;44;1333;44;8;42
TE273;16.01.2024;17;1.0;1215;47;1212;47;3;51
TE273;16.01.2024;18;1.0;1133;50;1130;50;3;51
TE273;16.01.2024;19;1.0;764;54;759;54;5;55
TE273;16.01.2024;20;1.0;438;57;434;57;4;54
TE273;16.01.2024;21;1.0;416;58;412;58;4;54
TE273;16.01.2024;22;1.0;382;56;376;56;6;58
TE273;16.01.2024;23;1.0;220;56;218;56;2;50
TE273;17.01.2024;0;1.0;107;51;105;51;2;50
TE273;17.01.2024;1;1.0;92;52;89;52;3;50
TE273;17.01.2024;2;1.0;48;53;45;54;3;47
TE273;17.01.2024;3;1.0;68;51;63;51;5;49
TE273;17.01.2024;4;1.0;81;51;77;51;4;44
TE273;17.01.2024;5;1.0;209;50;204;50;5;50
TE273;17.01.2024;6;1.0;378;47;371;46;7;46
TE273;17.01.2024;7;1.0;667;49;648;48;19;49
TE273;17.01.2024;8;1.0;748;51;724;51;24;53
TE273;17.01.2024;9;1.0;711;53;690;53;21;52
TE273;17.01.2024;10;1.0;720;53;674;53;46;53
TE273;17.01.2024;11;1.0;712;49;663;49;49;49
TE273;17.01.2024;12;1.0;848;54;803;54;45;53
TE273;17.01.2024;13;1.0;960;52;924;52;36;53
TE273;17.01.2024;14;1.0;1292;46;1265;46;27;46
TE273;17.01.2024;15;1.0;1237;24;1212;24;25;27
TE273;17.01.2024;16;1.0;1285;35;1252;35;33;29
TE273;17.01.2024;17;1.0;1221;53;1216;53;5;47
TE273;17.01.2024;18;1.0;1011;55;1001;55;10;56
TE273;17.01.2024;19;1.0;695;54;691;54;4;55
TE273;17.01.2024;20;1.0;517;55;516;55;1;55
TE273;17.01.2024;21;1.0;424;57;421;57;3;55
TE273;17.01.2024;22;1.0;351;57;348;57;3;55
TE273;17.01.2024;23;1.0;213;58;211;58;2;57
TE273;18.01.2024;0;1.0;114;58;113;58;1;55
TE273;18.01.2024;1;1.0;90;59;85;59;5;55
TE273;18.01.2024;2;1.0;61;59;60;59;1;55
TE273;18.01.2024;3;1.0;44;58;42;58;2;51
TE273;18.01.2024;4;1.0;87;56;84;56;3;53
TE273;18.01.2024;5;1.0;215;56;209;56;6;56
TE273;18.01.2024;6;1.0;361;57;355;57;6;55
TE273;18.01.2024;7;1.0;585;56;571;56;14;56
TE273;18.01.2024;8;1.0;783;53;768;53;15;53
TE273;18.01.2024;9;1.0;714;55;697;55;17;55
TE273;18.01.2024;10;1.0;742;55;710;55;32;54
TE273;18.01.2024;11;1.0;804;54;775;54;29;54
TE273;18.01.2024;12;1.0;906;54;872;54;34;55
TE273;18.01.2024;13;1.0;1061;51;1032;51;29;48
TE273;18.01.2024;14;1.0;1259;45;1213;44;46;44
TE273;18.01.2024;15;1.0;1160;19;1095;20;65;16
TE273;18.01.2024;16;1.0;1344;44;1322;44;22;44
TE273;18.01.2024;17;1.0;1301;46;1284;46;17;47
TE273;18.01.2024;18;1.0;1098;48;1093;48;5;49
TE273;18.01.2024;19;1.0;769;48;764;48;5;48
TE273;18.01.2024;20;1.0;518;50;511;50;7;53
TE273;18.01.2024;21;1.0;458;49;457;49;1;49
TE273;18.01.2024;22;1.0;427;50;426;50;1;48
TE273;18.01.2024;23;1.0;255;52;253;52;2;53
TE273;19.01.2024;0;1.0;140;52;137;52;3;50
TE273;19.01.2024;1;1.0;80;52;79;52;1;42
TE273;19.01.2024;2;1.0;65;52;64;52;1;46
TE273;19.01.2024;3;1.0;61;52;57;52;4;54
TE273;19.01.2024;4;1.0;79;53;76;53;3;54
TE273;19.01.2024;5;1.0;204;48;195;49;9;48
TE273;19.01.2024;6;1.0;326;49;317;49;9;49
TE273;19.01.2024;7;1.0;589;48;571;48;18;48
TE273;19.01.2024;8;1.0;726;49;704;49;22;50
TE273;19.01.2024;9;1.0;694;49;674;49;20;48
TE273;19.01.2024;10;1.0;704;50;676;50;28;50
TE273;19.01.2024;11;1.0;885;52;838;52;47;54
TE273;19.01.2024;12;1.0;1005;52;956;52;49;51
TE273;19.01.2024;13;1.0;1162;49;1121;49;41;50
TE273;19.01.2024;14;1.0;1239;35;1205;35;34;36
TE273;19.01.2024;15;1.0;1307;27;1270;27;37;27
TE273;19.01.2024;16;1.0;1209;53;1187;53;22;52
TE273;19.01.2024;17;1.0;979;54;968;54;11;53
TE273;19.01.2024;18;1.0;910;53;901;53;9;51
TE273;19.01.2024;19;1.0;656;50;653;50;3;52
TE273;19.01.2024;20;1.0;531;49;526;49;5;50
TE273;19.01.2024;21;1.0;623;50;616;50;7;52
TE273;19.01.2024;22;1.0;488;52;483;52;5;51
TE273;19.01.2024;23;1.0;345;52;343;52;2;54
TE273;20.01.2024;0;1.0;252;51;251;51;1;52
TE273;20.01.2024;1;1.0;171;53;170;53;1;52
TE273;20.01.2024;2;1.0;115;51;115;51;0;-1
TE273;20.01.2024;3;1.0;84;55;84;55;0;-1
TE273;20.01.2024;4;1.0;85;55;83;55;2;51
TE273;20.01.2024;5;1.0;106;54;106;54;0;-1
TE273;20.01.2024;6;1.0;131;52;126;52;5;51
TE273;20.01.2024;7;1.0;146;50;140;50;6;48
TE273;20.01.2024;8;1.0;239;53;231;53;8;51
TE273;20.01.2024;9;1.0;426;54;419;54;7;52
TE273;20.01.2024;10;1.0;514;56;499;56;15;54
TE273;20.01.2024;11;1.0;651;52;632;52;19;53
TE273;20.01.2024;12;1.0;743;54;736;54;7;53
TE273;20.01.2024;13;1.0;769;52;762;52;7;51
TE273;20.01.2024;14;1.0;856;54;848;54;8;52
TE273;20.01.2024;15;1.0;772;55;772;55;0;-1
TE273;20.01.2024;16;1.0;733;52;724;52;9;55
TE273;20.01.2024;17;1.0;692;51;682;51;10;51
TE273;20.01.2024;18;1.0;684;52;681;52;3;52
TE273;20.01.2024;19;1.0;666;50;659;50;7;50
TE273;20.01.2024;20;1.0;473;51;470;51;3;48
TE273;20.01.2024;21;1.0;389;52;388;52;1;54
TE273;20.01.2024;22;1.0;412;49;410;49;2;52
TE273;20.01.2024;23;1.0;398;50;398;50;0;-1
TE273;21.01.2024;0;1.0;266;50;266;50;0;-1
TE273;21.01.2024;1;1.0;176;52;176;52;0;-1
TE273;21.01.2024;2;1.0;138;54;136;54;2;50
TE273;21.01.2024;3;1.0;113;55;113;55;0;-1
TE273;21.01.2024;4;1.0;94;56;93;56;1;54
TE273;21.01.2024;5;1.0;99;60;99;60;0;-1
TE273;21.01.2024;6;1.0;90;61;90;61;0;-1
TE273;21.01.2024;7;1.0;74;58;73;58;1;41
TE273;21.01.2024;8;1.0;109;58;109;58;0;-1
TE273;21.01.2024;9;1.0;214;54;212;54;2;46
TE273;21.01.2024;10;1.0;318;55;315;55;3;52
TE273;21.01.2024;11;1.0;392;57;388;57;4;53
TE273;21.01.2024;12;1.0;528;53;525;53;3;52
TE273;21.01.2024;13;1.0;626;54;619;54;7;54
TE273;21.01.2024;14;1.0;575;54;574;54;1;55
TE273;21.01.2024;15;1.0;580;54;574;54;6;54
TE273;21.01.2024;16;1.0;513;55;510;55;3;53
TE273;21.01.2024;17;1.0;560;53;553;53;7;52
TE273;21.01.2024;18;1.0;545;54;543;54;2;56
TE273;21.01.2024;19;1.0;433;53;432;53;1;55
TE273;21.01.2024;20;1.0;399;55;395;55;4;55
TE273;21.01.2024;21;1.0;336;55;328;55;8;53
TE273;21.01.2024;22;1.0;266;55;265;55;1;55
TE273;21.01.2024;23;1.0;164;55;162;55;2;50
TE273;22.01.2024;0;1.0;114;55;107;56;7;51
TE273;22.01.2024;1;1.0;71;52;70;52;1;52
TE273;22.01.2024;2;1.0;52;56;51;57;1;54
TE273;22.01.2024;3;1.0;46;56;45;56;1;54
TE273;22.01.2024;4;1.0;76;55;68;56;8;51
TE273;22.01.2024;5;1.0;216;56;204;56;12;54
TE273;22.01.2024;6;1.0;388;55;371;55;17;56
TE273;22.01.2024;7;1.0;626;53;588;53;38;54
TE273;22.01.2024;8;1.0;767;52;725;52;42;52
TE273;22.01.2024;9;1.0;876;52;844;52;32;52
TE273;22.01.2024;10;1.0;779;53;744;53;35;54
TE273;22.01.2024;11;1.0;785;53;751;53;34;52
TE273;22.01.2024;12;1.0;909;51;873;51;36;52
TE273;22.01.2024;13;1.0;1021;52;981;52;40;52
TE273;22.01.2024;14;1.0;1199;33;1139;33;60;36
TE273;22.01.2024;15;1.0;1348;40;1293;40;55;37
TE273;22.01.2024;16;1.0;1396;39;1359;39;37;42
TE273;22.01.2024;17;1.0;1293;47;1272;47;21;47
TE273;22.01.2024;18;1.0;1002;50;996;50;6;48
TE273;22.01.2024;19;1.0;655;52;647;52;8;51
TE273;22.01.2024;20;1.0;512;52;507;52;5;49
TE273;22.01.2024;21;1.0;386;55;384;55;2;49
TE273;22.01.2024;22;1.0;354;54;348;54;6;54
TE273;22.01.2024;23;1.0;222;54;222;54;0;-1
TE273;23.01.2024;0;1.0;103;53;103;53;0;-1
TE273;23.01.2024;1;1.0;64;56;63;56;1;51
TE273;23.01.2024;2;1.0;49;53;47;53;2;56
TE273;23.01.2024;3;1.0;48;54;48;54;0;-1
TE273;23.01.2024;4;1.0;82;55;79;55;3;58
TE273;23.01.2024;5;1.0;208;53;199;53;9;52
TE273;23.01.2024;6;1.0;395;51;376;51;19;51
TE273;23.01.2024;7;1.0;663;51;646;51;17;51
TE273;23.01.2024;8;1.0;799;52;770;52;29;51
TE273;23.01.2024;9;1.0;857;52;810;52;47;51
TE273;23.01.2024;10;1.0;808;53;760;53;48;53
TE273;23.01.2024;11;1.0;869;53;821;53;48;53
TE273;23.01.2024;12;1.0;1007;52;967;52;40;51
TE273;23.01.2024;13;1.0;1064;41;1014;42;50;35
TE273;23.01.2024;14;1.0;1238;37;1198;37;40;34
TE273;23.01.2024;15;1.0;1414;33;1357;33;57;28
TE273;23.01.2024;16;1.0;1279;29;1238;29;41;25
TE273;23.01.2024;17;1.0;1456;43;1430;43;26;42
TE273;23.01.2024;18;1.0;1224;47;1209;47;15;48
TE273;23.01.2024;19;1.0;769;50;765;50;4;48
TE273;23.01.2024;20;1.0;540;52;536;52;4;50
TE273;23.01.2024;21;1.0;387;53;383;53;4;51
TE273;23.01.2024;22;1.0;379;54;377;54;2;55
TE273;23.01.2024;23;1.0;232;55;231;55;1;51
TE273;24.01.2024;0;1.0;125;57;124;57;1;51
TE273;24.01.2024;1;1.0;77;57;76;57;1;51
TE273;24.01.2024;2;1.0;71;56;70;56;1;54
TE273;24.01.2024;3;1.0;50;57;50;57;0;-1
TE273;24.01.2024;4;1.0;86;56;83;56;3;58
TE273;24.01.2024;5;1.0;227;56;212;56;15;54
TE273;24.01.2024;6;1.0;443;55;424;55;19;54
TE273;24.01.2024;7;1.0;712;51;688;51;24;51
TE273;24.01.2024;8;1.0;789;50;773;50;16;51
TE273;24.01.2024;9;1.0;736;51;711;51;25;49
TE273;24.01.2024;10;1.0;783;51;751;51;32;51
TE273;24.01.2024;11;1.0;870;53;811;53;59;52
TE273;24.01.2024;12;1.0;889;51;837;50;52;52
TE273;24.01.2024;13;1.0;1089;52;1037;52;52;52
TE273;24.01.2024;14;1.0;1266;36;1222;36;44;32
TE273;24.01.2024;15;1.0;1244;22;1192;22;52;23
TE273;24.01.2024;16;1.0;1108;16;1075;16;33;14
TE273;24.01.2024;17;1.0;1237;21;1201;21;36;23
TE273;24.01.2024;18;1.0;1297;40;1283;41;14;33
TE273;24.01.2024;19;1.0;861;52;850;52;11;52
TE273;24.01.2024;20;1.0;568;52;567;52;1;50
TE273;24.01.2024;21;1.0;483;55;479;55;4;50
TE273;24.01.2024;22;1.0;411;53;409;53;2;52
TE273;24.01.2024;23;1.0;254;55;252;55;2;56
TE273;25.01.2024;0;1.0;123;56;122;56;1;56
TE273;25.01.2024;1;1.0;88;56;85;56;3;54
TE273;25.01.2024;2;1.0;64;54;63;54;1;45
TE273;25.01.2024;3;1.0;55;55;54;55;1;58
TE273;25.01.2024;4;1.0;78;54;71;54;7;54
TE273;25.01.2024;5;1.0;225;54;214;54;11;51
TE273;25.01.2024;6;1.0;414;53;394;53;20;53
TE273;25.01.2024;7;1.0;688;50;662;50;26;51
TE273;25.01.2024;8;1.0;743;51;721;51;22;49
TE273;25.01.2024;9;1.0;792;50;764;50;28;51
TE273;25.01.2024;10;1.0;840;51;818;51;22;52
TE273;25.01.2024;11;1.0;1161;49;1135;50;26;48
TE273;25.01.2024;12;1.0;1196;44;1153;44;43;45
TE273;25.01.2024;13;1.0;1295;41;1269;41;26;35
TE273;25.01.2024;14;1.0;1274;34;1235;34;39;38
TE273;25.01.2024;15;1.0;1302;22;1266;22;36;25
TE273;25.01.2024;16;1.0;1170;17;1137;17;33;17
TE273;25.01.2024;17;1.0;1283;29;1255;30;28;21
TE273;25.01.2024;18;1.0;1182;41;1163;41;19;34
TE273;25.01.2024;19;1.0;815;55;805;55;10;55
TE273;25.01.2024;20;1.0;629;55;618;55;11;55
TE273;25.01.2024;21;1.0;479;55;474;55;5;56
TE273;25.01.2024;22;1.0;440;51;435;51;5;52
TE273;25.01.2024;23;1.0;304;50;300;50;4;50
TE273;26.01.2024;0;1.0;153;52;149;52;4;48
TE273;26.01.2024;1;1.0;94;54;91;54;3;53
TE273;26.01.2024;2;1.0;62;52;58;52;4;50
TE273;26.01.2024;3;1.0;49;51;44;52;5;50
TE273;26.01.2024;4;1.0;79;53;74;53;5;50
TE273;26.01.2024;5;1.0;229;51;218;50;11;53
TE273;26.01.2024;6;1.0;349;53;344;53;5;49
TE273;26.01.2024;7;1.0;686;47;670;47;16;49
TE273;26.01.2024;8;1.0;706;51;671;50;35;51
TE273;26.01.2024;9;1.0;722;55;702;55;20;56
TE273;26.01.2024;10;1.0;799;56;762;56;37;56
TE273;26.01.2024;11;1.0;911;55;883;55;28;56
TE273;26.01.2024;12;1.0;1080;48;1051;48;30;43
TE273;26.01.2024;13;1.0;1130;43;1114;43;16;35
TE273;26.01.2024;14;1.0;1037;16;999;16;38;18
TE273;26.01.2024;15;1.0;1103;18;1069;18;34;16
TE273;26.01.2024;16;1.0;1297;47;1289;47;8;37
TE273;26.01.2024;17;1.0;1099;48;1086;48;13;49
TE273;26.01.2024;18;1.0;933;52;927;52;6;51
TE273;26.01.2024;19;1.0;695;51;690;51;5;48
TE273;26.01.2024;20;1.0;579;50;575;50;4;52
TE273;26.01.2024;21;1.0;472;52;469;52;3;52
TE273;26.01.2024;22;1.0;453;51;442;51;11;52
TE273;26.01.2024;23;1.0;368;53;366;53;2;51
TE273;27.01.2024;0;1.0;245;52;242;52;3;54
TE273;27.01.2024;1;1.0;149;53;147;53;2;54
TE273;27.01.2024;2;1.0;107;54;105;54;2;54
TE273;27.01.2024;3;1.0;101;54;99;54;2;54
TE273;27.01.2024;4;1.0;92;50;88;50;4;54
TE273;27.01.2024;5;1.0;98;52;94;52;4;50
TE273;27.01.2024;6;1.0;138;54;136;54;2;47
TE273;27.01.2024;7;1.0;175;52;171;52;4;52
TE273;27.01.2024;8;1.0;302;55;299;55;3;55
TE273;27.01.2024;9;1.0;443;54;438;54;5;53
TE273;27.01.2024;10;1.0;599;53;591;53;8;53
TE273;27.01.2024;11;1.0;657;56;653;56;4;56
TE273;27.01.2024;12;1.0;826;55;820;55;6;56
TE273;27.01.2024;13;1.0;907;53;904;53;3;56
TE273;27.01.2024;14;1.0;920;49;916;50;4;46
TE273;27.01.2024;15;1.0;891;49;879;49;12;50
TE273;27.01.2024;16;1.0;778;50;773;50;5;52
TE273;27.01.2024;17;1.0;774;50;766;50;8;49
TE273;27.01.2024;18;1.0;703;49;694;49;9;49
TE273;27.01.2024;19;1.0;585;51;579;51;6;50
TE273;27.01.2024;20;1.0;518;51;515;51;3;50
TE273;27.01.2024;21;1.0;443;51;439;51;4;55
TE273;27.01.2024;22;1.0;500;50;497;50;3;49
TE273;27.01.2024;23;1.0;372;50;371;50;1;47
TE273;28.01.2024;0;1.0;297;52;292;52;5;47
TE273;28.01.2024;1;1.0;198;54;197;54;1;47
TE273;28.01.2024;2;1.0;160;53;160;53;0;-1
TE273;28.01.2024;3;1.0;121;51;118;51;3;46
TE273;28.01.2024;4;1.0;93;52;91;52;2;47
TE273;28.01.2024;5;1.0;99;50;96;50;3;51
TE273;28.01.2024;6;1.0;87;52;84;52;3;54
TE273;28.01.2024;7;1.0;105;50;101;50;4;56
TE273;28.01.2024;8;1.0;163;52;160;52;3;59
TE273;28.01.2024;9;1.0;266;51;265;51;1;59
TE273;28.01.2024;10;1.0;401;51;399;51;2;52
TE273;28.01.2024;11;1.0;588;50;582;50;6;51
TE273;28.01.2024;12;1.0;665;50;661;50;4;53
TE273;28.01.2024;13;1.0;706;51;699;51;7;51
TE273;28.01.2024;14;1.0;746;49;740;49;6;48
TE273;28.01.2024;15;1.0;660;50;657;50;3;48
TE273;28.01.2024;16;1.0;698;50;691;50;7;50
TE273;28.01.2024;17;1.0;712;51;706;51;6;51
TE273;28.01.2024;18;1.0;624;51;618;51;6;51
TE273;28.01.2024;19;1.0;478;52;474;52;4;52
TE273;28.01.2024;20;1.0;440;51;435;51;5;51
TE273;28.01.2024;21;1.0;338;52;335;52;3;51
TE273;28.01.2024;22;1.0;307;49;306;49;1;48
TE273;28.01.2024;23;1.0;189;52;188;52;1;48
TE273;29.01.2024;0;1.0;119;54;116;54;3;58
TE273;29.01.2024;1;1.0;80;50;79;50;1;52
TE273;29.01.2024;2;1.0;67;54;63;55;4;46
TE273;29.01.2024;3;1.0;51;51;49;51;2;42
TE273;29.01.2024;4;1.0;75;50;72;51;3;37
TE273;29.01.2024;5;1.0;232;50;228;50;4;42
TE273;29.01.2024;6;1.0;407;50;395;50;12;52
TE273;29.01.2024;7;1.0;704;48;685;48;19;50
TE273;29.01.2024;8;1.0;784;50;754;50;30;51
TE273;29.01.2024;9;1.0;777;49;731;49;46;49
TE273;29.01.2024;10;1.0;833;49;788;49;45;49
TE273;29.01.2024;11;1.0;883;49;836;48;47;49
TE273;29.01.2024;12;1.0;897;48;853;48;44;49
TE273;29.01.2024;13;1.0;1085;50;1042;49;43;50
TE273;29.01.2024;14;1.0;1321;43;1272;43;49;40
TE273;29.01.2024;15;1.0;1428;28;1382;27;46;26
TE273;29.01.2024;16;1.0;1344;24;1301;24;43;18
TE273;29.01.2024;17;1.0;1282;37;1252;37;30;31
TE273;29.01.2024;18;1.0;1068;47;1048;47;20;47
TE273;29.01.2024;19;1.0;732;50;722;50;10;49
TE273;29.01.2024;20;1.0;509;51;502;51;7;52
TE273;29.01.2024;21;1.0;383;51;378;51;5;50
TE273;29.01.2024;22;1.0;318;53;314;53;4;53
TE273;29.01.2024;23;1.0;190;53;190;53;0;-1
TE273;30.01.2024;0;1.0;169;55;168;55;1;53
TE273;30.01.2024;1;1.0;68;51;66;51;2;48
TE273;30.01.2024;2;1.0;41;52;40;52;1;50
TE273;30.01.2024;3;1.0;51;57;50;57;1;62
TE273;30.01.2024;4;1.0;76;52;70;52;6;51
TE273;30.01.2024;5;1.0;225;51;219;51;6;55
TE273;30.01.2024;6;1.0;460;51;446;51;14;52
TE273;30.01.2024;7;1.0;717;49;684;49;33;48
TE273;30.01.2024;8;1.0;756;51;728;51;28;52
TE273;30.01.2024;9;1.0;806;50;763;50;43;50
TE273;30.01.2024;10;1.0;834;48;784;48;50;49
TE273;30.01.2024;11;1.0;902;50;859;50;43;49
TE273;30.01.2024;12;1.0;932;50;878;50;54;50
TE273;30.01.2024;13;1.0;1138;47;1101;47;37;49
TE273;30.01.2024;14;1.0;1245;36;1197;36;48;35
TE273;30.01.2024;15;1.0;1337;33;1292;33;45;31
TE273;30.01.2024;16;1.0;1311;23;1273;23;38;18
TE273;30.01.2024;17;1.0;1332;42;1307;43;25;36
TE273;30.01.2024;18;1.0;1107;50;1097;50;10;48
TE273;30.01.2024;19;1.0;762;52;754;52;8;52
TE273;30.01.2024;20;1.0;554;55;550;55;4;54
TE273;30.01.2024;21;1.0;475;54;472;54;3;56
TE273;30.01.2024;22;1.0;389;53;389;53;0;-1
TE273;30.01.2024;23;1.0;211;53;207;53;4;52
TE273;31.01.2024;0;1.0;131;53;128;53;3;53
TE273;31.01.2024;1;1.0;86;56;85;56;1;54
TE273;31.01.2024;2;1.0;55;54;54;54;1;49
TE273;31.01.2024;3;1.0;41;53;40;53;1;47
TE273;31.01.2024;4;1.0;80;54;72;54;8;51
TE273;31.01.2024;5;1.0;223;55;215;55;8;54
TE273;31.01.2024;6;1.0;392;56;381;56;11;56
TE273;31.01.2024;7;1.0;708;50;693;50;15;51
TE273;31.01.2024;8;1.0;759;50;734;50;25;50
TE273;31.01.2024;9;1.0;683;53;663;53;20;54
TE273;31.01.2024;10;1.0;759;52;717;52;42;52
TE273;31.01.2024;11;1.0;922;53;889;52;33;52
TE273;31.01.2024;12;1.0;899;53;857;53;42;52
TE273;31.01.2024;13;1.0;1111;52;1075;52;36;54
TE273;31.01.2024;14;1.0;1170;32;1130;32;40;29
TE273;31.01.2024;15;1.0;1256;29;1225;29;31;27
TE273;31.01.2024;16;1.0;1259;20;1197;20;62;15
TE273;31.01.2024;17;1.0;1433;43;1408;44;25;45
TE273;31.01.2024;18;1.0;1247;50;1235;50;12;50
TE273;31.01.2024;19;1.0;855;55;845;55;10;57
TE273;31.01.2024;20;1.0;596;56;593;56;3;56
TE273;31.01.2024;21;1.0;441;55;439;55;2;56
TE273;31.01.2024;22;1.0;388;55;386;55;2;55
TE273;31.01.2024;23;1.0;286;56;284;56;2;56
TE274;01.01.2024;0;1.0;202;44;192;44;10;43
TE274;01.01.2024;1;1.0;362;42;357;42;4;43
TE274;01.01.2024;2;1.0;310;46;304;46;6;46
TE274;01.01.2024;3;1.0;271;44;269;44;2;42
TE274;01.01.2024;4;1.0;214;47;204;47;10;50
TE274;01.01.2024;5;1.0;250;48;246;48;4;46
TE274;01.01.2024;6;1.0;235;47;228;47;7;45
TE274;01.01.2024;7;1.0;147;48;137;48;10;46
TE274;01.01.2024;8;1.0;99;44;95;44;4;38
TE274;01.01.2024;9;1.0;119;43;112;43;7;43
TE274;01.01.2024;10;1.0;140;41;130;41;10;31
TE274;01.01.2024;11;1.0;219;43;210;43;9;45
TE274;01.01.2024;12;1.0;248;40;238;40;10;41
TE274;01.01.2024;13;1.0;327;39;320;39;7;36
TE274;01.01.2024;14;1.0;372;40;364;40;8;38
TE274;01.01.2024;15;1.0;447;40;440;40;7;41
TE274;01.01.2024;16;1.0;406;41;399;41;7;43
TE274;01.01.2024;17;1.0;495;41;486;41;9;44
TE274;01.01.2024;18;1.0;621;42;611;42;10;43
TE274;01.01.2024;19;1.0;349;33;343;33;6;38
TE274;01.01.2024;20;1.0;332;34;327;34;5;33
TE274;01.01.2024;21;1.0;304;45;293;46;11;35
TE274;01.01.2024;22;1.0;194;48;187;48;7;44
TE274;01.01.2024;23;1.0;178;42;174;42;4;47
TE274;02.01.2024;0;1.0;110;46;106;46;4;47
TE274;02.01.2024;1;1.0;84;46;77;46;7;45
TE274;02.01.2024;2;1.0;67;47;61;47;6;46
TE274;02.01.2024;3;1.0;52;44;45;43;7;50
TE274;02.01.2024;4;1.0;91;44;82;44;9;40
TE274;02.01.2024;5;1.0;203;40;192;40;11;40
TE274;02.01.2024;6;1.0;353;40;339;40;14;40
TE274;02.01.2024;7;1.0;489;39;470;39;19;39
TE274;02.01.2024;8;1.0;616;42;602;42;14;42
TE274;02.01.2024;9;1.0;532;43;516;43;16;43
TE274;02.01.2024;10;1.0;534;41;518;41;16;41
TE274;02.01.2024;11;1.0;599;34;580;34;18;33
TE274;02.01.2024;13;1.0;620;41;599;40;21;42
TE274;02.01.2024;14;1.0;655;40;643;40;12;41
TE274;02.01.2024;15;1.0;677;40;669;40;8;40
TE274;02.01.2024;16;1.0;675;41;665;41;10;40
TE274;02.01.2024;17;1.0;610;42;600;42;10;42
TE274;02.01.2024;18;1.0;612;38;599;38;13;39
TE274;02.01.2024;19;1.0;445;42;436;41;9;42
TE274;02.01.2024;20;1.0;372;44;365;44;7;41
TE274;02.01.2024;21;1.0;294;46;287;46;7;45
TE274;02.01.2024;22;1.0;265;46;260;46;5;43
TE274;02.01.2024;23;1.0;169;44;167;44;2;46
TE274;03.01.2024;0;1.0;127;44;122;44;5;39
TE274;03.01.2024;1;1.0;95;45;87;46;8;42
TE274;03.01.2024;2;1.0;66;46;60;46;6;43
TE274;03.01.2024;3;1.0;66;45;59;45;7;43
TE274;03.01.2024;4;1.0;85;42;72;43;13;41
TE274;03.01.2024;5;1.0;181;39;171;39;10;37
TE274;03.01.2024;6;1.0;424;36;387;35;37;39
TE274;03.01.2024;7;1.0;554;37;518;37;36;39
TE274;03.01.2024;8;1.0;671;36;647;36;24;38
TE274;03.01.2024;9;1.0;649;38;617;38;32;40
TE274;03.01.2024;10;1.0;640;38;607;38;33;40
TE274;03.01.2024;12;1.0;658;34;618;34;40;33
TE274;03.01.2024;13;1.0;727;37;704;37;23;38
TE274;03.01.2024;14;1.0;704;37;674;37;30;39
TE274;03.01.2024;15;1.0;748;37;717;37;31;38
TE274;03.01.2024;16;1.0;815;27;793;27;22;28
TE274;03.01.2024;18;1.0;619;39;605;39;14;37
TE274;03.01.2024;19;1.0;471;38;460;38;11;41
TE274;03.01.2024;20;1.0;372;39;362;39;10;43
TE274;03.01.2024;21;1.0;297;31;288;31;9;34
TE274;03.01.2024;22;1.0;268;40;260;40;8;41
TE274;03.01.2024;23;1.0;200;39;195;38;5;41
TE274;04.01.2024;0;1.0;132;39;125;39;7;40
TE274;04.01.2024;1;1.0;84;45;78;44;6;44
TE274;04.01.2024;2;1.0;62;44;56;44;6;43
TE274;04.01.2024;3;1.0;59;45;53;44;6;47
TE274;04.01.2024;4;1.0;66;47;61;47;5;50
TE274;04.01.2024;5;1.0;195;48;189;48;6;46
TE274;04.01.2024;6;1.0;392;47;373;48;19;46
TE274;04.01.2024;7;1.0;507;43;492;43;15;42
TE274;04.01.2024;8;1.0;771;38;751;38;20;38
TE274;04.01.2024;9;1.0;710;38;672;38;38;39
TE274;04.01.2024;10;1.0;649;30;612;30;37;32
TE274;04.01.2024;13;1.0;680;39;661;39;19;39
TE274;04.01.2024;14;1.0;734;38;707;38;27;39
TE274;04.01.2024;16;1.0;754;38;736;38;18;39
TE274;04.01.2024;17;1.0;711;39;694;39;17;41
TE274;04.01.2024;18;1.0;649;39;632;39;17;42
TE274;04.01.2024;19;1.0;471;40;458;40;13;42
TE274;04.01.2024;22;1.0;255;42;247;42;8;41
TE274;04.01.2024;23;1.0;201;43;197;43;4;38
TE274;05.01.2024;0;1.0;129;46;124;46;5;43
TE274;05.01.2024;1;1.0;93;47;86;48;7;47
TE274;05.01.2024;2;1.0;59;46;53;45;6;46
TE274;05.01.2024;3;1.0;60;47;51;47;9;51
TE274;05.01.2024;4;1.0;84;44;74;43;10;48
TE274;05.01.2024;5;1.0;198;43;185;43;13;44
TE274;05.01.2024;6;1.0;363;41;329;42;34;40
TE274;05.01.2024;7;1.0;489;39;466;39;23;42
TE274;05.01.2024;8;1.0;613;43;596;43;17;40
TE274;05.01.2024;9;1.0;630;43;617;43;13;44
TE274;05.01.2024;10;1.0;606;43;586;43;20;43
TE274;05.01.2024;11;1.0;653;40;633;40;20;40
TE274;05.01.2024;13;1.0;743;40;717;40;26;43
TE274;05.01.2024;14;1.0;722;38;703;38;19;38
TE274;05.01.2024;15;1.0;840;39;829;39;11;40
TE274;05.01.2024;16;1.0;727;41;708;41;19;42
TE274;05.01.2024;17;1.0;762;41;752;41;10;40
TE274;05.01.2024;18;1.0;676;42;664;42;12;43
TE274;05.01.2024;19;1.0;505;43;497;43;8;41
TE274;05.01.2024;20;1.0;441;43;435;43;6;41
TE274;05.01.2024;21;1.0;429;44;418;44;11;44
TE274;05.01.2024;22;1.0;368;44;363;44;5;43
TE274;05.01.2024;23;1.0;279;48;276;48;3;47
TE274;06.01.2024;0;1.0;193;47;189;47;4;42
TE274;06.01.2024;1;1.0;135;45;132;45;3;46
TE274;06.01.2024;2;1.0;111;50;108;50;3;42
TE274;06.01.2024;3;1.0;74;46;72;46;2;38
TE274;06.01.2024;4;1.0;79;47;76;47;3;45
TE274;06.01.2024;5;1.0;97;47;94;47;3;46
TE274;06.01.2024;6;1.0;146;46;138;46;8;47
TE274;06.01.2024;7;1.0;167;40;160;40;7;40
TE274;06.01.2024;8;1.0;216;40;211;40;5;40
TE274;06.01.2024;9;1.0;288;43;277;43;11;40
TE274;06.01.2024;10;1.0;459;42;445;43;14;42
TE274;06.01.2024;11;1.0;519;41;501;41;18;42
TE274;06.01.2024;12;1.0;569;42;552;42;17;43
TE274;06.01.2024;13;1.0;716;39;707;39;9;40
TE274;06.01.2024;14;1.0;656;40;646;40;10;39
TE274;06.01.2024;15;1.0;702;40;690;40;12;39
TE274;06.01.2024;16;1.0;711;40;694;40;17;40
TE274;06.01.2024;17;1.0;678;39;670;39;8;38
TE274;06.01.2024;18;1.0;613;42;603;42;10;41
TE274;06.01.2024;19;1.0;597;41;587;41;10;39
TE274;06.01.2024;20;1.0;490;42;481;42;9;43
TE274;06.01.2024;21;1.0;435;44;423;43;12;45
TE274;06.01.2024;22;1.0;347;44;335;44;12;45
TE274;06.01.2024;23;1.0;293;45;289;45;4;45
TE274;07.01.2024;0;1.0;204;44;200;44;4;45
TE274;07.01.2024;1;1.0;191;45;189;45;2;44
TE274;07.01.2024;2;1.0;134;46;132;46;2;50
TE274;07.01.2024;3;1.0;88;45;87;45;1;45
TE274;07.01.2024;4;1.0;76;46;72;46;4;45
TE274;07.01.2024;5;1.0;92;41;91;41;1;46
TE274;07.01.2024;6;1.0;93;43;89;44;4;43
TE274;07.01.2024;7;1.0;87;46;79;46;8;44
TE274;07.01.2024;8;1.0;107;44;104;44;3;45
TE274;07.01.2024;9;1.0;169;42;161;42;8;40
TE274;07.01.2024;10;1.0;261;43;254;43;7;43
TE274;07.01.2024;11;1.0;320;44;307;44;13;43
TE274;07.01.2024;12;1.0;380;42;369;42;11;44
TE274;07.01.2024;13;1.0;536;43;526;43;10;45
TE274;07.01.2024;14;1.0;492;41;485;41;7;44
TE274;07.01.2024;15;1.0;522;44;516;44;6;46
TE274;07.01.2024;16;1.0;543;43;534;44;9;43
TE274;07.01.2024;17;1.0;495;44;489;44;6;42
TE274;07.01.2024;18;1.0;493;44;486;44;7;44
TE274;07.01.2024;19;1.0;476;44;470;44;6;44
TE274;07.01.2024;20;1.0;347;43;340;43;7;44
TE274;07.01.2024;21;1.0;307;44;298;44;9;42
TE274;07.01.2024;22;1.0;250;46;244;46;6;46
TE274;07.01.2024;23;1.0;182;45;179;45;3;47
TE274;08.01.2024;0;1.0;132;44;129;44;3;44
TE274;08.01.2024;1;1.0;83;46;77;46;6;46
TE274;08.01.2024;2;1.0;56;45;50;45;6;46
TE274;08.01.2024;3;1.0;53;47;46;45;7;57
TE274;08.01.2024;4;1.0;89;43;81;43;8;44
TE274;08.01.2024;5;1.0;235;43;224;43;11;44
TE274;08.01.2024;6;1.0;451;41;432;41;19;40
TE274;08.01.2024;7;1.0;732;38;706;38;26;39
TE274;08.01.2024;8;1.0;854;38;826;38;28;38
TE274;08.01.2024;9;1.0;685;41;664;41;21;40
TE274;08.01.2024;10;1.0;587;40;557;40;30;40
TE274;08.01.2024;11;1.0;570;38;549;38;21;38
TE274;08.01.2024;12;1.0;639;40;613;40;26;40
TE274;08.01.2024;13;1.0;643;41;622;41;21;41
TE274;08.01.2024;14;1.0;610;40;597;40;13;38
TE274;08.01.2024;15;1.0;656;42;634;42;22;41
TE274;08.01.2024;16;1.0;747;38;730;38;17;37
TE274;08.01.2024;17;1.0;678;39;653;39;25;41
TE274;08.01.2024;18;1.0;591;39;579;39;12;40
TE274;08.01.2024;19;1.0;469;42;459;42;10;41
TE274;08.01.2024;20;1.0;374;44;364;43;10;45
TE274;08.01.2024;21;1.0;310;44;304;44;6;44
TE274;08.01.2024;22;1.0;255;43;247;43;8;42
TE274;08.01.2024;23;1.0;166;45;160;45;6;44
TE274;09.01.2024;0;1.0;136;45;133;45;3;46
TE274;09.01.2024;1;1.0;82;48;75;47;7;58
TE274;09.01.2024;2;1.0;65;48;54;46;11;53
TE274;09.01.2024;3;1.0;42;48;33;48;9;49
TE274;09.01.2024;4;1.0;79;44;71;44;8;45
TE274;09.01.2024;5;1.0;246;42;236;42;10;41
TE274;09.01.2024;6;1.0;448;41;422;41;26;41
TE274;09.01.2024;7;1.0;752;37;730;37;22;38
TE274;09.01.2024;8;1.0;897;37;872;37;25;36
TE274;09.01.2024;9;1.0;898;38;876;38;22;37
TE274;09.01.2024;10;1.0;727;42;697;42;30;43
TE274;09.01.2024;11;1.0;734;40;709;40;25;40
TE274;09.01.2024;12;1.0;736;38;709;38;27;38
TE274;09.01.2024;13;1.0;662;40;638;40;24;39
TE274;09.01.2024;14;1.0;741;40;724;40;17;39
TE274;09.01.2024;15;1.0;790;37;770;37;20;35
TE274;09.01.2024;16;1.0;836;39;815;39;21;37
TE274;09.01.2024;17;1.0;819;33;805;33;14;34
TE274;09.01.2024;18;1.0;929;37;904;37;25;37
TE274;09.01.2024;19;1.0;647;40;636;40;11;38
TE274;09.01.2024;20;1.0;504;42;494;42;10;42
TE274;09.01.2024;21;1.0;377;42;366;42;11;41
TE274;09.01.2024;22;1.0;287;46;278;46;9;43
TE274;09.01.2024;23;1.0;178;46;174;46;4;44
TE274;10.01.2024;0;1.0;141;46;136;46;5;40
TE274;10.01.2024;1;1.0;85;45;77;45;8;44
TE274;10.01.2024;2;1.0;63;47;57;47;6;46
TE274;10.01.2024;3;1.0;68;45;62;45;6;46
TE274;10.01.2024;4;1.0;94;45;86;45;8;45
TE274;10.01.2024;5;1.0;252;42;242;42;10;42
TE274;10.01.2024;6;1.0;511;40;485;40;26;42
TE274;10.01.2024;7;1.0;774;39;747;39;27;38
TE274;10.01.2024;8;1.0;927;38;900;38;27;39
TE274;10.01.2024;9;1.0;905;36;893;36;13;38
TE274;10.01.2024;10;1.0;744;40;718;40;26;41
TE274;10.01.2024;11;1.0;767;41;744;41;23;41
TE274;10.01.2024;12;1.0;545;39;528;39;17;39
TE274;10.01.2024;13;1.0;701;39;683;39;18;40
TE274;10.01.2024;14;1.0;861;40;841;40;20;41
TE274;10.01.2024;15;1.0;917;38;904;38;13;40
TE274;10.01.2024;16;1.0;771;32;742;33;29;34
TE274;10.01.2024;17;1.0;761;38;749;38;12;38
TE274;10.01.2024;18;1.0;648;40;636;40;12;40
TE274;10.01.2024;19;1.0;527;41;514;41;13;40
TE274;10.01.2024;20;1.0;442;42;432;42;10;43
TE274;10.01.2024;21;1.0;355;42;347;42;8;44
TE274;10.01.2024;22;1.0;305;43;299;42;6;45
TE274;10.01.2024;23;1.0;186;45;183;45;3;47
TE274;11.01.2024;0;1.0;134;45;128;45;6;47
TE274;11.01.2024;1;1.0;95;45;87;45;8;43
TE274;11.01.2024;2;1.0;63;48;54;49;9;44
TE274;11.01.2024;3;1.0;68;46;60;47;8;43
TE274;11.01.2024;4;1.0;87;43;78;43;9;44
TE274;11.01.2024;5;1.0;232;46;223;46;9;44
TE274;11.01.2024;6;1.0;463;43;452;43;11;45
TE274;11.01.2024;7;1.0;714;37;701;37;13;39
TE274;11.01.2024;8;1.0;896;37;885;37;10;36
TE274;11.01.2024;9;1.0;791;41;769;41;22;40
TE274;11.01.2024;10;1.0;717;40;707;40;10;40
TE274;11.01.2024;11;1.0;725;41;711;41;14;39
TE274;11.01.2024;12;1.0;782;41;765;41;17;41
TE274;11.01.2024;13;1.0;717;41;699;41;18;41
TE274;11.01.2024;14;1.0;770;40;756;40;14;39
TE274;11.01.2024;15;1.0;845;39;828;39;17;40
TE274;11.01.2024;16;1.0;743;40;733;40;10;39
TE274;11.01.2024;17;1.0;721;42;711;42;10;39
TE274;11.01.2024;18;1.0;669;41;661;41;8;40
TE274;11.01.2024;19;1.0;476;44;460;44;16;42
TE274;11.01.2024;20;1.0;445;44;435;44;10;42
TE274;11.01.2024;21;1.0;357;46;347;46;10;46
TE274;11.01.2024;22;1.0;279;47;270;47;9;47
TE274;11.01.2024;23;1.0;183;48;180;48;3;39
TE274;12.01.2024;0;1.0;145;51;140;51;5;41
TE274;12.01.2024;1;1.0;90;48;80;49;10;42
TE274;12.01.2024;2;1.0;57;53;50;54;7;49
TE274;12.01.2024;3;1.0;69;49;61;50;8;44
TE274;12.01.2024;4;1.0;89;50;84;50;5;44
TE274;12.01.2024;5;1.0;208;48;204;48;4;46
TE274;12.01.2024;6;1.0;410;45;396;45;14;43
TE274;12.01.2024;7;1.0;653;40;635;40;18;41
TE274;12.01.2024;8;1.0;794;40;781;40;13;39
TE274;12.01.2024;9;1.0;718;39;700;39;18;38
TE274;12.01.2024;10;1.0;645;42;630;42;15;41
TE274;12.01.2024;11;1.0;643;41;633;41;10;41
TE274;12.01.2024;12;1.0;692;39;679;39;13;38
TE274;12.01.2024;13;1.0;761;41;745;41;16;42
TE274;12.01.2024;14;1.0;760;39;750;39;10;38
TE274;12.01.2024;15;1.0;770;39;761;39;9;39
TE274;12.01.2024;16;1.0;715;39;707;39;8;36
TE274;12.01.2024;17;1.0;713;41;705;41;8;41
TE274;12.01.2024;18;1.0;691;42;679;42;12;43
TE274;12.01.2024;19;1.0;581;45;571;45;10;45
TE274;12.01.2024;20;1.0;486;41;478;41;8;40
TE274;12.01.2024;21;1.0;390;45;377;45;13;42
TE274;12.01.2024;22;1.0;343;47;336;47;7;46
TE274;12.01.2024;23;1.0;284;48;280;48;4;48
TE274;13.01.2024;0;1.0;201;48;197;48;4;48
TE274;13.01.2024;1;1.0;174;50;168;50;6;50
TE274;13.01.2024;2;1.0;120;50;116;50;4;48
TE274;13.01.2024;3;1.0;96;51;92;50;4;46
TE274;13.01.2024;4;1.0;65;54;61;55;4;56
TE274;13.01.2024;5;1.0;100;50;96;50;4;50
TE274;13.01.2024;6;1.0;133;51;127;51;6;47
TE274;13.01.2024;7;1.0;168;46;164;47;4;40
TE274;13.01.2024;8;1.0;244;49;236;50;8;48
TE274;13.01.2024;9;1.0;336;47;328;47;8;44
TE274;13.01.2024;10;1.0;470;44;464;44;6;44
TE274;13.01.2024;11;1.0;481;41;472;41;9;38
TE274;13.01.2024;12;1.0;596;41;587;41;9;42
TE274;13.01.2024;13;1.0;620;41;610;41;10;43
TE274;13.01.2024;14;1.0;712;40;703;40;9;41
TE274;13.01.2024;15;1.0;643;43;636;43;7;41
TE274;13.01.2024;16;1.0;600;44;594;44;6;43
TE274;13.01.2024;17;1.0;640;44;628;44;12;44
TE274;13.01.2024;18;1.0;690;43;685;43;5;42
TE274;13.01.2024;19;1.0;580;46;563;46;17;44
TE274;13.01.2024;20;1.0;464;47;455;47;9;47
TE274;13.01.2024;21;1.0;403;49;396;49;7;45
TE274;13.01.2024;22;1.0;362;48;354;48;8;49
TE274;13.01.2024;23;1.0;298;50;293;50;5;49
TE274;14.01.2024;0;1.0;253;50;247;50;6;47
TE274;14.01.2024;1;1.0;200;52;194;52;6;48
TE274;14.01.2024;2;1.0;137;52;135;52;2;50
TE274;14.01.2024;3;1.0;113;52;110;52;3;51
TE274;14.01.2024;4;1.0;83;52;80;52;3;47
TE274;14.01.2024;5;1.0;103;51;102;51;1;45
TE274;14.01.2024;6;1.0;99;55;96;55;3;59
TE274;14.01.2024;7;1.0;93;49;84;50;9;46
TE274;14.01.2024;8;1.0;121;48;117;49;4;41
TE274;14.01.2024;9;1.0;211;46;204;46;7;43
TE274;14.01.2024;10;1.0;244;47;233;48;11;44
TE274;14.01.2024;11;1.0;365;45;358;45;7;45
TE274;14.01.2024;12;1.0;441;44;436;44;5;45
TE274;14.01.2024;13;1.0;576;42;566;42;10;43
TE274;14.01.2024;14;1.0;527;44;520;44;7;43
TE274;14.01.2024;15;1.0;624;45;608;45;16;45
TE274;14.01.2024;16;1.0;521;44;513;44;8;43
TE274;14.01.2024;17;1.0;592;44;585;44;7;43
TE274;14.01.2024;18;1.0;560;45;553;45;7;45
TE274;14.01.2024;19;1.0;474;45;469;45;5;46
TE274;14.01.2024;20;1.0;393;41;371;41;23;40
TE274;14.01.2024;21;1.0;307;47;303;47;4;45
TE274;14.01.2024;22;1.0;401;32;384;31;17;38
TE274;14.01.2024;23;1.0;190;46;188;46;2;43
TE274;15.01.2024;0;1.0;119;46;114;47;5;43
TE274;15.01.2024;1;1.0;117;47;91;49;26;39
TE274;15.01.2024;2;1.0;67;46;61;46;6;47
TE274;15.01.2024;3;1.0;58;50;54;50;4;43
TE274;15.01.2024;4;1.0;152;41;138;42;14;34
TE274;15.01.2024;5;1.0;302;41;276;41;26;35
TE274;15.01.2024;6;1.0;436;45;423;45;13;42
TE274;15.01.2024;7;1.0;651;43;634;43;17;43
TE274;15.01.2024;8;1.0;780;42;762;42;18;40
TE274;15.01.2024;9;1.0;778;43;739;43;39;42
TE274;15.01.2024;10;1.0;781;41;755;41;26;40
TE274;15.01.2024;11;1.0;602;43;565;43;37;43
TE274;15.01.2024;12;1.0;583;43;570;43;13;43
TE274;15.01.2024;13;1.0;605;42;580;42;25;43
TE274;15.01.2024;14;1.0;610;43;602;43;8;44
TE274;15.01.2024;15;1.0;736;42;718;41;18;42
TE274;15.01.2024;16;1.0;602;43;590;43;12;43
TE274;15.01.2024;17;1.0;633;41;617;41;16;38
TE274;15.01.2024;18;1.0;539;42;529;42;10;38
TE274;15.01.2024;19;1.0;440;44;430;44;10;44
TE274;15.01.2024;20;1.0;404;45;397;45;7;41
TE274;15.01.2024;21;1.0;296;44;290;44;6;41
TE274;15.01.2024;22;1.0;251;47;246;47;5;44
TE274;15.01.2024;23;1.0;173;48;169;48;4;50
TE274;16.01.2024;0;1.0;115;48;111;48;4;46
TE274;16.01.2024;1;1.0;76;46;70;46;6;47
TE274;16.01.2024;2;1.0;66;41;60;41;6;40
TE274;16.01.2024;3;1.0;56;40;49;40;7;41
TE274;16.01.2024;4;1.0;74;38;67;37;7;39
TE274;16.01.2024;5;1.0;222;39;215;39;7;39
TE274;16.01.2024;6;1.0;454;41;438;42;16;40
TE274;16.01.2024;7;1.0;783;36;769;36;14;37
TE274;16.01.2024;8;1.0;881;36;866;36;15;34
TE274;16.01.2024;9;1.0;819;41;805;41;14;42
TE274;16.01.2024;10;1.0;753;39;741;39;12;43
TE274;16.01.2024;11;1.0;762;38;735;38;27;38
TE274;16.01.2024;12;1.0;743;41;725;41;18;42
TE274;16.01.2024;13;1.0;777;40;762;40;15;40
TE274;16.01.2024;14;1.0;823;40;805;40;18;42
TE274;16.01.2024;15;1.0;862;40;847;40;15;40
TE274;16.01.2024;16;1.0;863;38;846;38;17;38
TE274;16.01.2024;17;1.0;714;43;708;43;6;42
TE274;16.01.2024;18;1.0;618;42;606;42;12;43
TE274;16.01.2024;19;1.0;529;44;516;44;13;44
TE274;16.01.2024;20;1.0;419;44;406;45;13;43
TE274;16.01.2024;21;1.0;360;47;352;47;8;46
TE274;16.01.2024;22;1.0;231;45;222;45;9;46
TE274;16.01.2024;23;1.0;198;45;194;45;4;46
TE274;17.01.2024;0;1.0;143;47;139;47;4;48
TE274;17.01.2024;1;1.0;86;43;79;43;7;43
TE274;17.01.2024;2;1.0;72;47;65;47;7;45
TE274;17.01.2024;3;1.0;52;47;47;47;5;45
TE274;17.01.2024;4;1.0;101;45;88;45;13;46
TE274;17.01.2024;5;1.0;256;42;247;41;9;40
TE274;17.01.2024;6;1.0;485;39;462;39;23;39
TE274;17.01.2024;7;1.0;811;39;796;39;15;39
TE274;17.01.2024;8;1.0;941;37;919;37;22;36
TE274;17.01.2024;9;1.0;885;40;864;40;21;40
TE274;17.01.2024;10;1.0;786;39;754;39;32;41
TE274;17.01.2024;11;1.0;748;42;721;42;27;43
TE274;17.01.2024;12;1.0;742;41;708;41;34;40
TE274;17.01.2024;13;1.0;749;40;722;40;27;38
TE274;17.01.2024;14;1.0;764;41;740;40;24;42
TE274;17.01.2024;15;1.0;773;40;759;40;14;41
TE274;17.01.2024;16;1.0;753;41;741;41;12;40
TE274;17.01.2024;17;1.0;683;41;673;41;10;42
TE274;17.01.2024;18;1.0;651;42;637;42;14;43
TE274;17.01.2024;19;1.0;504;44;494;44;10;43
TE274;17.01.2024;20;1.0;398;46;389;46;9;46
TE274;17.01.2024;21;1.0;306;49;300;49;6;48
TE274;17.01.2024;22;1.0;262;47;252;47;10;46
TE274;17.01.2024;23;1.0;187;50;183;49;4;53
TE274;18.01.2024;0;1.0;136;51;133;50;3;56
TE274;18.01.2024;1;1.0;106;47;101;47;5;44
TE274;18.01.2024;2;1.0;69;50;65;50;4;46
TE274;18.01.2024;3;1.0;61;47;57;48;4;41
TE274;18.01.2024;4;1.0;91;47;80;47;11;50
TE274;18.01.2024;5;1.0;255;46;242;45;13;52
TE274;18.01.2024;6;1.0;455;42;440;43;15;41
TE274;18.01.2024;7;1.0;730;40;716;40;14;41
TE274;18.01.2024;8;1.0;931;38;910;38;21;38
TE274;18.01.2024;9;1.0;794;39;769;39;25;41
TE274;18.01.2024;10;1.0;739;40;716;40;23;40
TE274;18.01.2024;11;1.0;713;41;685;41;28;41
TE274;18.01.2024;12;1.0;747;41;716;41;31;41
TE274;18.01.2024;13;1.0;726;39;696;39;30;39
TE274;18.01.2024;14;1.0;781;39;756;39;25;40
TE274;18.01.2024;15;1.0;769;41;747;41;22;43
TE274;18.01.2024;16;1.0;716;36;703;36;12;33
TE274;18.01.2024;17;1.0;738;38;720;38;18;38
TE274;18.01.2024;18;1.0;616;39;604;39;12;38
TE274;18.01.2024;19;1.0;483;40;473;40;10;42
TE274;18.01.2024;20;1.0;410;41;401;41;9;41
TE274;18.01.2024;21;1.0;350;40;341;40;9;40
TE274;18.01.2024;22;1.0;260;45;253;45;7;44
TE274;18.01.2024;23;1.0;211;43;207;43;4;43
TE274;19.01.2024;0;1.0;166;45;163;45;3;45
TE274;19.01.2024;1;1.0;85;47;77;46;8;52
TE274;19.01.2024;2;1.0;74;49;68;50;6;40
TE274;19.01.2024;3;1.0;61;47;55;47;6;45
TE274;19.01.2024;4;1.0;81;47;74;47;7;44
TE274;19.01.2024;5;1.0;228;42;223;42;5;41
TE274;19.01.2024;6;1.0;425;40;407;40;18;40
TE274;19.01.2024;7;1.0;646;39;628;39;18;40
TE274;19.01.2024;8;1.0;734;39;714;38;20;38
TE274;19.01.2024;9;1.0;683;40;655;40;28;41
TE274;19.01.2024;10;1.0;767;39;730;39;37;40
TE274;19.01.2024;11;1.0;636;40;615;40;21;42
TE274;19.01.2024;12;1.0;564;41;535;40;29;42
TE274;19.01.2024;13;1.0;671;41;649;41;22;41
TE274;19.01.2024;14;1.0;698;39;673;39;25;42
TE274;19.01.2024;15;1.0;690;39;676;39;14;40
TE274;19.01.2024;16;1.0;663;43;646;43;17;40
TE274;19.01.2024;17;1.0;683;41;668;41;15;41
TE274;19.01.2024;18;1.0;618;43;603;43;15;42
TE274;19.01.2024;19;1.0;566;40;554;40;12;42
TE274;19.01.2024;20;1.0;478;41;464;41;14;40
TE274;19.01.2024;21;1.0;428;42;417;42;11;42
TE274;19.01.2024;22;1.0;380;45;370;45;10;42
TE274;19.01.2024;23;1.0;287;43;281;43;6;43
TE274;20.01.2024;0;1.0;195;42;193;42;2;42
TE274;20.01.2024;1;1.0;153;45;150;45;3;55
TE274;20.01.2024;2;1.0;99;46;97;46;2;42
TE274;20.01.2024;3;1.0;100;52;96;53;4;46
TE274;20.01.2024;4;1.0;93;49;87;48;6;52
TE274;20.01.2024;5;1.0;115;44;111;44;4;44
TE274;20.01.2024;6;1.0;127;43;124;43;3;42
TE274;20.01.2024;7;1.0;145;43;133;43;12;41
TE274;20.01.2024;8;1.0;285;41;277;41;8;42
TE274;20.01.2024;9;1.0;352;44;341;44;11;41
TE274;20.01.2024;10;1.0;468;44;457;44;11;42
TE274;20.01.2024;11;1.0;560;41;542;41;18;43
TE274;20.01.2024;12;1.0;582;41;569;41;13;41
TE274;20.01.2024;13;1.0;648;37;637;37;11;39
TE274;20.01.2024;14;1.0;722;39;708;39;14;39
TE274;20.01.2024;15;1.0;729;43;714;43;15;42
TE274;20.01.2024;16;1.0;625;39;614;39;11;39
TE274;20.01.2024;17;1.0;618;39;603;39;15;39
TE274;20.01.2024;18;1.0;613;41;601;41;12;42
TE274;20.01.2024;19;1.0;593;40;582;40;11;41
TE274;20.01.2024;20;1.0;475;41;467;41;8;41
TE274;20.01.2024;21;1.0;444;42;433;42;11;42
TE274;20.01.2024;22;1.0;337;43;328;43;9;44
TE274;20.01.2024;23;1.0;326;44;322;44;4;45
TE274;21.01.2024;0;1.0;231;45;226;45;5;47
TE274;21.01.2024;1;1.0;199;46;193;46;6;45
TE274;21.01.2024;2;1.0;135;45;132;46;3;41
TE274;21.01.2024;3;1.0;105;49;101;49;4;42
TE274;21.01.2024;4;1.0;89;49;85;49;4;52
TE274;21.01.2024;5;1.0;93;48;92;48;1;46
TE274;21.01.2024;6;1.0;87;46;84;47;3;43
TE274;21.01.2024;7;1.0;99;48;92;48;7;53
TE274;21.01.2024;8;1.0;115;47;112;48;3;38
TE274;21.01.2024;9;1.0;207;45;202;45;5;46
TE274;21.01.2024;10;1.0;296;45;289;45;7;46
TE274;21.01.2024;11;1.0;358;45;351;45;7;44
TE274;21.01.2024;12;1.0;400;42;387;42;13;45
TE274;21.01.2024;13;1.0;522;43;514;43;8;44
TE274;21.01.2024;14;1.0;526;43;514;43;12;46
TE274;21.01.2024;15;1.0;528;40;520;40;8;40
TE274;21.01.2024;16;1.0;580;42;569;42;11;41
TE274;21.01.2024;17;1.0;542;40;534;40;8;39
TE274;21.01.2024;18;1.0;523;43;514;43;9;41
TE274;21.01.2024;19;1.0;426;40;418;40;8;41
TE274;21.01.2024;20;1.0;377;41;369;41;8;42
TE274;21.01.2024;21;1.0;286;44;277;44;9;44
TE274;21.01.2024;22;1.0;247;43;242;43;5;43
TE274;21.01.2024;23;1.0;173;43;168;43;5;43
TE274;22.01.2024;0;1.0;123;43;120;43;3;42
TE274;22.01.2024;1;1.0;83;42;76;42;7;40
TE274;22.01.2024;2;1.0;56;45;50;46;6;40
TE274;22.01.2024;3;1.0;73;45;66;45;7;40
TE274;22.01.2024;4;1.0;95;41;88;41;7;42
TE274;22.01.2024;5;1.0;261;43;250;43;11;40
TE274;22.01.2024;6;1.0;475;40;451;40;24;40
TE274;22.01.2024;7;1.0;798;35;749;35;49;37
TE274;22.01.2024;8;1.0;905;35;861;35;44;35
TE274;22.01.2024;9;1.0;865;38;838;37;27;38
TE274;22.01.2024;10;1.0;760;38;734;38;26;39
TE274;22.01.2024;11;1.0;781;37;740;36;41;39
TE274;22.01.2024;12;1.0;749;33;712;33;37;35
TE274;22.01.2024;13;1.0;718;37;692;37;26;39
TE274;22.01.2024;14;1.0;764;36;741;36;23;39
TE274;22.01.2024;15;1.0;791;35;766;35;25;37
TE274;22.01.2024;16;1.0;766;35;747;35;19;38
TE274;22.01.2024;17;1.0;756;36;732;36;24;36
TE274;22.01.2024;18;1.0;744;39;728;39;16;38
TE274;22.01.2024;19;1.0;568;38;548;38;20;37
TE274;22.01.2024;20;1.0;428;41;418;41;10;42
TE274;22.01.2024;21;1.0;314;43;303;43;11;42
TE274;22.01.2024;22;1.0;255;40;248;40;7;41
TE274;22.01.2024;23;1.0;185;42;181;42;4;41
TE274;23.01.2024;0;1.0;107;43;104;43;3;41
TE274;23.01.2024;1;1.0;83;42;78;42;5;41
TE274;23.01.2024;2;1.0;54;47;45;48;9;44
TE274;23.01.2024;3;1.0;45;44;40;44;5;41
TE274;23.01.2024;4;1.0;94;42;85;42;9;39
TE274;23.01.2024;5;1.0;240;41;232;41;8;43
TE274;23.01.2024;6;1.0;495;42;470;42;25;42
TE274;23.01.2024;7;1.0;749;38;719;38;30;39
TE274;23.01.2024;8;1.0;894;38;868;37;26;38
TE274;23.01.2024;9;1.0;820;35;766;35;54;34
TE274;23.01.2024;10;1.0;726;38;689;38;37;37
TE274;23.01.2024;11;1.0;721;34;693;34;28;35
TE274;23.01.2024;12;1.0;720;38;685;38;35;39
TE274;23.01.2024;13;1.0;764;36;746;36;18;38
TE274;23.01.2024;14;1.0;739;39;721;39;18;39
TE274;23.01.2024;15;1.0;809;37;783;37;26;37
TE274;23.01.2024;16;1.0;807;34;791;34;16;35
TE274;23.01.2024;17;1.0;749;33;732;33;17;35
TE274;23.01.2024;18;1.0;679;36;664;36;15;38
TE274;23.01.2024;19;1.0;550;37;535;37;15;38
TE274;23.01.2024;20;1.0;449;39;438;39;11;37
TE274;23.01.2024;21;1.0;351;40;344;40;7;37
TE274;23.01.2024;22;1.0;262;44;253;44;9;44
TE274;23.01.2024;23;1.0;212;44;206;44;6;44
TE274;24.01.2024;0;1.0;118;45;115;45;3;41
TE274;24.01.2024;1;1.0;89;44;84;44;5;50
TE274;24.01.2024;2;1.0;72;41;68;41;4;43
TE274;24.01.2024;3;1.0;55;41;48;41;7;42
TE274;24.01.2024;4;1.0;88;41;79;42;9;42
TE274;24.01.2024;5;1.0;259;37;246;37;13;40
TE274;24.01.2024;6;1.0;510;36;470;36;40;40
TE274;24.01.2024;7;1.0;803;34;770;34;33;37
TE274;24.01.2024;8;1.0;1003;32;968;32;35;35
TE274;24.01.2024;9;1.0;966;33;886;33;80;34
TE274;24.01.2024;10;1.0;826;36;804;36;22;39
TE274;24.01.2024;11;1.0;716;36;687;36;29;38
TE274;24.01.2024;12;1.0;696;35;659;35;37;37
TE274;24.01.2024;13;1.0;750;34;715;34;35;37
TE274;24.01.2024;14;1.0;727;37;699;37;28;38
TE274;24.01.2024;15;1.0;819;33;781;32;38;34
TE274;24.01.2024;16;1.0;813;35;785;34;28;38
TE274;24.01.2024;17;1.0;747;35;731;35;16;37
TE274;24.01.2024;18;1.0;694;35;676;35;18;37
TE274;24.01.2024;19;1.0;585;36;574;36;11;39
TE274;24.01.2024;20;1.0;452;39;438;39;14;39
TE274;24.01.2024;21;1.0;327;42;320;42;7;42
TE274;24.01.2024;22;1.0;305;42;294;42;11;43
TE274;24.01.2024;23;1.0;237;41;232;41;5;44
TE274;25.01.2024;0;1.0;122;41;117;41;5;42
TE274;25.01.2024;1;1.0;105;43;99;43;6;43
TE274;25.01.2024;2;1.0;69;41;61;41;8;42
TE274;25.01.2024;3;1.0;66;42;61;42;5;36
TE274;25.01.2024;4;1.0;94;41;88;41;6;42
TE274;25.01.2024;5;1.0;266;43;254;43;12;44
TE274;25.01.2024;6;1.0;522;42;493;42;29;40
TE274;25.01.2024;7;1.0;841;37;809;37;32;37
TE274;25.01.2024;8;1.0;959;35;909;35;50;35
TE274;25.01.2024;9;1.0;821;37;779;37;42;41
TE274;25.01.2024;10;1.0;772;37;745;37;27;35
TE274;25.01.2024;11;1.0;730;39;707;39;23;40
TE274;25.01.2024;12;1.0;741;40;715;40;26;41
TE274;25.01.2024;13;1.0;798;38;772;38;26;38
TE274;25.01.2024;14;1.0;818;38;797;38;21;38
TE274;25.01.2024;15;1.0;916;36;889;36;27;37
TE274;25.01.2024;16;1.0;879;36;849;36;30;40
TE274;25.01.2024;17;1.0;781;39;768;38;13;42
TE274;25.01.2024;18;1.0;704;39;690;39;14;38
TE274;25.01.2024;19;1.0;576;41;564;41;12;41
TE274;25.01.2024;20;1.0;490;43;477;43;13;42
TE274;25.01.2024;21;1.0;352;44;346;44;6;44
TE274;25.01.2024;22;1.0;348;41;335;41;13;42
TE274;25.01.2024;23;1.0;230;41;225;41;5;44
TE274;26.01.2024;0;1.0;137;44;132;44;5;43
TE274;26.01.2024;1;1.0;105;41;96;41;9;42
TE274;26.01.2024;2;1.0;95;41;89;41;6;38
TE274;26.01.2024;3;1.0;77;42;72;42;5;41
TE274;26.01.2024;4;1.0;88;48;79;48;9;45
TE274;26.01.2024;5;1.0;251;44;237;45;14;44
TE274;26.01.2024;6;1.0;430;43;402;44;28;41
TE274;26.01.2024;7;1.0;716;37;690;37;26;40
TE274;26.01.2024;8;1.0;825;39;804;39;21;38
TE274;26.01.2024;9;1.0;726;42;710;42;16;42
TE274;26.01.2024;10;1.0;718;41;695;41;23;42
TE274;26.01.2024;11;1.0;817;39;796;39;21;38
TE274;26.01.2024;12;1.0;793;36;755;36;38;37
TE274;26.01.2024;13;1.0;920;37;895;37;25;37
TE274;26.01.2024;14;1.0;913;37;897;37;16;36
TE274;26.01.2024;15;1.0;873;38;854;38;19;37
TE274;26.01.2024;16;1.0;731;41;716;41;15;42
TE274;26.01.2024;17;1.0;791;36;781;36;10;37
TE274;26.01.2024;18;1.0;728;40;700;40;28;45
TE274;26.01.2024;19;1.0;616;39;599;39;17;39
TE274;26.01.2024;20;1.0;527;39;519;39;8;40
TE274;26.01.2024;21;1.0;431;41;423;41;8;45
TE274;26.01.2024;22;1.0;385;40;372;39;13;41
TE274;26.01.2024;23;1.0;313;44;306;44;7;46
TE274;27.01.2024;0;1.0;223;42;218;42;5;41
TE274;27.01.2024;1;1.0;189;43;186;43;3;44
TE274;27.01.2024;2;1.0;119;45;118;45;1;42
TE274;27.01.2024;3;1.0;110;45;106;45;4;45
TE274;27.01.2024;4;1.0;63;47;59;47;4;45
TE275;01.01.2024;0;1.0;296;39;287;39;9;42
TE275;01.01.2024;1;1.0;333;38;325;38;7;42
TE275;01.01.2024;2;1.0;275;44;274;44;1;44
TE275;01.01.2024;3;1.0;286;46;281;46;5;44
TE275;01.01.2024;4;1.0;220;44;215;44;5;47
TE275;01.01.2024;5;1.0;181;44;178;44;3;47
TE275;01.01.2024;6;1.0;160;46;156;46;4;44
TE275;01.01.2024;7;1.0;111;49;105;49;6;50
TE275;01.01.2024;8;1.0;101;47;98;47;3;43
TE275;01.01.2024;9;1.0;97;46;92;47;5;40
TE275;01.01.2024;10;1.0;122;43;114;43;8;43
TE275;01.01.2024;11;1.0;178;44;172;44;6;46
TE275;01.01.2024;12;1.0;215;39;207;39;8;39
TE275;01.01.2024;13;1.0;283;39;276;39;8;38
TE275;01.01.2024;14;1.0;336;38;326;38;10;39
TE275;01.01.2024;15;1.0;358;38;350;38;8;41
TE275;01.01.2024;16;1.0;384;41;376;41;8;41
TE275;01.01.2024;17;1.0;409;39;396;39;13;41
TE275;01.01.2024;18;1.0;410;41;400;41;10;42
TE275;01.01.2024;19;1.0;312;33;307;33;5;37
TE275;01.01.2024;20;1.0;341;33;332;33;9;34
TE275;01.01.2024;21;1.0;294;43;284;43;10;45
TE275;01.01.2024;22;1.0;234;47;224;47;10;47
TE275;01.01.2024;23;1.0;187;45;177;45;10;44
TE275;02.01.2024;0;1.0;145;47;138;47;7;51
TE275;02.01.2024;1;1.0;89;45;82;45;7;46
TE275;02.01.2024;2;1.0;63;44;55;44;8;46
TE275;02.01.2024;3;1.0;58;45;51;45;7;45
TE275;02.01.2024;4;1.0;59;42;55;42;4;45
TE275;02.01.2024;5;1.0;102;40;99;40;3;45
TE275;02.01.2024;6;1.0;212;42;198;42;14;41
TE275;02.01.2024;7;1.0;267;42;256;42;11;43
TE275;02.01.2024;8;1.0;360;42;347;42;13;42
TE275;02.01.2024;9;1.0;397;42;382;42;15;42
TE275;02.01.2024;10;1.0;436;41;418;41;18;42
TE275;02.01.2024;11;1.0;476;35;454;35;23;35
TE275;02.01.2024;13;1.0;601;38;591;38;10;37
TE275;02.01.2024;14;1.0;648;39;632;39;16;38
TE275;02.01.2024;15;1.0;773;38;761;38;12;40
TE275;02.01.2024;16;1.0;754;39;740;39;14;40
TE275;02.01.2024;17;1.0;671;39;662;39;9;39
TE275;02.01.2024;18;1.0;672;41;660;41;12;41
TE275;02.01.2024;19;1.0;509;41;501;40;8;41
TE275;02.01.2024;20;1.0;431;42;420;42;11;43
TE275;02.01.2024;21;1.0;375;45;362;45;13;42
TE275;02.01.2024;22;1.0;298;45;292;45;6;41
TE275;02.01.2024;23;1.0;244;45;239;45;5;45
TE275;03.01.2024;0;1.0;131;41;123;41;8;43
TE275;03.01.2024;1;1.0;105;38;99;38;6;42
TE275;03.01.2024;2;1.0;72;38;66;37;6;41
TE275;03.01.2024;3;1.0;50;38;45;37;5;43
TE275;03.01.2024;4;1.0;68;30;60;30;8;36
TE275;03.01.2024;5;1.0;107;32;104;33;3;32
TE275;03.01.2024;6;1.0;227;31;218;31;9;28
TE275;03.01.2024;7;1.0;309;41;284;41;25;41
TE275;03.01.2024;8;1.0;433;39;406;40;27;39
TE275;03.01.2024;9;1.0;476;36;450;35;26;38
TE275;03.01.2024;10;1.0;482;35;449;35;33;38
TE275;03.01.2024;12;1.0;602;35;560;35;42;37
TE275;03.01.2024;13;1.0;681;35;655;34;26;36
TE275;03.01.2024;14;1.0;778;32;753;32;25;36
TE275;03.01.2024;15;1.0;860;33;833;33;27;34
TE275;03.01.2024;16;1.0;742;25;722;25;18;26
TE275;03.01.2024;18;1.0;682;36;665;36;17;40
TE275;03.01.2024;19;1.0;537;35;527;35;10;36
TE275;03.01.2024;20;1.0;437;36;422;36;15;38
TE275;03.01.2024;21;1.0;389;30;375;30;14;33
TE275;03.01.2024;22;1.0;313;38;305;38;8;41
TE275;03.01.2024;23;1.0;205;40;199;40;6;46
TE275;04.01.2024;0;1.0;162;42;155;42;7;37
TE275;04.01.2024;1;1.0;109;43;102;43;7;44
TE275;04.01.2024;2;1.0;75;45;69;45;6;46
TE275;04.01.2024;3;1.0;63;47;58;48;5;38
TE275;04.01.2024;4;1.0;48;45;44;45;4;45
TE275;04.01.2024;5;1.0;99;46;93;46;6;49
TE275;04.01.2024;6;1.0;207;43;200;43;7;44
TE275;04.01.2024;7;1.0;248;39;240;39;8;41
TE275;04.01.2024;8;1.0;395;41;379;41;16;42
TE275;04.01.2024;9;1.0;494;40;472;40;22;40
TE275;04.01.2024;10;1.0;576;30;528;30;48;34
TE275;04.01.2024;13;1.0;710;37;691;37;19;37
TE275;04.01.2024;14;1.0;718;38;701;38;17;38
TE275;04.01.2024;16;1.0;938;37;921;37;17;38
TE275;04.01.2024;17;1.0;864;38;846;38;18;39
TE275;04.01.2024;18;1.0;756;39;734;39;22;40
TE275;04.01.2024;19;1.0;560;39;542;39;18;39
TE275;04.01.2024;22;1.0;319;41;311;41;8;42
TE275;04.01.2024;23;1.0;250;42;243;42;7;42
TE275;05.01.2024;0;1.0;161;45;155;45;6;43
TE275;05.01.2024;1;1.0;104;44;100;44;4;46
TE275;05.01.2024;2;1.0;62;47;56;47;6;47
TE275;05.01.2024;3;1.0;60;48;54;48;6;46
TE275;05.01.2024;4;1.0;40;44;35;45;5;40
TE275;05.01.2024;5;1.0;109;43;101;44;8;42
TE275;05.01.2024;6;1.0;208;44;179;45;29;45
TE275;05.01.2024;7;1.0;310;41;297;41;13;41
TE275;05.01.2024;8;1.0;387;41;372;41;15;44
TE275;05.01.2024;9;1.0;455;44;441;43;14;43
TE275;05.01.2024;10;1.0;486;40;467;40;19;42
TE275;05.01.2024;11;1.0;589;40;572;40;17;40
TE275;05.01.2024;13;1.0;724;39;691;38;33;43
TE275;05.01.2024;14;1.0;846;37;822;37;24;37
TE275;05.01.2024;15;1.0;802;37;778;37;24;38
TE275;05.01.2024;16;1.0;729;39;706;38;23;39
TE275;05.01.2024;17;1.0;722;39;705;39;17;40
TE275;05.01.2024;18;1.0;643;40;629;40;14;42
TE275;05.01.2024;19;1.0;608;42;596;43;12;42
TE275;05.01.2024;20;1.0;523;42;510;42;13;45
TE275;05.01.2024;21;1.0;431;42;415;42;16;42
TE275;05.01.2024;22;1.0;382;43;378;43;4;44
TE275;05.01.2024;23;1.0;345;42;338;42;7;41
TE275;06.01.2024;0;1.0;235;44;222;44;13;40
TE275;06.01.2024;1;1.0;165;45;163;45;2;42
TE275;06.01.2024;2;1.0;128;45;125;45;3;47
TE275;06.01.2024;3;1.0;109;47;105;47;4;43
TE275;06.01.2024;4;1.0;76;49;72;48;4;54
TE275;06.01.2024;5;1.0;97;44;91;44;6;48
TE275;06.01.2024;6;1.0;127;44;123;44;4;44
TE275;06.01.2024;7;1.0;118;47;104;47;14;48
TE275;06.01.2024;8;1.0;161;37;155;37;6;38
TE275;06.01.2024;9;1.0;287;36;277;36;10;35
TE275;06.01.2024;10;1.0;386;37;378;37;8;38
TE275;06.01.2024;11;1.0;423;36;410;36;13;37
TE275;06.01.2024;12;1.0;522;36;502;36;20;42
TE275;06.01.2024;13;1.0;630;36;613;36;17;36
TE275;06.01.2024;14;1.0;580;37;568;37;12;39
TE275;06.01.2024;15;1.0;712;37;701;37;11;39
TE275;06.01.2024;16;1.0;708;36;695;36;13;38
TE275;06.01.2024;17;1.0;674;37;662;37;12;39
TE275;06.01.2024;18;1.0;643;41;625;41;18;43
TE275;06.01.2024;19;1.0;571;38;558;38;13;41
TE275;06.01.2024;20;1.0;516;38;506;38;10;41
TE275;06.01.2024;21;1.0;472;39;464;39;8;43
TE275;06.01.2024;22;1.0;375;36;367;36;8;38
TE275;06.01.2024;23;1.0;379;39;375;39;4;42
TE275;07.01.2024;0;1.0;254;43;248;43;6;42
TE275;07.01.2024;1;1.0;227;41;225;41;2;38
TE275;07.01.2024;2;1.0;141;45;138;45;3;45
TE275;07.01.2024;3;1.0;133;42;131;42;2;44
TE275;07.01.2024;4;1.0;94;44;90;44;4;46
TE275;07.01.2024;5;1.0;93;44;91;44;2;42
TE275;07.01.2024;6;1.0;82;47;79;46;3;49
TE275;07.01.2024;7;1.0;73;42;70;42;3;40
TE275;07.01.2024;8;1.0;79;39;77;39;2;48
TE275;07.01.2024;9;1.0;145;40;141;40;4;42
TE275;07.01.2024;10;1.0;240;42;232;42;8;43
TE275;07.01.2024;11;1.0;246;40;239;39;7;43
TE275;07.01.2024;12;1.0;371;42;364;42;7;44
TE275;07.01.2024;13;1.0;432;42;423;42;9;42
TE275;07.01.2024;14;1.0;483;42;472;42;11;43
TE275;07.01.2024;15;1.0;469;43;461;43;8;40
TE275;07.01.2024;16;1.0;529;42;522;42;7;42
TE275;07.01.2024;17;1.0;494;43;485;43;9;45
TE275;07.01.2024;18;1.0;471;45;457;45;14;45
TE275;07.01.2024;19;1.0;395;43;389;43;6;43
TE275;07.01.2024;20;1.0;349;41;342;41;7;44
TE275;07.01.2024;21;1.0;333;40;321;40;12;41
TE275;07.01.2024;22;1.0;289;42;279;42;10;42
TE275;07.01.2024;23;1.0;215;39;209;39;6;37
TE275;08.01.2024;0;1.0;152;39;147;39;5;39
TE275;08.01.2024;1;1.0;78;40;73;40;5;38
TE275;08.01.2024;2;1.0;74;41;70;41;4;38
TE275;08.01.2024;3;1.0;48;43;45;44;3;39
TE275;08.01.2024;4;1.0;64;41;59;40;5;40
TE275;08.01.2024;5;1.0;123;43;115;43;8;43
TE275;08.01.2024;6;1.0;228;40;210;40;18;40
TE275;08.01.2024;7;1.0;403;37;391;37;12;40
TE275;08.01.2024;8;1.0;508;37;488;37;20;39
TE275;08.01.2024;9;1.0;534;37;515;37;19;36
TE275;08.01.2024;10;1.0;455;40;434;40;21;41
TE275;08.01.2024;11;1.0;500;36;486;36;14;36
TE275;08.01.2024;12;1.0;533;40;498;40;35;42
TE275;08.01.2024;13;1.0;562;36;531;35;31;36
TE275;08.01.2024;14;1.0;729;39;662;38;67;47
TE275;08.01.2024;15;1.0;783;38;753;38;30;37
TE275;08.01.2024;16;1.0;770;36;733;35;37;40
TE275;08.01.2024;17;1.0;773;36;756;36;17;35
TE275;08.01.2024;18;1.0;721;37;701;37;20;37
TE275;08.01.2024;19;1.0;558;39;543;39;15;39
TE275;08.01.2024;20;1.0;414;39;402;39;12;41
TE275;08.01.2024;21;1.0;324;42;308;42;16;42
TE275;08.01.2024;22;1.0;265;42;258;42;7;41
TE275;08.01.2024;23;1.0;217;41;209;41;8;43
TE275;09.01.2024;0;1.0;132;41;124;41;8;43
TE275;09.01.2024;1;1.0;104;43;96;43;8;44
TE275;09.01.2024;2;1.0;66;46;57;45;9;45
TE275;09.01.2024;3;1.0;50;45;46;45;4;45
TE275;09.01.2024;4;1.0;57;40;51;40;6;38
TE275;09.01.2024;5;1.0;113;40;110;40;3;38
TE275;09.01.2024;6;1.0;242;40;229;40;13;39
TE275;09.01.2024;7;1.0;403;37;388;37;15;37
TE275;09.01.2024;8;1.0;613;35;587;35;26;36
TE275;09.01.2024;9;1.0;654;37;628;37;26;38
TE275;09.01.2024;10;1.0;569;41;551;41;18;40
TE275;09.01.2024;11;1.0;597;38;569;38;28;39
TE275;09.01.2024;12;1.0;679;37;649;37;30;39
TE275;09.01.2024;13;1.0;701;37;658;36;43;42
TE275;09.01.2024;14;1.0;897;33;870;33;27;34
TE275;09.01.2024;15;1.0;1017;35;1003;35;14;35
TE275;09.01.2024;16;1.0;1000;34;980;34;20;35
TE275;09.01.2024;17;1.0;940;32;921;33;19;34
TE275;09.01.2024;18;1.0;873;37;856;37;17;36
TE275;09.01.2024;19;1.0;636;37;619;38;17;35
TE275;09.01.2024;20;1.0;508;39;495;39;13;38
TE275;09.01.2024;21;1.0;395;39;380;40;15;39
TE275;09.01.2024;22;1.0;339;42;334;42;5;41
TE275;09.01.2024;23;1.0;237;44;228;44;9;45
TE275;10.01.2024;0;1.0;142;44;133;44;9;46
TE275;10.01.2024;1;1.0;100;41;94;41;6;44
TE275;10.01.2024;2;1.0;63;45;58;44;5;50
TE275;10.01.2024;3;1.0;64;45;55;45;9;44
TE275;10.01.2024;4;1.0;59;41;51;41;8;40
TE275;10.01.2024;5;1.0;111;42;105;42;6;43
TE275;10.01.2024;6;1.0;279;40;264;40;15;40
TE275;10.01.2024;7;1.0;429;38;411;38;18;38
TE275;10.01.2024;8;1.0;654;38;631;38;23;38
TE275;10.01.2024;9;1.0;626;36;607;36;19;38
TE275;10.01.2024;10;1.0;683;38;654;38;29;39
TE275;10.01.2024;11;1.0;705;39;685;40;20;39
TE275;10.01.2024;12;1.0;544;40;520;40;24;40
TE275;10.01.2024;13;1.0;829;36;797;36;32;37
TE275;10.01.2024;14;1.0;1055;35;1026;35;29;37
TE275;10.01.2024;15;1.0;1120;35;1083;35;37;35
TE275;10.01.2024;16;1.0;1110;35;1089;35;21;36
TE275;10.01.2024;17;1.0;1037;35;1017;35;20;36
TE275;10.01.2024;18;1.0;922;37;901;37;21;37
TE275;10.01.2024;19;1.0;691;36;678;36;13;37
TE275;10.01.2024;20;1.0;511;40;496;40;15;39
TE275;10.01.2024;21;1.0;385;41;372;41;13;41
TE275;10.01.2024;22;1.0;366;39;358;39;8;41
TE275;10.01.2024;23;1.0;247;43;241;43;6;42
TE275;11.01.2024;0;1.0;163;45;159;45;4;43
TE275;11.01.2024;1;1.0;124;40;120;40;4;36
TE275;11.01.2024;2;1.0;72;44;65;44;7;42
TE275;11.01.2024;3;1.0;62;42;57;42;5;43
TE275;11.01.2024;4;1.0;53;43;49;43;4;42
TE275;11.01.2024;5;1.0;125;45;121;46;4;40
TE275;11.01.2024;6;1.0;250;43;240;43;10;45
TE275;11.01.2024;7;1.0;446;38;434;38;12;38
TE275;11.01.2024;8;1.0;693;36;685;36;9;36
TE275;11.01.2024;9;1.0;632;39;616;39;16;42
TE275;11.01.2024;10;1.0;728;39;720;39;8;41
TE275;11.01.2024;11;1.0;686;39;672;39;14;39
TE275;11.01.2024;12;1.0;660;37;651;37;9;36
TE275;11.01.2024;13;1.0;745;38;731;38;14;39
TE275;11.01.2024;14;1.0;989;38;967;38;22;40
TE275;11.01.2024;15;1.0;1121;36;1107;36;14;37
TE275;11.01.2024;16;1.0;1109;35;1099;35;10;36
TE275;11.01.2024;17;1.0;1062;34;1045;34;17;33
TE275;11.01.2024;18;1.0;978;36;967;36;11;34
TE275;11.01.2024;19;1.0;743;37;729;37;14;38
TE275;11.01.2024;20;1.0;489;40;474;40;15;38
TE275;11.01.2024;21;1.0;401;42;392;42;9;42
TE275;11.01.2024;22;1.0;326;43;320;43;6;44
TE275;11.01.2024;23;1.0;268;43;260;43;8;43
TE275;12.01.2024;0;1.0;176;43;170;43;6;43
TE275;12.01.2024;1;1.0;130;46;121;46;9;46
TE275;12.01.2024;2;1.0;67;48;62;48;5;47
TE275;12.01.2024;3;1.0;65;46;61;46;4;47
TE275;12.01.2024;4;1.0;62;44;58;44;4;44
TE275;12.01.2024;5;1.0;112;44;109;44;3;44
TE275;12.01.2024;6;1.0;213;43;208;43;5;44
TE275;12.01.2024;7;1.0;337;39;329;39;8;40
TE275;12.01.2024;8;1.0;577;37;570;37;7;38
TE275;12.01.2024;9;1.0;598;37;586;37;12;37
TE275;12.01.2024;10;1.0;572;38;564;38;8;38
TE275;12.01.2024;11;1.0;647;37;633;37;14;39
TE275;12.01.2024;12;1.0;722;37;708;37;14;35
TE275;12.01.2024;13;1.0;818;37;800;37;18;36
TE275;12.01.2024;14;1.0;935;37;926;37;9;38
TE275;12.01.2024;15;1.0;1043;35;1028;35;15;36
TE275;12.01.2024;16;1.0;912;33;894;33;18;34
TE275;12.01.2024;17;1.0;785;35;780;35;5;34
TE275;12.01.2024;18;1.0;754;36;749;36;5;39
TE275;12.01.2024;19;1.0;601;40;588;40;13;40
TE275;12.01.2024;20;1.0;532;40;522;40;10;38
TE275;12.01.2024;21;1.0;426;39;413;39;13;37
TE275;12.01.2024;22;1.0;406;43;401;43;5;42
TE275;12.01.2024;23;1.0;343;47;337;47;6;43
TE275;13.01.2024;0;1.0;231;45;221;45;10;43
TE275;13.01.2024;1;1.0;201;41;199;41;2;44
TE275;13.01.2024;2;1.0;122;45;120;45;2;47
TE275;13.01.2024;3;1.0;126;47;124;47;2;45
TE275;13.01.2024;4;1.0;104;50;102;50;2;46
TE275;13.01.2024;5;1.0;92;48;87;48;5;47
TE275;13.01.2024;6;1.0;102;47;101;47;1;43
TE275;13.01.2024;7;1.0;111;48;106;48;5;47
TE275;13.01.2024;8;1.0;195;47;191;47;4;45
TE275;13.01.2024;9;1.0;247;45;241;45;6;48
TE275;13.01.2024;10;1.0;422;40;415;40;7;40
TE275;13.01.2024;11;1.0;453;40;443;40;10;41
TE275;13.01.2024;12;1.0;570;41;563;41;7;42
TE275;13.01.2024;13;1.0;633;38;623;38;10;39
TE275;13.01.2024;14;1.0;639;37;625;37;14;39
TE275;13.01.2024;15;1.0;675;34;670;34;5;38
TE275;13.01.2024;16;1.0;661;39;648;39;13;40
TE275;13.01.2024;17;1.0;644;42;635;41;9;42
TE275;13.01.2024;18;1.0;604;42;596;42;8;39
TE275;13.01.2024;19;1.0;578;42;564;42;14;45
TE275;13.01.2024;20;1.0;494;44;481;44;13;43
TE275;13.01.2024;21;1.0;419;45;411;46;8;46
TE275;13.01.2024;22;1.0;399;45;391;45;8;49
TE275;13.01.2024;23;1.0;327;45;322;45;5;46
TE275;14.01.2024;0;1.0;259;50;253;50;6;49
TE275;14.01.2024;1;1.0;204;52;200;52;4;51
TE275;14.01.2024;2;1.0;182;52;179;52;3;47
TE275;14.01.2024;3;1.0;134;51;133;51;1;48
TE275;14.01.2024;4;1.0;104;51;101;51;3;48
TE275;14.01.2024;5;1.0;105;50;104;50;1;55
TE275;14.01.2024;6;1.0;96;51;92;51;4;46
TE275;14.01.2024;7;1.0;55;48;55;48;0;-1
TE275;14.01.2024;8;1.0;79;48;76;48;3;46
TE275;14.01.2024;9;1.0;149;46;144;46;5;46
TE275;14.01.2024;10;1.0;232;45;226;45;6;45
TE275;14.01.2024;11;1.0;320;43;313;43;7;43
TE275;14.01.2024;12;1.0;361;44;351;44;10;42
TE275;14.01.2024;13;1.0;409;42;399;42;10;42
TE275;14.01.2024;14;1.0;501;43;490;43;11;42
TE275;14.01.2024;15;1.0;493;43;482;43;11;43
TE275;14.01.2024;16;1.0;562;40;553;40;9;40
TE275;14.01.2024;17;1.0;456;43;451;43;5;40
TE275;14.01.2024;18;1.0;434;44;426;44;8;43
TE275;14.01.2024;19;1.0;421;43;414;43;7;43
TE275;14.01.2024;20;1.0;372;40;364;40;9;40
TE275;14.01.2024;21;1.0;286;46;280;46;6;44
TE275;14.01.2024;22;1.0;236;46;228;46;8;46
TE275;14.01.2024;23;1.0;205;48;200;48;5;46
TE275;15.01.2024;0;1.0;159;47;153;48;6;44
TE275;15.01.2024;1;1.0;73;52;67;52;6;49
TE275;15.01.2024;2;1.0;59;48;54;49;5;44
TE275;15.01.2024;3;1.0;57;48;52;48;5;49
TE275;15.01.2024;4;1.0;55;47;50;47;5;43
TE275;15.01.2024;5;1.0;100;47;96;47;4;43
TE275;15.01.2024;6;1.0;206;44;195;44;11;43
TE275;15.01.2024;7;1.0;321;41;305;41;16;43
TE275;15.01.2024;8;1.0;420;43;402;43;18;43
TE275;15.01.2024;9;1.0;405;42;389;42;16;42
TE275;15.01.2024;10;1.0;513;43;488;43;25;43
TE275;15.01.2024;11;1.0;504;40;490;40;14;41
TE275;15.01.2024;12;1.0;479;41;465;41;14;42
TE275;15.01.2024;13;1.0;612;41;596;41;16;44
TE275;15.01.2024;14;1.0;795;37;775;37;20;39
TE275;15.01.2024;15;1.0;777;38;750;38;27;45
TE275;15.01.2024;16;1.0;701;40;680;40;21;41
TE275;15.01.2024;17;1.0;740;40;729;40;11;40
TE275;15.01.2024;18;1.0;689;39;673;38;16;38
TE275;15.01.2024;19;1.0;514;40;506;40;8;40
TE275;15.01.2024;20;1.0;481;41;474;41;7;40
TE275;15.01.2024;21;1.0;367;41;355;41;12;40
TE275;15.01.2024;22;1.0;293;43;285;43;8;42
TE275;15.01.2024;23;1.0;205;44;201;44;4;40
TE275;16.01.2024;0;1.0;128;45;122;45;6;50
TE275;16.01.2024;1;1.0;103;47;96;47;7;47
TE275;16.01.2024;2;1.0;72;38;66;39;6;39
TE275;16.01.2024;3;1.0;67;41;60;41;7;39
TE275;16.01.2024;4;1.0;65;39;59;40;6;40
TE275;16.01.2024;5;1.0;101;40;98;40;3;36
TE275;16.01.2024;6;1.0;253;39;246;39;7;39
TE275;16.01.2024;7;1.0;406;38;399;38;7;38
TE275;16.01.2024;8;1.0;577;38;561;38;16;40
TE275;16.01.2024;9;1.0;579;37;568;37;11;40
TE275;16.01.2024;10;1.0;584;41;573;41;11;41
TE275;16.01.2024;11;1.0;658;38;640;38;18;37
TE275;16.01.2024;12;1.0;679;38;662;38;17;37
TE275;16.01.2024;13;1.0;712;39;701;39;11;39
TE275;16.01.2024;14;1.0;821;37;809;37;12;38
TE275;16.01.2024;15;1.0;965;35;950;35;15;35
TE275;16.01.2024;16;1.0;964;38;955;38;9;35
TE275;16.01.2024;17;1.0;1020;38;1012;38;8;38
TE275;16.01.2024;18;1.0;893;36;878;36;15;38
TE275;16.01.2024;19;1.0;705;40;692;41;13;40
TE275;16.01.2024;20;1.0;505;41;494;41;11;40
TE275;16.01.2024;21;1.0;359;43;346;42;13;41
TE275;16.01.2024;22;1.0;325;44;321;44;4;40
TE275;16.01.2024;23;1.0;223;46;218;46;5;46
TE275;17.01.2024;0;1.0;145;44;141;44;4;44
TE275;17.01.2024;1;1.0;117;44;113;44;4;47
TE275;17.01.2024;2;1.0;76;44;72;44;4;39
TE275;17.01.2024;3;1.0;51;43;46;43;5;42
TE275;17.01.2024;4;1.0;63;42;58;42;5;45
TE275;17.01.2024;5;1.0;111;43;106;43;5;41
TE275;17.01.2024;6;1.0;270;41;258;41;12;42
TE275;17.01.2024;7;1.0;397;38;389;38;8;36
TE275;17.01.2024;8;1.0;565;38;547;38;18;37
TE275;17.01.2024;9;1.0;629;39;611;39;18;39
TE275;17.01.2024;10;1.0;669;40;652;39;17;40
TE275;17.01.2024;11;1.0;629;39;606;39;23;39
TE275;17.01.2024;12;1.0;704;37;668;37;36;40
TE275;17.01.2024;13;1.0;737;38;706;38;31;39
TE275;17.01.2024;14;1.0;877;35;859;35;18;36
TE275;17.01.2024;15;1.0;1030;36;1006;36;24;36
TE275;17.01.2024;16;1.0;1008;36;997;36;11;38
TE275;17.01.2024;17;1.0;1024;37;1015;37;9;37
TE275;17.01.2024;18;1.0;848;36;832;36;16;38
TE275;17.01.2024;19;1.0;614;40;605;40;9;38
TE275;17.01.2024;20;1.0;454;42;447;42;7;40
TE275;17.01.2024;21;1.0;362;44;355;44;7;42
TE275;17.01.2024;22;1.0;341;42;333;42;8;43
TE275;17.01.2024;23;1.0;277;42;274;42;3;46
TE275;18.01.2024;0;1.0;176;44;172;44;4;41
TE275;18.01.2024;1;1.0;119;46;114;46;5;48
TE275;18.01.2024;2;1.0;93;47;87;47;6;47
TE275;18.01.2024;3;1.0;65;43;59;44;6;38
TE275;18.01.2024;4;1.0;81;47;75;48;6;43
TE275;18.01.2024;5;1.0;123;46;111;46;12;44
TE275;18.01.2024;6;1.0;238;46;226;45;12;47
TE275;18.01.2024;7;1.0;419;41;411;41;8;42
TE275;18.01.2024;8;1.0;606;39;590;38;16;40
TE275;18.01.2024;9;1.0;596;41;577;41;19;43
TE275;18.01.2024;10;1.0;590;41;573;41;17;43
TE275;18.01.2024;11;1.0;589;40;564;40;25;41
TE275;18.01.2024;12;1.0;711;37;664;37;47;39
TE275;18.01.2024;13;1.0;743;38;707;38;36;42
TE275;18.01.2024;14;1.0;839;39;804;39;35;41
TE275;18.01.2024;15;1.0;971;39;942;39;29;40
TE275;18.01.2024;16;1.0;985;32;966;32;20;32
TE275;18.01.2024;17;1.0;945;35;931;35;14;36
TE275;18.01.2024;18;1.0;928;36;912;36;16;38
TE275;18.01.2024;19;1.0;672;39;657;39;15;40
TE275;18.01.2024;20;1.0;514;40;500;40;14;41
TE275;18.01.2024;21;1.0;430;40;416;40;14;41
TE275;18.01.2024;22;1.0;339;41;331;41;8;42
TE275;18.01.2024;23;1.0;256;44;249;44;7;44
TE275;19.01.2024;0;1.0;153;47;148;47;5;46
TE275;19.01.2024;1;1.0;133;42;126;42;7;40
TE275;19.01.2024;2;1.0;87;46;80;46;7;45
TE275;19.01.2024;3;1.0;85;43;78;43;7;41
TE275;19.01.2024;4;1.0;60;44;57;44;3;43
TE275;19.01.2024;5;1.0;113;44;109;44;4;40
TE275;19.01.2024;6;1.0;237;41;226;41;11;40
TE275;19.01.2024;7;1.0;334;41;323;41;11;41
TE275;19.01.2024;8;1.0;513;39;498;39;15;40
TE275;19.01.2024;9;1.0;514;39;498;39;16;39
TE275;19.01.2024;10;1.0;511;39;493;39;18;38
TE275;19.01.2024;11;1.0;522;39;502;39;20;38
TE275;19.01.2024;12;1.0;607;40;586;40;21;42
TE275;19.01.2024;13;1.0;653;38;637;38;16;37
TE275;19.01.2024;14;1.0;791;41;759;41;32;43
TE275;19.01.2024;15;1.0;869;36;845;36;24;36
TE275;19.01.2024;16;1.0;822;35;806;35;16;29
TE275;19.01.2024;17;1.0;788;39;780;39;8;41
TE275;19.01.2024;18;1.0;687;39;675;39;12;37
TE275;19.01.2024;19;1.0;607;38;598;38;9;36
TE275;19.01.2024;20;1.0;525;40;516;40;9;39
TE275;19.01.2024;21;1.0;462;39;451;39;11;38
TE275;19.01.2024;22;1.0;436;41;427;41;9;41
TE275;19.01.2024;23;1.0;297;43;291;43;6;44
TE275;20.01.2024;0;1.0;245;43;236;43;9;37
TE275;20.01.2024;1;1.0;152;47;148;47;4;46
TE275;20.01.2024;2;1.0;143;46;141;46;2;41
TE275;20.01.2024;3;1.0;97;47;95;47;2;41
TE275;20.01.2024;4;1.0;92;46;90;47;2;44
TE275;20.01.2024;5;1.0;97;45;93;45;4;43
TE275;20.01.2024;6;1.0;111;46;107;46;4;48
TE275;20.01.2024;7;1.0;123;42;117;42;6;42
TE275;20.01.2024;8;1.0;179;41;171;42;8;38
TE275;20.01.2024;9;1.0;263;45;253;45;10;45
TE275;20.01.2024;10;1.0;378;40;371;40;7;39
TE275;20.01.2024;11;1.0;486;42;476;42;10;42
TE275;20.01.2024;12;1.0;536;39;523;39;13;40
TE275;20.01.2024;13;1.0;625;35;613;35;12;36
TE275;20.01.2024;14;1.0;635;36;614;36;21;38
TE275;20.01.2024;15;1.0;672;38;664;38;8;37
TE275;20.01.2024;16;1.0;683;35;670;35;13;36
TE275;20.01.2024;17;1.0;633;37;623;37;10;36
TE275;20.01.2024;18;1.0;660;37;645;37;15;36
TE275;20.01.2024;19;1.0;627;38;619;38;8;38
TE275;20.01.2024;20;1.0;460;39;448;39;12;40
TE275;20.01.2024;21;1.0;431;39;419;39;12;38
TE275;20.01.2024;22;1.0;390;39;382;39;8;39
TE275;20.01.2024;23;1.0;335;41;328;41;7;40
TE275;21.01.2024;0;1.0;275;42;266;42;9;40
TE275;21.01.2024;1;1.0;182;44;177;45;5;40
TE275;21.01.2024;2;1.0;167;44;164;44;3;43
TE275;21.01.2024;3;1.0;135;46;133;46;2;45
TE275;21.01.2024;4;1.0;78;48;73;48;5;51
TE275;21.01.2024;5;1.0;101;44;99;44;2;42
TE275;21.01.2024;6;1.0;83;49;81;49;2;52
TE275;21.01.2024;7;1.0;78;44;76;45;2;32
TE275;21.01.2024;8;1.0;98;43;96;43;2;44
TE275;21.01.2024;9;1.0;159;44;155;43;4;50
TE275;21.01.2024;10;1.0;254;43;247;43;7;43
TE275;21.01.2024;11;1.0;300;41;292;41;8;40
TE275;21.01.2024;12;1.0;371;43;362;43;9;41
TE275;21.01.2024;13;1.0;484;41;479;41;5;40
TE275;21.01.2024;14;1.0;501;40;488;40;13;41
TE275;21.01.2024;15;1.0;494;42;482;43;12;44
TE275;21.01.2024;16;1.0;521;40;509;40;12;40
TE275;21.01.2024;17;1.0;570;37;558;37;12;36
TE275;21.01.2024;18;1.0;496;41;489;41;7;40
TE275;21.01.2024;19;1.0;427;40;413;40;14;40
TE275;21.01.2024;20;1.0;424;40;416;40;8;41
TE275;21.01.2024;21;1.0;332;39;322;39;10;38
TE275;21.01.2024;22;1.0;276;40;262;40;14;42
TE275;21.01.2024;23;1.0;196;41;191;41;5;42
TE275;22.01.2024;0;1.0;145;45;137;45;8;44
TE275;22.01.2024;1;1.0;110;43;104;43;6;43
TE275;22.01.2024;2;1.0;73;41;68;41;5;43
TE275;22.01.2024;3;1.0;71;42;65;42;6;44
TE275;22.01.2024;4;1.0;61;40;58;40;3;31
TE275;22.01.2024;5;1.0;112;44;107;45;5;36
TE275;22.01.2024;6;1.0;295;37;272;37;23;40
TE275;22.01.2024;7;1.0;397;35;377;35;20;33
TE275;22.01.2024;8;1.0;595;31;568;31;27;34
TE275;22.01.2024;9;1.0;641;36;601;36;40;40
TE275;22.01.2024;10;1.0;655;38;625;38;30;42
TE275;22.01.2024;11;1.0;635;37;598;37;37;37
TE275;22.01.2024;12;1.0;733;33;709;33;24;35
TE275;22.01.2024;13;1.0;720;32;693;32;27;38
TE275;22.01.2024;14;1.0;868;29;835;29;33;35
TE275;22.01.2024;15;1.0;997;31;959;30;38;34
TE275;22.01.2024;16;1.0;1012;29;976;29;36;33
TE275;22.01.2024;17;1.0;1025;32;1004;32;21;36
TE275;22.01.2024;18;1.0;803;36;776;36;27;39
TE275;22.01.2024;19;1.0;647;36;628;35;19;36
TE275;22.01.2024;20;1.0;508;39;498;39;10;39
TE275;22.01.2024;21;1.0;404;37;391;37;13;38
TE275;22.01.2024;22;1.0;317;38;301;38;16;39
TE275;22.01.2024;23;1.0;206;41;201;40;5;44
TE275;23.01.2024;0;1.0;149;42;144;42;5;40
TE275;23.01.2024;1;1.0;96;43;90;43;6;39
TE275;23.01.2024;2;1.0;63;50;55;51;8;42
TE275;23.01.2024;3;1.0;65;44;60;45;5;39
TE275;23.01.2024;4;1.0;68;44;64;44;4;42
TE275;23.01.2024;5;1.0;117;42;112;42;5;43
TE275;23.01.2024;6;1.0;269;41;253;41;16;42
TE275;23.01.2024;7;1.0;384;40;369;40;15;39
TE275;23.01.2024;8;1.0;597;33;561;32;36;33
TE275;23.01.2024;9;1.0;618;33;558;33;60;36
TE275;23.01.2024;10;1.0;701;31;642;31;59;33
TE275;23.01.2024;11;1.0;659;31;603;31;56;32
TE275;23.01.2024;12;1.0;696;35;628;35;68;39
TE275;23.01.2024;13;1.0;801;29;703;30;98;30
TE275;23.01.2024;14;1.0;803;28;726;27;77;30
TE275;23.01.2024;15;1.0;842;21;784;21;58;25
TE275;23.01.2024;16;1.0;864;17;815;17;49;24
TE275;23.01.2024;17;1.0;893;18;841;18;52;24
TE275;23.01.2024;18;1.0;855;24;801;24;54;29
TE275;23.01.2024;19;1.0;658;34;639;34;19;35
TE275;23.01.2024;20;1.0;511;38;491;38;20;40
TE275;23.01.2024;21;1.0;398;39;384;39;14;43
TE275;23.01.2024;22;1.0;333;42;324;42;9;40
TE275;23.01.2024;23;1.0;262;46;250;46;12;47
TE275;24.01.2024;0;1.0;144;45;138;45;6;46
TE275;24.01.2024;1;1.0;117;45;110;45;7;43
TE275;24.01.2024;2;1.0;66;42;61;41;5;41
TE275;24.01.2024;3;1.0;73;43;68;43;5;39
TE275;24.01.2024;4;1.0;83;36;77;36;6;33
TE275;24.01.2024;5;1.0;133;34;126;34;7;34
TE275;24.01.2024;6;1.0;276;39;254;39;22;38
TE275;24.01.2024;7;1.0;414;37;383;37;31;38
TE275;24.01.2024;8;1.0;612;31;591;31;21;31
TE275;24.01.2024;9;1.0;621;36;573;36;48;35
TE275;24.01.2024;10;1.0;672;36;630;36;42;38
TE275;24.01.2024;11;1.0;674;39;627;39;47;39
TE275;24.01.2024;12;1.0;723;36;683;35;40;36
TE275;24.01.2024;13;1.0;804;38;769;38;35;38
TE275;24.01.2024;14;1.0;960;35;901;35;59;35
TE275;24.01.2024;15;1.0;1063;34;1029;34;34;36
TE275;24.01.2024;16;1.0;1117;33;1090;33;27;32
TE275;24.01.2024;17;1.0;1148;31;1126;31;22;31
TE275;24.01.2024;18;1.0;1020;33;971;33;49;36
TE275;24.01.2024;19;1.0;743;37;722;37;21;38
TE275;24.01.2024;20;1.0;530;35;517;35;13;35
TE275;24.01.2024;21;1.0;415;39;404;39;11;39
TE275;24.01.2024;22;1.0;380;38;374;38;6;38
TE275;24.01.2024;23;1.0;282;39;275;39;7;43
TE275;25.01.2024;0;1.0;137;35;131;35;6;44
TE275;25.01.2024;1;1.0;123;43;117;43;6;43
TE275;25.01.2024;2;1.0;74;44;68;44;6;44
TE275;25.01.2024;3;1.0;65;42;59;41;6;40
TE275;25.01.2024;4;1.0;68;45;62;45;6;42
TE275;25.01.2024;5;1.0;111;47;102;47;9;46
TE275;25.01.2024;6;1.0;272;43;254;43;18;40
TE275;25.01.2024;7;1.0;428;38;410;38;18;39
TE275;25.01.2024;8;1.0;587;38;565;38;22;38
TE275;25.01.2024;9;1.0;650;34;611;34;39;35
TE275;25.01.2024;10;1.0;672;38;644;37;28;38
TE275;25.01.2024;11;1.0;824;37;790;37;34;37
TE275;25.01.2024;12;1.0;969;36;943;36;26;36
TE275;25.01.2024;13;1.0;985;34;958;34;27;35
TE275;25.01.2024;14;1.0;950;36;924;36;26;38
TE275;25.01.2024;15;1.0;1056;34;1039;34;17;35
TE275;25.01.2024;16;1.0;1109;35;1081;35;28;36
TE275;25.01.2024;17;1.0;1120;35;1101;35;19;36
TE275;25.01.2024;18;1.0;1037;36;1012;36;25;37
TE275;25.01.2024;19;1.0;865;36;850;36;15;37
TE275;25.01.2024;20;1.0;599;39;582;39;17;41
TE275;25.01.2024;21;1.0;443;44;430;44;13;47
TE275;25.01.2024;22;1.0;365;40;356;40;9;38
TE275;25.01.2024;23;1.0;294;41;288;41;6;39
TE275;26.01.2024;0;1.0;171;41;163;41;8;41
TE275;26.01.2024;1;1.0;152;45;144;45;8;44
TE275;26.01.2024;2;1.0;87;44;81;44;6;42
TE275;26.01.2024;3;1.0;77;44;69;44;8;42
TE275;26.01.2024;4;1.0;63;44;57;44;6;45
TE275;26.01.2024;5;1.0;114;44;110;44;4;50
TE275;26.01.2024;6;1.0;278;42;249;42;29;44
TE275;26.01.2024;7;1.0;401;39;381;39;20;39
TE275;26.01.2024;8;1.0;550;38;525;38;25;40
TE275;26.01.2024;9;1.0;533;40;513;40;20;40
TE275;26.01.2024;10;1.0;605;38;590;38;15;40
TE275;26.01.2024;11;1.0;720;36;701;36;19;40
TE275;26.01.2024;12;1.0;786;35;765;35;22;36
TE275;26.01.2024;13;1.0;855;37;839;37;16;36
TE275;26.01.2024;14;1.0;1078;37;1062;37;16;38
TE275;26.01.2024;15;1.0;1044;33;1023;33;21;35
TE275;26.01.2024;16;1.0;1003;36;978;36;25;34
TE275;26.01.2024;17;1.0;890;34;873;34;17;33
TE275;26.01.2024;18;1.0;829;38;806;38;23;39
TE275;26.01.2024;19;1.0;708;34;696;33;12;33
TE275;26.01.2024;20;1.0;555;36;539;36;16;35
TE275;26.01.2024;21;1.0;463;38;451;38;12;40
TE275;26.01.2024;22;1.0;457;39;444;39;13;38
TE275;26.01.2024;23;1.0;385;42;374;42;11;44
TE275;27.01.2024;0;1.0;295;44;286;43;9;43
TE275;27.01.2024;1;1.0;193;48;186;48;7;46
TE275;27.01.2024;2;1.0;147;47;140;47;7;50
TE275;27.01.2024;3;1.0;115;49;108;49;7;46
TE275;27.01.2024;4;1.0;69;50;65;49;4;53
TE278;01.01.2024;0;1.0;213;48;209;48;4;46
TE278;01.01.2024;1;1.0;425;48;420;48;5;49
TE278;01.01.2024;2;1.0;509;50;506;50;3;46
TE278;01.01.2024;3;1.0;333;49;328;49;5;48
TE278;01.01.2024;4;1.0;256;46;251;46;4;48
TE278;01.01.2024;5;1.0;249;48;248;48;1;52
TE278;01.01.2024;6;1.0;192;53;190;53;2;49
TE278;01.01.2024;7;1.0;141;50;139;50;2;49
TE278;01.01.2024;8;1.0;120;47;117;47;3;43
TE278;01.01.2024;9;1.0;139;45;134;45;5;46
TE278;01.01.2024;10;1.0;200;44;199;44;1;48
TE278;01.01.2024;11;1.0;282;43;275;42;7;43
TE278;01.01.2024;12;1.0;372;44;364;44;8;46
TE278;01.01.2024;13;1.0;480;42;472;42;8;44
TE278;01.01.2024;14;1.0;494;41;488;41;6;40
TE278;01.01.2024;15;1.0;578;42;567;42;11;39
TE278;01.01.2024;16;1.0;511;42;506;42;5;37
TE278;01.01.2024;17;1.0;551;40;545;40;5;41
TE278;01.01.2024;18;1.0;553;39;541;39;12;37
TE278;01.01.2024;19;1.0;450;48;448;48;2;47
TE278;01.01.2024;20;1.0;377;49;372;49;5;47
TE278;01.01.2024;21;1.0;358;50;355;50;3;47
TE278;01.01.2024;22;1.0;295;50;292;50;3;47
TE278;01.01.2024;23;1.0;237;51;234;51;3;58
TE278;02.01.2024;0;1.0;162;52;157;53;5;51
TE278;02.01.2024;1;1.0;112;54;108;54;4;52
TE278;02.01.2024;2;1.0;97;49;94;49;3;41
TE278;02.01.2024;3;1.0;75;51;72;51;3;48
TE278;02.01.2024;4;1.0;157;44;155;44;2;52
TE278;02.01.2024;5;1.0;501;47;491;47;10;47
TE278;02.01.2024;6;1.0;643;33;623;33;20;34
TE278;02.01.2024;7;1.0;724;32;713;32;11;32
TE278;02.01.2024;8;1.0;706;31;660;31;46;31
TE278;02.01.2024;9;1.0;719;34;662;33;57;33
TE278;02.01.2024;10;1.0;891;34;871;34;20;33
TE278;02.01.2024;11;1.0;929;34;917;34;12;34
TE278;02.01.2024;12;1.0;958;33;932;33;26;32
TE278;02.01.2024;13;1.0;997;32;982;32;15;32
TE278;02.01.2024;14;1.0;1140;33;1129;33;11;32
TE278;02.01.2024;15;1.0;1215;33;1204;33;11;32
TE278;02.01.2024;16;1.0;1079;35;1065;35;14;33
TE278;02.01.2024;17;1.0;1074;37;1062;37;12;36
TE278;02.01.2024;18;1.0;902;43;895;43;7;39
TE278;02.01.2024;19;1.0;713;49;710;49;3;49
TE278;02.01.2024;20;1.0;472;51;465;51;7;49
TE278;02.01.2024;21;1.0;467;46;463;46;4;47
TE278;02.01.2024;22;1.0;391;47;390;47;1;49
TE278;02.01.2024;23;1.0;258;52;256;52;2;50
TE278;03.01.2024;0;1.0;209;55;204;55;5;53
TE278;03.01.2024;1;1.0;121;55;112;55;9;54
TE278;03.01.2024;2;1.0;103;53;100;53;3;60
TE278;03.01.2024;3;1.0;100;53;92;54;8;49
TE278;03.01.2024;4;1.0;123;50;116;50;7;47
TE278;03.01.2024;5;1.0;516;47;494;47;22;47
TE278;03.01.2024;6;1.0;715;35;680;35;35;35
TE278;03.01.2024;7;1.0;709;32;669;32;40;31
TE278;03.01.2024;8;1.0;852;31;805;31;47;31
TE278;03.01.2024;9;1.0;851;31;785;31;66;31
TE278;03.01.2024;10;1.0;924;31;852;31;72;30
TE278;03.01.2024;11;1.0;1041;33;956;33;85;32
TE278;03.01.2024;12;1.0;1069;30;987;30;82;31
TE278;03.01.2024;13;1.0;1077;31;1041;31;36;30
TE278;03.01.2024;14;1.0;1216;31;1165;31;51;31
TE278;03.01.2024;15;1.0;1264;27;1209;27;55;27
TE278;03.01.2024;16;1.0;1083;31;1039;31;44;31
TE278;03.01.2024;17;1.0;1059;33;1015;33;44;32
TE278;03.01.2024;18;1.0;901;39;885;39;16;39
TE278;03.01.2024;19;1.0;651;44;640;44;11;43
TE278;03.01.2024;20;1.0;527;44;510;44;17;43
TE278;03.01.2024;21;1.0;458;47;440;47;18;47
TE278;03.01.2024;22;1.0;423;48;418;48;5;47
TE278;03.01.2024;23;1.0;336;50;331;50;5;47
TE278;04.01.2024;0;1.0;214;53;201;53;13;50
TE278;04.01.2024;1;1.0;130;52;125;52;5;50
TE278;04.01.2024;2;1.0;108;51;99;51;9;49
TE278;04.01.2024;3;1.0;117;53;115;53;2;49
TE278;04.01.2024;4;1.0;147;57;144;57;3;53
TE278;04.01.2024;5;1.0;548;52;546;52;2;50
TE278;04.01.2024;6;1.0;759;37;739;37;20;39
TE278;04.01.2024;7;1.0;837;33;817;33;20;34
TE278;04.01.2024;8;1.0;840;33;798;33;42;32
TE278;04.01.2024;9;1.0;896;31;824;32;72;31
TE278;04.01.2024;10;1.0;968;32;863;32;105;31
TE278;04.01.2024;11;1.0;1015;31;956;31;59;30
TE278;04.01.2024;12;1.0;1118;31;1088;31;30;30
TE278;04.01.2024;13;1.0;1066;32;1031;32;35;32
TE278;04.01.2024;14;1.0;1154;32;1120;32;34;32
TE278;04.01.2024;15;1.0;1263;31;1240;31;23;32
TE278;04.01.2024;16;1.0;1224;32;1198;32;26;31
TE278;04.01.2024;17;1.0;1109;34;1095;34;14;34
TE278;04.01.2024;18;1.0;994;39;984;39;10;37
TE278;04.01.2024;19;1.0;735;44;723;44;12;43
TE278;04.01.2024;20;1.0;599;47;589;47;10;47
TE278;04.01.2024;21;1.0;516;49;509;49;7;49
TE278;04.01.2024;22;1.0;422;50;418;50;4;52
TE278;04.01.2024;23;1.0;324;51;318;51;6;50
TE278;05.01.2024;0;1.0;189;54;177;54;12;51
TE278;05.01.2024;1;1.0;152;53;145;53;7;51
TE278;05.01.2024;2;1.0;116;55;111;56;5;50
TE278;05.01.2024;3;1.0;107;55;102;55;5;49
TE278;05.01.2024;4;1.0;143;55;133;55;10;53
TE278;05.01.2024;5;1.0;562;53;536;53;26;50
TE278;05.01.2024;6;1.0;783;36;738;36;45;34
TE278;05.01.2024;7;1.0;855;33;810;33;45;33
TE278;05.01.2024;8;1.0;714;34;709;34;5;34
TE278;05.01.2024;9;1.0;886;35;864;35;22;34
TE278;05.01.2024;10;1.0;852;35;808;35;44;33
TE278;05.01.2024;11;1.0;986;33;925;33;61;32
TE278;05.01.2024;12;1.0;1032;32;1003;33;29;32
TE278;05.01.2024;13;1.0;1198;31;1171;32;27;31
TE278;05.01.2024;14;1.0;1216;31;1196;31;20;30
TE278;05.01.2024;15;1.0;1226;33;1200;33;26;32
TE278;05.01.2024;16;1.0;1091;35;1073;35;18;34
TE278;05.01.2024;17;1.0;973;37;961;37;12;37
TE278;05.01.2024;18;1.0;882;47;874;47;8;46
TE278;05.01.2024;19;1.0;728;48;725;48;3;48
TE278;05.01.2024;20;1.0;630;49;622;49;8;48
TE278;05.01.2024;21;1.0;529;50;524;50;5;46
TE278;05.01.2024;22;1.0;478;53;475;53;3;51
TE278;05.01.2024;23;1.0;431;53;430;53;1;51
TE278;06.01.2024;0;1.0;287;55;281;55;6;53
TE278;06.01.2024;1;1.0;202;57;197;57;5;54
TE278;06.01.2024;2;1.0;166;57;166;57;0;-1
TE278;06.01.2024;3;1.0;137;57;136;57;1;56
TE278;06.01.2024;4;1.0;113;54;111;54;2;55
TE278;06.01.2024;5;1.0;208;54;207;54;1;56
TE278;06.01.2024;6;1.0;211;51;195;51;16;51
TE278;06.01.2024;7;1.0;260;51;236;51;24;48
TE278;06.01.2024;8;1.0;374;48;333;48;41;47
TE278;06.01.2024;9;1.0;559;46;502;46;57;46
TE278;06.01.2024;10;1.0;743;45;709;45;34;44
TE278;06.01.2024;11;1.0;866;44;860;44;6;44
TE278;06.01.2024;12;1.0;883;45;875;45;8;43
TE278;06.01.2024;13;1.0;1114;44;1108;44;6;44
TE278;06.01.2024;14;1.0;1134;42;1121;42;13;43
TE278;06.01.2024;15;1.0;1016;44;1009;44;7;44
TE278;06.01.2024;16;1.0;1022;43;1008;43;14;43
TE278;06.01.2024;17;1.0;806;46;800;46;6;46
TE278;06.01.2024;18;1.0;810;47;804;47;6;48
TE278;06.01.2024;19;1.0;629;45;624;45;5;43
TE278;06.01.2024;20;1.0;584;47;581;47;3;46
TE278;06.01.2024;21;1.0;459;48;454;48;5;44
TE278;06.01.2024;22;1.0;478;50;475;50;3;49
TE278;06.01.2024;23;1.0;391;51;390;51;1;50
TE278;07.01.2024;0;1.0;308;54;304;54;4;54
TE278;07.01.2024;1;1.0;254;55;250;55;4;51
TE278;07.01.2024;2;1.0;203;55;203;55;0;-1
TE278;07.01.2024;3;1.0;125;53;125;53;0;-1
TE278;07.01.2024;4;1.0;110;48;108;48;2;50
TE278;07.01.2024;5;1.0;180;48;179;48;1;51
TE278;07.01.2024;6;1.0;135;54;134;54;1;51
TE278;07.01.2024;7;1.0;139;51;138;51;1;45
TE278;07.01.2024;8;1.0;130;50;127;50;3;45
TE278;07.01.2024;9;1.0;234;51;231;51;3;48
TE278;07.01.2024;10;1.0;364;49;360;49;4;47
TE278;07.01.2024;11;1.0;441;49;435;49;6;48
TE278;07.01.2024;12;1.0;531;49;530;49;1;52
TE278;07.01.2024;13;1.0;663;47;659;47;4;44
TE278;07.01.2024;14;1.0;694;48;690;48;4;50
TE278;07.01.2024;15;1.0;688;48;685;48;3;49
TE278;07.01.2024;16;1.0;733;47;728;47;5;51
TE278;07.01.2024;17;1.0;743;46;741;46;2;42
TE278;07.01.2024;18;1.0;665;49;662;49;3;44
TE278;07.01.2024;19;1.0;568;49;566;49;2;47
TE278;07.01.2024;20;1.0;509;49;507;49;2;48
TE278;07.01.2024;21;1.0;456;46;455;46;1;42
TE278;07.01.2024;22;1.0;390;46;382;46;8;44
TE278;07.01.2024;23;1.0;263;48;258;48;5;45
TE278;08.01.2024;0;1.0;186;49;172;49;14;47
TE278;08.01.2024;1;1.0;125;48;116;48;9;45
TE278;08.01.2024;2;1.0;87;47;84;47;3;46
TE278;08.01.2024;3;1.0;103;47;97;47;6;46
TE278;08.01.2024;4;1.0;168;46;165;47;3;44
TE278;08.01.2024;5;1.0;575;44;557;44;18;42
TE278;08.01.2024;6;1.0;870;32;833;32;37;33
TE278;08.01.2024;7;1.0;907;30;867;30;40;29
TE278;08.01.2024;8;1.0;784;30;717;30;67;30
TE278;08.01.2024;9;1.0;787;31;721;31;66;31
TE278;08.01.2024;10;1.0;837;30;770;30;67;30
TE278;08.01.2024;11;1.0;848;30;781;30;67;30
TE278;08.01.2024;12;1.0;861;31;815;31;46;32
TE278;08.01.2024;13;1.0;891;31;838;31;53;30
TE278;08.01.2024;14;1.0;1081;29;1039;29;42;29
TE278;08.01.2024;15;1.0;1192;29;1166;30;26;29
TE278;08.01.2024;16;1.0;1070;30;1048;30;22;30
TE278;08.01.2024;17;1.0;1012;31;991;31;21;31
TE278;08.01.2024;18;1.0;877;38;862;38;15;38
TE278;08.01.2024;19;1.0;647;39;635;40;12;37
TE278;08.01.2024;20;1.0;523;41;516;41;7;39
TE278;08.01.2024;21;1.0;450;45;444;45;6;46
TE278;08.01.2024;22;1.0;346;47;338;47;8;47
TE278;08.01.2024;23;1.0;232;48;225;48;7;48
TE278;09.01.2024;0;1.0;182;51;176;51;6;52
TE278;09.01.2024;1;1.0;113;52;106;52;7;53
TE278;09.01.2024;2;1.0;80;51;80;51;0;-1
TE278;09.01.2024;3;1.0;107;50;104;50;3;53
TE278;09.01.2024;4;1.0;157;52;155;52;2;52
TE278;09.01.2024;5;1.0;580;44;564;44;16;46
TE278;09.01.2024;6;1.0;888;35;856;35;32;36
TE278;09.01.2024;7;1.0;945;30;911;30;34;30
TE278;09.01.2024;8;1.0;891;31;843;31;48;32
TE278;09.01.2024;9;1.0;930;32;884;32;46;32
TE278;09.01.2024;10;1.0;959;31;903;31;56;32
TE278;09.01.2024;11;1.0;1004;30;940;30;64;30
TE278;09.01.2024;12;1.0;1041;30;978;30;63;31
TE278;09.01.2024;13;1.0;1126;29;1068;30;58;30
TE278;09.01.2024;14;1.0;1234;28;1184;28;50;28
TE278;09.01.2024;15;1.0;1213;29;1187;29;26;28
TE278;09.01.2024;16;1.0;1245;30;1218;30;27;30
TE278;09.01.2024;17;1.0;1026;30;1006;30;20;29
TE278;09.01.2024;18;1.0;745;40;728;40;17;41
TE278;09.01.2024;19;1.0;684;43;666;43;18;43
TE278;09.01.2024;20;1.0;526;44;512;44;14;45
TE278;09.01.2024;21;1.0;485;41;474;41;11;40
TE278;09.01.2024;22;1.0;415;46;411;46;4;48
TE278;09.01.2024;23;1.0;255;46;253;46;2;47
TE278;10.01.2024;0;1.0;204;45;195;45;9;45
TE278;10.01.2024;1;1.0;107;47;103;47;4;48
TE278;10.01.2024;2;1.0;103;42;102;42;1;44
TE278;10.01.2024;3;1.0;138;47;136;47;2;49
TE278;10.01.2024;4;1.0;171;45;168;45;3;43
TE278;10.01.2024;5;1.0;641;47;630;47;11;49
TE278;10.01.2024;6;1.0;954;35;933;35;21;37
TE278;10.01.2024;7;1.0;1030;31;1008;31;22;31
TE278;10.01.2024;8;1.0;803;31;785;31;18;31
TE278;10.01.2024;9;1.0;884;31;851;31;33;31
TE278;10.01.2024;10;1.0;915;31;844;32;71;31
TE278;10.01.2024;11;1.0;1005;32;921;31;84;31
TE278;10.01.2024;12;1.0;1017;29;965;30;52;29
TE278;10.01.2024;13;1.0;980;30;943;30;37;30
TE278;10.01.2024;14;1.0;1179;28;1131;28;48;28
TE278;10.01.2024;15;1.0;1192;29;1155;29;37;28
TE278;10.01.2024;16;1.0;1252;29;1227;29;25;29
TE278;10.01.2024;17;1.0;1096;30;1077;30;19;30
TE278;10.01.2024;18;1.0;984;34;963;34;20;33
TE278;10.01.2024;19;1.0;747;40;733;40;14;40
TE278;10.01.2024;20;1.0;603;42;594;42;9;41
TE278;10.01.2024;21;1.0;520;42;517;42;3;41
TE278;10.01.2024;22;1.0;437;44;433;44;4;44
TE278;10.01.2024;23;1.0;283;45;280;45;3;46
TE278;11.01.2024;0;1.0;202;48;193;48;9;49
TE278;11.01.2024;1;1.0;125;53;116;53;9;53
TE278;11.01.2024;2;1.0;99;54;99;54;0;-1
TE278;11.01.2024;3;1.0;121;52;118;52;3;51
TE278;11.01.2024;4;1.0;164;54;163;54;1;53
TE278;11.01.2024;5;1.0;590;56;589;56;1;48
TE278;11.01.2024;6;1.0;905;38;899;38;6;36
TE278;11.01.2024;7;1.0;946;33;942;33;4;36
TE278;11.01.2024;8;1.0;839;29;832;29;6;30
TE278;11.01.2024;9;1.0;859;33;855;33;4;32
TE278;11.01.2024;10;1.0;894;32;884;32;10;31
TE278;11.01.2024;11;1.0;988;33;979;33;9;33
TE278;11.01.2024;12;1.0;1043;33;1035;33;8;31
TE278;11.01.2024;13;1.0;1029;33;1023;33;6;29
TE278;11.01.2024;14;1.0;1094;31;1083;32;11;30
TE278;11.01.2024;15;1.0;1182;33;1177;33;5;30
TE278;11.01.2024;16;1.0;1151;34;1142;34;9;33
TE278;11.01.2024;17;1.0;1186;35;1173;35;13;34
TE278;11.01.2024;18;1.0;986;45;980;45;6;43
TE278;11.01.2024;19;1.0;810;48;801;48;9;47
TE278;11.01.2024;20;1.0;607;49;600;49;7;48
TE278;11.01.2024;21;1.0;477;50;472;50;5;48
TE278;11.01.2024;22;1.0;480;50;479;50;1;51
TE278;11.01.2024;23;1.0;321;53;319;53;2;53
TE278;12.01.2024;0;1.0;216;56;212;56;4;58
TE278;12.01.2024;1;1.0;138;55;133;55;5;52
TE278;12.01.2024;2;1.0;105;57;105;57;0;-1
TE278;12.01.2024;3;1.0;119;56;119;56;0;-1
TE278;12.01.2024;4;1.0;160;55;160;55;0;-1
TE278;12.01.2024;5;1.0;549;53;548;53;1;52
TE278;12.01.2024;6;1.0;903;38;888;38;15;40
TE278;12.01.2024;7;1.0;931;33;921;33;10;35
TE278;12.01.2024;8;1.0;886;33;873;33;13;33
TE278;12.01.2024;9;1.0;955;34;925;34;30;35
TE278;12.01.2024;10;1.0;969;32;928;32;41;32
TE278;12.01.2024;11;1.0;1060;32;1031;32;29;34
TE278;12.01.2024;12;1.0;1085;30;1059;30;26;31
TE278;12.01.2024;13;1.0;1151;32;1132;32;19;31
TE278;12.01.2024;14;1.0;1250;31;1231;31;19;32
TE278;12.01.2024;15;1.0;1274;33;1262;33;12;32
TE278;12.01.2024;16;1.0;1106;35;1093;35;13;33
TE278;12.01.2024;17;1.0;994;36;990;36;4;35
TE278;12.01.2024;18;1.0;896;45;892;45;4;43
TE278;12.01.2024;19;1.0;723;48;718;48;5;47
TE278;12.01.2024;20;1.0;609;49;605;49;4;47
TE278;12.01.2024;21;1.0;531;50;528;50;3;47
TE278;12.01.2024;22;1.0;529;51;527;51;2;49
TE278;12.01.2024;23;1.0;374;52;372;52;2;53
TE278;13.01.2024;0;1.0;294;54;289;54;5;56
TE278;13.01.2024;1;1.0;186;55;185;55;1;51
TE278;13.01.2024;2;1.0;173;54;173;54;0;-1
TE278;13.01.2024;3;1.0;117;56;116;56;1;53
TE278;13.01.2024;4;1.0;112;55;112;55;0;-1
TE278;13.01.2024;5;1.0;206;53;206;53;0;-1
TE278;13.01.2024;6;1.0;206;52;204;52;2;48
TE278;13.01.2024;7;1.0;243;51;240;51;3;51
TE278;13.01.2024;8;1.0;341;50;340;50;1;51
TE278;13.01.2024;9;1.0;572;50;567;50;5;47
TE278;13.01.2024;10;1.0;804;46;794;46;10;46
TE278;13.01.2024;11;1.0;896;44;882;44;14;43
TE278;13.01.2024;12;1.0;1060;45;1057;45;3;45
TE278;13.01.2024;13;1.0;1172;44;1162;44;10;43
TE278;13.01.2024;14;1.0;1140;42;1135;42;5;42
TE278;13.01.2024;15;1.0;983;46;978;46;5;44
TE278;13.01.2024;16;1.0;983;45;982;45;1;42
TE278;13.01.2024;17;1.0;900;46;896;46;4;44
TE278;13.01.2024;18;1.0;799;47;797;47;2;46
TE278;13.01.2024;19;1.0;635;49;635;49;0;-1
TE278;13.01.2024;20;1.0;531;51;528;51;3;49
TE278;13.01.2024;21;1.0;514;50;511;50;3;53
TE278;13.01.2024;22;1.0;492;52;488;52;4;50
TE278;13.01.2024;23;1.0;436;53;433;53;3;51
TE278;14.01.2024;0;1.0;343;56;339;56;4;56
TE278;14.01.2024;1;1.0;253;57;253;57;0;-1
TE278;14.01.2024;2;1.0;182;57;182;57;0;-1
TE278;14.01.2024;3;1.0;149;58;148;58;1;51
TE278;14.01.2024;4;1.0;133;55;131;55;2;52
TE278;14.01.2024;5;1.0;156;55;154;55;2;52
TE278;14.01.2024;6;1.0;134;54;133;54;1;56
TE278;14.01.2024;7;1.0;119;51;115;51;4;48
TE278;14.01.2024;8;1.0;156;52;153;52;3;47
TE278;14.01.2024;9;1.0;255;53;249;53;6;50
TE278;14.01.2024;10;1.0;373;51;371;51;2;49
TE278;14.01.2024;11;1.0;461;48;459;48;2;47
TE278;14.01.2024;12;1.0;588;50;584;50;4;52
TE278;14.01.2024;13;1.0;711;49;708;49;3;50
TE278;14.01.2024;14;1.0;781;47;777;47;4;48
TE278;14.01.2024;15;1.0;635;47;628;46;7;47
TE278;14.01.2024;16;1.0;678;46;674;46;4;44
TE278;14.01.2024;17;1.0;732;49;729;49;3;45
TE278;14.01.2024;18;1.0;629;50;628;50;1;42
TE278;14.01.2024;19;1.0;514;49;513;49;1;42
TE278;14.01.2024;20;1.0;469;51;467;51;2;48
TE278;14.01.2024;21;1.0;454;53;453;53;1;49
TE278;14.01.2024;22;1.0;387;53;385;53;2;49
TE278;14.01.2024;23;1.0;264;54;262;54;2;52
TE278;15.01.2024;0;1.0;170;55;164;55;6;51
TE278;15.01.2024;1;1.0;122;44;119;44;3;34
TE278;15.01.2024;2;1.0;86;58;86;58;0;-1
TE278;15.01.2024;3;1.0;117;53;116;53;1;57
TE278;15.01.2024;4;1.0;157;54;157;54;0;-1
TE278;15.01.2024;5;1.0;559;51;556;51;3;48
TE278;15.01.2024;6;1.0;930;36;915;36;15;36
TE278;15.01.2024;7;1.0;909;32;885;32;24;31
TE278;15.01.2024;8;1.0;835;31;805;31;30;32
TE278;15.01.2024;9;1.0;728;33;677;33;51;32
TE278;15.01.2024;10;1.0;855;33;820;33;35;31
TE278;15.01.2024;11;1.0;889;34;865;35;24;34
TE278;15.01.2024;12;1.0;965;32;928;32;37;32
TE278;15.01.2024;13;1.0;946;32;924;32;22;32
TE278;15.01.2024;14;1.0;1180;32;1148;32;32;32
TE278;15.01.2024;15;1.0;1166;32;1143;33;23;32
TE278;15.01.2024;16;1.0;1294;32;1280;32;14;33
TE278;15.01.2024;17;1.0;1073;32;1068;32;5;30
TE278;15.01.2024;18;1.0;911;39;904;39;7;33
TE278;15.01.2024;19;1.0;675;46;672;46;3;45
TE278;15.01.2024;20;1.0;522;47;515;47;7;49
TE278;15.01.2024;21;1.0;429;50;426;50;3;45
TE278;15.01.2024;22;1.0;374;52;370;52;4;47
TE278;15.01.2024;23;1.0;265;54;265;54;0;-1
TE278;16.01.2024;0;1.0;172;54;163;54;9;47
TE278;16.01.2024;1;1.0;107;54;106;54;1;46
TE278;16.01.2024;2;1.0;79;47;79;47;0;-1
TE278;16.01.2024;3;1.0;99;46;97;46;2;42
TE278;16.01.2024;4;1.0;171;47;166;47;5;45
TE278;16.01.2024;5;1.0;501;45;494;45;7;45
TE278;16.01.2024;6;1.0;880;35;871;35;9;35
TE278;16.01.2024;7;1.0;941;31;931;31;10;30
TE278;16.01.2024;8;1.0;874;32;862;32;12;31
TE278;16.01.2024;9;1.0;814;34;795;34;19;34
TE278;16.01.2024;10;1.0;955;34;924;34;31;33
TE278;16.01.2024;11;1.0;1026;32;985;33;41;32
TE278;16.01.2024;12;1.0;1057;32;1009;32;48;32
TE278;16.01.2024;13;1.0;1092;31;1061;31;31;31
TE278;16.01.2024;14;1.0;1180;31;1152;31;28;31
TE278;16.01.2024;15;1.0;1183;32;1165;32;18;31
TE278;16.01.2024;16;1.0;1142;32;1128;32;14;34
TE278;16.01.2024;17;1.0;950;35;947;35;3;33
TE278;16.01.2024;18;1.0;876;42;873;42;3;31
TE278;16.01.2024;19;1.0;661;46;656;46;5;43
TE278;16.01.2024;20;1.0;625;47;624;47;1;40
TE278;16.01.2024;21;1.0;504;50;502;50;2;49
TE278;16.01.2024;22;1.0;404;49;402;49;2;49
TE278;16.01.2024;23;1.0;256;48;256;48;0;-1
TE278;17.01.2024;0;1.0;212;47;199;47;13;46
TE278;17.01.2024;1;1.0;129;47;123;47;6;45
TE278;17.01.2024;2;1.0;88;48;87;49;1;44
TE278;17.01.2024;3;1.0;105;47;105;47;0;-1
TE278;17.01.2024;4;1.0;187;46;183;46;4;48
TE278;17.01.2024;5;1.0;538;45;530;45;8;43
TE278;17.01.2024;6;1.0;801;34;776;34;25;35
TE278;17.01.2024;7;1.0;926;28;902;28;24;27
TE278;17.01.2024;8;1.0;864;28;836;28;28;27
TE278;17.01.2024;9;1.0;917;32;885;32;32;32
TE278;17.01.2024;10;1.0;993;33;921;33;72;33
TE278;17.01.2024;11;1.0;1023;32;944;33;79;31
TE278;17.01.2024;12;1.0;1027;32;951;32;76;32
TE278;17.01.2024;13;1.0;993;31;958;31;35;31
TE278;17.01.2024;14;1.0;1155;31;1115;31;40;31
TE278;17.01.2024;15;1.0;1268;32;1245;33;23;32
TE278;17.01.2024;16;1.0;1215;32;1203;32;12;33
TE278;17.01.2024;17;1.0;1115;35;1111;35;4;36
TE278;17.01.2024;18;1.0;945;42;937;42;8;42
TE278;17.01.2024;19;1.0;722;46;716;46;6;43
TE278;17.01.2024;20;1.0;623;47;619;47;4;47
TE278;17.01.2024;21;1.0;476;52;473;52;3;50
TE278;17.01.2024;22;1.0;421;52;420;52;1;52
TE278;17.01.2024;23;1.0;292;54;292;54;0;-1
TE278;18.01.2024;0;1.0;213;56;207;56;6;54
TE278;18.01.2024;1;1.0;132;55;125;55;7;54
TE278;18.01.2024;2;1.0;116;57;115;57;1;59
TE278;18.01.2024;3;1.0;117;56;114;56;3;58
TE278;18.01.2024;4;1.0;180;57;175;57;5;55
TE278;18.01.2024;5;1.0;555;53;544;53;11;54
TE278;18.01.2024;6;1.0;905;38;885;38;20;37
TE278;18.01.2024;7;1.0;991;31;969;32;22;32
TE278;18.01.2024;8;1.0;908;31;866;31;42;31
TE278;18.01.2024;9;1.0;969;33;915;34;54;32
TE278;18.01.2024;10;1.0;949;33;880;33;69;32
TE278;18.01.2024;11;1.0;1074;31;1018;31;56;31
TE278;18.01.2024;12;1.0;991;32;934;32;57;30
TE278;18.01.2024;13;1.0;1070;32;1008;32;62;31
TE278;18.01.2024;14;1.0;1119;30;1064;31;55;30
TE278;18.01.2024;15;1.0;1192;29;1152;29;40;28
TE278;18.01.2024;16;1.0;1073;28;1048;28;24;26
TE278;18.01.2024;17;1.0;1098;31;1086;31;12;32
TE278;18.01.2024;18;1.0;1043;37;1033;37;10;34
TE278;18.01.2024;19;1.0;805;40;795;40;10;40
TE278;18.01.2024;20;1.0;623;41;617;41;6;39
TE278;18.01.2024;21;1.0;538;42;535;42;3;42
TE278;18.01.2024;22;1.0;463;43;463;43;0;-1
TE278;18.01.2024;23;1.0;322;44;320;44;2;45
TE278;19.01.2024;0;1.0;213;48;209;48;4;46
TE278;19.01.2024;1;1.0;136;46;134;46;2;45
TE278;19.01.2024;2;1.0;102;49;101;49;1;51
TE278;19.01.2024;3;1.0;100;47;100;47;0;-1
TE278;19.01.2024;4;1.0;148;49;146;49;2;50
TE278;19.01.2024;5;1.0;509;47;498;47;11;47
TE278;19.01.2024;6;1.0;885;32;866;32;19;36
TE278;19.01.2024;7;1.0;932;30;906;30;26;29
TE278;19.01.2024;8;1.0;917;29;885;29;32;28
TE278;19.01.2024;9;1.0;934;31;868;30;66;31
TE278;19.01.2024;10;1.0;1037;30;969;30;68;30
TE278;19.01.2024;11;1.0;1131;30;1067;31;64;30
TE278;19.01.2024;12;1.0;1290;30;1245;30;45;29
TE278;19.01.2024;13;1.0;1229;30;1174;30;55;29
TE278;19.01.2024;14;1.0;1235;29;1187;29;48;29
TE278;19.01.2024;15;1.0;1150;30;1129;30;21;30
TE278;19.01.2024;16;1.0;1216;33;1212;33;4;32
TE278;19.01.2024;17;1.0;1065;36;1057;36;8;34
TE278;19.01.2024;18;1.0;925;42;919;42;6;40
TE278;19.01.2024;19;1.0;748;41;741;41;7;41
TE278;19.01.2024;20;1.0;588;43;581;43;7;42
TE278;19.01.2024;21;1.0;461;43;457;43;4;41
TE278;19.01.2024;22;1.0;481;48;480;48;1;50
TE278;19.01.2024;23;1.0;407;45;405;45;2;48
TE278;20.01.2024;0;1.0;330;48;325;48;5;48
TE278;20.01.2024;1;1.0;214;50;208;50;6;49
TE278;20.01.2024;2;1.0;156;52;156;52;0;-1
TE278;20.01.2024;3;1.0;121;51;119;51;2;46
TE278;20.01.2024;4;1.0;114;50;113;50;1;47
TE278;20.01.2024;5;1.0;232;48;231;48;1;50
TE278;20.01.2024;6;1.0;197;49;187;49;10;48
TE278;20.01.2024;7;1.0;236;44;232;44;4;43
TE278;20.01.2024;8;1.0;373;48;366;48;7;48
TE278;20.01.2024;9;1.0;634;47;621;47;13;47
TE278;20.01.2024;10;1.0;863;46;858;46;5;45
TE278;20.01.2024;11;1.0;976;44;967;44;9;44
TE278;20.01.2024;12;1.0;1014;44;1007;44;7;45
TE278;20.01.2024;13;1.0;1122;40;1112;40;10;39
TE278;20.01.2024;14;1.0;1156;41;1148;41;8;41
TE278;20.01.2024;15;1.0;1110;40;1106;40;4;39
TE278;20.01.2024;16;1.0;1009;39;1001;39;8;38
TE278;20.01.2024;17;1.0;972;39;959;39;13;38
TE278;20.01.2024;18;1.0;892;41;884;41;8;42
TE278;20.01.2024;19;1.0;741;41;735;41;6;38
TE278;20.01.2024;20;1.0;565;42;561;42;4;42
TE278;20.01.2024;21;1.0;529;43;525;43;4;42
TE278;20.01.2024;22;1.0;502;44;496;44;6;44
TE278;20.01.2024;23;1.0;431;44;427;44;4;41
TE278;21.01.2024;0;1.0;349;46;344;46;5;47
TE278;21.01.2024;1;1.0;264;46;261;46;3;45
TE278;21.01.2024;2;1.0;182;46;181;46;1;49
TE278;21.01.2024;3;1.0;140;46;138;46;2;46
TE278;21.01.2024;4;1.0;140;50;140;50;0;-1
TE278;21.01.2024;5;1.0;165;56;164;56;1;60
TE278;21.01.2024;6;1.0;128;55;128;55;0;-1
TE278;21.01.2024;7;1.0;132;51;127;50;5;52
TE278;21.01.2024;8;1.0;224;51;224;51;0;-1
TE278;21.01.2024;9;1.0;412;48;409;48;3;44
TE278;21.01.2024;10;1.0;733;48;730;48;3;46
TE278;21.01.2024;11;1.0;779;50;774;50;5;47
TE278;21.01.2024;12;1.0;908;45;895;45;13;46
TE278;21.01.2024;13;1.0;744;45;737;45;7;47
TE278;21.01.2024;14;1.0;671;46;663;46;8;45
TE278;21.01.2024;15;1.0;722;43;716;43;6;44
TE278;21.01.2024;16;1.0;730;47;723;47;7;47
TE278;21.01.2024;17;1.0;703;46;691;46;12;44
TE278;21.01.2024;18;1.0;696;47;692;47;4;48
TE278;21.01.2024;19;1.0;598;48;594;48;4;46
TE278;21.01.2024;20;1.0;526;48;521;48;5;46
TE278;21.01.2024;21;1.0;414;49;410;49;4;47
TE278;21.01.2024;22;1.0;343;48;336;48;7;47
TE278;21.01.2024;23;1.0;240;51;233;51;7;48
TE278;22.01.2024;0;1.0;182;52;173;53;9;50
TE278;22.01.2024;1;1.0;114;51;107;51;7;50
TE278;22.01.2024;2;1.0;76;53;72;53;4;51
TE278;22.01.2024;3;1.0;93;53;89;53;4;53
TE278;22.01.2024;4;1.0;153;53;145;53;8;54
TE278;22.01.2024;5;1.0;628;51;612;51;16;51
TE278;22.01.2024;6;1.0;984;34;951;34;33;33
TE278;22.01.2024;7;1.0;1046;33;990;33;56;32
TE278;22.01.2024;8;1.0;943;31;857;31;86;30
TE278;22.01.2024;9;1.0;811;32;770;32;41;31
TE278;22.01.2024;10;1.0;1039;32;1013;32;26;33
TE278;22.01.2024;11;1.0;971;33;912;33;59;32
TE278;22.01.2024;12;1.0;1183;32;1115;32;68;31
TE278;22.01.2024;13;1.0;1191;35;1120;35;71;34
TE278;22.01.2024;14;1.0;1302;32;1250;32;52;31
TE278;22.01.2024;15;1.0;1305;30;1253;31;52;30
TE278;22.01.2024;16;1.0;1204;32;1163;32;41;32
TE278;22.01.2024;17;1.0;1098;34;1074;34;24;34
TE278;22.01.2024;18;1.0;985;40;970;40;15;41
TE278;22.01.2024;19;1.0;700;44;688;44;12;42
TE278;22.01.2024;20;1.0;587;44;576;44;11;43
TE278;22.01.2024;21;1.0;444;49;435;49;9;49
TE278;22.01.2024;22;1.0;353;48;348;48;5;48
TE278;22.01.2024;23;1.0;272;48;268;48;4;46
TE278;23.01.2024;0;1.0;214;51;198;51;16;50
TE278;23.01.2024;1;1.0;98;52;90;52;8;50
TE278;23.01.2024;2;1.0;91;52;89;52;2;54
TE278;23.01.2024;3;1.0;82;50;80;50;2;46
TE278;23.01.2024;4;1.0;152;50;141;51;11;51
TE278;23.01.2024;5;1.0;574;47;562;47;12;46
TE278;23.01.2024;6;1.0;931;33;902;33;29;32
TE278;23.01.2024;7;1.0;1006;30;965;30;41;30
TE278;23.01.2024;8;1.0;958;23;901;23;57;23
TE278;23.01.2024;9;1.0;859;31;803;32;56;30
TE278;23.01.2024;10;1.0;1041;31;954;32;87;31
TE278;23.01.2024;11;1.0;1053;32;988;32;65;31
TE278;23.01.2024;12;1.0;1046;30;1000;30;46;31
TE278;23.01.2024;13;1.0;1108;31;1069;31;39;30
TE278;23.01.2024;14;1.0;1242;30;1193;30;49;30
TE278;23.01.2024;15;1.0;1328;30;1294;30;34;30
TE278;23.01.2024;16;1.0;1155;30;1130;30;25;30
TE278;23.01.2024;17;1.0;1160;31;1133;32;27;31
TE278;23.01.2024;18;1.0;1098;37;1084;37;14;35
TE278;23.01.2024;19;1.0;744;41;730;41;14;41
TE278;23.01.2024;20;1.0;563;44;550;43;13;44
TE278;23.01.2024;21;1.0;534;45;528;45;6;44
TE278;23.01.2024;22;1.0;402;48;399;48;3;46
TE278;23.01.2024;23;1.0;252;52;250;52;2;49
TE278;24.01.2024;0;1.0;176;55;173;55;3;52
TE278;24.01.2024;1;1.0;103;57;98;57;5;55
TE278;24.01.2024;2;1.0;79;55;78;55;1;61
TE278;24.01.2024;3;1.0;88;55;82;56;6;51
TE278;24.01.2024;4;1.0;162;54;154;54;8;53
TE278;24.01.2024;5;1.0;620;51;587;51;33;50
TE278;24.01.2024;6;1.0;921;36;873;36;48;39
TE278;24.01.2024;7;1.0;993;32;959;32;34;32
TE278;24.01.2024;8;1.0;866;29;833;29;33;28
TE278;24.01.2024;9;1.0;811;31;763;31;48;31
TE278;24.01.2024;10;1.0;1019;33;960;33;59;32
TE278;24.01.2024;11;1.0;1111;32;1005;32;106;32
TE278;24.01.2024;12;1.0;1105;30;1039;30;66;30
TE278;24.01.2024;13;1.0;1114;30;1058;30;56;30
TE278;24.01.2024;14;1.0;1190;30;1116;30;74;30
TE278;24.01.2024;15;1.0;1220;30;1156;30;64;30
TE278;24.01.2024;16;1.0;1264;30;1218;30;46;31
TE278;24.01.2024;17;1.0;1114;32;1072;32;42;31
TE278;24.01.2024;18;1.0;1023;40;1006;40;17;40
TE278;24.01.2024;19;1.0;784;43;775;43;9;41
TE278;24.01.2024;20;1.0;581;43;560;43;21;44
TE278;24.01.2024;21;1.0;566;46;559;46;7;44
TE278;24.01.2024;22;1.0;421;46;406;46;15;45
TE278;24.01.2024;23;1.0;304;49;291;49;13;48
TE278;25.01.2024;0;1.0;210;51;192;51;18;48
TE278;25.01.2024;1;1.0;118;52;103;52;15;53
TE278;25.01.2024;2;1.0;95;53;91;53;4;49
TE278;25.01.2024;3;1.0;99;52;94;52;5;49
TE278;25.01.2024;4;1.0;172;52;161;52;11;50
TE278;25.01.2024;5;1.0;582;50;566;50;16;49
TE278;25.01.2024;6;1.0;944;33;908;33;36;34
TE278;25.01.2024;7;1.0;985;30;947;30;38;31
TE278;25.01.2024;8;1.0;906;29;854;29;52;30
TE278;25.01.2024;9;1.0;924;30;860;30;64;30
TE278;25.01.2024;10;1.0;877;32;833;32;44;31
TE278;25.01.2024;11;1.0;816;32;780;32;36;32
TE278;25.01.2024;12;1.0;857;31;823;31;34;30
TE278;25.01.2024;13;1.0;1067;31;1018;32;49;31
TE278;25.01.2024;14;1.0;1224;30;1149;30;75;29
TE278;25.01.2024;15;1.0;1231;29;1195;29;36;29
TE278;25.01.2024;16;1.0;1169;30;1128;30;41;31
TE278;25.01.2024;17;1.0;1174;32;1149;32;25;32
TE278;25.01.2024;18;1.0;979;39;969;39;10;38
TE278;25.01.2024;19;1.0;829;44;818;44;11;44
TE278;25.01.2024;20;1.0;639;46;630;46;9;45
TE278;25.01.2024;21;1.0;514;49;511;49;3;48
TE278;25.01.2024;22;1.0;484;45;479;45;5;45
TE278;25.01.2024;23;1.0;340;46;331;46;9;45
TE278;26.01.2024;0;1.0;193;46;188;47;5;45
TE278;26.01.2024;1;1.0;133;48;124;49;9;48
TE278;26.01.2024;2;1.0;100;50;99;50;1;50
TE278;26.01.2024;3;1.0;97;49;96;49;1;46
TE278;26.01.2024;4;1.0;161;51;161;51;0;-1
TE278;26.01.2024;5;1.0;589;53;582;53;7;52
TE278;26.01.2024;6;1.0;962;37;935;37;27;35
TE278;26.01.2024;7;1.0;974;29;932;29;42;27
TE278;26.01.2024;8;1.0;982;31;941;30;41;32
TE278;26.01.2024;9;1.0;1011;32;961;32;50;33
TE278;26.01.2024;10;1.0;1079;34;1031;34;48;32
TE278;26.01.2024;11;1.0;1085;32;1052;32;33;31
TE278;26.01.2024;12;1.0;1129;29;1099;29;29;28
TE278;26.01.2024;13;1.0;1081;33;1054;33;27;31
TE278;26.01.2024;14;1.0;1171;33;1143;33;28;32
TE278;26.01.2024;15;1.0;1223;33;1195;33;28;33
TE278;26.01.2024;16;1.0;1106;33;1085;33;21;34
TE278;26.01.2024;17;1.0;1034;33;1015;33;19;32
TE278;26.01.2024;18;1.0;929;42;921;42;8;38
TE278;26.01.2024;19;1.0;749;44;741;43;8;42
TE278;26.01.2024;20;1.0;618;43;606;43;12;42
TE278;26.01.2024;21;1.0;528;46;517;46;11;45
TE278;26.01.2024;22;1.0;522;43;515;43;8;40
TE278;26.01.2024;23;1.0;433;48;429;48;4;48
TE278;27.01.2024;0;1.0;314;49;307;50;7;48
TE278;27.01.2024;1;1.0;256;51;247;51;9;49
TE278;27.01.2024;2;1.0;184;51;180;51;4;52
TE278;27.01.2024;3;1.0;128;52;126;52;2;52
TE278;27.01.2024;4;1.0;126;51;123;51;3;45
TE278;27.01.2024;5;1.0;209;48;205;48;4;48
TE278;27.01.2024;6;1.0;201;48;194;48;7;49
TE278;27.01.2024;7;1.0;282;46;272;46;10;45
TE278;27.01.2024;8;1.0;428;46;415;46;13;47
TE278;27.01.2024;9;1.0;650;45;638;45;12;45
TE278;27.01.2024;10;1.0;900;45;893;45;7;44
TE278;27.01.2024;11;1.0;991;45;979;45;12;45
TE278;27.01.2024;12;1.0;1065;45;1055;45;10;43
TE278;27.01.2024;13;1.0;1174;41;1159;41;15;39
TE278;27.01.2024;14;1.0;1213;39;1197;39;16;40
TE278;27.01.2024;15;1.0;1130;39;1113;39;17;40
TE278;27.01.2024;16;1.0;1009;39;998;39;11;38
TE278;27.01.2024;17;1.0;952;40;945;40;7;39
TE278;27.01.2024;18;1.0;903;41;896;41;7;42
TE278;27.01.2024;19;1.0;742;43;732;43;10;41
TE278;27.01.2024;20;1.0;642;44;634;44;8;44
TE278;27.01.2024;21;1.0;516;45;510;45;6;43
TE278;27.01.2024;22;1.0;487;46;484;46;3;46
TE278;27.01.2024;23;1.0;439;47;435;47;4;46
TE278;28.01.2024;0;1.0;383;49;374;49;9;50
TE278;28.01.2024;1;1.0;288;49;283;50;5;49
TE278;28.01.2024;2;1.0;183;51;182;51;1;46
TE278;28.01.2024;3;1.0;147;53;146;53;1;47
TE278;28.01.2024;4;1.0;147;50;142;50;5;50
TE278;28.01.2024;5;1.0;169;51;168;51;1;52
TE278;28.01.2024;6;1.0;130;50;129;50;1;51
TE278;28.01.2024;7;1.0;129;46;128;46;1;51
TE278;28.01.2024;8;1.0;205;47;205;47;0;-1
TE278;28.01.2024;9;1.0;337;44;333;44;4;46
TE278;28.01.2024;10;1.0;450;42;446;42;4;41
TE278;28.01.2024;11;1.0;586;42;580;42;6;42
TE278;28.01.2024;12;1.0;827;40;812;40;15;40
TE278;28.01.2024;13;1.0;1060;39;1042;39;18;39
TE278;28.01.2024;14;1.0;1018;39;1007;39;11;38
TE278;28.01.2024;15;1.0;926;42;917;42;9;41
TE278;28.01.2024;16;1.0;847;42;835;42;12;42
TE278;28.01.2024;17;1.0;863;42;852;42;11;38
TE278;28.01.2024;18;1.0;717;43;711;43;6;43
TE278;28.01.2024;19;1.0;638;44;629;44;9;44
TE278;28.01.2024;20;1.0;557;46;549;46;8;44
TE278;28.01.2024;21;1.0;486;46;481;46;5;45
TE278;28.01.2024;22;1.0;376;47;372;47;4;46
TE278;28.01.2024;23;1.0;282;48;278;48;4;48
TE278;29.01.2024;0;1.0;198;50;189;50;9;47
TE278;29.01.2024;1;1.0;109;51;102;51;7;48
TE278;29.01.2024;2;1.0;67;50;65;50;2;47
TE278;29.01.2024;3;1.0;103;53;100;53;3;52
TE278;29.01.2024;4;1.0;186;50;181;50;5;51
TE278;29.01.2024;5;1.0;546;47;531;47;15;47
TE278;29.01.2024;6;1.0;964;31;936;31;28;31
TE278;29.01.2024;7;1.0;969;26;933;27;36;26
TE278;29.01.2024;8;1.0;1017;28;962;28;55;28
TE278;29.01.2024;9;1.0;875;29;793;29;82;29
TE278;29.01.2024;10;1.0;1033;30;941;31;92;30
TE278;29.01.2024;11;1.0;1021;30;939;30;82;30
TE278;29.01.2024;12;1.0;1106;28;993;28;113;29
TE278;29.01.2024;13;1.0;1069;29;1012;29;57;29
TE278;29.01.2024;14;1.0;1152;29;1109;29;43;28
TE278;29.01.2024;15;1.0;1317;29;1268;29;49;29
TE278;29.01.2024;19;1.0;726;42;714;42;12;41
TE278;29.01.2024;20;1.0;563;44;546;44;17;44
TE278;29.01.2024;21;1.0;445;43;436;43;9;41
TE278;29.01.2024;22;1.0;407;46;403;46;4;46
TE278;29.01.2024;23;1.0;263;49;258;49;5;51
TE278;30.01.2024;0;1.0;202;51;196;51;6;47
TE278;30.01.2024;1;1.0;104;51;98;51;6;48
TE278;30.01.2024;2;1.0;86;50;84;50;2;52
TE278;30.01.2024;3;1.0;107;52;105;52;2;52
TE278;30.01.2024;4;1.0;151;51;148;51;3;50
TE278;30.01.2024;5;1.0;577;46;559;46;18;44
TE278;30.01.2024;6;1.0;912;32;875;32;37;31
TE278;30.01.2024;7;1.0;982;28;942;28;40;30
TE278;30.01.2024;8;1.0;1015;28;966;28;49;28
TE278;30.01.2024;9;1.0;939;30;872;30;67;30
TE278;30.01.2024;10;1.0;974;30;889;30;85;29
TE278;30.01.2024;11;1.0;1063;30;995;30;68;29
TE278;30.01.2024;12;1.0;1090;30;1018;29;72;30
TE278;30.01.2024;13;1.0;1098;29;1055;29;43;29
TE278;30.01.2024;14;1.0;1245;27;1204;27;41;28
TE278;30.01.2024;15;1.0;1311;29;1272;29;39;30
TE278;30.01.2024;16;1.0;1210;30;1179;30;31;29
TE278;30.01.2024;17;1.0;1147;30;1125;30;22;29
TE278;30.01.2024;18;1.0;1125;38;1103;38;22;38
TE278;30.01.2024;19;1.0;730;44;712;44;18;43
TE278;30.01.2024;20;1.0;593;46;579;46;14;45
TE278;30.01.2024;21;1.0;486;48;473;48;13;47
TE278;30.01.2024;22;1.0;420;49;414;49;6;49
TE278;30.01.2024;23;1.0;283;50;271;50;12;49
TE278;31.01.2024;0;1.0;177;52;164;52;13;49
TE278;31.01.2024;1;1.0;106;54;99;55;7;50
TE278;31.01.2024;2;1.0;84;55;80;56;4;50
TE278;31.01.2024;3;1.0;89;54;82;54;7;53
TE278;31.01.2024;4;1.0;164;51;154;51;10;48
TE278;31.01.2024;5;1.0;587;50;565;50;22;49
TE278;31.01.2024;6;1.0;896;37;864;37;32;39
TE278;31.01.2024;7;1.0;998;30;942;30;56;30
TE278;31.01.2024;8;1.0;880;30;848;30;32;29
TE278;31.01.2024;9;1.0;983;30;944;30;39;30
TE278;31.01.2024;10;1.0;975;30;924;30;51;30
TE278;31.01.2024;11;1.0;1159;29;1087;29;72;28
TE278;31.01.2024;12;1.0;988;31;903;31;85;31
TE278;31.01.2024;13;1.0;1075;31;1003;32;72;31
TE278;31.01.2024;14;1.0;1223;31;1158;31;65;31
TE278;31.01.2024;15;1.0;1245;31;1209;31;36;31
TE278;31.01.2024;16;1.0;1226;31;1207;31;19;30
TE278;31.01.2024;17;1.0;1095;33;1082;33;13;31
TE278;31.01.2024;18;1.0;1282;41;1276;41;6;40
TE278;31.01.2024;19;1.0;1287;40;1278;40;9;39
TE278;31.01.2024;20;1.0;634;48;628;48;6;46
TE278;31.01.2024;21;1.0;503;49;501;49;2;46
TE278;31.01.2024;22;1.0;431;48;430;48;1;50
TE278;31.01.2024;23;1.0;369;48;368;48;1;50
TE279;01.01.2024;0;1.0;125;45;122;45;3;47
TE279;01.01.2024;1;1.0;314;48;309;48;5;47
TE279;01.01.2024;2;1.0;368;51;362;51;6;50
TE279;01.01.2024;3;1.0;219;49;216;49;3;46
TE279;01.01.2024;4;1.0;197;47;195;47;2;47
TE279;01.01.2024;5;1.0;171;49;170;49;1;53
TE279;01.01.2024;6;1.0;175;53;171;53;4;53
TE279;01.01.2024;7;1.0;105;48;103;48;2;49
TE279;01.01.2024;8;1.0;105;46;101;46;4;41
TE279;01.01.2024;9;1.0;125;43;122;43;3;40
TE279;01.01.2024;10;1.0;179;43;176;43;3;41
TE279;01.01.2024;11;1.0;262;42;259;42;3;43
TE279;01.01.2024;12;1.0;335;42;329;42;6;43
TE279;01.01.2024;13;1.0;422;40;416;40;6;41
TE279;01.01.2024;14;1.0;487;40;480;40;7;40
TE279;01.01.2024;15;1.0;484;42;479;42;5;41
TE279;01.01.2024;16;1.0;510;43;505;43;5;41
TE279;01.01.2024;17;1.0;481;39;476;39;5;44
TE279;01.01.2024;18;1.0;405;40;398;40;7;40
TE279;01.01.2024;19;1.0;379;50;377;50;2;51
TE279;01.01.2024;20;1.0;311;52;306;52;5;49
TE279;01.01.2024;21;1.0;266;52;263;52;3;49
TE279;01.01.2024;22;1.0;196;51;193;51;3;49
TE279;01.01.2024;23;1.0;168;53;163;53;5;50
TE279;02.01.2024;0;1.0;126;55;122;55;4;55
TE279;02.01.2024;1;1.0;85;54;81;54;4;55
TE279;02.01.2024;2;1.0;66;54;63;54;3;55
TE279;02.01.2024;3;1.0;78;51;64;51;14;54
TE279;02.01.2024;4;1.0;199;48;193;48;6;52
TE279;02.01.2024;5;1.0;503;46;481;45;22;46
TE279;02.01.2024;6;1.0;704;36;694;36;10;36
TE279;02.01.2024;7;1.0;835;34;816;34;19;37
TE279;02.01.2024;8;1.0;744;34;716;34;28;35
TE279;02.01.2024;9;1.0;735;33;714;33;21;33
TE279;02.01.2024;10;1.0;773;33;755;33;18;33
TE279;02.01.2024;11;1.0;686;33;669;33;17;33
TE279;02.01.2024;12;1.0;892;32;867;32;25;33
TE279;02.01.2024;13;1.0;798;33;786;33;12;32
TE279;02.01.2024;14;1.0;902;33;890;33;12;34
TE279;02.01.2024;15;1.0;934;33;927;33;7;30
TE279;02.01.2024;16;1.0;859;34;846;34;13;31
TE279;02.01.2024;17;1.0;773;38;767;38;6;38
TE279;02.01.2024;18;1.0;702;45;696;45;6;44
TE279;02.01.2024;19;1.0;567;48;559;48;8;47
TE279;02.01.2024;20;1.0;460;50;455;50;5;48
TE279;02.01.2024;21;1.0;285;48;282;48;3;54
TE279;02.01.2024;22;1.0;252;47;250;47;2;53
TE279;02.01.2024;23;1.0;150;53;145;53;5;53
TE279;03.01.2024;0;1.0;112;53;109;53;3;53
TE279;03.01.2024;1;1.0;86;54;80;54;6;57
TE279;03.01.2024;2;1.0;74;53;70;53;4;54
TE279;03.01.2024;3;1.0;92;52;82;52;10;51
TE279;03.01.2024;4;1.0;188;52;178;52;10;54
TE279;03.01.2024;5;1.0;536;44;519;44;17;45
TE279;03.01.2024;6;1.0;836;34;812;34;24;34
TE279;03.01.2024;7;1.0;887;32;843;32;44;33
TE279;03.01.2024;8;1.0;844;33;813;33;31;33
TE279;03.01.2024;9;1.0;799;32;734;32;65;32
TE279;03.01.2024;10;1.0;797;33;734;32;63;33
TE279;03.01.2024;11;1.0;836;32;770;31;66;32
TE279;03.01.2024;12;1.0;920;32;864;31;56;31
TE279;03.01.2024;13;1.0;930;31;887;31;43;31
TE279;03.01.2024;14;1.0;963;31;942;31;21;32
TE279;03.01.2024;15;1.0;998;28;974;28;24;28
TE279;03.01.2024;16;1.0;851;32;837;32;14;32
TE279;03.01.2024;17;1.0;828;34;808;34;20;33
TE279;03.01.2024;18;1.0;757;40;745;40;12;38
TE279;03.01.2024;19;1.0;586;44;578;44;8;45
TE279;03.01.2024;20;1.0;409;45;397;45;12;46
TE279;03.01.2024;21;1.0;297;49;291;49;6;47
TE279;03.01.2024;22;1.0;264;49;262;49;2;46
TE279;03.01.2024;23;1.0;191;51;188;51;3;48
TE279;04.01.2024;0;1.0;128;52;124;52;4;49
TE279;04.01.2024;1;1.0;96;56;92;56;4;52
TE279;04.01.2024;2;1.0;85;55;81;56;4;55
TE279;04.01.2024;3;1.0;68;53;62;54;6;50
TE279;04.01.2024;4;1.0;198;57;196;57;2;56
TE279;04.01.2024;5;1.0;567;50;557;50;10;49
TE279;04.01.2024;6;1.0;845;37;826;37;19;38
TE279;04.01.2024;7;1.0;870;34;855;34;15;35
TE279;04.01.2024;8;1.0;899;32;870;33;29;32
TE279;04.01.2024;9;1.0;839;32;802;32;37;32
TE279;04.01.2024;10;1.0;895;32;859;32;36;32
TE279;04.01.2024;11;1.0;932;31;896;31;36;31
TE279;04.01.2024;12;1.0;931;32;908;32;23;33
TE279;04.01.2024;13;1.0;961;31;939;31;22;32
TE279;04.01.2024;14;1.0;981;31;973;31;8;32
TE279;04.01.2024;15;1.0;938;31;927;31;11;32
TE279;04.01.2024;16;1.0;785;33;770;32;15;33
TE279;04.01.2024;17;1.0;885;34;877;34;8;32
TE279;04.01.2024;18;1.0;788;41;778;41;10;43
TE279;04.01.2024;19;1.0;662;44;650;44;12;47
TE279;04.01.2024;20;1.0;499;46;488;46;11;47
TE279;04.01.2024;21;1.0;351;50;345;50;6;51
TE279;04.01.2024;22;1.0;292;51;291;51;1;51
TE279;04.01.2024;23;1.0;198;52;193;52;5;52
TE279;05.01.2024;0;1.0;130;54;125;54;5;55
TE279;05.01.2024;1;1.0;105;57;99;57;6;56
TE279;05.01.2024;2;1.0;74;58;70;58;4;54
TE279;05.01.2024;3;1.0;92;58;82;58;10;58
TE279;05.01.2024;4;1.0;207;56;196;56;11;54
TE279;05.01.2024;5;1.0;501;48;488;48;13;49
TE279;05.01.2024;6;1.0;812;35;784;35;28;35
TE279;05.01.2024;7;1.0;882;34;858;34;24;33
TE279;05.01.2024;8;1.0;802;35;790;34;12;36
TE279;05.01.2024;9;1.0;829;32;807;32;22;32
TE279;05.01.2024;10;1.0;810;33;781;33;29;34
TE279;05.01.2024;11;1.0;929;31;873;31;56;32
TE279;05.01.2024;12;1.0;899;33;863;33;36;33
TE279;05.01.2024;13;1.0;941;32;916;31;25;32
TE279;05.01.2024;14;1.0;969;31;959;31;10;31
TE279;05.01.2024;15;1.0;939;33;929;33;10;31
TE279;05.01.2024;16;1.0;893;34;885;34;8;32
TE279;05.01.2024;17;1.0;866;35;858;35;8;34
TE279;05.01.2024;18;1.0;776;44;767;44;9;41
TE279;05.01.2024;19;1.0;662;46;652;46;10;48
TE279;05.01.2024;20;1.0;547;48;542;48;5;49
TE279;05.01.2024;21;1.0;434;50;426;50;8;51
TE279;05.01.2024;22;1.0;324;52;318;52;6;53
TE279;05.01.2024;23;1.0;237;54;235;54;2;59
TE279;06.01.2024;0;1.0;172;54;169;54;3;62
TE279;06.01.2024;1;1.0;149;59;147;59;2;52
TE279;06.01.2024;2;1.0;116;56;111;56;5;57
TE279;06.01.2024;3;1.0;107;61;102;61;5;62
TE279;06.01.2024;4;1.0;134;57;131;57;3;54
TE279;06.01.2024;5;1.0;217;51;211;51;6;53
TE279;06.01.2024;6;1.0;222;51;214;51;8;50
TE279;06.01.2024;7;1.0;246;49;240;49;6;47
TE279;06.01.2024;8;1.0;384;47;348;46;36;46
TE279;06.01.2024;9;1.0;553;43;510;43;43;44
TE279;06.01.2024;10;1.0;586;43;545;43;41;44
TE279;06.01.2024;11;1.0;689;45;673;45;16;45
TE279;06.01.2024;12;1.0;732;42;718;42;14;43
TE279;06.01.2024;13;1.0;895;41;890;41;5;42
TE279;06.01.2024;14;1.0;977;40;974;40;3;42
TE279;06.01.2024;15;1.0;933;41;922;41;11;41
TE279;06.01.2024;16;1.0;1026;41;1019;41;7;43
TE279;06.01.2024;17;1.0;893;44;888;44;5;45
TE279;06.01.2024;18;1.0;794;43;790;43;4;44
TE279;06.01.2024;19;1.0;619;43;613;43;6;46
TE279;06.01.2024;20;1.0;550;45;546;45;4;48
TE279;06.01.2024;21;1.0;422;48;417;48;5;49
TE279;06.01.2024;22;1.0;351;51;349;51;2;48
TE279;06.01.2024;23;1.0;246;54;244;54;2;58
TE279;07.01.2024;0;1.0;187;54;184;54;3;54
TE279;07.01.2024;1;1.0;169;56;168;56;1;57
TE279;07.01.2024;2;1.0;106;55;104;55;2;56
TE279;07.01.2024;3;1.0;114;55;113;55;1;48
TE279;07.01.2024;4;1.0;80;51;76;51;4;48
TE279;07.01.2024;5;1.0;146;49;140;49;6;49
TE279;07.01.2024;6;1.0;137;53;131;53;6;54
TE279;07.01.2024;7;1.0;106;51;104;51;2;51
TE279;07.01.2024;8;1.0;171;49;166;49;5;50
TE279;07.01.2024;9;1.0;302;49;299;49;3;49
TE279;07.01.2024;10;1.0;359;46;356;46;3;47
TE279;07.01.2024;11;1.0;424;45;419;45;5;47
TE279;07.01.2024;12;1.0;485;46;479;46;6;47
TE279;07.01.2024;13;1.0;642;46;636;46;6;46
TE279;07.01.2024;14;1.0;664;43;660;43;4;49
TE279;07.01.2024;15;1.0;649;45;645;45;4;43
TE279;07.01.2024;16;1.0;621;45;617;45;4;48
TE279;07.01.2024;17;1.0;603;46;599;46;4;47
TE279;07.01.2024;18;1.0;511;48;505;48;6;50
TE279;07.01.2024;19;1.0;483;47;480;47;3;49
TE279;07.01.2024;20;1.0;429;50;422;50;7;48
TE279;07.01.2024;21;1.0;321;50;317;50;4;50
TE279;07.01.2024;22;1.0;237;49;232;49;5;51
TE279;07.01.2024;23;1.0;186;53;181;53;5;51
TE279;08.01.2024;0;1.0;139;53;127;54;12;52
TE279;08.01.2024;1;1.0;80;56;72;56;8;53
TE279;08.01.2024;2;1.0;68;52;62;52;6;52
TE279;08.01.2024;3;1.0;87;54;78;54;9;54
TE279;08.01.2024;4;1.0;209;52;194;53;15;51
TE279;08.01.2024;5;1.0;570;39;546;39;24;38
TE279;08.01.2024;6;1.0;837;34;806;33;31;35
TE279;08.01.2024;7;1.0;986;31;952;31;34;31
TE279;08.01.2024;8;1.0;864;32;816;32;48;32
TE279;08.01.2024;9;1.0;802;32;753;32;49;31
TE279;08.01.2024;10;1.0;726;31;684;31;42;32
TE279;08.01.2024;11;1.0;760;31;700;31;60;31
TE279;08.01.2024;12;1.0;752;30;694;30;58;30
TE279;08.01.2024;13;1.0;762;30;735;30;27;30
TE279;08.01.2024;14;1.0;874;29;846;29;28;30
TE279;08.01.2024;15;1.0;964;30;939;29;25;30
TE279;08.01.2024;16;1.0;879;31;861;31;18;30
TE279;08.01.2024;17;1.0;1105;30;1079;30;26;32
TE279;08.01.2024;18;1.0;1033;37;1022;37;11;36
TE279;08.01.2024;19;1.0;756;41;744;41;12;43
TE279;08.01.2024;20;1.0;418;44;414;44;4;43
TE279;08.01.2024;21;1.0;339;46;334;46;5;42
TE279;08.01.2024;22;1.0;241;47;232;47;9;48
TE279;08.01.2024;23;1.0;174;51;171;51;3;51
TE279;09.01.2024;0;1.0;110;53;102;53;8;52
TE279;09.01.2024;1;1.0;91;57;85;57;6;56
TE279;09.01.2024;2;1.0;74;53;69;53;5;51
TE279;09.01.2024;3;1.0;91;54;80;54;11;55
TE279;09.01.2024;4;1.0;197;53;188;53;9;54
TE279;09.01.2024;5;1.0;603;41;584;41;19;44
TE279;09.01.2024;6;1.0;1046;34;1023;34;23;33
TE279;09.01.2024;7;1.0;1082;31;1059;31;23;32
TE279;09.01.2024;8;1.0;1165;30;1127;30;38;31
TE279;09.01.2024;9;1.0;1042;30;996;30;46;30
TE279;09.01.2024;10;1.0;902;30;860;30;42;30
TE279;09.01.2024;11;1.0;890;31;830;31;60;31
TE279;09.01.2024;12;1.0;913;30;852;29;61;30
TE279;09.01.2024;13;1.0;948;29;911;29;37;31
TE279;09.01.2024;14;1.0;980;28;963;28;17;30
TE279;09.01.2024;15;1.0;987;28;970;28;17;29
TE279;09.01.2024;16;1.0;859;29;839;29;20;30
TE279;09.01.2024;17;1.0;776;32;766;32;10;32
TE279;09.01.2024;18;1.0;674;38;665;38;9;40
TE279;09.01.2024;19;1.0;546;41;537;41;9;43
TE279;09.01.2024;20;1.0;457;43;451;43;6;45
TE279;09.01.2024;21;1.0;381;42;375;42;5;45
TE279;09.01.2024;22;1.0;291;48;285;48;6;50
TE279;09.01.2024;23;1.0;158;49;150;49;8;52
TE279;10.01.2024;0;1.0;114;52;110;53;4;52
TE279;10.01.2024;1;1.0;99;54;95;54;4;52
TE279;10.01.2024;2;1.0;75;48;69;48;5;55
TE279;10.01.2024;3;1.0;94;54;86;54;8;54
TE279;10.01.2024;4;1.0;237;54;228;54;9;54
TE279;10.01.2024;5;1.0;650;45;645;45;5;45
TE279;10.01.2024;6;1.0;1045;33;1014;33;31;35
TE279;10.01.2024;7;1.0;1080;32;1050;32;30;32
TE279;10.01.2024;8;1.0;1104;31;1079;31;25;31
TE279;10.01.2024;9;1.0;1033;31;1004;30;29;30
TE279;10.01.2024;10;1.0;801;31;743;31;58;31
TE279;10.01.2024;11;1.0;821;31;748;31;73;31
TE279;10.01.2024;12;1.0;971;29;908;29;63;29
TE279;10.01.2024;13;1.0;906;29;877;29;29;30
TE279;10.01.2024;14;1.0;1024;28;1002;28;22;30
TE279;10.01.2024;15;1.0;1011;29;993;29;18;29
TE279;10.01.2024;16;1.0;907;29;890;29;17;32
TE279;10.01.2024;17;1.0;870;30;851;30;19;30
TE279;10.01.2024;18;1.0;761;34;747;34;13;34
TE279;10.01.2024;19;1.0;602;40;590;40;12;42
TE279;10.01.2024;20;1.0;445;43;429;43;16;44
TE279;10.01.2024;21;1.0;376;45;370;45;6;47
TE279;10.01.2024;22;1.0;311;48;307;48;4;48
TE279;10.01.2024;23;1.0;197;50;188;50;9;51
TE279;11.01.2024;0;1.0;121;54;117;54;4;48
TE279;11.01.2024;1;1.0;99;54;96;54;3;53
TE279;11.01.2024;2;1.0;74;58;70;58;4;59
TE279;11.01.2024;3;1.0;96;55;90;55;6;55
TE279;11.01.2024;4;1.0;240;54;235;54;5;56
TE279;11.01.2024;5;1.0;575;48;568;48;7;48
TE279;11.01.2024;6;1.0;892;36;865;36;27;34
TE279;11.01.2024;7;1.0;1105;33;1079;33;26;33
TE279;11.01.2024;8;1.0;1000;30;989;30;10;29
TE279;11.01.2024;9;1.0;871;32;853;32;18;32
TE279;11.01.2024;10;1.0;821;34;798;34;23;35
TE279;11.01.2024;11;1.0;843;33;832;33;11;34
TE279;11.01.2024;12;1.0;814;33;800;33;14;33
TE279;11.01.2024;13;1.0;909;33;894;33;15;34
TE279;11.01.2024;14;1.0;911;32;889;32;22;32
TE279;11.01.2024;15;1.0;923;33;908;33;15;32
TE279;11.01.2024;16;1.0;753;35;738;35;15;35
TE279;11.01.2024;17;1.0;781;36;771;36;10;38
TE279;11.01.2024;18;1.0;750;42;741;42;9;40
TE279;11.01.2024;19;1.0;596;45;592;45;4;44
TE279;11.01.2024;20;1.0;485;48;479;48;6;48
TE279;11.01.2024;21;1.0;351;49;349;49;2;48
TE279;11.01.2024;22;1.0;257;51;254;51;3;46
TE279;11.01.2024;23;1.0;204;53;203;53;1;52
TE279;12.01.2024;0;1.0;139;57;137;57;2;58
TE279;12.01.2024;1;1.0;85;55;83;55;2;58
TE279;12.01.2024;2;1.0;77;56;76;56;1;53
TE279;12.01.2024;3;1.0;117;58;113;58;4;56
TE279;12.01.2024;4;1.0;191;58;190;58;1;59
TE279;12.01.2024;5;1.0;591;49;588;49;3;53
TE279;12.01.2024;6;1.0;900;36;894;36;6;38
TE279;12.01.2024;7;1.0;1044;33;1033;33;11;34
TE279;12.01.2024;8;1.0;901;33;886;33;15;32
TE279;12.01.2024;9;1.0;833;33;813;33;20;34
TE279;12.01.2024;10;1.0;802;33;770;33;32;33
TE279;12.01.2024;11;1.0;867;32;840;32;27;32
TE279;12.01.2024;12;1.0;927;32;914;32;13;33
TE279;12.01.2024;13;1.0;1007;31;999;31;8;32
TE279;12.01.2024;14;1.0;974;32;961;32;13;32
TE279;12.01.2024;15;1.0;948;32;938;32;10;32
TE279;12.01.2024;16;1.0;869;33;864;33;5;36
TE279;12.01.2024;17;1.0;843;36;837;36;6;34
TE279;12.01.2024;18;1.0;822;43;820;43;2;34
TE279;12.01.2024;19;1.0;621;47;616;47;5;48
TE279;12.01.2024;20;1.0;517;49;511;49;6;45
TE279;12.01.2024;21;1.0;399;53;395;53;4;45
TE279;12.01.2024;22;1.0;302;52;298;52;4;54
TE279;12.01.2024;23;1.0;217;54;216;54;1;54
TE279;13.01.2024;0;1.0;177;57;173;57;4;61
TE279;13.01.2024;1;1.0;141;58;137;58;4;62
TE279;13.01.2024;2;1.0;105;58;103;58;2;58
TE279;13.01.2024;3;1.0;81;59;80;59;1;58
TE279;13.01.2024;4;1.0;116;58;115;58;1;53
TE279;13.01.2024;5;1.0;179;53;174;53;5;52
TE279;13.01.2024;6;1.0;237;51;236;51;1;52
TE279;13.01.2024;7;1.0;248;51;244;51;4;52
TE279;13.01.2024;8;1.0;322;51;320;51;2;53
TE279;13.01.2024;9;1.0;446;48;441;48;5;50
TE279;13.01.2024;10;1.0;598;47;584;47;14;47
TE279;13.01.2024;11;1.0;730;44;720;44;10;44
TE279;13.01.2024;12;1.0;927;43;922;43;5;44
TE279;13.01.2024;13;1.0;976;43;975;43;1;48
TE279;13.01.2024;14;1.0;1033;41;1027;41;6;41
TE279;13.01.2024;15;1.0;964;44;960;44;4;43
TE279;13.01.2024;16;1.0;949;44;946;44;3;40
TE279;13.01.2024;17;1.0;950;43;947;43;3;40
TE279;13.01.2024;18;1.0;774;47;772;47;2;42
TE279;13.01.2024;19;1.0;614;48;609;48;5;48
TE279;13.01.2024;20;1.0;534;50;532;50;2;49
TE279;13.01.2024;21;1.0;416;52;411;52;5;54
TE279;13.01.2024;22;1.0;374;52;371;52;3;56
TE279;13.01.2024;23;1.0;262;54;258;54;4;56
TE279;14.01.2024;0;1.0;199;59;196;59;3;58
TE279;14.01.2024;1;1.0;148;59;146;59;2;59
TE279;14.01.2024;2;1.0;108;59;107;59;1;58
TE279;14.01.2024;3;1.0;86;61;84;61;2;58
TE279;14.01.2024;4;1.0;101;56;99;56;2;58
TE279;14.01.2024;5;1.0;155;59;153;59;2;58
TE279;14.01.2024;6;1.0;146;57;141;57;5;58
TE279;14.01.2024;7;1.0;131;53;128;53;3;58
TE279;14.01.2024;8;1.0;169;53;164;52;5;54
TE279;14.01.2024;9;1.0;292;50;290;50;2;54
TE279;14.01.2024;10;1.0;343;49;338;49;5;50
TE279;14.01.2024;11;1.0;436;48;430;48;6;49
TE279;14.01.2024;12;1.0;529;48;522;48;7;45
TE279;14.01.2024;13;1.0;636;47;630;47;6;46
TE279;14.01.2024;14;1.0;659;46;653;46;6;46
TE279;14.01.2024;15;1.0;649;47;641;47;8;47
TE279;14.01.2024;16;1.0;603;48;597;48;6;47
TE279;14.01.2024;17;1.0;664;47;658;47;6;38
TE279;14.01.2024;18;1.0;551;48;548;48;3;49
TE279;14.01.2024;19;1.0;477;50;474;50;3;52
TE279;14.01.2024;20;1.0;374;46;368;46;6;35
TE279;14.01.2024;21;1.0;292;54;288;54;4;54
TE279;14.01.2024;22;1.0;257;55;254;55;3;54
TE279;14.01.2024;23;1.0;150;55;147;55;3;55
TE279;15.01.2024;0;1.0;104;57;102;57;2;54
TE279;15.01.2024;1;1.0;92;57;91;57;1;53
TE279;15.01.2024;2;1.0;67;56;66;56;1;53
TE279;15.01.2024;3;1.0;88;56;83;56;5;51
TE279;15.01.2024;4;1.0;243;59;239;59;4;52
TE279;15.01.2024;5;1.0;576;46;569;46;7;53
TE279;15.01.2024;6;1.0;958;35;949;35;9;41
TE279;15.01.2024;7;1.0;1056;34;1046;34;10;32
TE279;15.01.2024;8;1.0;985;34;966;34;19;34
TE279;15.01.2024;9;1.0;834;33;805;33;29;32
TE279;15.01.2024;10;1.0;736;34;713;34;23;34
TE279;15.01.2024;11;1.0;722;34;696;34;26;35
TE279;15.01.2024;12;1.0;760;33;733;33;27;34
TE279;15.01.2024;13;1.0;853;32;839;32;14;32
TE279;15.01.2024;14;1.0;893;32;877;32;16;34
TE279;15.01.2024;15;1.0;899;33;892;33;7;34
TE279;15.01.2024;16;1.0;785;33;774;33;11;35
TE279;15.01.2024;17;1.0;724;36;715;36;9;35
TE279;15.01.2024;18;1.0;653;43;643;43;10;42
TE279;15.01.2024;19;1.0;510;47;503;47;7;51
TE279;15.01.2024;20;1.0;413;48;404;48;9;49
TE279;15.01.2024;21;1.0;323;52;317;52;6;53
TE279;15.01.2024;22;1.0;272;52;270;52;2;54
TE279;15.01.2024;23;1.0;152;54;148;54;4;59
TE279;16.01.2024;0;1.0;126;56;122;56;4;58
TE279;16.01.2024;1;1.0;80;55;78;55;2;55
TE279;16.01.2024;2;1.0;64;51;61;51;3;50
TE279;16.01.2024;3;1.0;106;46;97;47;9;46
TE279;16.01.2024;4;1.0;231;48;226;48;5;46
TE279;16.01.2024;5;1.0;585;42;577;42;8;42
TE279;16.01.2024;6;1.0;980;33;975;33;5;29
TE279;16.01.2024;7;1.0;1248;29;1229;29;19;30
TE279;16.01.2024;8;1.0;1116;30;1098;30;18;31
TE279;16.01.2024;9;1.0;924;32;916;32;8;30
TE279;16.01.2024;10;1.0;831;33;801;33;30;32
TE279;16.01.2024;11;1.0;933;33;890;33;43;33
TE279;16.01.2024;12;1.0;914;31;882;31;32;31
TE279;16.01.2024;13;1.0;884;33;862;32;22;33
TE279;16.01.2024;14;1.0;999;32;979;32;20;33
TE279;16.01.2024;15;1.0;934;32;922;32;12;32
TE279;16.01.2024;16;1.0;799;34;791;34;8;32
TE279;16.01.2024;17;1.0;726;35;721;35;5;33
TE279;16.01.2024;18;1.0;742;41;737;41;5;38
TE279;16.01.2024;19;1.0;527;45;522;45;5;44
TE279;16.01.2024;20;1.0;436;49;430;49;6;49
TE279;16.01.2024;21;1.0;330;52;326;52;4;51
TE279;16.01.2024;22;1.0;281;51;276;51;5;49
TE279;16.01.2024;23;1.0;162;53;157;53;5;50
TE279;17.01.2024;0;1.0;121;52;117;52;4;53
TE279;17.01.2024;1;1.0;105;53;100;53;5;52
TE279;17.01.2024;2;1.0;81;55;74;55;7;55
TE279;17.01.2024;3;1.0;99;56;94;56;5;56
TE279;17.01.2024;4;1.0;245;54;241;54;4;54
TE279;17.01.2024;5;1.0;613;46;605;46;8;48
TE279;17.01.2024;6;1.0;1123;33;1100;33;23;33
TE279;17.01.2024;7;1.0;1250;31;1228;31;22;33
TE279;17.01.2024;8;1.0;1074;31;1045;31;29;32
TE279;17.01.2024;9;1.0;945;32;914;32;31;33
TE279;17.01.2024;10;1.0;884;32;845;32;39;33
TE279;17.01.2024;11;1.0;930;32;862;32;68;33
TE279;17.01.2024;12;1.0;902;31;834;31;68;31
TE279;17.01.2024;13;1.0;975;30;941;30;34;31
TE279;17.01.2024;14;1.0;942;31;917;31;25;32
TE279;17.01.2024;15;1.0;842;32;830;31;12;33
TE279;17.01.2024;16;1.0;858;32;848;32;10;32
TE279;17.01.2024;17;1.0;823;35;811;35;12;34
TE279;17.01.2024;18;1.0;728;43;719;43;9;41
TE279;17.01.2024;19;1.0;548;46;539;46;9;45
TE279;17.01.2024;20;1.0;433;48;428;48;5;49
TE279;17.01.2024;21;1.0;293;54;287;54;6;51
TE279;17.01.2024;22;1.0;290;53;288;53;2;50
TE279;17.01.2024;23;1.0;166;55;163;55;3;50
TE279;18.01.2024;0;1.0;131;59;130;59;1;50
TE279;18.01.2024;1;1.0;112;58;110;58;2;54
TE279;18.01.2024;2;1.0;98;56;93;56;5;57
TE279;18.01.2024;3;1.0;115;58;111;57;4;58
TE279;18.01.2024;4;1.0;237;57;231;57;6;58
TE279;18.01.2024;5;1.0;637;47;624;47;13;47
TE279;18.01.2024;6;1.0;1053;35;1044;35;9;38
TE279;18.01.2024;7;1.0;1227;32;1216;32;11;33
TE279;18.01.2024;8;1.0;1091;32;1063;32;28;32
TE279;18.01.2024;9;1.0;860;33;831;33;29;33
TE279;18.01.2024;10;1.0;929;32;879;32;50;32
TE279;18.01.2024;11;1.0;864;32;816;32;48;32
TE279;18.01.2024;12;1.0;985;30;932;30;53;31
TE279;18.01.2024;13;1.0;962;30;922;30;40;31
TE279;18.01.2024;14;1.0;935;32;909;32;26;32
TE279;18.01.2024;15;1.0;1021;30;997;30;24;30
TE279;18.01.2024;16;1.0;903;29;884;29;18;26
TE279;18.01.2024;17;1.0;835;32;817;32;18;33
TE279;18.01.2024;18;1.0;852;38;832;38;20;38
TE279;18.01.2024;19;1.0;647;42;638;42;9;44
TE279;18.01.2024;20;1.0;510;45;500;45;10;46
TE279;18.01.2024;21;1.0;349;47;342;47;7;49
TE279;18.01.2024;22;1.0;300;49;299;49;1;46
TE279;18.01.2024;23;1.0;176;50;171;50;5;51
TE279;19.01.2024;0;1.0;149;54;145;54;4;54
TE279;19.01.2024;1;1.0;79;55;76;55;3;51
TE279;19.01.2024;2;1.0;91;52;91;52;0;-1
TE279;19.01.2024;3;1.0;91;55;86;55;5;54
TE279;19.01.2024;4;1.0;215;54;208;54;7;55
TE279;19.01.2024;5;1.0;547;46;537;46;10;47
TE279;19.01.2024;6;1.0;865;33;852;33;13;36
TE279;19.01.2024;7;1.0;1111;30;1094;30;17;32
TE279;19.01.2024;8;1.0;1132;29;1108;29;24;31
TE279;19.01.2024;9;1.0;976;28;933;28;43;29
TE279;19.01.2024;10;1.0;910;29;853;29;57;30
TE279;19.01.2024;11;1.0;945;29;890;29;55;29
TE279;19.01.2024;12;1.0;1026;27;977;27;49;27
TE279;19.01.2024;13;1.0;873;29;849;29;24;29
TE279;19.01.2024;14;1.0;990;29;962;29;28;28
TE279;19.01.2024;15;1.0;951;29;936;29;15;29
TE279;19.01.2024;16;1.0;848;33;839;33;9;32
TE279;19.01.2024;17;1.0;908;35;905;35;3;35
TE279;19.01.2024;18;1.0;863;41;858;41;5;37
TE279;19.01.2024;19;1.0;731;40;723;40;8;39
TE279;19.01.2024;20;1.0;539;43;532;43;7;42
TE279;19.01.2024;21;1.0;424;44;416;44;8;46
TE279;19.01.2024;22;1.0;321;49;315;49;6;50
TE279;19.01.2024;23;1.0;216;49;213;49;3;48
TE279;20.01.2024;0;1.0;186;51;180;51;6;49
TE279;20.01.2024;1;1.0;149;51;144;51;5;51
TE279;20.01.2024;2;1.0;110;52;106;52;4;48
TE279;20.01.2024;3;1.0;80;53;75;53;5;50
TE279;20.01.2024;4;1.0;128;52;122;52;6;51
TE279;20.01.2024;5;1.0;216;46;208;46;8;45
TE279;20.01.2024;6;1.0;233;46;228;46;5;46
TE279;20.01.2024;7;1.0;295;45;290;45;5;45
TE279;20.01.2024;8;1.0;349;45;341;45;8;46
TE279;20.01.2024;9;1.0;570;46;552;46;18;47
TE279;20.01.2024;10;1.0;687;47;671;47;16;47
TE279;20.01.2024;11;1.0;818;44;806;44;12;44
TE279;20.01.2024;12;1.0;888;44;878;44;10;45
TE279;20.01.2024;13;1.0;1023;39;1008;39;15;39
TE279;20.01.2024;14;1.0;1013;42;1006;42;7;42
TE279;20.01.2024;15;1.0;961;41;951;41;10;40
TE279;20.01.2024;16;1.0;1008;38;1000;38;8;36
TE279;20.01.2024;17;1.0;975;38;967;38;8;38
TE279;20.01.2024;18;1.0;902;40;895;40;7;41
TE279;20.01.2024;19;1.0;700;41;692;41;8;42
TE279;20.01.2024;20;1.0;551;44;545;44;6;44
TE279;20.01.2024;21;1.0;463;46;455;46;8;47
TE279;20.01.2024;22;1.0;391;47;387;47;4;47
TE279;20.01.2024;23;1.0;297;47;292;47;5;47
TE279;21.01.2024;0;1.0;230;51;224;50;6;48
TE279;21.01.2024;1;1.0;157;49;155;49;2;48
TE279;21.01.2024;2;1.0;146;53;145;53;1;45
TE279;21.01.2024;3;1.0;100;48;99;48;1;45
TE279;21.01.2024;4;1.0;100;53;98;53;2;45
TE279;21.01.2024;5;1.0;169;56;164;56;5;55
TE279;21.01.2024;6;1.0;137;54;130;55;7;52
TE279;21.01.2024;7;1.0;124;53;122;53;2;49
TE279;21.01.2024;8;1.0;187;51;181;52;6;50
TE279;21.01.2024;9;1.0;320;47;314;47;6;46
TE279;21.01.2024;10;1.0;491;47;485;47;6;47
TE279;21.01.2024;11;1.0;598;46;592;46;6;48
TE279;21.01.2024;12;1.0;590;42;582;42;8;44
TE279;21.01.2024;13;1.0;802;43;794;43;8;42
TE279;21.01.2024;14;1.0;750;43;743;43;7;44
TE279;21.01.2024;15;1.0;845;42;835;42;10;42
TE279;21.01.2024;16;1.0;658;24;634;24;24;16
TE279;21.01.2024;17;1.0;654;43;649;43;5;44
TE279;21.01.2024;18;1.0;560;46;555;46;5;46
TE279;21.01.2024;19;1.0;467;46;462;46;5;47
TE279;21.01.2024;20;1.0;370;48;363;48;7;49
TE279;21.01.2024;21;1.0;313;50;308;50;5;50
TE279;21.01.2024;22;1.0;241;49;236;49;5;48
TE279;21.01.2024;23;1.0;165;52;162;52;3;51
TE279;22.01.2024;0;1.0;108;54;103;54;5;54
TE279;22.01.2024;1;1.0;84;54;82;54;2;57
TE279;22.01.2024;2;1.0;67;55;62;55;5;57
TE279;22.01.2024;3;1.0;91;55;81;55;10;54
TE279;22.01.2024;4;1.0;211;54;202;54;9;55
TE279;22.01.2024;5;1.0;594;46;586;46;8;48
TE279;22.01.2024;6;1.0;1047;33;1020;33;27;34
TE279;22.01.2024;7;1.0;1197;31;1156;31;41;31
TE279;22.01.2024;8;1.0;1064;31;1001;30;63;31
TE279;22.01.2024;9;1.0;919;32;889;32;30;32
TE279;22.01.2024;10;1.0;910;34;883;34;27;33
TE279;22.01.2024;11;1.0;925;33;871;33;54;33
TE279;22.01.2024;12;1.0;943;32;871;31;72;32
TE279;22.01.2024;13;1.0;1030;32;984;32;46;32
TE279;22.01.2024;14;1.0;1081;30;1045;30;36;31
TE279;22.01.2024;15;1.0;1014;30;980;30;34;30
TE279;22.01.2024;16;1.0;890;33;867;33;23;32
TE279;22.01.2024;17;1.0;761;35;749;35;12;34
TE279;22.01.2024;18;1.0;735;40;725;40;10;39
TE279;22.01.2024;19;1.0;607;43;598;43;9;43
TE279;22.01.2024;20;1.0;448;44;439;44;9;45
TE279;22.01.2024;21;1.0;318;50;312;50;6;50
TE279;22.01.2024;22;1.0;242;49;240;49;2;47
TE279;22.01.2024;23;1.0;153;47;148;47;5;47
TE279;23.01.2024;0;1.0;113;52;108;52;5;50
TE279;23.01.2024;1;1.0;95;54;86;55;9;53
TE279;23.01.2024;2;1.0;55;51;51;51;4;52
TE279;23.01.2024;3;1.0;92;52;85;52;7;51
TE279;23.01.2024;4;1.0;221;53;209;53;12;54
TE279;23.01.2024;5;1.0;573;43;565;43;8;45
TE279;23.01.2024;6;1.0;1088;33;1066;33;22;35
TE279;23.01.2024;7;1.0;1154;30;1124;30;30;31
TE279;23.01.2024;8;1.0;1106;23;1068;23;38;23
TE279;23.01.2024;9;1.0;949;31;889;31;60;33
TE279;23.01.2024;10;1.0;950;32;889;32;61;32
TE279;23.01.2024;11;1.0;1010;29;938;29;72;30
TE279;23.01.2024;12;1.0;989;31;948;31;41;31
TE279;23.01.2024;13;1.0;982;31;938;31;44;32
TE279;23.01.2024;14;1.0;1033;31;1003;31;30;31
TE279;23.01.2024;15;1.0;1123;30;1095;30;28;30
TE279;23.01.2024;16;1.0;887;30;862;30;25;28
TE279;23.01.2024;17;1.0;825;32;810;32;15;31
TE279;23.01.2024;18;1.0;775;39;764;38;11;36
TE279;23.01.2024;19;1.0;638;41;626;41;12;40
TE279;23.01.2024;20;1.0;409;42;400;42;9;43
TE279;23.01.2024;21;1.0;343;47;336;47;7;46
TE279;23.01.2024;22;1.0;285;47;283;47;2;46
TE279;23.01.2024;23;1.0;162;54;158;54;4;52
TE279;24.01.2024;0;1.0;107;56;103;56;4;58
TE279;24.01.2024;1;1.0;89;55;87;55;2;55
TE279;24.01.2024;2;1.0;66;50;57;51;9;45
TE279;24.01.2024;3;1.0;97;55;89;54;8;58
TE279;24.01.2024;4;1.0;245;54;227;54;18;53
TE279;24.01.2024;5;1.0;661;46;640;46;21;47
TE279;24.01.2024;6;1.0;1179;33;1131;33;48;33
TE279;24.01.2024;7;1.0;1169;31;1125;31;44;30
TE279;24.01.2024;8;1.0;1193;29;1170;29;23;29
TE279;24.01.2024;9;1.0;989;31;956;31;33;31
TE279;24.01.2024;10;1.0;932;33;908;33;24;33
TE279;24.01.2024;11;1.0;915;31;839;30;76;32
TE279;24.01.2024;12;1.0;981;31;906;31;75;31
TE279;24.01.2024;13;1.0;974;32;933;32;41;31
TE279;24.01.2024;14;1.0;1045;30;1011;30;34;31
TE279;24.01.2024;15;1.0;993;30;963;30;30;30
TE279;24.01.2024;16;1.0;843;31;825;31;18;31
TE279;24.01.2024;17;1.0;834;34;816;34;18;31
TE279;24.01.2024;18;1.0;801;41;786;41;15;40
TE279;24.01.2024;19;1.0;633;42;617;42;16;41
TE279;24.01.2024;20;1.0;508;44;497;44;11;44
TE279;24.01.2024;21;1.0;415;47;406;47;9;47
TE279;24.01.2024;22;1.0;323;48;317;48;6;48
TE279;24.01.2024;23;1.0;193;49;189;49;4;44
TE279;25.01.2024;0;1.0;152;53;142;54;10;53
TE279;25.01.2024;1;1.0;97;53;90;53;7;52
TE279;25.01.2024;2;1.0;67;53;57;53;10;50
TE279;25.01.2024;3;1.0;85;56;77;56;8;54
TE279;25.01.2024;4;1.0;218;54;203;54;15;55
TE279;25.01.2024;5;1.0;636;45;621;45;15;44
TE279;25.01.2024;6;1.0;1110;32;1076;32;34;32
TE279;25.01.2024;7;1.0;1242;29;1216;29;26;28
TE279;25.01.2024;8;1.0;1148;31;1126;31;22;31
TE279;25.01.2024;9;1.0;925;31;897;31;28;31
TE279;25.01.2024;10;1.0;976;32;941;32;35;32
TE279;25.01.2024;11;1.0;999;33;957;33;42;33
TE279;25.01.2024;12;1.0;990;33;959;33;31;33
TE279;25.01.2024;13;1.0;964;32;930;32;34;31
TE279;25.01.2024;14;1.0;1039;31;1014;31;25;32
TE279;25.01.2024;15;1.0;1005;30;974;30;31;30
TE279;25.01.2024;16;1.0;822;32;800;32;22;32
TE279;25.01.2024;17;1.0;810;36;803;36;7;35
TE279;25.01.2024;18;1.0;843;41;830;41;13;40
TE279;25.01.2024;19;1.0;674;46;667;46;7;46
TE279;25.01.2024;20;1.0;485;47;477;47;8;46
TE279;25.01.2024;21;1.0;373;50;364;50;9;52
TE279;25.01.2024;22;1.0;277;48;268;48;9;47
TE279;25.01.2024;23;1.0;195;47;188;47;7;45
TE279;26.01.2024;0;1.0;145;49;140;49;5;48
TE279;26.01.2024;1;1.0;109;52;100;52;9;52
TE279;26.01.2024;2;1.0;85;50;77;50;8;54
TE279;26.01.2024;3;1.0;97;53;85;53;12;54
TE279;26.01.2024;4;1.0;225;56;211;56;14;56
TE279;26.01.2024;5;1.0;638;55;622;55;16;56
TE279;26.01.2024;6;1.0;1039;35;1018;35;21;36
TE279;26.01.2024;7;1.0;1228;28;1198;28;30;29
TE279;26.01.2024;8;1.0;1047;31;1008;31;39;31
TE279;26.01.2024;9;1.0;977;32;954;32;23;33
TE279;26.01.2024;10;1.0;1021;32;985;31;36;33
TE279;26.01.2024;11;1.0;991;32;952;32;39;31
TE279;26.01.2024;12;1.0;979;30;945;30;34;29
TE279;26.01.2024;13;1.0;924;33;898;33;26;34
TE279;26.01.2024;14;1.0;888;35;875;35;13;34
TE279;26.01.2024;15;1.0;881;34;860;34;21;34
TE279;26.01.2024;16;1.0;851;34;833;34;18;35
TE279;26.01.2024;17;1.0;917;34;906;34;11;36
TE279;26.01.2024;18;1.0;918;42;909;42;9;44
TE279;26.01.2024;19;1.0;680;44;669;44;11;46
TE279;26.01.2024;20;1.0;597;44;590;44;7;44
TE279;26.01.2024;21;1.0;494;46;486;46;8;47
TE279;26.01.2024;22;1.0;310;42;305;42;5;49
TE279;26.01.2024;23;1.0;244;49;241;49;3;49
TE279;27.01.2024;0;1.0;180;52;173;52;7;51
TE279;27.01.2024;1;1.0;143;51;140;51;3;53
TE279;27.01.2024;2;1.0;103;51;101;51;2;46
TE279;27.01.2024;3;1.0;108;55;106;55;2;46
TE279;27.01.2024;4;1.0;121;52;116;52;5;50
TE279;27.01.2024;5;1.0;215;46;203;46;12;48
TE279;27.01.2024;6;1.0;273;48;269;48;4;51
TE279;27.01.2024;7;1.0;315;46;303;46;12;46
TE279;27.01.2024;8;1.0;435;47;422;47;13;47
TE279;27.01.2024;9;1.0;560;47;549;47;11;48
TE279;27.01.2024;10;1.0;683;47;676;47;7;47
TE279;27.01.2024;11;1.0;805;46;796;46;9;48
TE279;27.01.2024;12;1.0;989;45;982;45;7;45
TE279;27.01.2024;13;1.0;1026;40;1005;40;21;39
TE279;27.01.2024;14;1.0;1001;38;992;38;9;41
TE279;27.01.2024;15;1.0;1076;37;1061;37;15;36
TE279;27.01.2024;16;1.0;1033;37;1017;37;16;36
TE279;27.01.2024;17;1.0;1096;37;1085;37;11;36
TE279;27.01.2024;18;1.0;948;39;936;39;12;38
TE279;27.01.2024;19;1.0;767;42;761;42;6;44
TE279;27.01.2024;20;1.0;645;43;639;43;6;44
TE279;27.01.2024;21;1.0;459;44;454;44;5;43
TE279;27.01.2024;22;1.0;408;47;404;47;4;48
TE279;27.01.2024;23;1.0;269;46;264;46;5;48
TE279;28.01.2024;0;1.0;226;49;223;49;3;48
TE279;28.01.2024;1;1.0;176;48;174;48;2;46
TE279;28.01.2024;2;1.0;151;49;150;49;1;46
TE279;28.01.2024;3;1.0;109;49;107;49;2;45
TE279;28.01.2024;4;1.0;102;48;102;48;0;-1
TE279;28.01.2024;5;1.0;176;48;174;48;2;50
TE279;28.01.2024;6;1.0;147;48;141;48;6;49
TE279;28.01.2024;7;1.0;137;45;134;45;3;46
TE279;28.01.2024;8;1.0;250;44;250;44;0;-1
TE279;28.01.2024;9;1.0;362;44;359;44;3;44
TE279;28.01.2024;10;1.0;497;42;490;42;7;44
TE279;28.01.2024;11;1.0;586;41;579;41;7;41
TE279;28.01.2024;12;1.0;671;39;662;39;9;41
TE279;28.01.2024;13;1.0;825;39;815;39;10;39
TE279;28.01.2024;14;1.0;937;39;926;39;11;39
TE279;28.01.2024;15;1.0;927;39;917;39;10;41
TE279;28.01.2024;16;1.0;971;38;960;38;11;39
TE279;28.01.2024;17;1.0;877;39;869;39;8;39
TE279;28.01.2024;18;1.0;744;42;734;42;10;43
TE279;28.01.2024;19;1.0;534;44;528;44;6;44
TE279;28.01.2024;20;1.0;399;46;388;46;11;44
TE279;28.01.2024;21;1.0;303;47;298;47;5;45
TE279;28.01.2024;22;1.0;236;47;230;47;6;46
TE279;28.01.2024;23;1.0;172;48;169;48;3;47
TE279;29.01.2024;0;1.0;113;52;107;52;6;51
TE279;29.01.2024;1;1.0;98;51;95;51;3;49
TE279;29.01.2024;2;1.0;68;51;63;51;5;50
TE279;29.01.2024;3;1.0;95;50;85;50;10;49
TE279;29.01.2024;4;1.0;198;51;189;51;9;51
TE279;29.01.2024;5;1.0;629;43;611;43;18;43
TE279;29.01.2024;6;1.0;1128;30;1106;30;22;30
TE279;29.01.2024;7;1.0;1277;27;1249;27;28;28
TE279;29.01.2024;8;1.0;1112;28;1076;28;36;29
TE279;29.01.2024;9;1.0;870;29;813;29;57;30
TE279;29.01.2024;10;1.0;894;30;812;30;82;31
TE279;29.01.2024;11;1.0;977;29;908;29;69;30
TE279;29.01.2024;12;1.0;997;30;918;30;79;30
TE279;29.01.2024;13;1.0;974;29;940;29;34;30
TE279;29.01.2024;14;1.0;1029;29;999;29;30;29
TE279;29.01.2024;15;1.0;1033;29;1002;28;31;28
TE279;29.01.2024;19;1.0;602;41;594;41;8;41
TE279;29.01.2024;20;1.0;462;44;453;44;9;42
TE279;29.01.2024;21;1.0;353;41;348;41;5;45
TE279;29.01.2024;22;1.0;256;47;253;47;3;48
TE279;29.01.2024;23;1.0;147;49;144;49;3;49
TE279;30.01.2024;0;1.0;125;50;118;50;7;51
TE279;30.01.2024;1;1.0;100;50;95;50;5;49
TE279;30.01.2024;2;1.0;64;50;60;50;4;51
TE279;30.01.2024;3;1.0;82;51;76;51;6;53
TE279;30.01.2024;4;1.0;202;51;188;51;14;50
TE279;30.01.2024;5;1.0;598;43;579;43;19;42
TE279;30.01.2024;6;1.0;1148;30;1112;30;36;31
TE279;30.01.2024;7;1.0;1282;27;1247;27;35;28
TE279;30.01.2024;8;1.0;1163;29;1129;29;34;30
TE279;30.01.2024;9;1.0;993;29;942;29;51;29
TE279;30.01.2024;10;1.0;989;30;914;30;75;30
TE279;30.01.2024;11;1.0;930;30;868;30;62;30
TE279;30.01.2024;12;1.0;1003;29;945;29;58;29
TE279;30.01.2024;13;1.0;998;28;959;28;39;28
TE279;30.01.2024;14;1.0;1055;28;1026;28;29;28
TE279;30.01.2024;15;1.0;1013;29;992;29;21;29
TE279;30.01.2024;16;1.0;901;30;874;29;27;30
TE279;30.01.2024;17;1.0;881;31;858;31;23;31
TE279;30.01.2024;18;1.0;787;40;771;40;16;36
TE279;30.01.2024;19;1.0;675;44;667;44;8;45
TE279;30.01.2024;20;1.0;463;47;453;47;10;46
TE279;30.01.2024;21;1.0;355;48;347;48;8;48
TE279;30.01.2024;22;1.0;312;49;306;49;6;50
TE279;30.01.2024;23;1.0;184;50;179;50;5;48
TE279;31.01.2024;0;1.0;119;54;111;54;8;56
TE279;31.01.2024;1;1.0;105;55;94;55;11;55
TE279;31.01.2024;2;1.0;65;55;60;55;5;54
TE279;31.01.2024;3;1.0;89;54;80;54;9;59
TE279;31.01.2024;4;1.0;225;54;213;54;12;55
TE279;31.01.2024;5;1.0;589;47;576;47;13;46
TE279;31.01.2024;6;1.0;1073;34;1058;34;15;35
TE279;31.01.2024;7;1.0;1246;30;1219;30;27;32
TE279;31.01.2024;8;1.0;1056;32;1036;32;20;32
TE279;31.01.2024;9;1.0;939;30;922;30;17;28
TE279;31.01.2024;10;1.0;1004;29;970;29;34;30
TE279;31.01.2024;11;1.0;983;29;935;29;48;29
TE279;31.01.2024;12;1.0;1000;29;923;29;77;29
TE279;31.01.2024;13;1.0;1005;32;963;31;42;31
TE279;31.01.2024;14;1.0;1058;30;1024;30;34;31
TE279;31.01.2024;15;1.0;990;32;968;32;22;31
TE279;31.01.2024;16;1.0;848;33;826;33;22;32
TE279;31.01.2024;17;1.0;860;34;847;34;13;33
TE279;31.01.2024;18;1.0;809;42;803;42;6;38
TE279;31.01.2024;19;1.0;708;44;700;44;8;42
TE279;31.01.2024;20;1.0;575;46;569;46;6;46
TE279;31.01.2024;21;1.0;362;50;358;50;4;45
TE279;31.01.2024;22;1.0;457;49;449;49;8;47
TE279;31.01.2024;23;1.0;779;31;765;31;14;22
TE299;01.01.2024;0;1.0;20;54;16;54;3;72
TE299;01.01.2024;1;1.0;104;51;60;50;44;52
TE299;01.01.2024;2;1.0;167;50;159;49;8;51
TE299;01.01.2024;3;1.0;120;49;88;50;32;50
TE299;01.01.2024;4;1.0;81;52;37;52;44;52
TE299;01.01.2024;5;1.0;75;50;31;52;44;48
TE299;01.01.2024;6;1.0;63;55;52;56;11;51
TE299;01.01.2024;7;1.0;42;54;32;54;10;55
TE299;01.01.2024;8;1.0;39;43;26;51;13;25
TE299;01.01.2024;9;1.0;64;52;48;51;16;50
TE299;01.01.2024;10;1.0;85;50;73;50;12;48
TE299;01.01.2024;11;1.0;140;50;136;50;4;52
TE299;01.01.2024;12;1.0;222;50;222;50;0;-1
TE299;01.01.2024;13;1.0;247;50;245;50;2;48
TE299;01.01.2024;14;1.0;247;49;246;49;1;49
TE299;01.01.2024;15;1.0;225;49;225;49;0;-1
TE299;01.01.2024;16;1.0;278;49;275;49;3;51
TE299;01.01.2024;17;1.0;184;50;172;50;12;51
TE299;01.01.2024;18;1.0;188;49;162;49;26;49
TE299;01.01.2024;19;1.0;134;48;134;48;0;-1
TE299;01.01.2024;20;1.0;92;47;91;47;1;48
TE299;01.01.2024;21;1.0;90;51;88;51;2;49
TE299;01.01.2024;22;1.0;57;51;57;51;0;-1
TE299;01.01.2024;23;1.0;38;51;38;51;0;-1
TE299;02.01.2024;0;1.0;35;51;31;51;4;54
TE299;02.01.2024;1;1.0;18;56;16;56;2;55
TE299;02.01.2024;2;1.0;16;50;13;50;3;51
TE299;02.01.2024;3;1.0;29;52;26;52;3;49
TE299;02.01.2024;4;1.0;66;52;63;52;3;50
TE299;02.01.2024;5;1.0;176;50;167;49;9;51
TE299;02.01.2024;6;1.0;213;48;211;48;2;49
TE299;02.01.2024;7;1.0;222;45;216;45;6;46
TE299;02.01.2024;8;1.0;230;46;227;46;3;45
TE299;02.01.2024;9;1.0;232;47;229;47;3;47
TE299;02.01.2024;10;1.0;284;47;280;47;4;46
TE299;02.01.2024;11;1.0;315;48;305;47;10;46
TE299;02.01.2024;12;1.0;332;49;324;49;8;47
TE299;02.01.2024;13;1.0;297;48;297;48;0;-1
TE299;02.01.2024;14;1.0;303;49;302;49;1;49
TE299;02.01.2024;15;1.0;327;49;326;49;1;52
TE299;02.01.2024;16;1.0;333;48;326;48;7;49
TE299;02.01.2024;17;1.0;305;49;302;49;3;53
TE299;02.01.2024;18;1.0;257;50;245;50;12;52
TE299;02.01.2024;19;1.0;161;51;148;51;13;50
TE299;02.01.2024;20;1.0;123;48;121;48;2;51
TE299;02.01.2024;21;1.0;105;50;103;50;2;49
TE299;02.01.2024;22;1.0;85;51;85;51;0;-1
TE299;02.01.2024;23;1.0;52;53;50;53;2;48
TE299;03.01.2024;0;1.0;29;57;26;57;3;47
TE299;03.01.2024;1;1.0;31;52;28;53;3;50
TE299;03.01.2024;2;1.0;12;52;11;51;1;56
TE299;03.01.2024;3;1.0;24;54;20;54;4;55
TE299;03.01.2024;4;1.0;58;52;54;51;4;48
TE299;03.01.2024;5;1.0;229;52;215;52;14;52
TE299;03.01.2024;6;1.0;292;49;272;49;20;49
TE299;03.01.2024;7;1.0;332;48;320;48;12;51
TE299;03.01.2024;8;1.0;287;46;274;46;13;46
TE299;03.01.2024;9;1.0;385;46;362;46;23;48
TE299;03.01.2024;10;1.0;303;47;229;47;74;48
TE299;03.01.2024;11;1.0;315;46;255;46;60;47
TE299;03.01.2024;12;1.0;308;46;245;45;63;47
TE299;03.01.2024;13;1.0;344;45;326;45;18;47
TE299;03.01.2024;14;1.0;386;46;306;46;80;47
TE299;03.01.2024;15;1.0;455;46;445;46;10;48
TE299;03.01.2024;16;1.0;426;45;425;45;1;48
TE299;03.01.2024;17;1.0;309;45;307;45;2;46
TE299;03.01.2024;18;1.0;279;46;274;46;5;48
TE299;03.01.2024;19;1.0;233;47;232;47;1;49
TE299;03.01.2024;20;1.0;159;48;150;48;9;49
TE299;03.01.2024;21;1.0;147;51;135;51;12;52
TE299;03.01.2024;22;1.0;87;51;83;51;4;49
TE299;03.01.2024;23;1.0;60;52;53;52;7;49
TE299;04.01.2024;0;1.0;46;51;43;52;3;45
TE299;04.01.2024;1;1.0;28;52;23;53;5;50
TE299;04.01.2024;2;1.0;20;51;17;51;3;54
TE299;04.01.2024;3;1.0;30;56;26;55;4;60
TE299;04.01.2024;4;1.0;49;53;46;53;3;54
TE299;04.01.2024;5;1.0;198;52;195;52;3;51
TE299;04.01.2024;6;1.0;282;50;281;50;1;53
TE299;04.01.2024;7;1.0;293;50;283;50;10;49
TE299;04.01.2024;8;1.0;310;47;265;47;45;47
TE299;04.01.2024;9;1.0;284;49;252;50;32;49
TE299;04.01.2024;10;1.0;295;49;259;49;36;49
TE299;04.01.2024;11;1.0;304;48;287;48;17;49
TE299;04.01.2024;12;1.0;335;46;323;46;12;48
TE299;04.01.2024;13;1.0;323;48;315;48;8;48
TE299;04.01.2024;14;1.0;352;49;329;49;23;49
TE299;04.01.2024;15;1.0;353;48;333;48;20;50
TE299;04.01.2024;16;1.0;369;46;344;46;25;48
TE299;04.01.2024;17;1.0;363;47;353;46;10;48
TE299;04.01.2024;18;1.0;281;48;269;48;12;48
TE299;04.01.2024;19;1.0;183;48;166;48;17;47
TE299;04.01.2024;20;1.0;138;50;107;49;31;49
TE299;04.01.2024;21;1.0;117;51;109;51;8;50
TE299;04.01.2024;22;1.0;79;49;55;48;24;51
TE299;04.01.2024;23;1.0;53;52;51;52;2;48
TE299;05.01.2024;0;1.0;50;55;40;55;10;53
TE299;05.01.2024;1;1.0;34;52;32;52;2;50
TE299;05.01.2024;2;1.0;18;50;15;52;3;45
TE299;05.01.2024;3;1.0;30;51;26;51;4;51
TE299;05.01.2024;4;1.0;60;54;52;55;8;52
TE299;05.01.2024;5;1.0;198;54;180;54;18;53
TE299;05.01.2024;6;1.0;266;51;241;51;25;52
TE299;05.01.2024;7;1.0;227;49;204;49;23;50
TE299;05.01.2024;8;1.0;283;48;176;49;107;47
TE299;05.01.2024;9;1.0;258;49;226;49;32;48
TE299;05.01.2024;10;1.0;274;48;239;48;35;48
TE299;05.01.2024;11;1.0;301;49;237;49;64;49
TE299;05.01.2024;12;1.0;344;49;198;49;146;48
TE299;05.01.2024;13;1.0;324;48;254;48;70;48
TE299;05.01.2024;14;1.0;344;49;264;49;80;49
TE299;05.01.2024;15;1.0;351;48;253;48;98;49
TE299;05.01.2024;16;1.0;336;47;220;47;116;48
TE299;05.01.2024;17;1.0;325;47;276;48;49;48
TE299;05.01.2024;18;1.0;262;51;241;51;21;51
TE299;05.01.2024;19;1.0;206;51;196;51;10;50
TE299;05.01.2024;20;1.0;172;53;168;53;4;52
TE299;05.01.2024;21;1.0;117;53;110;53;7;54
TE299;05.01.2024;22;1.0;116;51;116;51;0;-1
TE299;05.01.2024;23;1.0;60;53;57;54;3;45
TE299;06.01.2024;0;1.0;56;53;53;53;3;52
TE299;06.01.2024;1;1.0;48;54;43;54;5;53
TE299;06.01.2024;2;1.0;21;53;18;52;3;56
TE299;06.01.2024;3;1.0;29;49;26;50;3;42
TE299;06.01.2024;4;1.0;49;51;40;52;9;50
TE299;06.01.2024;5;1.0;79;56;76;56;3;54
TE299;06.01.2024;6;1.0;73;55;67;55;6;53
TE299;06.01.2024;7;1.0;77;52;52;52;25;50
TE299;06.01.2024;8;1.0;116;51;112;51;4;52
TE299;06.01.2024;9;1.0;182;53;176;53;6;49
TE299;06.01.2024;10;1.0;258;50;242;50;16;50
TE299;06.01.2024;11;1.0;323;50;316;50;7;50
TE299;06.01.2024;12;1.0;341;50;331;50;10;49
TE299;06.01.2024;13;1.0;355;50;335;50;20;50
TE299;06.01.2024;14;1.0;394;50;372;50;22;51
TE299;06.01.2024;15;1.0;344;49;332;50;12;50
TE299;06.01.2024;16;1.0;326;50;301;50;25;50
TE299;06.01.2024;17;1.0;301;49;273;49;28;50
TE299;06.01.2024;18;1.0;267;51;257;51;10;50
TE299;06.01.2024;19;1.0;195;49;163;50;32;50
TE299;06.01.2024;20;1.0;168;50;153;50;15;50
TE299;06.01.2024;21;1.0;148;49;110;48;38;48
TE299;06.01.2024;22;1.0;125;48;83;49;42;46
TE299;06.01.2024;23;1.0;94;52;83;52;11;47
TE299;07.01.2024;0;1.0;82;52;67;52;15;53
TE299;07.01.2024;1;1.0;53;51;34;50;19;51
TE299;07.01.2024;2;1.0;40;53;36;53;4;55
TE299;07.01.2024;3;1.0;37;50;20;50;17;50
TE299;07.01.2024;4;1.0;43;54;21;52;22;56
TE299;07.01.2024;5;1.0;72;45;44;43;28;45
TE299;07.01.2024;6;1.0;62;50;24;49;38;50
TE299;07.01.2024;7;1.0;42;49;23;51;19;48
TE299;07.01.2024;8;1.0;68;50;28;48;40;52
TE299;07.01.2024;9;1.0;120;52;102;52;18;50
TE299;07.01.2024;10;1.0;173;49;126;50;47;48
TE299;07.01.2024;11;1.0;193;50;180;50;13;48
TE299;07.01.2024;12;1.0;257;50;215;49;42;49
TE299;07.01.2024;13;1.0;250;51;244;51;6;52
TE299;07.01.2024;14;1.0;296;51;289;51;7;50
TE299;07.01.2024;15;1.0;247;50;241;50;6;51
TE299;07.01.2024;16;1.0;266;48;254;48;12;48
TE299;07.01.2024;17;1.0;248;51;231;51;17;50
TE299;07.01.2024;18;1.0;232;53;225;53;7;51
TE299;07.01.2024;19;1.0;171;51;159;51;12;51
TE299;07.01.2024;20;1.0;148;50;119;51;29;49
TE299;07.01.2024;21;1.0;146;47;43;48;103;46
TE299;07.01.2024;22;1.0;96;38;5;32;91;38
TE299;07.01.2024;23;1.0;68;42;5;38;63;42
TE299;08.01.2024;0;1.0;65;47;9;38;56;48
TE299;08.01.2024;1;1.0;29;56;1;53;28;56
TE299;08.01.2024;2;1.0;27;43;3;41;24;44
TE299;08.01.2024;3;1.0;35;57;2;52;33;57
TE299;08.01.2024;4;1.0;75;44;3;31;72;44
TE299;08.01.2024;5;1.0;226;23;87;10;139;31
TE299;08.01.2024;6;1.0;335;47;22;35;313;48
TE299;08.01.2024;7;1.0;331;46;34;23;297;48
TE299;08.01.2024;8;1.0;259;44;28;27;231;46
TE299;08.01.2024;9;1.0;267;46;23;32;244;47
TE299;08.01.2024;10;1.0;283;36;41;27;242;37
TE299;08.01.2024;11;1.0;313;31;45;27;268;31
TE299;08.01.2024;12;1.0;290;33;30;28;260;34
TE299;08.01.2024;13;1.0;365;38;57;33;308;40
TE299;08.01.2024;14;1.0;360;34;39;26;321;35
TE299;08.01.2024;15;1.0;324;37;37;20;287;39
TE299;08.01.2024;16;1.0;303;37;32;23;271;39
TE299;08.01.2024;17;1.0;277;36;44;25;233;39
TE299;08.01.2024;18;1.0;272;37;26;24;246;39
TE299;08.01.2024;19;1.0;178;31;35;25;143;31
TE299;08.01.2024;20;1.0;140;29;17;26;123;29
TE299;08.01.2024;21;1.0;115;31;7;30;108;31
TE299;08.01.2024;22;1.0;79;31;8;29;71;31
TE299;08.01.2024;23;1.0;71;30;11;25;60;30
TE299;09.01.2024;0;1.0;63;31;3;31;60;31
TE299;09.01.2024;1;1.0;31;31;3;30;28;31
TE299;09.01.2024;2;1.0;16;31;1;29;15;31
TE299;09.01.2024;3;1.0;40;45;4;36;36;46
TE299;09.01.2024;4;1.0;72;51;4;41;68;51
TE299;09.01.2024;5;1.0;236;33;70;22;166;37
TE299;09.01.2024;6;1.0;322;41;34;31;288;42
TE299;09.01.2024;7;1.0;361;42;40;31;321;43
TE299;09.01.2024;8;1.0;338;42;30;34;308;43
TE299;09.01.2024;9;1.0;313;37;25;29;288;38
TE299;09.01.2024;10;1.0;287;40;34;33;253;41
TE299;09.01.2024;11;1.0;323;31;100;26;223;32
TE299;09.01.2024;12;1.0;348;39;59;39;289;39
TE299;09.01.2024;13;1.0;339;44;127;43;212;45
TE299;09.01.2024;14;1.0;399;37;93;38;306;38
TE299;09.01.2024;15;1.0;368;32;70;27;298;33
TE299;09.01.2024;16;1.0;326;33;35;25;291;34
TE299;09.01.2024;17;1.0;284;33;38;25;246;34
TE299;09.01.2024;18;1.0;276;34;23;27;253;34
TE299;09.01.2024;19;1.0;206;33;20;25;186;34
TE299;09.01.2024;20;1.0;147;33;12;26;135;33
TE299;09.01.2024;21;1.0;157;41;9;38;148;41
TE299;09.01.2024;22;1.0;130;36;33;27;97;38
TE299;09.01.2024;23;1.0;81;45;6;37;75;46
TE299;10.01.2024;0;1.0;38;54;3;46;35;55
TE299;10.01.2024;1;1.0;30;58;2;59;28;58
TE299;10.01.2024;2;1.0;35;49;1;23;34;50
TE299;10.01.2024;3;1.0;44;49;3;43;41;50
TE299;10.01.2024;4;1.0;80;38;2;30;78;38
TE299;10.01.2024;5;1.0;242;36;20;25;222;37
TE299;10.01.2024;6;1.0;330;39;20;27;310;39
TE299;10.01.2024;7;1.0;349;34;35;24;314;35
TE299;10.01.2024;8;1.0;328;38;37;26;291;39
TE299;10.01.2024;9;1.0;276;36;26;25;250;38
TE299;10.01.2024;10;1.0;303;35;32;28;271;35
TE299;10.01.2024;11;1.0;378;40;74;42;304;40
TE299;10.01.2024;12;1.0;324;46;216;46;108;46
TE299;10.01.2024;13;1.0;351;44;307;44;44;44
TE299;10.01.2024;14;1.0;400;44;291;44;109;46
TE299;10.01.2024;15;1.0;437;45;309;44;128;47
TE299;10.01.2024;16;1.0;421;39;67;32;354;40
TE299;10.01.2024;17;1.0;352;32;49;25;303;33
TE299;10.01.2024;18;1.0;304;37;32;26;272;38
TE299;10.01.2024;19;1.0;227;38;14;22;213;39
TE299;10.01.2024;20;1.0;157;38;16;25;141;39
TE299;10.01.2024;21;1.0;129;39;6;27;123;40
TE299;10.01.2024;22;1.0;89;40;2;32;87;40
TE299;10.01.2024;23;1.0;72;43;5;21;67;45
TE299;11.01.2024;0;1.0;51;44;1;24;50;44
TE299;11.01.2024;1;1.0;29;48;1;57;28;48
TE299;11.01.2024;2;1.0;22;44;2;42;20;44
TE299;11.01.2024;3;1.0;34;49;4;45;30;50
TE299;11.01.2024;4;1.0;73;39;3;30;70;39
TE299;11.01.2024;5;1.0;243;38;33;36;210;38
TE299;11.01.2024;6;1.0;337;33;61;30;276;34
TE299;11.01.2024;7;1.0;351;37;49;32;302;39
TE299;11.01.2024;8;1.0;355;39;38;29;317;40
TE299;11.01.2024;9;1.0;350;34;63;28;287;36
TE299;11.01.2024;10;1.0;332;36;32;33;300;36
TE299;11.01.2024;11;1.0;315;47;189;49;126;45
TE299;11.01.2024;12;1.0;326;51;295;51;31;51
TE299;11.01.2024;13;1.0;339;50;290;50;49;51
TE299;11.01.2024;14;1.0;383;48;345;48;38;49
TE299;11.01.2024;15;1.0;404;46;354;47;50;49
TE299;11.01.2024;16;1.0;403;46;343;45;60;48
TE299;11.01.2024;17;1.0;362;45;315;45;47;47
TE299;11.01.2024;18;1.0;285;47;279;47;6;48
TE299;11.01.2024;19;1.0;234;48;233;48;1;49
TE299;11.01.2024;20;1.0;166;49;162;49;4;48
TE299;11.01.2024;21;1.0;126;49;123;49;3;46
TE299;11.01.2024;22;1.0;116;48;116;48;0;-1
TE299;11.01.2024;23;1.0;82;51;80;52;2;48
TE299;12.01.2024;0;1.0;35;50;33;50;2;52
TE299;12.01.2024;1;1.0;24;49;21;49;3;47
TE299;12.01.2024;2;1.0;31;47;25;48;6;46
TE299;12.01.2024;3;1.0;38;51;31;50;7;58
TE299;12.01.2024;4;1.0;87;52;82;52;5;52
TE299;12.01.2024;5;1.0;223;52;219;52;4;52
TE299;12.01.2024;6;1.0;324;49;320;49;4;49
TE299;12.01.2024;7;1.0;323;45;302;45;21;46
TE299;12.01.2024;8;1.0;323;47;312;47;11;43
TE299;12.01.2024;9;1.0;295;41;244;41;51;41
TE299;12.01.2024;10;1.0;287;44;255;44;32;42
TE299;12.01.2024;11;1.0;297;49;292;49;5;46
TE299;12.01.2024;12;1.0;342;48;334;48;8;50
TE299;12.01.2024;13;1.0;331;49;328;49;3;49
TE299;12.01.2024;14;1.0;340;48;328;48;12;48
TE299;12.01.2024;15;1.0;381;47;364;47;17;49
TE299;12.01.2024;16;1.0;355;50;347;49;8;48
TE299;12.01.2024;17;1.0;341;49;331;49;10;49
TE299;12.01.2024;18;1.0;310;51;305;51;5;51
TE299;12.01.2024;19;1.0;236;50;231;50;5;51
TE299;12.01.2024;20;1.0;172;52;171;52;1;51
TE299;12.01.2024;21;1.0;167;50;163;50;4;49
TE299;12.01.2024;22;1.0;113;50;112;50;1;48
TE299;12.01.2024;23;1.0;79;51;78;51;1;52
TE299;13.01.2024;0;1.0;65;51;62;51;3;50
TE299;13.01.2024;1;1.0;48;54;45;54;3;53
TE299;13.01.2024;2;1.0;39;52;37;52;2;50
TE299;13.01.2024;3;1.0;34;54;31;54;3;48
TE299;13.01.2024;4;1.0;43;54;39;54;4;52
TE299;13.01.2024;5;1.0;69;51;68;51;1;53
TE299;13.01.2024;6;1.0;72;51;68;51;4;55
TE299;13.01.2024;7;1.0;71;51;65;51;6;53
TE299;13.01.2024;8;1.0;119;51;115;51;4;55
TE299;13.01.2024;9;1.0;191;52;184;52;7;50
TE299;13.01.2024;10;1.0;250;53;247;53;3;51
TE299;13.01.2024;11;1.0;331;50;328;50;3;51
TE299;13.01.2024;12;1.0;353;50;351;50;2;50
TE299;13.01.2024;13;1.0;406;49;403;49;3;50
TE299;13.01.2024;14;1.0;341;50;340;50;1;48
TE299;13.01.2024;15;1.0;337;52;323;52;14;52
TE299;13.01.2024;16;1.0;334;52;327;52;7;51
TE299;13.01.2024;17;1.0;320;51;302;51;18;49
TE299;13.01.2024;18;1.0;265;51;260;51;5;51
TE299;13.01.2024;19;1.0;191;52;189;52;2;50
TE299;13.01.2024;20;1.0;174;51;174;51;0;-1
TE299;13.01.2024;21;1.0;132;50;129;50;3;51
TE299;13.01.2024;22;1.0;113;49;113;49;0;-1
TE299;13.01.2024;23;1.0;84;52;83;52;1;49
TE299;14.01.2024;0;1.0;77;51;74;50;3;55
TE299;14.01.2024;1;1.0;64;50;58;50;6;50
TE299;14.01.2024;2;1.0;40;52;37;52;3;50
TE299;14.01.2024;3;1.0;29;55;28;56;1;50
TE299;14.01.2024;4;1.0;49;50;46;51;3;48
TE299;14.01.2024;5;1.0;54;51;51;51;3;53
TE299;14.01.2024;6;1.0;53;55;52;54;1;62
TE299;14.01.2024;7;1.0;45;51;45;51;0;-1
TE299;14.01.2024;8;1.0;70;53;70;53;0;-1
TE299;14.01.2024;9;1.0;139;50;138;50;1;54
TE299;14.01.2024;10;1.0;201;52;200;52;1;52
TE299;14.01.2024;11;1.0;222;51;221;51;1;48
TE299;14.01.2024;12;1.0;238;50;238;50;0;-1
TE299;14.01.2024;13;1.0;268;50;268;50;0;-1
TE299;14.01.2024;14;1.0;295;52;293;52;2;48
TE299;14.01.2024;15;1.0;294;49;293;49;1;48
TE299;14.01.2024;16;1.0;275;48;275;48;0;-1
TE299;14.01.2024;17;1.0;266;52;266;52;0;-1
TE299;14.01.2024;18;1.0;227;51;227;51;0;-1
TE299;14.01.2024;19;1.0;181;52;181;52;0;-1
TE299;14.01.2024;20;1.0;156;51;155;51;1;48
TE299;14.01.2024;21;1.0;102;54;98;54;4;51
TE299;14.01.2024;22;1.0;92;52;87;52;5;52
TE299;14.01.2024;23;1.0;46;56;46;56;0;-1
TE299;15.01.2024;0;1.0;33;54;31;54;2;54
TE299;15.01.2024;1;1.0;26;51;23;51;3;54
TE299;15.01.2024;2;1.0;20;54;16;54;4;52
TE299;15.01.2024;3;1.0;29;53;23;53;6;48
TE299;15.01.2024;4;1.0;62;55;61;55;1;51
TE299;15.01.2024;5;1.0;253;52;246;52;7;52
TE299;15.01.2024;6;1.0;326;48;321;48;5;47
TE299;15.01.2024;7;1.0;359;45;351;45;8;44
TE299;15.01.2024;8;1.0;322;45;312;45;10;46
TE299;15.01.2024;9;1.0;317;47;306;47;11;48
TE299;15.01.2024;10;1.0;305;47;291;47;14;48
TE299;15.01.2024;11;1.0;286;47;274;47;12;48
TE299;15.01.2024;12;1.0;298;47;295;47;3;47
TE299;15.01.2024;13;1.0;288;48;287;49;1;46
TE299;15.01.2024;14;1.0;310;48;309;48;1;49
TE299;15.01.2024;15;1.0;349;46;342;46;7;46
TE299;15.01.2024;16;1.0;369;45;365;45;4;46
TE299;15.01.2024;17;1.0;308;47;302;47;6;49
TE299;15.01.2024;18;1.0;278;45;220;45;58;45
TE299;15.01.2024;19;1.0;185;49;185;49;0;-1
TE299;15.01.2024;20;1.0;149;49;146;49;3;48
TE299;15.01.2024;21;1.0;88;48;85;48;3;47
TE299;15.01.2024;22;1.0;87;50;84;50;3;49
TE299;15.01.2024;23;1.0;44;51;44;51;0;-1
TE299;16.01.2024;0;1.0;34;51;28;51;6;52
TE299;16.01.2024;1;1.0;17;58;15;59;2;50
TE299;16.01.2024;2;1.0;9;46;7;45;2;52
TE299;16.01.2024;3;1.0;21;49;8;48;13;49
TE299;16.01.2024;4;1.0;95;47;8;51;87;47
TE299;16.01.2024;5;1.0;260;45;47;46;213;44
TE299;16.01.2024;6;1.0;415;46;130;46;285;46
TE299;16.01.2024;7;1.0;356;35;89;31;267;35
TE299;16.01.2024;8;1.0;262;26;65;23;197;27
TE299;16.01.2024;9;1.0;287;36;57;26;230;38
TE299;16.01.2024;10;1.0;311;39;45;33;266;40
TE299;16.01.2024;11;1.0;301;41;39;36;262;42
TE299;16.01.2024;12;1.0;299;32;78;31;221;32
TE299;16.01.2024;13;1.0;340;39;52;33;288;39
TE299;16.01.2024;14;1.0;323;41;233;45;90;33
TE299;16.01.2024;15;1.0;373;47;370;47;3;46
TE299;16.01.2024;16;1.0;328;45;299;45;29;47
TE299;16.01.2024;17;1.0;306;48;301;48;5;49
TE299;16.01.2024;18;1.0;261;47;254;47;7;48
TE299;16.01.2024;19;1.0;201;48;189;48;12;47
TE299;16.01.2024;20;1.0;159;50;143;50;16;50
TE299;16.01.2024;21;1.0;64;53;63;53;1;47
TE299;16.01.2024;22;1.0;128;52;110;52;18;48
TE299;16.01.2024;23;1.0;66;50;61;50;5;46
TE299;17.01.2024;0;1.0;38;46;28;48;10;42
TE299;17.01.2024;1;1.0;35;47;4;49;31;46
TE299;17.01.2024;2;1.0;40;46;12;46;28;46
TE299;17.01.2024;3;1.0;24;50;9;46;15;52
TE299;17.01.2024;4;1.0;97;48;29;49;68;48
TE299;17.01.2024;5;1.0;260;38;31;35;229;39
TE299;17.01.2024;6;1.0;361;37;35;36;326;37
TE299;17.01.2024;7;1.0;373;44;40;39;333;45
TE299;17.01.2024;8;1.0;345;43;26;26;319;44
TE299;17.01.2024;9;1.0;212;35;33;30;179;35
TE299;17.01.2024;10;1.0;293;31;55;23;238;33
TE299;17.01.2024;11;1.0;291;36;63;31;228;37
TE299;17.01.2024;12;1.0;340;42;60;42;280;42
TE299;17.01.2024;13;1.0;299;37;31;35;268;37
TE299;17.01.2024;14;1.0;367;35;67;33;300;36
TE299;17.01.2024;15;1.0;356;37;76;33;280;38
TE299;17.01.2024;16;1.0;349;39;72;35;277;40
TE299;17.01.2024;17;1.0;306;32;86;29;220;33
TE299;17.01.2024;18;1.0;299;46;36;39;263;48
TE299;17.01.2024;19;1.0;225;47;176;48;49;45
TE299;17.01.2024;20;1.0;151;50;96;50;55;49
TE299;17.01.2024;21;1.0;151;46;56;46;95;46
TE299;17.01.2024;22;1.0;115;50;68;51;47;48
TE299;17.01.2024;23;1.0;83;49;61;51;22;45
TE299;18.01.2024;0;1.0;36;48;21;50;15;46
TE299;18.01.2024;1;1.0;25;51;20;52;5;49
TE299;18.01.2024;2;1.0;27;48;25;48;2;51
TE299;18.01.2024;3;1.0;32;52;25;52;7;52
TE299;18.01.2024;4;1.0;83;53;76;53;7;52
TE299;18.01.2024;5;1.0;216;52;187;52;29;52
TE299;18.01.2024;6;1.0;301;50;189;50;112;50
TE299;18.01.2024;7;1.0;327;47;238;48;89;47
TE299;18.01.2024;8;1.0;306;47;252;47;54;48
TE299;18.01.2024;9;1.0;314;47;190;47;124;47
TE299;18.01.2024;10;1.0;293;47;278;47;15;47
TE299;18.01.2024;11;1.0;315;47;300;47;15;47
TE299;18.01.2024;12;1.0;316;48;301;47;15;48
TE299;18.01.2024;13;1.0;318;46;282;46;36;45
TE299;18.01.2024;14;1.0;333;43;305;43;28;43
TE299;18.01.2024;15;1.0;355;41;247;41;108;40
TE299;18.01.2024;16;1.0;370;28;95;20;275;30
TE299;18.01.2024;17;1.0;337;41;74;39;263;42
TE299;18.01.2024;18;1.0;315;31;119;22;196;36
TE299;18.01.2024;19;1.0;229;38;27;24;202;40
TE299;18.01.2024;20;1.0;156;44;7;22;149;45
TE299;18.01.2024;21;1.0;124;47;20;47;104;47
TE299;18.01.2024;22;1.0;123;43;26;45;97;44
TE299;18.01.2024;23;1.0;67;45;4;47;63;45
TE299;19.01.2024;0;1.0;66;41;7;46;59;40
TE299;19.01.2024;1;1.0;57;49;3;43;54;49
TE299;19.01.2024;2;1.0;32;44;2;28;30;45
TE299;19.01.2024;3;1.0;39;46;3;47;36;46
TE299;19.01.2024;4;1.0;68;34;7;25;61;35
TE299;19.01.2024;5;1.0;211;27;106;17;105;37
TE299;19.01.2024;6;1.0;285;41;23;42;262;41
TE299;19.01.2024;7;1.0;299;41;50;32;249;42
TE299;19.01.2024;8;1.0;325;34;96;23;229;38
TE299;19.01.2024;9;1.0;278;34;26;25;252;36
TE299;19.01.2024;10;1.0;308;38;25;36;283;38
TE299;19.01.2024;11;1.0;330;44;176;43;154;46
TE299;19.01.2024;12;1.0;348;46;306;46;42;46
TE299;19.01.2024;13;1.0;339;45;270;45;69;47
TE299;19.01.2024;14;1.0;428;43;74;41;354;43
TE299;19.01.2024;15;1.0;387;43;77;40;310;43
TE299;19.01.2024;16;1.0;339;40;41;39;298;41
TE299;19.01.2024;17;1.0;343;35;40;29;303;36
TE299;19.01.2024;18;1.0;332;41;27;29;305;42
TE299;19.01.2024;19;1.0;217;40;7;20;210;41
TE299;19.01.2024;20;1.0;175;44;4;22;171;44
TE299;19.01.2024;21;1.0;126;43;5;27;121;44
TE299;19.01.2024;22;1.0;119;45;2;30;117;45
TE299;19.01.2024;23;1.0;88;42;7;41;81;42
TE299;20.01.2024;0;1.0;79;44;11;35;68;46
TE299;20.01.2024;1;1.0;82;50;8;50;74;50
TE299;20.01.2024;2;1.0;40;55;12;54;28;56
TE299;20.01.2024;3;1.0;26;52;8;54;18;51
TE299;20.01.2024;4;1.0;51;54;24;53;27;55
TE299;20.01.2024;5;1.0;90;56;14;52;76;56
TE299;20.01.2024;6;1.0;85;46;2;51;83;45
TE299;20.01.2024;7;1.0;103;51;28;52;75;50
TE299;20.01.2024;8;1.0;170;50;56;49;114;50
TE299;20.01.2024;9;1.0;255;41;33;37;222;41
TE299;20.01.2024;10;1.0;334;50;282;49;52;54
TE299;20.01.2024;11;1.0;354;47;349;47;5;48
TE299;20.01.2024;12;1.0;356;49;356;49;0;-1
TE299;20.01.2024;13;1.0;410;47;198;45;212;47
TE299;20.01.2024;14;1.0;364;45;343;45;21;41
TE299;20.01.2024;15;1.0;341;48;341;48;0;-1
TE299;20.01.2024;16;1.0;340;47;340;47;0;-1
TE299;20.01.2024;17;1.0;348;45;344;45;4;45
TE299;20.01.2024;18;1.0;314;48;311;48;3;44
TE299;20.01.2024;19;1.0;228;47;200;47;28;44
TE299;20.01.2024;20;1.0;182;47;144;47;38;46
TE299;20.01.2024;21;1.0;139;47;98;46;41;46
TE299;20.01.2024;22;1.0;142;46;66;46;76;45
TE299;20.01.2024;23;1.0;114;48;29;47;85;48
TE299;21.01.2024;0;1.0;91;44;14;42;77;45
TE299;21.01.2024;1;1.0;65;31;7;28;58;32
TE299;21.01.2024;2;1.0;36;33;10;27;26;35
TE299;21.01.2024;3;1.0;51;53;3;55;48;53
TE299;21.01.2024;4;1.0;32;40;1;42;31;40
TE299;21.01.2024;5;1.0;62;32;15;28;47;32
TE299;21.01.2024;6;1.0;50;37;7;28;43;39
TE299;21.01.2024;7;1.0;50;34;5;33;45;34
TE299;21.01.2024;8;1.0;78;40;13;31;65;42
TE299;21.01.2024;9;1.0;157;44;11;43;146;44
TE299;21.01.2024;10;1.0;204;37;33;26;171;38
TE299;21.01.2024;11;1.0;250;44;29;47;221;43
TE299;21.01.2024;12;1.0;297;48;90;51;207;46
TE299;21.01.2024;13;1.0;333;49;82;50;251;48
TE299;21.01.2024;14;1.0;323;48;68;49;255;47
TE299;21.01.2024;15;1.0;322;48;107;48;215;48
TE299;21.01.2024;16;1.0;293;49;136;50;157;49
TE299;21.01.2024;17;1.0;285;49;169;49;116;49
TE299;21.01.2024;18;1.0;288;50;48;48;240;50
TE299;21.01.2024;19;1.0;207;52;53;53;154;51
TE299;21.01.2024;20;1.0;183;51;51;50;132;51
TE299;21.01.2024;21;1.0;103;52;81;52;22;52
TE299;21.01.2024;22;1.0;95;52;41;54;54;50
TE299;21.01.2024;23;1.0;66;53;59;53;7;51
TE299;22.01.2024;0;1.0;46;52;40;52;6;49
TE299;22.01.2024;1;1.0;24;53;19;52;5;56
TE299;22.01.2024;2;1.0;19;53;11;54;8;53
TE299;22.01.2024;3;1.0;31;54;21;55;10;51
TE299;22.01.2024;4;1.0;61;56;51;56;10;55
TE299;22.01.2024;5;1.0;243;55;151;55;92;54
TE299;22.01.2024;6;1.0;324;50;146;50;178;51
TE299;22.01.2024;7;1.0;361;46;286;45;75;48
TE299;22.01.2024;8;1.0;344;46;319;46;25;48
TE299;22.01.2024;9;1.0;337;46;280;46;57;47
TE299;22.01.2024;10;1.0;313;47;290;47;23;47
TE299;22.01.2024;11;1.0;301;48;273;48;28;49
TE299;22.01.2024;12;1.0;354;49;311;49;43;48
TE299;22.01.2024;13;1.0;308;46;250;47;58;47
TE299;22.01.2024;14;1.0;358;46;297;46;61;48
TE299;22.01.2024;15;1.0;408;46;359;46;49;48
TE299;22.01.2024;16;1.0;355;46;299;45;56;47
TE299;22.01.2024;17;1.0;344;46;340;46;4;48
TE299;22.01.2024;18;1.0;261;48;239;47;22;49
TE299;22.01.2024;19;1.0;202;47;184;47;18;49
TE299;22.01.2024;20;1.0;158;50;132;50;26;50
TE299;22.01.2024;21;1.0;111;49;83;49;28;49
TE299;22.01.2024;22;1.0;85;48;64;49;21;47
TE299;22.01.2024;23;1.0;49;48;20;48;29;47
TE299;23.01.2024;0;1.0;27;54;21;56;6;47
TE299;23.01.2024;1;1.0;23;48;20;48;3;49
TE299;23.01.2024;2;1.0;18;54;12;53;6;55
TE299;23.01.2024;3;1.0;33;51;11;50;22;51
TE299;23.01.2024;4;1.0;71;52;60;52;11;52
TE299;23.01.2024;5;1.0;239;51;230;51;9;55
TE299;23.01.2024;6;1.0;319;47;300;47;19;48
TE299;23.01.2024;7;1.0;330;45;311;45;19;49
TE299;23.01.2024;8;1.0;395;46;351;45;44;49
TE299;23.01.2024;9;1.0;334;48;99;45;235;49
TE299;23.01.2024;10;1.0;358;46;290;46;68;47
TE299;23.01.2024;11;1.0;385;46;343;46;42;47
TE299;23.01.2024;12;1.0;335;47;260;47;75;48
TE299;23.01.2024;13;1.0;307;46;270;46;37;47
TE299;23.01.2024;14;1.0;390;41;385;41;5;42
TE299;23.01.2024;15;1.0;348;38;292;38;56;40
TE299;23.01.2024;16;1.0;407;44;304;43;103;46
TE299;23.01.2024;17;1.0;319;43;197;42;122;46
TE299;23.01.2024;18;1.0;294;45;191;45;103;48
TE299;23.01.2024;19;1.0;239;48;112;46;127;50
TE299;23.01.2024;20;1.0;167;48;46;47;121;48
TE299;23.01.2024;21;1.0;164;49;22;44;142;50
TE299;23.01.2024;22;1.0;137;47;136;47;1;46
TE299;23.01.2024;23;1.0;67;49;51;49;16;48
TE299;24.01.2024;0;1.0;36;54;20;53;16;55
TE299;24.01.2024;1;1.0;18;51;16;52;2;51
TE299;24.01.2024;2;1.0;17;51;14;53;3;45
TE299;24.01.2024;3;1.0;32;53;27;54;5;50
TE299;24.01.2024;4;1.0;79;56;76;55;3;53
TE299;24.01.2024;5;1.0;251;53;242;53;9;55
TE299;24.01.2024;6;1.0;372;48;359;48;13;51
TE299;24.01.2024;7;1.0;392;45;377;45;15;47
TE299;24.01.2024;8;1.0;388;44;369;44;19;46
TE299;24.01.2024;9;1.0;342;43;254;43;88;45
TE299;24.01.2024;10;1.0;309;46;287;46;22;46
TE299;24.01.2024;11;1.0;318;46;293;46;25;46
TE299;24.01.2024;12;1.0;303;46;243;46;60;46
TE299;24.01.2024;13;1.0;340;45;297;45;43;46
TE299;24.01.2024;14;1.0;383;46;376;46;7;47
TE299;24.01.2024;15;1.0;404;45;358;45;46;47
TE299;24.01.2024;16;1.0;426;44;422;44;4;45
TE299;24.01.2024;17;1.0;353;46;337;46;16;49
TE299;24.01.2024;18;1.0;337;47;329;47;8;48
TE299;24.01.2024;19;1.0;313;48;299;48;14;49
TE299;24.01.2024;20;1.0;211;49;204;49;7;49
TE299;24.01.2024;21;1.0;152;49;141;49;11;50
TE299;24.01.2024;22;1.0;137;48;134;48;3;46
TE299;24.01.2024;23;1.0;70;52;65;52;5;52
TE299;25.01.2024;0;1.0;44;52;38;53;6;48
TE299;25.01.2024;1;1.0;24;52;20;52;4;48
TE299;25.01.2024;2;1.0;21;55;18;53;3;65
TE299;25.01.2024;3;1.0;37;53;32;52;5;54
TE299;25.01.2024;4;1.0;93;52;89;52;4;53
TE299;25.01.2024;5;1.0;245;53;237;53;8;54
TE299;25.01.2024;6;1.0;324;48;313;48;11;50
TE299;25.01.2024;7;1.0;386;45;361;45;25;47
TE299;25.01.2024;8;1.0;345;45;326;46;19;46
TE299;25.01.2024;9;1.0;313;44;299;44;14;45
TE299;25.01.2024;10;1.0;304;44;296;44;8;45
TE299;25.01.2024;11;1.0;349;45;339;45;10;46
TE299;25.01.2024;12;1.0;383;46;378;46;5;46
TE299;25.01.2024;13;1.0;335;43;325;43;10;45
TE299;25.01.2024;14;1.0;425;43;419;43;6;46
TE299;25.01.2024;15;1.0;392;43;385;43;7;43
TE299;25.01.2024;16;1.0;435;43;433;43;2;46
TE299;25.01.2024;17;1.0;384;45;380;45;4;46
TE299;25.01.2024;18;1.0;322;47;319;47;3;47
TE299;25.01.2024;19;1.0;263;46;261;46;2;49
TE299;25.01.2024;20;1.0;193;48;189;48;4;50
TE299;25.01.2024;21;1.0;142;47;142;47;0;-1
TE299;25.01.2024;22;1.0;93;45;93;45;0;-1
TE299;25.01.2024;23;1.0;73;52;72;52;1;48
TE299;26.01.2024;0;1.0;72;50;70;50;2;46
TE299;26.01.2024;1;1.0;21;46;18;47;3;43
TE299;26.01.2024;2;1.0;28;47;24;47;4;45
TE299;26.01.2024;3;1.0;33;46;28;47;5;46
TE299;26.01.2024;4;1.0;87;49;68;50;19;48
TE299;26.01.2024;5;1.0;243;51;223;51;20;52
TE299;26.01.2024;6;1.0;292;48;282;48;10;48
TE299;26.01.2024;7;1.0;365;45;351;45;14;47
TE299;26.01.2024;8;1.0;428;44;419;44;9;47
TE299;26.01.2024;9;1.0;364;48;359;48;5;45
TE299;26.01.2024;10;1.0;313;47;311;47;2;47
TE299;26.01.2024;11;1.0;342;48;337;48;5;47
TE299;26.01.2024;12;1.0;378;43;362;43;15;44
TE299;26.01.2024;13;1.0;394;46;390;46;4;46
TE299;26.01.2024;14;1.0;394;47;387;47;7;47
TE299;26.01.2024;15;1.0;414;46;413;46;1;51
TE299;26.01.2024;16;1.0;369;45;366;45;3;51
TE299;26.01.2024;17;1.0;400;44;397;44;3;44
TE299;26.01.2024;18;1.0;384;47;379;47;5;48
TE299;26.01.2024;19;1.0;251;48;248;48;3;48
TE299;26.01.2024;20;1.0;213;48;211;48;2;47
TE299;26.01.2024;21;1.0;160;49;130;49;30;49
TE299;26.01.2024;22;1.0;118;50;54;49;64;49
TE299;26.01.2024;23;1.0;79;50;43;52;36;49
TE299;27.01.2024;0;1.0;48;50;24;51;24;49
TE299;27.01.2024;1;1.0;12;47;3;32;9;52
TE299;27.01.2024;2;1.0;22;50;18;50;4;51
TE299;27.01.2024;3;1.0;11;49;10;48;1;53
TE299;27.01.2024;4;1.0;20;51;10;50;10;52
TE299;27.01.2024;5;1.0;45;47;20;44;25;50
TE299;27.01.2024;6;1.0;28;54;19;55;9;52
TE299;27.01.2024;7;1.0;66;50;36;50;30;52
TE299;27.01.2024;8;1.0;71;54;58;54;13;54
TE299;27.01.2024;9;1.0;133;51;122;51;11;51
TE299;27.01.2024;10;1.0;183;50;181;50;2;52
TE299;27.01.2024;11;1.0;206;51;206;51;0;-1
TE299;27.01.2024;12;1.0;230;51;229;51;1;49
TE299;27.01.2024;13;1.0;260;51;260;51;0;-1
TE299;27.01.2024;14;1.0;293;49;275;49;18;49
TE299;27.01.2024;15;1.0;238;48;225;48;13;50
TE299;27.01.2024;16;1.0;246;48;173;47;73;50
TE299;27.01.2024;17;1.0;228;51;127;50;101;52
TE299;27.01.2024;18;1.0;174;50;77;48;97;51
TE299;27.01.2024;19;1.0;124;51;36;48;88;51
TE299;27.01.2024;20;1.0;123;46;38;47;85;47
TE299;27.01.2024;21;1.0;87;47;48;49;39;45
TE299;27.01.2024;22;1.0;63;47;40;47;23;45
TE299;27.01.2024;23;1.0;72;39;17;41;55;39
TE299;28.01.2024;0;1.0;40;50;23;49;17;51
TE299;28.01.2024;1;1.0;50;47;11;43;39;49
TE299;28.01.2024;2;1.0;24;47;1;26;23;48
TE299;28.01.2024;3;1.0;14;36;0;-1;14;36
TE299;28.01.2024;4;1.0;22;32;2;33;20;32
TE299;28.01.2024;5;1.0;22;25;12;25;10;26
TE299;28.01.2024;6;1.0;9;23;4;22;5;23
TE299;28.01.2024;7;1.0;14;33;3;27;11;34
TE299;28.01.2024;8;1.0;36;46;20;42;16;51
TE299;28.01.2024;9;1.0;61;48;50;48;11;51
TE299;28.01.2024;10;1.0;93;45;93;45;0;-1
TE299;28.01.2024;11;1.0;167;47;158;47;9;47
TE299;28.01.2024;12;1.0;333;46;331;46;2;47
TE299;28.01.2024;13;1.0;416;47;414;47;2;47
TE299;28.01.2024;14;1.0;391;46;388;46;3;49
TE299;28.01.2024;15;1.0;374;46;372;46;2;46
TE299;28.01.2024;16;1.0;350;46;349;46;1;47
TE299;28.01.2024;17;1.0;342;47;223;46;119;49
TE299;28.01.2024;18;1.0;335;45;87;45;248;46
TE299;28.01.2024;19;1.0;245;37;31;34;214;37
TE299;28.01.2024;20;1.0;199;48;25;46;174;49
TE299;28.01.2024;21;1.0;148;49;89;48;59;49
TE299;28.01.2024;22;1.0;116;49;52;51;64;48
TE299;28.01.2024;23;1.0;103;50;11;45;92;51
TE299;29.01.2024;0;1.0;62;52;15;53;47;51
TE299;29.01.2024;1;1.0;33;50;5;40;28;52
TE299;29.01.2024;2;1.0;26;54;5;52;21;54
TE299;29.01.2024;3;1.0;37;53;8;56;29;52
TE299;29.01.2024;4;1.0;112;51;12;47;100;52
TE299;29.01.2024;5;1.0;238;39;13;28;225;40
TE299;29.01.2024;6;1.0;360;36;33;27;327;38
TE299;29.01.2024;7;1.0;315;38;29;25;286;39
TE299;29.01.2024;8;1.0;375;37;57;31;318;38
TE299;29.01.2024;9;1.0;385;45;173;43;212;46
TE299;29.01.2024;10;1.0;300;43;266;43;34;45
TE299;29.01.2024;11;1.0;345;44;331;44;14;44
TE299;29.01.2024;12;1.0;355;44;341;44;14;46
TE299;29.01.2024;13;1.0;372;43;352;43;20;44
TE299;29.01.2024;14;1.0;414;44;403;44;11;45
TE299;29.01.2024;15;1.0;418;42;414;42;4;46
TE299;29.01.2024;16;1.0;397;35;389;35;8;36
TE299;29.01.2024;17;1.0;398;37;278;35;120;40
TE299;29.01.2024;18;1.0;394;37;58;36;336;37
TE299;29.01.2024;19;1.0;264;39;32;32;232;40
TE299;29.01.2024;20;1.0;174;39;19;32;155;40
TE299;29.01.2024;21;1.0;135;42;20;43;115;42
TE299;29.01.2024;22;1.0;122;41;12;31;110;42
TE299;29.01.2024;23;1.0;69;49;40;46;29;53
TE299;30.01.2024;0;1.0;47;49;41;49;6;47
TE299;30.01.2024;1;1.0;32;43;0;-1;32;43
TE299;30.01.2024;2;1.0;26;45;1;53;25;45
TE299;30.01.2024;3;1.0;48;47;9;46;39;48
TE299;30.01.2024;4;1.0;81;35;5;28;76;36
TE299;30.01.2024;5;1.0;246;39;37;30;209;40
TE299;30.01.2024;6;1.0;331;40;33;34;298;40
TE299;30.01.2024;7;1.0;385;29;65;26;320;29
TE299;30.01.2024;8;1.0;402;39;50;30;352;40
TE299;30.01.2024;9;1.0;416;42;65;40;351;43
TE299;30.01.2024;10;1.0;318;45;238;44;80;47
TE299;30.01.2024;11;1.0;360;44;320;43;40;46
TE299;30.01.2024;12;1.0;356;44;332;44;24;45
TE299;30.01.2024;13;1.0;344;45;321;45;23;46
TE299;30.01.2024;14;1.0;399;45;359;45;40;47
TE299;30.01.2024;15;1.0;410;45;321;44;89;46
TE299;30.01.2024;16;1.0;424;44;323;43;101;46
TE299;30.01.2024;17;1.0;399;45;168;41;231;48
TE299;30.01.2024;18;1.0;326;47;170;47;156;49
TE299;30.01.2024;19;1.0;249;46;204;46;45;49
TE299;30.01.2024;20;1.0;157;50;121;50;36;51
TE299;30.01.2024;21;1.0;169;48;167;48;2;51
TE299;30.01.2024;22;1.0;113;48;95;49;18;49
TE299;30.01.2024;23;1.0;79;49;66;49;13;48
TE299;31.01.2024;0;1.0;36;52;30;53;6;48
TE299;31.01.2024;1;1.0;33;49;29;48;4;49
TE299;31.01.2024;2;1.0;23;48;17;48;6;50
TE299;31.01.2024;3;1.0;37;51;32;50;5;54
TE299;31.01.2024;4;1.0;65;51;61;51;4;53
TE299;31.01.2024;5;1.0;281;52;265;52;16;53
TE299;31.01.2024;6;1.0;345;50;323;50;22;51
TE299;31.01.2024;7;1.0;370;44;359;44;11;46
TE299;31.01.2024;8;1.0;398;44;384;44;14;46
TE299;31.01.2024;9;1.0;340;46;334;45;6;45
TE299;31.01.2024;10;1.0;361;46;355;46;6;45
TE299;31.01.2024;11;1.0;341;45;332;45;9;46
TE299;31.01.2024;12;1.0;321;46;313;46;8;47
TE299;31.01.2024;13;1.0;332;47;321;47;11;47
TE299;31.01.2024;14;1.0;373;46;366;46;7;47
TE299;31.01.2024;15;1.0;410;44;409;44;1;47
TE299;31.01.2024;16;1.0;434;46;430;45;4;46
TE299;31.01.2024;17;1.0;430;43;427;43;3;46
TE299;31.01.2024;18;1.0;323;45;321;45;2;49
TE299;31.01.2024;19;1.0;276;48;276;48;0;-1
TE299;31.01.2024;20;1.0;174;48;173;48;1;47
TE299;31.01.2024;21;1.0;126;47;124;47;2;48
TE299;31.01.2024;22;1.0;106;49;106;49;0;-1
TE299;31.01.2024;23;1.0;63;52;61;52;2;48
TE300;01.01.2024;0;1.0;170;45;170;45;0;-1
TE300;01.01.2024;1;1.0;311;44;311;44;0;-1
TE300;01.01.2024;2;1.0;312;45;312;45;0;-1
TE300;01.01.2024;3;1.0;263;44;256;44;7;43
TE300;01.01.2024;4;1.0;197;47;193;47;4;44
TE300;01.01.2024;5;1.0;151;48;150;48;1;43
TE300;01.01.2024;6;1.0;122;48;122;48;0;-1
TE300;01.01.2024;7;1.0;90;50;90;50;0;-1
TE300;01.01.2024;8;1.0;79;46;79;46;0;-1
TE300;01.01.2024;9;1.0;107;44;107;44;0;-1
TE300;01.01.2024;10;1.0;194;46;194;46;0;-1
TE300;01.01.2024;11;1.0;327;46;327;46;0;-1
TE300;01.01.2024;12;1.0;381;46;377;46;4;46
TE300;01.01.2024;13;1.0;395;47;395;47;0;-1
TE300;01.01.2024;14;1.0;401;45;401;45;0;-1
TE300;01.01.2024;15;1.0;364;45;364;45;0;-1
TE300;01.01.2024;16;1.0;390;47;387;47;3;46
TE300;01.01.2024;17;1.0;321;47;318;47;3;44
TE300;01.01.2024;18;1.0;334;48;331;48;3;44
TE300;01.01.2024;19;1.0;305;47;303;47;2;44
TE300;01.01.2024;20;1.0;230;45;230;45;0;-1
TE300;01.01.2024;21;1.0;210;48;210;48;0;-1
TE300;01.01.2024;22;1.0;196;48;196;48;0;-1
TE300;01.01.2024;23;1.0;130;46;129;46;1;49
TE300;02.01.2024;0;1.0;86;49;83;49;3;46
TE300;02.01.2024;1;1.0;58;49;58;49;0;-1
TE300;02.01.2024;2;1.0;37;46;36;46;1;43
TE300;02.01.2024;3;1.0;46;42;45;42;1;49
TE300;02.01.2024;4;1.0;47;46;46;46;1;42
TE300;02.01.2024;5;1.0;87;44;86;44;1;42
TE300;02.01.2024;6;1.0;181;49;181;49;0;-1
TE300;02.01.2024;7;1.0;261;45;253;46;8;46
TE300;02.01.2024;9;1.0;403;49;397;49;6;46
TE300;02.01.2024;10;1.0;459;47;451;47;8;46
TE300;02.01.2024;11;1.0;530;45;524;45;6;48
TE300;02.01.2024;12;1.0;545;45;537;45;8;46
TE300;02.01.2024;13;1.0;574;46;574;46;0;-1
TE300;02.01.2024;14;1.0;639;47;637;47;2;40
TE300;02.01.2024;15;1.0;716;47;714;47;2;42
TE300;02.01.2024;16;1.0;694;47;694;47;0;-1
TE300;02.01.2024;17;1.0;692;48;690;48;2;50
TE300;02.01.2024;18;1.0;658;48;653;48;5;51
TE300;02.01.2024;19;1.0;462;48;461;48;1;48
TE300;02.01.2024;20;1.0;325;49;325;49;0;-1
TE300;02.01.2024;21;1.0;220;45;220;45;0;-1
TE300;02.01.2024;22;1.0;240;45;239;45;1;48
TE300;02.01.2024;23;1.0;172;39;172;39;0;-1
TE300;03.01.2024;0;1.0;66;45;66;45;0;-1
TE300;03.01.2024;1;1.0;48;47;46;47;2;44
TE300;03.01.2024;2;1.0;36;45;33;44;3;48
TE300;03.01.2024;3;1.0;42;45;42;45;0;-1
TE300;03.01.2024;4;1.0;43;43;41;43;2;45
TE300;03.01.2024;5;1.0;108;45;108;45;0;-1
TE300;03.01.2024;6;1.0;198;47;186;48;12;44
TE300;03.01.2024;7;1.0;330;46;318;46;12;48
TE300;03.01.2024;8;1.0;496;45;484;45;12;45
TE300;03.01.2024;9;1.0;486;44;470;44;16;44
TE300;03.01.2024;10;1.0;513;44;496;44;17;44
TE300;03.01.2024;11;1.0;571;45;558;45;13;46
TE300;03.01.2024;12;1.0;575;44;556;43;19;44
TE300;03.01.2024;13;1.0;561;46;556;46;5;47
TE300;03.01.2024;14;1.0;677;46;667;46;10;46
TE300;03.01.2024;15;1.0;793;44;785;44;8;44
TE300;03.01.2024;16;1.0;754;45;751;45;3;42
TE300;03.01.2024;17;1.0;736;45;723;45;13;44
TE300;03.01.2024;18;1.0;688;45;682;45;6;45
TE300;03.01.2024;19;1.0;485;46;483;46;2;46
TE300;03.01.2024;20;1.0;372;47;367;47;5;47
TE300;03.01.2024;21;1.0;305;48;302;48;3;42
TE300;03.01.2024;22;1.0;302;46;300;46;2;47
TE300;03.01.2024;23;1.0;178;47;178;47;0;-1
TE300;04.01.2024;0;1.0;96;47;96;47;0;-1
TE300;04.01.2024;1;1.0;63;48;63;48;0;-1
TE300;04.01.2024;2;1.0;48;47;48;47;0;-1
TE300;04.01.2024;3;1.0;39;49;39;49;0;-1
TE300;04.01.2024;4;1.0;58;50;58;50;0;-1
TE300;04.01.2024;5;1.0;105;50;104;50;1;47
TE300;04.01.2024;6;1.0;195;51;193;51;2;38
TE300;04.01.2024;7;1.0;329;48;327;48;2;47
TE300;04.01.2024;8;1.0;508;47;497;47;11;47
TE300;04.01.2024;9;1.0;545;46;530;46;15;43
TE300;04.01.2024;10;1.0;526;45;515;45;11;46
TE300;04.01.2024;11;1.0;579;45;566;45;13;45
TE300;04.01.2024;12;1.0;627;45;618;45;9;43
TE300;04.01.2024;13;1.0;624;45;610;46;14;43
TE300;04.01.2024;14;1.0;676;45;667;45;9;44
TE300;04.01.2024;15;1.0;781;46;774;46;7;42
TE300;04.01.2024;16;1.0;731;45;720;45;11;45
TE300;04.01.2024;17;1.0;729;46;727;46;2;45
TE300;04.01.2024;18;1.0;730;47;722;47;8;45
TE300;04.01.2024;19;1.0;568;43;566;43;2;47
TE300;04.01.2024;20;1.0;416;48;411;48;5;46
TE300;04.01.2024;21;1.0;276;49;274;49;2;48
TE300;04.01.2024;22;1.0;290;48;288;48;2;46
TE300;04.01.2024;23;1.0;206;47;206;47;0;-1
TE300;05.01.2024;0;1.0;110;48;108;48;2;42
TE300;05.01.2024;1;1.0;82;49;82;49;0;-1
TE300;05.01.2024;2;1.0;60;43;58;43;2;50
TE300;05.01.2024;3;1.0;64;46;64;46;0;-1
TE300;05.01.2024;4;1.0;46;49;43;50;3;44
TE300;05.01.2024;5;1.0;106;48;106;48;0;-1
TE300;05.01.2024;6;1.0;166;51;162;51;4;44
TE300;05.01.2024;7;1.0;321;47;315;47;6;46
TE300;05.01.2024;8;1.0;427;48;426;48;1;49
TE300;05.01.2024;9;1.0;504;48;502;48;2;47
TE300;05.01.2024;10;1.0;564;46;559;46;5;45
TE300;05.01.2024;11;1.0;567;44;561;44;6;43
TE300;05.01.2024;12;1.0;627;45;619;45;8;44
TE300;05.01.2024;13;1.0;673;46;671;46;2;46
TE300;05.01.2024;14;1.0;747;45;737;45;10;44
TE300;05.01.2024;15;1.0;764;47;760;47;4;45
TE300;05.01.2024;16;1.0;689;45;682;45;7;47
TE300;05.01.2024;17;1.0;701;46;699;46;2;50
TE300;05.01.2024;18;1.0;656;48;654;48;2;48
TE300;05.01.2024;19;1.0;519;48;518;48;1;48
TE300;05.01.2024;20;1.0;393;51;391;51;2;51
TE300;05.01.2024;21;1.0;324;50;324;50;0;-1
TE300;05.01.2024;22;1.0;294;51;292;51;2;48
TE300;05.01.2024;23;1.0;258;50;258;50;0;-1
TE300;06.01.2024;0;1.0;191;50;189;50;2;49
TE300;06.01.2024;1;1.0;120;49;118;49;2;47
TE300;06.01.2024;2;1.0;89;49;89;49;0;-1
TE300;06.01.2024;3;1.0;69;48;68;48;1;46
TE300;06.01.2024;4;1.0;62;48;62;48;0;-1
TE300;06.01.2024;5;1.0;64;50;64;50;0;-1
TE300;06.01.2024;6;1.0;79;51;76;51;3;48
TE300;06.01.2024;7;1.0;94;48;90;48;4;48
TE300;06.01.2024;8;1.0;150;49;146;49;4;47
TE300;06.01.2024;9;1.0;274;47;273;47;1;52
TE300;06.01.2024;10;1.0;373;48;370;48;3;52
TE300;06.01.2024;11;1.0;441;46;440;46;1;46
TE300;06.01.2024;12;1.0;571;46;567;46;4;45
TE300;06.01.2024;13;1.0;598;46;595;46;3;47
TE300;06.01.2024;14;1.0;632;46;631;46;1;50
TE300;06.01.2024;15;1.0;645;46;644;46;1;50
TE300;06.01.2024;16;1.0;565;47;563;47;2;44
TE300;06.01.2024;17;1.0;615;47;612;47;3;47
TE300;06.01.2024;18;1.0;540;48;533;48;7;47
TE300;06.01.2024;19;1.0;416;48;411;48;5;47
TE300;06.01.2024;20;1.0;414;47;413;47;1;46
TE300;06.01.2024;21;1.0;358;48;358;48;0;-1
TE300;06.01.2024;22;1.0;337;48;337;48;0;-1
TE300;06.01.2024;23;1.0;301;49;301;49;0;-1
TE300;07.01.2024;0;1.0;199;48;199;48;0;-1
TE300;07.01.2024;1;1.0;146;50;146;50;0;-1
TE300;07.01.2024;2;1.0;110;51;110;51;0;-1
TE300;07.01.2024;3;1.0;84;48;83;48;1;46
TE300;07.01.2024;4;1.0;63;49;62;49;1;46
TE300;07.01.2024;5;1.0;63;48;61;48;2;46
TE300;07.01.2024;6;1.0;59;47;58;47;1;46
TE300;07.01.2024;7;1.0;57;49;57;49;0;-1
TE300;07.01.2024;8;1.0;106;50;106;50;0;-1
TE300;07.01.2024;9;1.0;180;49;179;49;1;46
TE300;07.01.2024;10;1.0;304;48;303;48;1;52
TE300;07.01.2024;11;1.0;384;47;384;47;0;-1
TE300;07.01.2024;12;1.0;476;48;476;48;0;-1
TE300;07.01.2024;13;1.0;479;48;479;48;0;-1
TE300;07.01.2024;14;1.0;513;47;511;47;2;47
TE300;07.01.2024;15;1.0;542;47;542;47;0;-1
TE300;07.01.2024;16;1.0;553;45;551;45;2;46
TE300;07.01.2024;17;1.0;496;49;490;49;6;45
TE300;07.01.2024;18;1.0;425;49;425;49;0;-1
TE300;07.01.2024;19;1.0;357;50;355;50;2;43
TE300;07.01.2024;20;1.0;313;50;310;50;3;50
TE300;07.01.2024;21;1.0;257;46;252;46;5;46
TE300;07.01.2024;22;1.0;237;48;234;48;3;47
TE300;07.01.2024;23;1.0;139;47;137;47;2;40
TE300;08.01.2024;0;1.0;68;46;64;46;4;47
TE300;08.01.2024;1;1.0;57;46;54;46;3;46
TE300;08.01.2024;2;1.0;24;49;22;50;2;40
TE300;08.01.2024;3;1.0;33;46;30;45;3;46
TE300;08.01.2024;4;1.0;50;47;42;47;8;45
TE300;08.01.2024;5;1.0;106;48;103;48;3;47
TE300;08.01.2024;6;1.0;253;44;251;44;2;46
TE300;08.01.2024;7;1.0;508;45;505;45;3;45
TE300;08.01.2024;8;1.0;601;45;593;45;8;45
TE300;08.01.2024;9;1.0;572;45;561;45;11;45
TE300;08.01.2024;10;1.0;506;41;498;41;9;39
TE300;08.01.2024;11;1.0;529;44;521;44;8;41
TE300;08.01.2024;12;1.0;554;45;544;45;10;40
TE300;08.01.2024;13;1.0;565;45;559;45;6;42
TE300;08.01.2024;14;1.0;654;45;644;45;10;44
TE300;08.01.2024;15;1.0;753;46;747;46;6;44
TE300;08.01.2024;16;1.0;755;45;752;45;3;42
TE300;08.01.2024;17;1.0;749;44;748;44;1;43
TE300;08.01.2024;19;1.0;528;46;521;46;7;45
TE300;08.01.2024;20;1.0;385;46;379;46;6;45
TE300;08.01.2024;21;1.0;270;47;267;47;3;43
TE300;08.01.2024;22;1.0;234;45;229;45;5;41
TE300;08.01.2024;23;1.0;141;46;141;46;0;-1
TE300;09.01.2024;0;1.0;92;44;90;45;2;45
TE300;09.01.2024;1;1.0;60;49;59;49;1;46
TE300;09.01.2024;2;1.0;47;49;46;49;1;46
TE300;09.01.2024;3;1.0;51;47;47;47;4;46
TE300;09.01.2024;4;1.0;43;47;41;47;2;41
TE300;09.01.2024;5;1.0;112;48;112;48;0;-1
TE300;09.01.2024;6;1.0;241;47;238;47;3;45
TE300;09.01.2024;7;1.0;522;46;516;46;6;45
TE300;09.01.2024;8;1.0;635;45;628;45;7;43
TE300;09.01.2024;9;1.0;644;46;632;46;12;45
TE300;09.01.2024;10;1.0;588;44;578;44;10;44
TE300;09.01.2024;11;1.0;616;45;613;45;3;44
TE300;09.01.2024;12;1.0;666;44;651;44;15;41
TE300;09.01.2024;13;1.0;599;44;584;44;15;43
TE300;09.01.2024;14;1.0;715;43;704;43;11;42
TE300;09.01.2024;16;1.0;760;38;752;38;9;35
TE300;09.01.2024;17;1.0;880;41;870;41;10;42
TE300;09.01.2024;18;1.0;862;44;859;44;3;45
TE300;09.01.2024;19;1.0;699;45;694;45;5;46
TE300;09.01.2024;20;1.0;515;46;511;46;4;45
TE300;09.01.2024;21;1.0;281;43;279;43;2;48
TE300;09.01.2024;22;1.0;261;46;259;46;2;48
TE300;09.01.2024;23;1.0;158;47;158;47;0;-1
TE300;10.01.2024;0;1.0;112;47;109;47;3;46
TE300;10.01.2024;1;1.0;57;46;56;46;1;38
TE300;10.01.2024;2;1.0;31;46;31;46;0;-1
TE300;10.01.2024;3;1.0;38;45;36;46;2;42
TE300;10.01.2024;4;1.0;47;47;45;47;2;48
TE300;10.01.2024;5;1.0;117;47;116;47;1;45
TE300;10.01.2024;6;1.0;275;48;274;48;1;45
TE300;10.01.2024;7;1.0;602;45;596;45;6;44
TE300;10.01.2024;8;1.0;719;34;716;35;3;30
TE300;10.01.2024;9;1.0;681;45;674;45;7;45
TE300;10.01.2024;10;1.0;610;44;599;44;11;43
TE300;10.01.2024;11;1.0;611;42;602;42;9;42
TE300;10.01.2024;12;1.0;599;44;586;44;13;43
TE300;10.01.2024;13;1.0;766;44;753;44;13;43
TE300;10.01.2024;14;1.0;804;44;798;44;6;45
TE300;10.01.2024;15;1.0;921;43;916;43;5;40
TE300;10.01.2024;16;1.0;961;42;949;42;12;44
TE300;10.01.2024;17;1.0;935;43;929;43;6;41
TE300;10.01.2024;18;1.0;861;44;857;44;4;45
TE300;10.01.2024;19;1.0;645;44;643;44;2;44
TE300;10.01.2024;20;1.0;443;45;438;45;5;46
TE300;10.01.2024;21;1.0;328;46;323;46;5;45
TE300;10.01.2024;22;1.0;300;47;294;47;6;45
TE300;10.01.2024;23;1.0;197;47;197;47;0;-1
TE300;11.01.2024;0;1.0;82;49;78;49;4;48
TE300;11.01.2024;1;1.0;63;47;63;47;0;-1
TE300;11.01.2024;2;1.0;43;47;42;47;1;45
TE300;11.01.2024;3;1.0;46;50;45;50;1;44
TE300;11.01.2024;4;1.0;43;50;42;50;1;44
TE300;11.01.2024;5;1.0;124;50;124;50;0;-1
TE300;11.01.2024;6;1.0;232;54;231;54;1;44
TE300;11.01.2024;7;1.0;552;50;548;50;4;46
TE300;11.01.2024;8;1.0;641;45;640;45;1;49
TE300;11.01.2024;9;1.0;615;48;612;48;3;50
TE300;11.01.2024;10;1.0;689;48;684;48;5;44
TE300;11.01.2024;11;1.0;621;45;619;45;2;41
TE300;11.01.2024;12;1.0;719;46;718;46;1;44
TE300;11.01.2024;13;1.0;729;48;726;48;3;48
TE300;11.01.2024;14;1.0;672;47;670;47;2;46
TE300;11.01.2024;15;1.0;849;46;847;46;2;45
TE300;11.01.2024;16;1.0;918;46;916;46;2;43
TE300;11.01.2024;17;1.0;892;45;891;45;1;40
TE300;11.01.2024;18;1.0;849;46;845;46;4;45
TE300;11.01.2024;19;1.0;644;47;641;47;3;46
TE300;11.01.2024;20;1.0;486;48;481;48;5;48
TE300;11.01.2024;21;1.0;316;49;315;49;1;49
TE300;11.01.2024;22;1.0;340;48;338;48;2;48
TE300;11.01.2024;23;1.0;217;49;217;49;0;-1
TE300;12.01.2024;0;1.0;135;49;135;49;0;-1
TE300;12.01.2024;1;1.0;75;47;74;47;1;50
TE300;12.01.2024;2;1.0;52;49;50;49;2;44
TE300;12.01.2024;3;1.0;51;48;48;48;3;52
TE300;12.01.2024;4;1.0;45;50;44;50;1;50
TE300;12.01.2024;5;1.0;120;50;119;50;1;46
TE300;12.01.2024;6;1.0;242;52;242;52;0;-1
TE300;12.01.2024;7;1.0;514;48;513;48;1;44
TE300;12.01.2024;8;1.0;620;48;619;48;1;46
TE300;12.01.2024;9;1.0;609;47;606;47;3;48
TE300;12.01.2024;10;1.0;580;49;575;49;5;49
TE300;12.01.2024;11;1.0;659;46;652;46;7;42
TE300;12.01.2024;12;1.0;645;45;641;45;4;44
TE300;12.01.2024;13;1.0;753;47;750;47;3;46
TE300;12.01.2024;14;1.0;789;47;785;47;4;46
TE300;12.01.2024;15;1.0;830;46;828;46;2;46
TE300;12.01.2024;16;1.0;824;46;820;46;4;44
TE300;12.01.2024;17;1.0;715;47;712;47;3;43
TE300;12.01.2024;18;1.0;728;47;724;47;4;47
TE300;12.01.2024;19;1.0;602;48;601;48;1;48
TE300;12.01.2024;20;1.0;469;49;466;49;3;46
TE300;12.01.2024;21;1.0;354;50;353;50;1;43
TE300;12.01.2024;22;1.0;431;47;427;47;4;46
TE300;12.01.2024;23;1.0;292;47;292;47;0;-1
TE300;13.01.2024;0;1.0;206;48;205;48;1;46
TE300;13.01.2024;1;1.0;158;47;158;47;0;-1
TE300;13.01.2024;2;1.0;99;48;99;48;0;-1
TE300;13.01.2024;3;1.0;69;47;69;47;0;-1
TE300;13.01.2024;4;1.0;66;48;65;48;1;46
TE300;13.01.2024;5;1.0;58;48;58;48;0;-1
TE300;13.01.2024;6;1.0;82;51;80;51;2;47
TE300;13.01.2024;7;1.0;108;49;108;49;0;-1
TE300;13.01.2024;8;1.0;157;50;156;50;1;51
TE300;13.01.2024;9;1.0;298;50;297;50;1;51
TE300;13.01.2024;10;1.0;350;51;348;51;2;49
TE300;13.01.2024;11;1.0;487;47;485;47;2;46
TE300;13.01.2024;12;1.0;587;46;587;46;0;-1
TE300;13.01.2024;13;1.0;643;47;640;47;3;46
TE300;13.01.2024;14;1.0;640;47;639;47;1;47
TE300;13.01.2024;15;1.0;707;48;706;48;1;42
TE300;13.01.2024;16;1.0;612;48;611;48;1;47
TE300;13.01.2024;17;1.0;636;48;635;48;1;45
TE300;13.01.2024;18;1.0;596;49;595;49;1;45
TE300;13.01.2024;19;1.0;550;48;548;48;2;49
TE300;13.01.2024;20;1.0;424;49;423;49;1;46
TE300;13.01.2024;21;1.0;400;50;400;50;0;-1
TE300;13.01.2024;22;1.0;329;49;329;49;0;-1
TE300;13.01.2024;23;1.0;354;49;353;49;1;44
TE300;14.01.2024;0;1.0;222;50;222;50;0;-1
TE300;14.01.2024;1;1.0;170;50;170;50;0;-1
TE300;14.01.2024;2;1.0;132;50;132;50;0;-1
TE300;14.01.2024;3;1.0;111;50;111;50;0;-1
TE300;14.01.2024;4;1.0;95;45;95;45;0;-1
TE300;14.01.2024;5;1.0;70;48;69;48;1;44
TE300;14.01.2024;6;1.0;54;49;54;49;0;-1
TE300;14.01.2024;7;1.0;61;47;61;47;0;-1
TE300;14.01.2024;8;1.0;116;50;115;50;1;47
TE300;14.01.2024;9;1.0;197;52;197;52;0;-1
TE300;14.01.2024;10;1.0;327;50;326;50;1;44
TE300;14.01.2024;11;1.0;417;48;417;48;0;-1
TE300;14.01.2024;12;1.0;522;49;521;49;1;47
TE300;14.01.2024;13;1.0;563;49;561;49;2;50
TE300;14.01.2024;14;1.0;515;49;515;49;0;-1
TE300;14.01.2024;15;1.0;545;48;544;48;1;47
TE300;14.01.2024;16;1.0;535;47;534;47;1;50
TE300;14.01.2024;17;1.0;505;49;504;49;1;53
TE300;14.01.2024;18;1.0;454;49;454;49;0;-1
TE300;14.01.2024;19;1.0;412;50;408;50;4;48
TE300;14.01.2024;20;1.0;271;50;271;50;0;-1
TE300;14.01.2024;21;1.0;265;49;265;49;0;-1
TE300;14.01.2024;22;1.0;230;49;227;49;3;49
TE300;14.01.2024;23;1.0;146;48;145;48;1;41
TE300;15.01.2024;0;1.0;79;49;78;49;1;51
TE300;15.01.2024;1;1.0;59;48;58;48;1;41
TE300;15.01.2024;2;1.0;24;50;23;50;1;52
TE300;15.01.2024;3;1.0;40;48;39;48;1;37
TE300;15.01.2024;4;1.0;42;49;42;49;0;-1
TE300;15.01.2024;5;1.0;102;48;102;48;0;-1
TE300;15.01.2024;6;1.0;222;51;219;52;3;47
TE300;15.01.2024;7;1.0;493;47;489;47;4;46
TE300;15.01.2024;8;1.0;576;47;571;47;5;48
TE300;15.01.2024;9;1.0;570;46;564;45;6;45
TE300;15.01.2024;10;1.0;506;47;498;47;8;45
TE300;15.01.2024;11;1.0;540;48;531;48;9;46
TE300;15.01.2024;12;1.0;546;45;540;45;6;52
TE300;15.01.2024;13;1.0;622;44;617;44;5;46
TE300;15.01.2024;14;1.0;773;41;763;41;10;44
TE300;15.01.2024;15;1.0;754;44;744;44;10;43
TE300;15.01.2024;16;1.0;742;47;736;47;6;45
TE300;15.01.2024;17;1.0;722;45;719;45;3;44
TE300;15.01.2024;18;1.0;699;46;692;46;7;43
TE300;15.01.2024;19;1.0;514;50;514;50;0;-1
TE300;15.01.2024;20;1.0;372;50;369;50;3;46
TE300;15.01.2024;21;1.0;286;50;284;50;2;46
TE300;15.01.2024;22;1.0;238;50;234;50;4;46
TE300;15.01.2024;23;1.0;158;49;156;49;2;47
TE300;16.01.2024;0;1.0;92;49;90;49;2;47
TE300;16.01.2024;1;1.0;55;44;55;44;0;-1
TE300;16.01.2024;2;1.0;13;35;11;34;2;43
TE300;16.01.2024;3;1.0;30;36;27;36;3;37
TE300;16.01.2024;4;1.0;31;39;27;39;4;44
TE300;16.01.2024;5;1.0;115;40;115;40;0;-1
TE300;16.01.2024;6;1.0;232;39;227;39;5;37
TE300;16.01.2024;7;1.0;527;38;525;38;2;35
TE300;16.01.2024;8;1.0;622;42;621;42;1;44
TE300;16.01.2024;9;1.0;590;45;586;45;4;45
TE300;16.01.2024;10;1.0;649;45;642;45;7;43
TE300;16.01.2024;11;1.0;610;44;602;44;8;46
TE300;16.01.2024;12;1.0;641;46;637;46;4;43
TE300;16.01.2024;13;1.0;720;46;710;46;10;45
TE300;16.01.2024;14;1.0;661;44;653;44;8;42
TE300;16.01.2024;15;1.0;879;46;875;46;4;43
TE300;16.01.2024;16;1.0;927;44;924;44;3;44
TE300;16.01.2024;17;1.0;813;45;813;45;0;-1
TE300;16.01.2024;18;1.0;826;46;825;46;1;43
TE300;16.01.2024;19;1.0;611;46;609;46;2;47
TE300;16.01.2024;20;1.0;403;49;401;49;2;50
TE300;16.01.2024;21;1.0;327;51;326;51;1;48
TE300;16.01.2024;22;1.0;355;48;351;48;4;48
TE300;16.01.2024;23;1.0;207;49;207;49;0;-1
TE300;17.01.2024;0;1.0;102;45;99;45;3;43
TE300;17.01.2024;1;1.0;72;47;71;47;1;43
TE300;17.01.2024;2;1.0;47;45;45;45;2;40
TE300;17.01.2024;3;1.0;40;43;39;43;1;38
TE300;17.01.2024;4;1.0;55;47;51;46;4;47
TE300;17.01.2024;5;1.0;110;45;109;45;1;51
TE300;17.01.2024;6;1.0;264;48;263;48;1;44
TE300;17.01.2024;7;1.0;618;43;615;43;3;43
TE300;17.01.2024;8;1.0;760;46;753;46;7;43
TE300;17.01.2024;9;1.0;724;46;709;46;15;44
TE300;17.01.2024;10;1.0;636;46;623;46;13;44
TE300;17.01.2024;11;1.0;623;46;609;46;14;45
TE300;17.01.2024;12;1.0;634;45;622;45;12;44
TE300;17.01.2024;13;1.0;756;46;747;46;9;43
TE300;17.01.2024;14;1.0;834;47;826;47;8;45
TE300;17.01.2024;15;1.0;817;46;810;46;7;45
TE300;17.01.2024;16;1.0;815;46;808;46;7;46
TE300;17.01.2024;17;1.0;811;46;809;46;2;43
TE300;17.01.2024;18;1.0;838;47;835;47;3;48
TE300;17.01.2024;19;1.0;693;45;690;45;3;45
TE300;17.01.2024;20;1.0;416;48;416;48;0;-1
TE300;17.01.2024;21;1.0;329;50;327;50;2;44
TE300;17.01.2024;22;1.0;285;49;280;49;5;47
TE300;17.01.2024;23;1.0;196;50;196;50;0;-1
TE300;18.01.2024;0;1.0;123;49;122;49;1;48
TE300;18.01.2024;1;1.0;59;49;56;50;3;46
TE300;18.01.2024;2;1.0;53;49;52;49;1;45
TE300;18.01.2024;3;1.0;43;50;42;50;1;45
TE300;18.01.2024;4;1.0;39;44;37;44;2;39
TE300;18.01.2024;5;1.0;123;50;123;50;0;-1
TE300;18.01.2024;6;1.0;251;52;247;52;4;50
TE300;18.01.2024;7;1.0;560;48;554;48;6;38
TE300;18.01.2024;8;1.0;727;47;721;47;6;46
TE300;18.01.2024;9;1.0;637;46;627;46;10;45
TE300;18.01.2024;12;1.0;643;45;634;45;9;45
TE300;18.01.2024;13;1.0;771;45;759;45;12;44
TE300;18.01.2024;14;1.0;835;44;826;44;9;42
TE300;18.01.2024;16;1.0;905;32;895;32;10;30
TE300;18.01.2024;17;1.0;903;39;900;39;3;42
TE300;18.01.2024;18;1.0;898;42;892;42;6;43
TE300;18.01.2024;21;1.0;371;45;368;45;3;43
TE300;18.01.2024;22;1.0;423;45;421;45;2;40
TE300;18.01.2024;23;1.0;263;45;261;45;2;42
TE300;19.01.2024;0;1.0;160;46;158;46;2;43
TE300;19.01.2024;1;1.0;86;44;84;45;2;36
TE300;19.01.2024;2;1.0;61;46;61;46;0;-1
TE300;19.01.2024;3;1.0;49;45;47;45;2;50
TE300;19.01.2024;4;1.0;45;44;45;44;0;-1
TE300;19.01.2024;5;1.0;118;44;118;44;0;-1
TE300;19.01.2024;6;1.0;259;46;255;46;4;47
TE300;19.01.2024;7;1.0;579;42;568;42;11;41
TE300;19.01.2024;8;1.0;669;43;662;43;7;43
TE300;19.01.2024;9;1.0;630;42;621;42;9;43
TE300;19.01.2024;10;1.0;691;42;675;42;16;42
TE300;19.01.2024;11;1.0;707;42;695;42;12;41
TE300;19.01.2024;12;1.0;737;43;727;43;10;41
TE300;19.01.2024;13;1.0;870;44;854;43;16;44
TE300;19.01.2024;14;1.0;904;43;887;43;17;43
TE300;19.01.2024;15;1.0;892;44;882;44;10;41
TE300;19.01.2024;16;1.0;800;46;798;46;2;50
TE300;19.01.2024;17;1.0;750;45;745;45;5;47
TE300;19.01.2024;18;1.0;722;47;721;47;1;48
TE300;19.01.2024;19;1.0;620;43;616;43;4;46
TE300;19.01.2024;20;1.0;454;43;448;43;6;40
TE300;19.01.2024;21;1.0;379;44;377;44;2;46
TE300;19.01.2024;22;1.0;425;46;423;46;2;47
TE300;19.01.2024;23;1.0;370;43;370;43;0;-1
TE300;20.01.2024;0;1.0;231;44;228;44;3;43
TE300;20.01.2024;1;1.0;183;45;182;45;1;43
TE300;20.01.2024;2;1.0;144;46;144;46;0;-1
TE300;20.01.2024;3;1.0;82;47;82;47;0;-1
TE300;20.01.2024;4;1.0;83;44;83;44;0;-1
TE300;20.01.2024;5;1.0;87;47;86;46;1;56
TE300;20.01.2024;6;1.0;80;46;80;46;0;-1
TE300;20.01.2024;7;1.0;110;45;109;45;1;45
TE300;20.01.2024;8;1.0;239;47;235;47;4;46
TE300;20.01.2024;9;1.0;353;47;350;47;3;45
TE300;20.01.2024;10;1.0;479;48;474;48;5;48
TE300;20.01.2024;11;1.0;564;46;556;46;8;44
TE300;20.01.2024;12;1.0;629;47;629;47;0;-1
TE300;20.01.2024;13;1.0;636;44;631;44;5;44
TE300;20.01.2024;14;1.0;716;45;715;45;1;44
TE300;20.01.2024;15;1.0;694;47;689;47;5;44
TE300;20.01.2024;16;1.0;670;45;667;45;3;45
TE300;20.01.2024;17;1.0;645;43;638;43;7;42
TE300;20.01.2024;18;1.0;590;44;586;44;4;43
TE300;20.01.2024;19;1.0;552;44;551;44;1;41
TE300;20.01.2024;20;1.0;404;45;400;45;4;42
TE300;20.01.2024;21;1.0;431;46;430;46;1;47
TE300;20.01.2024;22;1.0;384;46;381;46;3;46
TE300;20.01.2024;23;1.0;327;45;326;45;1;46
TE300;21.01.2024;0;1.0;271;46;271;46;0;-1
TE300;21.01.2024;1;1.0;181;46;179;46;2;43
TE300;21.01.2024;2;1.0;131;48;130;48;1;41
TE300;21.01.2024;3;1.0;115;49;115;49;0;-1
TE300;21.01.2024;4;1.0;62;52;61;53;1;41
TE300;21.01.2024;5;1.0;71;49;69;49;2;40
TE300;21.01.2024;6;1.0;67;51;67;51;0;-1
TE300;21.01.2024;7;1.0;70;49;70;49;0;-1
TE300;21.01.2024;8;1.0;129;50;128;50;1;62
TE300;21.01.2024;9;1.0;234;46;231;47;3;47
TE300;21.01.2024;10;1.0;347;47;342;47;5;45
TE300;21.01.2024;11;1.0;449;47;448;47;1;52
TE300;21.01.2024;12;1.0;476;44;475;44;1;40
TE300;21.01.2024;13;1.0;548;47;548;47;0;-1
TE300;21.01.2024;14;1.0;577;46;576;46;1;49
TE300;21.01.2024;15;1.0;490;45;487;45;3;43
TE300;21.01.2024;16;1.0;470;47;470;47;0;-1
TE300;21.01.2024;17;1.0;580;45;578;45;2;44
TE300;21.01.2024;18;1.0;530;46;529;46;1;44
TE300;21.01.2024;19;1.0;394;46;392;46;2;46
TE300;21.01.2024;20;1.0;314;46;314;46;0;-1
TE300;21.01.2024;21;1.0;303;47;301;47;2;50
TE300;21.01.2024;22;1.0;258;47;252;47;6;44
TE300;21.01.2024;23;1.0;132;46;129;46;3;44
TE300;22.01.2024;0;1.0;76;44;74;44;2;42
TE300;22.01.2024;1;1.0;62;46;61;46;1;44
TE300;22.01.2024;2;1.0;36;45;35;45;1;44
TE300;22.01.2024;3;1.0;42;46;41;47;1;20
TE300;22.01.2024;4;1.0;51;46;49;45;2;56
TE300;22.01.2024;5;1.0;125;46;123;47;2;44
TE300;22.01.2024;6;1.0;281;49;274;49;7;46
TE300;22.01.2024;7;1.0;614;45;597;45;17;45
TE300;22.01.2024;8;1.0;656;45;637;45;19;43
TE300;22.01.2024;9;1.0;677;44;666;44;11;45
TE300;22.01.2024;10;1.0;641;43;629;43;12;43
TE300;22.01.2024;11;1.0;635;44;612;44;23;46
TE300;22.01.2024;12;1.0;667;43;654;43;13;43
TE300;22.01.2024;13;1.0;665;45;653;45;12;45
TE300;22.01.2024;14;1.0;787;45;773;45;14;44
TE300;22.01.2024;15;1.0;910;44;898;44;12;45
TE300;22.01.2024;16;1.0;825;43;811;43;14;42
TE300;22.01.2024;17;1.0;936;44;929;44;7;44
TE300;22.01.2024;18;1.0;864;44;855;44;9;43
TE300;22.01.2024;19;1.0;571;45;568;45;3;45
TE300;22.01.2024;20;1.0;422;46;420;46;2;44
TE300;22.01.2024;21;1.0;276;47;273;47;3;47
TE300;22.01.2024;22;1.0;255;46;251;46;4;44
TE300;22.01.2024;23;1.0;187;44;187;44;0;-1
TE300;23.01.2024;0;1.0;115;45;111;45;4;43
TE300;23.01.2024;1;1.0;48;48;48;48;0;-1
TE300;23.01.2024;2;1.0;36;47;36;47;0;-1
TE300;23.01.2024;3;1.0;45;45;44;45;1;38
TE300;23.01.2024;4;1.0;44;45;43;45;1;38
TE300;23.01.2024;5;1.0;111;45;111;45;0;-1
TE300;23.01.2024;6;1.0;284;46;281;46;3;42
TE300;23.01.2024;7;1.0;583;44;577;44;6;45
TE300;23.01.2024;8;1.0;677;43;664;43;13;43
TE300;23.01.2024;9;1.0;746;44;727;44;19;44
TE300;23.01.2024;10;1.0;710;45;700;45;10;44
TE300;23.01.2024;11;1.0;728;45;711;45;17;45
TE300;23.01.2024;12;1.0;751;45;737;45;14;45
TE300;23.01.2024;13;1.0;730;45;714;45;16;44
TE300;23.01.2024;18;1.0;870;43;868;43;2;46
TE300;23.01.2024;19;1.0;670;43;666;43;4;40
TE300;23.01.2024;20;1.0;476;45;471;45;5;42
TE300;23.01.2024;21;1.0;349;47;349;47;0;-1
TE300;23.01.2024;22;1.0;282;47;281;47;1;43
TE300;23.01.2024;23;1.0;189;48;187;48;2;43
TE300;24.01.2024;0;1.0;93;48;92;48;1;43
TE300;24.01.2024;1;1.0;70;50;70;50;0;-1
TE300;24.01.2024;2;1.0;49;47;49;47;0;-1
TE300;24.01.2024;3;1.0;37;46;36;46;1;44
TE300;24.01.2024;4;1.0;54;38;46;38;8;40
TE300;24.01.2024;5;1.0;136;46;134;46;2;50
TE300;24.01.2024;6;1.0;291;45;287;45;4;50
TE300;24.01.2024;7;1.0;631;45;626;45;5;47
TE300;24.01.2024;8;1.0;723;42;711;42;12;44
TE300;24.01.2024;10;1.0;743;45;733;45;10;44
TE300;24.01.2024;11;1.0;637;44;616;44;21;43
TE300;24.01.2024;12;1.0;666;45;643;45;23;44
TE300;24.01.2024;13;1.0;798;43;781;43;17;44
TE300;24.01.2024;14;1.0;852;45;833;45;19;43
TE300;24.01.2024;15;1.0;956;43;947;43;9;43
TE300;24.01.2024;16;1.0;903;43;895;43;8;44
TE300;24.01.2024;17;1.0;898;43;891;43;7;44
TE300;24.01.2024;18;1.0;870;45;864;45;6;43
TE300;24.01.2024;19;1.0;700;45;695;45;5;44
TE300;24.01.2024;20;1.0;479;47;473;47;6;45
TE300;24.01.2024;21;1.0;390;46;386;46;4;42
TE300;24.01.2024;22;1.0;332;44;329;44;3;46
TE300;24.01.2024;23;1.0;248;46;246;46;2;44
TE300;25.01.2024;0;1.0;114;47;109;47;5;47
TE300;25.01.2024;1;1.0;86;48;84;47;2;48
TE300;25.01.2024;2;1.0;36;46;32;47;4;44
TE300;25.01.2024;3;1.0;55;48;52;48;3;45
TE300;25.01.2024;4;1.0;46;47;43;47;3;44
TE300;25.01.2024;5;1.0;137;47;136;47;1;47
TE300;25.01.2024;6;1.0;289;49;286;49;3;45
TE300;25.01.2024;7;1.0;642;45;627;45;15;46
TE300;25.01.2024;8;1.0;787;45;770;45;17;45
TE300;25.01.2024;9;1.0;733;43;719;43;14;43
TE300;25.01.2024;10;1.0;668;44;657;44;11;44
TE300;25.01.2024;11;1.0;677;45;673;45;4;44
TE300;25.01.2024;12;1.0;749;46;742;46;7;48
TE300;25.01.2024;13;1.0;771;43;762;43;9;43
TE300;25.01.2024;14;1.0;825;41;810;42;15;37
TE300;25.01.2024;15;1.0;913;42;908;42;5;40
TE300;25.01.2024;16;1.0;958;43;952;43;6;42
TE300;25.01.2024;17;1.0;917;45;910;45;7;43
TE300;25.01.2024;18;1.0;846;45;841;45;5;43
TE300;25.01.2024;19;1.0;653;47;652;47;1;47
TE300;25.01.2024;20;1.0;530;49;525;49;5;48
TE300;25.01.2024;21;1.0;363;48;362;48;1;45
TE300;25.01.2024;22;1.0;427;45;425;45;2;48
TE300;25.01.2024;23;1.0;274;44;272;44;2;44
TE300;26.01.2024;0;1.0;139;43;137;43;2;44
TE300;26.01.2024;1;1.0;86;44;84;44;2;38
TE300;26.01.2024;2;1.0;54;43;53;43;1;38
TE300;26.01.2024;3;1.0;52;45;51;45;1;39
TE300;26.01.2024;4;1.0;40;44;38;45;2;38
TE300;26.01.2024;5;1.0;145;46;142;46;3;42
TE300;26.01.2024;6;1.0;268;50;266;50;2;48
TE300;26.01.2024;7;1.0;554;44;545;44;9;45
TE300;26.01.2024;8;1.0;661;46;654;46;7;43
TE300;26.01.2024;9;1.0;665;48;657;48;8;47
TE300;26.01.2024;10;1.0;694;48;682;48;12;46
TE300;26.01.2024;11;1.0;742;47;735;47;7;46
TE300;26.01.2024;12;1.0;835;36;822;36;12;35
TE300;26.01.2024;13;1.0;763;43;753;43;10;32
TE300;26.01.2024;14;1.0;891;45;886;45;5;43
TE300;26.01.2024;15;1.0;965;46;962;46;3;46
TE300;26.01.2024;16;1.0;884;43;882;43;2;45
TE300;26.01.2024;17;1.0;849;42;843;42;6;43
TE300;26.01.2024;18;1.0;736;46;735;46;1;49
TE300;26.01.2024;19;1.0;586;46;584;46;2;46
TE300;26.01.2024;20;1.0;541;45;538;45;3;44
TE300;26.01.2024;21;1.0;427;46;426;46;1;42
TE300;26.01.2024;22;1.0;412;45;408;45;4;42
TE300;26.01.2024;23;1.0;333;45;328;45;5;44
TE300;27.01.2024;0;1.0;234;45;232;45;2;44
TE300;27.01.2024;1;1.0;161;45;159;45;2;48
TE300;27.01.2024;2;1.0;134;45;133;45;1;49
TE300;27.01.2024;3;1.0;91;47;91;47;0;-1
TE300;27.01.2024;4;1.0;68;46;65;46;3;41
TE300;27.01.2024;5;1.0;64;45;63;45;1;47
TE300;27.01.2024;6;1.0;102;50;101;50;1;46
TE300;27.01.2024;7;1.0;136;47;135;47;1;43
TE300;27.01.2024;8;1.0;214;48;212;48;2;46
TE300;27.01.2024;9;1.0;348;48;345;48;3;48
TE300;27.01.2024;10;1.0;469;47;468;47;1;44
TE300;27.01.2024;11;1.0;536;47;534;47;2;51
TE300;27.01.2024;12;1.0;639;47;637;47;2;44
TE300;27.01.2024;13;1.0;709;46;707;46;2;46
TE300;27.01.2024;14;1.0;727;44;722;44;5;45
TE300;27.01.2024;15;1.0;697;44;693;44;4;41
TE300;27.01.2024;16;1.0;688;43;677;43;11;42
TE300;27.01.2024;17;1.0;709;42;700;42;9;42
TE300;27.01.2024;18;1.0;668;43;660;43;8;42
TE300;27.01.2024;19;1.0;590;42;587;42;3;42
TE300;27.01.2024;20;1.0;479;43;477;43;2;44
TE300;27.01.2024;21;1.0;404;44;402;44;2;46
TE300;27.01.2024;22;1.0;417;44;416;44;1;42
TE300;27.01.2024;23;1.0;363;44;359;44;4;41
TE300;28.01.2024;0;1.0;260;45;257;45;3;39
TE300;28.01.2024;1;1.0;201;45;201;45;0;-1
TE300;28.01.2024;2;1.0;173;47;173;47;0;-1
TE300;28.01.2024;3;1.0;113;45;113;45;0;-1
TE300;28.01.2024;4;1.0;94;44;93;44;1;37
TE300;28.01.2024;5;1.0;74;46;71;46;3;44
TE300;28.01.2024;6;1.0;72;45;72;45;0;-1
TE300;28.01.2024;7;1.0;89;45;89;45;0;-1
TE300;28.01.2024;8;1.0;141;44;141;44;0;-1
TE300;28.01.2024;9;1.0;309;44;309;44;0;-1
TE300;28.01.2024;10;1.0;428;43;427;43;1;40
TE300;28.01.2024;11;1.0;486;43;484;43;2;41
TE300;28.01.2024;12;1.0;629;44;626;44;3;42
TE300;28.01.2024;13;1.0;655;44;652;44;3;41
TE300;28.01.2024;14;1.0;688;43;683;43;5;40
TE300;28.01.2024;15;1.0;677;43;673;43;4;44
TE300;28.01.2024;16;1.0;597;44;593;44;4;43
TE300;28.01.2024;17;1.0;577;41;571;41;6;42
TE300;28.01.2024;18;1.0;567;42;566;42;1;44
TE300;28.01.2024;19;1.0;421;43;420;43;1;40
TE300;28.01.2024;20;1.0;362;43;356;43;6;42
TE300;28.01.2024;21;1.0;322;44;322;44;0;-1
TE300;28.01.2024;22;1.0;278;43;276;43;2;38
TE300;28.01.2024;23;1.0;175;42;173;43;2;39
TE300;29.01.2024;0;1.0;78;43;76;43;2;40
TE300;29.01.2024;1;1.0;52;43;49;43;3;41
TE300;29.01.2024;2;1.0;25;47;23;47;2;43
TE300;29.01.2024;3;1.0;45;43;42;43;3;40
TE300;29.01.2024;4;1.0;51;42;48;42;3;36
TE300;29.01.2024;5;1.0;128;44;128;44;0;-1
TE300;29.01.2024;6;1.0;289;45;283;45;6;45
TE300;29.01.2024;7;1.0;615;42;603;42;12;44
TE300;29.01.2024;8;1.0;711;43;700;42;11;43
TE300;29.01.2024;9;1.0;694;42;682;42;12;42
TE300;29.01.2024;10;1.0;667;41;645;41;22;42
TE300;29.01.2024;11;1.0;620;40;596;40;24;42
TE300;29.01.2024;12;1.0;680;43;667;43;13;42
TE300;29.01.2024;13;1.0;719;42;700;42;19;42
TE300;29.01.2024;14;1.0;819;43;807;43;12;43
TE300;29.01.2024;15;1.0;886;43;877;43;9;43
TE300;29.01.2024;16;1.0;934;42;925;42;9;40
TE300;29.01.2024;17;1.0;809;42;802;42;7;41
TE300;29.01.2024;18;1.0;797;42;791;42;6;40
TE300;29.01.2024;19;1.0;588;44;583;44;5;43
TE300;29.01.2024;20;1.0;440;44;439;44;1;43
TE300;29.01.2024;21;1.0;300;44;297;44;3;43
TE300;29.01.2024;23;1.0;127;44;125;44;2;42
TE300;30.01.2024;0;1.0;84;45;82;45;2;42
TE300;30.01.2024;1;1.0;59;45;56;45;3;37
TE300;30.01.2024;2;1.0;28;46;27;46;1;32
TE300;30.01.2024;3;1.0;39;44;38;44;1;43
TE300;30.01.2024;4;1.0;38;47;36;47;2;44
TE300;30.01.2024;5;1.0;109;45;108;45;1;44
TE300;30.01.2024;6;1.0;273;45;267;45;6;44
TE300;30.01.2024;7;1.0;593;42;581;42;12;40
TE300;30.01.2024;8;1.0;729;43;715;43;14;41
TE300;30.01.2024;9;1.0;673;42;661;42;12;42
TE300;30.01.2024;10;1.0;609;42;597;42;12;43
TE300;30.01.2024;11;1.0;639;42;627;42;12;42
TE300;30.01.2024;12;1.0;680;43;672;43;8;41
TE300;30.01.2024;13;1.0;818;43;809;43;9;42
TE300;30.01.2024;14;1.0;785;42;775;42;10;44
TE300;30.01.2024;15;1.0;917;44;914;44;3;44
TE300;30.01.2024;16;1.0;939;43;931;43;8;42
TE300;30.01.2024;17;1.0;891;43;891;43;0;-1
TE300;30.01.2024;18;1.0;862;44;860;44;2;46
TE300;30.01.2024;19;1.0;668;46;667;46;1;42
TE300;30.01.2024;20;1.0;464;48;462;48;2;46
TE300;30.01.2024;21;1.0;361;47;359;47;2;41
TE300;30.01.2024;22;1.0;310;47;309;47;1;47
TE300;30.01.2024;23;1.0;173;46;172;46;1;46
TE300;31.01.2024;0;1.0;105;46;101;46;4;46
TE300;31.01.2024;1;1.0;61;49;57;49;4;52
TE300;31.01.2024;2;1.0;40;46;39;46;1;39
TE300;31.01.2024;3;1.0;53;46;52;46;1;50
TE300;31.01.2024;4;1.0;44;46;42;46;2;46
TE300;31.01.2024;5;1.0;109;47;109;47;0;-1
TE300;31.01.2024;6;1.0;254;52;248;52;6;53
TE300;31.01.2024;7;1.0;543;48;535;48;8;46
TE300;31.01.2024;8;1.0;662;48;658;48;4;48
TE300;31.01.2024;9;1.0;560;49;554;49;6;43
TE300;31.01.2024;10;1.0;662;45;647;45;15;44
TE300;31.01.2024;11;1.0;653;45;634;45;19;43
TE300;31.01.2024;12;1.0;694;44;677;44;17;42
TE300;31.01.2024;13;1.0;713;46;699;46;14;45
TE300;31.01.2024;14;1.0;828;42;819;42;8;47
TE300;31.01.2024;15;1.0;934;46;924;46;10;45
TE300;31.01.2024;16;1.0;883;45;870;45;13;48
TE300;31.01.2024;17;1.0;857;46;849;46;8;45
TE300;31.01.2024;18;1.0;895;46;889;46;6;43
TE300;31.01.2024;19;1.0;749;47;744;47;5;47
TE300;31.01.2024;20;1.0;416;50;415;50;1;47
TE300;31.01.2024;21;1.0;354;50;352;50;2;48
TE300;31.01.2024;22;1.0;382;48;378;48;4;46
TE300;31.01.2024;23;1.0;227;49;226;49;1;44
TE301;08.01.2024;11;1.0;669;47;648;47;21;49
TE301;08.01.2024;12;1.0;678;47;657;47;21;46
TE301;08.01.2024;13;1.0;670;47;642;46;28;46
TE301;08.01.2024;14;1.0;712;42;687;42;24;43
TE301;08.01.2024;17;1.0;773;35;760;35;14;32
TE301;08.01.2024;18;1.0;687;46;684;46;3;48
TE301;08.01.2024;19;1.0;511;47;488;46;23;46
TE301;08.01.2024;20;1.0;355;49;343;49;12;50
TE301;08.01.2024;21;1.0;242;49;235;49;7;49
TE301;08.01.2024;22;1.0;209;49;199;49;10;50
TE301;08.01.2024;23;1.0;119;47;116;47;3;49
TE301;09.01.2024;0;1.0;79;47;73;48;6;44
TE301;09.01.2024;1;1.0;57;46;56;46;1;53
TE301;09.01.2024;2;1.0;36;49;29;48;7;52
TE301;09.01.2024;3;1.0;30;49;29;50;1;43
TE301;09.01.2024;4;1.0;54;51;49;52;5;49
TE301;09.01.2024;5;1.0;125;52;119;53;6;48
TE301;09.01.2024;6;1.0;369;52;348;52;21;55
TE301;09.01.2024;7;1.0;703;48;690;48;13;50
TE301;09.01.2024;8;1.0;1005;47;990;47;15;47
TE301;09.01.2024;9;1.0;964;47;955;47;9;48
TE301;09.01.2024;10;1.0;856;47;835;47;21;47
TE301;09.01.2024;11;1.0;800;47;780;47;20;49
TE301;09.01.2024;12;1.0;732;47;713;47;19;47
TE301;09.01.2024;13;1.0;744;48;732;48;12;47
TE301;09.01.2024;14;1.0;841;47;821;47;20;46
TE301;09.01.2024;15;1.0;1054;44;1033;44;21;45
TE301;09.01.2024;16;1.0;1099;43;1083;43;16;44
TE301;09.01.2024;17;1.0;910;43;868;43;42;44
TE301;09.01.2024;18;1.0;769;42;752;42;17;44
TE301;09.01.2024;19;1.0;520;48;509;48;11;48
TE301;09.01.2024;20;1.0;345;48;336;48;9;50
TE301;09.01.2024;21;1.0;298;47;287;47;11;50
TE301;09.01.2024;22;1.0;254;47;235;47;19;44
TE301;09.01.2024;23;1.0;132;50;126;50;6;45
TE301;10.01.2024;0;1.0;85;50;82;50;3;55
TE301;10.01.2024;1;1.0;53;50;51;51;2;43
TE301;10.01.2024;2;1.0;35;49;33;50;2;46
TE301;10.01.2024;3;1.0;26;50;25;50;1;38
TE301;10.01.2024;4;1.0;51;51;44;51;7;44
TE301;10.01.2024;5;1.0;134;51;132;51;2;56
TE301;10.01.2024;6;1.0;387;51;377;51;10;50
TE301;10.01.2024;7;1.0;796;49;774;49;22;50
TE301;10.01.2024;8;1.0;1106;44;1090;44;16;42
TE301;10.01.2024;9;1.0;988;48;975;48;13;49
TE301;10.01.2024;10;1.0;872;48;852;48;20;48
TE301;10.01.2024;11;1.0;864;47;844;47;20;47
TE301;10.01.2024;12;1.0;873;45;852;45;21;46
TE301;10.01.2024;14;1.0;979;46;963;46;16;46
TE301;10.01.2024;15;1.0;1115;44;1099;44;16;43
TE301;10.01.2024;16;1.0;1167;42;1150;42;17;43
TE301;10.01.2024;17;1.0;1104;38;1092;38;12;38
TE301;10.01.2024;19;1.0;597;47;589;47;8;48
TE301;10.01.2024;20;1.0;422;49;409;49;13;50
TE301;10.01.2024;21;1.0;325;50;300;49;25;51
TE301;10.01.2024;22;1.0;217;50;195;51;22;50
TE301;10.01.2024;23;1.0;148;48;137;48;11;48
TE301;11.01.2024;0;1.0;76;49;73;48;3;50
TE301;11.01.2024;1;1.0;45;50;41;50;4;44
TE301;11.01.2024;2;1.0;24;53;22;53;2;50
TE301;11.01.2024;3;1.0;32;53;32;53;0;-1
TE301;11.01.2024;4;1.0;47;47;44;48;3;44
TE301;11.01.2024;5;1.0;127;55;124;55;3;59
TE301;11.01.2024;6;1.0;330;57;318;57;12;58
TE301;11.01.2024;7;1.0;751;52;745;52;6;54
TE301;11.01.2024;8;1.0;1108;41;1067;41;41;43
TE301;11.01.2024;9;1.0;1048;46;1011;46;37;50
TE301;11.01.2024;10;1.0;927;48;914;48;13;48
TE301;11.01.2024;11;1.0;800;49;790;49;10;51
TE301;11.01.2024;12;1.0;838;50;807;50;31;53
TE301;11.01.2024;13;1.0;892;49;849;49;43;53
TE301;11.01.2024;14;1.0;1055;45;1028;45;27;47
TE301;11.01.2024;15;1.0;1138;44;1134;44;4;44
TE301;11.01.2024;16;1.0;1149;42;1148;42;1;49
TE301;11.01.2024;17;1.0;962;43;960;43;2;42
TE301;11.01.2024;18;1.0;1123;41;1116;41;7;41
TE301;11.01.2024;19;1.0;672;47;666;47;6;47
TE301;11.01.2024;20;1.0;387;49;375;49;12;53
TE301;11.01.2024;21;1.0;302;51;297;51;5;52
TE301;11.01.2024;22;1.0;269;51;258;51;11;51
TE301;11.01.2024;23;1.0;154;51;146;51;8;56
TE301;12.01.2024;0;1.0;97;48;91;49;6;45
TE301;12.01.2024;1;1.0;60;48;56;48;4;48
TE301;12.01.2024;2;1.0;50;54;48;54;2;60
TE301;12.01.2024;3;1.0;40;51;38;51;2;52
TE301;12.01.2024;4;1.0;53;49;46;49;7;46
TE301;12.01.2024;5;1.0;132;53;125;53;7;53
TE301;12.01.2024;6;1.0;337;53;331;53;6;54
TE301;12.01.2024;7;1.0;609;50;600;50;9;54
TE301;12.01.2024;8;1.0;992;45;989;45;3;49
TE301;12.01.2024;9;1.0;907;48;900;48;7;49
TE301;12.01.2024;10;1.0;846;48;828;48;18;50
TE301;12.01.2024;11;1.0;773;50;765;50;8;46
TE301;12.01.2024;12;1.0;840;48;819;48;21;53
TE301;12.01.2024;13;1.0;971;47;966;47;5;50
TE301;12.01.2024;14;1.0;1121;46;1111;46;10;48
TE301;12.01.2024;15;1.0;1050;47;1043;47;7;49
TE301;12.01.2024;16;1.0;1001;45;990;45;11;44
TE301;12.01.2024;17;1.0;1039;43;1025;43;14;44
TE301;12.01.2024;18;1.0;952;45;948;45;4;47
TE301;12.01.2024;19;1.0;679;48;674;48;5;49
TE301;12.01.2024;20;1.0;468;49;451;49;17;51
TE301;12.01.2024;21;1.0;334;49;310;49;24;52
TE301;12.01.2024;22;1.0;337;50;323;50;14;49
TE301;12.01.2024;23;1.0;229;49;218;48;11;51
TE301;13.01.2024;0;1.0;168;49;164;49;4;47
TE301;13.01.2024;1;1.0;117;50;116;50;1;43
TE301;13.01.2024;2;1.0;67;51;66;51;1;59
TE301;13.01.2024;3;1.0;52;51;48;51;4;53
TE301;13.01.2024;4;1.0;42;50;41;50;1;45
TE301;13.01.2024;5;1.0;75;51;71;50;4;54
TE301;13.01.2024;6;1.0;76;51;74;51;2;50
TE301;13.01.2024;7;1.0;116;50;111;50;5;52
TE301;13.01.2024;8;1.0;197;53;193;53;4;56
TE301;13.01.2024;9;1.0;394;51;386;51;8;54
TE301;13.01.2024;10;1.0;602;52;601;52;1;59
TE301;13.01.2024;11;1.0;699;50;681;50;18;52
TE301;13.01.2024;12;1.0;819;48;788;48;31;49
TE301;13.01.2024;13;1.0;938;46;923;46;15;48
TE301;13.01.2024;14;1.0;955;46;938;46;17;46
TE301;13.01.2024;15;1.0;1005;46;979;46;26;47
TE301;13.01.2024;16;1.0;761;47;734;47;27;49
TE301;13.01.2024;17;1.0;793;46;774;46;19;47
TE301;13.01.2024;18;1.0;738;47;722;47;16;50
TE301;13.01.2024;19;1.0;562;49;547;49;15;52
TE301;13.01.2024;20;1.0;466;50;448;50;18;51
TE301;13.01.2024;21;1.0;331;50;317;50;14;52
TE301;13.01.2024;22;1.0;296;49;272;49;24;52
TE301;13.01.2024;23;1.0;220;49;210;49;10;51
TE301;14.01.2024;0;1.0;192;50;192;50;0;-1
TE301;14.01.2024;1;1.0;140;50;139;50;1;40
TE301;14.01.2024;2;1.0;119;49;119;49;0;-1
TE301;14.01.2024;3;1.0;74;50;74;50;0;-1
TE301;14.01.2024;4;1.0;62;48;60;47;2;44
TE301;14.01.2024;5;1.0;58;52;57;52;1;53
TE301;14.01.2024;6;1.0;58;51;58;51;0;-1
TE301;14.01.2024;7;1.0;69;50;68;50;1;56
TE301;14.01.2024;8;1.0;112;53;110;53;2;50
TE301;14.01.2024;9;1.0;224;53;223;53;1;57
TE301;14.01.2024;10;1.0;389;54;374;54;15;55
TE301;14.01.2024;11;1.0;443;54;428;54;15;58
TE301;14.01.2024;12;1.0;529;51;511;51;18;52
TE301;14.01.2024;13;1.0;729;50;716;50;13;54
TE301;14.01.2024;14;1.0;718;50;686;51;32;53
TE301;14.01.2024;15;1.0;730;48;674;48;56;49
TE301;14.01.2024;16;1.0;779;46;761;46;18;48
TE301;14.01.2024;17;1.0;672;49;649;49;23;53
TE301;14.01.2024;18;1.0;558;50;540;50;18;54
TE301;14.01.2024;19;1.0;487;52;484;52;3;51
TE301;14.01.2024;20;1.0;351;51;346;51;5;51
TE301;14.01.2024;21;1.0;255;52;228;52;27;56
TE301;14.01.2024;22;1.0;207;52;197;52;10;55
TE301;14.01.2024;23;1.0;155;48;150;48;5;55
TE301;15.01.2024;0;1.0;91;52;87;53;4;47
TE301;15.01.2024;1;1.0;43;56;41;56;2;53
TE301;15.01.2024;2;1.0;40;55;37;54;3;62
TE301;15.01.2024;3;1.0;56;40;52;40;4;42
TE301;15.01.2024;4;1.0;56;51;51;51;5;50
TE301;15.01.2024;5;1.0;132;52;129;52;3;61
TE301;15.01.2024;6;1.0;383;50;369;49;14;55
TE301;15.01.2024;7;1.0;525;37;509;37;16;36
TE301;15.01.2024;8;1.0;830;45;812;45;18;34
TE301;15.01.2024;9;1.0;905;47;858;47;47;49
TE301;15.01.2024;10;1.0;812;47;787;47;25;49
TE301;15.01.2024;11;1.0;728;50;683;50;45;53
TE301;15.01.2024;12;1.0;717;51;679;50;38;54
TE301;15.01.2024;13;1.0;670;51;623;51;47;53
TE301;15.01.2024;14;1.0;797;50;777;50;20;54
TE301;15.01.2024;15;1.0;930;49;916;48;14;52
TE301;15.01.2024;16;1.0;914;47;898;47;16;49
TE301;15.01.2024;17;1.0;814;46;792;46;22;48
TE301;15.01.2024;18;1.0;738;47;732;47;6;45
TE301;15.01.2024;19;1.0;513;50;504;50;9;53
TE301;15.01.2024;20;1.0;303;53;295;53;8;54
TE301;15.01.2024;21;1.0;268;51;249;51;19;48
TE301;15.01.2024;22;1.0;176;53;170;53;6;53
TE301;15.01.2024;23;1.0;96;53;93;53;3;47
TE301;16.01.2024;0;1.0;50;52;45;52;5;49
TE301;16.01.2024;1;1.0;44;54;37;53;7;54
TE301;16.01.2024;2;1.0;21;43;20;43;1;43
TE301;16.01.2024;3;1.0;30;40;30;40;0;-1
TE301;16.01.2024;4;1.0;39;42;35;42;4;42
TE301;16.01.2024;5;1.0;116;43;112;43;4;43
TE301;16.01.2024;6;1.0;328;41;319;41;9;42
TE301;16.01.2024;7;1.0;586;39;580;39;6;41
TE301;16.01.2024;8;1.0;946;38;945;38;1;39
TE301;16.01.2024;9;1.0;957;36;951;36;7;36
TE301;16.01.2024;10;1.0;880;44;874;44;6;48
TE301;16.01.2024;11;1.0;847;47;830;47;17;49
TE301;16.01.2024;12;1.0;851;47;839;47;12;48
TE301;16.01.2024;13;1.0;795;48;779;48;16;52
TE301;16.01.2024;14;1.0;922;47;914;47;8;48
TE301;16.01.2024;15;1.0;1082;46;1071;46;11;47
TE301;16.01.2024;16;1.0;1113;40;1099;40;14;41
TE301;16.01.2024;17;1.0;1022;43;1015;43;7;45
TE301;16.01.2024;18;1.0;997;43;993;43;4;43
TE301;16.01.2024;19;1.0;564;47;549;47;15;50
TE301;16.01.2024;20;1.0;313;50;298;50;15;52
TE301;16.01.2024;21;1.0;289;51;274;51;15;53
TE301;16.01.2024;22;1.0;243;49;229;49;14;52
TE301;16.01.2024;23;1.0;157;46;145;46;12;48
TE301;17.01.2024;0;1.0;82;44;71;45;11;38
TE301;17.01.2024;1;1.0;69;47;63;47;6;46
TE301;17.01.2024;2;1.0;34;50;29;50;5;48
TE301;17.01.2024;3;1.0;33;49;31;48;2;56
TE301;17.01.2024;4;1.0;51;47;44;46;7;51
TE301;17.01.2024;5;1.0;126;49;121;49;5;48
TE301;17.01.2024;6;1.0;349;50;333;50;16;50
TE301;17.01.2024;7;1.0;705;48;674;48;31;50
TE301;17.01.2024;8;1.0;1067;45;1053;45;14;47
TE301;17.01.2024;9;1.0;972;47;955;47;17;47
TE301;17.01.2024;11;1.0;854;48;843;48;11;47
TE301;17.01.2024;12;1.0;759;48;743;48;16;48
TE301;17.01.2024;13;1.0;754;48;729;48;25;48
TE301;17.01.2024;14;1.0;912;49;892;49;20;50
TE301;17.01.2024;15;1.0;1091;46;1078;46;13;47
TE301;17.01.2024;16;1.0;984;43;975;43;9;46
TE301;17.01.2024;17;1.0;880;46;876;46;4;48
TE301;17.01.2024;18;1.0;908;45;903;45;5;48
TE301;17.01.2024;19;1.0;608;46;588;46;20;48
TE301;17.01.2024;20;1.0;381;47;378;47;3;54
TE301;17.01.2024;21;1.0;269;50;266;50;3;51
TE301;17.01.2024;22;1.0;224;51;219;51;5;53
TE301;17.01.2024;23;1.0;158;49;156;49;2;57
TE301;18.01.2024;0;1.0;87;50;85;50;2;52
TE301;18.01.2024;1;1.0;53;51;51;51;2;52
TE301;18.01.2024;2;1.0;53;54;51;54;2;55
TE301;18.01.2024;3;1.0;33;53;33;53;0;-1
TE301;18.01.2024;4;1.0;50;46;49;47;1;46
TE301;18.01.2024;5;1.0;126;53;123;53;3;51
TE301;18.01.2024;6;1.0;365;53;353;53;12;57
TE301;18.01.2024;7;1.0;638;52;630;52;8;55
TE301;18.01.2024;8;1.0;1070;47;1060;47;10;48
TE301;18.01.2024;9;1.0;964;49;954;49;10;50
TE301;18.01.2024;14;1.0;951;45;937;45;14;47
TE301;18.01.2024;15;1.0;1040;44;1023;44;17;46
TE301;18.01.2024;18;1.0;934;44;921;44;13;45
TE301;18.01.2024;19;1.0;624;43;598;43;26;47
TE301;18.01.2024;20;1.0;445;46;430;46;15;43
TE301;18.01.2024;21;1.0;349;48;345;48;4;50
TE301;18.01.2024;22;1.0;252;48;250;48;2;49
TE301;18.01.2024;23;1.0;147;48;141;47;6;48
TE301;19.01.2024;0;1.0;81;48;74;48;7;46
TE301;19.01.2024;1;1.0;58;48;55;48;3;48
TE301;19.01.2024;2;1.0;47;50;43;51;4;37
TE301;19.01.2024;3;1.0;50;50;47;50;3;45
TE301;19.01.2024;4;1.0;59;43;57;43;2;44
TE301;19.01.2024;5;1.0;120;51;118;51;2;49
TE301;19.01.2024;6;1.0;331;50;315;50;16;50
TE301;19.01.2024;7;1.0;665;46;649;46;16;48
TE301;19.01.2024;8;1.0;967;44;951;44;16;45
TE301;19.01.2024;9;1.0;856;45;828;45;28;44
TE301;19.01.2024;10;1.0;748;48;721;48;27;48
TE301;19.01.2024;11;1.0;841;46;817;46;24;45
TE301;19.01.2024;12;1.0;899;44;875;44;24;43
TE301;19.01.2024;13;1.0;880;45;851;45;29;45
TE301;19.01.2024;14;1.0;1153;43;1112;44;41;43
TE301;19.01.2024;15;1.0;1178;43;1161;43;17;44
TE301;19.01.2024;16;1.0;1083;44;1076;44;7;45
TE301;19.01.2024;17;1.0;1028;42;1007;42;21;42
TE301;19.01.2024;18;1.0;1000;42;987;42;13;44
TE301;19.01.2024;19;1.0;779;44;756;44;23;46
TE301;19.01.2024;20;1.0;465;46;448;46;17;48
TE301;19.01.2024;21;1.0;368;47;345;47;23;46
TE301;19.01.2024;22;1.0;333;48;315;48;18;47
TE301;19.01.2024;23;1.0;257;48;232;48;25;47
TE301;20.01.2024;0;1.0;168;48;160;48;8;47
TE301;20.01.2024;1;1.0;123;49;122;49;1;49
TE301;20.01.2024;2;1.0;94;48;86;49;8;47
TE301;20.01.2024;3;1.0;55;51;55;51;0;-1
TE301;20.01.2024;4;1.0;66;48;65;48;1;51
TE301;20.01.2024;5;1.0;68;50;64;50;4;49
TE301;20.01.2024;6;1.0;89;50;85;50;4;52
TE301;20.01.2024;7;1.0;136;50;131;50;5;49
TE301;20.01.2024;8;1.0;224;51;208;51;16;50
TE301;20.01.2024;9;1.0;455;52;428;52;27;53
TE301;20.01.2024;10;1.0;580;48;558;48;22;50
TE301;20.01.2024;11;1.0;804;44;784;44;20;41
TE301;20.01.2024;12;1.0;839;47;807;47;32;48
TE301;20.01.2024;13;1.0;918;45;907;45;11;47
TE301;20.01.2024;14;1.0;1009;46;988;46;21;47
TE301;20.01.2024;15;1.0;1016;46;990;46;26;49
TE301;20.01.2024;16;1.0;835;46;792;46;43;46
TE301;20.01.2024;17;1.0;882;43;835;43;47;45
TE301;20.01.2024;18;1.0;929;43;867;43;62;44
TE301;20.01.2024;19;1.0;661;46;625;45;36;49
TE301;20.01.2024;20;1.0;483;47;425;47;58;48
TE301;20.01.2024;21;1.0;359;50;337;49;22;51
TE301;20.01.2024;22;1.0;320;47;291;47;29;49
TE301;20.01.2024;23;1.0;262;48;240;48;22;52
TE301;21.01.2024;0;1.0;193;49;183;49;10;51
TE301;21.01.2024;1;1.0;153;48;149;48;4;50
TE301;21.01.2024;2;1.0;110;50;103;50;7;47
TE301;21.01.2024;3;1.0;79;53;77;53;2;58
TE301;21.01.2024;4;1.0;59;51;56;51;3;52
TE301;21.01.2024;5;1.0;51;51;51;51;0;-1
TE301;21.01.2024;6;1.0;58;57;56;57;2;54
TE301;21.01.2024;7;1.0;48;56;47;56;1;58
TE301;21.01.2024;8;1.0;94;56;87;56;7;59
TE301;21.01.2024;9;1.0;252;54;233;54;19;57
TE301;21.01.2024;10;1.0;425;53;398;53;27;54
TE301;21.01.2024;11;1.0;452;52;415;51;37;53
TE301;21.01.2024;12;1.0;590;40;546;40;43;42
TE301;21.01.2024;13;1.0;703;49;686;49;17;50
TE301;21.01.2024;14;1.0;754;49;724;49;30;50
TE301;21.01.2024;15;1.0;842;48;789;48;53;50
TE301;21.01.2024;16;1.0;731;48;712;48;19;49
TE301;21.01.2024;17;1.0;703;46;692;46;11;48
TE301;21.01.2024;18;1.0;585;48;576;48;9;48
TE301;21.01.2024;19;1.0;521;48;509;48;12;47
TE301;21.01.2024;20;1.0;373;50;359;49;14;51
TE301;21.01.2024;21;1.0;254;48;248;48;6;49
TE301;21.01.2024;22;1.0;215;47;209;47;6;49
TE301;21.01.2024;23;1.0;143;48;142;48;1;47
TE301;22.01.2024;0;1.0;58;50;58;50;0;-1
TE301;22.01.2024;1;1.0;40;48;39;48;1;47
TE301;22.01.2024;2;1.0;37;51;35;51;2;58
TE301;22.01.2024;3;1.0;29;48;28;48;1;38
TE301;22.01.2024;4;1.0;43;50;39;50;4;51
TE301;22.01.2024;5;1.0;126;51;122;51;4;50
TE301;22.01.2024;6;1.0;392;52;360;52;32;53
TE301;22.01.2024;7;1.0;767;48;735;47;32;50
TE301;22.01.2024;8;1.0;1104;44;1070;44;34;45
TE301;22.01.2024;9;1.0;959;45;880;44;79;48
TE301;22.01.2024;10;1.0;915;46;884;46;31;49
TE301;22.01.2024;11;1.0;835;46;787;46;48;47
TE301;22.01.2024;12;1.0;888;47;832;47;56;48
TE301;22.01.2024;13;1.0;886;47;848;47;38;49
TE301;22.01.2024;14;1.0;985;47;933;47;52;48
TE301;22.01.2024;15;1.0;1081;45;1030;45;51;46
TE301;22.01.2024;16;1.0;1181;42;1122;42;59;44
TE301;22.01.2024;17;1.0;1037;42;935;42;102;44
TE301;22.01.2024;18;1.0;984;44;936;44;48;45
TE301;22.01.2024;19;1.0;662;45;567;45;95;46
TE301;22.01.2024;20;1.0;359;48;355;48;4;46
TE301;22.01.2024;21;1.0;281;49;281;49;0;-1
TE301;22.01.2024;22;1.0;232;47;230;47;2;53
TE301;22.01.2024;23;1.0;124;45;120;45;4;38
TE301;23.01.2024;0;1.0;77;47;74;46;3;48
TE301;23.01.2024;1;1.0;48;49;45;49;3;48
TE301;23.01.2024;2;1.0;33;48;28;49;5;40
TE301;23.01.2024;3;1.0;32;42;30;43;2;44
TE301;23.01.2024;4;1.0;58;46;48;46;10;48
TE301;23.01.2024;5;1.0;123;50;114;50;9;47
TE301;23.01.2024;6;1.0;390;50;378;50;12;51
TE301;23.01.2024;7;1.0;686;47;670;47;16;45
TE301;23.01.2024;8;1.0;1090;45;1027;45;63;45
TE301;23.01.2024;9;1.0;1040;46;984;46;56;47
TE301;23.01.2024;10;1.0;952;47;895;47;57;49
TE301;23.01.2024;11;1.0;935;48;881;48;54;49
TE301;23.01.2024;12;1.0;923;45;847;45;76;47
TE301;23.01.2024;13;1.0;891;47;798;47;93;49
TE301;23.01.2024;14;1.0;885;46;781;46;104;49
TE301;23.01.2024;15;1.0;1082;44;1023;44;59;45
TE301;23.01.2024;16;1.0;1201;41;1159;40;42;41
TE301;23.01.2024;17;1.0;1134;40;1080;40;54;42
TE301;23.01.2024;18;1.0;990;42;937;42;53;43
TE301;23.01.2024;19;1.0;683;45;613;45;70;46
TE301;23.01.2024;20;1.0;408;46;321;46;87;48
TE301;23.01.2024;21;1.0;298;49;236;48;62;50
TE301;23.01.2024;22;1.0;223;49;167;48;56;51
TE301;23.01.2024;23;1.0;150;48;118;48;32;49
TE301;24.01.2024;0;1.0;69;49;68;49;1;48
TE301;24.01.2024;1;1.0;52;47;49;47;3;51
TE301;24.01.2024;5;1.0;157;41;154;41;4;34
TE301;24.01.2024;6;1.0;381;50;362;50;19;51
TE301;24.01.2024;7;1.0;760;44;736;44;24;45
TE301;24.01.2024;8;1.0;1095;41;1066;41;29;42
TE301;24.01.2024;9;1.0;1010;43;951;43;59;44
TE301;24.01.2024;10;1.0;909;45;898;45;11;46
TE301;24.01.2024;11;1.0;940;45;889;45;51;47
TE301;24.01.2024;12;1.0;944;45;904;45;40;47
TE301;24.01.2024;13;1.0;1076;45;1016;45;60;47
TE301;24.01.2024;14;1.0;959;45;831;45;128;47
TE301;24.01.2024;15;1.0;1163;43;1071;43;92;45
TE301;24.01.2024;16;1.0;1196;38;1122;38;74;39
TE301;24.01.2024;17;1.0;1195;40;1143;40;52;41
TE301;24.01.2024;18;1.0;1120;42;1071;42;49;42
TE301;24.01.2024;19;1.0;711;46;661;46;50;47
TE301;24.01.2024;20;1.0;431;48;431;48;0;-1
TE301;24.01.2024;21;1.0;350;49;350;49;0;-1
TE301;24.01.2024;22;1.0;274;48;272;48;2;48
TE301;24.01.2024;23;1.0;153;48;144;48;9;49
TE301;25.01.2024;0;1.0;111;49;105;49;6;48
TE301;25.01.2024;1;1.0;74;49;67;50;7;45
TE301;25.01.2024;2;1.0;42;53;36;52;6;56
TE301;25.01.2024;3;1.0;40;50;36;51;4;41
TE301;25.01.2024;4;1.0;57;50;42;50;15;48
TE301;25.01.2024;5;1.0;129;52;121;52;8;48
TE301;25.01.2024;6;1.0;444;50;420;50;24;50
TE301;25.01.2024;7;1.0;758;46;737;46;21;46
TE301;25.01.2024;8;1.0;1097;44;1058;44;39;45
TE301;25.01.2024;9;1.0;974;46;913;46;61;47
TE301;25.01.2024;10;1.0;923;46;817;46;106;49
TE301;25.01.2024;11;1.0;966;46;848;45;118;48
TE301;25.01.2024;12;1.0;1032;44;871;43;161;47
TE301;25.01.2024;13;1.0;979;46;906;45;73;50
TE301;25.01.2024;14;1.0;1040;44;1014;44;26;44
TE301;25.01.2024;15;1.0;1154;41;1109;41;45;42
TE301;25.01.2024;16;1.0;1249;39;1202;39;47;41
TE301;25.01.2024;17;1.0;1179;41;1128;41;51;43
TE301;25.01.2024;18;1.0;1189;39;1147;39;42;40
TE301;25.01.2024;19;1.0;748;46;682;46;66;47
TE301;25.01.2024;20;1.0;437;50;432;50;5;48
TE301;25.01.2024;21;1.0;338;50;335;50;3;50
TE301;25.01.2024;22;1.0;262;46;260;46;2;50
TE301;25.01.2024;23;1.0;164;45;164;45;0;-1
TE301;26.01.2024;0;1.0;94;47;89;48;5;44
TE301;26.01.2024;1;1.0;60;45;51;45;9;47
TE301;26.01.2024;2;1.0;54;47;52;47;2;50
TE301;26.01.2024;3;1.0;35;47;34;47;1;52
TE301;26.01.2024;4;1.0;53;46;42;46;11;48
TE301;26.01.2024;5;1.0;114;50;110;50;4;48
TE301;26.01.2024;6;1.0;339;53;330;53;9;54
TE301;26.01.2024;7;1.0;684;47;678;47;6;46
TE301;26.01.2024;8;1.0;988;46;953;47;35;47
TE301;26.01.2024;9;1.0;886;49;871;49;15;51
TE301;26.01.2024;10;1.0;868;48;839;48;29;49
TE301;26.01.2024;11;1.0;1073;47;1007;47;66;49
TE301;26.01.2024;12;1.0;1003;37;930;37;73;40
TE301;26.01.2024;13;1.0;914;46;892;46;22;49
TE301;26.01.2024;14;1.0;1109;44;1100;44;9;46
TE301;26.01.2024;15;1.0;1249;41;1183;40;66;43
TE301;26.01.2024;16;1.0;1201;41;1144;40;57;45
TE301;26.01.2024;17;1.0;1109;40;990;40;119;43
TE301;26.01.2024;18;1.0;1025;43;969;43;56;45
TE301;26.01.2024;19;1.0;797;45;782;44;15;47
TE301;26.01.2024;20;1.0;539;47;416;46;123;49
TE301;26.01.2024;21;1.0;386;48;313;48;73;49
TE301;26.01.2024;22;1.0;359;46;286;46;73;47
TE301;26.01.2024;23;1.0;261;49;228;49;33;51
TE301;27.01.2024;0;1.0;148;51;116;51;32;51
TE301;27.01.2024;1;1.0;106;49;97;49;9;51
TE301;27.01.2024;2;1.0;84;47;82;47;2;53
TE301;27.01.2024;3;1.0;61;49;58;49;3;52
TE301;27.01.2024;4;1.0;57;49;51;49;6;53
TE301;27.01.2024;5;1.0;81;49;74;48;7;51
TE301;27.01.2024;6;1.0;89;52;78;52;11;55
TE301;27.01.2024;7;1.0;132;49;123;50;9;48
TE301;27.01.2024;8;1.0;238;52;224;52;14;52
TE301;27.01.2024;9;1.0;451;52;448;52;3;49
TE301;27.01.2024;10;1.0;640;50;615;50;25;54
TE301;27.01.2024;11;1.0;754;50;706;50;48;53
TE301;27.01.2024;12;1.0;931;48;872;48;59;51
TE301;27.01.2024;13;1.0;979;47;928;47;51;49
TE301;27.01.2024;14;1.0;1026;44;954;44;72;45
TE301;27.01.2024;15;1.0;920;44;763;44;157;45
TE301;27.01.2024;16;1.0;969;43;874;43;95;45
TE301;27.01.2024;17;1.0;982;43;932;43;50;45
TE301;27.01.2024;18;1.0;958;42;906;42;52;43
TE301;27.01.2024;19;1.0;765;45;696;45;69;46
TE301;27.01.2024;20;1.0;512;47;462;47;50;48
TE301;27.01.2024;21;1.0;396;48;318;48;78;48
TE301;27.01.2024;22;1.0;351;47;295;47;56;49
TE301;27.01.2024;23;1.0;279;46;227;46;52;47
TE301;28.01.2024;0;1.0;207;47;189;47;18;48
TE301;28.01.2024;1;1.0;119;48;113;48;6;47
TE301;28.01.2024;2;1.0;116;49;107;49;9;49
TE301;28.01.2024;3;1.0;73;47;70;47;3;49
TE301;28.01.2024;4;1.0;64;48;62;48;2;50
TE301;28.01.2024;5;1.0;58;47;56;47;2;41
TE301;28.01.2024;6;1.0;68;50;67;50;1;57
TE301;28.01.2024;7;1.0;80;50;77;51;3;49
TE301;28.01.2024;8;1.0;136;51;120;50;16;50
TE301;28.01.2024;9;1.0;271;50;235;51;36;50
TE301;28.01.2024;10;1.0;403;50;365;51;38;52
TE301;28.01.2024;11;1.0;604;48;579;48;25;48
TE301;28.01.2024;12;1.0;642;49;638;48;4;50
TE301;28.01.2024;13;1.0;803;47;796;47;7;46
TE301;28.01.2024;14;1.0;868;46;855;46;13;45
TE301;28.01.2024;15;1.0;851;47;822;47;29;50
TE301;28.01.2024;16;1.0;882;46;838;46;44;48
TE301;28.01.2024;17;1.0;877;43;854;43;23;44
TE301;28.01.2024;18;1.0;733;46;700;46;33;47
TE301;28.01.2024;19;1.0;553;47;512;47;41;49
TE301;28.01.2024;20;1.0;401;48;376;48;25;49
TE301;28.01.2024;21;1.0;294;49;244;49;50;50
TE301;28.01.2024;22;1.0;196;50;185;49;11;51
TE301;28.01.2024;23;1.0;116;47;99;47;17;46
TE301;29.01.2024;0;1.0;75;47;72;47;3;42
TE301;29.01.2024;1;1.0;60;50;57;50;3;54
TE301;29.01.2024;2;1.0;28;51;21;49;7;57
TE301;29.01.2024;3;1.0;45;47;43;47;2;54
TE301;29.01.2024;4;1.0;41;46;36;46;5;41
TE301;29.01.2024;5;1.0;149;49;141;49;8;48
TE301;29.01.2024;6;1.0;367;51;333;51;34;53
TE301;29.01.2024;7;1.0;751;46;718;46;33;48
TE301;29.01.2024;8;1.0;1068;45;1041;45;27;46
TE301;29.01.2024;9;1.0;1066;45;1024;45;42;45
TE301;29.01.2024;10;1.0;966;46;926;46;40;48
TE301;29.01.2024;11;1.0;885;45;857;45;28;43
TE301;29.01.2024;12;1.0;814;38;790;38;24;38
TE301;29.01.2024;14;1.0;930;43;897;43;33;45
TE301;29.01.2024;15;1.0;1174;43;1135;43;39;44
TE301;29.01.2024;16;1.0;1154;43;1111;43;43;43
TE301;29.01.2024;17;1.0;1078;41;1013;40;65;43
TE301;29.01.2024;18;1.0;808;44;758;44;50;45
TE301;29.01.2024;19;1.0;549;47;520;47;29;49
TE301;29.01.2024;20;1.0;364;48;341;48;23;49
TE301;29.01.2024;21;1.0;270;51;242;51;28;51
TE301;29.01.2024;22;1.0;226;49;209;49;17;49
TE301;29.01.2024;23;1.0;127;48;111;48;16;48
TE301;30.01.2024;0;1.0;66;48;61;49;5;41
TE301;30.01.2024;1;1.0;40;51;37;52;3;50
TE301;30.01.2024;2;1.0;43;49;35;50;8;49
TE301;30.01.2024;3;1.0;27;48;23;48;4;43
TE301;30.01.2024;4;1.0;53;51;43;50;10;52
TE301;30.01.2024;5;1.0;121;52;109;52;12;50
TE301;30.01.2024;6;1.0;401;52;366;52;35;52
TE301;30.01.2024;7;1.0;797;47;750;47;47;48
TE301;30.01.2024;8;1.0;1086;42;1038;42;48;43
TE301;30.01.2024;9;1.0;1099;45;1067;45;32;46
TE301;30.01.2024;12;1.0;963;45;926;45;37;45
TE301;30.01.2024;13;1.0;903;45;874;45;29;46
TE301;30.01.2024;14;1.0;1023;45;969;45;54;46
TE301;30.01.2024;15;1.0;1144;43;1094;43;50;44
TE301;30.01.2024;16;1.0;1175;41;1123;41;52;43
TE301;30.01.2024;17;1.0;1071;42;995;42;76;43
TE301;30.01.2024;18;1.0;968;43;925;43;43;45
TE301;30.01.2024;19;1.0;600;46;572;46;28;49
TE301;30.01.2024;20;1.0;376;50;348;50;28;50
TE301;30.01.2024;21;1.0;321;49;283;49;38;51
TE301;30.01.2024;22;1.0;275;49;232;49;43;50
TE301;30.01.2024;23;1.0;129;47;116;47;13;49
TE301;31.01.2024;0;1.0;86;50;77;49;9;54
TE301;31.01.2024;1;1.0;76;48;70;47;6;47
TE301;31.01.2024;2;1.0;37;50;34;50;3;51
TE301;31.01.2024;3;1.0;30;46;27;46;3;46
TE301;31.01.2024;4;1.0;35;49;27;49;8;50
TE301;31.01.2024;5;1.0;121;50;114;50;7;48
TE301;31.01.2024;6;1.0;372;52;360;52;12;52
TE301;31.01.2024;7;1.0;777;47;750;47;27;46
TE301;31.01.2024;8;1.0;1025;46;942;46;83;49
TE301;31.01.2024;9;1.0;1039;46;951;46;88;50
TE301;31.01.2024;10;1.0;858;48;807;48;51;51
TE301;31.01.2024;11;1.0;844;48;795;48;49;50
TE301;31.01.2024;12;1.0;927;39;916;39;11;39
TE301;31.01.2024;14;1.0;894;46;883;46;11;48
TE301;31.01.2024;15;1.0;1118;46;1057;46;61;49
TE301;31.01.2024;17;1.0;1030;45;964;45;66;48
TE301;31.01.2024;18;1.0;892;46;799;45;93;50
TE301;31.01.2024;19;1.0;653;48;595;48;58;50
TE301;31.01.2024;20;1.0;398;50;374;50;24;49
TE301;31.01.2024;21;1.0;303;50;301;50;2;46
TE301;31.01.2024;22;1.0;228;46;222;46;6;48
TE301;31.01.2024;23;1.0;163;49;163;49;0;-1
TE302;01.01.2024;0;1.0;276;36;271;36;5;41
TE302;01.01.2024;1;1.0;441;40;419;40;22;44
TE302;01.01.2024;2;1.0;455;36;445;36;10;36
TE302;01.01.2024;3;1.0;340;36;335;36;5;40
TE302;01.01.2024;4;1.0;288;32;283;32;5;31
TE302;01.01.2024;5;1.0;288;36;282;36;6;36
TE302;01.01.2024;6;1.0;166;44;162;43;4;46
TE302;01.01.2024;7;1.0;138;40;137;40;1;43
TE302;01.01.2024;8;1.0;132;39;127;38;5;40
TE302;01.01.2024;9;1.0;165;39;160;39;5;41
TE302;01.01.2024;10;1.0;217;39;213;39;4;38
TE302;01.01.2024;11;1.0;269;32;260;32;9;33
TE302;01.01.2024;12;1.0;326;33;317;33;9;31
TE302;01.01.2024;13;1.0;374;34;357;34;17;32
TE302;01.01.2024;14;1.0;429;32;414;32;15;30
TE302;01.01.2024;15;1.0;514;40;495;40;19;41
TE302;01.01.2024;16;1.0;473;34;459;34;14;34
TE302;01.01.2024;17;1.0;473;39;448;39;25;39
TE302;01.01.2024;18;1.0;496;23;460;23;36;29
TE302;01.01.2024;21;1.0;350;34;336;34;14;35
TE302;01.01.2024;22;1.0;278;39;271;39;7;40
TE302;01.01.2024;23;1.0;215;49;210;49;5;53
TE302;02.01.2024;0;1.0;171;39;168;39;3;43
TE302;02.01.2024;1;1.0;132;45;127;45;5;49
TE302;02.01.2024;2;1.0;97;35;91;34;6;37
TE302;02.01.2024;3;1.0;94;27;83;28;11;20
TE302;02.01.2024;4;1.0;138;38;93;42;44;32
TE302;02.01.2024;5;1.0;344;26;237;27;107;24
TE302;02.01.2024;6;1.0;463;33;315;36;149;24
TE302;02.01.2024;7;1.0;435;31;406;32;28;23
TE302;02.01.2024;9;1.0;484;34;452;34;32;35
TE302;02.01.2024;10;1.0;451;32;420;31;31;34
TE302;02.01.2024;11;1.0;472;28;435;28;37;31
TE302;02.01.2024;12;1.0;492;34;467;34;25;35
TE302;02.01.2024;13;1.0;539;32;516;32;23;33
TE302;02.01.2024;14;1.0;581;35;563;35;18;37
TE302;02.01.2024;15;1.0;646;34;620;34;26;37
TE302;02.01.2024;16;1.0;593;29;570;29;23;30
TE302;02.01.2024;17;1.0;731;36;598;35;133;41
TE302;02.01.2024;18;1.0;640;36;530;35;110;40
TE302;02.01.2024;19;1.0;616;41;494;41;122;42
TE302;02.01.2024;20;1.0;528;38;412;36;116;42
TE302;02.01.2024;21;1.0;484;36;395;35;89;40
TE302;02.01.2024;22;1.0;397;34;343;33;54;40
TE302;02.01.2024;23;1.0;270;39;227;38;43;41
TE302;03.01.2024;0;1.0;188;39;161;38;27;42
TE302;03.01.2024;1;1.0;106;36;90;35;16;40
TE302;03.01.2024;2;1.0;138;39;73;36;65;42
TE302;03.01.2024;3;1.0;152;37;64;29;88;42
TE302;03.01.2024;4;1.0;148;34;90;29;58;41
TE302;03.01.2024;5;1.0;362;39;243;38;119;41
TE302;03.01.2024;6;1.0;316;36;289;36;27;40
TE302;03.01.2024;7;1.0;450;30;414;30;36;38
TE302;03.01.2024;8;1.0;524;36;470;36;54;39
TE302;03.01.2024;9;1.0;349;31;317;31;32;38
TE302;03.01.2024;10;1.0;539;33;497;32;42;38
TE302;03.01.2024;11;1.0;579;32;550;32;29;36
TE302;03.01.2024;12;1.0;591;34;558;34;33;37
TE302;03.01.2024;13;1.0;630;39;582;39;48;49
TE302;03.01.2024;14;1.0;634;35;594;35;40;37
TE302;03.01.2024;15;1.0;736;27;679;27;57;28
TE302;03.01.2024;16;1.0;632;25;603;25;29;38
TE302;03.01.2024;17;1.0;668;28;614;28;54;36
TE302;03.01.2024;18;1.0;610;28;554;28;56;33
TE302;03.01.2024;19;1.0;560;36;491;36;69;42
TE302;03.01.2024;20;1.0;450;39;397;38;53;47
TE302;03.01.2024;21;1.0;432;38;404;38;28;39
TE302;03.01.2024;22;1.0;352;36;327;36;25;42
TE302;03.01.2024;23;1.0;263;36;235;36;28;40
TE302;04.01.2024;0;1.0;191;42;160;42;31;46
TE302;04.01.2024;1;1.0;137;37;118;37;19;40
TE302;04.01.2024;2;1.0;94;36;76;34;18;40
TE302;04.01.2024;3;1.0;75;33;57;31;18;40
TE302;04.01.2024;4;1.0;125;38;79;36;46;42
TE302;04.01.2024;5;1.0;314;41;230;41;84;42
TE302;04.01.2024;6;1.0;414;39;313;39;101;41
TE302;04.01.2024;7;1.0;421;35;389;35;32;38
TE302;04.01.2024;8;1.0;527;35;469;35;58;39
TE302;04.01.2024;9;1.0;641;50;454;44;187;66
TE302;04.01.2024;10;1.0;497;35;451;34;46;41
TE302;04.01.2024;11;1.0;528;38;494;38;34;44
TE302;04.01.2024;12;1.0;566;32;545;32;21;32
TE302;04.01.2024;13;1.0;591;30;571;29;20;32
TE302;04.01.2024;14;1.0;643;38;603;38;40;47
TE302;04.01.2024;15;1.0;678;32;636;31;42;49
TE302;04.01.2024;16;1.0;672;30;657;30;15;36
TE302;04.01.2024;17;1.0;650;36;635;36;15;33
TE302;04.01.2024;18;1.0;680;35;659;35;21;35
TE302;04.01.2024;19;1.0;527;41;509;41;18;45
TE302;04.01.2024;20;1.0;440;35;422;35;18;35
TE302;04.01.2024;22;1.0;311;46;258;41;52;75
TE302;04.01.2024;23;1.0;265;38;245;38;20;38
TE302;05.01.2024;0;1.0;189;38;186;38;3;40
TE302;05.01.2024;1;1.0;120;33;113;33;7;31
TE302;05.01.2024;2;1.0;80;36;75;35;5;40
TE302;05.01.2024;3;1.0;76;40;71;40;5;40
TE302;05.01.2024;4;1.0;102;38;98;38;4;32
TE302;05.01.2024;5;1.0;228;43;217;43;11;43
TE302;05.01.2024;6;1.0;359;38;332;38;27;39
TE302;05.01.2024;7;1.0;384;35;356;35;28;37
TE302;05.01.2024;8;1.0;436;32;418;32;19;32
TE302;05.01.2024;9;1.0;456;29;435;29;21;28
TE302;05.01.2024;10;1.0;487;38;451;38;36;36
TE302;05.01.2024;11;1.0;565;29;545;29;20;30
TE302;05.01.2024;12;1.0;556;35;515;34;40;48
TE302;05.01.2024;13;1.0;1056;37;606;33;450;42
TE302;05.01.2024;14;1.0;1148;37;655;34;493;42
TE302;05.01.2024;15;1.0;1118;37;616;33;502;41
TE302;05.01.2024;16;1.0;1136;37;653;32;483;43
TE302;05.01.2024;17;1.0;1123;38;631;34;492;43
TE302;05.01.2024;18;1.0;1030;39;580;34;450;45
TE302;05.01.2024;19;1.0;1031;40;582;37;449;45
TE302;05.01.2024;20;1.0;882;38;482;35;400;43
TE302;05.01.2024;21;1.0;746;37;394;32;352;43
TE302;05.01.2024;22;1.0;712;39;390;34;322;44
TE302;05.01.2024;23;1.0;600;38;297;32;303;43
TE302;06.01.2024;0;1.0;533;44;291;40;242;48
TE302;06.01.2024;1;1.0;189;36;180;36;9;41
TE302;06.01.2024;2;1.0;169;34;163;34;6;36
TE302;06.01.2024;3;1.0;118;40;115;40;3;40
TE302;06.01.2024;4;1.0;91;34;86;34;5;24
TE302;06.01.2024;5;1.0;157;41;152;41;5;44
TE302;06.01.2024;6;1.0;135;38;128;38;7;49
TE302;06.01.2024;7;1.0;163;32;154;32;9;33
TE302;06.01.2024;8;1.0;225;32;216;32;9;33
TE302;06.01.2024;9;1.0;281;29;271;29;10;29
TE302;06.01.2024;10;1.0;422;43;348;39;74;63
TE302;06.01.2024;11;1.0;434;29;421;29;13;28
TE302;06.01.2024;12;1.0;482;31;469;31;13;30
TE302;06.01.2024;13;1.0;549;33;541;33;8;31
TE302;06.01.2024;16;1.0;764;25;739;24;25;47
TE302;06.01.2024;17;1.0;885;24;864;24;21;31
TE302;06.01.2024;18;1.0;775;29;752;29;24;36
TE302;06.01.2024;19;1.0;720;26;704;26;16;36
TE302;06.01.2024;22;1.0;732;22;720;21;12;29
TE302;06.01.2024;23;1.0;534;28;526;28;8;31
TE302;07.01.2024;0;1.0;458;26;457;26;1;27
TE302;07.01.2024;3;1.0;160;37;156;37;4;38
TE302;07.01.2024;4;1.0;139;29;137;28;2;36
TE302;07.01.2024;5;1.0;152;35;148;35;4;35
TE302;07.01.2024;6;1.0;110;41;105;41;5;44
TE302;07.01.2024;7;1.0;248;23;240;22;8;40
TE302;07.01.2024;8;1.0;488;11;479;11;9;37
TE302;07.01.2024;10;1.0;519;23;511;23;8;39
TE302;07.01.2024;14;1.0;862;28;844;28;18;36
TE302;07.01.2024;15;1.0;984;27;944;27;40;49
TE302;07.01.2024;17;1.0;668;28;644;27;24;37
TE302;07.01.2024;18;1.0;785;26;767;26;18;34
TE302;07.01.2024;19;1.0;716;21;703;20;13;30
TE302;07.01.2024;21;1.0;430;35;420;35;10;35
TE302;07.01.2024;22;1.0;326;29;319;29;7;28
TE302;08.01.2024;0;1.0;218;23;214;23;4;30
TE302;08.01.2024;1;1.0;283;14;279;14;4;28
TE302;08.01.2024;3;1.0;83;27;81;27;2;25
TE302;08.01.2024;6;1.0;715;18;699;17;16;31
TE302;08.01.2024;7;1.0;877;24;826;23;51;41
TE302;08.01.2024;8;1.0;1254;16;1234;16;20;33
TE302;08.01.2024;9;1.0;1217;15;1169;14;48;34
TE302;08.01.2024;15;1.0;701;27;679;27;22;31
TE302;08.01.2024;16;1.0;904;26;870;25;34;36
TE302;08.01.2024;17;1.0;821;18;806;17;15;27
TE302;08.01.2024;19;1.0;857;21;840;21;17;36
TE302;08.01.2024;20;1.0;937;18;916;17;21;40
TE302;08.01.2024;21;1.0;875;7;870;7;5;27
TE302;08.01.2024;22;1.0;1246;10;1241;10;5;40
TE302;08.01.2024;23;1.0;1591;6;1575;6;15;35
TE302;09.01.2024;0;1.0;1445;3;1445;3;0;-1
TE302;09.01.2024;1;1.0;1743;3;1743;3;0;-1
TE302;09.01.2024;2;1.0;978;3;978;3;0;-1
TE302;09.01.2024;3;1.0;427;6;423;6;4;24
TE302;09.01.2024;4;1.0;591;7;584;6;7;27
TE302;09.01.2024;5;1.0;1502;8;1492;8;10;31
TE302;09.01.2024;6;1.0;1948;9;1930;9;18;32
TE302;09.01.2024;7;1.0;1800;12;1757;12;43;37
TE302;09.01.2024;8;1.0;1579;18;1525;17;54;53
TE302;09.01.2024;9;1.0;2025;13;2011;13;14;32
TE302;09.01.2024;10;1.0;1440;15;1414;15;26;33
TE302;09.01.2024;11;1.0;974;17;938;17;36;20
TE302;09.01.2024;12;1.0;962;19;934;19;28;34
TE302;09.01.2024;16;1.0;1632;17;1617;17;15;36
TE302;09.01.2024;17;1.0;1567;19;1534;18;33;43
TE302;09.01.2024;18;1.0;1726;15;1702;14;24;34
TE302;09.01.2024;19;1.0;1521;14;1502;13;19;32
TE302;09.01.2024;20;1.0;1555;9;1550;9;5;21
TE302;09.01.2024;21;1.0;1973;9;1951;9;22;44
TE302;09.01.2024;22;1.0;1728;10;1707;9;22;65
TE302;09.01.2024;23;1.0;1333;9;1322;9;11;37
TE302;10.01.2024;0;1.0;1674;6;1665;6;9;36
TE302;10.01.2024;1;1.0;1496;5;1491;5;5;33
TE302;10.01.2024;2;1.0;1856;4;1848;4;8;34
TE302;10.01.2024;3;1.0;1988;4;1981;4;7;30
TE302;10.01.2024;4;1.0;1371;6;1365;6;6;37
TE302;10.01.2024;5;1.0;1374;10;1354;10;20;48
TE302;10.01.2024;6;1.0;1892;10;1875;10;17;37
TE302;10.01.2024;7;1.0;1746;13;1718;12;28;34
TE302;10.01.2024;8;1.0;1837;16;1819;16;18;34
TE302;10.01.2024;9;1.0;2333;12;2314;12;19;36
TE302;10.01.2024;10;1.0;1617;13;1597;13;20;34
TE302;10.01.2024;11;1.0;1424;16;1403;16;21;35
TE302;10.01.2024;12;1.0;936;23;902;23;34;33
TE302;10.01.2024;13;1.0;935;23;860;21;75;37
TE302;10.01.2024;14;1.0;715;28;686;28;29;33
TE302;10.01.2024;16;1.0;1036;26;1002;26;34;40
TE302;10.01.2024;17;1.0;1072;25;1053;25;19;34
TE302;10.01.2024;18;1.0;1109;25;1093;25;16;36
TE302;10.01.2024;19;1.0;982;22;974;21;8;36
TE302;10.01.2024;20;1.0;764;16;758;15;6;34
TE302;10.01.2024;21;1.0;699;19;685;19;14;28
TE302;10.01.2024;22;1.0;601;20;591;20;10;41
TE302;11.01.2024;3;1.0;515;6;511;5;4;38
TE302;11.01.2024;4;1.0;169;18;163;17;6;24
TE302;11.01.2024;5;1.0;263;30;244;30;19;30
TE302;11.01.2024;6;1.0;428;43;406;43;22;45
TE302;11.01.2024;7;1.0;556;47;512;46;44;47
TE302;11.01.2024;8;1.0;626;31;578;31;48;34
TE302;11.01.2024;9;1.0;614;38;578;38;36;38
TE302;11.01.2024;10;1.0;543;35;498;35;45;35
TE302;11.01.2024;11;1.0;560;36;528;36;32;37
TE302;11.01.2024;12;1.0;685;26;667;26;18;33
TE302;11.01.2024;15;1.0;873;27;833;27;40;37
TE302;11.01.2024;17;1.0;766;24;729;23;37;31
TE302;11.01.2024;21;1.0;661;23;647;23;14;36
TE302;11.01.2024;23;1.0;655;17;646;17;9;36
TE302;12.01.2024;0;1.0;235;27;225;26;10;35
TE302;12.01.2024;1;1.0;192;24;186;24;6;39
TE302;12.01.2024;5;1.0;259;34;249;33;10;45
TE302;12.01.2024;7;1.0;515;26;483;26;32;30
TE302;12.01.2024;10;1.0;512;33;471;33;41;35
TE302;12.01.2024;13;1.0;566;32;539;32;27;38
TE302;12.01.2024;14;1.0;564;36;529;36;35;37
TE302;12.01.2024;18;1.0;870;24;840;24;30;34
TE302;12.01.2024;20;1.0;741;26;708;26;33;38
TE302;13.01.2024;0;1.0;366;27;361;27;5;29
TE302;13.01.2024;1;1.0;288;32;278;31;10;37
TE302;13.01.2024;2;1.0;178;32;177;32;1;46
TE302;13.01.2024;3;1.0;134;35;132;35;2;38
TE302;13.01.2024;4;1.0;125;35;114;35;11;36
TE302;13.01.2024;5;1.0;163;41;157;41;6;39
TE302;13.01.2024;6;1.0;160;36;154;36;6;36
TE302;13.01.2024;7;1.0;169;34;164;34;5;32
TE302;13.01.2024;8;1.0;246;36;240;36;6;39
TE302;13.01.2024;9;1.0;336;36;325;36;11;36
TE302;13.01.2024;10;1.0;428;33;402;33;26;34
TE302;13.01.2024;11;1.0;519;33;501;33;18;33
TE302;13.01.2024;12;1.0;514;32;500;32;14;32
TE302;13.01.2024;13;1.0;560;39;523;39;37;40
TE302;13.01.2024;14;1.0;693;33;566;31;127;41
TE302;13.01.2024;15;1.0;1150;39;651;36;499;43
TE302;13.01.2024;16;1.0;1341;36;743;31;598;41
TE302;13.01.2024;17;1.0;1144;35;640;29;504;43
TE302;13.01.2024;18;1.0;1227;40;682;34;545;46
TE302;13.01.2024;19;1.0;959;41;532;36;427;48
TE302;13.01.2024;20;1.0;954;42;549;40;405;45
TE302;13.01.2024;21;1.0;879;39;480;33;399;47
TE302;13.01.2024;22;1.0;846;40;469;35;377;45
TE302;13.01.2024;23;1.0;521;35;376;32;145;46
TE302;14.01.2024;0;1.0;331;39;320;39;11;37
TE302;14.01.2024;1;1.0;303;39;301;39;2;34
TE302;14.01.2024;2;1.0;210;42;206;42;4;42
TE302;14.01.2024;3;1.0;156;27;153;27;3;28
TE302;14.01.2024;4;1.0;133;38;129;38;4;43
TE302;14.01.2024;5;1.0;134;40;133;40;1;39
TE302;14.01.2024;6;1.0;106;37;105;37;1;28
TE302;14.01.2024;7;1.0;129;37;128;37;1;37
TE302;14.01.2024;8;1.0;143;30;139;30;4;34
TE302;14.01.2024;9;1.0;226;36;215;36;11;33
TE302;14.01.2024;10;1.0;360;32;346;32;14;34
TE302;14.01.2024;11;1.0;420;33;398;33;22;31
TE302;14.01.2024;12;1.0;492;34;477;34;15;34
TE302;14.01.2024;13;1.0;590;34;565;34;25;36
TE302;14.01.2024;14;1.0;631;35;612;35;19;34
TE302;14.01.2024;15;1.0;613;36;600;36;13;36
TE302;14.01.2024;16;1.0;497;35;472;35;25;42
TE302;14.01.2024;17;1.0;572;33;560;33;12;34
TE302;14.01.2024;18;1.0;684;29;665;29;19;29
TE302;14.01.2024;19;1.0;604;30;595;30;9;40
TE302;14.01.2024;20;1.0;511;28;496;28;15;35
TE302;14.01.2024;21;1.0;447;35;427;35;20;36
TE302;14.01.2024;22;1.0;382;39;361;39;21;42
TE302;14.01.2024;23;1.0;268;39;260;39;8;38
TE302;15.01.2024;0;1.0;164;38;160;38;4;34
TE302;15.01.2024;1;1.0;113;35;109;36;4;26
TE302;15.01.2024;2;1.0;78;42;73;41;5;43
TE302;15.01.2024;3;1.0;71;36;62;36;9;34
TE302;15.01.2024;4;1.0;121;30;112;29;9;35
TE302;15.01.2024;5;1.0;240;35;227;35;13;34
TE302;15.01.2024;6;1.0;413;35;393;35;20;39
TE302;15.01.2024;7;1.0;578;32;519;32;59;35
TE302;15.01.2024;8;1.0;294;30;268;29;26;41
TE302;15.01.2024;9;1.0;204;25;156;14;48;63
TE302;15.01.2024;10;1.0;545;28;506;27;39;36
TE302;15.01.2024;11;1.0;233;23;222;23;11;22
TE302;15.01.2024;12;1.0;343;35;323;34;20;37
TE302;15.01.2024;13;1.0;425;40;395;40;30;41
TE302;15.01.2024;14;1.0;466;29;452;29;14;30
TE302;15.01.2024;15;1.0;480;31;454;31;26;33
TE302;15.01.2024;16;1.0;532;32;518;32;14;32
TE302;15.01.2024;17;1.0;597;30;575;30;22;30
TE302;15.01.2024;18;1.0;551;34;529;33;22;34
TE302;15.01.2024;21;1.0;380;33;372;33;8;36
TE302;15.01.2024;22;1.0;376;34;360;35;16;36
TE302;16.01.2024;0;1.0;192;29;181;29;11;33
TE302;16.01.2024;1;1.0;71;39;65;38;6;43
TE302;16.01.2024;2;1.0;38;16;35;15;3;28
TE302;16.01.2024;4;1.0;95;26;87;26;8;27
TE302;16.01.2024;5;1.0;262;25;247;25;15;25
TE302;16.01.2024;6;1.0;463;34;446;34;17;36
TE302;16.01.2024;11;1.0;627;35;581;35;46;38
TE302;16.01.2024;13;1.0;592;31;556;30;36;34
TE302;16.01.2024;14;1.0;553;34;510;34;43;39
TE302;16.01.2024;15;1.0;703;32;658;32;45;33
TE302;16.01.2024;16;1.0;718;32;697;32;21;31
TE302;16.01.2024;17;1.0;705;28;676;28;29;31
TE302;16.01.2024;18;1.0;618;31;581;31;37;40
TE302;16.01.2024;19;1.0;634;29;611;29;23;34
TE302;16.01.2024;23;1.0;303;31;297;31;6;36
TE302;17.01.2024;0;1.0;192;31;186;31;6;31
TE302;17.01.2024;8;1.0;1009;22;926;21;83;40
TE302;17.01.2024;9;1.0;1003;20;966;20;37;34
TE302;17.01.2024;10;1.0;703;26;674;25;29;32
TE302;17.01.2024;12;1.0;692;30;651;29;41;39
TE302;17.01.2024;13;1.0;654;31;619;31;35;34
TE302;17.01.2024;20;1.0;768;17;753;17;15;26
TE302;17.01.2024;21;1.0;664;22;655;22;9;34
TE302;18.01.2024;0;1.0;252;25;243;25;9;32
TE302;18.01.2024;1;1.0;150;30;146;30;4;36
TE302;18.01.2024;4;1.0;591;8;588;7;3;27
TE302;18.01.2024;5;1.0;298;33;291;33;7;39
TE302;18.01.2024;7;1.0;686;32;628;30;58;45
TE302;18.01.2024;8;1.0;761;33;731;33;30;38
TE302;18.01.2024;9;1.0;791;28;765;28;26;43
TE302;18.01.2024;10;1.0;733;26;691;26;42;37
TE302;18.01.2024;11;1.0;509;28;489;28;20;33
TE302;18.01.2024;12;1.0;629;31;602;31;27;34
TE302;18.01.2024;13;1.0;633;34;604;34;29;34
TE302;18.01.2024;14;1.0;609;35;564;35;45;36
TE302;18.01.2024;15;1.0;764;38;736;38;28;43
TE302;18.01.2024;16;1.0;702;31;677;31;25;30
TE302;18.01.2024;17;1.0;746;36;733;36;13;35
TE302;18.01.2024;19;1.0;598;31;576;31;22;40
TE302;18.01.2024;21;1.0;657;22;643;22;14;26
TE302;18.01.2024;22;1.0;457;31;420;30;37;46
TE302;19.01.2024;2;1.0;125;28;120;28;5;34
TE302;19.01.2024;5;1.0;548;16;538;15;10;33
TE302;19.01.2024;6;1.0;609;22;586;21;23;32
TE302;19.01.2024;10;1.0;574;29;555;29;19;29
TE302;19.01.2024;11;1.0;571;29;545;29;26;36
TE302;19.01.2024;12;1.0;533;31;507;31;26;32
TE302;19.01.2024;13;1.0;702;35;622;34;80;43
TE302;19.01.2024;14;1.0;726;33;679;33;47;35
TE302;19.01.2024;15;1.0;732;33;693;33;39;35
TE302;19.01.2024;16;1.0;683;33;661;33;22;33
TE302;19.01.2024;18;1.0;682;37;659;37;23;41
TE302;19.01.2024;19;1.0;598;34;584;34;14;33
TE302;19.01.2024;20;1.0;525;34;503;34;22;35
TE302;19.01.2024;21;1.0;432;35;415;36;16;40
TE302;20.01.2024;0;1.0;329;32;313;30;16;66
TE302;20.01.2024;1;1.0;267;32;264;32;3;33
TE302;20.01.2024;2;1.0;191;35;185;35;6;33
TE302;20.01.2024;6;1.0;176;35;162;34;14;38
TE302;20.01.2024;7;1.0;305;23;297;23;8;43
TE302;20.01.2024;8;1.0;635;15;627;15;8;28
TE302;20.01.2024;10;1.0;423;36;416;36;7;33
TE302;20.01.2024;11;1.0;452;29;437;29;16;28
TE302;20.01.2024;12;1.0;505;32;482;32;23;35
TE302;20.01.2024;13;1.0;582;39;507;37;75;47
TE302;20.01.2024;14;1.0;719;33;667;32;52;41
TE302;20.01.2024;15;1.0;329;28;317;28;12;28
TE302;20.01.2024;16;1.0;568;37;515;36;53;50
TE302;20.01.2024;17;1.0;351;35;337;35;14;35
TE302;20.01.2024;18;1.0;678;28;653;28;25;36
TE302;20.01.2024;19;1.0;742;29;713;29;29;37
TE302;20.01.2024;21;1.0;498;34;488;33;10;38
TE302;21.01.2024;0;1.0;407;29;403;29;4;24
TE302;21.01.2024;1;1.0;139;4;139;4;0;-1
TE302;21.01.2024;2;1.0;463;20;458;19;5;36
TE302;21.01.2024;3;1.0;407;16;397;15;10;35
TE302;21.01.2024;5;1.0;951;9;945;8;6;44
TE302;21.01.2024;6;1.0;690;9;686;8;4;26
TE302;21.01.2024;7;1.0;812;8;808;8;4;39
TE302;21.01.2024;8;1.0;1086;8;1075;8;11;35
TE302;21.01.2024;10;1.0;788;19;772;19;16;35
TE302;21.01.2024;12;1.0;721;23;707;23;14;34
TE302;21.01.2024;14;1.0;715;29;699;28;16;36
TE302;21.01.2024;21;1.0;518;23;479;22;40;39
TE302;22.01.2024;1;1.0;125;36;123;36;2;41
TE302;22.01.2024;2;1.0;449;7;442;7;7;30
TE302;22.01.2024;8;1.0;653;36;611;36;41;42
TE302;22.01.2024;9;1.0;604;35;561;35;43;37
TE302;22.01.2024;10;1.0;625;30;601;30;24;31
TE302;22.01.2024;11;1.0;573;34;547;34;26;36
TE302;22.01.2024;12;1.0;597;36;555;36;42;37
TE302;22.01.2024;13;1.0;603;34;560;34;43;36
TE302;22.01.2024;14;1.0;510;34;485;34;25;33
TE302;22.01.2024;15;1.0;664;28;640;28;24;37
TE302;22.01.2024;16;1.0;735;34;706;34;29;36
TE302;22.01.2024;17;1.0;722;36;678;36;44;36
TE302;22.01.2024;18;1.0;662;28;638;28;24;29
TE302;22.01.2024;19;1.0;552;35;522;34;30;41
TE302;22.01.2024;20;1.0;419;32;408;31;11;33
TE302;22.01.2024;21;1.0;283;34;271;34;12;34
TE302;22.01.2024;22;1.0;329;31;324;31;5;30
TE302;22.01.2024;23;1.0;257;34;247;34;10;35
TE302;23.01.2024;0;1.0;151;27;148;27;3;32
TE302;23.01.2024;1;1.0;121;42;110;42;11;43
TE302;23.01.2024;2;1.0;66;33;59;33;7;33
TE302;23.01.2024;3;1.0;63;39;57;39;6;38
TE302;23.01.2024;4;1.0;98;34;94;34;4;31
TE302;23.01.2024;5;1.0;243;37;228;37;15;36
TE302;23.01.2024;6;1.0;439;32;423;32;16;30
TE302;23.01.2024;7;1.0;590;39;541;38;49;46
TE302;23.01.2024;8;1.0;666;37;607;37;58;31
TE302;23.01.2024;9;1.0;392;25;361;25;31;29
TE302;23.01.2024;10;1.0;546;37;497;36;49;42
TE302;23.01.2024;11;1.0;596;30;561;30;35;30
TE302;23.01.2024;12;1.0;666;31;627;31;39;32
TE302;23.01.2024;13;1.0;665;33;633;33;32;33
TE302;23.01.2024;14;1.0;650;29;619;29;31;29
TE302;23.01.2024;15;1.0;701;30;672;30;29;29
TE302;23.01.2024;16;1.0;753;35;714;34;39;36
TE302;23.01.2024;17;1.0;713;28;678;27;35;32
TE302;23.01.2024;18;1.0;715;28;636;27;79;33
TE302;23.01.2024;19;1.0;565;34;543;34;22;34
TE302;23.01.2024;20;1.0;466;34;427;31;39;56
TE302;23.01.2024;21;1.0;419;35;411;35;8;36
TE302;23.01.2024;22;1.0;369;33;355;32;14;33
TE302;23.01.2024;23;1.0;345;30;333;30;12;33
TE302;24.01.2024;0;1.0;175;41;162;41;13;40
TE302;24.01.2024;1;1.0;116;38;114;38;2;41
TE302;24.01.2024;2;1.0;79;40;72;40;7;43
TE302;24.01.2024;3;1.0;61;34;56;33;5;40
TE302;24.01.2024;4;1.0;110;38;102;38;8;38
TE302;24.01.2024;5;1.0;252;32;244;32;8;36
TE302;24.01.2024;6;1.0;428;35;400;35;28;34
TE302;24.01.2024;7;1.0;555;29;529;29;26;30
TE302;24.01.2024;8;1.0;689;26;661;26;28;28
TE302;24.01.2024;9;1.0;627;34;588;34;39;35
TE302;24.01.2024;10;1.0;601;30;566;30;35;30
TE302;24.01.2024;11;1.0;589;29;557;29;32;33
TE302;24.01.2024;12;1.0;318;34;288;34;30;38
TE302;24.01.2024;13;1.0;496;37;433;37;63;34
TE302;24.01.2024;14;1.0;645;33;608;33;37;34
TE302;24.01.2024;15;1.0;730;35;689;35;41;35
TE302;24.01.2024;16;1.0;750;34;707;34;43;35
TE302;24.01.2024;17;1.0;752;28;718;28;34;29
TE302;24.01.2024;18;1.0;675;32;646;32;29;31
TE302;24.01.2024;19;1.0;658;35;627;35;31;37
TE302;24.01.2024;20;1.0;481;28;470;27;11;40
TE302;24.01.2024;21;1.0;440;35;427;35;13;33
TE302;24.01.2024;22;1.0;633;25;517;26;116;20
TE302;25.01.2024;14;1.0;657;26;613;26;45;25
TE302;25.01.2024;15;1.0;726;32;698;32;28;32
TE302;25.01.2024;16;1.0;773;29;743;29;30;29
TE302;25.01.2024;17;1.0;697;27;670;27;27;27
TE302;25.01.2024;18;1.0;602;33;569;33;33;35
TE302;25.01.2024;19;1.0;633;29;602;29;31;25
TE302;25.01.2024;20;1.0;387;34;367;34;20;32
TE302;25.01.2024;21;1.0;356;40;342;40;14;40
TE302;25.01.2024;22;1.0;407;31;398;31;9;31
TE302;25.01.2024;23;1.0;364;33;353;33;11;34
TE302;26.01.2024;0;1.0;231;42;218;42;13;43
TE302;26.01.2024;1;1.0;172;40;169;40;3;41
TE302;26.01.2024;2;1.0;92;33;86;33;6;28
TE302;26.01.2024;3;1.0;79;42;75;42;4;43
TE302;26.01.2024;4;1.0;120;34;116;34;4;34
TE302;26.01.2024;5;1.0;314;31;289;33;25;14
TE302;26.01.2024;7;1.0;507;32;476;32;31;34
TE302;26.01.2024;8;1.0;696;30;648;30;48;33
TE302;26.01.2024;10;1.0;568;34;506;33;62;38
TE302;26.01.2024;11;1.0;536;35;502;35;34;36
TE302;26.01.2024;12;1.0;525;29;505;30;20;21
TE302;26.01.2024;13;1.0;639;29;599;29;40;32
TE302;26.01.2024;14;1.0;681;26;659;25;22;28
TE302;26.01.2024;15;1.0;682;33;647;33;35;35
TE302;26.01.2024;16;1.0;646;30;611;31;35;28
TE302;26.01.2024;17;1.0;654;31;621;31;33;32
TE302;26.01.2024;18;1.0;665;33;639;33;26;33
TE302;26.01.2024;19;1.0;623;25;603;25;20;25
TE302;26.01.2024;20;1.0;560;27;547;27;13;26
TE302;26.01.2024;21;1.0;604;33;562;33;42;34
TE302;26.01.2024;22;1.0;489;32;473;32;16;32
TE302;26.01.2024;23;1.0;480;32;467;32;13;32
TE302;27.01.2024;0;1.0;349;36;339;36;10;36
TE302;27.01.2024;1;1.0;269;36;265;36;4;35
TE302;27.01.2024;2;1.0;194;39;190;39;4;36
TE302;27.01.2024;3;1.0;142;34;139;34;3;33
TE302;27.01.2024;4;1.0;131;34;128;34;3;34
TE302;27.01.2024;5;1.0;158;35;149;35;9;37
TE302;27.01.2024;6;1.0;158;37;150;37;8;38
TE302;27.01.2024;7;1.0;203;34;196;33;7;36
TE302;27.01.2024;8;1.0;294;34;289;34;5;34
TE302;27.01.2024;9;1.0;475;34;436;35;39;21
TE302;27.01.2024;10;1.0;474;28;462;28;12;28
TE302;27.01.2024;11;1.0;515;37;497;37;18;39
TE302;27.01.2024;12;1.0;547;35;521;35;26;36
TE302;27.01.2024;13;1.0;672;30;655;30;17;32
TE302;27.01.2024;14;1.0;711;33;690;33;21;31
TE302;27.01.2024;15;1.0;714;27;682;27;33;34
TE302;27.01.2024;16;1.0;692;29;675;29;16;32
TE302;27.01.2024;17;1.0;675;31;659;31;16;30
TE302;27.01.2024;18;1.0;683;32;652;33;32;36
TE302;27.01.2024;19;1.0;650;31;632;31;18;40
TE302;27.01.2024;20;1.0;560;30;537;30;23;32
TE302;27.01.2024;21;1.0;540;31;524;31;16;41
TE302;27.01.2024;22;1.0;495;17;493;17;2;28
TE302;27.01.2024;23;1.0;517;31;482;30;34;36
TE302;28.01.2024;0;1.0;232;46;185;41;47;67
TE302;28.01.2024;1;1.0;321;36;317;36;4;40
TE302;28.01.2024;2;1.0;221;32;209;31;12;51
TE302;28.01.2024;3;1.0;174;40;169;40;5;43
TE302;28.01.2024;4;1.0;145;38;142;38;3;40
TE302;28.01.2024;5;1.0;182;35;180;35;2;36
TE302;28.01.2024;6;1.0;141;37;138;37;3;38
TE302;28.01.2024;7;1.0;156;33;153;33;3;35
TE302;28.01.2024;8;1.0;223;34;219;34;4;34
TE302;28.01.2024;9;1.0;345;24;309;24;37;22
TE302;28.01.2024;10;1.0;406;27;394;27;12;30
TE302;28.01.2024;11;1.0;579;31;558;31;21;30
TE302;28.01.2024;12;1.0;589;29;575;29;14;30
TE302;28.01.2024;13;1.0;633;33;609;33;24;33
TE302;28.01.2024;14;1.0;494;29;481;29;13;30
TE302;28.01.2024;15;1.0;630;28;610;28;20;32
TE302;28.01.2024;16;1.0;621;33;592;32;29;47
TE302;28.01.2024;17;1.0;721;36;692;35;29;52
TE302;28.01.2024;18;1.0;653;31;617;31;36;38
TE302;28.01.2024;19;1.0;483;32;453;32;30;39
TE302;28.01.2024;20;1.0;517;30;487;29;29;43
TE302;28.01.2024;21;1.0;431;41;411;41;20;43
TE302;28.01.2024;22;1.0;357;33;332;31;25;56
TE302;28.01.2024;23;1.0;208;36;199;36;10;41
TE302;29.01.2024;0;1.0;163;24;161;24;2;24
TE302;29.01.2024;1;1.0;107;34;102;34;5;33
TE302;29.01.2024;2;1.0;92;31;82;31;10;29
TE302;29.01.2024;3;1.0;55;24;51;24;4;26
TE302;29.01.2024;4;1.0;185;21;180;21;5;32
TE302;29.01.2024;7;1.0;717;26;675;25;42;35
TE302;29.01.2024;9;1.0;807;28;765;28;42;35
TE302;29.01.2024;10;1.0;595;33;547;33;48;36
TE302;29.01.2024;11;1.0;497;27;465;27;32;34
TE302;29.01.2024;13;1.0;602;28;573;28;29;28
TE302;29.01.2024;14;1.0;767;34;624;35;143;26
TE302;29.01.2024;15;1.0;1160;39;670;36;490;41
TE302;29.01.2024;16;1.0;1056;37;671;34;385;41
TE302;30.01.2024;4;1.0;106;39;99;39;7;40
TE302;30.01.2024;5;1.0;274;33;268;33;6;36
TE302;30.01.2024;6;1.0;681;19;664;19;17;33
TE302;30.01.2024;7;1.0;759;27;704;27;55;41
TE302;30.01.2024;8;1.0;766;24;723;23;43;37
TE302;30.01.2024;9;1.0;801;22;762;21;39;31
TE302;30.01.2024;11;1.0;601;32;559;31;42;36
TE302;30.01.2024;12;1.0;606;31;569;30;37;35
TE302;30.01.2024;14;1.0;625;35;567;35;58;39
TE302;30.01.2024;15;1.0;808;30;701;32;107;25
TE302;30.01.2024;16;1.0;770;33;647;32;123;41
TE302;30.01.2024;17;1.0;691;29;650;29;40;25
TE302;30.01.2024;18;1.0;657;37;624;37;33;36
TE302;30.01.2024;19;1.0;564;34;528;33;36;47
TE302;30.01.2024;20;1.0;459;35;441;35;18;34
TE302;30.01.2024;21;1.0;333;34;314;33;20;53
TE302;30.01.2024;22;1.0;357;41;339;41;18;46
TE302;30.01.2024;23;1.0;275;17;272;16;3;26
TE302;31.01.2024;0;1.0;180;40;171;40;9;40
TE302;31.01.2024;1;1.0;122;36;113;36;9;33
TE302;31.01.2024;2;1.0;91;39;82;39;9;39
TE302;31.01.2024;3;1.0;57;32;48;32;10;30
TE302;31.01.2024;4;1.0;80;30;78;31;1;34
TE303;02.01.2024;10;1.0;623;52;515;51;108;53
TE303;02.01.2024;11;1.0;637;52;474;51;163;54
TE303;02.01.2024;12;1.0;666;52;557;51;109;54
TE303;02.01.2024;13;1.0;781;52;648;51;133;56
TE303;02.01.2024;14;1.0;852;53;586;52;266;55
TE303;02.01.2024;15;1.0;840;54;608;53;232;57
TE303;02.01.2024;16;1.0;821;52;669;51;152;55
TE303;02.01.2024;17;1.0;863;51;654;50;209;54
TE303;02.01.2024;18;1.0;828;52;678;51;150;55
TE303;02.01.2024;19;1.0;594;54;538;53;56;54
TE303;02.01.2024;20;1.0;498;51;463;51;35;51
TE303;02.01.2024;21;1.0;379;51;351;51;28;51
TE303;02.01.2024;22;1.0;344;50;323;50;21;51
TE303;02.01.2024;23;1.0;227;50;201;50;26;51
TE303;03.01.2024;0;1.0;200;50;193;50;7;50
TE303;03.01.2024;1;1.0;122;47;111;48;11;46
TE303;03.01.2024;2;1.0;112;48;102;47;11;47
TE303;03.01.2024;3;1.0;85;50;77;51;8;46
TE303;03.01.2024;4;1.0;84;52;81;52;3;54
TE303;03.01.2024;5;1.0;176;51;167;52;9;48
TE303;03.01.2024;6;1.0;288;52;268;52;20;52
TE303;03.01.2024;7;1.0;453;51;415;51;38;52
TE303;03.01.2024;8;1.0;702;51;584;50;118;52
TE303;03.01.2024;9;1.0;679;46;637;46;42;45
TE303;03.01.2024;10;1.0;618;48;567;48;51;49
TE303;03.01.2024;11;1.0;601;50;549;49;52;51
TE303;03.01.2024;12;1.0;680;48;621;48;59;50
TE303;03.01.2024;13;1.0;705;50;567;49;138;52
TE303;03.01.2024;14;1.0;775;50;643;49;132;52
TE303;03.01.2024;15;1.0;838;45;681;45;159;47
TE303;03.01.2024;16;1.0;930;44;779;44;151;46
TE303;03.01.2024;17;1.0;850;49;726;49;124;51
TE303;03.01.2024;18;1.0;828;49;762;49;66;52
TE303;03.01.2024;19;1.0;653;50;602;49;51;51
TE303;03.01.2024;20;1.0;491;50;418;50;73;51
TE303;03.01.2024;21;1.0;417;51;349;50;68;51
TE303;03.01.2024;22;1.0;346;50;255;51;91;51
TE303;03.01.2024;23;1.0;272;51;211;50;61;52
TE303;04.01.2024;0;1.0;193;53;154;52;39;52
TE303;04.01.2024;1;1.0;115;51;106;52;9;46
TE303;04.01.2024;2;1.0;106;52;100;52;6;49
TE303;04.01.2024;3;1.0;93;50;88;51;5;50
TE303;04.01.2024;4;1.0;76;55;73;55;3;52
TE303;04.01.2024;5;1.0;163;54;158;54;5;55
TE303;04.01.2024;6;1.0;258;55;249;56;9;52
TE303;04.01.2024;7;1.0;435;55;368;55;67;57
TE303;04.01.2024;8;1.0;738;52;604;52;134;53
TE303;04.01.2024;9;1.0;759;46;654;45;105;48
TE303;04.01.2024;10;1.0;663;50;489;49;174;52
TE303;04.01.2024;11;1.0;682;50;616;50;66;52
TE303;04.01.2024;12;1.0;696;51;680;51;16;53
TE303;04.01.2024;13;1.0;700;46;666;46;33;49
TE303;04.01.2024;14;1.0;792;47;650;47;142;50
TE303;04.01.2024;15;1.0;839;46;631;45;208;49
TE303;04.01.2024;16;1.0;913;50;833;49;80;53
TE303;04.01.2024;17;1.0;892;49;872;49;20;47
TE303;04.01.2024;18;1.0;825;49;802;49;23;49
TE303;04.01.2024;19;1.0;701;50;672;50;29;50
TE303;04.01.2024;20;1.0;506;50;490;50;16;51
TE303;04.01.2024;21;1.0;409;51;397;51;12;52
TE303;04.01.2024;22;1.0;356;52;348;52;8;51
TE303;04.01.2024;23;1.0;286;52;275;52;11;52
TE303;05.01.2024;0;1.0;198;53;195;53;3;48
TE303;05.01.2024;1;1.0;140;53;133;53;7;49
TE303;05.01.2024;2;1.0;115;51;106;51;9;50
TE303;05.01.2024;3;1.0;95;52;88;52;7;52
TE303;05.01.2024;4;1.0;91;53;88;53;3;46
TE303;05.01.2024;5;1.0;148;51;138;51;10;52
TE303;05.01.2024;6;1.0;248;54;232;54;16;52
TE303;05.01.2024;7;1.0;401;52;387;52;14;53
TE303;05.01.2024;8;1.0;549;54;508;54;41;55
TE303;05.01.2024;9;1.0;642;52;613;52;29;52
TE303;05.01.2024;10;1.0;640;50;613;50;27;51
TE303;05.01.2024;11;1.0;597;45;573;46;23;45
TE303;05.01.2024;12;1.0;727;45;531;45;196;49
TE303;05.01.2024;13;1.0;709;45;569;45;140;47
TE303;05.01.2024;14;1.0;722;51;568;50;154;53
TE303;05.01.2024;15;1.0;846;50;693;50;153;52
TE303;05.01.2024;16;1.0;796;49;576;49;220;52
TE303;05.01.2024;17;1.0;803;50;710;50;93;53
TE303;05.01.2024;18;1.0;815;51;763;51;52;53
TE303;05.01.2024;19;1.0;741;52;710;52;31;53
TE303;05.01.2024;20;1.0;552;52;533;51;19;53
TE303;05.01.2024;21;1.0;496;53;487;53;9;56
TE303;05.01.2024;22;1.0;410;53;407;53;3;51
TE303;05.01.2024;23;1.0;381;52;375;52;6;50
TE303;06.01.2024;0;1.0;296;54;295;54;1;48
TE303;06.01.2024;1;1.0;223;54;221;54;2;51
TE303;06.01.2024;2;1.0;160;55;158;55;2;54
TE303;06.01.2024;3;1.0;145;54;141;53;4;53
TE303;06.01.2024;4;1.0;115;54;107;54;8;52
TE303;06.01.2024;5;1.0;111;54;109;54;2;49
TE303;06.01.2024;6;1.0;146;53;141;53;5;50
TE303;06.01.2024;7;1.0;155;52;153;52;2;52
TE303;06.01.2024;8;1.0;179;52;174;52;5;49
TE303;06.01.2024;9;1.0;295;51;289;51;6;52
TE303;06.01.2024;10;1.0;411;51;408;51;3;51
TE303;06.01.2024;11;1.0;527;50;521;50;6;50
TE303;06.01.2024;12;1.0;505;49;500;49;5;43
TE303;06.01.2024;13;1.0;633;46;624;46;8;50
TE303;06.01.2024;14;1.0;674;49;654;49;20;49
TE303;06.01.2024;15;1.0;712;49;700;49;12;49
TE303;06.01.2024;16;1.0;703;50;689;50;14;48
TE303;06.01.2024;17;1.0;648;50;637;50;11;48
TE303;06.01.2024;18;1.0;721;51;687;51;34;51
TE303;06.01.2024;19;1.0;691;51;682;51;9;50
TE303;06.01.2024;20;1.0;579;51;566;51;13;53
TE303;06.01.2024;21;1.0;478;51;460;51;18;48
TE303;06.01.2024;22;1.0;506;52;491;52;15;52
TE303;06.01.2024;23;1.0;432;53;394;53;38;50
TE303;07.01.2024;0;1.0;324;52;318;52;6;51
TE303;07.01.2024;1;1.0;273;53;269;53;4;56
TE303;07.01.2024;2;1.0;232;52;219;52;13;51
TE303;07.01.2024;3;1.0;173;53;158;54;15;51
TE303;07.01.2024;4;1.0;126;54;117;54;9;51
TE303;07.01.2024;5;1.0;122;54;121;54;1;46
TE303;07.01.2024;6;1.0;116;53;114;53;2;47
TE303;07.01.2024;7;1.0;108;54;105;53;3;54
TE303;07.01.2024;8;1.0;132;51;129;51;3;53
TE303;07.01.2024;9;1.0;200;52;197;52;3;53
TE303;07.01.2024;10;1.0;369;47;358;47;11;47
TE303;07.01.2024;11;1.0;491;46;480;46;12;48
TE303;07.01.2024;12;1.0;546;46;530;46;16;43
TE303;07.01.2024;13;1.0;595;51;579;51;16;50
TE303;07.01.2024;14;1.0;652;52;645;52;7;53
TE303;07.01.2024;15;1.0;612;50;604;51;8;50
TE303;07.01.2024;16;1.0;571;52;558;52;13;52
TE303;07.01.2024;17;1.0;700;52;690;52;10;48
TE303;07.01.2024;18;1.0;571;52;558;52;13;52
TE303;07.01.2024;19;1.0;534;52;529;53;5;49
TE303;07.01.2024;20;1.0;444;51;438;51;6;50
TE303;07.01.2024;21;1.0;364;52;339;52;25;50
TE303;07.01.2024;22;1.0;328;53;310;53;18;52
TE303;08.01.2024;4;1.0;87;49;86;49;1;50
TE303;08.01.2024;5;1.0;171;53;160;53;11;52
TE303;08.01.2024;6;1.0;341;53;324;53;17;54
TE303;08.01.2024;7;1.0;651;50;622;50;29;51
TE303;08.01.2024;8;1.0;991;48;929;48;62;47
TE303;08.01.2024;9;1.0;853;45;677;45;176;45
TE303;08.01.2024;10;1.0;634;49;550;50;84;48
TE303;08.01.2024;11;1.0;638;48;573;49;65;47
TE303;08.01.2024;12;1.0;681;49;613;50;68;48
TE303;08.01.2024;13;1.0;745;49;626;49;119;48
TE303;08.01.2024;14;1.0;805;49;697;49;108;48
TE303;08.01.2024;15;1.0;892;49;806;49;86;47
TE303;08.01.2024;16;1.0;968;47;810;47;158;47
TE303;08.01.2024;17;1.0;949;48;855;48;94;48
TE303;08.01.2024;18;1.0;868;48;764;48;104;48
TE303;08.01.2024;19;1.0;677;49;614;49;63;49
TE303;08.01.2024;20;1.0;470;48;429;48;41;48
TE303;08.01.2024;21;1.0;344;49;316;49;28;48
TE303;08.01.2024;22;1.0;308;50;274;51;34;48
TE303;08.01.2024;23;1.0;241;46;221;47;20;47
TE303;09.01.2024;0;1.0;151;48;146;48;5;49
TE303;09.01.2024;1;1.0;108;47;102;47;6;50
TE303;09.01.2024;2;1.0;91;51;84;52;7;50
TE303;09.01.2024;3;1.0;69;38;67;38;3;35
TE303;09.01.2024;4;1.0;83;53;82;53;1;49
TE303;09.01.2024;6;1.0;359;46;345;46;14;45
TE303;09.01.2024;7;1.0;691;51;660;51;31;50
TE303;09.01.2024;8;1.0;1043;49;997;49;46;49
TE303;09.01.2024;9;1.0;1019;49;953;49;66;49
TE303;09.01.2024;10;1.0;812;45;755;45;57;44
TE303;09.01.2024;11;1.0;791;51;724;51;67;50
TE303;09.01.2024;12;1.0;810;41;750;41;60;40
TE303;09.01.2024;16;1.0;1076;48;1026;48;50;47
TE303;09.01.2024;17;1.0;1052;48;994;48;58;47
TE303;09.01.2024;18;1.0;1042;47;963;47;79;47
TE303;09.01.2024;19;1.0;796;50;736;50;60;49
TE303;09.01.2024;20;1.0;578;49;520;49;58;47
TE303;09.01.2024;21;1.0;443;45;413;45;30;45
TE303;09.01.2024;22;1.0;377;51;344;52;33;49
TE303;09.01.2024;23;1.0;269;51;257;52;12;51
TE303;10.01.2024;0;1.0;177;54;168;54;9;54
TE303;10.01.2024;1;1.0;121;53;110;52;11;53
TE303;10.01.2024;2;1.0;102;52;97;52;5;46
TE303;10.01.2024;3;1.0;78;51;72;51;6;54
TE303;10.01.2024;4;1.0;86;52;84;52;2;42
TE303;10.01.2024;5;1.0;191;52;185;53;6;50
TE303;10.01.2024;6;1.0;363;40;346;40;17;40
TE303;10.01.2024;7;1.0;700;52;654;52;46;50
TE303;10.01.2024;8;1.0;1094;50;1060;50;34;49
TE303;10.01.2024;9;1.0;1050;49;986;50;64;48
TE303;10.01.2024;10;1.0;873;49;798;49;75;48
TE303;10.01.2024;11;1.0;807;50;750;50;57;49
TE303;10.01.2024;12;1.0;885;42;789;42;97;41
TE303;10.01.2024;15;1.0;1229;36;1159;36;69;35
TE303;10.01.2024;16;1.0;1142;46;1100;46;42;48
TE303;10.01.2024;17;1.0;1161;46;1102;46;59;45
TE303;10.01.2024;18;1.0;1140;47;1105;48;35;47
TE303;10.01.2024;19;1.0;839;49;753;50;86;49
TE303;10.01.2024;20;1.0;566;50;531;50;35;48
TE303;10.01.2024;21;1.0;480;51;454;51;26;49
TE303;10.01.2024;22;1.0;372;48;348;48;24;46
TE303;10.01.2024;23;1.0;259;49;240;49;20;45
TE303;11.01.2024;0;1.0;191;53;181;53;10;50
TE303;11.01.2024;1;1.0;128;51;101;51;27;49
TE303;11.01.2024;2;1.0;105;43;86;44;19;41
TE303;11.01.2024;3;1.0;78;49;72;50;5;50
TE303;11.01.2024;4;1.0;88;52;84;52;4;53
TE303;11.01.2024;5;1.0;171;56;163;56;8;56
TE303;11.01.2024;6;1.0;346;55;324;56;22;53
TE303;11.01.2024;7;1.0;691;54;619;54;72;52
TE303;11.01.2024;8;1.0;1047;47;937;47;110;45
TE303;11.01.2024;9;1.0;1079;52;919;53;160;50
TE303;11.01.2024;10;1.0;808;52;700;52;108;50
TE303;11.01.2024;11;1.0;774;53;651;53;123;51
TE303;11.01.2024;12;1.0;863;47;800;47;63;46
TE303;11.01.2024;13;1.0;843;39;815;39;28;39
TE303;11.01.2024;14;1.0;978;49;951;49;27;48
TE303;11.01.2024;15;1.0;1113;47;1095;47;18;47
TE303;11.01.2024;16;1.0;1117;44;1112;44;5;47
TE303;11.01.2024;17;1.0;1144;40;1127;40;17;41
TE303;11.01.2024;18;1.0;1065;44;1053;44;10;45
TE303;11.01.2024;19;1.0;1020;35;1008;35;12;36
TE303;11.01.2024;20;1.0;549;51;515;51;34;51
TE303;11.01.2024;21;1.0;440;46;401;46;40;49
TE303;11.01.2024;22;1.0;409;51;402;51;7;53
TE303;11.01.2024;23;1.0;331;52;324;52;7;53
TE303;12.01.2024;0;1.0;221;54;213;54;8;54
TE303;12.01.2024;1;1.0;162;54;156;54;6;50
TE303;12.01.2024;2;1.0;109;53;105;53;4;49
TE303;12.01.2024;3;1.0;96;54;93;54;3;52
TE303;12.01.2024;4;1.0;75;55;70;54;5;53
TE303;12.01.2024;5;1.0;181;55;179;55;2;54
TE303;12.01.2024;6;1.0;275;55;272;55;3;58
TE303;12.01.2024;7;1.0;593;53;586;53;7;54
TE303;12.01.2024;8;1.0;935;52;927;52;8;51
TE303;12.01.2024;9;1.0;813;52;806;52;7;50
TE303;12.01.2024;10;1.0;733;52;720;52;13;52
TE303;12.01.2024;11;1.0;737;53;729;53;8;51
TE303;12.01.2024;12;1.0;786;53;775;53;11;53
TE303;12.01.2024;13;1.0;876;48;865;48;11;48
TE303;12.01.2024;14;1.0;965;47;956;47;8;52
TE303;12.01.2024;15;1.0;1040;46;1025;46;14;47
TE303;12.01.2024;16;1.0;982;46;969;46;13;47
TE303;12.01.2024;17;1.0;945;47;935;47;10;44
TE303;12.01.2024;18;1.0;1031;50;1022;50;9;51
TE303;12.01.2024;19;1.0;839;46;827;46;11;45
TE303;12.01.2024;20;1.0;636;52;631;52;5;52
TE303;12.01.2024;21;1.0;527;51;519;51;8;48
TE303;12.01.2024;22;1.0;517;50;512;50;5;49
TE303;12.01.2024;23;1.0;429;52;425;52;4;49
TE303;13.01.2024;0;1.0;312;53;309;53;3;53
TE303;13.01.2024;1;1.0;246;53;244;53;2;52
TE303;13.01.2024;2;1.0;171;53;171;53;0;-1
TE303;13.01.2024;3;1.0;174;53;173;53;1;50
TE303;13.01.2024;4;1.0;142;55;139;55;3;52
TE303;13.01.2024;5;1.0;131;55;125;55;6;55
TE303;13.01.2024;6;1.0;125;55;119;55;6;55
TE303;13.01.2024;7;1.0;172;53;167;53;5;53
TE303;13.01.2024;8;1.0;212;54;201;54;11;55
TE303;13.01.2024;9;1.0;335;49;284;49;50;51
TE303;13.01.2024;10;1.0;454;53;410;54;44;55
TE303;13.01.2024;11;1.0;566;53;557;53;9;52
TE303;13.01.2024;12;1.0;622;52;610;53;12;53
TE303;13.01.2024;13;1.0;689;52;681;52;8;53
TE303;13.01.2024;14;1.0;825;52;767;52;58;56
TE303;13.01.2024;15;1.0;829;53;596;52;233;56
TE303;13.01.2024;16;1.0;1031;48;812;47;219;49
TE303;13.01.2024;17;1.0;860;51;683;50;177;54
TE303;13.01.2024;18;1.0;781;52;636;51;145;54
TE303;13.01.2024;19;1.0;720;52;657;52;63;55
TE303;13.01.2024;20;1.0;647;53;622;53;25;55
TE303;13.01.2024;21;1.0;596;53;568;52;28;55
TE303;13.01.2024;22;1.0;604;52;572;52;32;55
TE303;13.01.2024;23;1.0;503;53;455;52;48;55
TE303;14.01.2024;0;1.0;350;56;329;55;21;58
TE303;14.01.2024;1;1.0;308;56;291;56;17;56
TE303;14.01.2024;2;1.0;260;56;225;55;35;60
TE303;14.01.2024;3;1.0;203;52;193;51;10;54
TE303;14.01.2024;4;1.0;185;56;183;56;2;55
TE303;14.01.2024;5;1.0;143;51;140;51;3;52
TE303;14.01.2024;6;1.0;144;55;140;55;4;54
TE303;14.01.2024;7;1.0;120;46;116;46;4;38
TE303;14.01.2024;8;1.0;155;56;152;56;3;54
TE303;14.01.2024;9;1.0;238;55;238;55;0;-1
TE303;14.01.2024;10;1.0;393;53;385;53;8;52
TE303;14.01.2024;11;1.0;490;53;481;53;9;52
TE303;14.01.2024;12;1.0;529;52;516;52;13;52
TE303;14.01.2024;13;1.0;615;47;596;47;19;46
TE303;14.01.2024;14;1.0;749;52;732;52;17;53
TE303;14.01.2024;15;1.0;715;51;690;51;25;52
TE303;14.01.2024;16;1.0;733;46;711;46;22;50
TE303;14.01.2024;17;1.0;667;51;563;50;104;56
TE303;14.01.2024;18;1.0;626;52;616;52;10;56
TE303;14.01.2024;19;1.0;508;47;487;47;22;51
TE303;14.01.2024;20;1.0;499;54;495;54;4;55
TE303;14.01.2024;21;1.0;422;54;417;54;5;54
TE303;14.01.2024;22;1.0;374;54;372;54;2;56
TE303;14.01.2024;23;1.0;232;55;227;56;5;55
TE303;15.01.2024;0;1.0;166;55;161;55;5;50
TE303;15.01.2024;1;1.0;136;53;127;53;9;46
TE303;15.01.2024;2;1.0;87;50;81;50;6;52
TE303;15.01.2024;3;1.0;74;56;67;55;7;51
TE303;15.01.2024;4;1.0;111;56;108;57;3;56
TE303;15.01.2024;5;1.0;210;55;206;55;4;60
TE303;15.01.2024;6;1.0;431;50;419;50;13;50
TE303;15.01.2024;7;1.0;775;49;761;49;14;45
TE303;15.01.2024;8;1.0;754;50;744;50;10;33
TE303;15.01.2024;9;1.0;1206;38;1185;38;21;20
TE303;15.01.2024;10;1.0;1568;37;1536;37;32;35
TE303;15.01.2024;11;1.0;831;49;793;49;38;49
TE303;15.01.2024;12;1.0;757;53;728;53;29;55
TE303;15.01.2024;13;1.0;884;51;813;51;71;50
TE303;15.01.2024;14;1.0;1093;43;1045;43;48;46
TE303;15.01.2024;15;1.0;1031;51;1017;51;14;47
TE303;15.01.2024;16;1.0;963;52;933;52;30;50
TE303;15.01.2024;17;1.0;913;50;753;49;160;52
TE303;15.01.2024;18;1.0;903;50;886;50;17;52
TE303;15.01.2024;19;1.0;728;47;719;47;8;50
TE303;15.01.2024;20;1.0;503;44;494;44;9;44
TE303;15.01.2024;21;1.0;361;39;356;39;5;42
TE303;15.01.2024;22;1.0;344;50;338;50;5;52
TE303;15.01.2024;23;1.0;254;54;250;54;4;53
TE303;16.01.2024;0;1.0;171;50;167;51;3;50
TE303;16.01.2024;1;1.0;108;50;106;50;2;52
TE303;16.01.2024;2;1.0;73;40;68;40;5;39
TE303;16.01.2024;3;1.0;65;38;63;38;2;34
TE303;16.01.2024;4;1.0;66;41;65;41;1;39
TE303;16.01.2024;5;1.0;135;42;135;42;0;-1
TE303;16.01.2024;6;1.0;366;43;364;43;2;45
TE303;16.01.2024;7;1.0;679;44;668;44;11;44
TE303;16.01.2024;8;1.0;1069;43;1065;43;4;42
TE303;16.01.2024;9;1.0;1092;46;1080;46;12;44
TE303;16.01.2024;10;1.0;895;51;882;51;13;51
TE303;16.01.2024;11;1.0;810;51;774;51;36;53
TE303;16.01.2024;12;1.0;797;51;619;50;178;55
TE303;16.01.2024;13;1.0;848;47;710;47;139;49
TE303;16.01.2024;14;1.0;902;52;818;51;84;54
TE303;16.01.2024;15;1.0;1061;46;1046;46;16;42
TE303;16.01.2024;16;1.0;1144;47;1131;47;13;46
TE303;16.01.2024;17;1.0;1225;44;1217;44;8;46
TE303;16.01.2024;18;1.0;1108;48;1098;48;10;48
TE303;16.01.2024;19;1.0;840;45;828;45;12;47
TE303;16.01.2024;20;1.0;519;52;510;52;9;53
TE303;16.01.2024;21;1.0;452;48;449;48;3;52
TE303;16.01.2024;22;1.0;417;48;409;48;8;52
TE303;16.01.2024;23;1.0;307;39;294;39;12;40
TE303;17.01.2024;0;1.0;198;51;183;51;15;51
TE303;17.01.2024;1;1.0;133;51;123;51;10;48
TE303;17.01.2024;2;1.0;106;53;102;53;4;46
TE303;17.01.2024;3;1.0;91;51;88;52;3;44
TE303;17.01.2024;4;1.0;76;51;73;51;3;51
TE303;17.01.2024;5;1.0;177;51;174;51;3;53
TE303;17.01.2024;6;1.0;380;52;372;52;8;51
TE303;17.01.2024;7;1.0;675;51;652;51;23;51
TE303;17.01.2024;8;1.0;1126;49;1096;49;30;49
TE303;17.01.2024;9;1.0;1080;50;1046;50;34;50
TE303;17.01.2024;10;1.0;845;50;806;50;39;50
TE303;17.01.2024;11;1.0;808;50;759;50;49;50
TE303;17.01.2024;12;1.0;840;49;785;49;55;49
TE303;17.01.2024;13;1.0;924;45;868;44;56;46
TE303;17.01.2024;14;1.0;922;47;876;47;47;48
TE303;17.01.2024;15;1.0;1089;50;1037;51;52;52
TE303;17.01.2024;16;1.0;1156;45;1137;45;19;45
TE303;17.01.2024;17;1.0;1075;49;1050;49;25;49
TE303;17.01.2024;18;1.0;1127;49;1097;49;30;51
TE303;17.01.2024;19;1.0;761;51;680;51;81;52
TE303;17.01.2024;20;1.0;596;48;583;48;12;48
TE303;17.01.2024;21;1.0;477;49;472;49;4;56
TE303;17.01.2024;22;1.0;373;49;369;49;4;53
TE303;17.01.2024;23;1.0;325;50;314;50;11;50
TE303;18.01.2024;0;1.0;238;55;233;55;5;51
TE303;18.01.2024;1;1.0;149;54;145;54;4;46
TE303;18.01.2024;2;1.0;121;50;114;50;7;47
TE303;18.01.2024;3;1.0;92;44;86;44;6;38
TE303;18.01.2024;4;1.0;85;52;84;52;1;50
TE303;18.01.2024;5;1.0;175;55;170;55;5;56
TE303;18.01.2024;6;1.0;361;55;355;55;6;54
TE303;18.01.2024;7;1.0;693;54;675;54;18;52
TE303;18.01.2024;8;1.0;1118;50;1101;50;17;49
TE303;18.01.2024;9;1.0;1071;52;1044;52;27;51
TE303;18.01.2024;10;1.0;760;49;740;49;20;46
TE303;18.01.2024;11;1.0;800;52;766;52;34;52
TE303;18.01.2024;12;1.0;824;50;796;50;28;52
TE303;18.01.2024;13;1.0;841;49;806;49;35;49
TE303;18.01.2024;14;1.0;985;45;933;45;51;45
TE303;18.01.2024;15;1.0;1217;45;1157;45;60;46
TE303;18.01.2024;16;1.0;1215;40;1192;40;23;34
TE303;18.01.2024;17;1.0;1126;44;1095;44;31;44
TE303;18.01.2024;18;1.0;1135;42;1116;42;19;43
TE303;18.01.2024;19;1.0;944;48;921;48;23;49
TE303;18.01.2024;20;1.0;631;42;612;42;19;42
TE303;18.01.2024;21;1.0;493;50;479;50;14;50
TE303;18.01.2024;22;1.0;461;50;443;50;18;50
TE303;18.01.2024;23;1.0;344;50;333;50;11;49
TE303;19.01.2024;0;1.0;264;53;254;53;10;51
TE303;19.01.2024;1;1.0;184;53;172;54;12;51
TE303;19.01.2024;2;1.0;128;50;121;50;7;55
TE303;19.01.2024;3;1.0;117;53;114;53;3;51
TE303;19.01.2024;4;1.0;89;50;83;50;6;48
TE303;19.01.2024;5;1.0;166;50;162;50;4;48
TE303;19.01.2024;6;1.0;341;50;320;50;21;50
TE303;19.01.2024;7;1.0;656;49;628;49;28;48
TE303;19.01.2024;8;1.0;1114;36;1055;37;59;33
TE303;19.01.2024;9;1.0;1007;44;950;44;57;43
TE303;19.01.2024;10;1.0;917;49;873;49;44;50
TE303;19.01.2024;11;1.0;900;48;835;47;65;50
TE303;19.01.2024;12;1.0;964;46;899;46;66;48
TE303;19.01.2024;22;1.0;550;50;519;50;31;49
TE303;19.01.2024;23;1.0;491;46;444;46;47;47
TE303;20.01.2024;0;1.0;355;46;311;46;45;45
TE303;20.01.2024;1;1.0;271;51;266;51;5;49
TE303;20.01.2024;2;1.0;235;50;217;51;18;48
TE303;20.01.2024;3;1.0;180;52;169;51;11;53
TE303;20.01.2024;4;1.0;168;52;160;52;8;51
TE303;20.01.2024;5;1.0;150;52;146;53;4;48
TE303;20.01.2024;6;1.0;175;51;168;51;7;50
TE303;20.01.2024;7;1.0;166;51;154;51;12;50
TE303;20.01.2024;8;1.0;254;51;238;51;16;51
TE303;20.01.2024;9;1.0;381;51;367;51;14;51
TE303;20.01.2024;10;1.0;552;50;523;50;29;49
TE303;20.01.2024;11;1.0;625;53;571;53;54;53
TE303;20.01.2024;12;1.0;712;51;625;51;87;52
TE303;20.01.2024;13;1.0;1023;49;956;49;67;48
TE303;20.01.2024;14;1.0;999;48;892;48;107;47
TE303;20.01.2024;15;1.0;857;49;801;49;56;49
TE303;20.01.2024;16;1.0;875;45;825;45;50;46
TE303;20.01.2024;17;1.0;869;48;810;48;59;49
TE303;20.01.2024;18;1.0;918;48;893;48;25;49
TE303;20.01.2024;19;1.0;771;49;721;49;50;49
TE303;20.01.2024;20;1.0;734;48;677;48;57;48
TE303;20.01.2024;21;1.0;579;46;504;46;74;47
TE303;20.01.2024;22;1.0;536;41;466;42;70;41
TE303;20.01.2024;23;1.0;501;50;452;50;49;47
TE303;21.01.2024;0;1.0;409;51;372;51;37;49
TE303;21.01.2024;1;1.0;354;53;331;53;23;52
TE303;21.01.2024;2;1.0;252;53;239;53;13;54
TE303;21.01.2024;3;1.0;203;53;199;53;4;49
TE303;21.01.2024;4;1.0;176;53;169;53;7;54
TE303;21.01.2024;5;1.0;174;55;165;55;9;56
TE303;21.01.2024;6;1.0;144;55;141;55;3;57
TE303;21.01.2024;7;1.0;114;55;112;55;2;46
TE303;21.01.2024;8;1.0;165;55;159;55;6;50
TE303;21.01.2024;9;1.0;258;52;238;53;20;48
TE303;21.01.2024;10;1.0;406;53;377;53;29;52
TE303;21.01.2024;11;1.0;490;53;462;53;28;53
TE303;21.01.2024;12;1.0;535;50;496;50;39;51
TE303;21.01.2024;13;1.0;665;50;606;50;59;50
TE303;21.01.2024;14;1.0;689;50;607;50;82;50
TE303;21.01.2024;15;1.0;683;49;605;49;78;49
TE303;21.01.2024;16;1.0;742;48;682;49;60;49
TE303;21.01.2024;17;1.0;790;48;723;48;67;48
TE303;21.01.2024;18;1.0;673;49;647;49;26;49
TE303;21.01.2024;19;1.0;523;49;509;49;14;49
TE303;21.01.2024;20;1.0;443;50;407;50;36;49
TE303;21.01.2024;21;1.0;391;50;338;50;53;49
TE303;21.01.2024;22;1.0;343;50;255;49;88;51
TE303;21.01.2024;23;1.0;251;51;233;51;18;51
TE303;22.01.2024;0;1.0;201;51;187;51;14;52
TE303;22.01.2024;1;1.0;117;50;86;49;31;52
TE303;22.01.2024;2;1.0;104;51;84;51;20;47
TE303;22.01.2024;3;1.0;80;51;68;53;12;45
TE303;22.01.2024;4;1.0;61;49;56;49;5;48
TE303;22.01.2024;5;1.0;191;52;179;52;12;52
TE303;22.01.2024;6;1.0;350;51;330;51;20;52
TE303;22.01.2024;7;1.0;705;50;643;50;62;50
TE303;22.01.2024;8;1.0;1007;48;934;48;73;49
TE303;22.01.2024;9;1.0;920;50;700;49;220;51
TE303;22.01.2024;10;1.0;809;49;618;48;191;51
TE303;22.01.2024;11;1.0;785;50;694;50;91;52
TE303;22.01.2024;17;1.0;1006;47;950;47;56;49
TE303;22.01.2024;18;1.0;907;47;727;46;180;48
TE303;22.01.2024;19;1.0;783;48;716;48;67;49
TE303;22.01.2024;20;1.0;489;49;415;48;74;53
TE303;22.01.2024;21;1.0;397;50;366;51;31;51
TE303;22.01.2024;22;1.0;355;50;337;50;18;52
TE303;22.01.2024;23;1.0;304;44;246;44;58;45
TE303;23.01.2024;0;1.0;169;52;132;51;37;55
TE303;23.01.2024;1;1.0;128;47;115;47;14;48
TE303;23.01.2024;2;1.0;98;48;79;48;19;47
TE303;23.01.2024;3;1.0;77;53;76;53;1;54
TE303;23.01.2024;4;1.0;82;51;75;51;7;51
TE303;23.01.2024;5;1.0;176;50;172;50;4;48
TE303;23.01.2024;6;1.0;352;49;342;49;10;50
TE303;23.01.2024;7;1.0;652;39;631;39;21;42
TE303;23.01.2024;8;1.0;1020;43;985;43;35;46
TE303;23.01.2024;9;1.0;949;48;895;48;54;49
TE303;23.01.2024;10;1.0;814;50;749;50;65;51
TE303;23.01.2024;11;1.0;822;49;764;49;58;51
TE303;23.01.2024;12;1.0;750;49;686;49;64;51
TE303;23.01.2024;13;1.0;847;48;779;48;68;50
TE303;23.01.2024;14;1.0;814;49;660;49;154;51
TE303;23.01.2024;15;1.0;1001;49;862;49;139;50
TE303;23.01.2024;16;1.0;1095;44;958;44;137;47
TE303;23.01.2024;17;1.0;1069;48;955;47;114;48
TE303;23.01.2024;18;1.0;1004;43;908;43;96;45
TE303;23.01.2024;19;1.0;757;45;645;46;112;45
TE303;23.01.2024;20;1.0;520;49;426;48;94;50
TE303;23.01.2024;21;1.0;416;49;369;49;47;50
TE303;23.01.2024;22;1.0;368;50;300;49;68;51
TE303;23.01.2024;23;1.0;319;52;259;52;60;50
TE303;24.01.2024;0;1.0;180;55;121;55;59;55
TE303;24.01.2024;1;1.0;138;52;121;52;17;51
TE303;24.01.2024;2;1.0;97;51;86;50;11;56
TE303;24.01.2024;3;1.0;86;49;80;49;6;54
TE303;24.01.2024;4;1.0;81;49;79;49;2;48
TE303;24.01.2024;5;1.0;201;47;193;47;8;50
TE303;24.01.2024;6;1.0;335;48;323;48;12;49
TE303;24.01.2024;7;1.0;704;51;538;51;166;53
TE303;24.01.2024;8;1.0;1041;49;760;48;281;51
TE303;24.01.2024;9;1.0;935;50;815;50;120;52
TE303;24.01.2024;10;1.0;761;51;673;51;88;51
TE303;24.01.2024;11;1.0;729;50;655;50;74;50
TE303;24.01.2024;12;1.0;773;49;726;49;47;51
TE303;24.01.2024;13;1.0;831;46;750;45;81;45
TE303;24.01.2024;17;1.0;1091;45;964;45;127;47
TE303;24.01.2024;18;1.0;1108;46;1003;46;105;47
TE303;24.01.2024;19;1.0;818;50;656;49;162;50
TE303;24.01.2024;20;1.0;579;51;493;50;86;51
TE303;24.01.2024;21;1.0;508;51;450;51;58;53
TE303;24.01.2024;22;1.0;402;45;383;45;18;45
TE303;24.01.2024;23;1.0;289;50;263;50;26;51
TE303;25.01.2024;0;1.0;223;51;210;52;13;52
TE303;25.01.2024;1;1.0;143;46;132;47;11;45
TE303;25.01.2024;2;1.0;124;47;109;46;16;44
TE303;25.01.2024;3;1.0;99;49;90;49;9;48
TE303;25.01.2024;4;1.0;79;53;76;53;3;48
TE303;25.01.2024;5;1.0;202;53;187;53;15;52
TE303;25.01.2024;6;1.0;367;52;300;52;67;52
TE303;25.01.2024;7;1.0;653;52;511;51;142;52
TE303;25.01.2024;8;1.0;988;48;843;48;145;50
TE303;25.01.2024;9;1.0;841;50;623;49;218;50
TE303;25.01.2024;10;1.0;799;50;630;50;169;50
TE303;25.01.2024;11;1.0;821;51;504;51;317;52
TE303;25.01.2024;12;1.0;882;52;650;52;232;53
TE303;25.01.2024;13;1.0;806;52;640;51;166;54
TE303;25.01.2024;14;1.0;875;48;712;48;163;48
TE303;25.01.2024;15;1.0;1089;47;879;47;210;48
TE303;25.01.2024;16;1.0;1107;42;966;42;141;43
TE303;25.01.2024;17;1.0;1087;47;966;47;121;47
TE303;25.01.2024;18;1.0;1149;46;1064;46;85;46
TE303;25.01.2024;19;1.0;949;50;838;49;111;52
TE303;25.01.2024;20;1.0;559;51;490;51;69;53
TE303;25.01.2024;21;1.0;431;53;359;53;72;54
TE303;25.01.2024;22;1.0;461;49;375;49;86;50
TE303;25.01.2024;23;1.0;407;36;333;36;73;37
TE303;26.01.2024;0;1.0;255;50;195;51;60;49
TE303;26.01.2024;1;1.0;169;53;147;53;22;51
TE303;26.01.2024;2;1.0;139;51;130;52;9;51
TE303;26.01.2024;3;1.0;107;51;100;51;7;49
TE303;26.01.2024;4;1.0;91;52;89;52;2;50
TE303;26.01.2024;5;1.0;164;56;158;56;6;53
TE303;26.01.2024;6;1.0;306;56;279;56;27;56
TE303;26.01.2024;7;1.0;600;51;529;51;71;52
TE303;26.01.2024;8;1.0;820;51;700;51;120;51
TE303;26.01.2024;9;1.0;763;53;683;53;80;53
TE303;26.01.2024;10;1.0;811;53;671;53;140;54
TE303;26.01.2024;11;1.0;753;51;621;51;132;52
TE303;26.01.2024;12;1.0;875;45;711;45;163;47
TE303;26.01.2024;13;1.0;996;49;766;49;230;51
TE303;26.01.2024;14;1.0;926;48;707;48;219;50
TE303;26.01.2024;15;1.0;1013;47;706;46;307;49
TE303;26.01.2024;16;1.0;1039;48;899;48;140;51
TE303;26.01.2024;17;1.0;934;47;887;47;47;50
TE303;26.01.2024;18;1.0;998;48;954;48;44;49
TE303;26.01.2024;19;1.0;901;49;846;49;55;51
TE303;26.01.2024;20;1.0;641;48;582;48;59;49
TE303;26.01.2024;21;1.0;567;50;502;50;65;53
TE303;26.01.2024;22;1.0;569;48;517;47;52;49
TE303;26.01.2024;23;1.0;487;50;461;50;26;51
TE303;27.01.2024;0;1.0;374;52;353;52;21;52
TE303;27.01.2024;1;1.0;293;52;273;51;20;53
TE303;27.01.2024;2;1.0;225;52;220;52;5;53
TE303;27.01.2024;3;1.0;164;54;159;54;5;54
TE303;27.01.2024;4;1.0;121;52;118;52;3;54
TE303;27.01.2024;5;1.0;135;51;127;51;8;50
TE303;27.01.2024;6;1.0;161;52;148;52;13;49
TE303;27.01.2024;7;1.0;169;52;156;52;13;52
TE303;27.01.2024;8;1.0;269;52;248;52;21;52
TE303;27.01.2024;9;1.0;363;51;336;51;27;52
TE303;27.01.2024;10;1.0;524;52;430;52;94;52
TE303;27.01.2024;11;1.0;574;52;481;52;93;53
TE303;27.01.2024;12;1.0;597;54;448;53;149;55
TE303;27.01.2024;13;1.0;857;51;721;51;136;52
TE303;27.01.2024;14;1.0;795;50;623;50;172;51
TE303;27.01.2024;15;1.0;843;48;669;48;174;49
TE303;27.01.2024;16;1.0;772;48;617;48;155;49
TE303;27.01.2024;17;1.0;925;46;811;46;114;47
TE303;27.01.2024;18;1.0;843;48;728;48;115;48
TE303;27.01.2024;19;1.0;814;48;685;48;129;49
TE303;27.01.2024;20;1.0;712;48;578;47;134;49
TE303;27.01.2024;21;1.0;544;49;437;49;107;51
TE303;27.01.2024;22;1.0;516;50;379;49;137;49
TE303;27.01.2024;23;1.0;505;49;391;50;114;48
TE303;28.01.2024;0;1.0;417;51;351;51;66;51
TE303;28.01.2024;1;1.0;374;51;342;51;32;51
TE303;28.01.2024;2;1.0;268;51;232;51;36;51
TE303;28.01.2024;3;1.0;241;50;217;50;24;50
TE303;28.01.2024;4;1.0;202;52;164;52;38;51
TE303;28.01.2024;5;1.0;175;50;151;51;24;50
TE303;28.01.2024;6;1.0;142;51;135;51;7;49
TE303;28.01.2024;7;1.0;153;52;140;52;13;50
TE303;28.01.2024;8;1.0;187;50;178;50;9;50
TE303;28.01.2024;9;1.0;353;48;340;48;13;49
TE303;28.01.2024;10;1.0;452;48;414;48;38;49
TE303;28.01.2024;11;1.0;558;49;463;49;95;49
TE303;28.01.2024;15;1.0;740;48;670;48;70;47
TE303;28.01.2024;16;1.0;758;47;636;47;122;47
TE303;28.01.2024;17;1.0;781;47;687;47;94;47
TE303;28.01.2024;18;1.0;683;47;646;47;37;48
TE303;28.01.2024;19;1.0;628;36;600;36;28;36
TE303;28.01.2024;22;1.0;410;49;328;48;82;51
TE303;28.01.2024;23;1.0;247;50;208;49;39;49
TE303;29.01.2024;0;1.0;197;50;185;50;12;50
TE303;29.01.2024;1;1.0;122;49;111;49;11;48
TE303;29.01.2024;2;1.0;106;49;81;49;25;47
TE303;29.01.2024;3;1.0;73;51;54;52;19;50
TE303;29.01.2024;4;1.0;67;43;65;42;2;46
TE303;29.01.2024;5;1.0;144;51;137;51;7;48
TE303;29.01.2024;6;1.0;327;49;304;49;23;50
TE303;29.01.2024;7;1.0;624;37;572;37;52;37
TE303;29.01.2024;8;1.0;835;39;756;39;78;38
TE303;29.01.2024;10;1.0;724;38;602;38;122;38
TE303;29.01.2024;14;1.0;807;45;670;44;139;45
TE303;29.01.2024;15;1.0;956;45;852;45;103;46
TE303;29.01.2024;19;1.0;684;49;552;49;132;51
TE303;29.01.2024;21;1.0;399;36;365;36;34;37
TE303;29.01.2024;23;1.0;261;51;194;51;67;51
TE303;30.01.2024;1;1.0;95;43;72;43;23;41
TE303;30.01.2024;2;1.0;90;46;68;47;20;47
TE303;30.01.2024;3;1.0;79;37;70;37;9;39
TE303;30.01.2024;4;1.0;72;44;62;45;10;36
TE303;30.01.2024;5;1.0;153;51;145;51;8;49
TE303;30.01.2024;6;1.0;324;52;303;53;21;51
TE303;30.01.2024;7;1.0;670;51;620;51;50;51
TE303;30.01.2024;8;1.0;1040;47;927;47;113;48
TE303;30.01.2024;9;1.0;924;50;773;50;151;49
TE303;30.01.2024;10;1.0;757;49;645;49;112;50
TE303;30.01.2024;11;1.0;765;49;644;49;121;48
TE303;30.01.2024;12;1.0;784;49;674;50;110;50
TE303;30.01.2024;13;1.0;771;50;690;50;81;49
TE303;30.01.2024;14;1.0;833;49;682;49;151;48
TE303;30.01.2024;15;1.0;1052;48;855;48;197;49
TE303;30.01.2024;16;1.0;1092;47;825;46;267;48
TE303;30.01.2024;17;1.0;1015;47;874;47;141;49
TE303;30.01.2024;18;1.0;1013;47;907;47;106;49
TE303;30.01.2024;19;1.0;784;49;670;49;114;50
TE303;30.01.2024;20;1.0;525;51;395;50;130;52
TE303;30.01.2024;21;1.0;396;50;295;49;101;51
TE303;30.01.2024;22;1.0;403;50;313;50;90;51
TE303;30.01.2024;23;1.0;308;51;261;51;47;50
TE303;31.01.2024;0;1.0;185;53;178;53;7;53
TE303;31.01.2024;1;1.0;119;51;114;51;5;51
TE303;31.01.2024;2;1.0;112;51;106;52;6;52
TE303;31.01.2024;3;1.0;91;50;76;50;15;47
TE303;31.01.2024;4;1.0;87;50;76;50;11;49
TE303;31.01.2024;5;1.0;183;52;166;52;17;51
TE303;31.01.2024;6;1.0;331;55;307;55;24;55
TE303;31.01.2024;7;1.0;631;51;572;51;59;54
TE303;31.01.2024;8;1.0;1006;50;940;49;66;49
TE303;31.01.2024;9;1.0;867;50;748;49;119;52
TE303;31.01.2024;10;1.0;758;53;653;53;105;53
TE303;31.01.2024;11;1.0;688;52;551;51;137;53
TE303;31.01.2024;12;1.0;799;51;654;51;145;52
TE303;31.01.2024;13;1.0;787;51;636;51;151;52
TE303;31.01.2024;14;1.0;862;52;769;52;93;52
TE303;31.01.2024;15;1.0;1073;50;873;50;200;51
TE303;31.01.2024;16;1.0;1029;50;887;50;142;52
TE303;31.01.2024;17;1.0;1087;51;953;50;134;52
TE303;31.01.2024;18;1.0;976;51;856;51;120;53
TE303;31.01.2024;19;1.0;794;53;697;53;97;53
TE303;31.01.2024;20;1.0;542;53;476;53;66;54
TE303;31.01.2024;21;1.0;434;52;370;52;64;53
TE303;31.01.2024;22;1.0;419;51;390;51;29;53
TE303;31.01.2024;23;1.0;322;52;298;52;24;52
TE305;01.01.2024;0;1.0;622;29;599;29;23;26
TE305;01.01.2024;1;1.0;736;25;712;25;24;25
TE305;01.01.2024;2;1.0;613;26;588;26;25;27
TE305;01.01.2024;3;1.0;509;27;475;27;34;26
TE305;01.01.2024;4;1.0;397;29;383;29;14;27
TE305;01.01.2024;5;1.0;408;29;389;29;19;28
TE305;01.01.2024;6;1.0;247;30;242;30;5;30
TE305;01.01.2024;7;1.0;169;40;161;41;8;27
TE305;01.01.2024;8;1.0;132;36;131;36;1;28
TE305;01.01.2024;9;1.0;159;39;157;39;2;31
TE305;01.01.2024;10;1.0;203;37;198;37;5;32
TE305;01.01.2024;11;1.0;315;33;310;33;5;30
TE305;01.01.2024;12;1.0;368;36;362;36;6;27
TE305;01.01.2024;13;1.0;406;34;399;34;7;25
TE305;01.01.2024;14;1.0;490;32;481;32;9;28
TE305;01.01.2024;15;1.0;542;32;520;32;22;30
TE305;01.01.2024;16;1.0;539;32;530;32;9;30
TE305;01.01.2024;17;1.0;603;33;588;33;15;35
TE305;01.01.2024;18;1.0;567;32;560;32;7;36
TE305;01.01.2024;19;1.0;514;34;506;34;8;30
TE305;01.01.2024;20;1.0;401;34;393;34;8;34
TE305;01.01.2024;21;1.0;353;37;339;37;14;32
TE305;01.01.2024;22;1.0;366;34;362;34;4;36
TE305;01.01.2024;23;1.0;226;38;225;38;1;30
TE305;02.01.2024;0;1.0;168;33;168;33;0;-1
TE305;02.01.2024;1;1.0;124;31;124;31;0;-1
TE305;02.01.2024;2;1.0;103;33;103;33;0;-1
TE305;02.01.2024;3;1.0;84;30;81;30;3;40
TE305;02.01.2024;4;1.0;86;35;83;35;3;34
TE305;02.01.2024;5;1.0;207;33;201;32;6;39
TE305;02.01.2024;6;1.0;329;34;324;34;5;28
TE305;02.01.2024;7;1.0;435;32;415;32;20;26
TE305;02.01.2024;8;1.0;591;30;576;30;15;26
TE305;02.01.2024;9;1.0;595;35;567;35;28;33
TE305;02.01.2024;10;1.0;608;30;585;30;23;30
TE305;02.01.2024;11;1.0;689;31;671;31;18;30
TE305;02.01.2024;12;1.0;710;29;689;29;21;29
TE305;02.01.2024;13;1.0;701;30;672;30;29;27
TE305;02.01.2024;14;1.0;747;30;728;30;19;28
TE305;02.01.2024;15;1.0;859;27;848;27;11;25
TE305;02.01.2024;16;1.0;869;27;845;27;24;24
TE305;02.01.2024;17;1.0;847;28;827;28;20;26
TE305;02.01.2024;18;1.0;783;28;762;28;21;29
TE305;02.01.2024;19;1.0;639;33;627;33;12;31
TE305;02.01.2024;20;1.0;460;35;449;35;11;34
TE305;02.01.2024;21;1.0;413;38;405;38;8;36
TE305;02.01.2024;22;1.0;416;36;404;36;12;38
TE305;02.01.2024;23;1.0;273;39;270;39;3;40
TE305;03.01.2024;0;1.0;190;29;182;29;8;33
TE305;03.01.2024;1;1.0;102;31;101;31;1;33
TE305;03.01.2024;2;1.0;108;29;106;29;2;30
TE305;03.01.2024;3;1.0;80;31;76;31;4;30
TE305;03.01.2024;4;1.0;110;29;107;29;3;28
TE305;03.01.2024;5;1.0;216;36;213;36;3;35
TE305;03.01.2024;6;1.0;368;35;349;35;19;33
TE305;03.01.2024;7;1.0;539;31;507;31;32;29
TE305;03.01.2024;8;1.0;679;30;660;30;19;30
TE305;03.01.2024;9;1.0;629;31;601;32;28;27
TE305;03.01.2024;10;1.0;601;29;552;29;49;26
TE305;03.01.2024;11;1.0;673;29;626;29;47;28
TE305;03.01.2024;12;1.0;621;31;581;31;40;27
TE305;03.01.2024;13;1.0;709;29;686;29;23;31
TE305;03.01.2024;14;1.0;765;29;731;29;34;28
TE305;03.01.2024;15;1.0;801;28;779;28;22;29
TE305;03.01.2024;16;1.0;796;27;774;27;22;27
TE305;03.01.2024;17;1.0;800;28;782;28;18;29
TE305;03.01.2024;18;1.0;786;30;776;30;10;29
TE305;03.01.2024;19;1.0;598;32;590;32;8;29
TE305;03.01.2024;20;1.0;497;32;486;32;11;35
TE305;03.01.2024;21;1.0;411;34;403;34;8;33
TE305;03.01.2024;22;1.0;351;35;339;35;12;30
TE305;03.01.2024;23;1.0;321;35;313;35;8;33
TE305;04.01.2024;0;1.0;172;33;168;33;4;36
TE305;04.01.2024;1;1.0;98;28;96;28;2;23
TE305;04.01.2024;2;1.0;85;33;83;34;2;28
TE305;04.01.2024;3;1.0;60;30;59;30;1;29
TE305;04.01.2024;4;1.0;97;30;96;30;1;29
TE305;04.01.2024;5;1.0;214;38;212;38;2;42
TE305;04.01.2024;6;1.0;343;34;333;34;10;34
TE305;04.01.2024;7;1.0;489;32;471;32;18;28
TE305;04.01.2024;8;1.0;713;30;690;30;23;28
TE305;04.01.2024;9;1.0;654;26;614;26;40;25
TE305;04.01.2024;10;1.0;667;31;633;31;34;31
TE305;04.01.2024;11;1.0;681;28;653;28;28;28
TE305;04.01.2024;12;1.0;669;28;641;29;28;27
TE305;04.01.2024;13;1.0;708;28;677;28;31;28
TE305;04.01.2024;14;1.0;820;25;778;25;42;23
TE305;04.01.2024;15;1.0;796;28;765;28;31;27
TE305;04.01.2024;16;1.0;820;28;802;28;18;29
TE305;04.01.2024;17;1.0;826;29;804;29;22;26
TE305;04.01.2024;18;1.0;776;29;760;29;16;33
TE305;04.01.2024;19;1.0;675;32;657;32;18;34
TE305;04.01.2024;20;1.0;546;32;532;32;14;30
TE305;04.01.2024;21;1.0;386;37;373;37;13;38
TE305;04.01.2024;22;1.0;476;33;461;34;15;30
TE305;04.01.2024;23;1.0;304;37;299;37;5;30
TE305;05.01.2024;0;1.0;173;32;168;32;5;36
TE305;05.01.2024;1;1.0;129;32;125;31;4;36
TE305;05.01.2024;2;1.0;98;32;97;32;1;28
TE305;05.01.2024;3;1.0;81;34;81;34;0;-1
TE305;05.01.2024;4;1.0;75;36;69;36;6;42
TE305;05.01.2024;5;1.0;209;36;200;36;9;34
TE305;05.01.2024;6;1.0;350;36;328;36;22;33
TE305;05.01.2024;7;1.0;460;32;433;32;27;28
TE305;05.01.2024;8;1.0;608;32;582;32;26;31
TE305;05.01.2024;9;1.0;669;30;641;30;28;30
TE305;05.01.2024;10;1.0;668;28;637;29;31;28
TE305;05.01.2024;11;1.0;691;32;669;32;22;30
TE305;05.01.2024;12;1.0;659;29;631;29;28;29
TE305;05.01.2024;13;1.0;707;31;684;31;23;29
TE305;05.01.2024;14;1.0;728;28;708;28;20;28
TE305;05.01.2024;15;1.0;729;30;716;30;13;31
TE305;05.01.2024;16;1.0;730;31;717;31;13;31
TE305;05.01.2024;17;1.0;765;31;753;31;12;30
TE305;05.01.2024;18;1.0;729;32;718;32;11;29
TE305;05.01.2024;19;1.0;636;35;621;35;15;33
TE305;05.01.2024;20;1.0;548;35;539;35;9;35
TE305;05.01.2024;21;1.0;431;35;426;35;5;34
TE305;05.01.2024;22;1.0;446;37;432;37;14;31
TE305;05.01.2024;23;1.0;411;37;406;37;5;32
TE305;06.01.2024;0;1.0;291;30;282;30;9;30
TE305;06.01.2024;1;1.0;199;29;198;29;1;30
TE305;06.01.2024;2;1.0;177;30;173;30;4;30
TE305;06.01.2024;3;1.0;126;33;123;34;3;30
TE305;06.01.2024;4;1.0;110;31;108;31;2;24
TE305;06.01.2024;5;1.0;141;33;133;33;8;37
TE305;06.01.2024;6;1.0;123;42;119;43;4;28
TE305;06.01.2024;7;1.0;141;40;135;40;6;43
TE305;06.01.2024;8;1.0;190;37;182;37;8;37
TE305;06.01.2024;9;1.0;328;37;308;37;20;35
TE305;06.01.2024;10;1.0;369;34;357;34;12;34
TE305;06.01.2024;11;1.0;465;33;443;33;22;28
TE305;06.01.2024;12;1.0;533;33;528;33;5;31
TE305;06.01.2024;13;1.0;677;31;657;31;20;30
TE305;06.01.2024;14;1.0;680;30;665;30;15;28
TE305;06.01.2024;15;1.0;721;31;703;31;18;31
TE305;06.01.2024;16;1.0;706;31;698;31;8;30
TE305;06.01.2024;17;1.0;728;31;707;31;21;30
TE305;06.01.2024;18;1.0;683;31;670;31;13;29
TE305;06.01.2024;19;1.0;613;33;596;33;17;32
TE305;06.01.2024;20;1.0;568;35;552;35;16;30
TE305;06.01.2024;21;1.0;503;34;490;35;13;32
TE305;06.01.2024;22;1.0;592;36;579;36;13;36
TE305;06.01.2024;23;1.0;474;38;464;38;10;37
TE305;07.01.2024;0;1.0;354;30;339;30;15;25
TE305;07.01.2024;1;1.0;246;27;234;27;12;24
TE305;07.01.2024;2;1.0;227;29;225;29;2;28
TE305;07.01.2024;3;1.0;166;31;161;32;5;29
TE305;07.01.2024;4;1.0;118;35;115;35;3;40
TE305;07.01.2024;5;1.0;108;33;103;32;5;35
TE305;07.01.2024;6;1.0;107;33;106;33;1;29
TE305;07.01.2024;7;1.0;91;40;89;40;2;45
TE305;07.01.2024;8;1.0;128;39;122;40;6;36
TE305;07.01.2024;9;1.0;172;36;169;36;3;30
TE305;07.01.2024;10;1.0;269;37;265;37;4;25
TE305;07.01.2024;11;1.0;410;34;404;34;6;34
TE305;07.01.2024;12;1.0;504;35;497;35;7;35
TE305;07.01.2024;13;1.0;665;32;653;32;12;32
TE305;07.01.2024;14;1.0;638;31;624;31;14;30
TE305;07.01.2024;15;1.0;543;30;538;30;5;32
TE305;07.01.2024;16;1.0;615;32;605;32;10;31
TE305;07.01.2024;17;1.0;748;31;730;31;18;29
TE305;07.01.2024;18;1.0;613;32;596;32;17;33
TE305;07.01.2024;19;1.0;535;32;523;32;12;28
TE305;07.01.2024;20;1.0;375;37;370;37;5;28
TE305;07.01.2024;21;1.0;351;34;336;34;15;32
TE305;07.01.2024;22;1.0;340;34;331;35;9;31
TE305;07.01.2024;23;1.0;178;38;172;38;6;37
TE305;08.01.2024;0;1.0;120;33;115;33;5;41
TE305;08.01.2024;1;1.0;90;32;85;33;5;39
TE305;08.01.2024;2;1.0;67;34;61;34;6;30
TE305;08.01.2024;3;1.0;73;31;72;31;1;34
TE305;08.01.2024;4;1.0;82;27;81;26;1;34
TE305;08.01.2024;5;1.0;209;36;206;36;3;35
TE305;08.01.2024;6;1.0;458;34;445;34;13;31
TE305;08.01.2024;7;1.0;677;27;640;26;37;32
TE305;08.01.2024;8;1.0;833;27;790;27;43;26
TE305;08.01.2024;9;1.0;591;29;563;29;28;30
TE305;08.01.2024;10;1.0;651;29;619;29;32;28
TE305;08.01.2024;11;1.0;564;29;539;30;25;29
TE305;08.01.2024;12;1.0;603;30;583;30;20;30
TE305;08.01.2024;13;1.0;596;30;575;30;21;30
TE305;08.01.2024;14;1.0;686;31;653;31;33;31
TE305;08.01.2024;15;1.0;764;30;736;30;28;30
TE305;08.01.2024;16;1.0;804;28;775;28;29;28
TE305;08.01.2024;17;1.0;800;29;773;29;27;28
TE305;08.01.2024;18;1.0;796;29;762;29;34;29
TE305;08.01.2024;19;1.0;601;34;586;34;15;35
TE305;08.01.2024;20;1.0;428;32;411;32;17;30
TE305;08.01.2024;21;1.0;361;33;346;33;15;30
TE305;08.01.2024;22;1.0;332;35;317;35;15;34
TE305;08.01.2024;23;1.0;208;37;200;37;8;32
TE305;09.01.2024;0;1.0;136;31;131;31;5;32
TE305;09.01.2024;1;1.0;68;30;67;30;1;31
TE305;09.01.2024;2;1.0;63;30;62;30;1;29
TE305;09.01.2024;3;1.0;68;35;66;35;2;36
TE305;09.01.2024;4;1.0;84;34;83;34;1;33
TE305;09.01.2024;5;1.0;221;28;215;28;6;27
TE305;09.01.2024;6;1.0;461;33;441;33;20;30
TE305;09.01.2024;7;1.0;663;31;623;31;40;31
TE305;09.01.2024;8;1.0;849;29;806;29;43;28
TE305;09.01.2024;9;1.0;849;27;818;27;31;27
TE305;09.01.2024;10;1.0;747;28;710;28;37;28
TE305;09.01.2024;11;1.0;679;30;655;30;24;29
TE305;09.01.2024;12;1.0;693;25;656;25;37;23
TE305;09.01.2024;13;1.0;716;27;678;27;38;24
TE305;09.01.2024;14;1.0;738;30;700;30;38;28
TE305;09.01.2024;15;1.0;838;26;810;26;28;25
TE305;09.01.2024;16;1.0;835;26;810;26;25;28
TE305;09.01.2024;17;1.0;789;26;756;26;33;24
TE305;09.01.2024;18;1.0;734;23;701;23;33;24
TE305;09.01.2024;19;1.0;652;32;634;32;18;32
TE305;09.01.2024;20;1.0;489;33;476;33;13;34
TE305;09.01.2024;21;1.0;419;34;412;34;7;31
TE305;09.01.2024;22;1.0;390;36;380;36;10;36
TE305;09.01.2024;23;1.0;237;37;226;37;11;35
TE305;10.01.2024;0;1.0;134;32;129;32;5;34
TE305;10.01.2024;1;1.0;79;31;76;31;3;29
TE305;10.01.2024;2;1.0;60;31;58;31;2;36
TE305;10.01.2024;3;1.0;73;30;72;30;1;22
TE305;10.01.2024;4;1.0;106;32;98;31;8;37
TE305;10.01.2024;5;1.0;247;33;241;33;6;28
TE305;10.01.2024;6;1.0;450;33;425;33;25;25
TE305;10.01.2024;7;1.0;722;29;693;29;29;27
TE305;10.01.2024;8;1.0;916;27;879;27;37;27
TE305;10.01.2024;9;1.0;843;27;810;27;33;28
TE305;10.01.2024;10;1.0;711;27;670;26;41;27
TE305;10.01.2024;11;1.0;680;25;651;25;29;23
TE305;10.01.2024;12;1.0;748;27;713;27;35;27
TE305;10.01.2024;13;1.0;808;28;782;28;26;29
TE305;10.01.2024;14;1.0;816;28;780;28;36;26
TE305;10.01.2024;15;1.0;791;28;762;28;29;30
TE305;10.01.2024;16;1.0;876;25;851;25;25;23
TE305;10.01.2024;17;1.0;885;25;865;25;20;27
TE305;10.01.2024;18;1.0;865;25;852;25;13;23
TE305;10.01.2024;19;1.0;663;32;643;32;20;29
TE305;10.01.2024;20;1.0;532;33;517;33;15;30
TE305;10.01.2024;21;1.0;475;32;453;32;22;30
TE305;10.01.2024;22;1.0;411;37;399;37;12;32
TE305;10.01.2024;23;1.0;314;36;305;36;9;28
TE305;11.01.2024;0;1.0;178;31;172;31;6;28
TE305;11.01.2024;1;1.0;116;33;114;33;2;26
TE305;11.01.2024;2;1.0;85;33;83;33;2;26
TE305;11.01.2024;3;1.0;68;35;66;36;2;23
TE305;11.01.2024;4;1.0;83;30;81;30;2;28
TE305;11.01.2024;5;1.0;243;37;241;37;2;32
TE305;11.01.2024;6;1.0;469;36;462;36;7;30
TE305;11.01.2024;7;1.0;732;33;721;33;11;31
TE305;11.01.2024;8;1.0;837;21;819;21;17;24
TE305;11.01.2024;9;1.0;823;24;800;23;23;24
TE305;11.01.2024;10;1.0;746;27;721;27;25;27
TE305;11.01.2024;11;1.0;787;27;759;27;28;27
TE305;11.01.2024;12;1.0;792;29;779;29;13;29
TE305;11.01.2024;13;1.0;790;27;770;27;20;27
TE305;11.01.2024;14;1.0;812;28;792;28;20;26
TE305;11.01.2024;15;1.0;826;25;806;25;20;28
TE305;11.01.2024;16;1.0;840;24;824;24;16;25
TE305;11.01.2024;17;1.0;752;23;738;23;14;18
TE305;11.01.2024;18;1.0;788;25;768;25;20;22
TE305;11.01.2024;19;1.0;683;32;676;32;7;30
TE305;11.01.2024;20;1.0;562;35;547;36;15;35
TE305;11.01.2024;21;1.0;435;36;425;36;10;31
TE305;11.01.2024;22;1.0;562;35;552;35;10;31
TE305;11.01.2024;23;1.0;329;40;317;40;12;32
TE305;12.01.2024;0;1.0;211;31;208;31;3;31
TE305;12.01.2024;1;1.0;125;29;124;29;1;27
TE305;12.01.2024;2;1.0;97;35;97;35;0;-1
TE305;12.01.2024;3;1.0;84;34;83;35;1;38
TE305;12.01.2024;4;1.0;97;31;96;31;1;23
TE305;12.01.2024;5;1.0;219;37;216;37;3;38
TE305;12.01.2024;6;1.0;480;27;476;27;4;22
TE305;12.01.2024;7;1.0;675;31;656;31;19;30
TE305;12.01.2024;8;1.0;803;29;779;29;24;28
TE305;12.01.2024;9;1.0;772;27;746;28;26;24
TE305;12.01.2024;10;1.0;718;31;694;31;24;29
TE305;12.01.2024;11;1.0;774;28;748;28;26;27
TE305;12.01.2024;12;1.0;784;28;760;28;24;28
TE305;12.01.2024;13;1.0;805;27;793;27;12;25
TE305;12.01.2024;14;1.0;858;28;832;28;26;29
TE305;12.01.2024;15;1.0;821;30;802;30;19;29
TE305;12.01.2024;16;1.0;936;26;924;26;12;22
TE305;12.01.2024;17;1.0;906;28;892;28;14;28
TE305;12.01.2024;18;1.0;878;29;855;29;23;27
TE305;12.01.2024;19;1.0;789;31;770;31;19;30
TE305;12.01.2024;20;1.0;657;33;649;33;8;31
TE305;12.01.2024;21;1.0;587;34;571;35;16;30
TE305;12.01.2024;22;1.0;664;31;647;31;17;29
TE305;12.01.2024;23;1.0;426;35;413;35;13;36
TE305;13.01.2024;0;1.0;348;32;335;32;13;30
TE305;13.01.2024;1;1.0;243;28;239;28;4;30
TE305;13.01.2024;2;1.0;224;29;216;29;8;30
TE305;13.01.2024;3;1.0;142;35;138;35;4;42
TE305;13.01.2024;4;1.0;154;31;150;31;4;30
TE305;13.01.2024;5;1.0;150;28;145;28;5;33
TE305;13.01.2024;6;1.0;133;40;131;40;2;32
TE305;13.01.2024;7;1.0;179;37;177;37;2;30
TE305;13.01.2024;8;1.0;265;37;263;37;2;32
TE305;13.01.2024;9;1.0;382;35;380;35;2;43
TE305;13.01.2024;10;1.0;467;32;456;32;11;34
TE305;13.01.2024;11;1.0;563;33;547;33;16;29
TE305;13.01.2024;12;1.0;640;30;615;30;25;31
TE305;13.01.2024;13;1.0;746;30;724;30;22;27
TE305;13.01.2024;14;1.0;761;31;737;31;24;30
TE305;13.01.2024;15;1.0;768;31;748;31;20;29
TE305;13.01.2024;16;1.0;755;31;739;31;16;29
TE305;13.01.2024;17;1.0;838;29;820;29;18;29
TE305;13.01.2024;18;1.0;827;29;816;29;11;30
TE305;13.01.2024;19;1.0;659;33;651;33;8;33
TE305;13.01.2024;20;1.0;613;32;606;32;7;28
TE305;13.01.2024;21;1.0;643;30;619;30;24;24
TE305;13.01.2024;22;1.0;556;34;547;34;9;26
TE305;13.01.2024;23;1.0;567;35;554;35;13;32
TE305;14.01.2024;0;1.0;425;27;423;27;2;28
TE305;14.01.2024;1;1.0;370;27;363;27;7;26
TE305;14.01.2024;2;1.0;240;28;237;28;3;29
TE305;14.01.2024;3;1.0;226;28;225;28;1;30
TE305;14.01.2024;4;1.0;169;28;167;28;2;28
TE305;14.01.2024;5;1.0;158;38;155;38;3;33
TE305;14.01.2024;6;1.0;135;32;132;32;3;30
TE305;14.01.2024;7;1.0;110;40;110;40;0;-1
TE305;14.01.2024;8;1.0;159;41;154;41;5;38
TE305;14.01.2024;9;1.0;237;36;228;36;9;36
TE305;14.01.2024;10;1.0;291;37;286;37;5;36
TE305;14.01.2024;11;1.0;422;34;418;34;4;38
TE305;14.01.2024;12;1.0;566;32;559;32;7;32
TE305;14.01.2024;13;1.0;603;32;571;33;32;29
TE305;14.01.2024;14;1.0;683;31;660;31;23;29
TE305;14.01.2024;15;1.0;756;32;744;32;12;29
TE305;14.01.2024;16;1.0;689;31;671;31;18;28
TE305;14.01.2024;17;1.0;731;31;718;31;13;28
TE305;14.01.2024;18;1.0;683;32;675;32;8;30
TE305;14.01.2024;19;1.0;548;34;532;34;16;33
TE305;14.01.2024;20;1.0;433;35;427;35;6;33
TE305;14.01.2024;21;1.0;429;32;419;32;10;30
TE305;14.01.2024;22;1.0;468;34;456;34;12;30
TE305;14.01.2024;23;1.0;268;39;261;39;7;32
TE305;15.01.2024;0;1.0;155;34;150;34;5;32
TE305;15.01.2024;1;1.0;103;30;103;30;0;-1
TE305;15.01.2024;2;1.0;69;35;69;35;0;-1
TE305;15.01.2024;3;1.0;77;32;76;32;1;36
TE305;15.01.2024;4;1.0;183;28;181;28;2;12
TE305;15.01.2024;5;1.0;247;30;241;30;6;24
TE305;15.01.2024;6;1.0;508;25;492;25;16;28
TE305;15.01.2024;7;1.0;464;25;455;25;9;27
TE305;15.01.2024;8;1.0;495;20;485;20;10;19
TE305;15.01.2024;16;1.0;642;25;615;25;27;22
TE305;15.01.2024;17;1.0;672;27;650;27;22;23
TE305;15.01.2024;18;1.0;644;30;620;30;24;28
TE305;15.01.2024;19;1.0;563;32;550;32;13;31
TE305;15.01.2024;20;1.0;460;33;453;33;7;31
TE305;15.01.2024;21;1.0;424;31;403;32;21;27
TE305;15.01.2024;22;1.0;415;34;406;34;9;29
TE305;15.01.2024;23;1.0;238;37;235;37;3;32
TE305;16.01.2024;0;1.0;139;36;135;36;4;30
TE305;16.01.2024;1;1.0;93;30;91;30;2;24
TE305;16.01.2024;2;1.0;42;27;40;27;2;31
TE305;16.01.2024;3;1.0;74;25;74;25;0;-1
TE305;16.01.2024;4;1.0;83;23;79;23;4;26
TE305;16.01.2024;5;1.0;192;28;191;28;1;21
TE305;16.01.2024;6;1.0;450;26;439;26;11;27
TE305;16.01.2024;7;1.0;687;22;669;22;18;24
TE305;16.01.2024;8;1.0;789;20;775;20;14;21
TE305;16.01.2024;9;1.0;707;20;685;20;22;18
TE305;16.01.2024;10;1.0;783;22;769;22;14;23
TE305;16.01.2024;11;1.0;724;23;705;23;19;21
TE305;16.01.2024;12;1.0;694;21;667;21;27;22
TE305;16.01.2024;13;1.0;777;21;754;21;23;23
TE305;16.01.2024;14;1.0;749;23;722;23;27;21
TE305;16.01.2024;15;1.0;722;17;692;17;30;15
TE305;16.01.2024;16;1.0;723;18;687;18;36;14
TE305;16.01.2024;17;1.0;824;19;797;19;27;17
TE305;16.01.2024;18;1.0;798;21;779;21;19;19
TE305;16.01.2024;19;1.0;734;25;722;25;12;14
TE305;16.01.2024;20;1.0;541;30;525;30;16;31
TE305;16.01.2024;22;1.0;539;29;523;29;16;31
TE305;16.01.2024;23;1.0;325;36;313;37;12;34
TE305;17.01.2024;0;1.0;163;29;159;29;4;31
TE305;17.01.2024;1;1.0;98;32;97;32;1;29
TE305;17.01.2024;2;1.0;57;32;56;32;1;35
TE305;17.01.2024;3;1.0;71;30;67;30;4;30
TE305;17.01.2024;4;1.0;107;31;103;31;4;28
TE305;17.01.2024;5;1.0;223;35;217;34;6;34
TE305;17.01.2024;6;1.0;474;28;449;28;25;30
TE305;17.01.2024;7;1.0;721;25;679;25;42;24
TE305;17.01.2024;8;1.0;860;23;820;23;40;23
TE305;17.01.2024;9;1.0;758;21;728;21;30;20
TE305;17.01.2024;10;1.0;735;22;700;22;35;22
TE305;17.01.2024;11;1.0;760;23;724;23;36;24
TE305;17.01.2024;12;1.0;840;27;805;27;35;28
TE305;17.01.2024;13;1.0;850;25;824;25;26;26
TE305;17.01.2024;14;1.0;845;27;815;27;30;25
TE305;17.01.2024;15;1.0;920;24;900;24;20;23
TE305;17.01.2024;16;1.0;901;24;879;24;22;20
TE305;17.01.2024;17;1.0;920;25;895;25;25;24
TE305;17.01.2024;18;1.0;935;27;915;27;20;24
TE305;17.01.2024;19;1.0;736;28;725;28;11;27
TE305;17.01.2024;20;1.0;583;32;578;32;5;30
TE305;17.01.2024;21;1.0;488;35;477;35;11;35
TE305;17.01.2024;22;1.0;415;35;411;35;4;32
TE305;17.01.2024;23;1.0;310;35;304;35;6;29
TE305;18.01.2024;0;1.0;198;33;196;33;2;27
TE305;18.01.2024;1;1.0;95;38;93;38;2;38
TE305;18.01.2024;2;1.0;83;32;83;32;0;-1
TE305;18.01.2024;3;1.0;91;30;91;30;0;-1
TE305;18.01.2024;4;1.0;109;32;105;32;4;24
TE305;18.01.2024;5;1.0;209;35;207;35;2;34
TE305;18.01.2024;6;1.0;459;34;451;35;8;28
TE305;18.01.2024;7;1.0;777;31;747;31;30;30
TE305;18.01.2024;8;1.0;931;28;892;28;39;29
TE305;18.01.2024;9;1.0;869;24;838;24;31;24
TE305;18.01.2024;10;1.0;580;23;549;22;31;20
TE305;18.01.2024;11;1.0;726;27;695;27;31;27
TE305;18.01.2024;12;1.0;775;26;738;26;37;26
TE305;18.01.2024;13;1.0;853;27;812;27;41;27
TE305;18.01.2024;14;1.0;860;26;837;26;23;27
TE305;18.01.2024;15;1.0;966;24;930;24;36;24
TE305;18.01.2024;16;1.0;902;21;870;21;30;23
TE305;18.01.2024;17;1.0;926;23;898;23;28;22
TE305;18.01.2024;18;1.0;932;23;909;23;23;23
TE305;18.01.2024;19;1.0;833;28;809;28;24;24
TE305;18.01.2024;20;1.0;651;32;638;32;13;28
TE305;18.01.2024;21;1.0;498;33;486;33;12;32
TE305;18.01.2024;22;1.0;629;31;610;31;19;29
TE305;18.01.2024;23;1.0;370;35;364;35;6;32
TE305;19.01.2024;0;1.0;231;32;225;32;6;33
TE305;19.01.2024;1;1.0;142;31;138;31;4;30
TE305;19.01.2024;2;1.0;129;34;124;34;5;39
TE305;19.01.2024;3;1.0;110;32;109;32;1;31
TE305;19.01.2024;4;1.0;99;31;93;31;6;28
TE305;19.01.2024;5;1.0;217;37;201;37;16;33
TE305;19.01.2024;6;1.0;440;31;422;31;18;30
TE305;19.01.2024;7;1.0;743;27;722;27;21;25
TE305;19.01.2024;8;1.0;941;25;911;25;30;26
TE305;19.01.2024;9;1.0;807;23;766;23;41;23
TE305;19.01.2024;10;1.0;844;23;810;23;34;23
TE305;19.01.2024;11;1.0;793;22;764;22;29;23
TE305;19.01.2024;12;1.0;800;23;753;23;47;23
TE305;19.01.2024;13;1.0;953;23;915;23;38;23
TE305;19.01.2024;14;1.0;919;23;887;23;32;21
TE305;19.01.2024;15;1.0;839;23;804;23;35;21
TE305;19.01.2024;16;1.0;933;25;912;24;21;25
TE305;19.01.2024;17;1.0;865;28;839;28;26;25
TE305;19.01.2024;18;1.0;884;29;865;29;19;26
TE305;19.01.2024;19;1.0;735;28;707;28;28;27
TE305;19.01.2024;20;1.0;628;32;605;32;23;28
TE305;19.01.2024;21;1.0;587;32;559;32;28;31
TE305;19.01.2024;22;1.0;705;30;683;31;22;30
TE305;19.01.2024;23;1.0;498;35;476;35;22;33
TE305;20.01.2024;0;1.0;355;27;337;27;18;29
TE305;20.01.2024;1;1.0;287;30;275;30;12;30
TE305;20.01.2024;2;1.0;234;30;217;30;17;27
TE305;20.01.2024;3;1.0;174;30;167;30;7;32
TE305;20.01.2024;4;1.0;161;35;155;35;6;30
TE305;20.01.2024;5;1.0;159;31;148;31;11;28
TE305;20.01.2024;6;1.0;138;38;127;39;11;29
TE305;20.01.2024;7;1.0;190;36;183;36;7;36
TE305;20.01.2024;8;1.0;254;35;241;35;13;32
TE305;20.01.2024;9;1.0;430;38;417;38;13;37
TE305;20.01.2024;10;1.0;459;35;436;35;23;36
TE305;20.01.2024;11;1.0;522;33;494;33;28;32
TE305;20.01.2024;12;1.0;608;30;590;30;18;30
TE305;20.01.2024;13;1.0;508;33;486;33;22;30
TE305;20.01.2024;14;1.0;815;27;789;27;26;26
TE305;20.01.2024;15;1.0;785;29;767;29;18;30
TE305;20.01.2024;16;1.0;799;28;781;28;18;27
TE305;20.01.2024;17;1.0;850;27;825;27;25;30
TE305;20.01.2024;18;1.0;726;31;698;31;28;28
TE305;20.01.2024;19;1.0;658;31;631;31;27;31
TE305;20.01.2024;20;1.0;612;31;590;31;22;28
TE305;20.01.2024;21;1.0;633;31;610;31;23;30
TE305;20.01.2024;22;1.0;637;31;614;31;23;30
TE305;20.01.2024;23;1.0;601;33;581;33;20;32
TE305;21.01.2024;0;1.0;420;27;404;27;16;27
TE305;21.01.2024;1;1.0;340;28;321;28;19;27
TE305;21.01.2024;2;1.0;215;30;210;30;5;29
TE305;21.01.2024;3;1.0;200;33;191;33;9;29
TE305;21.01.2024;4;1.0;161;34;157;34;4;36
TE305;21.01.2024;5;1.0;161;34;151;35;10;30
TE305;21.01.2024;6;1.0;117;34;115;34;2;32
TE305;21.01.2024;7;1.0;121;37;118;37;3;32
TE305;21.01.2024;8;1.0;134;38;129;39;5;30
TE305;21.01.2024;9;1.0;255;35;244;35;11;32
TE305;21.01.2024;10;1.0;348;35;325;36;23;30
TE305;21.01.2024;11;1.0;434;35;416;35;18;36
TE305;21.01.2024;12;1.0;550;32;526;32;24;34
TE305;21.01.2024;13;1.0;594;32;572;32;22;35
TE305;21.01.2024;14;1.0;585;33;562;33;23;33
TE305;21.01.2024;15;1.0;604;31;595;31;9;32
TE305;21.01.2024;16;1.0;698;33;682;33;16;32
TE305;21.01.2024;17;1.0;851;27;822;27;29;28
TE305;21.01.2024;18;1.0;700;31;681;31;19;33
TE305;21.01.2024;19;1.0;527;34;508;34;19;33
TE305;21.01.2024;20;1.0;450;35;426;35;24;32
TE305;21.01.2024;21;1.0;378;31;349;31;29;32
TE305;21.01.2024;22;1.0;363;34;339;34;24;30
TE305;21.01.2024;23;1.0;221;36;213;36;8;33
TE305;22.01.2024;0;1.0;149;34;140;34;9;31
TE305;22.01.2024;1;1.0;104;33;102;33;2;30
TE305;22.01.2024;2;1.0;71;32;69;32;2;33
TE305;22.01.2024;3;1.0;70;33;69;33;1;28
TE305;22.01.2024;4;1.0;80;31;77;31;3;29
TE305;22.01.2024;5;1.0;248;38;238;38;10;41
TE305;22.01.2024;6;1.0;452;36;422;36;30;33
TE305;22.01.2024;7;1.0;709;29;662;29;47;28
TE305;22.01.2024;8;1.0;832;26;788;26;44;26
TE305;22.01.2024;9;1.0;783;27;759;27;24;25
TE305;22.01.2024;10;1.0;776;28;759;28;17;26
TE305;22.01.2024;11;1.0;757;26;724;26;33;29
TE305;22.01.2024;12;1.0;724;28;688;28;36;28
TE305;22.01.2024;13;1.0;671;29;623;29;48;27
TE305;22.01.2024;14;1.0;766;26;730;26;36;26
TE305;22.01.2024;15;1.0;800;27;766;27;34;25
TE305;22.01.2024;16;1.0;768;23;733;23;35;23
TE305;22.01.2024;17;1.0;710;26;672;26;38;26
TE305;22.01.2024;18;1.0;780;29;757;29;23;28
TE305;22.01.2024;19;1.0;573;29;565;29;8;24
TE305;22.01.2024;20;1.0;504;32;494;32;10;29
TE305;22.01.2024;21;1.0;406;35;399;36;7;35
TE305;22.01.2024;22;1.0;389;34;382;34;7;34
TE305;22.01.2024;23;1.0;375;33;368;34;7;34
TE305;23.01.2024;0;1.0;158;36;153;36;5;33
TE305;23.01.2024;1;1.0;78;38;74;39;4;32
TE305;23.01.2024;2;1.0;66;33;65;33;1;28
TE305;23.01.2024;3;1.0;72;32;72;32;0;-1
TE305;23.01.2024;4;1.0;81;32;78;32;3;35
TE305;23.01.2024;5;1.0;223;35;214;35;9;35
TE305;23.01.2024;6;1.0;479;33;454;33;25;32
TE305;23.01.2024;7;1.0;748;29;724;29;24;29
TE305;23.01.2024;8;1.0;808;27;776;27;32;27
TE305;23.01.2024;9;1.0;765;28;723;28;42;28
TE305;23.01.2024;10;1.0;752;26;711;26;41;28
TE305;23.01.2024;11;1.0;736;26;700;26;36;24
TE305;23.01.2024;12;1.0;750;27;720;27;30;27
TE305;23.01.2024;13;1.0;805;28;775;28;30;28
TE305;23.01.2024;14;1.0;813;28;782;28;31;24
TE305;23.01.2024;15;1.0;799;27;771;27;28;25
TE305;23.01.2024;16;1.0;790;27;754;27;36;26
TE305;23.01.2024;17;1.0;823;25;782;25;41;26
TE305;23.01.2024;18;1.0;870;27;838;26;32;28
TE305;23.01.2024;19;1.0;688;30;666;30;22;28
TE305;23.01.2024;20;1.0;572;32;559;32;13;31
TE305;23.01.2024;21;1.0;459;34;445;34;14;30
TE305;23.01.2024;22;1.0;404;35;395;35;9;30
TE305;23.01.2024;23;1.0;289;38;285;38;4;40
TE305;24.01.2024;0;1.0;144;35;142;35;2;36
TE305;24.01.2024;1;1.0;106;34;105;34;1;37
TE305;24.01.2024;2;1.0;79;33;77;32;2;36
TE305;24.01.2024;3;1.0;83;32;82;32;1;33
TE305;24.01.2024;4;1.0;134;29;129;30;5;26
TE305;24.01.2024;5;1.0;280;34;273;34;7;36
TE305;24.01.2024;6;1.0;479;34;458;34;21;33
TE305;24.01.2024;7;1.0;693;28;659;28;33;30
TE305;24.01.2024;8;1.0;891;26;863;26;28;26
TE305;24.01.2024;9;1.0;852;29;814;29;38;27
TE305;24.01.2024;10;1.0;810;25;779;25;31;26
TE305;24.01.2024;11;1.0;774;26;723;26;51;26
TE305;24.01.2024;12;1.0;764;26;705;26;59;24
TE305;24.01.2024;13;1.0;794;26;748;26;46;29
TE305;24.01.2024;14;1.0;779;22;744;22;35;20
TE305;24.01.2024;15;1.0;734;19;705;19;29;21
TE305;24.01.2024;16;1.0;752;17;717;17;35;23
TE305;24.01.2024;17;1.0;800;22;765;22;35;21
TE305;24.01.2024;18;1.0;844;27;817;27;27;28
TE305;24.01.2024;19;1.0;761;31;731;31;30;30
TE305;24.01.2024;20;1.0;565;32;545;32;20;29
TE305;24.01.2024;21;1.0;522;33;509;33;13;32
TE305;24.01.2024;22;1.0;450;33;441;33;9;35
TE305;24.01.2024;23;1.0;299;37;284;37;15;37
TE305;25.01.2024;0;1.0;205;32;188;31;17;33
TE305;25.01.2024;1;1.0;117;31;115;31;2;27
TE305;25.01.2024;2;1.0;99;30;99;30;0;-1
TE305;25.01.2024;3;1.0;98;34;98;34;0;-1
TE305;25.01.2024;4;1.0;99;33;98;33;1;29
TE305;25.01.2024;5;1.0;245;35;241;35;4;34
TE305;25.01.2024;6;1.0;495;32;482;32;13;30
TE305;25.01.2024;7;1.0;737;29;697;29;40;31
TE305;25.01.2024;8;1.0;909;27;882;27;27;31
TE305;25.01.2024;9;1.0;794;24;762;24;32;27
TE305;25.01.2024;10;1.0;771;25;736;25;35;26
TE305;25.01.2024;11;1.0;786;27;752;27;34;26
TE305;25.01.2024;12;1.0;773;28;741;28;32;27
TE305;25.01.2024;13;1.0;782;28;752;28;30;26
TE305;25.01.2024;14;1.0;860;27;828;27;32;26
TE305;25.01.2024;15;1.0;861;24;834;24;27;25
TE305;25.01.2024;16;1.0;799;23;781;23;18;25
TE305;25.01.2024;17;1.0;838;27;818;28;20;24
TE305;25.01.2024;18;1.0;893;25;871;25;22;22
TE305;25.01.2024;19;1.0;921;27;896;27;25;24
TE305;25.01.2024;20;1.0;769;31;750;31;19;29
TE305;25.01.2024;21;1.0;574;32;559;32;15;32
TE305;25.01.2024;22;1.0;669;29;656;29;13;29
TE305;25.01.2024;23;1.0;440;34;418;34;22;36
TE305;26.01.2024;0;1.0;239;28;235;28;4;28
TE305;26.01.2024;1;1.0;163;28;162;28;1;36
TE305;26.01.2024;2;1.0;106;29;100;29;6;30
TE305;26.01.2024;3;1.0;103;30;102;30;1;24
TE305;26.01.2024;4;1.0;111;28;107;27;4;30
TE305;26.01.2024;5;1.0;259;37;247;38;12;32
TE305;26.01.2024;6;1.0;446;33;428;33;18;35
TE305;26.01.2024;7;1.0;765;28;729;28;36;27
TE305;26.01.2024;8;1.0;875;27;846;27;29;27
TE305;26.01.2024;9;1.0;846;28;812;28;34;27
TE305;26.01.2024;10;1.0;812;27;776;27;36;26
TE305;26.01.2024;11;1.0;755;30;723;30;32;31
TE305;26.01.2024;12;1.0;674;29;654;29;19;28
TE305;26.01.2024;13;1.0;791;28;761;28;30;31
TE305;26.01.2024;14;1.0;822;25;807;25;15;25
TE305;26.01.2024;15;1.0;832;29;803;29;29;31
TE305;26.01.2024;16;1.0;841;29;815;29;26;29
TE305;26.01.2024;17;1.0;778;29;750;30;28;29
TE305;26.01.2024;18;1.0;781;27;764;27;17;20
TE305;26.01.2024;19;1.0;723;32;707;32;16;28
TE305;26.01.2024;20;1.0;617;32;599;32;18;30
TE305;26.01.2024;21;1.0;548;34;527;34;21;34
TE305;26.01.2024;22;1.0;701;31;680;31;21;33
TE305;26.01.2024;23;1.0;526;32;506;32;20;33
TE305;27.01.2024;0;1.0;371;25;358;25;13;24
TE305;27.01.2024;1;1.0;307;27;295;27;12;27
TE305;27.01.2024;2;1.0;241;28;238;28;3;27
TE305;27.01.2024;3;1.0;207;29;198;29;9;24
TE305;27.01.2024;4;1.0;157;30;153;30;4;33
TE305;27.01.2024;5;1.0;160;30;156;30;4;32
TE305;27.01.2024;6;1.0;144;41;142;41;2;42
TE305;27.01.2024;7;1.0;219;35;215;35;4;32
TE305;27.01.2024;8;1.0;276;34;268;34;8;29
TE305;27.01.2024;9;1.0;456;34;438;34;18;32
TE305;27.01.2024;10;1.0;555;32;547;32;8;29
TE305;27.01.2024;11;1.0;612;32;600;32;12;32
TE305;27.01.2024;12;1.0;663;32;641;32;22;32
TE305;27.01.2024;13;1.0;729;29;715;29;14;27
TE305;27.01.2024;14;1.0;788;28;761;28;27;28
TE305;27.01.2024;15;1.0;762;29;722;29;40;27
TE305;27.01.2024;16;1.0;794;28;773;28;21;30
TE305;27.01.2024;17;1.0;855;26;829;26;26;25
TE305;27.01.2024;18;1.0;776;28;759;28;17;29
TE305;27.01.2024;19;1.0;742;29;720;29;22;29
TE305;27.01.2024;20;1.0;679;29;646;29;33;28
TE305;27.01.2024;21;1.0;638;31;608;31;30;30
TE305;27.01.2024;22;1.0;655;32;621;32;34;32
TE305;27.01.2024;23;1.0;570;32;540;32;30;32
TE305;28.01.2024;0;1.0;441;27;411;27;30;30
TE305;28.01.2024;1;1.0;354;26;335;26;19;27
TE305;28.01.2024;2;1.0;282;27;275;27;7;25
TE305;28.01.2024;3;1.0;241;29;232;29;9;26
TE305;28.01.2024;4;1.0;200;35;194;35;6;28
TE305;28.01.2024;5;1.0;188;35;173;35;15;34
TE305;28.01.2024;6;1.0;124;29;124;29;0;-1
TE305;28.01.2024;7;1.0;134;36;127;37;7;33
TE305;28.01.2024;8;1.0;165;38;161;37;4;35
TE305;28.01.2024;9;1.0;261;33;248;33;13;27
TE305;28.01.2024;10;1.0;352;32;334;32;18;30
TE305;28.01.2024;11;1.0;564;30;546;30;18;30
TE305;28.01.2024;12;1.0;655;29;623;29;32;28
TE305;28.01.2024;13;1.0;741;29;724;29;17;28
TE305;28.01.2024;14;1.0;743;28;719;28;24;30
TE305;28.01.2024;15;1.0;721;30;679;30;42;29
TE305;28.01.2024;16;1.0;727;29;705;29;22;30
TE305;28.01.2024;17;1.0;809;27;791;27;18;26
TE305;28.01.2024;18;1.0;758;29;732;29;26;28
TE305;28.01.2024;19;1.0;674;30;639;30;35;28
TE305;28.01.2024;20;1.0;526;32;508;32;18;31
TE305;28.01.2024;21;1.0;496;32;484;32;12;30
TE305;28.01.2024;22;1.0;431;33;420;33;11;29
TE305;28.01.2024;23;1.0;289;34;277;34;12;32
TE305;29.01.2024;0;1.0;144;32;141;32;3;33
TE305;29.01.2024;1;1.0;108;29;106;28;2;34
TE305;29.01.2024;2;1.0;68;31;68;31;0;-1
TE305;29.01.2024;3;1.0;71;31;70;31;1;34
TE305;29.01.2024;4;1.0;92;31;89;31;3;35
TE305;29.01.2024;5;1.0;235;35;229;35;6;32
TE305;29.01.2024;6;1.0;507;35;481;35;26;34
TE305;29.01.2024;7;1.0;771;27;738;27;33;26
TE305;29.01.2024;8;1.0;841;26;800;26;41;28
TE305;29.01.2024;9;1.0;729;27;693;27;36;26
TE305;29.01.2024;10;1.0;711;28;648;29;63;27
TE305;29.01.2024;11;1.0;698;29;648;29;50;31
TE305;29.01.2024;12;1.0;685;28;627;28;58;28
TE305;29.01.2024;13;1.0;752;28;705;28;47;27
TE305;29.01.2024;14;1.0;771;27;739;27;32;25
TE305;29.01.2024;15;1.0;793;25;749;25;44;27
TE305;29.01.2024;16;1.0;850;26;832;26;18;28
TE305;29.01.2024;17;1.0;809;27;779;27;30;25
TE305;29.01.2024;18;1.0;753;28;719;28;34;29
TE305;29.01.2024;19;1.0;664;32;623;32;41;31
TE305;29.01.2024;20;1.0;455;32;432;32;23;31
TE305;29.01.2024;21;1.0;382;35;368;35;14;34
TE305;29.01.2024;22;1.0;337;34;322;34;15;34
TE305;29.01.2024;23;1.0;231;36;225;36;6;35
TE305;30.01.2024;0;1.0;157;29;152;29;5;28
TE305;30.01.2024;1;1.0;72;30;72;30;0;-1
TE305;30.01.2024;2;1.0;72;33;68;33;4;26
TE305;30.01.2024;3;1.0;62;34;61;35;1;27
TE305;30.01.2024;4;1.0;97;38;93;38;4;36
TE305;30.01.2024;5;1.0;222;35;205;35;17;32
TE305;30.01.2024;6;1.0;431;31;405;31;26;29
TE305;30.01.2024;7;1.0;734;28;705;28;29;26
TE305;30.01.2024;8;1.0;875;28;829;28;46;26
TE305;30.01.2024;9;1.0;755;26;710;26;45;23
TE305;30.01.2024;10;1.0;775;27;738;27;37;26
TE305;30.01.2024;11;1.0;751;28;707;28;44;26
TE305;30.01.2024;12;1.0;742;26;710;26;32;27
TE305;30.01.2024;13;1.0;807;25;771;25;36;23
TE305;30.01.2024;14;1.0;767;26;724;26;43;24
TE305;30.01.2024;15;1.0;852;28;805;28;47;27
TE305;30.01.2024;16;1.0;823;25;792;25;31;23
TE305;30.01.2024;17;1.0;828;28;806;28;22;28
TE305;30.01.2024;18;1.0;842;28;823;28;19;28
TE305;30.01.2024;19;1.0;755;31;738;31;17;30
TE305;30.01.2024;20;1.0;599;34;577;34;22;33
TE305;30.01.2024;21;1.0;441;34;435;34;6;37
TE305;30.01.2024;22;1.0;490;33;479;33;11;34
TE305;30.01.2024;23;1.0;282;37;274;37;8;33
TE305;31.01.2024;0;1.0;150;31;149;31;1;24
TE305;31.01.2024;1;1.0;97;33;97;33;0;-1
TE305;31.01.2024;2;1.0;86;30;83;30;3;28
TE305;31.01.2024;3;1.0;72;32;71;32;1;24
TE305;31.01.2024;4;1.0;135;30;131;30;4;30
TE305;31.01.2024;5;1.0;223;35;216;35;7;36
TE305;31.01.2024;6;1.0;412;35;404;35;8;37
TE305;31.01.2024;7;1.0;709;31;687;31;22;31
TE305;31.01.2024;8;1.0;904;26;878;26;26;26
TE305;31.01.2024;9;1.0;798;26;760;26;38;27
TE305;31.01.2024;10;1.0;783;27;741;27;42;24
TE305;31.01.2024;11;1.0;789;29;750;29;39;25
TE305;31.01.2024;12;1.0;762;26;732;26;30;25
TE305;31.01.2024;13;1.0;737;29;698;29;39;29
TE305;31.01.2024;14;1.0;884;28;861;28;23;27
TE305;31.01.2024;15;1.0;891;28;856;28;35;26
TE305;31.01.2024;16;1.0;839;28;805;28;34;25
TE305;31.01.2024;17;1.0;864;27;839;27;25;25
TE305;31.01.2024;18;1.0;912;28;873;28;39;25
TE305;31.01.2024;19;1.0;818;30;790;30;28;28
TE305;31.01.2024;20;1.0;564;33;553;33;11;29
TE305;31.01.2024;21;1.0;481;35;476;35;5;37
TE305;31.01.2024;22;1.0;556;31;541;31;15;30
TE305;31.01.2024;23;1.0;344;36;341;36;3;38
TE306;01.01.2024;0;1.0;34;23;34;23;0;-1
TE306;01.01.2024;1;1.0;99;33;92;33;8;35
TE306;01.01.2024;2;1.0;266;37;248;38;18;36
TE306;01.01.2024;3;1.0;186;35;174;35;12;36
TE306;01.01.2024;4;1.0;145;39;133;39;12;39
TE306;01.01.2024;5;1.0;156;37;151;37;5;36
TE306;01.01.2024;6;1.0;72;42;72;42;0;-1
TE306;01.01.2024;7;1.0;62;43;57;43;5;47
TE306;01.01.2024;8;1.0;66;37;59;37;7;37
TE306;01.01.2024;9;1.0;72;39;59;39;13;39
TE306;01.01.2024;10;1.0;110;41;96;42;14;40
TE306;01.01.2024;11;1.0;160;37;145;37;15;38
TE306;01.01.2024;12;1.0;280;36;252;36;28;36
TE306;01.01.2024;13;1.0;238;32;212;33;25;32
TE306;01.01.2024;14;1.0;251;40;215;40;36;39
TE306;01.01.2024;15;1.0;302;32;251;32;52;32
TE306;01.01.2024;16;1.0;300;39;264;39;36;38
TE306;01.01.2024;17;1.0;295;35;260;35;35;36
TE306;01.01.2024;18;1.0;258;39;195;40;63;39
TE306;01.01.2024;19;1.0;244;44;172;44;72;44
TE306;01.01.2024;20;1.0;186;44;173;44;13;44
TE306;01.01.2024;21;1.0;154;42;137;43;16;44
TE306;01.01.2024;22;1.0;135;44;121;44;14;43
TE306;01.01.2024;23;1.0;98;43;86;43;12;43
TE306;02.01.2024;0;1.0;44;43;34;43;10;43
TE306;02.01.2024;1;1.0;50;42;45;41;5;47
TE306;02.01.2024;2;1.0;37;43;35;43;2;39
TE306;02.01.2024;3;1.0;22;37;14;40;7;37
TE306;02.01.2024;4;1.0;60;41;55;41;5;37
TE306;02.01.2024;5;1.0;144;39;122;39;22;39
TE306;02.01.2024;6;1.0;252;38;234;38;18;37
TE306;02.01.2024;7;1.0;297;37;269;37;28;38
TE306;02.01.2024;8;1.0;354;36;308;36;46;36
TE306;02.01.2024;9;1.0;335;41;284;41;51;40
TE306;02.01.2024;10;1.0;358;39;232;40;126;38
TE306;02.01.2024;11;1.0;371;40;219;39;152;40
TE306;02.01.2024;12;1.0;408;38;330;39;78;37
TE306;02.01.2024;13;1.0;398;40;355;39;43;42
TE306;02.01.2024;14;1.0;457;32;429;32;28;32
TE306;02.01.2024;15;1.0;319;12;304;12;15;14
TE306;02.01.2024;16;1.0;320;15;298;14;22;17
TE306;02.01.2024;17;1.0;336;14;311;14;25;15
TE306;02.01.2024;18;1.0;350;27;300;26;50;30
TE306;02.01.2024;19;1.0;293;33;180;34;113;33
TE306;02.01.2024;20;1.0;279;34;161;34;117;34
TE306;02.01.2024;21;1.0;231;31;88;32;143;31
TE306;02.01.2024;22;1.0;250;43;181;42;69;43
TE306;02.01.2024;23;1.0;119;42;104;42;15;42
TE306;03.01.2024;0;1.0;54;46;42;47;12;45
TE306;03.01.2024;1;1.0;34;41;27;40;7;47
TE306;03.01.2024;2;1.0;24;42;22;43;2;28
TE306;03.01.2024;3;1.0;22;42;19;42;3;45
TE306;03.01.2024;4;1.0;28;40;23;40;5;42
TE306;03.01.2024;5;1.0;63;43;48;44;15;41
TE306;03.01.2024;6;1.0;119;41;106;41;13;41
TE306;03.01.2024;7;1.0;180;37;164;37;16;37
TE306;03.01.2024;8;1.0;193;40;144;40;49;40
TE306;03.01.2024;9;1.0;223;40;198;40;25;39
TE306;03.01.2024;10;1.0;203;40;176;40;27;40
TE306;03.01.2024;11;1.0;220;41;199;41;21;40
TE306;03.01.2024;12;1.0;219;40;203;40;16;41
TE306;03.01.2024;13;1.0;217;41;197;41;20;39
TE306;03.01.2024;14;1.0;266;40;242;40;24;40
TE306;03.01.2024;15;1.0;268;40;239;40;29;40
TE306;03.01.2024;16;1.0;286;39;249;39;37;39
TE306;03.01.2024;17;1.0;297;37;266;37;31;37
TE306;03.01.2024;18;1.0;241;37;197;36;44;37
TE306;03.01.2024;19;1.0;202;39;179;39;23;38
TE306;03.01.2024;20;1.0;179;40;162;40;17;39
TE306;03.01.2024;21;1.0;121;37;108;37;13;35
TE306;03.01.2024;22;1.0;120;39;107;39;13;39
TE306;03.01.2024;23;1.0;87;42;74;42;13;42
TE306;04.01.2024;0;1.0;37;45;30;46;7;40
TE306;04.01.2024;1;1.0;19;38;16;39;2;46
TE306;04.01.2024;2;1.0;20;45;18;44;2;49
TE306;04.01.2024;3;1.0;15;47;12;45;3;55
TE306;04.01.2024;4;1.0;34;49;28;49;6;48
TE306;04.01.2024;5;1.0;67;50;56;50;11;52
TE306;04.01.2024;6;1.0;123;46;112;46;11;45
TE306;04.01.2024;7;1.0;148;45;133;45;15;43
TE306;04.01.2024;8;1.0;162;41;138;41;24;40
TE306;04.01.2024;9;1.0;200;41;150;41;50;40
TE306;04.01.2024;10;1.0;228;42;168;42;60;42
TE306;04.01.2024;11;1.0;191;42;153;41;38;42
TE306;04.01.2024;12;1.0;221;43;165;44;56;43
TE306;04.01.2024;13;1.0;254;41;201;41;53;40
TE306;04.01.2024;14;1.0;292;39;246;39;46;38
TE306;04.01.2024;15;1.0;251;42;176;42;75;43
TE306;04.01.2024;16;1.0;270;40;229;40;41;39
TE306;04.01.2024;17;1.0;242;38;221;38;21;38
TE306;04.01.2024;18;1.0;251;37;240;37;11;38
TE306;04.01.2024;19;1.0;196;41;173;41;23;41
TE306;04.01.2024;20;1.0;130;42;115;42;15;40
TE306;04.01.2024;21;1.0;129;43;107;43;22;42
TE306;04.01.2024;22;1.0;120;45;98;45;22;44
TE306;04.01.2024;23;1.0;81;47;69;47;12;46
TE306;05.01.2024;0;1.0;57;47;44;47;13;45
TE306;05.01.2024;1;1.0;24;43;21;42;3;45
TE306;05.01.2024;2;1.0;19;45;17;46;2;42
TE306;05.01.2024;3;1.0;15;50;13;51;2;45
TE306;05.01.2024;4;1.0;20;50;15;47;5;57
TE306;05.01.2024;5;1.0;59;49;50;50;9;46
TE306;05.01.2024;6;1.0;106;43;93;43;13;44
TE306;05.01.2024;7;1.0;152;42;127;42;25;42
TE306;05.01.2024;8;1.0;182;44;151;43;31;45
TE306;05.01.2024;9;1.0;183;45;150;45;33;44
TE306;05.01.2024;10;1.0;199;40;173;40;25;40
TE306;05.01.2024;11;1.0;185;39;153;39;33;39
TE306;05.01.2024;12;1.0;238;39;211;39;27;39
TE306;05.01.2024;13;1.0;242;38;212;38;31;36
TE306;05.01.2024;14;1.0;204;38;181;38;23;37
TE306;05.01.2024;15;1.0;228;41;208;42;20;39
TE306;05.01.2024;16;1.0;230;40;177;40;53;39
TE306;05.01.2024;17;1.0;233;42;203;42;30;41
TE306;05.01.2024;18;1.0;211;43;190;43;21;43
TE306;05.01.2024;19;1.0;182;44;171;44;11;44
TE306;05.01.2024;20;1.0;136;46;120;46;16;47
TE306;05.01.2024;21;1.0;103;46;90;46;13;46
TE306;05.01.2024;22;1.0;123;46;110;46;13;47
TE306;05.01.2024;23;1.0;82;50;70;50;12;50
TE306;06.01.2024;0;1.0;66;52;58;52;8;51
TE306;06.01.2024;1;1.0;52;50;50;50;2;48
TE306;06.01.2024;2;1.0;34;54;32;54;2;52
TE306;06.01.2024;3;1.0;34;51;31;52;3;47
TE306;06.01.2024;4;1.0;22;51;20;51;2;51
TE306;06.01.2024;5;1.0;27;50;23;50;4;50
TE306;06.01.2024;6;1.0;49;47;40;48;9;39
TE306;06.01.2024;7;1.0;39;43;33;43;7;41
TE306;06.01.2024;8;1.0;72;41;58;41;14;41
TE306;06.01.2024;9;1.0;84;43;71;43;13;44
TE306;06.01.2024;10;1.0;126;44;108;44;18;44
TE306;06.01.2024;11;1.0;146;44;124;44;22;45
TE306;06.01.2024;12;1.0;157;41;142;41;15;40
TE306;06.01.2024;13;1.0;204;43;189;43;15;42
TE306;06.01.2024;14;1.0;224;42;208;42;16;42
TE306;06.01.2024;15;1.0;257;42;241;42;16;42
TE306;06.01.2024;16;1.0;193;43;182;43;11;43
TE306;06.01.2024;17;1.0;222;42;204;42;18;40
TE306;06.01.2024;18;1.0;244;43;231;43;13;43
TE306;06.01.2024;19;1.0;223;43;207;43;16;43
TE306;06.01.2024;20;1.0;152;44;137;44;15;43
TE306;06.01.2024;21;1.0;128;45;113;45;15;45
TE306;06.01.2024;22;1.0;133;44;124;44;9;44
TE306;06.01.2024;23;1.0;95;45;85;45;10;45
TE306;07.01.2024;0;1.0;70;44;61;44;9;41
TE306;07.01.2024;1;1.0;46;45;44;44;2;48
TE306;07.01.2024;2;1.0;32;47;29;48;2;54
TE306;07.01.2024;3;1.0;30;46;27;47;3;44
TE306;11.01.2024;14;1.0;357;33;299;33;59;32
TE306;11.01.2024;15;1.0;316;39;281;39;35;39
TE306;11.01.2024;16;1.0;308;34;256;34;52;35
TE306;11.01.2024;17;1.0;266;34;220;34;46;35
TE306;11.01.2024;18;1.0;305;30;283;30;22;29
TE306;11.01.2024;19;1.0;243;38;207;38;36;39
TE306;11.01.2024;20;1.0;198;41;173;41;25;41
TE306;11.01.2024;21;1.0;154;43;107;43;47;43
TE306;11.01.2024;22;1.0;127;44;88;44;39;43
TE306;11.01.2024;23;1.0;93;47;73;47;20;48
TE306;12.01.2024;0;1.0;53;47;37;48;16;46
TE306;12.01.2024;1;1.0;30;48;18;49;12;47
TE306;12.01.2024;2;1.0;29;48;18;48;11;47
TE306;12.01.2024;3;1.0;14;45;11;44;3;50
TE306;12.01.2024;4;1.0;31;46;26;47;5;45
TE306;12.01.2024;5;1.0;69;49;61;49;8;47
TE306;12.01.2024;6;1.0;151;43;130;43;21;44
TE306;12.01.2024;7;1.0;240;41;205;41;35;41
TE306;12.01.2024;8;1.0;285;41;260;41;25;41
TE306;12.01.2024;9;1.0;256;42;209;42;47;43
TE306;12.01.2024;10;1.0;265;40;229;40;36;38
TE306;12.01.2024;11;1.0;225;44;182;44;43;44
TE306;12.01.2024;12;1.0;249;41;194;41;55;40
TE306;12.01.2024;13;1.0;307;37;265;37;42;36
TE306;12.01.2024;14;1.0;295;39;261;39;34;39
TE306;12.01.2024;15;1.0;281;36;236;35;45;40
TE306;12.01.2024;16;1.0;280;11;278;11;2;15
TE306;12.01.2024;17;1.0;311;13;298;13;13;12
TE306;12.01.2024;18;1.0;302;13;289;13;13;13
TE306;12.01.2024;19;1.0;314;13;304;13;10;13
TE306;12.01.2024;20;1.0;307;40;283;40;24;41
TE306;12.01.2024;21;1.0;284;42;268;42;16;42
TE306;12.01.2024;22;1.0;323;39;271;39;52;39
TE306;12.01.2024;23;1.0;230;42;198;42;32;42
TE306;13.01.2024;0;1.0;167;45;136;44;31;45
TE306;13.01.2024;1;1.0;124;45;111;45;13;46
TE306;13.01.2024;2;1.0;77;48;42;49;35;47
TE306;13.01.2024;3;1.0;49;45;35;45;14;45
TE306;13.01.2024;4;1.0;65;48;49;48;16;47
TE306;13.01.2024;5;1.0;67;48;60;48;7;46
TE306;13.01.2024;6;1.0;92;47;78;47;14;46
TE306;13.01.2024;7;1.0;96;47;75;47;21;47
TE306;13.01.2024;8;1.0;158;41;120;41;38;40
TE306;13.01.2024;9;1.0;219;42;139;42;81;42
TE306;13.01.2024;10;1.0;236;39;191;39;45;37
TE306;13.01.2024;11;1.0;322;39;253;39;69;39
TE306;13.01.2024;12;1.0;344;36;261;37;83;36
TE306;13.01.2024;13;1.0;400;41;352;41;48;41
TE306;13.01.2024;14;1.0;406;33;332;33;73;32
TE306;13.01.2024;15;1.0;427;38;363;38;64;37
TE306;13.01.2024;16;1.0;367;22;348;22;19;31
TE306;13.01.2024;17;1.0;411;29;359;28;52;31
TE306;13.01.2024;18;1.0;409;33;346;32;63;39
TE306;13.01.2024;19;1.0;360;37;335;37;25;37
TE306;13.01.2024;20;1.0;322;39;298;39;24;38
TE306;13.01.2024;21;1.0;300;38;288;38;12;38
TE306;13.01.2024;22;1.0;282;42;259;42;23;43
TE306;13.01.2024;23;1.0;254;42;212;41;43;42
TE306;14.01.2024;0;1.0;168;47;136;47;32;47
TE306;14.01.2024;1;1.0;110;47;91;47;19;47
TE306;14.01.2024;2;1.0;80;45;72;45;8;41
TE306;14.01.2024;3;1.0;56;43;54;43;2;46
TE306;14.01.2024;4;1.0;49;38;45;38;4;34
TE306;14.01.2024;5;1.0;64;48;60;48;4;46
TE306;14.01.2024;6;1.0;55;52;53;52;2;48
TE306;14.01.2024;7;1.0;44;50;39;50;5;48
TE306;14.01.2024;8;1.0;69;48;60;49;9;46
TE306;14.01.2024;9;1.0;105;48;95;48;10;45
TE306;14.01.2024;10;1.0;191;42;161;42;29;43
TE306;14.01.2024;11;1.0;229;40;179;40;50;40
TE306;14.01.2024;12;1.0;285;38;170;39;115;37
TE306;14.01.2024;13;1.0;344;38;248;38;96;37
TE306;14.01.2024;14;1.0;347;38;232;38;115;37
TE306;14.01.2024;15;1.0;367;38;297;38;70;38
TE306;14.01.2024;16;1.0;361;38;275;38;86;39
TE306;14.01.2024;17;1.0;377;38;294;38;83;38
TE306;14.01.2024;18;1.0;300;40;269;40;31;41
TE306;14.01.2024;19;1.0;284;42;251;42;33;43
TE306;14.01.2024;20;1.0;186;46;170;46;16;44
TE306;14.01.2024;21;1.0;246;44;221;44;25;45
TE306;14.01.2024;22;1.0;172;46;159;45;13;46
TE306;14.01.2024;23;1.0;126;47;113;47;13;48
TE306;15.01.2024;0;1.0;86;46;75;46;11;43
TE306;15.01.2024;1;1.0;53;51;39;52;14;50
TE306;15.01.2024;2;1.0;48;45;35;45;13;47
TE306;15.01.2024;3;1.0;35;47;31;46;4;47
TE306;15.01.2024;4;1.0;61;43;55;43;7;39
TE306;15.01.2024;5;1.0;47;38;38;38;9;37
TE306;15.01.2024;6;1.0;83;40;74;40;9;41
TE306;15.01.2024;7;1.0;81;38;73;39;8;34
TE306;15.01.2024;8;1.0;8;11;8;11;0;-1
TE306;15.01.2024;9;1.0;4;7;2;5;2;9
TE306;15.01.2024;10;1.0;2;3;2;3;0;-1
TE306;15.01.2024;11;1.0;11;5;8;5;3;5
TE306;15.01.2024;12;1.0;7;4;4;4;3;4
TE306;15.01.2024;13;1.0;23;10;23;10;0;-1
TE306;15.01.2024;14;1.0;87;35;84;35;3;27
TE306;15.01.2024;15;1.0;160;32;156;32;4;33
TE306;15.01.2024;16;1.0;247;35;236;35;11;33
TE306;15.01.2024;17;1.0;296;35;288;35;8;28
TE306;15.01.2024;18;1.0;307;34;285;33;22;34
TE306;15.01.2024;19;1.0;266;35;253;35;13;37
TE306;15.01.2024;20;1.0;225;43;211;43;14;43
TE306;15.01.2024;21;1.0;225;44;200;44;25;44
TE306;15.01.2024;22;1.0;194;44;175;44;19;42
TE306;15.01.2024;23;1.0;119;40;104;40;14;40
TE306;16.01.2024;0;1.0;52;49;45;50;7;46
TE306;16.01.2024;1;1.0;38;44;37;44;1;52
TE306;16.01.2024;2;1.0;22;41;14;39;8;43
TE306;16.01.2024;3;1.0;29;28;28;28;1;35
TE306;16.01.2024;4;1.0;55;36;50;36;5;36
TE306;16.01.2024;5;1.0;147;38;140;38;7;37
TE306;16.01.2024;6;1.0;287;32;271;32;16;32
TE306;16.01.2024;7;1.0;304;18;280;18;24;19
TE306;16.01.2024;8;1.0;283;10;274;10;9;13
TE306;16.01.2024;9;1.0;315;11;306;11;9;11
TE306;16.01.2024;10;1.0;404;31;382;31;22;30
TE306;16.01.2024;11;1.0;387;39;352;39;35;39
TE306;16.01.2024;12;1.0;432;30;396;30;36;29
TE306;16.01.2024;13;1.0;411;33;392;33;20;30
TE306;16.01.2024;14;1.0;406;32;369;32;37;35
TE306;16.01.2024;15;1.0;318;21;300;21;18;21
TE306;16.01.2024;16;1.0;266;12;246;12;20;11
TE306;16.01.2024;17;1.0;283;11;273;11;10;11
TE306;16.01.2024;18;1.0;237;11;230;11;7;11
TE306;16.01.2024;19;1.0;273;12;255;12;18;12
TE306;16.01.2024;20;1.0;239;41;225;42;14;33
TE306;16.01.2024;21;1.0;250;44;235;44;15;43
TE306;16.01.2024;22;1.0;223;44;206;44;17;43
TE306;16.01.2024;23;1.0;142;48;133;47;9;51
TE306;17.01.2024;0;1.0;86;45;76;46;10;44
TE306;17.01.2024;1;1.0;55;44;52;44;3;41
TE306;17.01.2024;2;1.0;25;50;22;50;3;51
TE306;17.01.2024;3;1.0;25;48;23;48;2;48
TE306;17.01.2024;4;1.0;59;45;54;45;5;46
TE306;17.01.2024;5;1.0;141;45;133;45;8;43
TE306;17.01.2024;6;1.0;298;40;272;40;26;40
TE306;17.01.2024;7;1.0;331;26;312;26;19;33
TE306;17.01.2024;8;1.0;303;13;299;13;4;16
TE306;17.01.2024;9;1.0;341;16;324;16;17;17
TE306;17.01.2024;10;1.0;368;26;350;26;18;30
TE306;17.01.2024;11;1.0;392;34;368;34;24;35
TE306;17.01.2024;12;1.0;453;34;434;34;19;34
TE306;17.01.2024;13;1.0;443;32;421;32;22;33
TE306;17.01.2024;14;1.0;436;19;418;19;18;18
TE306;17.01.2024;15;1.0;283;12;262;12;21;13
TE306;17.01.2024;16;1.0;315;12;311;12;4;12
TE306;17.01.2024;17;1.0;298;10;281;10;17;10
TE306;17.01.2024;18;1.0;274;12;266;12;8;12
TE306;17.01.2024;19;1.0;345;21;330;21;15;24
TE306;17.01.2024;21;1.0;213;43;203;43;10;43
TE306;17.01.2024;22;1.0;209;44;195;44;14;43
TE306;17.01.2024;23;1.0;144;45;135;45;9;45
TE306;18.01.2024;0;1.0;69;48;59;48;10;51
TE306;18.01.2024;1;1.0;43;47;41;47;2;47
TE306;18.01.2024;2;1.0;38;48;36;48;2;44
TE306;18.01.2024;3;1.0;37;44;34;43;3;51
TE306;18.01.2024;4;1.0;46;43;44;43;2;45
TE306;18.01.2024;5;1.0;161;48;156;48;5;44
TE306;18.01.2024;6;1.0;269;42;240;42;29;41
TE306;18.01.2024;7;1.0;331;40;302;40;29;40
TE306;18.01.2024;8;1.0;292;14;281;14;11;14
TE306;18.01.2024;9;1.0;397;37;357;37;40;37
TE306;18.01.2024;10;1.0;405;39;376;39;29;38
TE306;18.01.2024;11;1.0;377;39;354;39;23;40
TE306;18.01.2024;12;1.0;395;40;364;40;31;41
TE306;18.01.2024;13;1.0;440;29;419;28;21;33
TE306;18.01.2024;14;1.0;418;27;402;27;16;27
TE306;18.01.2024;15;1.0;301;12;289;12;12;13
TE306;18.01.2024;16;1.0;350;20;337;20;13;19
TE306;18.01.2024;17;1.0;262;12;259;12;3;14
TE306;18.01.2024;18;1.0;293;12;285;12;8;13
TE306;18.01.2024;19;1.0;300;14;280;14;20;15
TE306;18.01.2024;20;1.0;316;39;290;39;26;39
TE306;18.01.2024;21;1.0;241;41;222;41;19;41
TE306;18.01.2024;22;1.0;284;41;254;41;30;41
TE306;18.01.2024;23;1.0;166;44;147;44;19;43
TE306;19.01.2024;0;1.0;122;45;111;45;11;46
TE306;19.01.2024;1;1.0;68;44;59;44;9;44
TE306;19.01.2024;2;1.0;76;41;68;41;9;38
TE306;19.01.2024;3;1.0;47;45;38;45;9;45
TE306;19.01.2024;4;1.0;44;44;40;44;4;47
TE306;19.01.2024;5;1.0;127;41;118;41;9;39
TE306;19.01.2024;6;1.0;287;31;268;31;19;31
TE306;19.01.2024;7;1.0;314;33;290;33;24;32
TE306;19.01.2024;10;1.0;380;34;352;34;28;33
TE306;19.01.2024;11;1.0;347;32;331;32;16;30
TE306;19.01.2024;12;1.0;367;37;346;37;21;37
TE306;19.01.2024;13;1.0;422;33;397;33;25;33
TE306;19.01.2024;14;1.0;390;29;370;29;20;29
TE306;19.01.2024;15;1.0;347;31;316;31;31;27
TE306;19.01.2024;16;1.0;361;27;336;27;25;27
TE306;19.01.2024;17;1.0;342;29;318;29;24;26
TE306;19.01.2024;18;1.0;316;26;289;27;27;21
TE306;19.01.2024;19;1.0;332;35;315;35;17;32
TE306;19.01.2024;20;1.0;287;34;273;34;14;35
TE306;19.01.2024;21;1.0;260;33;244;33;15;34
TE306;19.01.2024;22;1.0;288;35;274;35;14;36
TE306;19.01.2024;23;1.0;192;40;182;40;10;41
TE306;20.01.2024;0;1.0;156;41;142;41;14;38
TE306;20.01.2024;1;1.0;108;42;100;43;8;41
TE306;20.01.2024;2;1.0;75;43;73;43;2;46
TE306;20.01.2024;3;1.0;63;45;62;45;1;45
TE306;20.01.2024;4;1.0;42;45;38;45;4;47
TE306;20.01.2024;5;1.0;44;44;41;44;3;39
TE306;20.01.2024;6;1.0;64;40;56;40;8;40
TE306;20.01.2024;7;1.0;81;41;72;41;9;40
TE306;20.01.2024;8;1.0;100;45;82;45;18;45
TE306;20.01.2024;9;1.0;193;42;171;42;22;42
TE306;20.01.2024;10;1.0;232;41;218;41;14;42
TE306;20.01.2024;11;1.0;250;43;231;43;19;43
TE306;20.01.2024;12;1.0;265;41;237;41;28;40
TE306;20.01.2024;13;1.0;169;40;167;40;2;39
TE306;20.01.2024;14;1.0;308;34;296;34;12;34
TE306;20.01.2024;15;1.0;312;41;291;41;21;41
TE306;20.01.2024;16;1.0;304;39;283;39;21;39
TE306;20.01.2024;17;1.0;275;38;257;38;18;39
TE306;20.01.2024;18;1.0;283;36;262;36;21;36
TE306;20.01.2024;19;1.0;246;39;223;39;23;41
TE306;20.01.2024;20;1.0;187;39;176;39;11;39
TE306;20.01.2024;21;1.0;176;40;158;40;18;39
TE306;22.01.2024;12;1.0;281;39;230;39;51;40
TE306;22.01.2024;13;1.0;332;39;280;39;52;39
TE306;22.01.2024;14;1.0;277;42;235;42;42;42
TE306;22.01.2024;15;1.0;289;41;221;41;68;40
TE306;22.01.2024;16;1.0;281;37;160;37;121;37
TE306;22.01.2024;17;1.0;328;36;264;36;64;36
TE306;22.01.2024;18;1.0;319;37;222;37;97;37
TE306;22.01.2024;19;1.0;252;38;230;38;22;38
TE306;22.01.2024;20;1.0;160;40;142;40;18;41
TE306;22.01.2024;21;1.0;131;43;115;43;16;43
TE306;22.01.2024;22;1.0;138;43;116;43;22;41
TE306;22.01.2024;23;1.0;115;38;89;39;25;38
TE306;23.01.2024;0;1.0;52;41;44;41;9;37
TE306;23.01.2024;1;1.0;25;45;24;46;1;42
TE306;23.01.2024;2;1.0;14;50;12;51;2;42
TE306;23.01.2024;3;1.0;12;47;9;45;3;51
TE306;23.01.2024;4;1.0;35;43;32;43;3;44
TE306;23.01.2024;5;1.0;69;44;62;44;7;41
TE306;23.01.2024;6;1.0;159;41;133;41;26;41
TE306;23.01.2024;7;1.0;210;39;176;39;34;38
TE306;23.01.2024;8;1.0;296;36;267;36;29;36
TE306;23.01.2024;9;1.0;260;40;240;40;20;41
TE306;23.01.2024;10;1.0;311;39;272;39;39;40
TE306;23.01.2024;11;1.0;252;40;215;40;37;40
TE306;23.01.2024;12;1.0;278;39;253;39;25;39
TE306;23.01.2024;13;1.0;290;40;250;40;40;40
TE306;23.01.2024;14;1.0;301;41;256;41;45;41
TE306;23.01.2024;15;1.0;329;39;278;39;51;39
TE306;23.01.2024;16;1.0;319;38;282;38;37;38
TE306;23.01.2024;17;1.0;344;34;315;33;29;34
TE306;23.01.2024;18;1.0;299;31;267;31;32;30
TE306;24.01.2024;4;1.0;36;44;18;44;18;44
TE306;24.01.2024;5;1.0;74;46;55;46;19;44
TE306;24.01.2024;6;1.0;148;43;102;43;46;43
TE306;24.01.2024;7;1.0;238;41;73;41;165;41
TE306;24.01.2024;8;1.0;285;38;133;37;152;38
TE306;24.01.2024;9;1.0;276;39;183;39;93;39
TE306;24.01.2024;10;1.0;261;41;81;41;180;41
TE306;24.01.2024;11;1.0;254;41;205;41;49;42
TE306;24.01.2024;12;1.0;269;41;235;40;34;42
TE306;24.01.2024;13;1.0;292;40;256;40;36;40
TE306;24.01.2024;14;1.0;286;41;212;41;74;41
TE306;24.01.2024;15;1.0;317;36;229;36;88;38
TE306;24.01.2024;16;1.0;305;39;210;40;95;37
TE306;24.01.2024;17;1.0;327;38;273;38;54;37
TE306;24.01.2024;18;1.0;359;35;296;34;63;36
TE306;24.01.2024;19;1.0;261;39;180;39;81;39
TE306;24.01.2024;20;1.0;175;40;139;40;36;40
TE306;24.01.2024;21;1.0;194;43;152;43;42;42
TE306;24.01.2024;22;1.0;168;41;154;41;14;41
TE306;24.01.2024;23;1.0;93;43;81;43;12;42
TE306;25.01.2024;0;1.0;63;42;48;42;15;40
TE306;25.01.2024;1;1.0;34;43;31;44;3;39
TE306;25.01.2024;2;1.0;17;41;15;41;2;38
TE306;25.01.2024;3;1.0;22;48;20;49;2;45
TE306;25.01.2024;4;1.0;25;40;21;40;4;43
TE307;01.01.2024;0;1.0;98;56;87;57;11;48
TE307;01.01.2024;1;1.0;280;54;268;55;11;46
TE307;01.01.2024;2;1.0;264;59;253;59;11;57
TE307;01.01.2024;3;1.0;158;59;149;59;9;57
TE307;01.01.2024;4;1.0;130;63;116;63;14;61
TE307;01.01.2024;5;1.0;125;67;115;66;10;66
TE307;01.01.2024;6;1.0;82;64;76;66;6;55
TE307;01.01.2024;7;1.0;69;62;59;62;10;60
TE307;01.01.2024;8;1.0;63;67;50;69;13;60
TE307;01.01.2024;9;1.0;113;63;94;63;19;63
TE307;01.01.2024;10;1.0;175;55;150;56;24;52
TE307;01.01.2024;11;1.0;260;56;236;56;24;54
TE307;01.01.2024;12;1.0;413;55;383;55;30;53
TE307;01.01.2024;13;1.0;522;54;498;54;23;52
TE307;01.01.2024;14;1.0;536;58;511;58;25;58
TE307;01.01.2024;15;1.0;529;59;499;59;30;58
TE307;01.01.2024;16;1.0;583;59;553;59;30;58
TE307;01.01.2024;17;1.0;609;57;584;57;25;57
TE307;01.01.2024;18;1.0;461;62;436;62;25;60
TE307;01.01.2024;19;1.0;288;65;266;65;22;62
TE307;01.01.2024;20;1.0;247;61;227;61;20;60
TE307;01.01.2024;21;1.0;185;64;163;65;22;60
TE307;01.01.2024;22;1.0;132;62;108;63;24;59
TE307;01.01.2024;23;1.0;120;62;94;64;26;59
TE307;02.01.2024;0;1.0;96;65;75;66;21;62
TE307;02.01.2024;1;1.0;51;68;37;69;14;64
TE307;02.01.2024;2;1.0;72;66;49;66;23;65
TE307;02.01.2024;3;1.0;70;61;49;61;21;61
TE307;02.01.2024;4;1.0;175;63;144;63;31;61
TE307;02.01.2024;5;1.0;651;64;594;64;57;62
TE307;02.01.2024;6;1.0;742;61;679;61;63;61
TE307;02.01.2024;7;1.0;772;60;727;60;45;59
TE307;02.01.2024;8;1.0;779;55;741;55;38;55
TE307;02.01.2024;9;1.0;660;57;616;57;43;58
TE307;02.01.2024;10;1.0;675;56;633;56;42;56
TE307;02.01.2024;11;1.0;703;62;659;62;44;61
TE307;02.01.2024;12;1.0;726;62;690;62;36;59
TE307;02.01.2024;13;1.0;800;60;761;60;39;59
TE307;02.01.2024;14;1.0;825;61;796;61;29;60
TE307;02.01.2024;15;1.0;926;60;881;60;45;60
TE307;02.01.2024;16;1.0;930;61;900;61;30;61
TE307;02.01.2024;17;1.0;843;61;818;61;25;61
TE307;02.01.2024;18;1.0;652;62;624;62;28;62
TE307;02.01.2024;19;1.0;497;61;464;61;33;59
TE307;02.01.2024;20;1.0;379;62;349;62;30;60
TE307;02.01.2024;21;1.0;241;60;212;60;29;60
TE307;02.01.2024;22;1.0;171;62;146;63;25;61
TE307;02.01.2024;23;1.0;140;65;117;65;23;63
TE307;03.01.2024;0;1.0;100;64;86;65;14;61
TE307;03.01.2024;1;1.0;82;63;55;62;27;64
TE307;03.01.2024;2;1.0;83;61;60;63;23;56
TE307;03.01.2024;3;1.0;91;57;75;58;16;55
TE307;03.01.2024;4;1.0;226;54;191;54;34;54
TE307;03.01.2024;5;1.0;696;61;648;61;48;62
TE307;03.01.2024;6;1.0;850;59;769;59;81;59
TE307;03.01.2024;7;1.0;886;58;793;58;93;57
TE307;03.01.2024;8;1.0;852;57;765;57;87;56
TE307;03.01.2024;9;1.0;813;58;740;58;73;57
TE307;03.01.2024;10;1.0;735;56;662;56;73;56
TE307;03.01.2024;11;1.0;717;59;648;60;69;60
TE307;03.01.2024;12;1.0;790;58;709;58;81;56
TE307;03.01.2024;13;1.0;860;59;798;59;62;57
TE307;03.01.2024;14;1.0;868;56;808;56;60;56
TE307;03.01.2024;15;1.0;856;58;811;58;45;57
TE307;03.01.2024;16;1.0;820;55;784;55;36;54
TE307;03.01.2024;17;1.0;789;57;749;57;40;56
TE307;03.01.2024;18;1.0;682;56;646;56;36;55
TE307;03.01.2024;19;1.0;474;58;441;58;33;57
TE307;03.01.2024;20;1.0;362;58;331;58;31;58
TE307;03.01.2024;21;1.0;232;55;196;56;35;55
TE307;03.01.2024;22;1.0;151;56;126;56;25;55
TE307;03.01.2024;23;1.0;122;62;89;61;34;62
TE307;04.01.2024;0;1.0;93;66;72;67;21;61
TE307;04.01.2024;1;1.0;76;62;53;63;23;61
TE307;04.01.2024;2;1.0;90;64;59;64;31;61
TE307;04.01.2024;3;1.0;85;67;63;66;22;71
TE307;04.01.2024;4;1.0;224;68;208;68;16;65
TE307;04.01.2024;5;1.0;651;66;613;66;38;62
TE307;04.01.2024;6;1.0;881;63;836;63;45;63
TE307;04.01.2024;7;1.0;900;57;824;57;76;56
TE307;04.01.2024;8;1.0;973;59;880;59;93;58
TE307;04.01.2024;9;1.0;862;59;746;59;116;58
TE307;04.01.2024;10;1.0;769;59;676;59;93;58
TE307;04.01.2024;11;1.0;750;59;679;59;71;59
TE307;04.01.2024;12;1.0;822;60;760;60;62;60
TE307;04.01.2024;13;1.0;858;57;777;58;81;57
TE307;04.01.2024;14;1.0;876;57;810;57;66;57
TE307;04.01.2024;15;1.0;844;58;784;58;60;58
TE307;04.01.2024;16;1.0;816;57;773;57;43;57
TE307;04.01.2024;17;1.0;758;56;720;57;38;55
TE307;04.01.2024;18;1.0;641;53;597;54;42;54
TE307;04.01.2024;19;1.0;475;54;441;54;35;52
TE307;04.01.2024;20;1.0;358;55;336;56;22;52
TE307;04.01.2024;21;1.0;231;56;195;56;35;55
TE307;04.01.2024;22;1.0;195;57;166;58;28;55
TE307;04.01.2024;23;1.0;160;69;126;69;34;65
TE307;05.01.2024;0;1.0;107;63;84;64;23;61
TE307;05.01.2024;1;1.0;73;66;49;65;24;70
TE307;05.01.2024;2;1.0;89;67;58;69;31;65
TE307;05.01.2024;3;1.0;90;64;71;64;19;63
TE307;05.01.2024;4;1.0;200;67;155;67;45;68
TE307;05.01.2024;5;1.0;607;67;540;67;67;67
TE307;05.01.2024;6;1.0;798;62;699;62;99;61
TE307;05.01.2024;7;1.0;812;61;749;61;63;61
TE307;05.01.2024;8;1.0;800;59;745;60;55;59
TE307;05.01.2024;9;1.0;770;62;743;62;27;59
TE307;05.01.2024;10;1.0;798;59;728;59;70;59
TE307;05.01.2024;11;1.0;705;60;629;60;76;61
TE307;05.01.2024;12;1.0;799;59;703;59;96;58
TE307;05.01.2024;13;1.0;791;57;734;57;57;56
TE307;05.01.2024;14;1.0;779;57;719;57;60;56
TE307;05.01.2024;15;1.0;847;57;797;57;50;57
TE307;05.01.2024;16;1.0;833;58;792;58;41;57
TE307;05.01.2024;17;1.0;799;56;762;56;37;57
TE307;05.01.2024;18;1.0;712;59;666;59;46;60
TE307;05.01.2024;19;1.0;530;55;495;55;35;55
TE307;05.01.2024;20;1.0;400;57;369;56;32;56
TE307;05.01.2024;21;1.0;268;60;246;61;22;59
TE307;05.01.2024;22;1.0;234;59;216;59;19;57
TE307;05.01.2024;23;1.0;142;62;120;62;22;62
TE307;06.01.2024;0;1.0;140;62;120;62;21;60
TE307;06.01.2024;1;1.0;86;65;78;65;8;65
TE307;06.01.2024;2;1.0;82;67;70;69;12;58
TE307;06.01.2024;3;1.0;79;67;68;67;11;66
TE307;06.01.2024;4;1.0;149;65;128;64;21;65
TE307;06.01.2024;5;1.0;189;67;172;67;17;68
TE307;06.01.2024;6;1.0;177;67;160;66;17;69
TE307;06.01.2024;7;1.0;203;64;178;64;25;63
TE307;06.01.2024;8;1.0;326;63;296;63;30;63
TE307;06.01.2024;9;1.0;499;61;466;61;33;61
TE307;06.01.2024;10;1.0;618;60;585;60;33;60
TE307;06.01.2024;11;1.0;757;58;716;58;41;58
TE307;06.01.2024;12;1.0;877;57;835;57;42;56
TE307;06.01.2024;13;1.0;915;56;882;56;33;54
TE307;06.01.2024;14;1.0;973;57;942;57;31;57
TE307;06.01.2024;15;1.0;1005;56;970;56;35;55
TE307;06.01.2024;16;1.0;950;55;912;55;38;54
TE307;06.01.2024;17;1.0;865;52;835;52;30;52
TE307;06.01.2024;18;1.0;864;51;840;51;24;49
TE307;06.01.2024;19;1.0;640;54;612;54;28;54
TE307;06.01.2024;20;1.0;437;55;418;55;19;54
TE307;06.01.2024;21;1.0;294;60;276;60;18;59
TE307;06.01.2024;22;1.0;215;61;186;61;29;61
TE307;06.01.2024;23;1.0;173;62;156;62;17;61
TE307;07.01.2024;0;1.0;131;61;121;60;10;59
TE307;07.01.2024;1;1.0;94;63;86;64;8;61
TE307;07.01.2024;2;1.0;55;61;47;62;8;59
TE307;07.01.2024;3;1.0;58;64;48;63;10;66
TE307;07.01.2024;4;1.0;58;58;46;59;12;54
TE307;07.01.2024;5;1.0;114;62;97;61;17;63
TE307;07.01.2024;6;1.0;83;63;77;64;6;60
TE307;07.01.2024;7;1.0;106;62;96;62;10;63
TE307;07.01.2024;8;1.0;162;64;143;64;19;60
TE307;07.01.2024;9;1.0;307;63;291;63;16;64
TE307;07.01.2024;10;1.0;360;62;340;62;20;63
TE307;07.01.2024;11;1.0;421;62;400;62;21;62
TE307;07.01.2024;12;1.0;529;61;498;61;31;61
TE307;07.01.2024;13;1.0;602;60;574;60;28;59
TE307;07.01.2024;14;1.0;630;55;606;55;24;56
TE307;07.01.2024;15;1.0;648;55;626;55;22;53
TE307;07.01.2024;16;1.0;561;49;543;49;19;50
TE307;07.01.2024;17;1.0;640;60;614;60;26;56
TE307;07.01.2024;18;1.0;544;61;510;60;34;61
TE307;07.01.2024;19;1.0;394;61;372;61;22;60
TE307;07.01.2024;20;1.0;312;61;291;61;21;61
TE307;07.01.2024;21;1.0;208;62;183;62;25;62
TE307;07.01.2024;22;1.0;139;60;111;59;28;59
TE307;07.01.2024;23;1.0;114;61;87;62;27;58
TE307;08.01.2024;0;1.0;96;62;67;62;29;64
TE307;08.01.2024;1;1.0;75;60;47;60;27;62
TE307;08.01.2024;2;1.0;66;64;46;64;20;64
TE307;08.01.2024;3;1.0;75;60;55;61;20;59
TE307;08.01.2024;4;1.0;229;61;196;61;33;60
TE307;08.01.2024;5;1.0;698;59;604;59;94;58
TE307;08.01.2024;6;1.0;853;56;781;56;72;56
TE307;08.01.2024;7;1.0;591;49;523;49;68;46
TE307;08.01.2024;8;1.0;714;50;642;50;72;51
TE307;08.01.2024;9;1.0;613;53;537;53;77;52
TE307;08.01.2024;10;1.0;487;52;437;52;50;52
TE307;08.01.2024;11;1.0;529;52;466;53;64;52
TE307;08.01.2024;12;1.0;572;58;492;58;80;59
TE307;08.01.2024;13;1.0;571;57;510;57;61;56
TE307;08.01.2024;14;1.0;605;56;542;56;63;56
TE307;08.01.2024;15;1.0;684;56;623;56;61;55
TE307;08.01.2024;16;1.0;702;54;654;54;48;53
TE307;08.01.2024;17;1.0;573;54;543;54;30;55
TE307;08.01.2024;18;1.0;512;54;460;54;52;54
TE307;08.01.2024;19;1.0;414;56;366;56;48;54
TE307;08.01.2024;20;1.0;302;58;269;58;33;58
TE307;08.01.2024;21;1.0;207;58;180;58;27;59
TE307;08.01.2024;22;1.0;147;60;122;60;25;60
TE307;08.01.2024;23;1.0;128;61;105;62;23;56
TE307;09.01.2024;0;1.0;78;62;54;64;24;58
TE307;09.01.2024;1;1.0;73;61;46;60;27;63
TE307;09.01.2024;2;1.0;87;62;62;61;25;63
TE307;09.01.2024;3;1.0;85;62;59;61;26;62
TE307;09.01.2024;4;1.0;208;62;178;62;30;62
TE307;09.01.2024;5;1.0;759;60;672;60;87;60
TE307;09.01.2024;6;1.0;1024;51;929;51;96;52
TE307;09.01.2024;7;1.0;1073;49;963;49;110;49
TE307;09.01.2024;8;1.0;1069;50;966;50;104;50
TE307;09.01.2024;9;1.0;794;57;730;57;64;57
TE307;09.01.2024;10;1.0;751;57;681;57;70;56
TE307;09.01.2024;11;1.0;699;58;653;59;46;58
TE307;09.01.2024;12;1.0;688;58;621;58;67;58
TE307;09.01.2024;13;1.0;768;58;694;58;74;58
TE307;09.01.2024;14;1.0;779;57;717;57;62;55
TE307;09.01.2024;15;1.0;807;55;748;55;59;56
TE307;09.01.2024;16;1.0;763;54;729;54;34;53
TE307;09.01.2024;17;1.0;717;56;672;56;45;55
TE307;09.01.2024;18;1.0;663;55;616;55;47;55
TE307;09.01.2024;19;1.0;446;52;409;52;36;51
TE307;09.01.2024;20;1.0;354;57;316;57;38;57
TE307;09.01.2024;21;1.0;263;58;237;58;26;58
TE307;09.01.2024;22;1.0;168;62;143;62;25;62
TE307;09.01.2024;23;1.0;122;65;94;64;28;65
TE307;10.01.2024;0;1.0;82;63;66;64;16;61
TE307;10.01.2024;1;1.0;93;65;69;63;24;69
TE307;10.01.2024;2;1.0;83;65;55;65;28;67
TE307;10.01.2024;3;1.0;99;64;80;64;19;65
TE307;10.01.2024;4;1.0;255;63;216;62;39;64
TE307;10.01.2024;5;1.0;870;61;801;61;69;60
TE307;10.01.2024;6;1.0;1118;56;1041;56;77;56
TE307;10.01.2024;7;1.0;1135;51;1029;51;105;50
TE307;10.01.2024;8;1.0;1148;51;1063;50;85;51
TE307;10.01.2024;9;1.0;858;59;772;59;86;59
TE307;10.01.2024;10;1.0;718;58;651;57;67;57
TE307;10.01.2024;11;1.0;732;58;677;58;55;58
TE307;10.01.2024;12;1.0;780;57;690;57;90;57
TE307;10.01.2024;13;1.0;778;56;712;57;66;56
TE307;10.01.2024;14;1.0;780;56;719;56;61;56
TE307;10.01.2024;15;1.0;831;54;771;54;60;53
TE307;10.01.2024;16;1.0;788;55;740;55;48;53
TE307;10.01.2024;17;1.0;755;54;725;54;30;55
TE307;10.01.2024;18;1.0;678;56;625;56;53;55
TE307;10.01.2024;19;1.0;458;58;415;58;43;58
TE307;10.01.2024;20;1.0;372;53;340;53;31;52
TE307;10.01.2024;21;1.0;228;62;198;62;30;62
TE307;10.01.2024;22;1.0;172;58;144;58;28;57
TE307;10.01.2024;23;1.0;121;48;95;48;27;45
TE307;11.01.2024;0;1.0;84;63;66;63;18;64
TE307;11.01.2024;1;1.0;78;64;60;64;18;67
TE307;11.01.2024;2;1.0;96;67;68;67;28;67
TE307;11.01.2024;3;1.0;99;61;83;61;16;62
TE307;11.01.2024;4;1.0;241;68;221;68;20;67
TE307;11.01.2024;5;1.0;836;63;808;63;27;63
TE307;11.01.2024;6;1.0;1083;61;1055;61;28;61
TE307;11.01.2024;7;1.0;1097;56;1062;56;33;56
TE307;11.01.2024;8;1.0;1060;50;1008;50;52;50
TE307;11.01.2024;9;1.0;801;57;759;57;41;57
TE307;11.01.2024;10;1.0;728;49;678;49;51;48
TE307;11.01.2024;11;1.0;762;45;711;45;51;44
TE307;11.01.2024;12;1.0;812;55;769;55;43;55
TE307;11.01.2024;13;1.0;745;54;709;54;36;53
TE307;11.01.2024;14;1.0;767;51;736;51;31;51
TE307;11.01.2024;15;1.0;756;50;720;50;36;48
TE307;11.01.2024;16;1.0;783;48;759;48;23;48
TE307;11.01.2024;17;1.0;657;59;633;59;24;58
TE307;11.01.2024;18;1.0;688;50;654;50;33;48
TE307;11.01.2024;19;1.0;463;57;432;57;32;55
TE307;11.01.2024;20;1.0;360;58;333;58;27;57
TE307;11.01.2024;21;1.0;260;55;239;55;22;52
TE307;11.01.2024;22;1.0;154;54;129;54;25;54
TE307;11.01.2024;23;1.0;109;54;92;54;17;51
TE307;12.01.2024;0;1.0;100;68;85;68;15;65
TE307;12.01.2024;1;1.0;60;50;45;50;15;49
TE307;12.01.2024;2;1.0;96;55;67;56;29;51
TE307;12.01.2024;3;1.0;88;65;76;67;11;62
TE307;12.01.2024;4;1.0;247;69;220;70;27;66
TE307;12.01.2024;5;1.0;735;54;711;54;24;54
TE307;12.01.2024;7;1.0;1026;44;988;44;37;44
TE307;12.01.2024;9;1.0;723;46;688;46;35;45
TE307;12.01.2024;10;1.0;708;57;669;57;40;55
TE307;12.01.2024;11;1.0;755;51;718;51;37;50
TE307;12.01.2024;15;1.0;800;55;755;55;45;56
TE307;12.01.2024;16;1.0;891;45;864;45;27;44
TE307;12.01.2024;17;1.0;899;44;862;44;36;43
TE307;12.01.2024;18;1.0;744;49;712;49;32;50
TE307;12.01.2024;20;1.0;373;53;343;53;30;51
TE307;12.01.2024;21;1.0;271;47;245;48;25;47
TE307;12.01.2024;22;1.0;243;50;216;50;26;48
TE307;12.01.2024;23;1.0;158;50;134;50;24;50
TE307;13.01.2024;0;1.0;114;57;95;57;19;56
TE307;13.01.2024;1;1.0;96;52;80;52;16;48
TE307;13.01.2024;2;1.0;78;59;69;58;9;61
TE307;13.01.2024;3;1.0;74;50;59;50;15;47
TE307;13.01.2024;4;1.0;146;58;125;57;21;62
TE307;13.01.2024;5;1.0;190;56;177;56;13;56
TE307;13.01.2024;6;1.0;160;50;142;51;18;49
TE307;13.01.2024;7;1.0;208;50;176;50;32;49
TE307;13.01.2024;9;1.0;516;48;492;48;24;47
TE307;13.01.2024;10;1.0;636;51;608;51;27;53
TE307;13.01.2024;11;1.0;765;50;736;50;30;50
TE307;13.01.2024;12;1.0;883;50;853;50;30;48
TE307;13.01.2024;13;1.0;977;44;948;44;29;43
TE307;13.01.2024;14;1.0;892;45;864;45;28;45
TE307;13.01.2024;15;1.0;843;51;823;50;21;50
TE307;13.01.2024;16;1.0;883;45;860;45;22;46
TE307;13.01.2024;18;1.0;875;50;846;50;29;48
TE307;13.01.2024;19;1.0;600;51;578;51;22;50
TE307;13.01.2024;20;1.0;449;63;426;63;23;62
TE307;13.01.2024;21;1.0;300;47;281;47;19;47
TE307;13.01.2024;22;1.0;216;59;195;59;21;57
TE307;13.01.2024;23;1.0;179;62;159;62;20;59
TE307;14.01.2024;0;1.0;109;60;99;60;9;64
TE307;14.01.2024;1;1.0;114;52;107;52;8;49
TE307;14.01.2024;2;1.0;45;52;37;53;8;48
TE307;14.01.2024;3;1.0;78;50;66;52;10;51
TE307;14.01.2024;4;1.0;85;56;79;56;6;54
TE307;14.01.2024;5;1.0;100;57;94;56;7;55
TE307;14.01.2024;6;1.0;95;49;90;49;4;55
TE307;14.01.2024;7;1.0;100;49;90;51;9;45
TE307;14.01.2024;8;1.0;164;60;154;61;9;58
TE307;14.01.2024;9;1.0;303;54;282;55;20;50
TE307;14.01.2024;10;1.0;377;53;361;53;16;50
TE307;14.01.2024;11;1.0;473;58;449;58;24;55
TE307;14.01.2024;12;1.0;586;46;561;46;25;46
TE307;14.01.2024;13;1.0;693;54;665;55;27;50
TE307;14.01.2024;14;1.0;741;53;712;53;29;52
TE307;14.01.2024;15;1.0;641;55;609;55;32;54
TE307;14.01.2024;17;1.0;658;60;637;60;21;59
TE307;14.01.2024;18;1.0;592;48;579;48;15;43
TE307;14.01.2024;19;1.0;450;49;437;50;13;36
TE307;14.01.2024;20;1.0;299;63;276;64;23;53
TE307;14.01.2024;21;1.0;220;49;204;49;16;48
TE307;14.01.2024;22;1.0;200;46;180;46;20;48
TE307;14.01.2024;23;1.0;204;46;188;46;16;49
TE307;15.01.2024;0;1.0;132;54;117;55;14;53
TE307;15.01.2024;1;1.0;121;57;112;55;10;61
TE307;15.01.2024;2;1.0;128;48;114;49;14;43
TE307;15.01.2024;3;1.0;75;60;63;60;12;59
TE307;15.01.2024;4;1.0;349;50;321;50;28;51
TE307;15.01.2024;5;1.0;935;44;882;44;53;44
TE307;15.01.2024;6;1.0;837;34;798;33;39;34
TE307;15.01.2024;7;1.0;861;50;794;50;67;49
TE307;15.01.2024;8;1.0;883;35;829;35;54;40
TE307;15.01.2024;9;1.0;682;55;590;55;92;55
TE307;15.01.2024;10;1.0;590;50;535;50;54;52
TE307;15.01.2024;11;1.0;605;62;557;62;48;61
TE307;15.01.2024;12;1.0;642;52;603;52;39;50
TE307;15.01.2024;13;1.0;687;56;647;56;40;56
TE307;15.01.2024;14;1.0;638;44;596;44;43;43
TE307;15.01.2024;15;1.0;699;60;657;61;42;61
TE307;15.01.2024;16;1.0;668;44;639;44;29;43
TE307;15.01.2024;17;1.0;654;57;630;58;24;54
TE307;15.01.2024;18;1.0;488;50;456;50;33;48
TE307;15.01.2024;19;1.0;400;62;364;62;36;62
TE307;15.01.2024;20;1.0;309;58;285;58;24;55
TE307;15.01.2024;21;1.0;213;52;185;52;28;50
TE307;15.01.2024;22;1.0;165;50;138;50;28;49
TE307;15.01.2024;23;1.0;127;57;98;57;28;57
TE307;16.01.2024;0;1.0;107;62;83;62;23;67
TE307;16.01.2024;1;1.0;57;54;54;52;3;80
TE307;16.01.2024;2;1.0;95;61;73;62;22;59
TE307;16.01.2024;3;1.0;113;52;84;51;29;55
TE307;16.01.2024;4;1.0;217;57;170;57;47;58
TE307;16.01.2024;5;1.0;724;44;674;43;49;43
TE307;16.01.2024;6;1.0;1000;39;925;39;75;39
TE307;16.01.2024;8;1.0;1147;41;1085;42;62;41
TE307;16.01.2024;9;1.0;796;42;766;42;30;42
TE307;16.01.2024;10;1.0;698;48;649;48;48;48
TE307;16.01.2024;11;1.0;713;56;637;56;76;55
TE307;16.01.2024;12;1.0;733;48;668;48;66;48
TE307;16.01.2024;13;1.0;692;56;643;56;50;56
TE307;16.01.2024;14;1.0;695;45;633;45;62;44
TE307;16.01.2024;15;1.0;757;55;716;55;42;56
TE307;16.01.2024;16;1.0;752;43;715;43;37;43
TE307;16.01.2024;17;1.0;638;59;607;59;31;59
TE307;16.01.2024;18;1.0;648;45;617;45;31;44
TE307;16.01.2024;19;1.0;411;57;378;57;33;55
TE307;16.01.2024;20;1.0;308;47;283;47;25;47
TE307;16.01.2024;21;1.0;214;52;190;52;24;52
TE307;16.01.2024;22;1.0;159;64;134;64;25;62
TE307;16.01.2024;23;1.0;122;53;97;54;25;49
TE307;17.01.2024;0;1.0;73;63;57;63;16;60
TE307;17.01.2024;1;1.0;66;58;54;58;12;54
TE307;17.01.2024;2;1.0;76;71;50;72;26;68
TE307;17.01.2024;3;1.0;92;59;67;60;24;61
TE307;17.01.2024;4;1.0;256;63;216;63;40;62
TE307;17.01.2024;5;1.0;752;46;661;46;90;46
TE307;17.01.2024;6;1.0;1020;46;913;46;107;46
TE307;17.01.2024;7;1.0;1128;41;1032;41;96;41
TE307;17.01.2024;8;1.0;1131;46;1020;46;111;46
TE307;17.01.2024;9;1.0;882;54;796;54;86;55
TE307;17.01.2024;10;1.0;762;49;666;50;96;49
TE307;17.01.2024;12;1.0;720;44;649;44;70;44
TE307;17.01.2024;13;1.0;698;50;605;49;93;50
TE307;17.01.2024;14;1.0;789;48;729;48;60;48
TE307;17.01.2024;16;1.0;797;45;759;45;38;45
TE307;17.01.2024;17;1.0;769;44;732;44;37;45
TE307;17.01.2024;18;1.0;562;51;533;51;30;50
TE307;17.01.2024;19;1.0;414;56;383;56;32;56
TE307;17.01.2024;20;1.0;354;47;330;47;24;46
TE307;17.01.2024;21;1.0;276;53;250;53;26;50
TE307;17.01.2024;22;1.0;182;49;165;49;17;47
TE307;17.01.2024;23;1.0;123;62;100;64;23;56
TE307;18.01.2024;0;1.0;96;52;73;53;22;53
TE307;18.01.2024;1;1.0;80;53;60;53;20;52
TE307;18.01.2024;2;1.0;116;54;89;54;27;54
TE307;18.01.2024;3;1.0;78;63;65;62;15;56
TE307;18.01.2024;5;1.0;778;65;709;65;69;65
TE307;18.01.2024;6;1.0;1049;45;971;45;78;46
TE307;18.01.2024;7;1.0;1085;57;994;57;91;57
TE307;18.01.2024;10;1.0;729;50;635;50;94;51
TE307;18.01.2024;11;1.0;732;50;641;50;91;49
TE307;18.01.2024;15;1.0;830;48;764;49;68;47
TE307;18.01.2024;16;1.0;760;43;717;43;42;41
TE307;18.01.2024;17;1.0;826;41;781;41;44;41
TE307;18.01.2024;18;1.0;675;42;622;42;52;43
TE307;18.01.2024;19;1.0;474;43;443;43;31;42
TE307;18.01.2024;20;1.0;377;44;345;44;32;43
TE307;18.01.2024;21;1.0;229;45;210;45;19;44
TE307;18.01.2024;23;1.0;148;54;132;53;17;52
TE307;19.01.2024;0;1.0;116;49;102;50;15;49
TE307;19.01.2024;2;1.0;62;57;48;57;14;56
TE307;19.01.2024;3;1.0;104;48;80;49;24;46
TE307;19.01.2024;4;1.0;232;49;201;49;31;47
TE307;19.01.2024;5;1.0;686;57;647;57;40;58
TE307;19.01.2024;6;1.0;882;53;824;53;59;53
TE307;19.01.2024;7;1.0;944;54;894;54;50;54
TE307;19.01.2024;8;1.0;981;40;919;40;61;40
TE307;19.01.2024;9;1.0;719;48;668;48;50;49
TE307;19.01.2024;10;1.0;685;47;625;48;60;47
TE307;19.01.2024;11;1.0;684;58;636;58;48;57
TE307;19.01.2024;12;1.0;709;48;651;49;58;47
TE307;19.01.2024;13;1.0;771;58;714;58;57;58
TE307;19.01.2024;14;1.0;814;51;759;52;55;51
TE307;19.01.2024;15;1.0;849;53;798;53;51;52
TE307;19.01.2024;16;1.0;833;54;787;54;47;54
TE307;19.01.2024;17;1.0;821;47;788;47;33;46
TE307;19.01.2024;18;1.0;700;56;672;56;28;56
TE307;19.01.2024;19;1.0;545;51;507;51;38;51
TE307;19.01.2024;20;1.0;414;57;394;57;20;55
TE307;19.01.2024;21;1.0;269;58;242;59;27;58
TE307;19.01.2024;22;1.0;222;56;197;56;25;55
TE307;19.01.2024;23;1.0;192;55;175;55;17;53
TE307;20.01.2024;0;1.0;127;52;119;52;9;46
TE307;20.01.2024;1;1.0;89;53;80;53;8;56
TE307;20.01.2024;2;1.0;78;51;68;52;10;48
TE307;20.01.2024;3;1.0;79;58;70;59;10;53
TE307;20.01.2024;4;1.0;119;63;99;64;20;59
TE307;20.01.2024;5;1.0;207;56;187;56;20;56
TE307;20.01.2024;6;1.0;158;62;134;62;24;62
TE307;20.01.2024;7;1.0;245;56;224;55;21;53
TE307;20.01.2024;8;1.0;430;57;399;57;31;56
TE307;20.01.2024;9;1.0;722;55;686;55;36;56
TE307;20.01.2024;10;1.0;746;60;711;60;35;60
TE307;20.01.2024;11;1.0;766;54;719;54;47;52
TE307;20.01.2024;12;1.0;898;47;856;47;41;46
TE307;20.01.2024;13;1.0;913;56;882;56;31;55
TE307;20.01.2024;14;1.0;948;59;898;59;50;56
TE307;20.01.2024;15;1.0;939;47;906;47;32;48
TE307;20.01.2024;16;1.0;985;51;957;51;28;52
TE307;20.01.2024;17;1.0;994;45;972;45;23;44
TE307;20.01.2024;18;1.0;871;50;846;50;27;47
TE307;20.01.2024;19;1.0;643;53;618;53;25;52
TE307;20.01.2024;20;1.0;467;52;439;52;28;49
TE307;20.01.2024;21;1.0;298;53;279;53;20;53
TE307;20.01.2024;22;1.0;206;59;188;59;18;58
TE307;20.01.2024;23;1.0;168;56;147;56;21;55
TE307;21.01.2024;0;1.0;125;56;115;57;9;53
TE307;21.01.2024;1;1.0;101;60;92;61;7;63
TE307;21.01.2024;2;1.0;68;61;63;62;5;43
TE307;21.01.2024;3;1.0;55;46;46;47;9;40
TE307;21.01.2024;4;1.0;73;62;64;63;9;60
TE307;21.01.2024;5;1.0;117;67;107;67;10;66
TE307;21.01.2024;6;1.0;82;65;71;65;11;67
TE307;21.01.2024;7;1.0;122;59;112;59;9;66
TE307;21.01.2024;8;1.0;266;66;254;66;12;63
TE307;21.01.2024;9;1.0;551;61;524;61;27;61
TE307;21.01.2024;10;1.0;565;60;543;60;22;61
TE307;21.01.2024;11;1.0;757;58;727;58;30;56
TE307;21.01.2024;12;1.0;700;58;665;58;35;58
TE307;21.01.2024;13;1.0;700;59;670;59;30;59
TE307;21.01.2024;14;1.0;617;61;583;61;34;61
TE307;21.01.2024;15;1.0;643;58;608;58;35;57
TE307;21.01.2024;16;1.0;633;59;604;59;29;59
TE307;21.01.2024;17;1.0;611;56;583;56;28;56
TE307;21.01.2024;18;1.0;528;52;494;52;33;53
TE307;21.01.2024;19;1.0;414;58;390;58;24;57
TE307;21.01.2024;20;1.0;316;55;288;54;28;54
TE307;21.01.2024;21;1.0;232;50;195;50;37;51
TE307;21.01.2024;22;1.0;150;55;128;54;22;56
TE307;21.01.2024;23;1.0;130;58;96;58;34;58
TE307;22.01.2024;0;1.0;77;62;50;63;27;62
TE307;22.01.2024;1;1.0;55;59;36;57;19;62
TE307;22.01.2024;2;1.0;85;67;64;67;21;65
TE307;22.01.2024;3;1.0;88;64;66;63;22;65
TE307;22.01.2024;4;1.0;245;62;210;62;35;61
TE307;22.01.2024;5;1.0;802;62;735;62;67;61
TE307;22.01.2024;6;1.0;1028;58;913;58;115;57
TE307;22.01.2024;7;1.0;1143;54;1004;54;139;54
TE307;22.01.2024;8;1.0;1091;53;950;53;141;53
TE307;22.01.2024;9;1.0;953;55;887;55;66;55
TE307;22.01.2024;10;1.0;741;57;672;57;69;57
TE307;22.01.2024;11;1.0;761;52;672;52;90;52
TE307;22.01.2024;12;1.0;786;58;688;58;98;57
TE307;22.01.2024;13;1.0;742;53;652;53;89;54
TE307;22.01.2024;14;1.0;811;53;722;53;89;52
TE307;22.01.2024;15;1.0;805;58;740;58;65;57
TE307;22.01.2024;16;1.0;822;57;775;57;47;57
TE307;22.01.2024;17;1.0;710;57;677;57;33;56
TE307;22.01.2024;18;1.0;604;57;569;58;35;56
TE307;22.01.2024;19;1.0;421;59;389;59;32;60
TE307;22.01.2024;20;1.0;335;59;312;60;23;58
TE307;22.01.2024;21;1.0;218;62;190;62;28;63
TE307;22.01.2024;22;1.0;168;56;145;55;23;55
TE307;22.01.2024;23;1.0;120;61;104;62;16;55
TE307;23.01.2024;0;1.0;76;66;61;66;15;63
TE307;23.01.2024;1;1.0;68;64;48;64;20;63
TE307;23.01.2024;3;1.0;112;60;86;60;26;62
TE307;23.01.2024;4;1.0;267;63;227;63;40;62
TE307;23.01.2024;5;1.0;833;63;782;63;51;62
TE307;23.01.2024;6;1.0;1099;46;1037;46;62;46
TE307;23.01.2024;7;1.0;1090;51;1034;51;56;51
TE307;23.01.2024;8;1.0;1168;50;1067;50;101;50
TE307;23.01.2024;9;1.0;1046;50;935;50;112;50
TE307;23.01.2024;10;1.0;842;52;743;52;100;51
TE307;23.01.2024;11;1.0;817;57;725;57;92;57
TE307;23.01.2024;12;1.0;763;57;706;57;57;56
TE307;23.01.2024;13;1.0;764;57;695;57;69;56
TE307;23.01.2024;14;1.0;808;56;749;56;59;55
TE307;23.01.2024;15;1.0;802;51;740;51;62;51
TE307;23.01.2024;16;1.0;787;57;742;57;45;58
TE307;23.01.2024;17;1.0;809;49;774;49;35;46
TE307;23.01.2024;18;1.0;650;49;615;49;36;50
TE307;23.01.2024;19;1.0;456;44;414;44;42;45
TE307;23.01.2024;20;1.0;399;55;373;55;26;53
TE307;23.01.2024;21;1.0;236;60;214;60;22;58
TE307;23.01.2024;22;1.0;162;61;136;61;26;60
TE307;23.01.2024;23;1.0;116;60;105;60;11;57
TE307;24.01.2024;0;1.0;83;63;63;63;20;62
TE307;24.01.2024;1;1.0;72;67;53;68;19;66
TE307;24.01.2024;2;1.0;86;53;63;53;23;54
TE307;24.01.2024;3;1.0;98;66;79;66;19;68
TE307;24.01.2024;4;1.0;298;52;250;52;48;53
TE307;24.01.2024;5;1.0;887;52;828;52;59;51
TE307;24.01.2024;6;1.0;1148;47;1061;47;88;46
TE307;24.01.2024;7;1.0;1233;54;1125;54;108;53
TE307;24.01.2024;8;1.0;1279;52;1183;52;96;50
TE307;24.01.2024;9;1.0;1042;56;962;56;80;55
TE307;24.01.2024;10;1.0;854;49;775;49;79;48
TE307;24.01.2024;11;1.0;757;50;670;50;87;49
TE307;24.01.2024;12;1.0;747;49;655;49;92;49
TE307;24.01.2024;13;1.0;764;54;674;54;89;55
TE307;24.01.2024;14;1.0;821;51;732;51;90;51
TE307;24.01.2024;15;1.0;930;50;838;50;92;50
TE307;24.01.2024;16;1.0;870;43;826;43;44;42
TE307;24.01.2024;17;1.0;811;56;766;56;45;56
TE307;24.01.2024;18;1.0;633;48;602;48;31;48
TE307;24.01.2024;19;1.0;416;58;372;58;44;56
TE307;24.01.2024;20;1.0;359;53;335;53;24;51
TE307;24.01.2024;21;1.0;234;49;208;49;27;45
TE307;24.01.2024;22;1.0;214;54;186;55;27;54
TE307;24.01.2024;23;1.0;129;56;102;56;28;55
TE307;25.01.2024;1;1.0;68;45;38;45;29;45
TE307;25.01.2024;2;1.0;89;53;56;55;32;51
TE307;25.01.2024;3;1.0;103;58;81;57;23;56
TE307;25.01.2024;4;1.0;264;51;219;51;45;50
TE307;25.01.2024;5;1.0;871;56;822;56;49;56
TE307;25.01.2024;6;1.0;1042;44;972;44;70;44
TE307;25.01.2024;7;1.0;1218;41;1147;41;71;41
TE307;25.01.2024;8;1.0;1210;45;1145;45;65;44
TE307;25.01.2024;9;1.0;997;42;924;42;73;43
TE307;25.01.2024;10;1.0;872;43;799;43;74;42
TE307;25.01.2024;11;1.0;881;48;815;48;66;47
TE307;25.01.2024;13;1.0;850;50;776;50;74;50
TE307;25.01.2024;14;1.0;943;51;858;51;85;51
TE307;25.01.2024;15;1.0;853;52;795;53;59;51
TE307;25.01.2024;16;1.0;920;43;884;44;36;43
TE307;25.01.2024;17;1.0;819;54;787;54;32;52
TE307;25.01.2024;18;1.0;703;50;665;50;38;51
TE307;25.01.2024;19;1.0;467;46;430;46;36;45
TE307;25.01.2024;21;1.0;280;52;246;52;33;52
TE307;25.01.2024;22;1.0;207;52;177;52;32;48
TE307;25.01.2024;23;1.0;107;46;84;46;22;45
TE307;26.01.2024;2;1.0;88;50;60;51;28;49
TE307;26.01.2024;3;1.0;97;58;67;59;31;56
TE307;26.01.2024;4;1.0;240;49;192;49;48;48
TE307;26.01.2024;6;1.0;1002;53;916;53;85;53
TE307;26.01.2024;7;1.0;1047;40;957;41;89;40
TE307;26.01.2024;8;1.0;1053;43;983;43;71;42
TE307;26.01.2024;9;1.0;889;37;836;37;54;42
TE307;26.01.2024;10;1.0;774;46;726;46;48;45
TE307;26.01.2024;11;1.0;804;45;730;45;73;45
TE307;26.01.2024;13;1.0;881;45;844;45;38;43
TE307;26.01.2024;14;1.0;960;43;918;43;43;44
TE307;26.01.2024;15;1.0;848;43;802;43;46;43
TE307;26.01.2024;17;1.0;818;41;785;41;33;40
TE307;26.01.2024;18;1.0;758;59;726;59;32;58
TE307;26.01.2024;19;1.0;611;48;566;48;44;49
TE307;26.01.2024;20;1.0;473;48;443;49;30;47
TE307;26.01.2024;21;1.0;293;50;269;51;24;50
TE307;26.01.2024;22;1.0;253;49;224;49;30;49
TE307;26.01.2024;23;1.0;177;50;152;51;24;50
TE307;27.01.2024;0;1.0;104;50;87;50;18;49
TE307;27.01.2024;2;1.0;82;47;70;49;10;46
TE307;27.01.2024;4;1.0;134;44;113;44;21;43
TE307;27.01.2024;5;1.0;188;49;169;49;19;48
TE307;27.01.2024;8;1.0;413;46;385;46;28;47
TE307;27.01.2024;9;1.0;828;48;781;48;47;47
TE307;27.01.2024;10;1.0;830;47;789;47;41;47
TE307;27.01.2024;11;1.0;885;44;840;44;46;43
TE307;27.01.2024;12;1.0;987;44;954;44;33;44
TE307;27.01.2024;13;1.0;1091;40;1046;40;45;41
TE307;27.01.2024;14;1.0;1039;43;991;43;48;43
TE307;27.01.2024;15;1.0;994;42;959;42;36;41
TE307;27.01.2024;16;1.0;1085;42;1034;42;50;42
TE307;27.01.2024;17;1.0;1075;37;1044;37;31;36
TE307;27.01.2024;18;1.0;960;46;930;46;30;47
TE307;27.01.2024;19;1.0;665;40;642;40;24;40
TE307;27.01.2024;20;1.0;519;46;495;46;26;44
TE307;27.01.2024;22;1.0;294;44;270;44;22;45
TE307;27.01.2024;23;1.0;185;44;165;44;20;44
TE307;28.01.2024;0;1.0;161;56;149;55;10;60
TE307;28.01.2024;1;1.0;86;50;79;50;7;51
TE307;28.01.2024;2;1.0;68;50;59;50;10;44
TE307;28.01.2024;3;1.0;53;51;46;50;7;51
TE307;28.01.2024;4;1.0;80;62;69;62;11;63
TE307;28.01.2024;5;1.0;118;47;107;47;12;46
TE307;28.01.2024;6;1.0;86;49;79;49;6;47
TE307;28.01.2024;7;1.0;136;45;120;45;16;40
TE307;28.01.2024;8;1.0;203;50;187;51;15;53
TE307;28.01.2024;9;1.0;518;43;499;43;20;43
TE307;28.01.2024;10;1.0;624;51;602;51;22;50
TE307;28.01.2024;11;1.0;613;48;587;48;26;48
TE307;28.01.2024;13;1.0;805;50;765;50;40;48
TE307;28.01.2024;15;1.0;828;43;800;43;28;40
TE307;28.01.2024;16;1.0;850;40;817;40;32;41
TE307;28.01.2024;19;1.0;463;45;440;45;24;45
TE307;28.01.2024;20;1.0;336;41;319;41;17;40
TE307;28.01.2024;21;1.0;234;45;217;46;16;46
TE307;28.01.2024;22;1.0;203;49;175;50;28;46
TE307;28.01.2024;23;1.0;138;57;111;58;26;55
TE307;29.01.2024;0;1.0;107;54;89;55;18;50
TE307;29.01.2024;1;1.0;64;52;51;54;13;46
TE307;29.01.2024;2;1.0;92;46;79;46;13;47
TE307;29.01.2024;3;1.0;85;56;65;57;20;54
TE307;29.01.2024;4;1.0;262;49;221;49;41;49
TE307;29.01.2024;5;1.0;863;54;809;54;54;53
TE307;29.01.2024;7;1.0;1204;39;1104;39;100;38
TE307;29.01.2024;8;1.0;1128;40;1047;39;81;39
TE307;29.01.2024;10;1.0;827;42;730;42;97;41
TE307;29.01.2024;11;1.0;808;43;713;43;94;43
TE307;29.01.2024;12;1.0;824;41;739;41;86;40
TE307;29.01.2024;13;1.0;816;42;736;42;80;40
TE307;29.01.2024;14;1.0;827;45;761;45;66;45
TE307;29.01.2024;15;1.0;816;45;747;45;68;47
TE307;29.01.2024;17;1.0;821;47;778;47;43;47
TE307;29.01.2024;18;1.0;641;41;592;41;49;42
TE307;29.01.2024;19;1.0;435;43;400;43;34;42
TE307;29.01.2024;21;1.0;242;49;219;48;23;48
TE307;29.01.2024;22;1.0;152;45;124;46;28;44
TE307;29.01.2024;23;1.0;133;46;96;46;37;45
TE307;30.01.2024;1;1.0;60;47;37;47;22;48
TE307;30.01.2024;2;1.0;106;51;68;50;39;49
TE307;30.01.2024;4;1.0;231;57;171;56;62;56
TE307;30.01.2024;5;1.0;845;45;768;45;78;44
TE307;30.01.2024;7;1.0;1113;41;1028;41;85;40
TE307;30.01.2024;9;1.0;892;46;824;47;68;45
TE307;30.01.2024;11;1.0;732;42;647;42;85;42
TE307;30.01.2024;12;1.0;756;42;679;42;77;42
TE307;30.01.2024;14;1.0;868;42;796;42;72;41
TE307;30.01.2024;15;1.0;784;45;720;45;64;45
TE307;30.01.2024;16;1.0;864;40;828;40;36;40
TE307;30.01.2024;18;1.0;668;46;627;46;42;46
TE307;30.01.2024;19;1.0;540;43;506;43;34;41
TE307;30.01.2024;20;1.0;352;45;314;45;39;43
TE307;30.01.2024;21;1.0;256;51;231;51;27;47
TE307;30.01.2024;22;1.0;237;46;196;46;41;47
TE307;30.01.2024;23;1.0;121;56;107;57;14;56
TE307;31.01.2024;0;1.0;104;54;80;53;25;52
TE307;31.01.2024;2;1.0;99;48;64;50;35;46
TE307;31.01.2024;5;1.0;726;58;679;58;48;57
TE307;31.01.2024;6;1.0;1060;61;1003;61;57;60
TE307;31.01.2024;7;1.0;1145;52;1057;52;88;51
TE307;31.01.2024;8;1.0;978;43;917;43;61;42
TE307;31.01.2024;9;1.0;843;48;772;48;72;48
TE307;31.01.2024;10;1.0;816;48;749;48;68;48
TE307;31.01.2024;12;1.0;801;45;693;45;107;44
TE307;31.01.2024;13;1.0;774;44;694;44;80;43
TE307;31.01.2024;14;1.0;874;48;813;49;60;48
TE307;31.01.2024;15;1.0;825;49;756;49;69;49
TE307;31.01.2024;16;1.0;924;49;862;49;63;47
TE307;31.01.2024;17;1.0;866;44;828;44;37;42
TE307;31.01.2024;18;1.0;1032;47;984;47;48;46
TE307;31.01.2024;19;1.0;550;52;509;52;40;52
TE307;31.01.2024;20;1.0;363;46;328;46;35;46
TE307;31.01.2024;21;1.0;235;55;208;55;27;52
TE307;31.01.2024;22;1.0;188;48;164;48;24;48
TE307;31.01.2024;23;1.0;155;61;128;62;27;58
TE308;01.01.2024;0;1.0;365;40;67;38;298;41
TE308;01.01.2024;1;1.0;726;39;332;39;394;39
TE308;01.01.2024;2;1.0;683;40;245;40;438;40
TE308;01.01.2024;3;1.0;578;40;231;40;347;40
TE308;01.01.2024;4;1.0;490;43;204;42;286;43
TE308;01.01.2024;5;1.0;521;42;290;42;231;42
TE308;01.01.2024;6;1.0;405;44;156;43;249;44
TE308;01.01.2024;7;1.0;318;45;198;45;120;46
TE308;01.01.2024;8;1.0;260;46;173;46;87;45
TE308;01.01.2024;9;1.0;265;44;180;45;85;43
TE308;01.01.2024;10;1.0;329;45;207;45;122;45
TE308;01.01.2024;11;1.0;482;43;229;43;253;43
TE308;01.01.2024;12;1.0;570;42;299;42;271;42
TE308;01.01.2024;13;1.0;585;40;251;41;334;40
TE308;01.01.2024;14;1.0;629;40;322;40;307;40
TE308;01.01.2024;15;1.0;680;41;251;41;429;41
TE308;01.01.2024;16;1.0;635;40;212;40;423;40
TE308;01.01.2024;17;1.0;628;39;236;40;392;39
TE308;01.01.2024;18;1.0;638;39;202;37;436;41
TE308;01.01.2024;19;1.0;590;45;167;45;423;45
TE308;01.01.2024;20;1.0;524;42;172;44;352;42
TE308;01.01.2024;21;1.0;476;43;154;43;322;43
TE308;01.01.2024;22;1.0;452;45;167;44;285;45
TE308;01.01.2024;23;1.0;408;43;150;44;258;44
TE308;02.01.2024;0;1.0;329;45;121;44;208;45
TE308;02.01.2024;1;1.0;210;44;79;44;131;44
TE308;02.01.2024;2;1.0;168;44;88;44;80;44
TE308;02.01.2024;3;1.0;164;40;106;40;58;40
TE308;02.01.2024;4;1.0;168;42;126;42;42;42
TE308;02.01.2024;5;1.0;383;43;274;43;109;41
TE308;02.01.2024;6;1.0;507;43;294;42;213;42
TE308;02.01.2024;7;1.0;545;42;277;42;268;42
TE308;02.01.2024;8;1.0;647;41;284;42;363;40
TE308;02.01.2024;9;1.0;676;43;186;43;490;43
TE308;02.01.2024;10;1.0;702;42;350;42;352;42
TE308;02.01.2024;11;1.0;713;42;544;42;169;43
TE308;02.01.2024;12;1.0;754;42;515;41;239;43
TE308;02.01.2024;13;1.0;701;40;346;40;355;40
TE308;02.01.2024;14;1.0;805;38;551;38;254;39
TE308;02.01.2024;15;1.0;814;39;513;38;301;40
TE308;02.01.2024;16;1.0;820;37;566;36;254;40
TE308;02.01.2024;17;1.0;791;38;558;38;233;38
TE308;02.01.2024;18;1.0;717;39;475;38;242;40
TE308;02.01.2024;19;1.0;659;42;413;42;246;42
TE308;02.01.2024;20;1.0;579;43;456;42;123;44
TE308;02.01.2024;21;1.0;601;43;509;43;92;44
TE308;02.01.2024;22;1.0;625;41;480;41;145;42
TE308;02.01.2024;23;1.0;394;43;290;42;104;43
TE308;03.01.2024;0;1.0;310;43;256;43;54;40
TE308;03.01.2024;1;1.0;250;43;208;43;42;45
TE308;03.01.2024;2;1.0;173;43;146;43;27;44
TE308;03.01.2024;3;1.0;135;34;101;34;34;34
TE308;03.01.2024;4;1.0;158;43;97;44;61;42
TE308;03.01.2024;5;1.0;348;45;195;45;153;45
TE308;03.01.2024;6;1.0;542;44;233;44;309;44
TE308;03.01.2024;7;1.0;643;42;287;42;356;41
TE308;03.01.2024;8;1.0;675;39;201;40;474;39
TE308;03.01.2024;9;1.0;700;40;236;40;464;39
TE308;03.01.2024;10;1.0;707;41;172;42;535;41
TE308;03.01.2024;11;1.0;727;40;108;41;619;40
TE308;03.01.2024;12;1.0;683;40;147;39;536;39
TE308;03.01.2024;13;1.0;737;37;180;37;556;37
TE308;03.01.2024;14;1.0;834;35;242;28;592;37
TE308;03.01.2024;15;1.0;844;35;254;30;590;37
TE308;03.01.2024;16;1.0;856;32;376;28;480;35
TE308;03.01.2024;17;1.0;773;34;269;29;504;36
TE308;03.01.2024;18;1.0;723;36;227;32;496;38
TE308;03.01.2024;19;1.0;663;38;184;38;479;37
TE308;03.01.2024;20;1.0;618;39;158;40;460;39
TE308;03.01.2024;21;1.0;611;41;140;42;471;40
TE308;03.01.2024;22;1.0;511;42;129;42;382;41
TE308;03.01.2024;23;1.0;417;44;86;45;331;45
TE308;04.01.2024;0;1.0;313;44;96;46;217;43
TE308;04.01.2024;1;1.0;255;46;89;46;166;45
TE308;04.01.2024;2;1.0;175;45;51;46;124;45
TE308;04.01.2024;3;1.0;180;46;52;46;128;46
TE308;04.01.2024;4;1.0;185;45;53;43;132;46
TE308;04.01.2024;5;1.0;360;49;180;48;180;48
TE308;04.01.2024;6;1.0;523;46;311;45;212;46
TE308;04.01.2024;7;1.0;625;42;369;43;256;41
TE308;04.01.2024;8;1.0;690;41;347;42;343;41
TE308;04.01.2024;9;1.0;700;40;285;40;415;40
TE308;04.01.2024;10;1.0;663;40;412;39;251;40
TE308;04.01.2024;11;1.0;713;38;451;38;262;38
TE308;04.01.2024;12;1.0;779;38;300;38;479;39
TE308;04.01.2024;13;1.0;732;37;248;34;484;38
TE308;04.01.2024;14;1.0;875;35;386;33;489;37
TE308;04.01.2024;15;1.0;838;33;388;31;450;34
TE308;04.01.2024;16;1.0;883;31;552;27;331;36
TE308;04.01.2024;17;1.0;888;35;367;31;521;39
TE308;04.01.2024;18;1.0;764;38;269;34;495;40
TE308;04.01.2024;19;1.0;635;42;233;42;402;43
TE308;04.01.2024;20;1.0;571;42;201;42;370;43
TE308;04.01.2024;21;1.0;534;45;221;44;313;46
TE308;04.01.2024;22;1.0;626;44;266;44;360;44
TE308;04.01.2024;23;1.0;432;45;209;45;223;45
TE308;05.01.2024;0;1.0;326;45;209;45;117;45
TE308;05.01.2024;1;1.0;263;43;170;43;93;43
TE308;05.01.2024;2;1.0;180;43;96;43;84;43
TE308;05.01.2024;3;1.0;132;47;89;47;43;47
TE308;05.01.2024;4;1.0;180;45;124;45;56;44
TE308;05.01.2024;5;1.0;311;46;195;46;116;47
TE308;05.01.2024;6;1.0;479;46;256;45;223;47
TE308;05.01.2024;7;1.0;524;43;226;44;298;44
TE308;05.01.2024;8;1.0;623;45;191;43;432;46
TE308;05.01.2024;9;1.0;602;46;214;45;388;45
TE308;05.01.2024;10;1.0;662;43;230;42;432;43
TE308;05.01.2024;11;1.0;708;41;285;41;423;42
TE308;05.01.2024;12;1.0;759;37;361;36;398;38
TE308;05.01.2024;13;1.0;786;39;625;39;161;37
TE308;05.01.2024;14;1.0;847;34;520;32;328;37
TE308;05.01.2024;15;1.0;864;38;545;36;319;40
TE308;05.01.2024;16;1.0;707;40;443;38;264;44
TE308;05.01.2024;17;1.0;734;42;503;41;231;43
TE308;05.01.2024;18;1.0;686;40;539;40;147;41
TE308;05.01.2024;19;1.0;603;42;413;41;190;43
TE308;05.01.2024;20;1.0;610;43;359;43;251;44
TE308;05.01.2024;21;1.0;575;44;274;44;301;45
TE308;05.01.2024;22;1.0;587;43;264;43;323;43
TE308;05.01.2024;23;1.0;496;46;277;45;219;46
TE308;06.01.2024;0;1.0;414;44;236;44;178;44
TE308;06.01.2024;1;1.0;345;45;267;45;78;45
TE308;06.01.2024;2;1.0;264;43;183;44;81;43
TE308;06.01.2024;3;1.0;260;44;174;44;86;45
TE308;06.01.2024;4;1.0;197;47;119;46;78;46
TE308;06.01.2024;5;1.0;240;46;154;47;86;45
TE308;06.01.2024;6;1.0;246;45;149;45;97;45
TE308;06.01.2024;7;1.0;294;44;135;44;159;44
TE308;06.01.2024;8;1.0;317;45;164;45;153;44
TE308;06.01.2024;9;1.0;425;43;181;44;244;43
TE308;06.01.2024;10;1.0;540;42;240;42;300;42
TE308;06.01.2024;11;1.0;578;42;287;42;291;44
TE308;06.01.2024;12;1.0;638;42;253;41;385;42
TE308;06.01.2024;13;1.0;710;41;260;39;450;42
TE308;06.01.2024;14;1.0;690;39;229;39;461;40
TE308;06.01.2024;15;1.0;654;39;223;37;431;40
TE308;06.01.2024;16;1.0;689;40;262;39;427;40
TE308;06.01.2024;17;1.0;721;39;281;37;440;40
TE308;06.01.2024;18;1.0;700;41;234;39;466;41
TE308;06.01.2024;19;1.0;702;43;271;43;431;43
TE308;06.01.2024;20;1.0;612;41;226;40;386;42
TE308;06.01.2024;21;1.0;564;43;164;41;400;44
TE308;06.01.2024;22;1.0;613;42;280;42;333;43
TE308;06.01.2024;23;1.0;536;43;207;43;329;43
TE308;07.01.2024;0;1.0;463;45;227;44;236;45
TE308;07.01.2024;1;1.0;451;44;223;44;228;44
TE308;07.01.2024;2;1.0;310;45;97;45;213;46
TE308;07.01.2024;3;1.0;289;43;177;43;112;42
TE308;07.01.2024;4;1.0;239;41;82;42;157;41
TE308;07.01.2024;5;1.0;236;40;174;40;62;39
TE308;07.01.2024;6;1.0;239;46;160;47;79;46
TE308;07.01.2024;7;1.0;207;46;160;46;47;44
TE308;07.01.2024;8;1.0;202;44;151;44;51;43
TE308;07.01.2024;9;1.0;308;45;220;45;88;46
TE308;07.01.2024;10;1.0;428;44;186;45;242;44
TE308;07.01.2024;11;1.0;497;43;243;43;254;44
TE308;07.01.2024;12;1.0;622;43;274;42;348;44
TE308;07.01.2024;13;1.0;661;43;287;41;374;44
TE308;07.01.2024;14;1.0;716;42;259;41;457;43
TE308;07.01.2024;15;1.0;735;43;238;42;497;44
TE308;07.01.2024;16;1.0;696;41;222;40;474;42
TE308;07.01.2024;17;1.0;736;39;246;35;490;41
TE308;07.01.2024;18;1.0;695;41;276;40;419;42
TE308;07.01.2024;19;1.0;643;42;231;42;412;42
TE308;07.01.2024;20;1.0;641;42;211;41;430;42
TE308;07.01.2024;21;1.0;537;38;136;37;401;38
TE308;07.01.2024;22;1.0;519;39;161;39;358;38
TE308;07.01.2024;23;1.0;336;40;141;40;195;40
TE308;08.01.2024;0;1.0;283;42;164;42;119;41
TE308;08.01.2024;1;1.0;234;41;139;41;95;42
TE308;08.01.2024;2;1.0;157;41;95;42;62;40
TE308;08.01.2024;3;1.0;171;41;107;41;64;41
TE308;08.01.2024;4;1.0;187;41;147;42;40;40
TE308;08.01.2024;5;1.0;399;43;263;42;136;43
TE308;08.01.2024;6;1.0;597;41;353;40;244;40
TE308;08.01.2024;7;1.0;713;40;346;40;367;40
TE308;08.01.2024;8;1.0;770;38;310;38;460;38
TE308;08.01.2024;9;1.0;686;37;268;36;418;37
TE308;08.01.2024;10;1.0;678;40;162;39;516;40
TE308;08.01.2024;11;1.0;616;38;143;37;473;38
TE308;08.01.2024;12;1.0;691;38;158;37;533;38
TE308;08.01.2024;13;1.0;758;35;244;32;514;37
TE308;08.01.2024;14;1.0;769;36;245;33;524;37
TE308;08.01.2024;15;1.0;860;34;253;30;607;36
TE308;08.01.2024;16;1.0;792;35;267;28;525;39
TE308;08.01.2024;17;1.0;786;33;245;27;541;36
TE308;08.01.2024;18;1.0;764;35;236;29;528;38
TE308;08.01.2024;19;1.0;578;37;171;36;407;38
TE308;08.01.2024;20;1.0;505;38;199;38;306;38
TE308;08.01.2024;21;1.0;509;39;210;38;299;40
TE308;08.01.2024;22;1.0;435;40;136;40;299;40
TE308;08.01.2024;23;1.0;340;39;169;38;171;39
TE308;09.01.2024;0;1.0;286;41;176;40;110;42
TE308;09.01.2024;1;1.0;218;41;159;41;59;41
TE308;09.01.2024;2;1.0;141;39;100;39;41;39
TE308;09.01.2024;3;1.0;142;39;106;40;36;39
TE308;09.01.2024;4;1.0;188;42;137;42;51;41
TE308;09.01.2024;5;1.0;371;42;219;42;152;43
TE308;09.01.2024;6;1.0;613;41;364;41;249;42
TE308;09.01.2024;7;1.0;749;38;446;38;303;39
TE308;09.01.2024;8;1.0;776;38;386;38;390;39
TE308;09.01.2024;9;1.0;758;36;403;35;355;37
TE308;09.01.2024;10;1.0;712;37;308;36;404;38
TE308;09.01.2024;11;1.0;764;35;308;34;456;37
TE308;09.01.2024;12;1.0;734;37;246;34;488;38
TE308;09.01.2024;13;1.0;719;36;275;33;444;37
TE308;09.01.2024;14;1.0;858;31;372;28;486;35
TE308;09.01.2024;15;1.0;876;29;376;22;500;33
TE308;09.01.2024;16;1.0;883;30;408;26;475;34
TE308;09.01.2024;17;1.0;804;30;354;27;450;34
TE308;09.01.2024;18;1.0;777;29;318;25;460;33
TE308;09.01.2024;19;1.0;648;37;271;34;377;38
TE308;09.01.2024;20;1.0;590;38;294;37;296;38
TE308;09.01.2024;21;1.0;511;41;233;40;278;41
TE308;09.01.2024;22;1.0;551;39;266;38;285;39
TE308;09.01.2024;23;1.0;413;39;175;39;238;40
TE308;10.01.2024;0;1.0;267;41;140;41;127;40
TE308;10.01.2024;1;1.0;208;41;125;42;83;40
TE308;10.01.2024;2;1.0;157;40;127;40;30;40
TE308;10.01.2024;3;1.0;143;39;116;39;27;41
TE308;10.01.2024;4;1.0;202;40;158;39;44;40
TE308;10.01.2024;5;1.0;395;42;281;43;114;42
TE308;10.01.2024;6;1.0;625;40;397;40;228;41
TE308;10.01.2024;7;1.0;886;36;555;35;331;36
TE308;10.01.2024;8;1.0;851;36;536;36;315;37
TE308;10.01.2024;9;1.0;720;39;315;39;405;39
TE308;10.01.2024;10;1.0;684;39;270;38;414;39
TE308;10.01.2024;11;1.0;767;37;335;36;432;38
TE308;10.01.2024;12;1.0;750;34;362;32;388;36
TE308;10.01.2024;13;1.0;763;33;373;29;390;37
TE308;10.01.2024;14;1.0;869;32;437;29;432;36
TE308;10.01.2024;15;1.0;903;31;412;25;491;37
TE308;10.01.2024;16;1.0;904;30;492;26;412;35
TE308;10.01.2024;17;1.0;852;30;384;24;468;36
TE308;10.01.2024;18;1.0;845;29;405;24;440;33
TE308;10.01.2024;19;1.0;695;35;299;33;396;37
TE308;10.01.2024;20;1.0;641;39;257;38;384;39
TE308;10.01.2024;21;1.0;590;39;205;38;385;39
TE308;10.01.2024;22;1.0;556;39;180;39;376;39
TE308;10.01.2024;23;1.0;475;41;220;42;255;41
TE308;11.01.2024;0;1.0;318;40;104;41;214;40
TE308;11.01.2024;1;1.0;240;43;143;42;97;44
TE308;11.01.2024;2;1.0;150;44;104;43;46;45
TE308;11.01.2024;3;1.0;134;45;111;45;23;43
TE308;11.01.2024;4;1.0;171;45;85;43;86;46
TE308;11.01.2024;5;1.0;363;48;236;48;127;47
TE308;11.01.2024;6;1.0;555;46;258;46;297;46
TE308;11.01.2024;7;1.0;736;41;259;40;477;41
TE308;11.01.2024;8;1.0;852;36;204;33;648;37
TE308;11.01.2024;9;1.0;871;39;170;38;701;39
TE308;11.01.2024;10;1.0;749;40;182;34;567;41
TE308;11.01.2024;11;1.0;766;37;241;32;525;39
TE308;11.01.2024;12;1.0;723;39;259;37;464;40
TE308;11.01.2024;13;1.0;765;39;262;32;503;42
TE308;11.01.2024;14;1.0;902;35;343;28;559;39
TE308;11.01.2024;15;1.0;855;28;459;23;396;34
TE308;11.01.2024;16;1.0;847;30;483;26;364;36
TE308;11.01.2024;17;1.0;830;30;432;24;398;37
TE308;11.01.2024;18;1.0;817;32;507;29;310;37
TE308;11.01.2024;19;1.0;740;34;429;31;311;37
TE308;11.01.2024;20;1.0;563;41;245;39;318;42
TE308;11.01.2024;21;1.0;544;43;260;43;284;44
TE308;11.01.2024;22;1.0;597;42;378;42;219;42
TE308;11.01.2024;23;1.0;432;45;202;45;230;44
TE308;12.01.2024;0;1.0;375;47;114;47;261;47
TE308;12.01.2024;1;1.0;247;48;169;48;78;47
TE308;12.01.2024;2;1.0;181;48;91;47;90;47
TE308;12.01.2024;3;1.0;164;47;121;48;43;47
TE308;12.01.2024;4;1.0;189;46;139;46;50;47
TE308;12.01.2024;5;1.0;358;51;256;49;102;55
TE308;12.01.2024;6;1.0;518;46;319;47;199;46
TE308;12.01.2024;7;1.0;686;43;431;43;255;43
TE308;12.01.2024;8;1.0;788;42;369;41;419;42
TE308;12.01.2024;9;1.0;682;39;314;37;368;42
TE308;12.01.2024;10;1.0;676;40;252;37;424;42
TE308;12.01.2024;11;1.0;716;41;295;39;421;42
TE308;12.01.2024;12;1.0;768;39;321;34;447;43
TE308;12.01.2024;13;1.0;767;40;319;36;448;42
TE308;12.01.2024;14;1.0;920;32;399;25;521;38
TE308;12.01.2024;15;1.0;869;34;401;28;468;39
TE308;12.01.2024;16;1.0;813;33;393;27;420;39
TE308;12.01.2024;17;1.0;819;37;292;32;527;40
TE308;12.01.2024;18;1.0;761;36;344;33;417;40
TE308;12.01.2024;19;1.0;666;36;242;32;424;39
TE308;12.01.2024;20;1.0;637;39;254;35;383;42
TE308;12.01.2024;21;1.0;577;44;201;42;376;45
TE308;12.01.2024;22;1.0;634;41;298;41;336;41
TE308;12.01.2024;23;1.0;518;43;220;43;298;43
TE308;13.01.2024;0;1.0;414;44;168;44;246;44
TE308;13.01.2024;1;1.0;371;44;189;43;182;45
TE308;13.01.2024;2;1.0;337;44;174;44;163;45
TE308;13.01.2024;3;1.0;277;46;176;45;101;47
TE308;13.01.2024;4;1.0;235;48;135;47;100;50
TE308;13.01.2024;5;1.0;241;46;129;47;112;45
TE308;13.01.2024;6;1.0;263;45;169;45;94;44
TE308;13.01.2024;7;1.0;292;46;173;46;119;48
TE308;13.01.2024;8;1.0;373;46;308;46;65;46
TE308;13.01.2024;9;1.0;444;46;390;46;54;46
TE308;13.01.2024;10;1.0;502;45;380;45;122;45
TE308;13.01.2024;11;1.0;622;43;323;45;299;43
TE308;13.01.2024;12;1.0;621;43;343;44;278;42
TE308;13.01.2024;13;1.0;703;43;299;43;404;43
TE308;13.01.2024;14;1.0;694;40;280;39;414;41
TE308;13.01.2024;15;1.0;713;40;254;39;459;40
TE308;13.01.2024;16;1.0;694;41;419;41;275;41
TE308;13.01.2024;17;1.0;703;40;277;38;426;41
TE308;13.01.2024;18;1.0;694;38;387;38;307;39
TE308;13.01.2024;19;1.0;629;45;360;44;269;45
TE308;13.01.2024;20;1.0;624;43;223;43;401;44
TE308;13.01.2024;21;1.0;632;43;222;42;410;44
TE308;13.01.2024;22;1.0;645;46;220;46;425;46
TE308;13.01.2024;23;1.0;578;45;334;44;244;45
TE308;14.01.2024;0;1.0;561;45;469;45;92;45
TE308;14.01.2024;1;1.0;450;45;293;45;157;46
TE308;14.01.2024;2;1.0;369;47;141;47;228;48
TE308;14.01.2024;3;1.0;320;48;160;47;160;49
TE308;14.01.2024;4;1.0;266;47;93;47;173;47
TE308;14.01.2024;5;1.0;262;46;138;46;124;45
TE308;14.01.2024;6;1.0;235;46;149;45;86;46
TE308;14.01.2024;7;1.0;198;48;142;47;56;49
TE308;14.01.2024;8;1.0;238;46;154;46;84;46
TE308;14.01.2024;9;1.0;319;47;209;47;110;47
TE308;14.01.2024;10;1.0;472;46;248;46;224;46
TE308;14.01.2024;11;1.0;580;43;251;44;329;43
TE308;14.01.2024;12;1.0;690;41;271;41;419;41
TE308;14.01.2024;13;1.0;686;43;307;43;379;43
TE308;14.01.2024;14;1.0;685;42;260;42;425;41
TE308;14.01.2024;15;1.0;783;39;290;39;493;40
TE308;14.01.2024;16;1.0;715;40;216;38;499;42
TE308;14.01.2024;17;1.0;772;40;278;39;494;42
TE308;14.01.2024;18;1.0;721;42;223;40;498;42
TE308;14.01.2024;19;1.0;656;44;241;42;415;45
TE308;14.01.2024;20;1.0;601;44;209;44;392;44
TE308;14.01.2024;21;1.0;524;43;153;43;371;43
TE308;14.01.2024;22;1.0;564;44;236;43;328;44
TE308;14.01.2024;23;1.0;424;45;188;44;236;46
TE308;15.01.2024;0;1.0;308;47;188;46;120;48
TE308;15.01.2024;1;1.0;220;46;123;46;97;47
TE308;15.01.2024;2;1.0;132;48;73;47;59;50
TE308;15.01.2024;3;1.0;142;46;92;46;50;48
TE308;15.01.2024;4;1.0;187;48;103;49;84;47
TE308;15.01.2024;5;1.0;406;50;205;49;201;51
TE308;15.01.2024;6;1.0;617;44;277;43;340;45
TE308;15.01.2024;7;1.0;803;40;367;38;436;42
TE308;15.01.2024;8;1.0;781;37;370;38;411;36
TE308;15.01.2024;9;1.0;764;37;291;38;473;37
TE308;15.01.2024;10;1.0;680;41;145;38;535;41
TE308;15.01.2024;11;1.0;678;43;211;42;467;43
TE308;15.01.2024;12;1.0;757;41;209;41;548;41
TE308;15.01.2024;13;1.0;804;36;415;35;389;37
TE308;15.01.2024;14;1.0;914;31;564;30;350;33
TE308;15.01.2024;15;1.0;822;34;387;29;435;39
TE308;15.01.2024;16;1.0;802;33;343;29;459;36
TE308;15.01.2024;17;1.0;800;37;263;32;537;40
TE308;15.01.2024;18;1.0;681;40;211;35;470;41
TE308;15.01.2024;19;1.0;562;42;208;40;354;43
TE308;15.01.2024;20;1.0;569;45;199;43;370;45
TE308;15.01.2024;21;1.0;556;44;221;43;335;45
TE308;15.01.2024;22;1.0;523;45;281;44;242;45
TE308;15.01.2024;23;1.0;370;46;186;46;184;46
TE308;16.01.2024;0;1.0;304;45;130;45;174;46
TE308;16.01.2024;1;1.0;231;45;135;45;96;45
TE308;16.01.2024;2;1.0;125;33;100;31;25;39
TE308;16.01.2024;3;1.0;136;35;125;35;11;35
TE308;16.01.2024;4;1.0;183;38;159;38;24;36
TE308;16.01.2024;5;1.0;367;43;296;43;71;43
TE308;16.01.2024;6;1.0;613;40;394;39;219;40
TE308;16.01.2024;7;1.0;829;34;372;34;457;35
TE308;16.01.2024;8;1.0;817;34;441;34;376;35
TE308;16.01.2024;9;1.0;796;36;405;36;391;36
TE308;16.01.2024;10;1.0;767;33;335;33;432;34
TE308;16.01.2024;11;1.0;797;36;267;34;530;37
TE308;16.01.2024;12;1.0;766;37;363;37;403;37
TE308;16.01.2024;13;1.0;759;33;380;33;379;34
TE308;16.01.2024;14;1.0;704;32;282;30;422;34
TE308;16.01.2024;15;1.0;758;25;345;22;413;28
TE308;16.01.2024;16;1.0;860;29;476;26;384;32
TE308;16.01.2024;17;1.0;838;31;415;26;423;37
TE308;16.01.2024;18;1.0;796;32;444;28;352;38
TE308;16.01.2024;19;1.0;705;37;339;34;366;40
TE308;16.01.2024;20;1.0;628;42;292;41;336;43
TE308;16.01.2024;21;1.0;657;44;274;43;383;44
TE308;16.01.2024;22;1.0;609;43;251;43;358;44
TE308;16.01.2024;23;1.0;484;43;192;42;292;44
TE308;17.01.2024;0;1.0;348;40;184;40;164;40
TE308;17.01.2024;1;1.0;221;40;150;40;71;40
TE308;17.01.2024;2;1.0;163;41;89;41;74;41
TE308;17.01.2024;3;1.0;171;41;135;41;36;42
TE308;17.01.2024;4;1.0;193;41;136;40;57;42
TE308;17.01.2024;5;1.0;370;44;177;45;193;44
TE308;17.01.2024;6;1.0;624;41;242;41;382;41
TE308;17.01.2024;7;1.0;804;37;410;36;394;37
TE308;17.01.2024;8;1.0;878;32;596;30;282;35
TE308;17.01.2024;9;1.0;816;37;320;36;496;38
TE308;17.01.2024;10;1.0;752;40;174;39;578;41
TE308;17.01.2024;11;1.0;755;35;235;34;520;36
TE308;17.01.2024;12;1.0;779;35;187;35;592;35
TE308;17.01.2024;13;1.0;797;36;198;37;599;36
TE308;17.01.2024;14;1.0;799;37;244;35;555;37
TE308;17.01.2024;15;1.0;802;33;297;28;505;36
TE308;17.01.2024;16;1.0;859;32;392;26;467;37
TE308;17.01.2024;17;1.0;821;33;338;25;483;39
TE308;17.01.2024;18;1.0;801;37;323;29;478;42
TE308;17.01.2024;19;1.0;641;39;217;34;424;43
TE308;17.01.2024;20;1.0;666;44;264;43;402;44
TE308;17.01.2024;21;1.0;657;45;305;44;352;46
TE308;17.01.2024;22;1.0;579;46;284;45;295;48
TE308;17.01.2024;23;1.0;469;45;213;45;256;45
TE308;18.01.2024;0;1.0;374;46;168;45;206;45
TE308;18.01.2024;1;1.0;284;46;127;45;157;47
TE308;18.01.2024;2;1.0;178;48;116;47;62;50
TE308;18.01.2024;3;1.0;194;45;144;45;50;48
TE308;18.01.2024;4;1.0;209;46;148;46;61;48
TE308;18.01.2024;5;1.0;426;48;240;47;186;50
TE308;18.01.2024;6;1.0;654;45;330;45;324;46
TE308;18.01.2024;7;1.0;740;41;347;40;393;41
TE308;18.01.2024;8;1.0;854;40;347;39;507;41
TE308;18.01.2024;9;1.0;792;40;282;39;510;41
TE308;18.01.2024;10;1.0;746;40;234;39;512;41
TE308;18.01.2024;11;1.0;742;40;246;38;497;41
TE308;18.01.2024;12;1.0;696;31;233;29;463;33
TE308;18.01.2024;13;1.0;778;32;271;28;506;34
TE308;18.01.2024;14;1.0;936;34;360;28;576;38
TE308;18.01.2024;15;1.0;921;32;391;25;530;38
TE308;18.01.2024;16;1.0;927;28;374;21;551;32
TE308;18.01.2024;17;1.0;938;30;411;24;527;36
TE308;18.01.2024;18;1.0;934;31;381;23;553;37
TE308;18.01.2024;19;1.0;740;35;292;30;448;38
TE308;18.01.2024;20;1.0;645;40;292;39;353;41
TE308;18.01.2024;21;1.0;601;40;281;38;320;41
TE308;18.01.2024;22;1.0;641;38;311;38;330;38
TE308;18.01.2024;23;1.0;471;41;232;40;239;42
TE308;19.01.2024;0;1.0;375;41;200;41;175;41
TE308;19.01.2024;1;1.0;271;40;158;40;113;41
TE308;19.01.2024;2;1.0;195;41;124;42;71;41
TE308;19.01.2024;3;1.0;178;42;151;42;27;41
TE308;19.01.2024;4;1.0;190;41;163;41;27;40
TE308;19.01.2024;5;1.0;384;44;304;43;80;44
TE308;19.01.2024;6;1.0;612;42;361;42;251;42
TE308;19.01.2024;7;1.0;787;37;414;37;373;38
TE308;19.01.2024;8;1.0;853;37;430;36;423;38
TE308;19.01.2024;9;1.0;773;38;334;36;439;40
TE308;19.01.2024;10;1.0;797;38;349;34;448;41
TE308;19.01.2024;11;1.0;850;37;381;36;469;38
TE308;19.01.2024;12;1.0;907;35;339;30;568;38
TE308;19.01.2024;13;1.0;936;34;400;29;536;38
TE308;19.01.2024;14;1.0;967;31;506;28;461;34
TE308;19.01.2024;15;1.0;989;31;468;27;521;35
TE308;19.01.2024;16;1.0;939;33;441;26;498;40
TE308;19.01.2024;17;1.0;888;35;382;28;506;41
TE308;19.01.2024;18;1.0;834;37;340;30;494;42
TE308;19.01.2024;19;1.0;727;37;292;32;435;40
TE308;19.01.2024;20;1.0;726;38;315;36;411;39
TE308;19.01.2024;21;1.0;644;40;256;39;388;41
TE308;19.01.2024;22;1.0;689;41;321;40;368;43
TE308;19.01.2024;23;1.0;591;40;241;39;350;40
TE308;20.01.2024;0;1.0;488;41;195;39;293;42
TE308;20.01.2024;1;1.0;443;41;194;40;249;42
TE308;20.01.2024;2;1.0;351;43;163;42;188;45
TE308;20.01.2024;3;1.0;274;43;162;43;112;44
TE308;20.01.2024;4;1.0;240;43;158;42;82;44
TE308;20.01.2024;5;1.0;265;44;144;43;121;45
TE308;20.01.2024;6;1.0;277;43;148;41;129;45
TE308;20.01.2024;7;1.0;344;41;216;41;128;41
TE308;20.01.2024;8;1.0;395;43;260;42;135;43
TE308;20.01.2024;9;1.0;559;43;307;43;252;43
TE308;20.01.2024;10;1.0;668;45;289;44;379;46
TE308;20.01.2024;11;1.0;647;42;268;42;379;43
TE308;20.01.2024;12;1.0;711;41;310;41;401;41
TE308;20.01.2024;13;1.0;809;38;371;37;438;39
TE308;20.01.2024;14;1.0;806;40;327;38;479;40
TE308;20.01.2024;15;1.0;787;39;305;36;482;40
TE308;20.01.2024;16;1.0;777;33;359;30;418;36
TE308;20.01.2024;17;1.0;771;33;302;28;469;36
TE308;20.01.2024;18;1.0;746;35;350;32;396;36
TE308;20.01.2024;19;1.0;749;38;272;33;477;40
TE308;20.01.2024;20;1.0;672;40;249;38;423;41
TE308;20.01.2024;21;1.0;729;35;324;32;405;37
TE308;20.01.2024;22;1.0;650;40;262;39;388;41
TE308;20.01.2024;23;1.0;656;39;411;38;245;40
TE308;21.01.2024;0;1.0;563;40;297;40;266;41
TE308;21.01.2024;1;1.0;483;41;303;41;180;42
TE308;21.01.2024;2;1.0;369;42;237;43;132;43
TE308;21.01.2024;3;1.0;300;43;201;43;99;44
TE308;21.01.2024;4;1.0;256;43;157;44;99;42
TE308;21.01.2024;5;1.0;267;46;206;46;61;47
TE308;21.01.2024;6;1.0;244;47;204;47;40;46
TE308;21.01.2024;7;1.0;220;45;199;45;21;45
TE308;21.01.2024;8;1.0;256;47;189;46;67;49
TE308;21.01.2024;9;1.0;377;44;166;44;211;44
TE308;21.01.2024;10;1.0;509;44;172;44;337;43
TE308;21.01.2024;11;1.0;660;47;244;43;416;48
TE308;21.01.2024;12;1.0;716;40;271;39;445;41
TE308;21.01.2024;13;1.0;773;40;317;39;456;41
TE308;21.01.2024;14;1.0;825;40;322;36;503;43
TE308;21.01.2024;15;1.0;790;37;328;33;462;40
TE308;21.01.2024;16;1.0;759;40;346;38;413;42
TE308;21.01.2024;17;1.0;848;38;354;34;494;41
TE308;21.01.2024;18;1.0;758;38;334;35;424;41
TE308;21.01.2024;19;1.0;701;40;324;38;377;43
TE308;21.01.2024;20;1.0;609;42;252;40;357;43
TE308;21.01.2024;21;1.0;567;41;214;39;353;42
TE308;21.01.2024;22;1.0;479;40;159;39;320;41
TE308;21.01.2024;23;1.0;410;41;140;41;270;42
TE308;22.01.2024;0;1.0;263;41;109;41;154;42
TE308;22.01.2024;1;1.0;220;42;129;41;91;43
TE308;22.01.2024;2;1.0;137;43;88;44;49;41
TE308;22.01.2024;3;1.0;125;43;85;45;40;41
TE308;22.01.2024;4;1.0;184;44;129;44;55;45
TE308;22.01.2024;5;1.0;403;46;221;46;182;47
TE308;22.01.2024;6;1.0;626;44;340;43;286;44
TE308;22.01.2024;7;1.0;828;41;357;39;471;42
TE308;22.01.2024;8;1.0;860;37;336;33;524;40
TE308;22.01.2024;9;1.0;777;36;303;36;474;36
TE308;22.01.2024;10;1.0;809;38;452;37;357;39
TE308;22.01.2024;11;1.0;780;37;250;34;530;39
TE308;22.01.2024;12;1.0;760;38;222;34;538;40
TE308;22.01.2024;13;1.0;831;39;277;33;554;41
TE308;22.01.2024;14;1.0;908;36;283;27;625;40
TE308;22.01.2024;15;1.0;949;32;394;25;555;36
TE308;22.01.2024;16;1.0;880;31;314;23;566;35
TE308;22.01.2024;17;1.0;874;33;455;28;419;38
TE308;22.01.2024;18;1.0;810;33;399;29;411;38
TE308;22.01.2024;19;1.0;689;37;280;35;409;38
TE308;22.01.2024;20;1.0;564;40;165;38;399;41
TE308;22.01.2024;21;1.0;540;42;143;41;397;43
TE308;22.01.2024;22;1.0;549;41;217;41;332;41
TE308;22.01.2024;23;1.0;444;41;148;41;296;41
TE308;23.01.2024;0;1.0;281;42;87;40;194;43
TE308;23.01.2024;1;1.0;215;42;108;41;107;44
TE308;23.01.2024;2;1.0;116;44;80;42;36;45
TE308;23.01.2024;3;1.0;132;43;86;42;46;46
TE308;23.01.2024;4;1.0;182;45;69;44;113;45
TE308;23.01.2024;5;1.0;374;45;145;45;229;46
TE308;23.01.2024;6;1.0;594;44;268;43;326;44
TE308;23.01.2024;7;1.0;773;39;387;37;386;41
TE308;23.01.2024;8;1.0;838;38;305;33;533;41
TE308;23.01.2024;9;1.0;807;38;296;34;511;41
TE308;23.01.2024;10;1.0;807;36;271;31;536;39
TE308;23.01.2024;11;1.0;764;41;238;39;526;43
TE308;23.01.2024;12;1.0;794;36;272;30;522;39
TE308;23.01.2024;13;1.0;854;29;314;24;541;31
TE308;23.01.2024;14;1.0;805;34;295;28;510;38
TE308;23.01.2024;15;1.0;946;32;304;25;642;36
TE308;23.01.2024;16;1.0;976;33;400;27;576;36
TE308;23.01.2024;17;1.0;950;33;393;27;557;37
TE308;23.01.2024;18;1.0;857;33;312;24;545;37
TE308;23.01.2024;19;1.0;726;36;297;32;429;39
TE308;23.01.2024;20;1.0;659;38;212;34;447;39
TE308;23.01.2024;21;1.0;600;33;168;32;431;33
TE308;23.01.2024;22;1.0;564;43;156;41;408;43
TE308;23.01.2024;23;1.0;408;44;106;44;302;45
TE308;24.01.2024;0;1.0;303;46;116;44;187;47
TE308;24.01.2024;1;1.0;195;44;148;44;47;44
TE308;24.01.2024;2;1.0;128;43;113;43;15;43
TE308;24.01.2024;3;1.0;147;44;127;44;20;44
TE308;24.01.2024;4;1.0;168;46;129;46;39;45
TE308;24.01.2024;5;1.0;423;38;301;38;122;37
TE308;24.01.2024;6;1.0;660;43;230;43;430;44
TE308;24.01.2024;7;1.0;891;33;497;33;394;33
TE308;24.01.2024;8;1.0;883;32;559;33;324;33
TE308;24.01.2024;9;1.0;833;36;269;31;564;38
TE308;24.01.2024;10;1.0;765;38;384;38;381;38
TE308;24.01.2024;11;1.0;834;40;338;37;496;41
TE308;24.01.2024;12;1.0;827;36;312;33;515;39
TE308;24.01.2024;13;1.0;785;36;258;33;527;38
TE308;24.01.2024;14;1.0;963;34;287;30;676;36
TE308;24.01.2024;15;1.0;952;32;276;22;676;37
TE308;24.01.2024;16;1.0;909;29;321;22;588;33
TE308;24.01.2024;17;1.0;907;33;282;24;625;37
TE308;24.01.2024;18;1.0;888;33;362;25;526;38
TE308;24.01.2024;19;1.0;781;36;311;33;470;38
TE308;24.01.2024;20;1.0;626;39;191;39;435;40
TE308;24.01.2024;21;1.0;584;41;165;40;419;41
TE308;24.01.2024;22;1.0;603;40;239;41;364;41
TE308;24.01.2024;23;1.0;466;42;142;41;324;43
TE308;25.01.2024;0;1.0;322;43;132;41;190;45
TE308;25.01.2024;1;1.0;225;44;74;43;151;45
TE308;25.01.2024;2;1.0;157;45;66;42;91;46
TE308;25.01.2024;3;1.0;153;43;107;43;46;43
TE308;25.01.2024;4;1.0;200;44;136;44;64;43
TE308;25.01.2024;5;1.0;395;46;256;47;139;44
TE308;25.01.2024;6;1.0;652;42;345;42;307;42
TE308;25.01.2024;7;1.0;891;37;382;35;509;38
TE308;25.01.2024;8;1.0;853;37;320;34;533;39
TE308;25.01.2024;9;1.0;828;37;286;35;542;38
TE308;25.01.2024;10;1.0;812;37;302;35;510;39
TE308;25.01.2024;11;1.0;826;37;279;36;547;38
TE308;25.01.2024;12;1.0;811;36;304;30;507;40
TE308;25.01.2024;13;1.0;878;32;316;27;562;35
TE308;25.01.2024;14;1.0;902;32;334;25;568;35
TE308;25.01.2024;15;1.0;1008;31;386;24;622;36
TE308;25.01.2024;16;1.0;967;30;415;23;552;34
TE308;25.01.2024;17;1.0;890;30;380;25;510;35
TE308;25.01.2024;18;1.0;852;33;377;26;475;37
TE308;25.01.2024;19;1.0;712;39;308;36;404;41
TE308;25.01.2024;20;1.0;584;42;316;41;268;42
TE308;25.01.2024;21;1.0;510;27;270;25;240;29
TE308;25.01.2024;22;1.0;614;39;232;39;382;39
TE308;25.01.2024;23;1.0;493;39;196;39;297;39
TE308;26.01.2024;0;1.0;363;41;180;41;183;41
TE308;26.01.2024;1;1.0;273;43;128;43;145;41
TE308;26.01.2024;2;1.0;199;42;130;42;69;41
TE308;26.01.2024;3;1.0;160;40;116;40;44;42
TE308;26.01.2024;4;1.0;186;42;153;43;33;42
TE308;26.01.2024;5;1.0;375;45;335;45;40;45
TE308;26.01.2024;6;1.0;590;46;497;46;93;46
TE308;26.01.2024;7;1.0;784;40;374;39;410;43
TE308;26.01.2024;8;1.0;873;37;399;35;474;40
TE308;26.01.2024;9;1.0;752;44;297;43;455;45
TE308;26.01.2024;10;1.0;824;42;389;39;435;45
TE308;26.01.2024;11;1.0;750;41;392;40;358;42
TE308;26.01.2024;12;1.0;835;33;355;29;479;36
TE308;26.01.2024;13;1.0;875;37;527;35;348;39
TE308;26.01.2024;14;1.0;1017;33;768;31;249;38
TE308;26.01.2024;15;1.0;942;30;723;30;219;34
TE308;26.01.2024;16;1.0;910;32;691;31;219;36
TE308;26.01.2024;17;1.0;961;32;465;29;496;35
TE308;26.01.2024;18;1.0;799;34;256;26;542;37
TE308;26.01.2024;19;1.0;711;37;278;31;433;40
TE308;26.01.2024;20;1.0;661;36;213;34;448;37
TE308;26.01.2024;21;1.0;648;40;150;38;498;40
TE308;26.01.2024;22;1.0;667;40;138;40;529;40
TE308;26.01.2024;23;1.0;587;41;254;40;333;41
TE308;27.01.2024;0;1.0;536;42;169;40;367;43
TE308;27.01.2024;1;1.0;393;42;130;40;263;42
TE308;27.01.2024;2;1.0;317;42;175;42;142;43
TE308;27.01.2024;3;1.0;283;44;200;44;83;44
TE308;27.01.2024;4;1.0;273;42;200;41;73;42
TE308;27.01.2024;5;1.0;279;43;185;44;94;43
TE308;27.01.2024;6;1.0;286;45;243;45;43;45
TE308;27.01.2024;7;1.0;305;44;251;44;54;42
TE308;27.01.2024;8;1.0;450;44;323;43;127;44
TE308;27.01.2024;9;1.0;507;43;289;44;218;44
TE308;27.01.2024;10;1.0;638;43;352;43;286;44
TE308;27.01.2024;11;1.0;698;42;342;42;356;42
TE308;27.01.2024;12;1.0;744;42;336;41;408;43
TE308;27.01.2024;13;1.0;777;40;307;39;470;40
TE308;27.01.2024;14;1.0;839;36;345;34;494;37
TE308;27.01.2024;15;1.0;786;36;388;32;398;39
TE308;27.01.2024;16;1.0;739;34;448;32;291;38
TE308;27.01.2024;17;1.0;764;33;372;30;392;37
TE308;27.01.2024;18;1.0;830;32;393;27;437;37
TE308;27.01.2024;19;1.0;706;36;337;33;369;38
TE308;27.01.2024;20;1.0;702;38;330;36;372;40
TE308;27.01.2024;21;1.0;668;40;289;37;379;41
TE308;27.01.2024;22;1.0;671;38;307;38;364;39
TE308;27.01.2024;23;1.0;628;39;245;38;383;40
TE308;28.01.2024;0;1.0;573;39;265;39;308;39
TE308;28.01.2024;1;1.0;469;39;194;39;275;40
TE308;28.01.2024;2;1.0;394;41;180;40;214;41
TE308;28.01.2024;3;1.0;339;42;195;41;144;43
TE308;28.01.2024;4;1.0;301;42;196;41;105;43
TE308;28.01.2024;5;1.0;288;40;143;39;145;42
TE308;28.01.2024;6;1.0;260;42;170;41;90;43
TE308;28.01.2024;7;1.0;228;41;175;41;53;41
TE308;28.01.2024;8;1.0;258;42;159;42;99;43
TE308;28.01.2024;9;1.0;396;40;194;40;202;39
TE308;28.01.2024;10;1.0;592;38;290;38;302;40
TE308;28.01.2024;11;1.0;645;37;259;37;386;37
TE308;28.01.2024;12;1.0;832;37;523;36;309;37
TE308;28.01.2024;13;1.0;855;36;389;34;466;38
TE308;28.01.2024;14;1.0;850;34;431;30;419;39
TE308;28.01.2024;15;1.0;824;34;400;31;424;37
TE308;28.01.2024;16;1.0;850;35;493;32;357;39
TE308;28.01.2024;17;1.0;913;32;638;30;275;37
TE308;28.01.2024;18;1.0;767;35;345;33;422;36
TE308;28.01.2024;19;1.0;712;38;272;36;440;39
TE308;28.01.2024;20;1.0;658;37;308;37;350;38
TE308;28.01.2024;21;1.0;636;39;249;38;387;39
TE308;28.01.2024;22;1.0;530;39;257;38;273;41
TE308;28.01.2024;23;1.0;413;40;149;39;264;40
TE308;29.01.2024;0;1.0;324;41;137;39;187;42
TE308;29.01.2024;1;1.0;208;41;79;41;129;42
TE308;29.01.2024;2;1.0;170;43;80;41;90;45
TE308;29.01.2024;3;1.0;160;41;116;41;44;41
TE308;29.01.2024;4;1.0;182;42;154;42;28;43
TE308;29.01.2024;5;1.0;394;44;278;43;116;44
TE308;29.01.2024;6;1.0;657;41;366;40;291;42
TE308;29.01.2024;7;1.0;809;38;486;37;323;39
TE308;29.01.2024;8;1.0;891;35;428;32;463;38
TE308;29.01.2024;9;1.0;809;38;349;36;460;40
TE308;29.01.2024;10;1.0;824;38;356;36;468;40
TE308;29.01.2024;11;1.0;780;37;374;36;406;38
TE308;29.01.2024;12;1.0;801;38;377;37;424;40
TE308;29.01.2024;13;1.0;884;39;420;37;464;39
TE308;29.01.2024;14;1.0;978;38;561;36;417;39
TE308;29.01.2024;15;1.0;1072;39;512;36;560;41
TE308;29.01.2024;16;1.0;1049;36;541;35;508;38
TE308;29.01.2024;17;1.0;949;37;484;35;465;39
TE308;29.01.2024;18;1.0;884;39;431;37;453;41
TE308;29.01.2024;19;1.0;747;39;381;37;366;41
TE308;29.01.2024;20;1.0;587;41;245;39;342;42
TE308;29.01.2024;21;1.0;538;40;222;39;316;41
TE308;29.01.2024;22;1.0;539;41;242;40;297;41
TE308;29.01.2024;23;1.0;315;41;146;41;169;42
TE308;30.01.2024;0;1.0;292;41;119;39;173;42
TE308;30.01.2024;1;1.0;200;42;128;40;72;45
TE308;30.01.2024;2;1.0;128;42;78;43;50;42
TE308;30.01.2024;3;1.0;138;43;83;42;55;44
TE308;30.01.2024;4;1.0;178;45;112;42;66;47
TE308;30.01.2024;5;1.0;397;44;239;44;158;44
TE308;30.01.2024;6;1.0;619;42;336;41;283;43
TE308;30.01.2024;7;1.0;821;39;409;38;412;39
TE308;30.01.2024;8;1.0;891;39;469;38;422;40
TE308;30.01.2024;9;1.0;854;39;350;37;504;39
TE308;30.01.2024;10;1.0;817;39;357;37;460;41
TE308;30.01.2024;11;1.0;782;38;276;37;506;39
TE308;30.01.2024;12;1.0;793;39;304;38;489;40
TE308;30.01.2024;13;1.0;833;39;380;39;453;39
TE308;30.01.2024;14;1.0;969;38;439;37;530;39
TE308;30.01.2024;15;1.0;1079;37;504;36;575;38
TE308;30.01.2024;16;1.0;1051;37;553;35;498;39
TE308;30.01.2024;17;1.0;975;39;539;37;436;41
TE308;30.01.2024;18;1.0;917;39;475;38;442;41
TE308;30.01.2024;19;1.0;731;41;325;39;406;43
TE308;30.01.2024;20;1.0;639;43;268;41;371;45
TE308;30.01.2024;21;1.0;622;43;267;42;355;43
TE308;30.01.2024;22;1.0;534;43;184;42;350;43
TE308;30.01.2024;23;1.0;441;42;155;40;286;43
TE308;31.01.2024;0;1.0;318;43;124;40;194;44
TE308;31.01.2024;1;1.0;213;45;80;43;133;47
TE308;31.01.2024;2;1.0;159;43;81;42;78;45
TE308;31.01.2024;3;1.0;139;45;84;44;55;46
TE308;31.01.2024;4;1.0;142;44;103;44;39;43
TE308;31.01.2024;5;1.0;374;47;281;47;93;48
TE308;31.01.2024;6;1.0;623;45;423;45;200;47
TE308;31.01.2024;7;1.0;810;40;536;41;274;41
TE308;31.01.2024;8;1.0;800;42;340;42;460;42
TE308;31.01.2024;9;1.0;804;42;314;43;490;42
TE308;31.01.2024;10;1.0;805;41;286;41;519;41
TE308;31.01.2024;11;1.0;763;42;271;42;492;43
TE308;31.01.2024;12;1.0;832;41;257;40;575;41
TE308;31.01.2024;13;1.0;857;40;333;39;524;41
TE308;31.01.2024;14;1.0;962;37;358;35;604;39
TE308;31.01.2024;15;1.0;1071;37;419;32;652;39
TE308;31.01.2024;16;1.0;1001;37;430;35;571;39
TE308;31.01.2024;17;1.0;1040;37;526;35;514;39
TE308;31.01.2024;18;1.0;916;40;466;39;450;41
TE308;31.01.2024;19;1.0;767;42;365;42;402;43
TE308;31.01.2024;20;1.0;695;44;340;42;355;45
TE308;31.01.2024;21;1.0;614;44;275;44;339;44
TE308;31.01.2024;22;1.0;540;43;204;43;336;44
TE308;31.01.2024;23;1.0;521;43;250;44;271;43
TE314;01.01.2024;0;1.0;114;48;112;48;2;38
TE314;01.01.2024;1;1.0;362;46;358;47;4;46
TE314;01.01.2024;2;1.0;409;39;403;39;6;38
TE314;01.01.2024;3;1.0;271;47;268;47;3;47
TE314;01.01.2024;4;1.0;162;45;156;45;6;46
TE314;01.01.2024;5;1.0;129;46;126;46;3;42
TE314;01.01.2024;6;1.0;107;52;105;52;2;51
TE314;01.01.2024;7;1.0;90;43;87;42;4;34
TE314;01.01.2024;8;1.0;72;40;70;40;2;43
TE314;01.01.2024;9;1.0;109;49;105;50;4;44
TE314;01.01.2024;10;1.0;150;49;145;49;5;44
TE314;01.01.2024;11;1.0;258;43;252;43;6;41
TE314;01.01.2024;12;1.0;340;38;335;38;5;40
TE314;01.01.2024;13;1.0;440;45;431;45;9;42
TE314;01.01.2024;14;1.0;486;53;479;53;7;50
TE314;01.01.2024;15;1.0;473;41;467;41;6;40
TE314;01.01.2024;16;1.0;514;39;505;39;8;41
TE314;01.01.2024;17;1.0;486;42;480;42;5;44
TE314;01.01.2024;18;1.0;359;48;352;48;7;38
TE314;01.01.2024;19;1.0;336;50;330;50;7;38
TE314;01.01.2024;20;1.0;250;52;244;52;6;50
TE314;01.01.2024;21;1.0;210;54;207;54;3;50
TE314;01.01.2024;22;1.0;158;51;154;51;4;53
TE314;01.01.2024;23;1.0;100;45;97;45;2;46
TE314;02.01.2024;0;1.0;68;54;66;55;2;42
TE314;02.01.2024;1;1.0;42;54;39;55;3;42
TE314;02.01.2024;2;1.0;42;51;39;52;3;42
TE314;02.01.2024;3;1.0;61;50;59;51;2;46
TE314;02.01.2024;4;1.0;136;49;132;49;4;50
TE314;02.01.2024;5;1.0;443;49;436;49;7;50
TE314;02.01.2024;6;1.0;513;44;492;44;22;42
TE314;02.01.2024;7;1.0;663;44;641;44;22;43
TE314;02.01.2024;8;1.0;696;49;675;49;21;49
TE314;02.01.2024;9;1.0;634;52;618;52;16;51
TE314;02.01.2024;10;1.0;618;48;605;48;13;48
TE314;02.01.2024;11;1.0;632;53;620;53;12;50
TE314;02.01.2024;12;1.0;638;48;625;48;13;47
TE314;02.01.2024;13;1.0;690;47;680;47;11;43
TE314;02.01.2024;14;1.0;791;43;781;43;9;44
TE314;02.01.2024;15;1.0;837;51;829;51;8;48
TE314;02.01.2024;17;1.0;672;42;666;42;6;42
TE314;02.01.2024;18;1.0;576;39;566;39;9;40
TE314;02.01.2024;19;1.0;406;42;399;42;7;37
TE314;02.01.2024;20;1.0;325;44;315;44;11;42
TE314;02.01.2024;21;1.0;260;39;257;39;3;34
TE314;02.01.2024;22;1.0;212;45;208;45;3;47
TE314;02.01.2024;23;1.0;145;46;142;46;3;47
TE314;03.01.2024;0;1.0;69;48;66;48;3;47
TE314;03.01.2024;1;1.0;53;54;51;54;2;48
TE314;03.01.2024;2;1.0;25;48;22;48;3;47
TE314;03.01.2024;3;1.0;60;51;58;51;2;47
TE314;03.01.2024;4;1.0;142;47;136;48;6;43
TE314;03.01.2024;5;1.0;535;46;522;46;13;46
TE314;03.01.2024;6;1.0;652;46;631;46;21;45
TE314;03.01.2024;7;1.0;791;41;765;41;26;40
TE314;03.01.2024;8;1.0;822;35;792;35;30;37
TE314;03.01.2024;9;1.0;804;46;777;46;27;46
TE314;03.01.2024;10;1.0;788;46;759;46;29;45
TE314;03.01.2024;11;1.0;787;47;749;47;38;47
TE314;03.01.2024;12;1.0;802;42;771;42;30;42
TE314;03.01.2024;13;1.0;903;46;875;46;28;44
TE314;03.01.2024;14;1.0;964;45;938;45;26;44
TE314;03.01.2024;15;1.0;933;44;905;44;28;45
TE314;03.01.2024;16;1.0;859;44;840;44;19;42
TE314;03.01.2024;17;1.0;725;39;714;38;11;39
TE314;03.01.2024;18;1.0;585;37;570;37;14;32
TE314;03.01.2024;19;1.0;456;39;449;39;7;37
TE314;03.01.2024;20;1.0;369;45;362;45;8;39
TE314;03.01.2024;21;1.0;331;46;328;46;3;44
TE314;03.01.2024;22;1.0;253;51;249;51;4;46
TE314;03.01.2024;23;1.0;151;51;145;51;6;50
TE314;04.01.2024;0;1.0;70;51;68;51;2;35
TE314;04.01.2024;1;1.0;54;51;51;52;3;43
TE314;04.01.2024;2;1.0;37;52;34;52;3;46
TE314;04.01.2024;3;1.0;48;51;46;51;2;46
TE314;04.01.2024;4;1.0;141;55;137;56;4;48
TE314;04.01.2024;5;1.0;479;53;475;53;4;50
TE314;04.01.2024;6;1.0;516;50;504;50;12;54
TE314;04.01.2024;7;1.0;662;50;649;50;13;50
TE314;04.01.2024;8;1.0;869;46;846;46;23;46
TE314;04.01.2024;9;1.0;827;45;776;46;51;45
TE314;04.01.2024;10;1.0;835;46;793;46;42;46
TE314;04.01.2024;11;1.0;768;47;721;47;47;48
TE314;04.01.2024;12;1.0;774;51;749;51;25;49
TE314;04.01.2024;13;1.0;879;44;850;44;29;43
TE314;04.01.2024;14;1.0;1027;46;1010;46;17;46
TE314;04.01.2024;15;1.0;1009;45;992;45;17;41
TE314;04.01.2024;16;1.0;847;46;831;46;16;45
TE314;04.01.2024;17;1.0;747;47;735;47;12;45
TE314;04.01.2024;18;1.0;627;44;616;44;11;43
TE314;04.01.2024;19;1.0;484;46;474;46;11;45
TE314;04.01.2024;20;1.0;379;48;369;48;10;46
TE314;04.01.2024;21;1.0;293;49;289;49;3;53
TE314;04.01.2024;22;1.0;277;52;270;53;7;49
TE314;04.01.2024;23;1.0;158;49;154;49;4;47
TE314;05.01.2024;0;1.0;65;53;63;53;2;42
TE314;05.01.2024;1;1.0;60;57;58;58;2;50
TE314;05.01.2024;2;1.0;38;54;36;54;2;48
TE314;05.01.2024;3;1.0;59;54;57;55;2;48
TE314;05.01.2024;4;1.0;151;53;144;53;6;48
TE314;05.01.2024;5;1.0;508;51;498;51;10;52
TE314;05.01.2024;6;1.0;623;49;590;50;33;48
TE314;05.01.2024;7;1.0;794;47;773;47;21;47
TE314;05.01.2024;8;1.0;786;48;776;48;10;54
TE314;05.01.2024;9;1.0;747;49;732;49;15;49
TE314;05.01.2024;10;1.0;811;50;797;50;14;50
TE314;05.01.2024;11;1.0;811;48;785;49;26;48
TE314;05.01.2024;12;1.0;924;47;895;47;29;47
TE314;05.01.2024;13;1.0;921;48;903;48;18;48
TE314;05.01.2024;14;1.0;960;46;941;46;19;44
TE314;05.01.2024;15;1.0;916;43;892;43;23;41
TE314;05.01.2024;16;1.0;786;44;770;44;16;40
TE314;05.01.2024;17;1.0;738;44;728;45;10;43
TE314;05.01.2024;18;1.0;647;48;637;48;10;45
TE314;05.01.2024;19;1.0;550;48;542;48;9;46
TE314;05.01.2024;20;1.0;392;50;386;50;7;43
TE314;05.01.2024;21;1.0;353;56;350;56;3;52
TE314;05.01.2024;22;1.0;308;54;304;54;4;52
TE314;05.01.2024;23;1.0;160;56;155;56;5;54
TE314;06.01.2024;0;1.0;109;58;105;58;4;58
TE314;06.01.2024;1;1.0;84;57;80;57;4;57
TE314;06.01.2024;2;1.0;59;55;57;55;2;40
TE314;06.01.2024;3;1.0;67;57;64;58;3;49
TE314;06.01.2024;4;1.0;79;56;76;56;3;52
TE314;06.01.2024;5;1.0;144;56;140;56;4;52
TE314;06.01.2024;6;1.0;165;57;162;57;3;58
TE314;06.01.2024;7;1.0;197;55;190;55;7;50
TE314;06.01.2024;8;1.0;330;55;316;55;14;54
TE314;06.01.2024;9;1.0;589;51;578;51;11;49
TE314;06.01.2024;10;1.0;598;49;586;49;12;48
TE314;06.01.2024;11;1.0;765;49;756;49;9;49
TE314;06.01.2024;12;1.0;875;48;862;48;13;49
TE314;06.01.2024;13;1.0;874;49;865;49;9;46
TE314;06.01.2024;14;1.0;880;48;868;48;12;48
TE314;06.01.2024;15;1.0;848;47;836;47;12;49
TE314;06.01.2024;16;1.0;766;48;754;48;12;48
TE314;06.01.2024;17;1.0;721;45;710;45;11;44
TE314;06.01.2024;18;1.0;578;47;572;47;6;49
TE314;06.01.2024;19;1.0;488;45;478;45;10;41
TE314;06.01.2024;20;1.0;406;49;399;49;7;43
TE314;06.01.2024;21;1.0;345;49;339;49;5;51
TE314;06.01.2024;22;1.0;309;52;306;52;3;53
TE314;06.01.2024;23;1.0;202;53;199;53;3;54
TE314;07.01.2024;0;1.0;168;54;164;54;4;56
TE314;07.01.2024;1;1.0;110;55;108;55;2;46
TE314;07.01.2024;2;1.0;70;54;68;55;2;34
TE314;07.01.2024;3;1.0;65;55;62;55;3;53
TE314;11.01.2024;12;1.0;763;39;749;39;14;37
TE314;11.01.2024;14;1.0;934;41;921;41;12;38
TE314;11.01.2024;15;1.0;983;35;971;35;12;34
TE314;11.01.2024;16;1.0;964;37;954;37;9;40
TE314;11.01.2024;17;1.0;784;36;778;36;5;39
TE314;11.01.2024;18;1.0;663;36;653;36;10;33
TE314;11.01.2024;19;1.0;516;38;509;38;7;34
TE314;11.01.2024;21;1.0;321;43;318;43;4;36
TE314;11.01.2024;22;1.0;292;44;289;44;2;48
TE314;11.01.2024;23;1.0;143;39;140;39;3;34
TE314;12.01.2024;0;1.0;62;45;58;45;5;40
TE314;12.01.2024;1;1.0;54;41;49;42;5;41
TE314;12.01.2024;2;1.0;47;38;46;38;1;55
TE314;12.01.2024;3;1.0;61;39;59;39;3;28
TE314;12.01.2024;4;1.0;147;40;142;40;5;43
TE314;12.01.2024;5;1.0;471;43;464;43;6;45
TE314;12.01.2024;7;1.0;826;41;815;41;11;44
TE314;12.01.2024;8;1.0;875;39;860;39;16;38
TE314;12.01.2024;10;1.0;815;40;797;40;18;41
TE314;12.01.2024;12;1.0;817;46;807;46;11;45
TE314;12.01.2024;14;1.0;957;36;947;36;11;35
TE314;12.01.2024;15;1.0;859;37;851;37;8;34
TE314;12.01.2024;16;1.0;844;47;837;47;7;48
TE314;12.01.2024;17;1.0;716;46;710;46;7;41
TE314;12.01.2024;18;1.0;708;41;700;42;7;40
TE314;12.01.2024;19;1.0;540;43;533;43;7;44
TE314;12.01.2024;20;1.0;349;44;343;44;6;41
TE314;12.01.2024;23;1.0;204;48;200;48;4;53
TE314;13.01.2024;0;1.0;137;39;133;40;4;34
TE314;13.01.2024;1;1.0;93;41;90;41;3;36
TE314;13.01.2024;4;1.0;76;46;74;47;1;57
TE314;13.01.2024;5;1.0;142;45;141;45;1;57
TE314;13.01.2024;7;1.0;182;47;177;47;5;44
TE314;13.01.2024;8;1.0;316;42;312;42;4;41
TE314;13.01.2024;9;1.0;543;41;539;41;4;40
TE314;13.01.2024;11;1.0;806;46;795;46;10;47
TE314;13.01.2024;12;1.0;832;38;827;38;5;41
TE314;13.01.2024;13;1.0;858;37;852;37;7;37
TE314;13.01.2024;14;1.0;852;38;841;38;11;36
TE314;13.01.2024;15;1.0;776;38;768;38;8;38
TE314;13.01.2024;16;1.0;740;41;734;41;6;42
TE314;13.01.2024;17;1.0;676;38;671;38;5;39
TE314;13.01.2024;19;1.0;500;46;494;46;6;44
TE314;13.01.2024;20;1.0;364;41;357;41;7;38
TE314;13.01.2024;21;1.0;355;41;350;41;5;44
TE314;13.01.2024;22;1.0;337;41;336;40;1;59
TE314;13.01.2024;23;1.0;212;51;210;51;2;52
TE314;14.01.2024;0;1.0;152;47;148;47;4;38
TE314;14.01.2024;1;1.0;122;51;121;51;1;50
TE314;14.01.2024;2;1.0;87;47;84;47;2;50
TE314;14.01.2024;5;1.0;115;41;111;41;4;39
TE314;14.01.2024;6;1.0;104;42;102;42;3;35
TE314;14.01.2024;8;1.0;140;49;136;49;5;37
TE314;14.01.2024;9;1.0;303;47;300;47;4;32
TE314;14.01.2024;10;1.0;430;42;424;42;6;41
TE314;14.01.2024;11;1.0;501;40;492;40;9;42
TE314;14.01.2024;12;1.0;539;42;532;42;7;38
TE314;14.01.2024;13;1.0;665;49;659;49;5;52
TE314;14.01.2024;15;1.0;614;38;606;38;8;38
TE314;14.01.2024;17;1.0;565;39;558;39;7;36
TE314;14.01.2024;18;1.0;434;41;430;41;4;38
TE314;14.01.2024;19;1.0;400;45;392;45;7;48
TE314;14.01.2024;20;1.0;325;47;317;47;8;52
TE314;14.01.2024;21;1.0;237;57;234;57;3;60
TE314;14.01.2024;22;1.0;187;47;183;47;4;45
TE314;14.01.2024;23;1.0;110;58;107;58;3;51
TE314;15.01.2024;0;1.0;53;46;50;46;3;38
TE314;15.01.2024;2;1.0;27;42;27;42;0;-1
TE314;15.01.2024;3;1.0;55;39;52;40;3;29
TE314;15.01.2024;4;1.0;147;45;143;45;3;44
TE314;15.01.2024;5;1.0;551;43;545;43;6;42
TE314;15.01.2024;6;1.0;659;50;640;50;19;51
TE314;15.01.2024;7;1.0;704;45;685;45;19;43
TE314;15.01.2024;8;1.0;802;40;779;40;23;25
TE314;15.01.2024;9;1.0;798;50;778;50;20;49
TE314;15.01.2024;10;1.0;735;51;713;51;22;50
TE314;15.01.2024;12;1.0;796;38;766;38;31;39
TE314;15.01.2024;13;1.0;792;38;778;38;15;37
TE314;15.01.2024;15;1.0;928;36;920;36;8;36
TE314;15.01.2024;16;1.0;962;35;950;35;14;34
TE314;15.01.2024;17;1.0;715;41;707;41;8;43
TE314;15.01.2024;18;1.0;624;40;618;40;6;40
TE314;15.01.2024;20;1.0;328;40;324;40;4;38
TE314;15.01.2024;21;1.0;285;44;282;44;2;50
TE314;15.01.2024;23;1.0;131;44;128;45;2;46
TE314;16.01.2024;0;1.0;56;46;53;46;4;31
TE314;16.01.2024;1;1.0;37;48;35;47;2;53
TE314;16.01.2024;2;1.0;41;35;40;34;1;45
TE314;16.01.2024;3;1.0;59;30;58;29;1;48
TE314;16.01.2024;4;1.0;168;30;165;31;3;27
TE314;16.01.2024;6;1.0;814;26;798;26;15;28
TE314;16.01.2024;7;1.0;812;25;796;25;16;25
TE314;16.01.2024;9;1.0;737;34;728;34;9;36
TE314;16.01.2024;10;1.0;702;41;684;41;18;42
TE314;16.01.2024;11;1.0;814;38;786;38;28;38
TE314;16.01.2024;12;1.0;757;38;733;38;24;37
TE314;16.01.2024;13;1.0;835;37;804;38;30;38
TE314;16.01.2024;14;1.0;976;46;961;46;15;45
TE314;16.01.2024;15;1.0;1002;35;988;36;13;34
TE314;16.01.2024;17;1.0;738;36;732;36;5;36
TE314;16.01.2024;18;1.0;656;41;647;41;8;41
TE314;16.01.2024;19;1.0;462;43;453;43;8;44
TE314;16.01.2024;20;1.0;353;39;346;39;8;37
TE314;16.01.2024;21;1.0;276;51;272;51;3;52
TE314;16.01.2024;22;1.0;495;46;490;46;5;50
TE314;16.01.2024;23;1.0;164;38;157;38;7;35
TE314;17.01.2024;0;1.0;62;42;58;42;5;37
TE314;17.01.2024;1;1.0;53;43;48;43;5;45
TE314;17.01.2024;2;1.0;45;47;42;48;2;54
TE314;17.01.2024;3;1.0;45;38;40;38;5;39
TE314;17.01.2024;4;1.0;175;39;168;39;7;37
TE314;17.01.2024;5;1.0;555;45;548;45;6;48
TE314;17.01.2024;6;1.0;888;36;850;36;38;37
TE314;17.01.2024;7;1.0;885;35;844;35;41;32
TE314;17.01.2024;8;1.0;954;38;930;38;24;38
TE314;17.01.2024;9;1.0;881;37;851;37;31;36
TE314;17.01.2024;10;1.0;781;35;731;36;50;35
TE314;17.01.2024;11;1.0;774;36;728;36;45;36
TE314;17.01.2024;12;1.0;808;36;783;35;25;36
TE314;17.01.2024;14;1.0;1001;35;979;35;23;35
TE314;17.01.2024;15;1.0;875;26;848;27;26;26
TE314;17.01.2024;16;1.0;962;34;945;34;16;34
TE314;17.01.2024;17;1.0;811;39;796;39;16;37
TE314;17.01.2024;18;1.0;624;43;615;43;9;46
TE314;17.01.2024;22;1.0;247;37;242;37;4;37
TE314;18.01.2024;1;1.0;38;48;36;48;2;44
TE314;18.01.2024;2;1.0;48;39;44;38;4;45
TE314;18.01.2024;4;1.0;147;42;141;42;6;38
TE314;18.01.2024;5;1.0;578;45;573;45;5;47
TE314;18.01.2024;6;1.0;694;40;678;40;16;41
TE314;18.01.2024;7;1.0;793;39;782;39;12;37
TE314;18.01.2024;9;1.0;852;38;839;38;13;37
TE314;18.01.2024;10;1.0;785;42;756;42;29;42
TE314;18.01.2024;11;1.0;867;40;829;40;37;39
TE314;18.01.2024;13;1.0;892;46;856;46;35;44
TE314;18.01.2024;14;1.0;1003;33;983;33;20;34
TE314;18.01.2024;15;1.0;1078;37;1051;37;27;35
TE314;18.01.2024;16;1.0;947;34;927;34;20;33
TE314;18.01.2024;17;1.0;804;35;792;35;12;34
TE314;18.01.2024;18;1.0;705;34;698;34;7;33
TE314;18.01.2024;19;1.0;480;37;471;37;9;37
TE314;18.01.2024;20;1.0;352;38;346;38;7;38
TE314;18.01.2024;21;1.0;310;42;307;42;2;48
TE314;18.01.2024;23;1.0;153;45;148;45;5;38
TE314;19.01.2024;0;1.0;74;46;70;46;4;34
TE314;19.01.2024;1;1.0;44;46;41;45;3;51
TE314;19.01.2024;2;1.0;33;50;30;50;3;57
TE314;19.01.2024;3;1.0;61;44;59;44;2;42
TE314;19.01.2024;4;1.0;167;42;160;42;7;41
TE314;19.01.2024;5;1.0;517;35;510;35;8;33
TE314;19.01.2024;6;1.0;744;48;721;48;23;50
TE314;19.01.2024;7;1.0;903;39;879;39;24;38
TE314;19.01.2024;8;1.0;929;39;913;39;17;37
TE314;19.01.2024;9;1.0;872;40;844;40;28;38
TE314;19.01.2024;10;1.0;879;43;851;43;28;43
TE314;19.01.2024;11;1.0;881;38;842;38;40;38
TE314;19.01.2024;12;1.0;1009;38;959;38;51;36
TE314;19.01.2024;13;1.0;991;41;960;41;32;41
TE314;19.01.2024;14;1.0;1113;33;1085;33;28;35
TE314;19.01.2024;15;1.0;1010;37;986;37;24;37
TE314;19.01.2024;16;1.0;875;39;860;39;15;37
TE314;19.01.2024;17;1.0;814;38;801;38;12;39
TE314;19.01.2024;18;1.0;745;44;743;44;2;47
TE314;19.01.2024;19;1.0;556;42;545;42;11;42
TE314;19.01.2024;20;1.0;388;44;383;44;5;45
TE314;19.01.2024;21;1.0;354;39;352;39;2;44
TE314;19.01.2024;22;1.0;329;43;324;43;5;47
TE314;19.01.2024;23;1.0;227;37;225;37;1;39
TE314;20.01.2024;0;1.0;154;41;151;40;4;36
TE314;20.01.2024;1;1.0;72;42;71;42;1;54
TE314;20.01.2024;2;1.0;69;41;68;41;1;54
TE314;20.01.2024;3;1.0;63;46;61;46;2;53
TE314;20.01.2024;4;1.0;82;45;79;45;3;50
TE314;20.01.2024;5;1.0;145;41;140;41;5;40
TE314;20.01.2024;6;1.0;221;43;217;43;4;43
TE314;20.01.2024;7;1.0;236;44;232;44;4;47
TE314;20.01.2024;8;1.0;452;36;449;36;3;34
TE314;20.01.2024;9;1.0;663;47;656;47;7;47
TE314;20.01.2024;10;1.0;763;37;748;37;15;37
TE314;20.01.2024;11;1.0;815;44;804;44;11;44
TE314;20.01.2024;12;1.0;832;45;820;45;11;43
TE314;20.01.2024;13;1.0;942;40;925;40;18;38
TE314;20.01.2024;14;1.0;858;43;845;43;13;45
TE314;20.01.2024;15;1.0;793;46;781;46;12;45
TE314;22.01.2024;11;1.0;776;36;740;36;36;37
TE314;22.01.2024;14;1.0;982;37;934;37;48;38
TE314;22.01.2024;15;1.0;1001;35;973;35;28;34
TE314;22.01.2024;16;1.0;928;40;902;40;26;39
TE314;22.01.2024;17;1.0;760;34;750;34;11;33
TE314;22.01.2024;18;1.0;619;35;609;35;10;32
TE314;22.01.2024;20;1.0;346;36;340;36;7;33
TE314;22.01.2024;21;1.0;270;37;266;37;4;37
TE314;22.01.2024;22;1.0;273;39;269;39;4;34
TE314;22.01.2024;23;1.0;123;36;118;36;5;35
TE314;23.01.2024;0;1.0;66;37;65;37;1;53
TE314;23.01.2024;2;1.0;49;41;45;42;4;34
TE314;23.01.2024;3;1.0;47;40;44;41;2;43
TE314;23.01.2024;4;1.0;170;36;162;37;6;35
TE314;23.01.2024;5;1.0;559;34;551;34;8;34
TE314;23.01.2024;7;1.0;878;36;851;36;27;37
TE314;23.01.2024;8;1.0;809;34;797;34;12;32
TE314;23.01.2024;10;1.0;828;38;789;38;38;38
TE314;23.01.2024;11;1.0;779;43;745;43;34;41
TE314;23.01.2024;13;1.0;868;43;832;43;35;42
TE314;23.01.2024;14;1.0;988;33;958;34;30;32
TE314;23.01.2024;16;1.0;1031;33;1008;33;23;34
TE314;23.01.2024;17;1.0;792;36;779;36;13;37
TE314;23.01.2024;18;1.0;725;33;718;33;7;31
TE314;23.01.2024;19;1.0;547;37;538;37;9;37
TE314;23.01.2024;20;1.0;420;42;412;42;8;38
TE314;23.01.2024;21;1.0;326;35;317;35;8;34
TE314;23.01.2024;22;1.0;282;39;277;39;5;37
TE314;24.01.2024;0;1.0;71;46;71;46;0;-1
TE314;24.01.2024;1;1.0;34;43;32;42;2;52
TE314;24.01.2024;2;1.0;26;39;23;39;3;39
TE314;24.01.2024;3;1.0;67;39;61;39;6;30
TE314;24.01.2024;4;1.0;148;45;144;45;4;42
TE314;24.01.2024;5;1.0;628;35;617;35;10;38
TE314;24.01.2024;6;1.0;780;42;733;42;47;41
TE314;24.01.2024;7;1.0;877;40;832;40;45;37
TE314;24.01.2024;8;1.0;786;36;749;36;37;34
TE314;24.01.2024;9;1.0;728;37;697;37;31;35
TE314;24.01.2024;10;1.0;744;39;720;39;24;39
TE314;24.01.2024;11;1.0;804;43;762;43;41;44
TE314;24.01.2024;12;1.0;917;42;873;42;44;41
TE314;24.01.2024;13;1.0;936;34;896;34;40;34
TE314;24.01.2024;14;1.0;1006;46;981;46;25;47
TE314;24.01.2024;15;1.0;1069;39;1035;39;35;40
TE314;24.01.2024;16;1.0;906;37;881;37;25;36
TE314;24.01.2024;17;1.0;856;37;834;37;22;38
TE314;24.01.2024;19;1.0;522;39;516;39;6;38
TE314;24.01.2024;21;1.0;279;42;277;42;1;44
TE314;24.01.2024;22;1.0;275;44;272;44;3;45
TE314;24.01.2024;23;1.0;156;47;153;48;3;48
TE314;25.01.2024;0;1.0;72;53;69;53;3;48
TE314;25.01.2024;1;1.0;53;52;49;52;4;47
TE314;25.01.2024;2;1.0;41;53;38;54;3;51
TE314;25.01.2024;3;1.0;59;49;56;49;3;51
TE314;25.01.2024;4;1.0;172;50;163;50;9;51
TE314;25.01.2024;5;1.0;577;44;561;44;17;42
TE314;25.01.2024;6;1.0;833;44;782;44;51;44
TE314;25.01.2024;7;1.0;828;36;792;36;36;35
TE314;25.01.2024;8;1.0;899;33;860;33;39;32
TE314;25.01.2024;9;1.0;759;34;712;34;47;34
TE314;25.01.2024;10;1.0;873;46;840;46;33;45
TE314;25.01.2024;11;1.0;844;47;803;47;41;47
TE314;25.01.2024;12;1.0;880;48;845;48;35;48
TE314;25.01.2024;13;1.0;908;48;866;48;42;46
TE314;25.01.2024;14;1.0;1096;45;1065;45;31;45
TE314;25.01.2024;15;1.0;994;39;966;39;27;37
TE314;25.01.2024;16;1.0;971;43;948;43;23;40
TE314;25.01.2024;17;1.0;787;47;776;47;11;46
TE314;25.01.2024;18;1.0;623;49;614;49;9;50
TE314;25.01.2024;19;1.0;491;45;480;45;11;45
TE314;25.01.2024;20;1.0;352;47;346;47;7;42
TE314;25.01.2024;21;1.0;323;45;318;45;5;51
TE314;25.01.2024;22;1.0;320;38;317;38;4;31
TE314;25.01.2024;23;1.0;168;43;163;44;4;41
TE314;26.01.2024;0;1.0;70;45;66;44;4;52
TE314;26.01.2024;1;1.0;51;50;48;51;3;46
TE314;26.01.2024;2;1.0;49;47;45;47;4;44
TE314;26.01.2024;3;1.0;54;43;52;43;2;44
TE314;26.01.2024;4;1.0;151;52;145;52;6;45
TE314;26.01.2024;5;1.0;553;51;544;51;9;54
TE314;26.01.2024;6;1.0;775;49;743;49;32;49
TE314;26.01.2024;7;1.0;752;43;720;43;32;42
TE314;26.01.2024;8;1.0;599;22;582;22;17;21
TE314;26.01.2024;9;1.0;718;47;698;47;20;47
TE314;26.01.2024;10;1.0;861;50;837;50;24;50
TE314;26.01.2024;11;1.0;872;46;830;46;43;45
TE314;26.01.2024;12;1.0;1009;44;976;44;34;42
TE314;26.01.2024;13;1.0;993;42;976;43;17;28
TE314;26.01.2024;14;1.0;1030;47;1018;47;12;46
TE314;26.01.2024;15;1.0;953;45;936;45;16;46
TE314;26.01.2024;16;1.0;849;41;837;41;12;42
TE314;26.01.2024;17;1.0;895;30;879;30;16;27
TE314;26.01.2024;18;1.0;782;43;772;43;10;40
TE314;26.01.2024;19;1.0;557;44;548;44;7;46
TE314;26.01.2024;20;1.0;434;47;424;47;10;45
TE314;26.01.2024;21;1.0;384;42;377;42;7;43
TE314;26.01.2024;22;1.0;362;45;358;45;4;43
TE314;26.01.2024;23;1.0;236;46;233;46;3;47
TE314;27.01.2024;0;1.0;133;44;128;44;4;48
TE314;27.01.2024;1;1.0;81;51;79;51;2;44
TE314;27.01.2024;2;1.0;68;48;66;48;2;38
TE314;27.01.2024;3;1.0;75;46;74;46;1;37
TE314;27.01.2024;4;1.0;73;50;70;50;3;51
TE314;27.01.2024;5;1.0;191;48;185;48;6;44
TE314;27.01.2024;6;1.0;183;50;178;50;5;47
TE314;27.01.2024;7;1.0;263;50;259;50;4;48
TE314;27.01.2024;8;1.0;445;49;439;49;6;48
TE314;27.01.2024;9;1.0;708;48;694;48;14;48
TE314;27.01.2024;10;1.0;796;49;783;49;13;48
TE314;27.01.2024;11;1.0;888;51;873;51;15;49
TE314;27.01.2024;12;1.0;917;50;900;50;17;50
TE314;27.01.2024;13;1.0;935;50;923;50;12;50
TE314;27.01.2024;14;1.0;922;43;903;43;19;43
TE314;27.01.2024;15;1.0;837;39;817;39;20;39
TE314;27.01.2024;16;1.0;781;40;766;40;16;38
TE314;27.01.2024;17;1.0;815;38;807;38;7;41
TE314;27.01.2024;18;1.0;700;43;692;43;8;41
TE314;27.01.2024;19;1.0;556;44;549;44;7;44
TE314;27.01.2024;20;1.0;447;45;440;45;7;43
TE314;27.01.2024;21;1.0;368;46;363;46;5;44
TE314;27.01.2024;22;1.0;337;46;334;46;3;45
TE314;27.01.2024;23;1.0;256;48;252;48;4;48
TE314;28.01.2024;0;1.0;200;47;196;47;4;46
TE314;28.01.2024;1;1.0;131;48;128;48;3;47
TE314;28.01.2024;2;1.0;99;50;97;50;2;40
TE314;28.01.2024;3;1.0;57;52;55;51;2;52
TE314;28.01.2024;4;1.0;70;52;67;52;3;59
TE314;28.01.2024;5;1.0;125;48;123;48;2;52
TE314;28.01.2024;6;1.0;121;48;119;48;2;46
TE314;28.01.2024;7;1.0;113;49;110;49;3;48
TE314;28.01.2024;8;1.0;194;49;191;49;3;45
TE314;28.01.2024;9;1.0;404;46;400;46;4;45
TE314;28.01.2024;10;1.0;571;47;565;47;6;46
TE314;28.01.2024;11;1.0;670;46;657;47;13;46
TE314;28.01.2024;12;1.0;729;46;722;46;7;44
TE314;28.01.2024;13;1.0;754;43;745;43;9;42
TE314;28.01.2024;14;1.0;770;43;755;43;15;44
TE314;28.01.2024;15;1.0;652;43;639;43;13;43
TE314;28.01.2024;16;1.0;609;40;598;40;11;40
TE314;28.01.2024;17;1.0;667;38;657;38;10;38
TE314;28.01.2024;18;1.0;576;40;569;40;8;38
TE314;28.01.2024;19;1.0;489;41;480;41;9;38
TE314;28.01.2024;20;1.0;360;46;352;46;8;44
TE314;28.01.2024;21;1.0;264;47;261;47;3;46
TE314;28.01.2024;22;1.0;205;40;201;40;4;32
TE314;29.01.2024;10;1.0;746;27;694;27;52;26
TE314;29.01.2024;11;1.0;844;35;792;35;52;37
TE314;29.01.2024;12;1.0;748;35;697;35;51;34
TE314;29.01.2024;13;1.0;884;41;837;41;47;41
TE314;29.01.2024;14;1.0;981;43;950;43;31;44
TE314;29.01.2024;15;1.0;1032;42;999;42;33;41
TE314;29.01.2024;16;1.0;936;42;915;42;21;41
TE314;29.01.2024;17;1.0;830;40;817;40;13;38
TE314;29.01.2024;18;1.0;708;42;695;42;13;41
TE314;29.01.2024;19;1.0;503;41;490;41;13;42
TE314;29.01.2024;20;1.0;354;46;345;46;9;46
TE314;29.01.2024;21;1.0;313;39;310;39;3;44
TE314;29.01.2024;22;1.0;253;43;251;43;2;46
TE314;30.01.2024;11;1.0;875;43;839;43;36;42
TE314;30.01.2024;12;1.0;886;43;844;43;42;42
TE314;30.01.2024;13;1.0;900;44;859;44;41;44
TE314;30.01.2024;14;1.0;1026;43;997;43;29;43
TE314;30.01.2024;15;1.0;1085;41;1044;41;41;41
TE314;30.01.2024;16;1.0;991;42;963;42;28;42
TE314;30.01.2024;17;1.0;880;42;860;42;20;40
TE314;30.01.2024;18;1.0;721;45;712;45;9;43
TE314;30.01.2024;19;1.0;525;48;516;48;9;45
TE314;30.01.2024;20;1.0;422;49;413;50;9;48
TE314;30.01.2024;21;1.0;298;50;294;50;4;50
TE314;30.01.2024;22;1.0;268;48;264;48;4;43
TE314;30.01.2024;23;1.0;138;49;134;49;4;47
TE314;31.01.2024;0;1.0;78;51;75;51;3;43
TE314;31.01.2024;1;1.0;41;52;38;52;3;47
TE314;31.01.2024;2;1.0;43;44;39;44;3;54
TE314;31.01.2024;3;1.0;48;48;45;47;3;54
TE314;31.01.2024;4;1.0;152;47;144;47;8;50
TE314;31.01.2024;5;1.0;590;42;581;42;9;40
TE314;31.01.2024;6;1.0;770;46;736;46;34;45
TE314;31.01.2024;7;1.0;905;43;880;43;25;42
TE314;31.01.2024;8;1.0;835;47;814;47;21;45
TE314;31.01.2024;9;1.0;788;49;754;49;34;49
TE314;31.01.2024;10;1.0;949;42;897;42;53;42
TE314;31.01.2024;11;1.0;894;45;838;45;56;44
TE314;31.01.2024;12;1.0;871;45;835;45;36;46
TE314;31.01.2024;13;1.0;931;47;899;47;32;47
TE314;31.01.2024;14;1.0;1021;42;991;42;30;42
TE314;31.01.2024;15;1.0;1070;45;1045;45;25;43
TE314;31.01.2024;16;1.0;964;45;940;45;24;46
TE314;31.01.2024;17;1.0;945;47;927;47;18;46
TE314;31.01.2024;18;1.0;807;48;796;48;11;45
TE314;31.01.2024;19;1.0;514;53;508;54;6;53
TE314;31.01.2024;20;1.0;381;52;370;52;11;51
TE314;31.01.2024;21;1.0;316;53;313;53;3;47
TE314;31.01.2024;22;1.0;243;52;240;52;3;47
TE314;31.01.2024;23;1.0;114;53;111;53;3;47
TE320;01.01.2024;0;1.0;97;51;93;51;4;56
TE320;01.01.2024;1;1.0;256;51;256;51;0;-1
TE320;01.01.2024;2;1.0;247;53;244;53;3;48
TE320;01.01.2024;3;1.0;192;51;192;51;0;-1
TE320;01.01.2024;4;1.0;138;52;135;52;3;52
TE320;01.01.2024;5;1.0;155;54;155;54;0;-1
TE320;01.01.2024;6;1.0;110;58;110;58;0;-1
TE320;01.01.2024;7;1.0;83;54;81;54;2;53
TE320;01.01.2024;8;1.0;77;53;72;53;5;51
TE320;01.01.2024;9;1.0;96;53;95;53;1;46
TE320;01.01.2024;10;1.0;174;53;169;53;5;60
TE320;01.01.2024;11;1.0;241;53;238;53;3;57
TE320;01.01.2024;12;1.0;269;57;266;57;3;54
TE320;01.01.2024;13;1.0;350;56;342;56;8;60
TE320;01.01.2024;14;1.0;366;55;364;55;2;51
TE320;01.01.2024;15;1.0;382;54;382;54;0;-1
TE320;01.01.2024;16;1.0;376;52;376;52;0;-1
TE320;01.01.2024;17;1.0;344;50;342;50;2;52
TE320;01.01.2024;18;1.0;283;52;280;52;3;42
TE320;01.01.2024;19;1.0;237;50;237;50;0;-1
TE320;01.01.2024;20;1.0;200;53;189;53;11;55
TE320;01.01.2024;21;1.0;145;55;142;54;3;52
TE320;01.01.2024;22;1.0;81;54;80;54;1;46
TE320;01.01.2024;23;1.0;75;53;75;53;0;-1
TE320;02.01.2024;0;1.0;48;56;44;57;4;47
TE320;02.01.2024;1;1.0;40;54;39;54;1;46
TE320;02.01.2024;2;1.0;32;53;29;53;3;52
TE320;02.01.2024;3;1.0;35;55;35;55;0;-1
TE320;02.01.2024;4;1.0;156;52;154;52;2;50
TE320;02.01.2024;5;1.0;397;51;392;51;5;51
TE320;02.01.2024;6;1.0;511;50;507;50;4;47
TE320;02.01.2024;7;1.0;509;48;498;48;11;52
TE320;02.01.2024;8;1.0;473;51;461;51;12;49
TE320;02.01.2024;9;1.0;524;52;488;52;36;49
TE320;02.01.2024;10;1.0;556;56;553;56;3;54
TE320;02.01.2024;11;1.0;596;54;595;54;1;53
TE320;02.01.2024;12;1.0;594;57;585;56;9;56
TE320;02.01.2024;13;1.0;589;54;582;54;7;54
TE320;02.01.2024;14;1.0;583;55;580;55;3;53
TE320;02.01.2024;15;1.0;589;55;569;54;20;63
TE320;02.01.2024;16;1.0;607;53;604;53;3;53
TE320;02.01.2024;17;1.0;504;55;478;54;26;58
TE320;02.01.2024;18;1.0;389;52;388;52;1;53
TE320;02.01.2024;19;1.0;300;56;295;56;5;61
TE320;02.01.2024;20;1.0;221;55;219;55;2;56
TE320;02.01.2024;21;1.0;165;56;164;56;1;58
TE320;02.01.2024;22;1.0;115;56;112;56;3;52
TE320;02.01.2024;23;1.0;71;55;71;55;0;-1
TE320;03.01.2024;0;1.0;56;56;52;56;4;50
TE320;03.01.2024;1;1.0;42;53;40;53;2;51
TE320;03.01.2024;2;1.0;34;54;33;54;1;49
TE320;03.01.2024;3;1.0;58;57;54;58;4;55
TE320;03.01.2024;4;1.0;146;55;142;55;4;50
TE320;03.01.2024;5;1.0;447;53;405;53;42;54
TE320;03.01.2024;6;1.0;564;51;529;51;35;53
TE320;03.01.2024;7;1.0;616;50;570;50;46;49
TE320;03.01.2024;8;1.0;614;50;593;50;21;48
TE320;03.01.2024;9;1.0;604;50;582;50;22;53
TE320;03.01.2024;10;1.0;701;51;685;51;16;49
TE320;03.01.2024;11;1.0;693;51;683;51;10;48
TE320;03.01.2024;12;1.0;625;50;605;50;20;49
TE320;03.01.2024;13;1.0;616;51;607;51;9;51
TE320;03.01.2024;14;1.0;651;51;633;51;18;48
TE320;03.01.2024;15;1.0;655;50;603;50;52;52
TE320;03.01.2024;16;1.0;609;49;585;49;24;52
TE320;03.01.2024;17;1.0;520;49;510;49;10;48
TE320;03.01.2024;18;1.0;466;50;463;50;3;45
TE320;03.01.2024;19;1.0;297;52;294;52;3;50
TE320;03.01.2024;20;1.0;265;51;260;51;5;51
TE320;03.01.2024;21;1.0;171;56;168;56;3;52
TE320;03.01.2024;22;1.0;128;55;125;55;3;54
TE320;03.01.2024;23;1.0;67;54;67;54;0;-1
TE320;04.01.2024;0;1.0;51;54;47;54;4;58
TE320;04.01.2024;1;1.0;38;57;35;57;3;53
TE320;04.01.2024;2;1.0;31;54;29;54;2;50
TE320;04.01.2024;3;1.0;63;57;61;57;2;48
TE320;04.01.2024;4;1.0;154;58;154;58;0;-1
TE320;04.01.2024;5;1.0;452;55;442;55;10;53
TE320;04.01.2024;6;1.0;589;52;556;52;33;55
TE320;04.01.2024;7;1.0;607;53;596;53;11;55
TE320;04.01.2024;8;1.0;646;51;626;51;20;48
TE320;04.01.2024;9;1.0;642;53;623;53;19;51
TE320;04.01.2024;10;1.0;686;51;669;51;17;50
TE320;04.01.2024;11;1.0;645;53;632;53;13;50
TE320;04.01.2024;12;1.0;630;52;612;52;18;48
TE320;04.01.2024;13;1.0;622;52;588;52;34;53
TE320;04.01.2024;14;1.0;609;52;594;52;15;51
TE320;04.01.2024;15;1.0;672;51;660;51;12;49
TE320;04.01.2024;16;1.0;647;51;631;51;16;52
TE320;04.01.2024;17;1.0;559;50;551;50;8;46
TE320;04.01.2024;18;1.0;436;50;422;50;14;50
TE320;04.01.2024;19;1.0;345;53;341;53;4;48
TE320;04.01.2024;20;1.0;262;54;259;54;3;56
TE320;04.01.2024;21;1.0;179;58;177;58;2;55
TE320;04.01.2024;22;1.0;127;55;124;55;3;51
TE320;04.01.2024;23;1.0;64;57;64;57;0;-1
TE320;05.01.2024;0;1.0;50;57;46;56;4;59
TE320;05.01.2024;1;1.0;37;58;35;58;2;55
TE320;05.01.2024;2;1.0;36;60;35;60;1;51
TE320;05.01.2024;3;1.0;58;55;56;56;2;51
TE320;05.01.2024;4;1.0;140;59;133;59;7;52
TE320;05.01.2024;5;1.0;398;57;387;57;11;57
TE320;05.01.2024;6;1.0;584;55;567;55;17;57
TE320;05.01.2024;7;1.0;556;53;537;53;19;54
TE320;05.01.2024;8;1.0;558;53;530;53;28;53
TE320;05.01.2024;9;1.0;639;54;630;54;9;51
TE320;05.01.2024;10;1.0;635;52;631;52;4;61
TE320;05.01.2024;11;1.0;625;55;620;55;5;52
TE320;05.01.2024;12;1.0;637;55;623;55;14;59
TE320;05.01.2024;13;1.0;562;54;558;54;4;55
TE320;05.01.2024;14;1.0;593;52;587;52;6;56
TE320;05.01.2024;15;1.0;609;54;606;54;3;51
TE320;05.01.2024;16;1.0;591;51;591;51;0;-1
TE320;05.01.2024;17;1.0;500;52;491;52;9;58
TE320;05.01.2024;18;1.0;410;53;410;53;0;-1
TE320;05.01.2024;19;1.0;344;56;342;56;2;47
TE320;05.01.2024;20;1.0;284;55;280;55;4;52
TE320;05.01.2024;21;1.0;201;60;198;60;3;53
TE320;05.01.2024;22;1.0;163;58;161;58;2;55
TE320;05.01.2024;23;1.0;113;62;113;62;0;-1
TE320;06.01.2024;0;1.0;101;60;97;60;4;60
TE320;06.01.2024;1;1.0;50;60;49;60;1;63
TE320;06.01.2024;2;1.0;42;58;42;58;0;-1
TE320;06.01.2024;3;1.0;39;59;39;59;0;-1
TE320;06.01.2024;4;1.0;57;60;57;60;0;-1
TE320;06.01.2024;5;1.0;134;61;131;61;3;60
TE320;06.01.2024;6;1.0;135;59;132;59;3;60
TE320;06.01.2024;7;1.0;153;57;151;57;2;51
TE320;06.01.2024;8;1.0;244;57;237;57;7;54
TE320;06.01.2024;9;1.0;402;57;390;57;12;56
TE320;06.01.2024;10;1.0;552;56;547;56;5;55
TE320;06.01.2024;11;1.0;623;56;619;56;4;56
TE320;06.01.2024;12;1.0;646;54;645;54;1;49
TE320;06.01.2024;13;1.0;638;54;635;54;3;52
TE320;06.01.2024;14;1.0;697;54;686;54;11;50
TE320;06.01.2024;15;1.0;634;54;623;54;11;50
TE320;06.01.2024;16;1.0;567;55;565;55;2;54
TE320;06.01.2024;17;1.0;539;53;538;53;1;52
TE320;06.01.2024;18;1.0;432;54;429;54;3;58
TE320;06.01.2024;19;1.0;343;55;342;55;1;59
TE320;06.01.2024;20;1.0;281;56;280;56;1;53
TE320;06.01.2024;21;1.0;210;58;207;58;3;55
TE320;06.01.2024;22;1.0;190;58;188;58;2;56
TE320;06.01.2024;23;1.0;124;56;124;56;0;-1
TE320;07.01.2024;0;1.0;92;58;88;58;4;56
TE320;07.01.2024;1;1.0;72;58;68;58;4;60
TE320;07.01.2024;2;1.0;61;57;61;57;0;-1
TE320;07.01.2024;3;1.0;47;58;46;58;1;54
TE320;07.01.2024;4;1.0;70;51;68;51;2;53
TE320;07.01.2024;5;1.0;92;52;92;52;0;-1
TE320;07.01.2024;6;1.0;85;56;82;56;3;55
TE320;07.01.2024;7;1.0;64;59;63;59;1;65
TE320;07.01.2024;8;1.0;99;61;97;61;2;61
TE320;07.01.2024;9;1.0;207;58;205;58;2;60
TE320;07.01.2024;10;1.0;233;58;230;58;3;61
TE320;07.01.2024;11;1.0;329;58;327;58;2;55
TE320;07.01.2024;12;1.0;398;59;397;59;1;53
TE320;07.01.2024;13;1.0;420;57;413;57;7;63
TE320;07.01.2024;14;1.0;463;58;458;58;5;58
TE320;07.01.2024;15;1.0;384;58;369;58;15;57
TE320;07.01.2024;16;1.0;412;54;399;54;13;59
TE320;07.01.2024;17;1.0;373;53;367;53;6;56
TE320;07.01.2024;18;1.0;326;55;313;55;13;56
TE320;07.01.2024;19;1.0;267;56;262;56;5;57
TE320;07.01.2024;20;1.0;217;56;214;56;3;57
TE320;07.01.2024;21;1.0;162;51;162;51;0;-1
TE320;07.01.2024;22;1.0;105;51;100;50;5;56
TE320;07.01.2024;23;1.0;86;52;85;51;1;59
TE320;08.01.2024;0;1.0;53;50;49;50;4;50
TE320;08.01.2024;1;1.0;37;52;35;52;2;62
TE320;08.01.2024;2;1.0;33;47;32;47;1;52
TE320;08.01.2024;3;1.0;56;52;55;52;1;57
TE320;08.01.2024;4;1.0;182;50;177;50;5;52
TE320;08.01.2024;5;1.0;549;48;520;48;29;48
TE320;08.01.2024;6;1.0;847;45;787;45;60;43
TE320;08.01.2024;7;1.0;883;43;831;43;52;41
TE320;08.01.2024;8;1.0;817;36;748;36;69;37
TE320;08.01.2024;9;1.0;695;47;675;47;20;45
TE320;08.01.2024;10;1.0;639;47;613;48;26;47
TE320;08.01.2024;11;1.0;620;48;595;48;25;48
TE320;08.01.2024;12;1.0;646;49;587;49;59;49
TE320;08.01.2024;13;1.0;613;48;567;48;46;50
TE320;08.01.2024;14;1.0;577;47;552;47;25;48
TE320;08.01.2024;15;1.0;639;47;617;47;22;48
TE320;08.01.2024;16;1.0;649;46;622;46;27;46
TE320;08.01.2024;17;1.0;555;47;551;47;4;46
TE320;08.01.2024;18;1.0;457;47;451;47;6;46
TE320;08.01.2024;19;1.0;314;48;308;47;6;50
TE320;08.01.2024;20;1.0;233;50;225;50;8;51
TE320;08.01.2024;21;1.0;176;51;173;52;3;51
TE320;08.01.2024;22;1.0;110;51;108;51;2;48
TE320;08.01.2024;23;1.0;86;53;84;53;2;49
TE320;09.01.2024;0;1.0;55;51;49;50;6;56
TE320;09.01.2024;1;1.0;36;51;35;51;1;52
TE320;09.01.2024;2;1.0;22;53;22;53;0;-1
TE320;09.01.2024;3;1.0;51;51;50;51;1;62
TE320;09.01.2024;4;1.0;157;51;152;51;5;48
TE320;09.01.2024;5;1.0;497;51;479;51;18;52
TE320;09.01.2024;6;1.0;771;47;704;47;67;47
TE320;09.01.2024;7;1.0;872;46;779;46;93;44
TE320;09.01.2024;8;1.0;816;42;757;42;59;40
TE320;09.01.2024;9;1.0;690;48;651;48;39;47
TE320;09.01.2024;10;1.0;606;49;571;49;35;49
TE320;09.01.2024;11;1.0;613;49;578;49;35;53
TE320;09.01.2024;12;1.0;577;49;554;49;23;50
TE320;09.01.2024;13;1.0;545;51;518;51;27;50
TE320;09.01.2024;14;1.0;588;48;538;48;50;49
TE320;09.01.2024;15;1.0;670;47;636;47;34;50
TE320;09.01.2024;16;1.0;652;47;612;47;40;48
TE320;09.01.2024;17;1.0;530;47;510;47;20;46
TE320;09.01.2024;18;1.0;445;43;413;43;31;46
TE320;09.01.2024;19;1.0;332;48;328;48;4;47
TE320;09.01.2024;20;1.0;232;51;227;51;5;49
TE320;09.01.2024;21;1.0;164;52;162;53;2;53
TE320;09.01.2024;22;1.0;114;53;111;53;3;49
TE320;09.01.2024;23;1.0;83;52;83;52;0;-1
TE320;10.01.2024;0;1.0;69;56;64;56;5;55
TE320;10.01.2024;1;1.0;38;55;37;55;1;47
TE320;10.01.2024;2;1.0;42;55;38;56;4;52
TE320;10.01.2024;3;1.0;52;56;51;56;1;49
TE320;10.01.2024;4;1.0;160;54;155;54;5;55
TE320;10.01.2024;5;1.0;532;52;491;52;41;50
TE320;10.01.2024;6;1.0;806;48;748;48;58;48
TE320;10.01.2024;7;1.0;905;46;832;46;73;44
TE320;10.01.2024;8;1.0;759;47;701;47;58;45
TE320;10.01.2024;9;1.0;659;50;600;50;59;50
TE320;10.01.2024;10;1.0;636;49;581;49;55;51
TE320;10.01.2024;12;1.0;623;50;592;50;31;50
TE320;10.01.2024;13;1.0;617;49;559;49;58;51
TE320;10.01.2024;14;1.0;569;51;550;51;19;53
TE320;10.01.2024;15;1.0;662;49;621;49;41;48
TE320;10.01.2024;16;1.0;588;49;572;49;16;50
TE320;10.01.2024;17;1.0;523;47;490;47;33;49
TE320;10.01.2024;18;1.0;469;47;439;47;30;49
TE320;10.01.2024;19;1.0;315;51;311;51;4;52
TE320;10.01.2024;20;1.0;236;51;226;51;10;50
TE320;10.01.2024;21;1.0;174;53;172;53;2;50
TE320;10.01.2024;22;1.0;131;53;127;53;4;51
TE320;10.01.2024;23;1.0;82;55;82;55;0;-1
TE320;11.01.2024;0;1.0;59;51;55;51;4;51
TE320;11.01.2024;1;1.0;29;59;28;59;1;69
TE320;11.01.2024;2;1.0;27;65;26;65;1;69
TE320;11.01.2024;3;1.0;49;65;49;65;0;-1
TE320;11.01.2024;4;1.0;157;61;156;61;1;56
TE320;11.01.2024;5;1.0;474;59;470;59;4;58
TE320;11.01.2024;6;1.0;730;54;726;54;4;54
TE320;11.01.2024;7;1.0;834;52;822;52;12;49
TE320;11.01.2024;8;1.0;671;49;665;49;5;54
TE320;11.01.2024;9;1.0;567;55;561;55;6;52
TE320;11.01.2024;10;1.0;533;55;532;55;1;57
TE320;11.01.2024;11;1.0;543;56;541;56;2;58
TE320;11.01.2024;12;1.0;564;56;558;55;6;56
TE320;11.01.2024;13;1.0;518;54;515;54;3;55
TE320;11.01.2024;14;1.0;567;54;563;54;4;50
TE320;11.01.2024;15;1.0;636;52;625;52;11;53
TE320;11.01.2024;16;1.0;625;51;616;51;9;49
TE320;11.01.2024;17;1.0;536;52;534;52;2;50
TE320;11.01.2024;18;1.0;523;49;510;49;13;44
TE320;11.01.2024;19;1.0;377;51;360;51;17;49
TE320;11.01.2024;20;1.0;275;53;269;53;6;52
TE320;11.01.2024;21;1.0;199;55;195;55;4;53
TE320;11.01.2024;22;1.0;125;52;123;52;2;52
TE320;11.01.2024;23;1.0;76;55;75;55;1;53
TE320;12.01.2024;0;1.0;48;50;44;49;4;54
TE320;12.01.2024;1;1.0;45;56;44;56;1;57
TE320;12.01.2024;2;1.0;36;58;35;58;1;48
TE320;12.01.2024;3;1.0;52;54;49;53;3;52
TE320;12.01.2024;4;1.0;178;55;172;55;6;48
TE320;12.01.2024;5;1.0;515;53;507;53;8;54
TE320;12.01.2024;6;1.0;761;49;739;49;22;49
TE320;12.01.2024;7;1.0;852;46;814;46;38;46
TE320;12.01.2024;8;1.0;666;48;655;48;11;47
TE320;12.01.2024;9;1.0;597;51;583;51;14;50
TE320;12.01.2024;10;1.0;617;52;571;51;46;58
TE320;12.01.2024;11;1.0;590;51;576;51;14;51
TE320;12.01.2024;12;1.0;639;53;631;53;8;53
TE320;12.01.2024;13;1.0;591;55;584;55;7;55
TE320;12.01.2024;14;1.0;599;53;595;53;4;52
TE320;12.01.2024;15;1.0;621;53;614;53;7;52
TE320;12.01.2024;16;1.0;592;52;589;52;3;55
TE320;12.01.2024;17;1.0;606;50;588;49;18;52
TE320;12.01.2024;18;1.0;448;50;424;51;24;49
TE320;12.01.2024;19;1.0;366;52;364;52;2;50
TE320;12.01.2024;20;1.0;309;54;306;54;3;51
TE320;12.01.2024;21;1.0;226;54;222;55;4;49
TE320;12.01.2024;22;1.0;161;54;156;54;5;49
TE320;12.01.2024;23;1.0;141;54;140;54;1;52
TE320;13.01.2024;0;1.0;93;55;89;55;4;52
TE320;13.01.2024;1;1.0;76;56;75;56;1;53
TE320;13.01.2024;2;1.0;51;53;50;53;1;52
TE320;13.01.2024;3;1.0;37;52;36;52;1;52
TE320;13.01.2024;4;1.0;89;54;87;55;2;52
TE320;13.01.2024;5;1.0;154;55;154;55;0;-1
TE320;13.01.2024;6;1.0;151;54;146;54;5;54
TE320;13.01.2024;7;1.0;198;55;196;55;2;52
TE320;13.01.2024;8;1.0;296;55;278;55;18;60
TE320;13.01.2024;9;1.0;468;55;455;55;13;56
TE320;13.01.2024;10;1.0;599;55;585;55;14;55
TE320;13.01.2024;11;1.0;717;55;711;55;6;53
TE320;13.01.2024;12;1.0;681;55;676;55;5;55
TE320;13.01.2024;13;1.0;675;53;662;54;13;46
TE320;13.01.2024;14;1.0;685;55;682;55;3;52
TE320;13.01.2024;15;1.0;590;54;575;54;15;55
TE320;13.01.2024;16;1.0;591;52;588;52;3;56
TE320;13.01.2024;17;1.0;518;52;516;52;2;50
TE320;13.01.2024;18;1.0;456;52;449;52;7;51
TE320;13.01.2024;19;1.0;333;53;330;53;3;52
TE320;13.01.2024;20;1.0;284;54;283;54;1;52
TE320;13.01.2024;21;1.0;232;53;229;53;3;52
TE320;13.01.2024;22;1.0;192;55;188;55;4;56
TE320;13.01.2024;23;1.0;147;55;147;55;0;-1
TE320;14.01.2024;0;1.0;132;52;129;52;3;49
TE320;14.01.2024;1;1.0;64;56;63;56;1;53
TE320;14.01.2024;2;1.0;45;55;45;55;0;-1
TE320;14.01.2024;3;1.0;57;55;56;55;1;46
TE320;14.01.2024;4;1.0;50;59;47;59;3;56
TE320;14.01.2024;5;1.0;99;58;99;58;0;-1
TE320;14.01.2024;6;1.0;67;56;66;56;1;59
TE320;14.01.2024;7;1.0;78;55;72;54;6;62
TE320;14.01.2024;8;1.0;138;56;136;56;2;57
TE320;14.01.2024;9;1.0;237;55;233;55;4;54
TE320;14.01.2024;10;1.0;283;59;283;59;0;-1
TE320;14.01.2024;11;1.0;341;58;339;58;2;59
TE320;14.01.2024;12;1.0;401;58;399;58;2;57
TE320;14.01.2024;13;1.0;439;57;437;57;2;61
TE320;14.01.2024;14;1.0;469;56;451;56;18;57
TE320;14.01.2024;15;1.0;400;54;393;54;7;55
TE320;14.01.2024;16;1.0;388;53;385;53;3;52
TE320;14.01.2024;17;1.0;412;51;388;51;24;53
TE320;14.01.2024;18;1.0;329;53;320;53;9;56
TE320;14.01.2024;19;1.0;290;55;274;55;16;58
TE320;14.01.2024;20;1.0;224;56;219;56;5;57
TE320;14.01.2024;21;1.0;156;59;155;59;1;59
TE320;14.01.2024;22;1.0;85;57;84;57;1;59
TE320;14.01.2024;23;1.0;65;55;64;55;1;48
TE320;15.01.2024;0;1.0;47;58;45;58;2;58
TE320;15.01.2024;1;1.0;41;60;40;60;1;63
TE320;15.01.2024;2;1.0;29;57;27;57;2;55
TE320;15.01.2024;3;1.0;40;56;38;56;2;50
TE320;15.01.2024;4;1.0;170;57;167;58;3;53
TE320;15.01.2024;5;1.0;489;54;480;54;9;56
TE320;15.01.2024;6;1.0;740;51;697;51;43;53
TE320;15.01.2024;7;1.0;850;50;812;49;38;51
TE320;15.01.2024;8;1.0;766;48;726;49;40;31
TE320;15.01.2024;9;1.0;673;52;655;52;18;52
TE320;15.01.2024;10;1.0;595;52;566;52;29;51
TE320;15.01.2024;11;1.0;666;51;635;51;31;49
TE320;15.01.2024;12;1.0;578;52;559;52;19;54
TE320;15.01.2024;13;1.0;545;43;539;43;6;38
TE320;15.01.2024;14;1.0;597;54;591;54;6;57
TE320;15.01.2024;15;1.0;619;53;611;53;8;55
TE320;15.01.2024;16;1.0;677;49;656;49;21;50
TE320;15.01.2024;17;1.0;561;47;546;47;15;46
TE320;15.01.2024;18;1.0;443;49;432;49;11;52
TE320;15.01.2024;19;1.0;340;52;328;52;12;52
TE320;15.01.2024;20;1.0;254;53;252;53;2;54
TE320;15.01.2024;21;1.0;163;56;160;56;3;55
TE320;15.01.2024;22;1.0;107;58;105;58;2;58
TE320;15.01.2024;23;1.0;57;57;56;57;1;42
TE320;16.01.2024;0;1.0;47;59;43;59;4;62
TE320;16.01.2024;1;1.0;39;57;37;57;2;60
TE320;16.01.2024;2;1.0;35;46;34;46;1;61
TE320;16.01.2024;3;1.0;45;47;43;47;2;42
TE320;16.01.2024;4;1.0;171;46;163;47;8;43
TE320;16.01.2024;5;1.0;471;49;467;49;4;47
TE320;16.01.2024;6;1.0;795;45;788;45;7;46
TE320;16.01.2024;7;1.0;820;48;779;48;41;49
TE320;16.01.2024;8;1.0;765;48;735;48;30;48
TE320;16.01.2024;9;1.0;644;52;624;52;20;54
TE320;16.01.2024;10;1.0;618;55;602;55;16;54
TE320;16.01.2024;11;1.0;580;53;575;53;5;52
TE320;16.01.2024;12;1.0;561;54;540;54;21;53
TE320;16.01.2024;13;1.0;564;55;555;55;9;58
TE320;16.01.2024;14;1.0;543;56;535;56;8;55
TE320;16.01.2024;15;1.0;596;53;589;53;7;52
TE320;16.01.2024;16;1.0;654;52;651;52;3;50
TE320;16.01.2024;17;1.0;534;50;519;50;15;49
TE320;16.01.2024;18;1.0;434;52;417;52;17;56
TE320;16.01.2024;19;1.0;326;53;323;53;3;49
TE320;16.01.2024;20;1.0;254;53;252;53;2;48
TE320;16.01.2024;21;1.0;172;56;163;56;9;57
TE320;16.01.2024;22;1.0;112;55;109;55;3;54
TE320;16.01.2024;23;1.0;68;55;68;55;0;-1
TE320;17.01.2024;0;1.0;42;52;38;52;4;50
TE320;17.01.2024;1;1.0;42;48;42;48;0;-1
TE320;17.01.2024;2;1.0;33;53;32;53;1;46
TE320;17.01.2024;3;1.0;43;49;41;49;2;50
TE320;17.01.2024;4;1.0;159;50;158;50;1;47
TE320;17.01.2024;5;1.0;496;49;467;49;29;51
TE320;17.01.2024;6;1.0;781;46;741;46;40;46
TE320;17.01.2024;7;1.0;868;46;806;46;62;45
TE320;17.01.2024;8;1.0;746;48;713;48;33;49
TE320;17.01.2024;9;1.0;654;49;645;49;9;49
TE320;17.01.2024;10;1.0;604;48;595;48;9;46
TE320;17.01.2024;11;1.0;605;52;573;52;32;51
TE320;17.01.2024;12;1.0;586;53;566;53;20;52
TE320;17.01.2024;13;1.0;598;52;586;52;12;51
TE320;17.01.2024;14;1.0;575;52;566;52;9;48
TE320;17.01.2024;15;1.0;606;51;597;51;9;50
TE320;17.01.2024;16;1.0;618;50;585;50;33;50
TE320;17.01.2024;17;1.0;561;51;546;51;15;53
TE320;17.01.2024;18;1.0;435;50;427;50;8;48
TE320;17.01.2024;19;1.0;314;53;309;53;5;51
TE320;17.01.2024;20;1.0;222;54;219;54;3;57
TE320;17.01.2024;21;1.0;170;58;169;58;1;55
TE320;17.01.2024;22;1.0;104;59;101;59;3;58
TE320;17.01.2024;23;1.0;83;56;83;56;0;-1
TE320;18.01.2024;0;1.0;50;58;47;58;3;58
TE320;18.01.2024;1;1.0;33;62;33;62;0;-1
TE320;18.01.2024;2;1.0;36;57;34;57;2;48
TE320;18.01.2024;3;1.0;64;58;63;58;1;48
TE320;18.01.2024;4;1.0;157;58;153;58;4;54
TE320;18.01.2024;5;1.0;464;56;449;56;15;56
TE320;18.01.2024;6;1.0;674;51;649;51;25;54
TE320;18.01.2024;7;1.0;770;48;706;48;64;45
TE320;18.01.2024;8;1.0;703;51;677;51;26;51
TE320;18.01.2024;9;1.0;638;52;622;52;16;52
TE320;18.01.2024;10;1.0;620;54;597;54;23;52
TE320;18.01.2024;11;1.0;638;55;630;55;8;52
TE320;18.01.2024;12;1.0;605;53;585;53;20;53
TE320;18.01.2024;13;1.0;592;48;569;48;23;52
TE320;18.01.2024;14;1.0;614;49;604;49;10;50
TE320;18.01.2024;15;1.0;681;46;661;46;20;48
TE320;18.01.2024;16;1.0;709;43;659;43;51;33
TE320;18.01.2024;17;1.0;589;45;581;45;8;41
TE320;18.01.2024;18;1.0;468;46;452;46;16;45
TE320;18.01.2024;19;1.0;326;48;314;48;12;49
TE320;18.01.2024;20;1.0;244;48;241;48;3;46
TE320;18.01.2024;21;1.0;186;49;185;49;1;48
TE320;18.01.2024;22;1.0;136;51;131;51;5;47
TE320;18.01.2024;23;1.0;74;50;73;50;1;52
TE320;19.01.2024;0;1.0;61;50;56;51;5;47
TE320;19.01.2024;1;1.0;35;49;34;48;1;63
TE320;19.01.2024;2;1.0;33;55;30;55;3;52
TE320;19.01.2024;3;1.0;59;53;57;54;2;46
TE320;19.01.2024;4;1.0;165;54;159;54;6;53
TE320;19.01.2024;5;1.0;463;52;432;52;31;49
TE320;19.01.2024;6;1.0;716;46;662;46;54;49
TE320;19.01.2024;7;1.0;774;45;695;45;79;46
TE320;19.01.2024;8;1.0;684;46;636;46;48;49
TE320;19.01.2024;9;1.0;672;46;651;46;21;46
TE320;19.01.2024;10;1.0;656;47;622;47;34;47
TE320;19.01.2024;11;1.0;650;47;604;47;46;48
TE320;19.01.2024;12;1.0;633;49;620;49;13;48
TE320;19.01.2024;13;1.0;664;51;638;51;26;51
TE320;19.01.2024;14;1.0;619;48;607;48;12;48
TE320;19.01.2024;15;1.0;614;49;601;49;13;51
TE320;19.01.2024;16;1.0;634;50;608;50;26;49
TE320;19.01.2024;17;1.0;581;48;576;48;5;48
TE320;19.01.2024;18;1.0;464;47;446;47;18;46
TE320;19.01.2024;19;1.0;358;47;352;47;6;51
TE320;19.01.2024;20;1.0;318;50;315;50;3;48
TE320;19.01.2024;21;1.0;211;51;209;51;2;50
TE320;19.01.2024;22;1.0;164;53;161;53;3;53
TE320;19.01.2024;23;1.0;112;51;111;51;1;53
TE320;20.01.2024;0;1.0;93;52;89;52;4;51
TE320;20.01.2024;1;1.0;71;53;70;53;1;48
TE320;20.01.2024;2;1.0;39;55;38;55;1;43
TE320;20.01.2024;3;1.0;49;55;49;55;0;-1
TE320;20.01.2024;4;1.0;70;52;69;52;1;43
TE320;20.01.2024;5;1.0;136;55;132;55;4;58
TE320;20.01.2024;6;1.0;152;53;149;53;3;49
TE320;20.01.2024;7;1.0;198;51;195;51;3;51
TE320;20.01.2024;8;1.0;292;55;286;55;6;54
TE320;20.01.2024;9;1.0;465;55;443;55;22;56
TE320;20.01.2024;10;1.0;596;53;587;53;9;55
TE320;20.01.2024;11;1.0;656;52;623;52;33;54
TE320;20.01.2024;12;1.0;654;52;642;52;12;54
TE320;20.01.2024;13;1.0;676;49;658;49;18;51
TE320;20.01.2024;14;1.0;649;50;635;50;14;50
TE320;20.01.2024;15;1.0;583;49;573;49;10;50
TE320;20.01.2024;16;1.0;586;48;568;48;18;51
TE320;20.01.2024;17;1.0;588;51;572;51;16;51
TE320;20.01.2024;18;1.0;481;48;477;48;4;45
TE320;20.01.2024;19;1.0;355;51;352;51;3;48
TE320;20.01.2024;20;1.0;319;50;301;49;18;54
TE320;20.01.2024;21;1.0;238;50;237;50;1;49
TE320;20.01.2024;22;1.0;208;51;205;51;3;53
TE320;20.01.2024;23;1.0;160;49;159;49;1;46
TE320;21.01.2024;0;1.0;127;50;121;50;6;51
TE320;21.01.2024;1;1.0;78;50;76;50;2;48
TE320;21.01.2024;2;1.0;78;50;78;50;0;-1
TE320;21.01.2024;3;1.0;41;52;40;52;1;52
TE320;21.01.2024;4;1.0;52;53;52;53;0;-1
TE320;21.01.2024;5;1.0;84;57;84;57;0;-1
TE320;21.01.2024;6;1.0;86;57;85;57;1;60
TE320;21.01.2024;7;1.0;81;56;81;56;0;-1
TE320;21.01.2024;8;1.0;127;58;126;57;1;60
TE320;21.01.2024;9;1.0;266;55;262;55;4;52
TE320;21.01.2024;10;1.0;332;55;323;55;9;56
TE320;21.01.2024;11;1.0;399;54;396;54;3;51
TE320;21.01.2024;12;1.0;407;52;396;52;11;47
TE320;21.01.2024;13;1.0;448;53;444;53;4;54
TE320;21.01.2024;14;1.0;518;52;504;52;14;53
TE320;21.01.2024;15;1.0;434;52;427;52;7;50
TE320;21.01.2024;16;1.0;419;54;401;53;18;58
TE320;21.01.2024;17;1.0;404;51;385;51;19;56
TE320;21.01.2024;18;1.0;375;51;373;51;2;52
TE320;21.01.2024;19;1.0;276;54;276;54;0;-1
TE320;21.01.2024;20;1.0;227;53;226;53;1;52
TE320;21.01.2024;21;1.0;165;56;163;56;2;57
TE320;21.01.2024;22;1.0;84;53;83;54;1;35
TE320;21.01.2024;23;1.0;56;55;54;56;2;42
TE320;22.01.2024;0;1.0;46;53;43;53;3;46
TE320;22.01.2024;1;1.0;29;54;27;54;2;55
TE320;22.01.2024;2;1.0;37;55;35;55;2;52
TE320;22.01.2024;3;1.0;53;56;51;57;2;49
TE320;22.01.2024;4;1.0;182;57;176;57;6;54
TE320;22.01.2024;5;1.0;529;53;495;54;34;54
TE320;22.01.2024;6;1.0;747;51;676;51;71;51
TE320;22.01.2024;7;1.0;866;49;781;49;85;50
TE320;22.01.2024;8;1.0;758;48;722;48;36;49
TE320;22.01.2024;9;1.0;664;51;639;51;25;50
TE320;22.01.2024;10;1.0;681;52;654;52;27;52
TE320;22.01.2024;11;1.0;619;51;592;51;27;55
TE320;22.01.2024;12;1.0;627;49;587;49;40;46
TE320;22.01.2024;13;1.0;612;51;566;52;46;43
TE320;22.01.2024;14;1.0;625;51;614;51;11;49
TE320;22.01.2024;15;1.0;661;50;648;50;13;51
TE320;22.01.2024;16;1.0;659;50;630;50;29;51
TE320;22.01.2024;17;1.0;526;50;506;50;20;52
TE320;22.01.2024;18;1.0;410;50;406;50;4;49
TE320;22.01.2024;19;1.0;318;50;298;50;20;41
TE320;22.01.2024;20;1.0;217;51;213;51;4;53
TE320;22.01.2024;21;1.0;157;54;155;54;2;50
TE320;22.01.2024;22;1.0;113;52;109;52;4;52
TE320;22.01.2024;23;1.0;61;54;59;54;2;50
TE320;23.01.2024;0;1.0;52;53;48;53;4;46
TE320;23.01.2024;1;1.0;36;56;33;56;3;57
TE320;23.01.2024;2;1.0;45;52;43;52;2;59
TE320;23.01.2024;3;1.0;52;56;51;55;1;77
TE320;23.01.2024;4;1.0;180;53;177;53;3;58
TE320;23.01.2024;5;1.0;544;51;508;51;36;52
TE320;23.01.2024;6;1.0;772;48;716;48;56;53
TE320;23.01.2024;7;1.0;895;44;827;44;68;43
TE320;23.01.2024;8;1.0;743;49;705;49;38;49
TE320;23.01.2024;9;1.0;688;50;663;50;25;48
TE320;23.01.2024;10;1.0;636;52;601;51;35;54
TE320;23.01.2024;11;1.0;660;50;603;50;57;51
TE320;23.01.2024;12;1.0;662;50;627;50;35;50
TE320;23.01.2024;13;1.0;589;51;572;51;17;49
TE320;23.01.2024;14;1.0;630;50;611;50;19;51
TE320;23.01.2024;15;1.0;676;50;658;50;18;51
TE320;23.01.2024;16;1.0;659;46;643;46;16;50
TE320;23.01.2024;17;1.0;534;47;513;47;21;45
TE320;23.01.2024;18;1.0;462;47;434;47;28;42
TE320;23.01.2024;19;1.0;341;50;340;50;1;46
TE320;23.01.2024;20;1.0;227;52;225;52;2;48
TE320;23.01.2024;21;1.0;165;53;163;53;2;50
TE320;23.01.2024;22;1.0;94;53;92;53;2;52
TE320;23.01.2024;23;1.0;68;51;68;51;0;-1
TE320;24.01.2024;0;1.0;50;54;46;55;4;52
TE320;24.01.2024;1;1.0;42;46;40;47;2;49
TE320;24.01.2024;2;1.0;27;54;25;54;2;47
TE320;24.01.2024;3;1.0;44;58;44;58;0;-1
TE320;24.01.2024;4;1.0;197;57;195;57;2;60
TE320;24.01.2024;5;1.0;570;54;548;54;22;52
TE320;24.01.2024;6;1.0;822;50;780;50;42;50
TE320;24.01.2024;7;1.0;959;46;939;46;20;45
TE320;24.01.2024;8;1.0;910;46;881;46;29;46
TE320;24.01.2024;9;1.0;725;47;709;47;16;43
TE320;24.01.2024;10;1.0;653;51;645;51;8;50
TE320;24.01.2024;11;1.0;646;51;628;51;18;50
TE320;24.01.2024;12;1.0;572;52;560;52;12;47
TE320;24.01.2024;13;1.0;659;52;649;52;10;48
TE320;24.01.2024;14;1.0;620;50;614;50;6;47
TE320;24.01.2024;15;1.0;654;49;645;49;9;44
TE320;24.01.2024;16;1.0;658;47;649;47;9;45
TE320;24.01.2024;17;1.0;586;49;580;49;6;44
TE320;24.01.2024;18;1.0;475;49;470;49;5;48
TE320;24.01.2024;19;1.0;353;51;353;51;0;-1
TE320;24.01.2024;20;1.0;261;52;241;52;20;51
TE320;24.01.2024;21;1.0;194;51;193;51;1;43
TE320;24.01.2024;22;1.0;133;50;130;50;3;45
TE320;24.01.2024;23;1.0;90;53;89;53;1;51
TE320;25.01.2024;0;1.0;62;55;58;55;4;54
TE320;25.01.2024;1;1.0;40;57;37;57;3;55
TE320;25.01.2024;2;1.0;35;52;31;52;4;53
TE320;25.01.2024;3;1.0;51;57;50;57;1;55
TE320;25.01.2024;4;1.0;181;57;176;57;5;53
TE320;25.01.2024;5;1.0;556;53;532;53;24;53
TE320;25.01.2024;6;1.0;819;50;788;50;31;49
TE320;25.01.2024;7;1.0;907;47;844;46;63;51
TE320;25.01.2024;8;1.0;854;47;821;47;33;48
TE320;25.01.2024;9;1.0;691;49;667;49;24;49
TE320;25.01.2024;10;1.0;665;50;640;50;25;52
TE320;25.01.2024;11;1.0;622;51;617;51;5;47
TE320;25.01.2024;12;1.0;668;51;649;51;19;51
TE320;25.01.2024;13;1.0;713;49;683;49;30;50
TE320;25.01.2024;14;1.0;684;47;658;47;26;48
TE320;25.01.2024;15;1.0;710;49;700;49;10;49
TE320;25.01.2024;16;1.0;709;46;691;46;18;54
TE320;25.01.2024;17;1.0;592;48;575;48;17;46
TE320;25.01.2024;18;1.0;510;48;502;48;8;42
TE320;25.01.2024;19;1.0;344;50;342;50;2;46
TE320;25.01.2024;20;1.0;266;52;262;52;4;52
TE320;25.01.2024;21;1.0;197;52;194;52;3;47
TE320;25.01.2024;22;1.0;129;50;127;50;2;50
TE320;25.01.2024;23;1.0;68;50;68;50;0;-1
TE320;26.01.2024;0;1.0;55;52;51;52;4;50
TE320;26.01.2024;1;1.0;52;52;49;53;3;48
TE320;26.01.2024;2;1.0;28;54;25;54;3;62
TE320;26.01.2024;3;1.0;47;54;46;54;1;44
TE320;26.01.2024;4;1.0;172;53;172;53;0;-1
TE320;26.01.2024;5;1.0;547;56;529;55;18;53
TE320;26.01.2024;6;1.0;727;53;705;53;22;50
TE320;26.01.2024;7;1.0;842;49;817;49;25;51
TE320;26.01.2024;8;1.0;684;45;647;45;37;45
TE320;26.01.2024;9;1.0;616;52;593;52;23;52
TE320;26.01.2024;10;1.0;666;55;638;55;28;53
TE320;26.01.2024;11;1.0;670;54;639;54;31;53
TE320;26.01.2024;12;1.0;668;49;659;49;9;48
TE320;26.01.2024;13;1.0;659;52;646;52;13;56
TE320;26.01.2024;14;1.0;686;52;674;52;12;54
TE320;26.01.2024;15;1.0;722;50;719;50;3;49
TE320;26.01.2024;16;1.0;609;51;605;51;4;48
TE320;26.01.2024;17;1.0;614;47;607;47;7;53
TE320;26.01.2024;18;1.0;505;51;500;51;5;48
TE320;26.01.2024;19;1.0;392;49;391;49;1;50
TE320;26.01.2024;20;1.0;288;49;284;49;4;49
TE320;26.01.2024;21;1.0;219;53;218;53;1;49
TE320;26.01.2024;22;1.0;185;50;180;50;5;49
TE320;26.01.2024;23;1.0;110;51;109;51;1;51
TE320;27.01.2024;0;1.0;91;55;87;55;4;51
TE320;27.01.2024;1;1.0;57;53;57;53;0;-1
TE320;27.01.2024;2;1.0;48;56;44;56;4;55
TE320;27.01.2024;3;1.0;43;55;41;55;2;66
TE320;27.01.2024;4;1.0;75;53;75;53;0;-1
TE320;27.01.2024;5;1.0;166;52;166;52;0;-1
TE320;27.01.2024;6;1.0;159;52;150;52;9;60
TE320;27.01.2024;7;1.0;220;54;201;53;19;61
TE320;27.01.2024;8;1.0;317;54;312;54;5;56
TE320;27.01.2024;9;1.0;484;54;479;54;5;54
TE320;27.01.2024;10;1.0;609;54;604;54;5;57
TE320;27.01.2024;11;1.0;715;54;704;54;11;56
TE320;27.01.2024;12;1.0;714;55;695;55;19;60
TE320;27.01.2024;13;1.0;729;55;724;54;5;58
TE320;27.01.2024;14;1.0;696;51;690;51;6;52
TE320;27.01.2024;15;1.0;664;49;654;49;10;50
TE320;27.01.2024;16;1.0;656;48;650;48;6;51
TE320;27.01.2024;17;1.0;578;49;578;49;0;-1
TE320;27.01.2024;18;1.0;500;49;497;49;3;48
TE320;27.01.2024;19;1.0;394;48;392;48;2;48
TE320;27.01.2024;20;1.0;309;51;306;51;3;49
TE320;27.01.2024;21;1.0;238;51;232;51;6;52
TE320;27.01.2024;22;1.0;210;50;207;50;3;50
TE320;27.01.2024;23;1.0;142;52;142;52;0;-1
TE320;28.01.2024;0;1.0;115;54;111;54;4;50
TE320;28.01.2024;1;1.0;93;54;92;54;1;47
TE320;28.01.2024;2;1.0;80;54;80;54;0;-1
TE320;28.01.2024;3;1.0;58;53;58;53;0;-1
TE320;28.01.2024;4;1.0;75;51;73;51;2;59
TE320;28.01.2024;5;1.0;108;53;104;53;4;60
TE320;28.01.2024;6;1.0;104;51;103;51;1;49
TE320;28.01.2024;7;1.0;87;50;85;50;2;54
TE320;28.01.2024;8;1.0;162;52;161;52;1;58
TE320;28.01.2024;9;1.0;302;52;294;52;8;55
TE320;28.01.2024;10;1.0;340;51;318;51;22;54
TE320;28.01.2024;11;1.0;416;52;387;51;29;58
TE320;28.01.2024;12;1.0;554;51;552;51;2;50
TE320;28.01.2024;13;1.0;601;50;595;50;6;53
TE320;28.01.2024;14;1.0;628;50;624;50;4;54
TE320;28.01.2024;15;1.0;590;51;587;51;3;49
TE320;28.01.2024;16;1.0;557;48;548;48;9;46
TE320;28.01.2024;17;1.0;530;48;529;48;1;49
TE320;28.01.2024;18;1.0;377;50;374;50;3;49
TE320;28.01.2024;19;1.0;295;52;291;52;4;55
TE320;28.01.2024;20;1.0;228;51;228;51;0;-1
TE320;28.01.2024;21;1.0;180;53;178;53;2;46
TE320;28.01.2024;22;1.0;117;53;116;53;1;44
TE320;28.01.2024;23;1.0;72;53;72;53;0;-1
TE320;29.01.2024;0;1.0;38;52;36;52;2;48
TE320;29.01.2024;1;1.0;41;51;38;51;3;47
TE320;29.01.2024;2;1.0;33;50;32;50;1;50
TE320;29.01.2024;3;1.0;62;54;54;53;8;59
TE320;29.01.2024;4;1.0;168;53;164;53;4;52
TE320;29.01.2024;5;1.0;521;52;500;52;21;50
TE320;29.01.2024;6;1.0;752;49;721;49;31;49
TE320;29.01.2024;7;1.0;897;45;862;45;35;46
TE320;29.01.2024;8;1.0;828;47;774;47;54;47
TE320;29.01.2024;9;1.0;694;48;679;48;15;48
TE320;29.01.2024;10;1.0;654;49;638;49;16;49
TE320;29.01.2024;11;1.0;652;49;611;49;41;50
TE320;29.01.2024;12;1.0;654;48;627;48;27;47
TE320;29.01.2024;13;1.0;565;50;546;50;19;47
TE320;29.01.2024;14;1.0;618;49;579;49;39;47
TE320;29.01.2024;15;1.0;709;47;697;47;12;44
TE320;29.01.2024;16;1.0;649;48;641;48;8;49
TE320;29.01.2024;17;1.0;568;45;549;45;19;41
TE320;29.01.2024;18;1.0;456;48;440;48;16;49
TE320;29.01.2024;19;1.0;311;51;305;51;6;51
TE320;29.01.2024;20;1.0;216;51;213;51;3;47
TE320;29.01.2024;21;1.0;160;51;153;52;7;49
TE320;29.01.2024;22;1.0;103;52;101;52;2;47
TE320;29.01.2024;23;1.0;70;53;70;53;0;-1
TE320;30.01.2024;0;1.0;41;52;37;52;4;59
TE320;30.01.2024;1;1.0;41;52;40;52;1;51
TE320;30.01.2024;2;1.0;32;52;30;52;2;48
TE320;30.01.2024;3;1.0;49;55;47;55;2;50
TE320;30.01.2024;4;1.0;160;54;159;54;1;54
TE320;30.01.2024;5;1.0;489;52;463;52;26;53
TE320;30.01.2024;6;1.0;767;48;700;48;67;49
TE320;30.01.2024;7;1.0;862;44;812;44;50;44
TE320;30.01.2024;8;1.0;777;48;740;48;37;48
TE320;30.01.2024;9;1.0;688;49;652;49;36;50
TE320;30.01.2024;10;1.0;668;51;640;51;28;55
TE320;30.01.2024;11;1.0;663;49;645;49;18;48
TE320;30.01.2024;12;1.0;579;50;558;50;21;49
TE320;30.01.2024;13;1.0;613;50;577;50;36;50
TE320;30.01.2024;14;1.0;612;49;594;49;18;46
TE320;30.01.2024;15;1.0;687;49;643;49;44;52
TE320;30.01.2024;16;1.0;680;48;673;48;7;47
TE320;30.01.2024;17;1.0;570;49;556;49;14;48
TE320;30.01.2024;18;1.0;485;51;465;51;20;53
TE320;30.01.2024;19;1.0;342;52;339;52;3;53
TE320;30.01.2024;20;1.0;223;55;213;55;10;60
TE320;30.01.2024;21;1.0;176;53;171;53;5;54
TE320;30.01.2024;22;1.0;124;53;121;53;3;53
TE320;30.01.2024;23;1.0;69;53;67;53;2;52
TE320;31.01.2024;0;1.0;54;53;50;53;4;50
TE320;31.01.2024;1;1.0;25;54;24;55;1;46
TE320;31.01.2024;2;1.0;28;57;23;57;5;58
TE320;31.01.2024;3;1.0;48;57;47;57;1;60
TE320;31.01.2024;4;1.0;167;58;162;58;5;57
TE320;31.01.2024;5;1.0;531;55;488;55;43;56
TE320;31.01.2024;6;1.0;738;52;734;52;4;52
TE320;31.01.2024;7;1.0;840;47;778;47;62;47
TE320;31.01.2024;8;1.0;746;49;715;49;31;45
TE320;31.01.2024;9;1.0;732;51;663;51;69;52
TE320;31.01.2024;10;1.0;639;50;614;51;25;50
TE320;31.01.2024;11;1.0;682;50;646;50;36;49
TE320;31.01.2024;12;1.0;638;53;627;53;11;50
TE320;31.01.2024;13;1.0;635;52;618;51;17;51
TE320;31.01.2024;14;1.0;610;52;597;52;13;53
TE320;31.01.2024;15;1.0;669;51;665;51;4;51
TE320;31.01.2024;16;1.0;612;53;602;53;10;49
TE320;31.01.2024;17;1.0;622;52;616;52;6;48
TE320;31.01.2024;18;1.0;469;51;465;51;4;50
TE320;31.01.2024;19;1.0;337;54;335;54;2;60
TE320;31.01.2024;20;1.0;228;55;223;55;5;55
TE320;31.01.2024;21;1.0;168;55;165;55;3;53
TE320;31.01.2024;22;1.0;133;55;129;55;4;54
TE320;31.01.2024;23;1.0;73;54;73;54;0;-1
TE322;12.01.2024;12;1.0;494;32;490;32;4;34
TE322;12.01.2024;13;1.0;544;32;537;32;7;33
TE322;12.01.2024;14;1.0;560;32;552;32;8;32
TE322;12.01.2024;15;1.0;592;30;587;30;5;33
TE322;12.01.2024;16;1.0;562;30;557;30;5;29
TE322;12.01.2024;17;1.0;554;30;550;30;4;32
TE322;12.01.2024;18;1.0;608;29;601;29;7;28
TE322;12.01.2024;19;1.0;500;30;495;30;5;31
TE322;12.01.2024;20;1.0;420;32;417;32;3;31
TE322;12.01.2024;21;1.0;346;34;342;35;4;34
TE322;12.01.2024;22;1.0;331;37;330;37;1;35
TE322;12.01.2024;23;1.0;249;39;249;39;0;-1
TE322;13.01.2024;0;1.0;173;40;173;40;0;-1
TE322;13.01.2024;1;1.0;127;40;127;40;0;-1
TE322;13.01.2024;2;1.0;112;41;109;42;3;35
TE322;13.01.2024;3;1.0;74;42;73;42;1;53
TE322;13.01.2024;4;1.0;63;45;63;45;0;-1
TE322;13.01.2024;5;1.0;69;44;69;44;0;-1
TE322;13.01.2024;6;1.0;69;43;68;43;1;53
TE322;13.01.2024;7;1.0;82;42;82;42;0;-1
TE322;13.01.2024;8;1.0;149;39;145;39;4;38
TE322;13.01.2024;9;1.0;226;38;224;38;2;36
TE322;13.01.2024;10;1.0;285;35;283;35;2;35
TE322;13.01.2024;11;1.0;405;33;398;33;7;34
TE322;13.01.2024;12;1.0;490;31;490;31;0;-1
TE322;13.01.2024;13;1.0;527;29;521;29;6;27
TE322;13.01.2024;14;1.0;551;27;548;27;3;27
TE322;13.01.2024;15;1.0;566;29;559;29;7;26
TE322;13.01.2024;16;1.0;498;30;497;30;1;26
TE322;13.01.2024;17;1.0;508;29;505;29;3;33
TE322;13.01.2024;18;1.0;512;28;507;28;5;25
TE322;13.01.2024;19;1.0;465;30;464;30;1;21
TE322;13.01.2024;20;1.0;428;32;428;32;0;-1
TE322;13.01.2024;21;1.0;321;36;317;36;4;21
TE322;13.01.2024;22;1.0;315;38;315;38;0;-1
TE322;13.01.2024;23;1.0;270;38;269;38;1;21
TE322;14.01.2024;0;1.0;223;41;221;41;2;17
TE322;14.01.2024;1;1.0;137;40;137;40;0;-1
TE322;14.01.2024;2;1.0;106;42;106;42;0;-1
TE322;14.01.2024;3;1.0;79;47;79;47;0;-1
TE322;14.01.2024;4;1.0;61;43;61;43;0;-1
TE322;14.01.2024;5;1.0;64;44;64;44;0;-1
TE322;14.01.2024;6;1.0;65;42;64;42;1;39
TE322;14.01.2024;7;1.0;65;42;65;42;0;-1
TE322;14.01.2024;8;1.0;68;43;68;43;0;-1
TE322;14.01.2024;9;1.0;101;31;100;31;1;40
TE322;14.01.2024;10;1.0;204;41;203;41;1;40
TE322;14.01.2024;11;1.0;267;37;265;37;2;40
TE322;14.01.2024;12;1.0;305;37;304;37;1;38
TE322;14.01.2024;13;1.0;397;35;392;35;5;33
TE322;14.01.2024;14;1.0;414;35;410;35;4;33
TE322;14.01.2024;15;1.0;403;33;397;33;6;33
TE322;14.01.2024;16;1.0;441;32;437;32;4;32
TE322;14.01.2024;17;1.0;483;33;482;33;1;29
TE322;14.01.2024;18;1.0;409;35;408;35;1;29
TE322;14.01.2024;19;1.0;349;35;345;35;4;35
TE322;14.01.2024;20;1.0;295;36;293;36;2;36
TE322;14.01.2024;21;1.0;206;39;205;39;1;38
TE322;14.01.2024;22;1.0;230;38;230;38;0;-1
TE322;14.01.2024;23;1.0;143;41;142;41;1;38
TE322;15.01.2024;0;1.0;87;41;87;41;0;-1
TE322;15.01.2024;1;1.0;72;40;72;40;0;-1
TE322;15.01.2024;2;1.0;42;43;42;43;0;-1
TE322;15.01.2024;3;1.0;47;42;46;42;1;47
TE322;15.01.2024;4;1.0;42;43;41;43;1;38
TE322;15.01.2024;5;1.0;87;43;87;43;0;-1
TE322;15.01.2024;6;1.0;164;39;159;39;5;45
TE322;15.01.2024;7;1.0;252;36;246;36;6;37
TE322;15.01.2024;8;1.0;408;34;401;34;7;33
TE322;15.01.2024;9;1.0;413;26;403;26;10;24
TE322;15.01.2024;10;1.0;326;34;316;34;10;33
TE322;15.01.2024;11;1.0;411;34;401;34;10;33
TE322;15.01.2024;12;1.0;424;33;416;33;8;32
TE322;15.01.2024;13;1.0;456;30;442;30;14;30
TE322;15.01.2024;14;1.0;583;32;571;32;12;32
TE322;15.01.2024;15;1.0;552;29;539;29;13;35
TE322;15.01.2024;16;1.0;470;33;463;33;7;32
TE322;15.01.2024;17;1.0;568;30;566;30;2;31
TE322;15.01.2024;18;1.0;518;31;514;31;4;32
TE322;15.01.2024;19;1.0;412;32;410;32;2;34
TE322;15.01.2024;20;1.0;330;35;329;35;1;34
TE322;15.01.2024;21;1.0;264;36;260;36;4;36
TE322;15.01.2024;22;1.0;237;38;233;39;4;36
TE322;15.01.2024;23;1.0;135;40;134;40;1;35
TE322;16.01.2024;0;1.0;90;41;90;41;0;-1
TE322;16.01.2024;1;1.0;48;41;48;41;0;-1
TE322;16.01.2024;2;1.0;53;35;53;35;0;-1
TE322;16.01.2024;3;1.0;36;35;36;35;0;-1
TE322;16.01.2024;4;1.0;37;37;37;37;0;-1
TE322;16.01.2024;5;1.0;60;36;60;36;0;-1
TE322;16.01.2024;6;1.0;132;35;129;35;3;38
TE322;16.01.2024;7;1.0;243;33;239;33;4;32
TE322;16.01.2024;8;1.0;322;34;321;34;1;33
TE322;16.01.2024;9;1.0;370;36;366;36;4;34
TE322;16.01.2024;10;1.0;416;36;413;36;3;37
TE322;16.01.2024;11;1.0;462;35;459;35;3;37
TE322;16.01.2024;12;1.0;462;33;457;33;5;32
TE322;16.01.2024;13;1.0;494;33;486;33;8;31
TE322;16.01.2024;14;1.0;542;34;541;34;1;31
TE322;16.01.2024;15;1.0;575;30;574;30;1;31
TE322;16.01.2024;16;1.0;593;31;587;31;6;32
TE322;16.01.2024;17;1.0;588;30;583;30;5;29
TE322;16.01.2024;18;1.0;579;29;573;29;6;27
TE322;16.01.2024;19;1.0;432;31;426;31;6;29
TE322;16.01.2024;20;1.0;350;33;348;33;2;34
TE322;16.01.2024;21;1.0;284;38;281;38;3;37
TE322;16.01.2024;22;1.0;268;38;267;38;1;37
TE322;16.01.2024;23;1.0;171;40;171;40;0;-1
TE322;17.01.2024;0;1.0;110;38;109;38;1;35
TE322;17.01.2024;1;1.0;58;40;57;40;1;33
TE322;17.01.2024;2;1.0;43;39;43;39;0;-1
TE322;17.01.2024;3;1.0;34;37;34;37;0;-1
TE322;17.01.2024;4;1.0;42;39;41;39;1;42
TE322;17.01.2024;5;1.0;68;41;67;41;1;42
TE322;17.01.2024;6;1.0;144;35;143;35;1;37
TE322;17.01.2024;7;1.0;263;35;258;35;5;35
TE322;17.01.2024;8;1.0;318;35;315;35;3;33
TE322;17.01.2024;9;1.0;371;35;364;35;7;34
TE322;17.01.2024;10;1.0;418;35;415;35;3;32
TE322;17.01.2024;11;1.0;517;33;512;33;5;31
TE322;17.01.2024;12;1.0;544;30;534;30;10;31
TE322;17.01.2024;13;1.0;555;32;543;32;12;31
TE322;17.01.2024;14;1.0;577;32;565;32;12;30
TE322;17.01.2024;15;1.0;602;31;596;31;6;31
TE322;17.01.2024;16;1.0;584;32;582;32;2;33
TE322;17.01.2024;17;1.0;618;29;613;29;5;29
TE322;17.01.2024;18;1.0;624;30;615;30;9;29
TE322;17.01.2024;19;1.0;515;33;509;33;6;34
TE322;17.01.2024;20;1.0;415;33;414;33;1;33
TE322;17.01.2024;21;1.0;260;38;256;38;4;38
TE322;17.01.2024;22;1.0;252;37;252;37;0;-1
TE322;17.01.2024;23;1.0;172;40;171;40;1;39
TE322;18.01.2024;0;1.0;105;43;104;43;1;39
TE322;18.01.2024;1;1.0;67;41;67;41;0;-1
TE322;18.01.2024;2;1.0;57;42;56;42;1;39
TE322;18.01.2024;3;1.0;40;42;39;43;1;38
TE322;18.01.2024;4;1.0;44;42;43;42;1;38
TE322;18.01.2024;5;1.0;65;43;65;43;0;-1
TE322;18.01.2024;6;1.0;146;38;141;38;5;37
TE322;18.01.2024;7;1.0;268;37;264;37;4;38
TE322;18.01.2024;8;1.0;368;35;364;35;4;34
TE322;18.01.2024;9;1.0;369;36;366;36;3;36
TE322;18.01.2024;10;1.0;420;34;410;34;10;35
TE322;18.01.2024;11;1.0;526;32;521;32;5;33
TE322;18.01.2024;12;1.0;537;32;528;32;9;33
TE322;18.01.2024;13;1.0;532;33;528;33;4;32
TE322;18.01.2024;14;1.0;583;31;566;31;17;30
TE322;18.01.2024;15;1.0;616;29;607;29;9;29
TE322;18.01.2024;16;1.0;717;24;711;24;5;27
TE322;18.01.2024;17;1.0;681;29;671;29;10;27
TE322;18.01.2024;18;1.0;725;26;710;26;15;27
TE322;18.01.2024;19;1.0;616;30;610;30;6;25
TE322;18.01.2024;20;1.0;496;32;490;32;6;30
TE322;18.01.2024;21;1.0;355;34;351;34;4;35
TE322;18.01.2024;22;1.0;334;36;331;36;3;37
TE322;18.01.2024;23;1.0;258;39;255;39;3;37
TE322;19.01.2024;0;1.0;179;39;177;39;2;35
TE322;19.01.2024;1;1.0;124;42;123;42;1;39
TE322;19.01.2024;2;1.0;76;41;74;41;2;40
TE322;19.01.2024;3;1.0;67;40;65;40;2;40
TE322;19.01.2024;4;1.0;63;39;59;39;4;37
TE322;19.01.2024;5;1.0;67;39;64;39;3;42
TE322;19.01.2024;6;1.0;147;34;143;33;4;35
TE322;19.01.2024;7;1.0;387;33;370;33;17;33
TE322;19.01.2024;8;1.0;480;28;469;28;11;29
TE322;19.01.2024;9;1.0;498;32;478;32;20;31
TE322;19.01.2024;10;1.0;524;31;513;31;11;33
TE322;19.01.2024;11;1.0;585;30;569;30;16;30
TE322;19.01.2024;12;1.0;575;27;566;27;9;28
TE322;19.01.2024;13;1.0;690;27;669;27;21;28
TE322;19.01.2024;14;1.0;680;25;659;25;21;22
TE322;19.01.2024;15;1.0;607;24;591;24;16;22
TE322;19.01.2024;16;1.0;628;27;618;27;10;27
TE322;19.01.2024;17;1.0;661;28;657;28;4;27
TE322;19.01.2024;18;1.0;617;28;612;28;5;27
TE322;19.01.2024;19;1.0;605;26;593;26;12;24
TE322;19.01.2024;20;1.0;460;29;449;29;11;27
TE322;19.01.2024;21;1.0;341;33;334;33;7;33
TE322;19.01.2024;22;1.0;343;34;335;34;8;33
TE322;19.01.2024;23;1.0;334;36;332;36;2;36
TE322;20.01.2024;0;1.0;247;36;245;36;2;35
TE322;20.01.2024;1;1.0;189;39;188;39;1;36
TE322;20.01.2024;2;1.0;144;39;143;39;1;36
TE322;20.01.2024;3;1.0;105;42;105;42;0;-1
TE322;20.01.2024;4;1.0;90;41;88;41;2;40
TE322;20.01.2024;5;1.0;74;39;73;40;1;35
TE322;20.01.2024;6;1.0;95;39;91;39;4;35
TE322;20.01.2024;7;1.0;108;37;101;37;7;37
TE322;20.01.2024;8;1.0;259;38;252;38;7;36
TE322;20.01.2024;9;1.0;358;37;354;37;4;36
TE322;20.01.2024;10;1.0;373;37;366;37;7;35
TE322;20.01.2024;11;1.0;516;33;502;33;14;34
TE322;20.01.2024;12;1.0;575;30;565;30;10;31
TE322;20.01.2024;13;1.0;536;29;517;29;19;28
TE322;20.01.2024;14;1.0;579;29;567;29;12;30
TE322;20.01.2024;15;1.0;599;30;579;30;20;29
TE322;20.01.2024;16;1.0;608;28;595;28;13;29
TE322;20.01.2024;17;1.0;591;27;581;27;10;27
TE322;20.01.2024;18;1.0;566;27;553;27;13;29
TE322;20.01.2024;19;1.0;564;29;558;29;6;30
TE322;20.01.2024;20;1.0;459;31;451;31;8;30
TE322;20.01.2024;21;1.0;348;34;342;34;6;35
TE322;20.01.2024;22;1.0;334;35;332;35;2;36
TE322;20.01.2024;23;1.0;321;36;320;36;1;37
TE322;21.01.2024;0;1.0;234;38;233;38;1;37
TE322;21.01.2024;1;1.0;177;30;177;30;0;-1
TE322;21.01.2024;2;1.0;142;40;142;40;0;-1
TE322;21.01.2024;3;1.0;102;42;101;42;1;37
TE322;21.01.2024;4;1.0;63;43;63;43;0;-1
TE322;21.01.2024;5;1.0;65;45;65;45;0;-1
TE322;21.01.2024;6;1.0;60;43;60;43;0;-1
TE322;21.01.2024;7;1.0;68;40;66;40;2;37
TE322;21.01.2024;8;1.0;104;41;100;42;4;37
TE322;21.01.2024;9;1.0;222;40;218;40;4;36
TE322;21.01.2024;10;1.0;275;38;265;38;10;38
TE322;21.01.2024;11;1.0;317;37;311;37;6;40
TE322;21.01.2024;12;1.0;387;34;374;34;13;34
TE322;21.01.2024;13;1.0;434;26;426;26;8;25
TE322;21.01.2024;14;1.0;436;32;425;32;11;32
TE322;21.01.2024;15;1.0;419;32;409;32;10;33
TE322;21.01.2024;16;1.0;445;32;436;32;9;32
TE322;21.01.2024;17;1.0;507;30;496;30;11;30
TE322;21.01.2024;18;1.0;450;32;444;32;6;30
TE322;21.01.2024;19;1.0;379;34;373;34;6;33
TE322;21.01.2024;20;1.0;313;35;308;35;5;33
TE322;21.01.2024;21;1.0;261;36;259;36;2;34
TE322;21.01.2024;22;1.0;210;35;203;35;7;35
TE322;21.01.2024;23;1.0;139;38;136;38;3;33
TE322;22.01.2024;0;1.0;85;39;85;39;0;-1
TE322;22.01.2024;1;1.0;61;39;60;39;1;37
TE322;22.01.2024;2;1.0;51;41;48;41;3;37
TE322;22.01.2024;3;1.0;32;42;28;42;4;44
TE322;22.01.2024;4;1.0;28;40;27;40;1;38
TE322;22.01.2024;5;1.0;71;40;68;40;3;39
TE322;22.01.2024;6;1.0;123;36;115;37;8;36
TE322;22.01.2024;7;1.0;247;35;227;35;20;35
TE322;22.01.2024;8;1.0;359;34;340;34;19;34
TE322;22.01.2024;9;1.0;400;35;383;35;17;35
TE322;22.01.2024;10;1.0;463;33;451;33;12;33
TE322;22.01.2024;11;1.0;508;32;486;32;22;32
TE322;22.01.2024;12;1.0;527;31;503;31;24;30
TE322;22.01.2024;13;1.0;534;30;517;30;17;29
TE322;22.01.2024;14;1.0;537;31;517;31;20;30
TE322;22.01.2024;15;1.0;566;30;556;30;10;30
TE322;22.01.2024;16;1.0;622;29;609;29;13;35
TE322;22.01.2024;17;1.0;656;29;639;29;17;32
TE322;22.01.2024;18;1.0;642;29;626;29;16;28
TE322;22.01.2024;19;1.0;491;30;478;30;13;31
TE322;22.01.2024;20;1.0;375;33;368;33;7;36
TE322;22.01.2024;21;1.0;270;36;266;36;4;33
TE322;22.01.2024;22;1.0;239;37;234;37;5;36
TE322;22.01.2024;23;1.0;191;37;183;37;8;32
TE322;23.01.2024;0;1.0;133;39;129;38;4;38
TE322;23.01.2024;1;1.0;77;39;76;39;1;27
TE322;23.01.2024;2;1.0;62;43;60;43;2;40
TE322;23.01.2024;3;1.0;35;42;32;42;3;37
TE322;23.01.2024;4;1.0;33;38;31;38;2;37
TE322;23.01.2024;5;1.0;56;38;56;38;0;-1
TE322;23.01.2024;6;1.0;104;35;100;35;4;35
TE322;23.01.2024;7;1.0;243;35;228;35;15;35
TE322;23.01.2024;8;1.0;376;32;366;32;10;31
TE322;23.01.2024;9;1.0;409;34;386;34;23;34
TE322;23.01.2024;10;1.0;451;33;427;33;24;31
TE322;23.01.2024;11;1.0;543;31;521;31;22;32
TE322;23.01.2024;12;1.0;568;29;540;29;28;30
TE322;23.01.2024;13;1.0;581;29;564;29;17;28
TE322;23.01.2024;14;1.0;556;30;537;30;19;30
TE322;23.01.2024;15;1.0;578;29;559;29;19;29
TE322;23.01.2024;16;1.0;598;25;581;25;17;24
TE322;23.01.2024;17;1.0;647;25;625;24;22;25
TE322;23.01.2024;18;1.0;626;25;612;25;14;26
TE322;23.01.2024;19;1.0;512;28;490;28;22;26
TE322;23.01.2024;20;1.0;401;31;394;31;7;30
TE322;23.01.2024;21;1.0;280;34;275;34;5;36
TE322;23.01.2024;22;1.0;278;35;277;35;1;39
TE322;23.01.2024;23;1.0;203;39;199;39;4;38
TE322;24.01.2024;0;1.0;89;41;87;41;2;41
TE322;24.01.2024;1;1.0;83;43;83;43;0;-1
TE322;24.01.2024;2;1.0;40;43;38;43;2;41
TE322;24.01.2024;3;1.0;45;40;44;40;1;36
TE322;24.01.2024;4;1.0;37;39;35;39;2;37
TE322;24.01.2024;5;1.0;66;39;63;39;3;41
TE322;24.01.2024;6;1.0;133;37;113;37;20;36
TE322;24.01.2024;7;1.0;293;35;274;35;19;33
TE322;24.01.2024;8;1.0;416;34;397;34;19;35
TE322;24.01.2024;9;1.0;496;34;471;34;25;32
TE322;24.01.2024;10;1.0;493;33;477;33;16;34
TE322;24.01.2024;11;1.0;526;31;501;31;25;31
TE322;24.01.2024;12;1.0;587;29;558;29;29;30
TE322;24.01.2024;13;1.0;590;29;564;29;26;29
TE322;24.01.2024;14;1.0;608;26;575;26;33;25
TE322;24.01.2024;15;1.0;585;29;572;29;13;28
TE322;24.01.2024;16;1.0;597;22;576;22;21;21
TE322;24.01.2024;17;1.0;618;24;606;24;12;26
TE322;24.01.2024;18;1.0;636;25;619;25;17;29
TE322;24.01.2024;19;1.0;524;33;511;33;13;32
TE322;24.01.2024;20;1.0;453;33;443;33;10;32
TE322;24.01.2024;21;1.0;337;37;330;37;7;36
TE322;24.01.2024;22;1.0;291;36;287;36;4;36
TE322;24.01.2024;23;1.0;247;37;241;37;6;36
TE322;25.01.2024;0;1.0;136;39;133;39;3;37
TE322;25.01.2024;1;1.0;119;41;117;41;2;37
TE322;25.01.2024;2;1.0;89;43;87;43;2;37
TE322;25.01.2024;3;1.0;87;42;83;43;4;38
TE322;25.01.2024;4;1.0;35;38;32;38;3;40
TE322;25.01.2024;5;1.0;72;39;69;38;3;43
TE322;25.01.2024;6;1.0;127;35;119;35;8;34
TE322;25.01.2024;7;1.0;306;34;295;34;11;34
TE322;25.01.2024;8;1.0;422;32;411;32;11;32
TE322;25.01.2024;9;1.0;457;32;441;32;16;32
TE322;25.01.2024;10;1.0;507;33;489;33;18;34
TE322;25.01.2024;11;1.0;592;33;580;33;12;34
TE322;25.01.2024;12;1.0;620;31;610;31;10;31
TE322;25.01.2024;13;1.0;616;31;598;31;18;31
TE322;25.01.2024;14;1.0;624;30;609;30;15;30
TE322;25.01.2024;15;1.0;589;28;575;28;14;28
TE322;25.01.2024;16;1.0;648;24;636;24;12;26
TE322;25.01.2024;17;1.0;529;27;521;27;8;29
TE322;25.01.2024;18;1.0;586;24;573;24;12;22
TE322;25.01.2024;19;1.0;564;30;559;30;5;27
TE322;25.01.2024;20;1.0;414;33;414;33;0;-1
TE322;25.01.2024;21;1.0;334;36;333;36;1;35
TE322;25.01.2024;22;1.0;332;34;330;34;2;33
TE322;25.01.2024;23;1.0;245;36;242;36;3;43
TE322;26.01.2024;0;1.0;144;36;140;36;4;36
TE322;26.01.2024;1;1.0;93;37;91;37;2;50
TE322;26.01.2024;2;1.0;66;40;66;40;0;-1
TE322;26.01.2024;3;1.0;51;39;49;39;2;38
TE322;26.01.2024;4;1.0;40;41;39;41;1;53
TE322;26.01.2024;5;1.0;59;43;59;43;0;-1
TE322;26.01.2024;6;1.0;145;38;145;38;0;-1
TE322;26.01.2024;7;1.0;272;34;262;34;10;35
TE322;26.01.2024;8;1.0;372;36;361;36;11;36
TE322;26.01.2024;9;1.0;435;36;426;36;9;36
TE322;26.01.2024;10;1.0;527;33;519;33;8;32
TE322;26.01.2024;11;1.0;557;31;550;31;7;32
TE322;26.01.2024;12;1.0;566;29;550;29;15;30
TE322;26.01.2024;13;1.0;624;32;612;32;12;31
TE322;26.01.2024;14;1.0;662;29;648;29;14;31
TE322;26.01.2024;15;1.0;634;30;628;30;6;25
TE322;26.01.2024;16;1.0;603;31;595;31;8;32
TE322;26.01.2024;17;1.0;608;31;603;31;5;31
TE322;26.01.2024;18;1.0;617;30;609;30;8;30
TE322;26.01.2024;19;1.0;619;28;617;28;2;26
TE322;26.01.2024;20;1.0;494;29;485;29;9;28
TE322;26.01.2024;21;1.0;366;31;356;31;10;31
TE322;26.01.2024;22;1.0;387;33;381;33;6;32
TE322;26.01.2024;23;1.0;317;36;314;36;3;34
TE322;27.01.2024;0;1.0;191;37;185;37;6;39
TE322;27.01.2024;1;1.0;166;37;163;37;3;36
TE322;27.01.2024;2;1.0;111;38;108;38;3;35
TE322;27.01.2024;3;1.0;65;41;63;42;2;35
TE322;27.01.2024;4;1.0;67;41;63;41;4;36
TE322;27.01.2024;5;1.0;60;37;53;37;7;38
TE322;27.01.2024;6;1.0;66;41;63;41;3;39
TE322;27.01.2024;7;1.0;107;38;101;38;6;38
TE322;27.01.2024;8;1.0;178;37;171;37;7;37
TE322;27.01.2024;9;1.0;349;37;338;37;11;37
TE322;27.01.2024;10;1.0;397;36;389;36;8;36
TE322;27.01.2024;11;1.0;474;34;469;34;5;32
TE322;27.01.2024;12;1.0;545;31;534;31;11;33
TE322;27.01.2024;13;1.0;639;27;619;27;20;25
TE322;27.01.2024;14;1.0;606;22;585;22;21;22
TE322;27.01.2024;15;1.0;636;23;612;23;24;20
TE322;27.01.2024;16;1.0;646;25;634;25;12;25
TE322;27.01.2024;17;1.0;603;24;589;24;14;24
TE322;27.01.2024;18;1.0;604;25;593;25;11;27
TE322;27.01.2024;19;1.0;564;26;555;26;9;25
TE322;27.01.2024;20;1.0;529;28;523;28;6;28
TE322;27.01.2024;21;1.0;400;30;392;30;8;30
TE322;27.01.2024;22;1.0;397;33;393;33;4;32
TE322;27.01.2024;23;1.0;360;33;356;33;4;32
TE322;28.01.2024;0;1.0;252;34;248;34;4;27
TE322;28.01.2024;1;1.0;184;35;181;35;3;34
TE322;28.01.2024;2;1.0;129;38;126;38;3;39
TE322;28.01.2024;3;1.0;110;40;109;40;1;39
TE322;28.01.2024;4;1.0;70;39;69;39;1;39
TE322;28.01.2024;5;1.0;66;40;66;40;0;-1
TE322;28.01.2024;6;1.0;58;39;58;39;0;-1
TE322;28.01.2024;7;1.0;77;37;76;37;1;31
TE322;28.01.2024;8;1.0;141;35;138;35;3;35
TE322;28.01.2024;9;1.0;214;34;209;34;5;33
TE322;28.01.2024;10;1.0;290;33;285;33;5;34
TE322;28.01.2024;11;1.0;426;33;417;33;9;34
TE322;28.01.2024;12;1.0;431;32;419;32;12;31
TE322;28.01.2024;13;1.0;489;31;479;31;10;31
TE322;28.01.2024;14;1.0;510;30;500;30;10;30
TE322;28.01.2024;15;1.0;504;31;491;31;13;29
TE322;28.01.2024;16;1.0;532;29;524;29;8;29
TE322;28.01.2024;17;1.0;541;29;534;29;7;28
TE322;28.01.2024;18;1.0;505;28;500;28;5;27
TE322;28.01.2024;19;1.0;395;31;391;31;4;28
TE322;28.01.2024;20;1.0;330;33;326;33;4;30
TE322;28.01.2024;21;1.0;302;33;297;33;5;32
TE322;28.01.2024;22;1.0;251;34;248;34;3;32
TE322;28.01.2024;23;1.0;141;35;136;35;5;34
TE322;29.01.2024;0;1.0;92;35;90;35;2;31
TE322;29.01.2024;1;1.0;61;38;59;38;2;32
TE322;29.01.2024;2;1.0;43;37;41;38;2;27
TE322;29.01.2024;3;1.0;27;37;25;36;2;42
TE322;29.01.2024;4;1.0;27;34;24;34;3;35
TE322;29.01.2024;5;1.0;72;36;68;36;4;40
TE322;29.01.2024;6;1.0;127;34;124;34;3;32
TE322;29.01.2024;7;1.0;261;32;245;32;16;30
TE322;29.01.2024;8;1.0;352;31;332;31;20;31
TE322;29.01.2024;9;1.0;379;30;358;30;21;30
TE322;29.01.2024;10;1.0;412;30;379;30;33;29
TE322;29.01.2024;11;1.0;491;29;464;29;27;29
TE322;29.01.2024;12;1.0;476;26;461;26;15;27
TE322;29.01.2024;13;1.0;512;30;492;30;20;30
TE322;29.01.2024;14;1.0;580;28;566;28;14;27
TE322;29.01.2024;15;1.0;640;27;625;27;15;27
TE322;29.01.2024;16;1.0;687;24;671;24;16;24
TE322;29.01.2024;17;1.0;583;27;576;27;7;25
TE322;29.01.2024;18;1.0;589;28;578;28;11;27
TE322;29.01.2024;19;1.0;503;29;489;29;14;29
TE322;29.01.2024;20;1.0;383;31;370;31;13;31
TE322;29.01.2024;21;1.0;276;32;272;32;4;32
TE322;29.01.2024;22;1.0;229;34;224;34;5;33
TE322;29.01.2024;23;1.0;166;36;165;36;1;33
TE322;30.01.2024;0;1.0;94;37;91;37;3;34
TE322;30.01.2024;1;1.0;66;40;61;39;5;47
TE322;30.01.2024;2;1.0;56;39;56;39;0;-1
TE322;30.01.2024;3;1.0;44;38;41;38;3;36
TE322;30.01.2024;4;1.0;37;37;35;37;2;37
TE322;30.01.2024;5;1.0;63;39;58;37;5;62
TE322;30.01.2024;6;1.0;114;34;105;34;9;33
TE322;30.01.2024;7;1.0;256;33;243;33;13;34
TE322;30.01.2024;8;1.0;347;34;331;34;16;34
TE322;30.01.2024;9;1.0;417;31;397;31;20;31
TE322;30.01.2024;10;1.0;407;31;385;31;22;31
TE322;30.01.2024;11;1.0;537;28;513;28;24;28
TE322;30.01.2024;12;1.0;555;27;528;27;27;27
TE322;30.01.2024;13;1.0;559;27;534;27;25;26
TE322;30.01.2024;14;1.0;573;27;553;27;20;26
TE322;30.01.2024;15;1.0;627;26;611;26;16;25
TE322;30.01.2024;16;1.0;629;26;615;26;13;25
TE322;30.01.2024;17;1.0;655;25;636;25;19;27
TE322;30.01.2024;18;1.0;613;28;600;28;13;29
TE322;30.01.2024;19;1.0;523;30;517;30;6;30
TE322;30.01.2024;20;1.0;385;33;379;33;6;34
TE322;30.01.2024;21;1.0;337;33;326;33;11;33
TE322;30.01.2024;22;1.0;265;36;258;36;7;34
TE322;30.01.2024;23;1.0;175;38;171;38;4;36
TE322;31.01.2024;0;1.0;109;38;107;38;2;36
TE322;31.01.2024;1;1.0;67;39;66;39;1;36
TE322;31.01.2024;2;1.0;39;40;38;40;1;36
TE322;31.01.2024;3;1.0;31;41;28;41;3;36
TE322;31.01.2024;4;1.0;36;41;32;42;4;34
TE322;31.01.2024;5;1.0;63;37;59;37;4;36
TE322;31.01.2024;6;1.0;118;39;116;39;2;38
TE322;31.01.2024;7;1.0;242;36;238;36;4;36
TE322;31.01.2024;8;1.0;313;36;303;36;10;35
TE322;31.01.2024;9;1.0;351;34;344;34;7;34
TE322;31.01.2024;10;1.0;422;32;408;32;14;32
TE322;31.01.2024;11;1.0;527;32;516;32;11;31
TE322;31.01.2024;12;1.0;541;28;533;28;8;29
TE322;31.01.2024;13;1.0;604;30;595;30;9;26
TE322;31.01.2024;14;1.0;573;30;568;31;5;29
TE322;31.01.2024;15;1.0;592;29;588;29;4;30
TE322;31.01.2024;16;1.0;602;27;592;27;10;28
TE322;31.01.2024;17;1.0;631;29;607;29;24;26
TE322;31.01.2024;18;1.0;659;29;652;29;7;23
TE322;31.01.2024;19;1.0;581;31;580;31;1;23
TE322;31.01.2024;20;1.0;398;34;393;34;5;32
TE322;31.01.2024;21;1.0;289;37;286;37;3;36
TE322;31.01.2024;22;1.0;300;37;298;37;2;38
TE322;31.01.2024;23;1.0;203;40;199;40;4;36
TE323;19.01.2024;9;1.0;651;32;629;32;22;26
TE323;19.01.2024;10;1.0;500;33;488;33;12;30
TE323;19.01.2024;11;1.0;607;32;589;32;18;33
TE323;19.01.2024;12;1.0;517;34;512;34;5;34
TE323;19.01.2024;13;1.0;626;29;611;29;15;24
TE323;19.01.2024;14;1.0;653;32;633;32;20;31
TE323;19.01.2024;15;1.0;668;33;646;33;22;32
TE323;19.01.2024;16;1.0;686;31;672;31;14;31
TE323;26.01.2024;13;1.0;571;33;500;33;71;34
TE323;26.01.2024;14;1.0;622;33;606;33;16;33
TE323;26.01.2024;15;1.0;671;32;578;32;93;31
TE323;26.01.2024;16;1.0;652;27;620;27;31;27
TE323;26.01.2024;17;1.0;667;31;653;31;14;32
TE323;26.01.2024;18;1.0;670;31;650;31;20;32
TE323;26.01.2024;19;1.0;661;31;647;31;14;31
TE323;26.01.2024;20;1.0;591;31;579;31;12;33
TE323;26.01.2024;21;1.0;450;35;439;35;11;35
TE323;26.01.2024;22;1.0;384;36;374;36;10;36
TE323;26.01.2024;23;1.0;295;39;277;39;18;40
TE323;27.01.2024;0;1.0;230;40;192;40;38;40
TE323;27.01.2024;1;1.0;205;40;170;40;35;41
TE323;27.01.2024;2;1.0;141;40;136;40;5;39
TE323;27.01.2024;3;1.0;95;42;87;41;8;42
TE323;27.01.2024;4;1.0;83;42;68;43;15;38
TE323;27.01.2024;5;1.0;67;40;61;40;6;38
TE323;27.01.2024;6;1.0;88;41;80;42;8;38
TE323;27.01.2024;7;1.0;132;39;124;39;8;37
TE323;27.01.2024;8;1.0;203;40;174;40;29;39
TE323;27.01.2024;9;1.0;364;37;345;37;19;37
TE323;27.01.2024;10;1.0;486;36;468;36;18;36
TE323;27.01.2024;11;1.0;603;34;592;34;11;33
TE323;27.01.2024;12;1.0;645;32;630;32;15;34
TE323;27.01.2024;13;1.0;700;30;686;30;14;31
TE323;27.01.2024;14;1.0;723;25;694;25;29;24
TE323;27.01.2024;15;1.0;661;24;643;24;18;23
TE323;27.01.2024;16;1.0;666;27;656;27;10;24
TE323;27.01.2024;17;1.0;705;27;693;27;12;26
TE323;27.01.2024;18;1.0;675;26;660;27;15;20
TE323;27.01.2024;19;1.0;694;29;685;29;9;29
TE323;27.01.2024;20;1.0;553;32;540;32;13;29
TE323;27.01.2024;21;1.0;423;34;411;34;12;35
TE323;27.01.2024;22;1.0;405;35;397;35;8;36
TE324;01.01.2024;0;1.0;6;42;4;44;2;38
TE324;01.01.2024;1;1.0;32;34;29;34;3;32
TE324;01.01.2024;2;1.0;58;39;54;40;4;36
TE324;01.01.2024;3;1.0;63;37;59;37;4;36
TE324;01.01.2024;4;1.0;66;40;65;40;1;39
TE324;01.01.2024;5;1.0;52;44;51;44;1;50
TE324;01.01.2024;6;1.0;23;41;23;41;0;-1
TE324;01.01.2024;7;1.0;12;42;12;42;0;-1
TE324;01.01.2024;8;1.0;5;41;5;41;0;-1
TE324;01.01.2024;9;1.0;3;38;3;38;0;-1
TE324;01.01.2024;10;1.0;6;31;6;31;0;-1
TE324;01.01.2024;11;1.0;13;33;12;32;1;41
TE324;01.01.2024;12;1.0;12;28;11;29;1;25
TE324;01.01.2024;13;1.0;17;20;16;20;1;24
TE324;01.01.2024;15;1.0;21;22;19;22;2;30
TE324;01.01.2024;16;1.0;33;35;30;34;3;38
TE324;01.01.2024;17;1.0;49;35;45;35;4;33
TE324;01.01.2024;18;1.0;37;39;29;38;8;40
TE324;01.01.2024;19;1.0;23;37;18;34;5;48
TE324;01.01.2024;20;1.0;24;36;16;34;8;38
TE324;01.01.2024;21;1.0;10;32;10;32;0;-1
TE324;01.01.2024;22;1.0;18;41;16;42;2;32
TE324;01.01.2024;23;1.0;6;28;6;28;0;-1
TE324;02.01.2024;0;1.0;5;41;5;41;0;-1
TE324;02.01.2024;1;1.0;6;35;6;35;0;-1
TE324;02.01.2024;2;1.0;8;34;8;34;0;-1
TE324;02.01.2024;3;1.0;10;44;10;44;0;-1
TE324;02.01.2024;4;1.0;8;41;7;44;1;20
TE324;02.01.2024;5;1.0;13;32;13;32;0;-1
TE324;02.01.2024;6;1.0;18;35;16;34;2;42
TE324;02.01.2024;7;1.0;28;34;26;34;2;34
TE324;02.01.2024;8;1.0;14;24;14;24;0;-1
TE324;02.01.2024;9;1.0;18;26;18;26;0;-1
TE324;02.01.2024;10;1.0;23;24;21;24;2;23
TE324;02.01.2024;11;1.0;9;31;9;31;0;-1
TE324;02.01.2024;12;1.0;8;26;8;26;0;-1
TE324;02.01.2024;13;1.0;12;26;12;26;0;-1
TE324;02.01.2024;14;1.0;34;27;29;26;5;30
TE324;02.01.2024;15;1.0;35;28;33;28;2;30
TE324;02.01.2024;16;1.0;93;29;86;29;7;29
TE324;02.01.2024;17;1.0;103;32;84;32;19;31
TE324;02.01.2024;18;1.0;91;31;80;31;11;32
TE324;02.01.2024;19;1.0;75;34;62;33;13;37
TE324;02.01.2024;20;1.0;68;36;61;37;7;34
TE324;02.01.2024;21;1.0;40;38;35;38;5;38
TE324;02.01.2024;22;1.0;44;37;36;37;8;36
TE324;02.01.2024;23;1.0;16;35;14;32;2;52
TE324;03.01.2024;0;1.0;18;40;15;40;3;37
TE324;03.01.2024;1;1.0;8;42;6;43;2;40
TE324;03.01.2024;2;1.0;3;35;3;35;0;-1
TE324;03.01.2024;3;1.0;9;34;9;34;0;-1
TE324;03.01.2024;4;1.0;5;40;5;40;0;-1
TE324;03.01.2024;5;1.0;9;28;9;28;0;-1
TE324;03.01.2024;6;1.0;26;34;25;35;1;27
TE324;03.01.2024;7;1.0;19;31;19;31;0;-1
TE324;03.01.2024;8;1.0;21;24;21;24;0;-1
TE324;03.01.2024;9;1.0;24;24;24;24;0;-1
TE324;03.01.2024;10;1.0;17;24;14;24;3;24
TE324;03.01.2024;11;1.0;18;28;17;26;1;57
TE324;03.01.2024;12;1.0;36;23;35;22;1;57
TE324;03.01.2024;13;1.0;20;21;19;21;1;21
TE324;03.01.2024;14;1.0;24;24;23;24;1;21
TE324;03.01.2024;15;1.0;41;23;38;23;3;23
TE324;03.01.2024;16;1.0;74;28;63;29;11;26
TE324;03.01.2024;17;1.0;67;29;63;29;4;27
TE324;03.01.2024;18;1.0;61;30;57;31;4;27
TE324;03.01.2024;19;1.0;65;32;58;32;7;28
TE324;03.01.2024;20;1.0;36;34;26;33;10;37
TE324;03.01.2024;21;1.0;28;33;26;32;2;41
TE324;03.01.2024;22;1.0;24;31;23;31;1;38
TE324;03.01.2024;23;1.0;18;32;17;32;1;38
TE324;04.01.2024;0;1.0;9;31;8;32;1;28
TE324;04.01.2024;1;1.0;4;39;4;39;0;-1
TE324;04.01.2024;2;1.0;2;48;1;35;1;61
TE324;04.01.2024;3;1.0;3;49;3;49;0;-1
TE324;04.01.2024;4;1.0;1;45;1;45;0;-1
TE324;04.01.2024;5;1.0;12;41;12;41;0;-1
TE324;04.01.2024;6;1.0;18;32;17;32;1;29
TE324;04.01.2024;7;1.0;28;36;26;36;2;35
TE324;04.01.2024;8;1.0;26;26;20;27;6;23
TE324;04.01.2024;9;1.0;18;24;17;24;1;22
TE324;04.01.2024;10;1.0;17;31;14;29;3;39
TE324;04.01.2024;11;1.0;16;32;13;33;3;29
TE324;04.01.2024;12;1.0;17;25;15;25;2;28
TE324;04.01.2024;13;1.0;17;26;14;25;3;31
TE324;04.01.2024;14;1.0;21;24;19;23;2;32
TE324;04.01.2024;15;1.0;51;25;50;25;1;25
TE324;04.01.2024;16;1.0;57;28;48;28;9;29
TE324;04.01.2024;17;1.0;108;31;87;30;21;31
TE324;04.01.2024;18;1.0;57;35;54;35;3;40
TE324;04.01.2024;19;1.0;65;31;63;31;2;38
TE324;04.01.2024;20;1.0;44;32;39;33;5;29
TE324;04.01.2024;21;1.0;30;36;27;36;3;34
TE324;04.01.2024;22;1.0;39;34;32;36;7;26
TE324;04.01.2024;23;1.0;35;38;34;39;1;23
TE324;05.01.2024;0;1.0;21;39;19;39;2;32
TE324;05.01.2024;1;1.0;12;44;11;44;1;50
TE324;05.01.2024;2;1.0;10;36;10;36;0;-1
TE324;05.01.2024;3;1.0;5;38;5;38;0;-1
TE324;05.01.2024;4;1.0;6;40;6;40;0;-1
TE324;05.01.2024;5;1.0;5;30;4;25;1;49
TE324;05.01.2024;6;1.0;17;36;17;36;0;-1
TE324;05.01.2024;7;1.0;20;31;20;31;0;-1
TE324;05.01.2024;8;1.0;29;29;20;29;9;28
TE324;05.01.2024;9;1.0;37;32;24;32;13;33
TE324;05.01.2024;10;1.0;24;29;20;30;4;27
TE324;05.01.2024;11;1.0;25;35;20;35;5;34
TE324;05.01.2024;12;1.0;27;31;22;30;5;34
TE324;05.01.2024;13;1.0;20;27;19;27;1;28
TE324;05.01.2024;14;1.0;31;25;27;25;4;26
TE324;05.01.2024;15;1.0;57;28;54;28;3;28
TE324;05.01.2024;16;1.0;80;33;72;33;8;33
TE324;05.01.2024;17;1.0;92;33;70;33;22;31
TE324;05.01.2024;18;1.0;88;33;79;33;9;33
TE324;05.01.2024;19;1.0;54;33;49;33;5;30
TE324;05.01.2024;20;1.0;52;34;43;33;9;40
TE324;05.01.2024;21;1.0;71;40;55;41;16;38
TE324;05.01.2024;22;1.0;113;45;72;44;41;46
TE324;05.01.2024;23;1.0;145;33;94;33;51;33
TE324;06.01.2024;0;1.0;244;36;195;35;49;37
TE324;06.01.2024;1;1.0;19;38;18;39;1;30
TE324;06.01.2024;2;1.0;20;34;20;34;0;-1
TE324;06.01.2024;3;1.0;13;41;13;41;0;-1
TE324;06.01.2024;4;1.0;10;42;10;42;0;-1
TE324;06.01.2024;5;1.0;9;39;9;39;0;-1
TE324;06.01.2024;6;1.0;9;41;8;42;1;30
TE324;06.01.2024;7;1.0;19;35;18;36;1;23
TE324;06.01.2024;8;1.0;13;29;13;29;0;-1
TE324;06.01.2024;9;1.0;10;31;9;27;1;69
TE324;06.01.2024;10;1.0;17;21;17;21;0;-1
TE324;06.01.2024;11;1.0;12;24;12;24;0;-1
TE324;06.01.2024;12;1.0;17;23;17;23;0;-1
TE324;06.01.2024;13;1.0;17;27;16;27;1;26
TE324;06.01.2024;14;1.0;25;26;25;26;0;-1
TE324;06.01.2024;15;1.0;17;25;16;25;1;26
TE324;06.01.2024;16;1.0;16;30;15;29;1;49
TE324;06.01.2024;17;1.0;15;31;14;31;1;40
TE324;06.01.2024;18;1.0;22;31;21;30;1;40
TE324;06.01.2024;19;1.0;43;38;39;37;4;41
TE324;06.01.2024;20;1.0;25;27;25;27;0;-1
TE324;06.01.2024;21;1.0;41;39;38;39;3;45
TE324;06.01.2024;22;1.0;37;37;32;36;5;44
TE324;06.01.2024;23;1.0;15;37;15;37;0;-1
TE324;07.01.2024;0;1.0;10;45;6;43;4;47
TE324;07.01.2024;1;1.0;11;46;8;45;3;47
TE324;07.01.2024;2;1.0;14;44;14;44;0;-1
TE324;07.01.2024;3;1.0;18;40;18;40;0;-1
TE324;07.01.2024;4;1.0;11;41;11;41;0;-1
TE324;07.01.2024;5;1.0;20;41;20;41;0;-1
TE324;07.01.2024;6;1.0;11;37;11;37;0;-1
TE324;07.01.2024;7;1.0;5;34;5;34;0;-1
TE324;07.01.2024;8;1.0;4;37;4;37;0;-1
TE324;07.01.2024;9;1.0;8;30;8;30;0;-1
TE324;07.01.2024;10;1.0;17;24;17;24;0;-1
TE324;07.01.2024;11;1.0;11;24;11;24;0;-1
TE324;07.01.2024;12;1.0;12;25;12;25;0;-1
TE324;07.01.2024;13;1.0;26;29;22;27;4;38
TE324;07.01.2024;14;1.0;18;27;18;27;0;-1
TE324;07.01.2024;15;1.0;23;29;21;29;2;24
TE324;07.01.2024;16;1.0;32;32;31;33;1;19
TE324;07.01.2024;17;1.0;39;33;37;34;2;19
TE324;07.01.2024;18;1.0;22;34;21;33;1;51
TE324;07.01.2024;19;1.0;34;36;29;36;5;37
TE324;07.01.2024;20;1.0;30;38;24;38;6;37
TE324;07.01.2024;21;1.0;46;39;35;38;11;41
TE324;07.01.2024;22;1.0;76;43;53;44;23;41
TE324;07.01.2024;23;1.0;50;43;34;44;16;42
TE324;08.01.2024;0;1.0;31;43;19;43;12;42
TE324;08.01.2024;1;1.0;20;42;11;43;9;40
TE324;08.01.2024;2;1.0;10;38;5;38;5;38
TE324;08.01.2024;3;1.0;7;41;6;41;1;41
TE324;08.01.2024;4;1.0;12;41;6;34;6;48
TE324;08.01.2024;5;1.0;30;38;23;39;7;35
TE324;08.01.2024;6;1.0;56;34;36;35;20;32
TE324;08.01.2024;7;1.0;191;35;145;35;46;35
TE324;08.01.2024;8;1.0;165;35;81;35;84;34
TE324;08.01.2024;9;1.0;135;37;84;37;51;39
TE324;08.01.2024;10;1.0;69;31;51;31;18;31
TE324;08.01.2024;11;1.0;417;28;328;28;89;29
TE324;08.01.2024;12;1.0;179;34;136;33;43;36
TE324;08.01.2024;13;1.0;245;37;154;37;91;36
TE324;08.01.2024;14;1.0;201;34;118;34;83;35
TE324;08.01.2024;15;1.0;384;27;235;27;149;28
TE324;08.01.2024;16;1.0;314;27;191;27;123;27
TE324;08.01.2024;17;1.0;198;37;115;36;83;37
TE324;08.01.2024;18;1.0;198;38;149;37;49;40
TE324;08.01.2024;19;1.0;90;29;67;29;23;30
TE324;08.01.2024;20;1.0;72;30;46;29;26;32
TE324;08.01.2024;21;1.0;119;40;76;40;43;40
TE324;08.01.2024;22;1.0;160;43;89;43;71;44
TE324;08.01.2024;23;1.0;68;43;52;43;16;45
TE324;09.01.2024;0;1.0;50;51;29;54;21;48
TE324;09.01.2024;1;1.0;8;50;3;45;5;53
TE324;09.01.2024;2;1.0;8;45;5;43;3;48
TE324;09.01.2024;3;1.0;7;45;2;49;5;44
TE324;09.01.2024;4;1.0;10;50;5;48;5;51
TE324;09.01.2024;5;1.0;26;37;23;37;3;38
TE324;09.01.2024;6;1.0;59;35;44;34;15;37
TE324;09.01.2024;7;1.0;142;30;103;30;39;29
TE324;09.01.2024;8;1.0;214;36;145;35;69;36
TE324;09.01.2024;9;1.0;88;32;72;32;16;32
TE324;09.01.2024;10;1.0;125;36;92;35;33;38
TE324;09.01.2024;11;1.0;111;47;73;49;38;44
TE324;09.01.2024;12;1.0;181;30;131;30;50;29
TE324;09.01.2024;13;1.0;274;33;135;33;139;34
TE324;09.01.2024;14;1.0;339;38;201;38;138;38
TE324;09.01.2024;15;1.0;246;37;145;38;101;36
TE324;09.01.2024;16;1.0;359;30;224;29;135;31
TE324;09.01.2024;17;1.0;362;33;217;33;145;33
TE324;09.01.2024;18;1.0;218;36;147;35;71;37
TE324;09.01.2024;19;1.0;100;30;74;30;26;30
TE324;09.01.2024;20;1.0;51;32;35;34;16;29
TE324;09.01.2024;21;1.0;99;31;74;32;25;31
TE324;09.01.2024;22;1.0;91;40;64;40;27;41
TE324;09.01.2024;23;1.0;165;47;108;47;57;46
TE324;10.01.2024;0;1.0;116;45;91;45;25;44
TE324;10.01.2024;1;1.0;7;44;6;42;1;50
TE324;10.01.2024;2;1.0;10;46;7;45;3;48
TE324;10.01.2024;3;1.0;5;59;5;59;0;-1
TE324;10.01.2024;4;1.0;7;37;7;37;0;-1
TE324;10.01.2024;5;1.0;27;39;23;39;4;40
TE324;10.01.2024;6;1.0;80;37;57;38;23;35
TE324;10.01.2024;7;1.0;93;33;69;33;24;35
TE324;10.01.2024;8;1.0;262;29;177;29;85;30
TE324;10.01.2024;9;1.0;150;36;109;36;41;35
TE324;10.01.2024;10;1.0;344;59;158;55;186;63
TE324;10.01.2024;11;1.0;55;47;34;44;21;50
TE324;10.01.2024;12;1.0;82;33;64;33;18;35
TE324;10.01.2024;13;1.0;216;35;139;35;77;36
TE324;10.01.2024;14;1.0;242;35;164;35;78;35
TE324;10.01.2024;15;1.0;264;30;191;30;73;31
TE324;10.01.2024;16;1.0;355;33;246;33;109;33
TE324;10.01.2024;17;1.0;287;34;165;34;122;35
TE324;10.01.2024;18;1.0;180;31;139;30;41;31
TE324;10.01.2024;19;1.0;82;29;67;29;15;31
TE324;10.01.2024;20;1.0;131;35;75;35;56;35
TE324;10.01.2024;21;1.0;186;35;121;35;65;36
TE324;10.01.2024;22;1.0;108;31;90;31;18;31
TE324;10.01.2024;23;1.0;50;35;37;34;13;39
TE324;11.01.2024;0;1.0;50;30;44;31;6;25
TE324;11.01.2024;1;1.0;5;40;4;38;1;48
TE324;11.01.2024;2;1.0;1;41;1;41;0;-1
TE324;11.01.2024;3;1.0;4;46;4;46;0;-1
TE324;11.01.2024;4;1.0;1;48;1;48;0;-1
TE324;11.01.2024;5;1.0;12;37;11;36;1;45
TE324;11.01.2024;6;1.0;11;28;9;27;2;34
TE324;11.01.2024;7;1.0;85;26;60;26;25;28
TE324;11.01.2024;8;1.0;178;35;109;35;69;35
TE324;11.01.2024;9;1.0;146;28;99;28;47;29
TE324;11.01.2024;10;1.0;90;45;45;42;45;49
TE324;11.01.2024;11;1.0;281;64;134;59;147;69
TE324;11.01.2024;12;1.0;53;28;33;27;20;29
TE324;11.01.2024;13;1.0;33;29;27;28;6;34
TE324;11.01.2024;14;1.0;55;28;51;28;4;28
TE324;11.01.2024;15;1.0;89;25;71;24;18;26
TE324;11.01.2024;16;1.0;128;24;107;24;21;25
TE324;11.01.2024;17;1.0;178;28;113;28;65;29
TE324;11.01.2024;18;1.0;115;26;96;26;19;27
TE324;11.01.2024;19;1.0;80;29;78;29;2;38
TE324;11.01.2024;20;1.0;66;32;59;32;7;32
TE324;11.01.2024;21;1.0;57;36;51;36;6;36
TE324;11.01.2024;22;1.0;25;29;23;30;2;25
TE324;11.01.2024;23;1.0;25;34;22;34;3;32
TE324;12.01.2024;0;1.0;11;36;11;36;0;-1
TE324;12.01.2024;1;1.0;5;37;5;37;0;-1
TE324;12.01.2024;2;1.0;6;38;6;38;0;-1
TE324;12.01.2024;3;1.0;3;42;3;42;0;-1
TE324;12.01.2024;4;1.0;11;39;11;39;0;-1
TE324;12.01.2024;5;1.0;14;36;14;36;0;-1
TE324;12.01.2024;6;1.0;32;33;28;34;4;22
TE324;12.01.2024;7;1.0;100;31;88;31;12;30
TE324;12.01.2024;8;1.0;60;28;49;28;11;27
TE324;12.01.2024;9;1.0;21;27;19;27;2;28
TE324;12.01.2024;10;1.0;19;27;16;27;3;27
TE324;12.01.2024;11;1.0;30;34;23;34;7;35
TE324;12.01.2024;12;1.0;30;30;26;30;4;33
TE324;12.01.2024;13;1.0;78;27;51;27;27;27
TE324;12.01.2024;14;1.0;115;30;60;29;55;30
TE324;12.01.2024;15;1.0;87;23;72;23;15;21
TE324;12.01.2024;16;1.0;110;27;90;27;20;28
TE324;12.01.2024;17;1.0;133;35;97;35;36;35
TE324;12.01.2024;18;1.0;95;31;85;31;10;28
TE324;12.01.2024;19;1.0;101;33;93;33;8;35
TE324;12.01.2024;20;1.0;86;36;76;35;10;37
TE324;12.01.2024;21;1.0;45;39;39;39;6;40
TE324;12.01.2024;22;1.0;44;34;42;34;2;40
TE324;12.01.2024;23;1.0;41;38;40;38;1;40
TE324;13.01.2024;0;1.0;25;42;24;42;1;34
TE324;13.01.2024;1;1.0;23;42;20;43;3;39
TE324;13.01.2024;2;1.0;8;38;8;38;0;-1
TE324;13.01.2024;3;1.0;5;32;5;32;0;-1
TE324;13.01.2024;4;1.0;8;38;8;38;0;-1
TE324;13.01.2024;5;1.0;10;45;10;45;0;-1
TE324;13.01.2024;6;1.0;21;40;20;41;1;36
TE324;13.01.2024;7;1.0;26;40;26;40;0;-1
TE324;13.01.2024;8;1.0;11;29;11;29;0;-1
TE324;13.01.2024;9;1.0;11;29;11;29;0;-1
TE324;13.01.2024;10;1.0;14;37;11;36;3;41
TE324;13.01.2024;11;1.0;25;29;25;29;0;-1
TE324;13.01.2024;12;1.0;29;29;25;28;4;38
TE324;13.01.2024;13;1.0;28;28;27;27;1;31
TE324;13.01.2024;14;1.0;25;30;23;30;2;29
TE324;13.01.2024;15;1.0;23;32;22;32;1;22
TE324;13.01.2024;16;1.0;53;31;46;31;7;29
TE324;13.01.2024;17;1.0;97;35;86;35;11;37
TE324;13.01.2024;18;1.0;131;36;115;37;16;36
TE324;13.01.2024;19;1.0;112;40;96;40;16;40
TE324;13.01.2024;20;1.0;79;37;69;37;10;33
TE324;13.01.2024;21;1.0;37;38;35;39;2;32
TE324;13.01.2024;22;1.0;39;37;37;36;2;43
TE324;13.01.2024;23;1.0;33;39;26;40;7;36
TE324;14.01.2024;0;1.0;33;39;31;40;2;30
TE324;14.01.2024;1;1.0;22;44;20;44;2;43
TE324;14.01.2024;2;1.0;25;38;23;37;2;43
TE324;14.01.2024;3;1.0;11;37;10;36;1;43
TE324;14.01.2024;4;1.0;11;40;11;40;0;-1
TE324;14.01.2024;5;1.0;11;48;11;48;0;-1
TE324;14.01.2024;6;1.0;9;46;9;46;0;-1
TE324;14.01.2024;7;1.0;16;41;16;41;0;-1
TE324;14.01.2024;8;1.0;7;41;7;41;0;-1
TE324;14.01.2024;9;1.0;8;39;8;39;0;-1
TE324;14.01.2024;10;1.0;16;36;14;36;2;38
TE324;14.01.2024;11;1.0;11;30;9;29;2;32
TE324;14.01.2024;12;1.0;27;28;26;28;1;25
TE324;14.01.2024;13;1.0;26;32;22;32;4;34
TE324;14.01.2024;14;1.0;19;28;19;28;0;-1
TE324;14.01.2024;15;1.0;28;29;28;29;0;-1
TE324;14.01.2024;16;1.0;32;31;30;31;2;40
TE324;14.01.2024;17;1.0;60;33;55;33;5;38
TE324;14.01.2024;18;1.0;61;33;59;33;2;33
TE324;14.01.2024;19;1.0;62;36;52;36;10;34
TE324;14.01.2024;20;1.0;49;35;38;34;11;37
TE324;14.01.2024;21;1.0;17;40;13;41;4;36
TE324;14.01.2024;22;1.0;17;37;16;37;1;36
TE324;14.01.2024;23;1.0;20;36;18;36;2;36
TE324;15.01.2024;0;1.0;10;38;8;39;2;34
TE324;15.01.2024;1;1.0;2;36;2;36;0;-1
TE324;15.01.2024;2;1.0;1;26;1;26;0;-1
TE324;15.01.2024;3;1.0;3;47;3;47;0;-1
TE324;15.01.2024;4;1.0;5;55;4;52;1;66
TE324;15.01.2024;5;1.0;13;32;12;32;1;31
TE324;15.01.2024;6;1.0;19;36;18;36;1;33
TE324;15.01.2024;7;1.0;66;30;63;31;3;26
TE324;15.01.2024;8;1.0;40;24;39;24;1;-1
TE324;15.01.2024;9;1.0;24;26;23;26;1;29
TE324;15.01.2024;10;1.0;22;28;20;28;2;30
TE324;15.01.2024;11;1.0;24;28;21;28;3;28
TE324;15.01.2024;12;1.0;28;25;26;24;2;26
TE324;15.01.2024;13;1.0;21;24;16;24;5;24
TE324;15.01.2024;14;1.0;50;24;45;24;5;25
TE324;15.01.2024;15;1.0;58;24;48;24;10;23
TE324;15.01.2024;16;1.0;110;21;104;21;6;24
TE324;15.01.2024;17;1.0;102;27;82;27;20;28
TE324;15.01.2024;18;1.0;92;28;69;28;23;26
TE324;15.01.2024;19;1.0;82;29;77;29;5;29
TE324;15.01.2024;20;1.0;52;29;35;29;17;28
TE324;15.01.2024;21;1.0;31;36;26;35;5;40
TE324;15.01.2024;22;1.0;35;29;34;29;1;40
TE324;15.01.2024;23;1.0;11;33;11;33;0;-1
TE324;16.01.2024;0;1.0;9;37;9;37;0;-1
TE324;16.01.2024;1;1.0;7;35;7;35;0;-1
TE324;16.01.2024;2;1.0;4;27;4;27;0;-1
TE324;16.01.2024;3;1.0;4;24;4;24;0;-1
TE324;16.01.2024;4;1.0;3;33;3;33;0;-1
TE324;16.01.2024;5;1.0;15;36;15;36;0;-1
TE324;16.01.2024;6;1.0;35;40;29;41;6;37
TE324;16.01.2024;7;1.0;109;33;78;34;31;32
TE324;16.01.2024;8;1.0;78;33;54;33;24;34
TE324;16.01.2024;9;1.0;47;29;40;29;7;27
TE324;16.01.2024;10;1.0;35;29;30;29;5;29
TE324;16.01.2024;11;1.0;22;27;21;27;1;24
TE324;16.01.2024;12;1.0;53;33;47;33;6;32
TE324;16.01.2024;13;1.0;54;29;44;30;10;27
TE324;16.01.2024;14;1.0;117;31;88;32;29;30
TE324;16.01.2024;15;1.0;137;28;105;28;32;28
TE324;16.01.2024;16;1.0;193;30;131;29;62;31
TE324;16.01.2024;17;1.0;128;31;99;31;29;31
TE324;16.01.2024;18;1.0;158;31;125;31;33;31
TE324;16.01.2024;19;1.0;98;32;90;32;8;32
TE324;16.01.2024;20;1.0;71;35;60;35;11;39
TE324;16.01.2024;21;1.0;51;32;49;32;2;32
TE324;16.01.2024;22;1.0;36;34;32;34;4;32
TE324;16.01.2024;23;1.0;30;35;27;35;3;32
TE324;17.01.2024;0;1.0;19;39;19;39;0;-1
TE324;17.01.2024;1;1.0;13;35;13;35;0;-1
TE324;17.01.2024;2;1.0;10;35;10;35;0;-1
TE324;17.01.2024;3;1.0;5;35;5;35;0;-1
TE324;17.01.2024;4;1.0;16;36;16;36;0;-1
TE324;17.01.2024;5;1.0;31;40;26;40;5;41
TE324;17.01.2024;6;1.0;75;36;67;36;8;34
TE324;17.01.2024;7;1.0;129;33;97;33;32;33
TE324;17.01.2024;8;1.0;129;28;112;28;17;29
TE324;17.01.2024;9;1.0;78;33;58;33;20;33
TE324;17.01.2024;10;1.0;83;34;58;34;25;34
TE324;17.01.2024;11;1.0;47;27;35;27;12;28
TE324;17.01.2024;12;1.0;88;31;72;31;16;33
TE324;17.01.2024;13;1.0;38;34;33;34;5;31
TE324;17.01.2024;14;1.0;67;27;63;27;4;27
TE324;17.01.2024;15;1.0;65;23;48;24;17;21
TE324;17.01.2024;16;1.0;136;23;107;23;29;23
TE324;17.01.2024;17;1.0;134;28;96;28;38;28
TE324;17.01.2024;18;1.0;115;29;84;29;31;30
TE324;17.01.2024;19;1.0;77;33;72;33;5;34
TE324;17.01.2024;20;1.0;74;34;67;34;7;34
TE324;17.01.2024;21;1.0;61;35;59;35;2;38
TE324;17.01.2024;22;1.0;33;34;30;34;3;36
TE324;17.01.2024;23;1.0;31;35;31;35;0;-1
TE324;18.01.2024;0;1.0;15;35;15;35;0;-1
TE324;18.01.2024;1;1.0;8;37;8;37;0;-1
TE324;18.01.2024;2;1.0;7;36;7;36;0;-1
TE324;18.01.2024;3;1.0;3;37;3;37;0;-1
TE324;18.01.2024;4;1.0;6;29;5;28;1;30
TE324;18.01.2024;5;1.0;21;38;21;38;0;-1
TE324;18.01.2024;6;1.0;43;32;40;33;2;32
TE324;18.01.2024;7;1.0;81;31;67;31;14;31
TE324;18.01.2024;8;1.0;51;29;43;29;8;32
TE324;18.01.2024;9;1.0;59;31;50;32;9;27
TE324;18.01.2024;10;1.0;45;30;34;30;11;30
TE324;18.01.2024;11;1.0;45;34;37;34;8;34
TE324;18.01.2024;12;1.0;72;31;63;31;9;30
TE324;18.01.2024;13;1.0;96;33;70;34;26;32
TE324;18.01.2024;14;1.0;125;32;97;32;28;30
TE324;18.01.2024;15;1.0;229;27;165;27;64;28
TE324;18.01.2024;16;1.0;287;24;196;24;91;23
TE324;18.01.2024;17;1.0;216;30;157;30;59;29
TE324;18.01.2024;18;1.0;179;30;146;30;33;31
TE324;18.01.2024;19;1.0;132;32;124;32;8;34
TE324;18.01.2024;20;1.0;90;32;72;32;18;33
TE324;18.01.2024;21;1.0;67;34;65;34;2;30
TE324;18.01.2024;22;1.0;84;38;73;38;11;40
TE324;18.01.2024;23;1.0;49;35;49;35;0;-1
TE324;19.01.2024;0;1.0;29;37;29;37;0;-1
TE324;19.01.2024;1;1.0;16;42;16;42;0;-1
TE324;19.01.2024;2;1.0;6;41;6;41;0;-1
TE324;19.01.2024;3;1.0;5;42;5;42;0;-1
TE324;19.01.2024;4;1.0;12;44;12;44;0;-1
TE324;19.01.2024;5;1.0;18;42;17;42;1;40
TE324;19.01.2024;6;1.0;39;35;35;36;4;31
TE324;19.01.2024;7;1.0;66;30;61;30;5;32
TE324;19.01.2024;8;1.0;111;30;105;30;6;30
TE324;19.01.2024;9;1.0;99;29;82;28;17;32
TE324;19.01.2024;10;1.0;122;32;106;32;16;31
TE324;19.01.2024;11;1.0;55;29;53;30;2;24
TE324;19.01.2024;12;1.0;24;27;24;27;0;-1
TE324;19.01.2024;13;1.0;81;31;69;31;12;32
TE324;19.01.2024;14;1.0;145;29;116;29;29;27
TE324;19.01.2024;15;1.0;103;28;92;28;11;28
TE324;19.01.2024;16;1.0;131;29;123;29;8;30
TE324;19.01.2024;17;1.0;124;26;104;26;21;26
TE324;19.01.2024;18;1.0;93;30;79;30;14;30
TE324;19.01.2024;19;1.0;91;28;74;28;17;27
TE324;19.01.2024;20;1.0;63;29;56;29;8;28
TE324;19.01.2024;21;1.0;68;30;65;31;2;36
TE324;19.01.2024;22;1.0;48;32;38;32;10;31
TE324;19.01.2024;23;1.0;64;38;60;38;4;41
TE324;20.01.2024;0;1.0;37;36;26;35;11;38
TE324;20.01.2024;1;1.0;15;33;15;33;0;-1
TE324;20.01.2024;2;1.0;13;41;13;41;0;-1
TE324;20.01.2024;3;1.0;24;41;23;41;1;35
TE324;20.01.2024;4;1.0;18;40;18;40;0;-1
TE324;20.01.2024;5;1.0;17;43;17;43;0;-1
TE324;20.01.2024;6;1.0;25;35;24;35;1;35
TE324;20.01.2024;7;1.0;31;37;30;37;1;45
TE324;20.01.2024;8;1.0;24;35;23;35;1;45
TE324;20.01.2024;9;1.0;21;30;20;29;1;46
TE324;20.01.2024;10;1.0;33;31;31;31;2;30
TE324;20.01.2024;11;1.0;39;30;32;29;7;34
TE324;20.01.2024;12;1.0;35;27;33;27;2;32
TE324;20.01.2024;13;1.0;55;33;51;33;4;32
TE324;20.01.2024;14;1.0;64;30;60;30;4;33
TE324;20.01.2024;15;1.0;30;28;26;28;4;28
TE324;20.01.2024;16;1.0;88;33;72;33;16;32
TE324;20.01.2024;17;1.0;111;36;93;37;18;34
TE324;20.01.2024;18;1.0;94;32;90;32;4;32
TE324;20.01.2024;19;1.0;98;33;91;33;7;33
TE324;20.01.2024;20;1.0;64;36;54;36;10;34
TE324;20.01.2024;21;1.0;73;35;69;35;4;34
TE324;20.01.2024;22;1.0;44;35;39;36;5;32
TE324;20.01.2024;23;1.0;93;36;85;36;8;35
TE324;21.01.2024;0;1.0;57;37;51;37;6;38
TE324;21.01.2024;1;1.0;53;35;45;35;8;36
TE324;21.01.2024;2;1.0;35;36;35;36;0;-1
TE324;21.01.2024;3;1.0;26;40;26;40;0;-1
TE324;21.01.2024;4;1.0;20;40;20;40;0;-1
TE324;21.01.2024;5;1.0;18;43;18;43;0;-1
TE324;21.01.2024;6;1.0;20;41;19;41;1;33
TE324;21.01.2024;7;1.0;15;39;15;39;0;-1
TE324;21.01.2024;8;1.0;10;42;10;42;0;-1
TE324;21.01.2024;9;1.0;12;39;10;41;2;33
TE324;21.01.2024;10;1.0;32;34;27;36;5;25
TE324;21.01.2024;11;1.0;43;36;36;37;7;31
TE324;21.01.2024;12;1.0;40;40;35;40;5;41
TE324;21.01.2024;13;1.0;56;34;42;34;14;34
TE324;21.01.2024;14;1.0;39;35;37;36;2;27
TE324;21.01.2024;15;1.0;64;32;55;31;9;37
TE324;21.01.2024;16;1.0;71;33;67;33;4;34
TE324;21.01.2024;17;1.0;132;34;103;34;29;35
TE324;21.01.2024;18;1.0;85;32;76;31;9;32
TE324;21.01.2024;19;1.0;61;35;51;35;10;34
TE324;21.01.2024;20;1.0;46;38;42;38;4;35
TE324;21.01.2024;21;1.0;33;39;30;38;3;40
TE324;21.01.2024;22;1.0;45;33;39;33;6;32
TE324;21.01.2024;23;1.0;20;38;20;38;0;-1
TE324;22.01.2024;0;1.0;14;36;13;36;1;40
TE324;22.01.2024;1;1.0;10;40;8;38;2;48
TE324;22.01.2024;2;1.0;3;45;3;45;0;-1
TE324;22.01.2024;3;1.0;0;-1;0;-1;0;-1
TE324;22.01.2024;4;1.0;11;44;11;44;0;-1
TE324;22.01.2024;5;1.0;19;38;18;38;1;33
TE324;22.01.2024;6;1.0;42;40;41;40;1;47
TE324;22.01.2024;7;1.0;93;30;85;30;8;32
TE324;22.01.2024;8;1.0;79;29;71;28;8;32
TE324;22.01.2024;9;1.0;45;29;40;30;5;28
TE324;22.01.2024;10;1.0;48;32;32;33;16;31
TE324;22.01.2024;11;1.0;36;32;32;32;4;35
TE324;22.01.2024;12;1.0;42;27;41;27;1;26
TE324;22.01.2024;13;1.0;51;31;46;31;5;30
TE324;22.01.2024;14;1.0;107;29;97;29;10;28
TE324;22.01.2024;15;1.0;87;27;82;28;5;26
TE324;22.01.2024;16;1.0;114;25;92;25;22;25
TE324;22.01.2024;17;1.0;143;32;94;32;49;31
TE324;22.01.2024;18;1.0;130;30;88;30;42;31
TE324;22.01.2024;19;1.0;111;31;100;31;11;31
TE324;22.01.2024;20;1.0;65;33;59;33;6;33
TE324;22.01.2024;21;1.0;51;34;50;35;1;30
TE324;22.01.2024;22;1.0;48;34;43;34;5;33
TE324;22.01.2024;23;1.0;16;37;16;37;0;-1
TE324;23.01.2024;0;1.0;14;41;14;41;0;-1
TE324;23.01.2024;1;1.0;11;43;11;43;0;-1
TE324;23.01.2024;2;1.0;6;43;6;43;0;-1
TE324;23.01.2024;3;1.0;6;42;5;42;1;42
TE324;23.01.2024;4;1.0;6;42;6;42;0;-1
TE324;23.01.2024;5;1.0;21;38;21;38;0;-1
TE324;23.01.2024;6;1.0;51;36;49;36;2;40
TE324;23.01.2024;7;1.0;89;32;84;32;5;30
TE324;23.01.2024;8;1.0;64;29;58;28;6;32
TE324;23.01.2024;9;1.0;63;29;56;28;7;36
TE324;23.01.2024;10;1.0;43;29;41;29;2;30
TE324;23.01.2024;11;1.0;36;27;27;27;9;28
TE324;23.01.2024;12;1.0;52;31;51;31;1;34
TE324;23.01.2024;13;1.0;69;34;57;33;12;34
TE324;23.01.2024;14;1.0;56;35;44;35;12;35
TE324;23.01.2024;15;1.0;91;28;75;28;16;28
TE324;23.01.2024;16;1.0;88;25;78;25;10;27
TE324;23.01.2024;17;1.0;58;32;50;32;8;32
TE324;23.01.2024;18;1.0;94;27;76;27;18;28
TE324;23.01.2024;19;1.0;85;29;78;29;7;28
TE324;23.01.2024;20;1.0;64;30;60;30;4;29
TE324;23.01.2024;21;1.0;54;31;53;32;1;29
TE324;23.01.2024;22;1.0;29;34;25;34;4;33
TE324;23.01.2024;23;1.0;24;36;19;37;5;34
TE324;24.01.2024;0;1.0;19;45;18;46;1;31
TE324;24.01.2024;1;1.0;13;38;11;36;2;50
TE324;24.01.2024;2;1.0;5;42;4;41;1;47
TE324;24.01.2024;3;1.0;4;38;4;38;0;-1
TE324;24.01.2024;4;1.0;6;47;6;47;0;-1
TE324;24.01.2024;5;1.0;20;38;19;38;1;37
TE324;24.01.2024;6;1.0;41;33;34;33;7;29
TE324;24.01.2024;7;1.0;74;31;57;30;17;32
TE324;24.01.2024;8;1.0;139;30;106;30;33;31
TE324;24.01.2024;9;1.0;83;27;70;27;13;27
TE324;24.01.2024;10;1.0;43;28;37;28;6;31
TE324;24.01.2024;11;1.0;50;29;47;30;3;20
TE324;24.01.2024;12;1.0;37;28;36;28;1;26
TE324;24.01.2024;13;1.0;36;29;33;29;3;34
TE324;24.01.2024;14;1.0;53;27;43;27;10;27
TE324;24.01.2024;15;1.0;61;24;52;24;9;24
TE324;24.01.2024;16;1.0;88;21;71;22;17;18
TE324;24.01.2024;17;1.0;158;24;139;24;19;23
TE324;24.01.2024;18;1.0;129;28;84;28;45;28
TE324;24.01.2024;19;1.0;87;31;64;32;23;30
TE324;24.01.2024;20;1.0;46;32;41;32;5;32
TE324;24.01.2024;21;1.0;64;37;52;36;12;39
TE324;24.01.2024;22;1.0;35;36;28;36;7;33
TE324;24.01.2024;23;1.0;26;35;25;35;1;41
TE324;25.01.2024;0;1.0;20;38;16;38;4;39
TE324;25.01.2024;1;1.0;15;37;15;37;0;-1
TE324;25.01.2024;2;1.0;7;47;7;47;0;-1
TE324;25.01.2024;3;1.0;4;42;4;42;0;-1
TE324;25.01.2024;4;1.0;6;33;6;33;0;-1
TE324;25.01.2024;5;1.0;11;35;11;35;0;-1
TE324;25.01.2024;6;1.0;31;31;30;30;1;40
TE324;25.01.2024;7;1.0;52;27;50;27;2;23
TE324;25.01.2024;8;1.0;42;22;41;22;1;22
TE324;25.01.2024;9;1.0;40;25;38;25;2;28
TE324;25.01.2024;10;1.0;21;27;19;26;2;37
TE324;25.01.2024;11;1.0;25;23;24;23;1;23
TE324;25.01.2024;12;1.0;27;25;24;24;3;31
TE324;25.01.2024;13;1.0;37;31;31;30;6;34
TE324;25.01.2024;14;1.0;56;24;48;24;8;24
TE324;25.01.2024;15;1.0;80;26;69;26;11;26
TE324;25.01.2024;16;1.0;95;28;80;28;15;29
TE324;25.01.2024;17;1.0;131;28;109;28;22;29
TE324;25.01.2024;18;1.0;116;27;88;28;28;26
TE324;25.01.2024;19;1.0;81;28;62;28;19;28
TE324;25.01.2024;20;1.0;45;25;31;26;14;25
TE324;25.01.2024;21;1.0;37;33;25;33;12;32
TE324;25.01.2024;22;1.0;36;36;27;34;9;40
TE324;25.01.2024;23;1.0;41;34;35;34;6;37
TE324;26.01.2024;0;1.0;20;41;17;40;3;43
TE324;26.01.2024;1;1.0;14;41;11;41;3;43
TE324;26.01.2024;2;1.0;9;42;9;42;0;-1
TE324;26.01.2024;3;1.0;7;37;7;37;0;-1
TE324;26.01.2024;4;1.0;12;44;11;44;1;47
TE324;26.01.2024;5;1.0;12;40;11;39;1;49
TE324;26.01.2024;6;1.0;20;35;18;33;2;53
TE324;26.01.2024;7;1.0;71;31;60;31;11;30
TE324;26.01.2024;8;1.0;49;25;46;25;3;22
TE324;26.01.2024;9;1.0;29;23;23;24;6;20
TE324;26.01.2024;10;1.0;26;27;21;26;5;30
TE324;26.01.2024;11;1.0;25;25;19;26;6;22
TE324;26.01.2024;12;1.0;26;26;24;25;2;29
TE324;26.01.2024;13;1.0;50;25;44;25;6;23
TE324;26.01.2024;14;1.0;138;23;89;23;49;22
TE324;26.01.2024;15;1.0;135;23;111;23;24;22
TE324;26.01.2024;16;1.0;227;23;165;23;62;22
TE324;26.01.2024;17;1.0;179;30;137;30;42;29
TE324;26.01.2024;18;1.0;106;35;88;34;18;36
TE324;26.01.2024;19;1.0;103;33;83;33;20;33
TE324;26.01.2024;20;1.0;90;35;72;36;18;33
TE324;26.01.2024;21;1.0;73;32;62;32;11;34
TE324;26.01.2024;22;1.0;54;32;25;31;29;32
TE324;26.01.2024;23;1.0;62;35;60;35;2;28
TE324;27.01.2024;0;1.0;34;39;30;39;4;35
TE324;27.01.2024;1;1.0;32;45;32;45;0;-1
TE324;27.01.2024;2;1.0;18;44;16;44;2;45
TE324;27.01.2024;3;1.0;13;39;13;39;0;-1
TE324;27.01.2024;4;1.0;14;37;14;37;0;-1
TE324;27.01.2024;5;1.0;32;37;31;37;1;33
TE324;27.01.2024;6;1.0;13;35;12;36;1;29
TE324;27.01.2024;7;1.0;10;34;10;34;0;-1
TE324;27.01.2024;8;1.0;12;29;12;29;0;-1
TE324;27.01.2024;9;1.0;17;29;17;29;0;-1
TE324;27.01.2024;10;1.0;22;28;22;28;0;-1
TE324;27.01.2024;11;1.0;24;26;22;26;2;24
TE324;27.01.2024;12;1.0;27;23;23;23;4;22
TE324;27.01.2024;13;1.0;34;29;19;29;15;28
TE324;27.01.2024;14;1.0;63;31;47;33;16;26
TE324;27.01.2024;15;1.0;82;32;74;33;8;31
TE324;27.01.2024;16;1.0;48;35;43;36;5;31
TE324;27.01.2024;17;1.0;71;38;62;38;9;37
TE324;27.01.2024;18;1.0;111;37;89;37;22;37
TE324;27.01.2024;19;1.0;175;37;121;38;54;35
TE324;27.01.2024;20;1.0;81;42;67;42;14;47
TE324;27.01.2024;21;1.0;79;41;78;41;1;40
TE324;27.01.2024;22;1.0;60;37;56;37;4;37
TE324;27.01.2024;23;1.0;68;42;61;42;7;40
TE324;28.01.2024;0;1.0;65;39;56;38;9;42
TE324;28.01.2024;1;1.0;40;38;39;38;1;44
TE324;28.01.2024;2;1.0;36;41;33;41;3;39
TE324;28.01.2024;3;1.0;28;46;25;46;3;43
TE324;28.01.2024;4;1.0;28;44;28;44;0;-1
TE324;28.01.2024;5;1.0;24;40;23;40;1;33
TE324;28.01.2024;6;1.0;16;43;13;44;3;40
TE324;28.01.2024;7;1.0;20;36;18;36;2;38
TE324;28.01.2024;8;1.0;21;41;20;41;1;39
TE324;28.01.2024;9;1.0;28;44;20;43;8;46
TE324;28.01.2024;10;1.0;59;36;48;35;11;37
TE324;28.01.2024;11;1.0;48;30;45;30;3;30
TE324;28.01.2024;12;1.0;48;30;46;30;2;30
TE324;28.01.2024;13;1.0;68;31;55;32;13;30
TE324;28.01.2024;14;1.0;144;33;115;33;29;34
TE324;28.01.2024;15;1.0;104;36;70;35;34;38
TE324;28.01.2024;16;1.0;45;39;43;39;2;37
TE324;28.01.2024;17;1.0;77;33;61;33;16;35
TE324;28.01.2024;18;1.0;92;38;79;38;13;36
TE324;28.01.2024;19;1.0;100;40;75;40;25;40
TE324;28.01.2024;20;1.0;63;36;53;36;10;37
TE324;28.01.2024;21;1.0;61;41;46;41;15;41
TE324;28.01.2024;22;1.0;33;39;22;38;11;40
TE324;28.01.2024;23;1.0;36;41;28;42;8;39
TE324;29.01.2024;0;1.0;24;42;24;42;0;-1
TE324;29.01.2024;1;1.0;12;41;11;41;1;39
TE324;29.01.2024;2;1.0;7;37;6;34;1;55
TE324;29.01.2024;3;1.0;11;44;9;43;2;50
TE324;29.01.2024;4;1.0;10;42;9;42;1;40
TE324;29.01.2024;5;1.0;14;35;14;35;0;-1
TE324;29.01.2024;6;1.0;21;34;18;34;3;36
TE324;29.01.2024;7;1.0;55;46;40;38;15;67
TE324;29.01.2024;8;1.0;189;33;115;33;74;32
TE324;29.01.2024;9;1.0;142;35;67;35;75;35
TE324;29.01.2024;10;1.0;177;42;79;42;98;42
TE324;29.01.2024;11;1.0;177;43;118;42;59;44
TE324;29.01.2024;12;1.0;164;35;112;35;52;34
TE324;29.01.2024;13;1.0;196;38;118;39;78;37
TE324;29.01.2024;14;1.0;153;37;95;37;58;36
TE324;29.01.2024;15;1.0;240;30;141;29;99;30
TE324;29.01.2024;16;1.0;279;32;174;33;105;31
TE324;29.01.2024;17;1.0;312;33;167;32;145;33
TE324;29.01.2024;18;1.0;159;34;84;35;75;34
TE324;29.01.2024;19;1.0;149;34;96;34;53;35
TE324;29.01.2024;20;1.0;85;35;44;36;41;34
TE324;29.01.2024;21;1.0;55;37;38;38;17;37
TE324;29.01.2024;22;1.0;44;31;33;32;11;31
TE324;29.01.2024;23;1.0;21;39;18;39;3;40
TE324;30.01.2024;0;1.0;36;38;16;38;20;38
TE324;30.01.2024;1;1.0;4;46;2;44;2;48
TE324;30.01.2024;2;1.0;2;48;2;48;0;-1
TE324;30.01.2024;3;1.0;9;39;8;40;1;31
TE324;30.01.2024;4;1.0;10;37;8;36;2;41
TE324;30.01.2024;5;1.0;34;39;26;38;8;42
TE324;30.01.2024;6;1.0;58;29;38;29;20;30
TE324;30.01.2024;7;1.0;168;30;126;30;42;30
TE324;30.01.2024;8;1.0;148;33;121;33;27;35
TE324;30.01.2024;9;1.0;134;37;96;37;38;37
TE324;30.01.2024;10;1.0;163;27;129;26;34;30
TE324;30.01.2024;11;1.0;79;34;65;34;14;36
TE324;30.01.2024;12;1.0;89;46;55;46;34;46
TE324;30.01.2024;13;1.0;49;25;45;25;4;26
TE324;30.01.2024;14;1.0;60;25;59;25;1;24
TE324;30.01.2024;15;1.0;62;29;50;29;12;29
TE324;30.01.2024;16;1.0;77;24;67;24;10;24
TE324;30.01.2024;17;1.0;88;27;70;27;18;28
TE324;30.01.2024;18;1.0;60;29;48;27;12;35
TE324;30.01.2024;19;1.0;51;30;41;30;10;31
TE324;30.01.2024;20;1.0;41;23;35;23;6;23
TE324;30.01.2024;21;1.0;38;25;32;24;6;29
TE324;30.01.2024;22;1.0;22;24;21;24;1;21
TE324;30.01.2024;23;1.0;8;29;8;29;0;-1
TE324;31.01.2024;0;1.0;5;28;4;30;1;19
TE324;31.01.2024;1;1.0;4;30;4;30;0;-1
TE324;31.01.2024;2;1.0;1;40;1;40;0;-1
TE324;31.01.2024;3;1.0;2;35;2;35;0;-1
TE324;31.01.2024;4;1.0;2;19;2;19;0;-1
TE324;31.01.2024;5;1.0;8;23;8;23;0;-1
TE324;31.01.2024;6;1.0;11;26;10;28;1;14
TE324;31.01.2024;7;1.0;25;26;17;26;8;26
TE324;31.01.2024;8;1.0;35;24;34;24;1;20
TE324;31.01.2024;9;1.0;28;20;23;21;5;18
TE324;31.01.2024;10;1.0;32;28;26;28;6;27
TE324;31.01.2024;11;1.0;32;26;29;26;3;23
TE324;31.01.2024;12;1.0;24;25;19;25;5;26
TE324;31.01.2024;13;1.0;26;22;26;22;0;-1
TE324;31.01.2024;14;1.0;48;29;44;29;4;30
TE324;31.01.2024;15;1.0;46;24;41;24;5;24
TE324;31.01.2024;16;1.0;58;23;44;23;14;24
TE324;31.01.2024;17;1.0;73;27;63;27;10;28
TE324;31.01.2024;18;1.0;45;24;38;24;7;24
TE324;31.01.2024;19;1.0;36;22;32;22;4;19
TE324;31.01.2024;20;1.0;26;21;22;22;4;20
TE324;31.01.2024;21;1.0;27;23;23;23;4;20
TE324;31.01.2024;22;1.0;17;25;16;26;1;22
TE324;31.01.2024;23;1.0;11;25;10;25;1;26
TE325;01.01.2024;0;1.0;46;41;46;41;0;-1
TE325;01.01.2024;1;1.0;209;46;207;46;2;44
TE325;01.01.2024;2;1.0;270;45;269;45;1;43
TE325;01.01.2024;3;1.0;217;46;217;46;0;-1
TE325;01.01.2024;4;1.0;177;46;176;46;1;43
TE325;01.01.2024;5;1.0;148;46;147;46;1;42
TE325;01.01.2024;6;1.0;91;48;90;48;1;49
TE325;01.01.2024;7;1.0;57;48;56;48;1;49
TE325;01.01.2024;8;1.0;73;45;73;45;0;-1
TE325;01.01.2024;9;1.0;57;45;57;45;0;-1
TE325;01.01.2024;10;1.0;114;44;114;44;0;-1
TE325;01.01.2024;11;1.0;158;43;158;43;0;-1
TE325;01.01.2024;12;1.0;222;45;222;45;0;-1
TE325;01.01.2024;13;1.0;245;45;244;45;1;49
TE325;01.01.2024;14;1.0;325;41;325;41;0;-1
TE325;01.01.2024;15;1.0;332;40;332;40;0;-1
TE325;01.01.2024;16;1.0;355;41;354;41;1;49
TE325;01.01.2024;17;1.0;296;43;296;43;0;-1
TE325;01.01.2024;18;1.0;260;43;257;43;3;43
TE325;01.01.2024;19;1.0;194;44;194;44;0;-1
TE325;01.01.2024;20;1.0;155;45;155;45;0;-1
TE325;01.01.2024;21;1.0;136;45;135;45;1;44
TE325;01.01.2024;22;1.0;97;48;95;48;2;49
TE325;01.01.2024;23;1.0;47;49;47;49;0;-1
TE325;02.01.2024;0;1.0;34;50;34;50;0;-1
TE325;02.01.2024;1;1.0;23;49;22;50;1;37
TE325;02.01.2024;2;1.0;28;49;28;49;0;-1
TE325;02.01.2024;3;1.0;23;46;22;46;1;43
TE325;02.01.2024;4;1.0;62;46;62;46;0;-1
TE325;02.01.2024;5;1.0;192;40;183;40;9;41
TE325;02.01.2024;6;1.0;281;38;273;38;8;40
TE325;02.01.2024;7;1.0;322;39;319;39;3;36
TE325;02.01.2024;8;1.0;339;39;336;39;3;38
TE325;02.01.2024;9;1.0;334;42;332;42;2;40
TE325;02.01.2024;10;1.0;374;40;374;40;0;-1
TE325;02.01.2024;11;1.0;389;42;387;42;2;42
TE325;02.01.2024;12;1.0;403;40;402;40;1;42
TE325;02.01.2024;13;1.0;393;42;393;42;0;-1
TE325;02.01.2024;14;1.0;368;41;368;41;0;-1
TE325;02.01.2024;15;1.0;393;39;393;39;0;-1
TE325;02.01.2024;16;1.0;367;42;367;42;0;-1
TE325;02.01.2024;17;1.0;371;43;371;43;0;-1
TE325;02.01.2024;18;1.0;328;44;327;44;1;46
TE325;02.01.2024;19;1.0;264;46;264;46;0;-1
TE325;02.01.2024;20;1.0;199;47;199;47;0;-1
TE325;02.01.2024;21;1.0;156;46;156;46;0;-1
TE325;02.01.2024;22;1.0;111;47;110;47;1;47
TE325;02.01.2024;23;1.0;63;46;63;46;0;-1
TE325;03.01.2024;0;1.0;54;46;53;46;1;44
TE325;03.01.2024;1;1.0;32;36;31;36;1;46
TE325;03.01.2024;2;1.0;26;45;25;45;1;46
TE325;03.01.2024;3;1.0;24;46;23;46;1;46
TE325;03.01.2024;4;1.0;68;50;66;50;2;50
TE325;03.01.2024;5;1.0;231;43;224;43;7;41
TE325;03.01.2024;6;1.0;294;42;287;42;7;40
TE325;03.01.2024;7;1.0;356;39;352;39;4;38
TE325;03.01.2024;8;1.0;409;38;405;38;4;38
TE325;03.01.2024;9;1.0;457;38;447;38;10;37
TE325;03.01.2024;10;1.0;460;39;455;39;5;40
TE325;03.01.2024;11;1.0;412;41;404;41;8;40
TE325;03.01.2024;12;1.0;361;38;357;38;4;38
TE325;03.01.2024;13;1.0;455;38;451;38;4;40
TE325;03.01.2024;14;1.0;418;38;415;38;3;42
TE325;03.01.2024;15;1.0;460;38;456;38;4;40
TE325;03.01.2024;16;1.0;454;38;453;38;1;37
TE325;03.01.2024;17;1.0;391;39;388;39;3;41
TE325;03.01.2024;18;1.0;334;40;332;40;2;40
TE325;03.01.2024;19;1.0;253;41;249;41;4;41
TE325;03.01.2024;20;1.0;204;43;204;43;0;-1
TE325;03.01.2024;21;1.0;145;44;144;44;1;41
TE325;03.01.2024;22;1.0;132;46;131;46;1;45
TE325;03.01.2024;23;1.0;75;46;75;46;0;-1
TE325;04.01.2024;0;1.0;46;46;45;46;1;49
TE325;04.01.2024;1;1.0;25;51;24;51;1;46
TE325;04.01.2024;2;1.0;21;48;21;48;0;-1
TE325;04.01.2024;3;1.0;32;49;32;49;0;-1
TE325;04.01.2024;4;1.0;65;55;65;55;0;-1
TE325;04.01.2024;5;1.0;214;48;212;48;2;47
TE325;04.01.2024;6;1.0;298;45;295;45;3;45
TE325;04.01.2024;7;1.0;353;39;349;39;4;42
TE325;04.01.2024;8;1.0;477;38;470;38;7;38
TE325;04.01.2024;9;1.0;510;37;500;37;10;37
TE325;04.01.2024;10;1.0;458;38;443;38;15;38
TE325;04.01.2024;11;1.0;451;39;445;39;6;39
TE325;04.01.2024;12;1.0;451;40;447;40;4;39
TE325;04.01.2024;13;1.0;448;38;444;38;4;38
TE325;04.01.2024;14;1.0;441;37;435;37;6;37
TE325;04.01.2024;15;1.0;469;39;468;39;1;39
TE325;04.01.2024;16;1.0;466;37;464;37;2;39
TE325;04.01.2024;17;1.0;409;35;408;35;1;39
TE325;04.01.2024;18;1.0;394;37;392;37;2;39
TE325;04.01.2024;19;1.0;292;42;291;42;1;46
TE325;04.01.2024;20;1.0;204;45;204;45;0;-1
TE325;04.01.2024;21;1.0;188;45;188;45;0;-1
TE325;04.01.2024;22;1.0;114;47;114;47;0;-1
TE325;05.01.2024;10;1.0;455;34;454;34;1;40
TE325;05.01.2024;11;1.0;489;40;486;40;3;41
TE325;05.01.2024;12;1.0;433;41;432;41;1;40
TE325;05.01.2024;13;1.0;447;40;443;40;4;40
TE325;05.01.2024;14;1.0;417;39;416;39;1;44
TE325;05.01.2024;15;1.0;439;39;437;39;2;40
TE325;05.01.2024;16;1.0;443;39;443;39;0;-1
TE325;05.01.2024;17;1.0;454;40;454;40;0;-1
TE325;05.01.2024;18;1.0;377;43;375;43;2;46
TE325;05.01.2024;19;1.0;333;45;331;45;2;44
TE325;05.01.2024;20;1.0;212;46;212;46;0;-1
TE325;05.01.2024;21;1.0;171;48;171;48;0;-1
TE325;05.01.2024;22;1.0;136;48;136;48;0;-1
TE325;05.01.2024;23;1.0;114;49;114;49;0;-1
TE325;06.01.2024;0;1.0;88;50;87;50;1;49
TE325;06.01.2024;1;1.0;72;52;71;52;1;48
TE325;06.01.2024;2;1.0;61;48;61;48;0;-1
TE325;06.01.2024;3;1.0;35;51;35;51;0;-1
TE325;06.01.2024;4;1.0;50;53;50;53;0;-1
TE325;06.01.2024;5;1.0;109;51;101;51;8;51
TE325;06.01.2024;6;1.0;101;51;99;51;2;51
TE325;06.01.2024;7;1.0;103;49;102;49;1;51
TE325;06.01.2024;8;1.0;167;46;166;46;1;48
TE325;06.01.2024;9;1.0;282;44;279;44;3;45
TE325;06.01.2024;10;1.0;413;42;413;42;0;-1
TE325;06.01.2024;11;1.0;440;41;440;41;0;-1
TE325;06.01.2024;12;1.0;496;40;495;40;1;44
TE325;06.01.2024;13;1.0;510;41;508;41;2;40
TE325;06.01.2024;14;1.0;513;41;510;41;3;40
TE325;06.01.2024;15;1.0;468;41;467;41;1;39
TE325;06.01.2024;16;1.0;433;41;433;41;0;-1
TE325;06.01.2024;17;1.0;472;42;472;42;0;-1
TE325;06.01.2024;18;1.0;359;44;359;44;0;-1
TE325;06.01.2024;19;1.0;330;45;330;45;0;-1
TE325;06.01.2024;20;1.0;244;45;242;45;2;45
TE325;06.01.2024;21;1.0;204;45;204;45;0;-1
TE325;06.01.2024;22;1.0;171;48;171;48;0;-1
TE325;06.01.2024;23;1.0;111;50;111;50;0;-1
TE325;07.01.2024;0;1.0;93;50;93;50;0;-1
TE325;07.01.2024;1;1.0;83;52;82;52;1;49
TE325;07.01.2024;2;1.0;84;46;84;46;0;-1
TE325;07.01.2024;23;1.0;67;49;67;49;0;-1
TE325;08.01.2024;0;1.0;34;49;32;49;2;45
TE325;08.01.2024;1;1.0;23;49;22;49;1;49
TE325;08.01.2024;2;1.0;19;48;18;48;1;49
TE325;08.01.2024;3;1.0;32;51;30;51;2;50
TE325;08.01.2024;4;1.0;73;49;73;49;0;-1
TE325;08.01.2024;5;1.0;289;47;283;47;6;47
TE325;08.01.2024;6;1.0;461;43;452;43;9;43
TE325;08.01.2024;7;1.0;609;38;597;38;12;37
TE325;08.01.2024;8;1.0;566;31;550;31;16;27
TE325;08.01.2024;9;1.0;487;41;479;41;8;40
TE325;08.01.2024;10;1.0;453;40;447;40;6;40
TE325;08.01.2024;11;1.0;470;38;465;38;5;37
TE325;08.01.2024;15;1.0;485;35;481;35;4;32
TE325;08.01.2024;16;1.0;456;36;455;36;1;33
TE325;08.01.2024;17;1.0;426;37;426;37;0;-1
TE325;08.01.2024;18;1.0;371;40;370;40;1;41
TE325;08.01.2024;19;1.0;246;42;244;42;2;42
TE325;08.01.2024;20;1.0;204;42;203;42;1;42
TE325;08.01.2024;21;1.0;163;43;163;43;0;-1
TE325;08.01.2024;22;1.0;115;46;115;46;0;-1
TE325;08.01.2024;23;1.0;76;49;76;49;0;-1
TE325;09.01.2024;0;1.0;43;49;41;49;2;48
TE325;09.01.2024;1;1.0;21;48;19;48;2;50
TE325;09.01.2024;2;1.0;25;50;23;50;2;51
TE325;09.01.2024;3;1.0;22;52;22;52;0;-1
TE325;09.01.2024;4;1.0;74;50;72;50;2;44
TE325;09.01.2024;5;1.0;262;46;254;46;8;47
TE325;09.01.2024;6;1.0;366;42;363;42;3;43
TE325;09.01.2024;7;1.0;531;36;526;36;5;38
TE325;09.01.2024;8;1.0;577;33;571;33;6;35
TE325;09.01.2024;9;1.0;506;38;500;38;6;36
TE325;09.01.2024;10;1.0;440;38;432;38;8;36
TE325;09.01.2024;11;1.0;430;37;428;37;2;41
TE325;09.01.2024;12;1.0;414;39;408;39;6;40
TE325;09.01.2024;13;1.0;453;37;445;37;8;37
TE325;09.01.2024;14;1.0;463;37;455;37;8;36
TE325;09.01.2024;15;1.0;533;32;530;32;3;22
TE325;09.01.2024;16;1.0;476;35;473;35;3;27
TE325;09.01.2024;17;1.0;456;36;456;36;0;-1
TE325;09.01.2024;18;1.0;425;36;422;36;3;38
TE325;09.01.2024;19;1.0;299;40;297;40;2;40
TE325;09.01.2024;20;1.0;187;43;184;43;3;44
TE325;09.01.2024;21;1.0;162;44;162;44;0;-1
TE325;09.01.2024;22;1.0;100;48;100;48;0;-1
TE325;09.01.2024;23;1.0;67;49;66;49;1;47
TE325;10.01.2024;0;1.0;45;51;43;51;2;53
TE325;10.01.2024;1;1.0;33;50;32;51;1;43
TE325;10.01.2024;2;1.0;13;47;13;47;0;-1
TE325;10.01.2024;3;1.0;24;53;23;54;1;43
TE325;10.01.2024;4;1.0;82;52;79;52;3;51
TE325;10.01.2024;5;1.0;235;46;227;46;8;47
TE325;10.01.2024;6;1.0;382;40;375;40;7;39
TE325;10.01.2024;7;1.0;575;33;566;33;9;38
TE325;10.01.2024;8;1.0;593;35;587;35;6;35
TE325;10.01.2024;9;1.0;535;36;527;36;8;38
TE325;10.01.2024;10;1.0;449;39;438;39;11;39
TE325;10.01.2024;11;1.0;452;37;446;37;6;38
TE325;10.01.2024;17;1.0;485;34;482;34;3;33
TE325;10.01.2024;18;1.0;410;40;407;40;3;42
TE325;10.01.2024;19;1.0;331;39;331;39;0;-1
TE325;10.01.2024;20;1.0;232;43;232;43;0;-1
TE325;10.01.2024;21;1.0;170;45;170;45;0;-1
TE325;10.01.2024;22;1.0;137;48;137;48;0;-1
TE325;10.01.2024;23;1.0;65;48;65;48;0;-1
TE325;11.01.2024;0;1.0;56;51;56;51;0;-1
TE325;11.01.2024;1;1.0;33;49;30;49;3;53
TE325;11.01.2024;2;1.0;25;51;24;51;1;64
TE325;11.01.2024;3;1.0;25;54;25;54;0;-1
TE325;11.01.2024;4;1.0;61;53;61;53;0;-1
TE325;11.01.2024;5;1.0;252;49;250;49;2;53
TE325;11.01.2024;6;1.0;375;44;372;44;3;41
TE325;11.01.2024;7;1.0;512;26;501;26;11;22
TE325;11.01.2024;8;1.0;551;32;548;32;3;34
TE325;11.01.2024;9;1.0;486;39;485;39;1;37
TE325;11.01.2024;10;1.0;459;40;458;40;1;37
TE325;11.01.2024;11;1.0;425;42;425;42;0;-1
TE325;11.01.2024;12;1.0;449;41;447;41;2;44
TE325;11.01.2024;13;1.0;444;40;441;40;3;43
TE325;11.01.2024;14;1.0;452;35;450;35;2;24
TE325;11.01.2024;15;1.0;448;27;440;27;8;20
TE325;11.01.2024;16;1.0;436;24;429;24;7;20
TE325;11.01.2024;17;1.0;436;36;434;36;2;15
TE325;11.01.2024;18;1.0;421;39;419;39;2;40
TE325;11.01.2024;19;1.0;315;42;315;42;0;-1
TE325;11.01.2024;20;1.0;235;44;235;44;0;-1
TE325;11.01.2024;21;1.0;198;46;197;46;1;50
TE325;11.01.2024;22;1.0;118;49;118;49;0;-1
TE325;11.01.2024;23;1.0;71;50;71;50;0;-1
TE325;12.01.2024;3;1.0;32;53;32;53;0;-1
TE325;12.01.2024;4;1.0;63;52;62;52;1;49
TE325;12.01.2024;5;1.0;209;47;209;47;0;-1
TE325;12.01.2024;6;1.0;342;41;342;41;0;-1
TE325;12.01.2024;7;1.0;482;35;479;35;3;49
TE325;12.01.2024;8;1.0;462;20;456;20;6;24
TE325;12.01.2024;9;1.0;485;33;482;33;3;23
TE325;12.01.2024;10;1.0;420;40;420;40;0;-1
TE325;12.01.2024;11;1.0;426;40;424;40;2;40
TE325;12.01.2024;12;1.0;413;38;412;38;1;40
TE325;12.01.2024;13;1.0;451;40;451;40;0;-1
TE325;12.01.2024;14;1.0;454;38;454;38;0;-1
TE325;12.01.2024;15;1.0;405;30;402;30;3;21
TE325;12.01.2024;16;1.0;490;34;489;34;1;13
TE325;12.01.2024;17;1.0;452;39;452;39;0;-1
TE325;12.01.2024;18;1.0;414;42;414;42;0;-1
TE325;12.01.2024;19;1.0;347;43;345;43;2;44
TE325;12.01.2024;20;1.0;258;45;258;45;0;-1
TE325;12.01.2024;21;1.0;186;46;186;46;0;-1
TE325;12.01.2024;22;1.0;158;47;158;47;0;-1
TE325;12.01.2024;23;1.0;112;49;112;49;0;-1
TE325;13.01.2024;0;1.0;86;48;86;48;0;-1
TE325;13.01.2024;1;1.0;77;50;76;50;1;50
TE325;13.01.2024;2;1.0;66;49;66;49;0;-1
TE325;13.01.2024;3;1.0;51;49;51;49;0;-1
TE325;13.01.2024;4;1.0;68;50;67;50;1;51
TE325;13.01.2024;5;1.0;89;48;87;48;2;48
TE325;13.01.2024;6;1.0;78;47;78;47;0;-1
TE325;13.01.2024;7;1.0;120;46;120;46;0;-1
TE325;13.01.2024;8;1.0;187;44;187;44;0;-1
TE325;13.01.2024;9;1.0;328;37;326;37;1;44
TE325;13.01.2024;10;1.0;430;42;427;42;3;42
TE325;13.01.2024;11;1.0;454;41;454;41;0;-1
TE325;13.01.2024;12;1.0;485;40;484;40;1;39
TE325;13.01.2024;13;1.0;489;42;489;42;0;-1
TE325;13.01.2024;14;1.0;480;41;480;41;0;-1
TE325;13.01.2024;15;1.0;471;40;471;40;0;-1
TE325;13.01.2024;16;1.0;456;42;456;42;0;-1
TE325;13.01.2024;17;1.0;400;44;400;44;0;-1
TE325;13.01.2024;18;1.0;423;43;423;43;0;-1
TE325;13.01.2024;19;1.0;340;44;340;44;0;-1
TE325;13.01.2024;20;1.0;247;44;247;44;0;-1
TE325;13.01.2024;21;1.0;193;47;193;47;0;-1
TE325;13.01.2024;22;1.0;150;49;150;49;0;-1
TE325;13.01.2024;23;1.0;134;48;134;48;0;-1
TE325;14.01.2024;0;1.0;87;50;86;50;1;50
TE325;14.01.2024;1;1.0;72;50;72;50;0;-1
TE325;14.01.2024;2;1.0;85;53;85;53;0;-1
TE325;14.01.2024;3;1.0;71;52;71;52;0;-1
TE325;14.01.2024;4;1.0;61;53;61;53;0;-1
TE325;14.01.2024;5;1.0;64;51;64;51;0;-1
TE325;14.01.2024;6;1.0;62;47;62;47;0;-1
TE325;14.01.2024;7;1.0;57;49;56;50;1;46
TE325;14.01.2024;8;1.0;100;48;100;48;0;-1
TE325;14.01.2024;9;1.0;175;49;175;49;0;-1
TE325;14.01.2024;10;1.0;251;43;250;43;1;45
TE325;14.01.2024;11;1.0;259;45;259;45;0;-1
TE325;14.01.2024;12;1.0;336;44;335;44;1;45
TE325;14.01.2024;13;1.0;381;43;380;43;1;45
TE325;14.01.2024;14;1.0;391;42;391;42;0;-1
TE325;14.01.2024;15;1.0;379;42;379;42;0;-1
TE325;14.01.2024;16;1.0;381;41;381;41;0;-1
TE325;14.01.2024;17;1.0;384;43;383;43;1;41
TE325;14.01.2024;18;1.0;323;45;322;45;1;45
TE325;14.01.2024;19;1.0;263;47;263;47;0;-1
TE325;14.01.2024;20;1.0;168;48;168;48;0;-1
TE325;14.01.2024;21;1.0;132;48;132;48;0;-1
TE325;14.01.2024;22;1.0;93;51;93;51;0;-1
TE325;14.01.2024;23;1.0;73;52;73;52;0;-1
TE325;15.01.2024;0;1.0;33;54;33;54;0;-1
TE325;15.01.2024;1;1.0;17;49;16;49;1;55
TE325;15.01.2024;2;1.0;19;51;19;51;0;-1
TE325;15.01.2024;3;1.0;20;52;19;51;1;63
TE325;15.01.2024;4;1.0;67;50;66;50;1;47
TE325;15.01.2024;5;1.0;260;44;258;44;2;45
TE325;15.01.2024;6;1.0;384;43;383;42;1;50
TE325;15.01.2024;7;1.0;454;33;449;33;5;50
TE325;15.01.2024;8;1.0;532;32;530;32;2;12
TE325;15.01.2024;9;1.0;476;39;473;39;3;38
TE325;15.01.2024;10;1.0;423;40;422;40;1;42
TE325;15.01.2024;11;1.0;393;42;392;42;1;37
TE325;15.01.2024;12;1.0;413;42;411;42;2;44
TE325;15.01.2024;13;1.0;396;40;392;40;4;42
TE325;15.01.2024;14;1.0;398;40;397;40;1;41
TE325;15.01.2024;15;1.0;413;39;410;39;3;41
TE325;15.01.2024;16;1.0;439;38;439;38;0;-1
TE325;15.01.2024;17;1.0;433;38;433;38;0;-1
TE325;15.01.2024;18;1.0;333;42;332;42;1;41
TE325;15.01.2024;19;1.0;287;43;287;43;0;-1
TE325;15.01.2024;20;1.0;199;46;199;46;0;-1
TE325;15.01.2024;21;1.0;158;47;157;47;1;48
TE325;15.01.2024;22;1.0;121;50;121;50;0;-1
TE325;15.01.2024;23;1.0;49;51;49;51;0;-1
TE325;16.01.2024;0;1.0;30;50;30;50;0;-1
TE325;16.01.2024;1;1.0;25;50;24;51;1;43
TE325;16.01.2024;2;1.0;16;32;16;32;0;-1
TE325;16.01.2024;8;1.0;537;15;529;15;8;14
TE325;16.01.2024;9;1.0;488;36;486;36;2;36
TE325;16.01.2024;10;1.0;421;38;418;38;3;36
TE325;16.01.2024;14;1.0;441;40;440;40;1;41
TE325;16.01.2024;15;1.0;480;38;477;38;3;37
TE325;16.01.2024;16;1.0;463;38;463;38;0;-1
TE325;16.01.2024;17;1.0;416;41;416;41;0;-1
TE325;16.01.2024;18;1.0;391;42;391;42;0;-1
TE325;16.01.2024;19;1.0;272;45;270;45;2;46
TE325;16.01.2024;20;1.0;185;46;185;46;0;-1
TE325;16.01.2024;21;1.0;142;48;142;48;0;-1
TE325;16.01.2024;22;1.0;122;48;122;48;0;-1
TE325;16.01.2024;23;1.0;92;46;92;46;0;-1
TE325;17.01.2024;0;1.0;41;44;41;44;0;-1
TE325;17.01.2024;1;1.0;29;40;28;40;1;42
TE325;17.01.2024;5;1.0;235;44;230;44;5;43
TE325;17.01.2024;6;1.0;438;38;432;38;6;38
TE325;17.01.2024;7;1.0;560;34;554;34;6;32
TE325;17.01.2024;8;1.0;569;33;563;33;6;29
TE325;17.01.2024;9;1.0;480;39;475;39;5;38
TE325;17.01.2024;10;1.0;482;38;478;38;4;40
TE325;17.01.2024;11;1.0;437;40;425;40;12;40
TE325;17.01.2024;15;1.0;471;31;466;31;5;32
TE325;17.01.2024;16;1.0;454;39;451;39;3;34
TE325;17.01.2024;17;1.0;441;38;441;38;0;-1
TE325;17.01.2024;18;1.0;433;41;432;41;1;41
TE325;17.01.2024;19;1.0;302;43;300;43;2;45
TE325;17.01.2024;20;1.0;202;46;202;46;0;-1
TE325;17.01.2024;21;1.0;164;47;164;47;0;-1
TE325;17.01.2024;22;1.0;136;48;135;48;1;49
TE325;17.01.2024;23;1.0;69;51;69;51;0;-1
TE325;18.01.2024;0;1.0;52;52;52;52;0;-1
TE325;18.01.2024;1;1.0;42;51;41;51;1;49
TE325;18.01.2024;2;1.0;33;51;32;51;1;53
TE325;18.01.2024;3;1.0;31;54;31;54;0;-1
TE325;18.01.2024;4;1.0;86;52;84;52;2;52
TE325;18.01.2024;5;1.0;268;47;264;47;4;46
TE325;18.01.2024;6;1.0;394;41;391;41;3;43
TE325;18.01.2024;7;1.0;561;36;558;36;3;36
TE325;18.01.2024;8;1.0;539;28;528;28;11;29
TE325;18.01.2024;9;1.0;455;41;447;41;8;40
TE325;18.01.2024;10;1.0;439;39;434;39;5;41
TE325;18.01.2024;11;1.0;420;40;414;40;6;41
TE325;18.01.2024;12;1.0;427;39;419;39;8;39
TE325;18.01.2024;13;1.0;402;39;396;39;6;40
TE325;18.01.2024;14;1.0;493;37;486;37;7;38
TE325;18.01.2024;15;1.0;454;31;452;31;2;24
TE325;18.01.2024;16;1.0;496;32;493;32;3;12
TE325;18.01.2024;17;1.0;458;37;457;37;1;36
TE325;18.01.2024;18;1.0;446;38;445;38;1;40
TE325;18.01.2024;19;1.0;317;33;314;34;2;40
TE325;18.01.2024;20;1.0;223;41;220;41;3;39
TE325;18.01.2024;21;1.0;187;42;187;42;0;-1
TE325;18.01.2024;22;1.0;142;45;142;45;0;-1
TE325;18.01.2024;23;1.0;101;46;101;46;0;-1
TE325;19.01.2024;0;1.0;57;45;57;45;0;-1
TE325;19.01.2024;1;1.0;47;46;44;46;3;45
TE325;19.01.2024;2;1.0;27;48;27;48;0;-1
TE325;19.01.2024;3;1.0;29;45;29;45;0;-1
TE325;19.01.2024;4;1.0;84;46;83;46;1;46
TE325;19.01.2024;5;1.0;215;41;212;41;3;40
TE325;19.01.2024;6;1.0;346;38;342;38;4;36
TE325;19.01.2024;7;1.0;510;33;507;33;3;32
TE325;19.01.2024;8;1.0;513;34;512;34;1;34
TE325;19.01.2024;9;1.0;465;36;461;36;4;35
TE325;19.01.2024;10;1.0;483;36;482;36;1;39
TE325;19.01.2024;14;1.0;495;31;489;31;7;31
TE325;19.01.2024;15;1.0;502;36;499;36;3;35
TE325;19.01.2024;16;1.0;460;37;458;37;2;38
TE325;19.01.2024;17;1.0;443;34;438;34;5;15
TE325;19.01.2024;18;1.0;433;39;432;39;1;38
TE325;19.01.2024;19;1.0;359;37;359;37;0;-1
TE325;19.01.2024;23;1.0;143;43;143;43;0;-1
TE325;20.01.2024;0;1.0;112;45;109;45;3;44
TE325;20.01.2024;1;1.0;72;42;71;42;1;44
TE325;20.01.2024;2;1.0;60;44;60;44;0;-1
TE325;20.01.2024;3;1.0;43;46;43;46;0;-1
TE325;20.01.2024;4;1.0;68;45;68;45;0;-1
TE325;20.01.2024;5;1.0;114;45;111;45;3;42
TE325;20.01.2024;6;1.0;86;42;86;42;0;-1
TE325;20.01.2024;7;1.0;154;37;152;37;2;29
TE325;20.01.2024;8;1.0;206;42;206;42;0;-1
TE325;20.01.2024;9;1.0;317;42;316;42;1;38
TE325;20.01.2024;10;1.0;432;41;431;41;1;38
TE325;20.01.2024;11;1.0;463;41;459;41;4;42
TE325;20.01.2024;12;1.0;514;41;509;41;5;39
TE325;20.01.2024;13;1.0;523;38;522;38;1;42
TE325;20.01.2024;14;1.0;511;35;509;35;2;36
TE325;20.01.2024;15;1.0;505;38;502;38;3;42
TE325;20.01.2024;16;1.0;474;37;474;37;0;-1
TE325;20.01.2024;17;1.0;496;39;496;39;0;-1
TE325;20.01.2024;18;1.0;392;41;392;41;0;-1
TE325;20.01.2024;19;1.0;360;40;358;40;2;42
TE325;20.01.2024;20;1.0;248;41;247;41;1;43
TE325;20.01.2024;21;1.0;237;42;237;42;0;-1
TE325;20.01.2024;22;1.0;215;43;215;43;0;-1
TE325;20.01.2024;23;1.0;164;44;164;44;0;-1
TE325;21.01.2024;3;1.0;60;47;60;47;0;-1
TE325;21.01.2024;4;1.0;61;48;60;48;1;49
TE325;21.01.2024;5;1.0;72;50;72;50;0;-1
TE325;21.01.2024;6;1.0;47;49;47;49;0;-1
TE325;21.01.2024;7;1.0;77;50;76;50;1;49
TE325;21.01.2024;8;1.0;107;48;106;48;1;52
TE325;21.01.2024;9;1.0;200;44;200;44;0;-1
TE325;21.01.2024;10;1.0;277;42;277;42;0;-1
TE325;21.01.2024;11;1.0;298;43;298;43;0;-1
TE325;21.01.2024;12;1.0;396;39;396;39;0;-1
TE325;21.01.2024;13;1.0;425;34;425;34;0;-1
TE325;21.01.2024;14;1.0;441;39;441;39;0;-1
TE325;21.01.2024;15;1.0;457;38;456;38;1;36
TE325;21.01.2024;16;1.0;349;38;349;38;0;-1
TE325;21.01.2024;17;1.0;390;38;389;38;1;36
TE325;21.01.2024;18;1.0;321;41;320;41;1;42
TE325;21.01.2024;19;1.0;264;40;264;40;0;-1
TE325;21.01.2024;20;1.0;169;43;169;43;0;-1
TE325;22.01.2024;7;1.0;539;25;528;25;11;23
TE325;22.01.2024;14;1.0;446;38;442;38;4;36
TE325;22.01.2024;15;1.0;439;37;435;37;4;36
TE325;22.01.2024;16;1.0;466;35;458;35;8;38
TE325;22.01.2024;17;1.0;417;39;416;39;1;39
TE325;22.01.2024;18;1.0;387;39;385;39;2;38
TE325;22.01.2024;19;1.0;318;40;316;40;2;38
TE325;22.01.2024;20;1.0;209;41;209;41;0;-1
TE325;22.01.2024;21;1.0;156;43;156;43;0;-1
TE325;22.01.2024;22;1.0;119;46;119;46;0;-1
TE325;22.01.2024;23;1.0;61;45;61;45;0;-1
TE325;23.01.2024;0;1.0;38;44;38;44;0;-1
TE325;23.01.2024;2;1.0;25;47;23;47;2;50
TE325;23.01.2024;3;1.0;17;48;17;48;0;-1
TE325;23.01.2024;4;1.0;77;47;77;47;0;-1
TE325;23.01.2024;5;1.0;276;43;267;43;9;42
TE325;23.01.2024;6;1.0;381;39;379;39;2;39
TE325;23.01.2024;7;1.0;538;34;538;34;0;-1
TE325;23.01.2024;8;1.0;427;25;415;25;12;28
TE325;23.01.2024;9;1.0;491;36;484;36;7;37
TE325;23.01.2024;10;1.0;479;37;470;37;9;36
TE325;23.01.2024;11;1.0;445;38;435;38;10;38
TE325;23.01.2024;12;1.0;426;39;420;39;6;39
TE325;23.01.2024;13;1.0;431;38;427;38;4;38
TE325;23.01.2024;14;1.0;473;36;467;36;6;35
TE325;23.01.2024;15;1.0;480;37;478;37;2;36
TE325;23.01.2024;16;1.0;477;36;473;36;4;36
TE325;23.01.2024;17;1.0;487;37;486;37;1;35
TE325;23.01.2024;18;1.0;391;38;388;38;3;38
TE325;23.01.2024;19;1.0;292;38;291;38;1;37
TE325;23.01.2024;20;1.0;237;39;234;39;3;38
TE325;23.01.2024;21;1.0;177;41;174;41;3;37
TE325;23.01.2024;22;1.0;137;44;137;44;0;-1
TE325;23.01.2024;23;1.0;73;47;73;47;0;-1
TE325;24.01.2024;0;1.0;38;50;37;50;1;36
TE325;24.01.2024;1;1.0;27;49;26;49;1;56
TE325;24.01.2024;2;1.0;15;49;14;49;1;47
TE325;24.01.2024;3;1.0;21;50;21;50;0;-1
TE325;24.01.2024;4;1.0;84;52;82;52;2;49
TE325;24.01.2024;5;1.0;280;45;263;45;17;45
TE325;24.01.2024;6;1.0;417;41;404;41;13;41
TE325;24.01.2024;7;1.0;610;32;597;32;13;33
TE325;24.01.2024;8;1.0;588;27;571;27;17;23
TE325;24.01.2024;9;1.0;530;38;518;38;12;38
TE325;24.01.2024;10;1.0;445;37;437;37;8;33
TE325;24.01.2024;11;1.0;430;37;426;37;4;34
TE325;24.01.2024;12;1.0;449;38;442;38;7;40
TE325;24.01.2024;13;1.0;407;39;398;39;9;41
TE325;24.01.2024;14;1.0;466;38;456;38;10;38
TE325;25.01.2024;1;1.0;35;48;33;48;2;48
TE325;25.01.2024;2;1.0;20;53;19;53;1;53
TE325;25.01.2024;3;1.0;27;46;26;46;1;44
TE325;25.01.2024;4;1.0;81;49;78;49;3;44
TE325;25.01.2024;5;1.0;294;44;289;44;5;42
TE325;25.01.2024;6;1.0;444;40;437;40;7;40
TE325;25.01.2024;7;1.0;621;32;615;32;6;29
TE325;25.01.2024;8;1.0;544;30;537;30;7;20
TE325;25.01.2024;9;1.0;504;37;499;37;5;37
TE325;25.01.2024;10;1.0;458;39;454;39;4;38
TE325;25.01.2024;11;1.0;456;40;451;40;5;39
TE325;25.01.2024;12;1.0;478;39;472;39;6;38
TE325;25.01.2024;13;1.0;438;39;428;39;10;39
TE325;25.01.2024;14;1.0;507;36;505;36;2;39
TE325;25.01.2024;15;1.0;509;30;504;30;5;28
TE325;25.01.2024;16;1.0;429;33;426;33;3;27
TE325;25.01.2024;17;1.0;396;38;396;38;0;-1
TE325;25.01.2024;18;1.0;407;40;407;40;0;-1
TE325;25.01.2024;19;1.0;336;43;335;43;1;41
TE325;25.01.2024;20;1.0;220;45;218;45;2;42
TE325;25.01.2024;21;1.0;191;43;191;43;0;-1
TE325;26.01.2024;1;1.0;34;47;34;47;0;-1
TE325;26.01.2024;2;1.0;28;44;27;45;1;38
TE325;26.01.2024;3;1.0;39;44;38;44;1;47
TE325;26.01.2024;4;1.0;53;33;52;32;1;47
TE325;26.01.2024;12;1.0;518;36;514;36;4;41
TE325;26.01.2024;13;1.0;470;40;468;40;2;38
TE325;26.01.2024;14;1.0;477;32;472;32;5;38
TE325;26.01.2024;15;1.0;369;25;361;25;8;37
TE325;26.01.2024;16;1.0;363;20;358;20;5;11
TE325;26.01.2024;17;1.0;440;36;438;36;2;22
TE325;26.01.2024;18;1.0;432;40;432;40;0;-1
TE325;26.01.2024;19;1.0;352;40;352;40;0;-1
TE325;26.01.2024;20;1.0;266;41;266;41;0;-1
TE325;26.01.2024;21;1.0;214;42;214;42;0;-1
TE325;26.01.2024;22;1.0;202;40;201;40;1;38
TE325;26.01.2024;23;1.0;165;43;165;43;0;-1
TE325;27.01.2024;0;1.0;91;45;89;45;2;38
TE325;27.01.2024;1;1.0;91;45;90;45;1;47
TE325;27.01.2024;2;1.0;67;47;67;47;0;-1
TE325;27.01.2024;3;1.0;54;47;52;47;2;46
TE325;27.01.2024;4;1.0;48;50;46;50;2;45
TE325;27.01.2024;5;1.0;105;46;102;46;3;45
TE325;27.01.2024;6;1.0;95;45;95;45;0;-1
TE325;27.01.2024;7;1.0;126;43;124;43;2;44
TE325;27.01.2024;8;1.0;198;44;198;44;0;-1
TE325;27.01.2024;9;1.0;353;42;353;42;0;-1
TE325;27.01.2024;10;1.0;481;41;479;41;2;41
TE325;27.01.2024;11;1.0;500;42;497;42;3;43
TE325;27.01.2024;12;1.0;512;41;510;41;2;43
TE325;27.01.2024;13;1.0;509;43;508;43;1;44
TE325;27.01.2024;14;1.0;527;38;526;38;1;39
TE325;27.01.2024;15;1.0;521;36;519;36;2;34
TE325;27.01.2024;16;1.0;457;37;457;37;0;-1
TE325;27.01.2024;17;1.0;519;35;516;35;3;35
TE325;27.01.2024;18;1.0;430;34;429;34;1;36
TE325;27.01.2024;19;1.0;416;38;415;38;1;39
TE325;27.01.2024;20;1.0;314;38;314;38;0;-1
TE325;27.01.2024;21;1.0;248;39;248;39;0;-1
TE325;27.01.2024;22;1.0;231;40;231;40;0;-1
TE325;27.01.2024;23;1.0;168;42;167;42;1;43
TE325;28.01.2024;5;1.0;84;36;84;36;0;-1
TE325;28.01.2024;6;1.0;45;35;45;35;0;-1
TE325;28.01.2024;16;1.0;480;30;478;30;2;34
TE325;28.01.2024;17;1.0;427;37;425;37;2;36
TE325;28.01.2024;18;1.0;387;38;385;38;2;38
TE325;28.01.2024;19;1.0;315;39;314;39;1;38
TE325;28.01.2024;20;1.0;194;40;193;40;1;41
TE325;28.01.2024;21;1.0;149;41;148;41;1;41
TE325;28.01.2024;22;1.0;108;37;108;37;0;-1
TE325;28.01.2024;23;1.0;45;45;44;45;1;46
TE325;29.01.2024;0;1.0;42;47;42;47;0;-1
TE325;29.01.2024;1;1.0;23;47;22;46;1;56
TE325;29.01.2024;7;1.0;548;24;547;24;1;40
TE325;29.01.2024;8;1.0;587;29;579;29;8;26
TE325;29.01.2024;9;1.0;492;32;490;32;2;33
TE325;29.01.2024;19;1.0;288;38;285;38;3;38
TE325;29.01.2024;20;1.0;197;39;196;39;1;40
TE325;29.01.2024;21;1.0;167;41;167;41;0;-1
TE325;29.01.2024;22;1.0;102;42;102;42;0;-1
TE325;29.01.2024;23;1.0;69;43;69;43;0;-1
TE325;30.01.2024;0;1.0;42;46;40;47;2;40
TE325;30.01.2024;1;1.0;20;44;19;43;1;58
TE325;30.01.2024;5;1.0;276;40;266;40;10;41
TE325;30.01.2024;6;1.0;432;34;423;34;9;32
TE325;30.01.2024;12;1.0;423;27;408;27;15;25
TE325;30.01.2024;13;1.0;439;36;435;36;4;35
TE325;30.01.2024;14;1.0;438;35;431;35;7;35
TE325;30.01.2024;15;1.0;486;33;483;33;3;31
TE325;30.01.2024;16;1.0;439;36;436;36;3;35
TE325;30.01.2024;17;1.0;448;37;448;37;0;-1
TE325;30.01.2024;18;1.0;361;38;359;38;2;39
TE325;30.01.2024;19;1.0;295;41;292;41;3;40
TE325;30.01.2024;20;1.0;210;43;209;43;1;43
TE325;30.01.2024;21;1.0;181;43;181;43;0;-1
TE325;30.01.2024;22;1.0;134;45;134;45;0;-1
TE325;30.01.2024;23;1.0;57;46;57;46;0;-1
TE325;31.01.2024;0;1.0;36;47;35;47;1;43
TE325;31.01.2024;1;1.0;28;49;25;49;3;43
TE325;31.01.2024;2;1.0;29;50;27;51;2;44
TE325;31.01.2024;3;1.0;24;45;24;45;0;-1
TE325;31.01.2024;4;1.0;89;48;87;48;2;49
TE325;31.01.2024;5;1.0;237;44;229;44;8;43
TE325;31.01.2024;6;1.0;374;42;367;42;7;43
TE325;31.01.2024;7;1.0;516;37;511;37;5;38
TE325;31.01.2024;8;1.0;513;38;507;38;6;39
TE325;31.01.2024;9;1.0;489;39;486;39;3;39
TE325;31.01.2024;10;1.0;434;40;428;40;6;39
TE325;31.01.2024;11;1.0;460;40;451;40;9;40
TE325;31.01.2024;12;1.0;491;41;488;41;3;39
TE325;31.01.2024;13;1.0;418;40;418;40;0;-1
TE325;31.01.2024;14;1.0;412;36;408;36;4;38
TE325;31.01.2024;15;1.0;491;38;490;38;1;35
TE325;31.01.2024;16;1.0;443;37;443;37;0;-1
TE325;31.01.2024;17;1.0;448;38;448;38;0;-1
TE325;31.01.2024;18;1.0;424;41;420;41;4;40
TE325;31.01.2024;19;1.0;303;45;302;45;1;49
TE325;31.01.2024;20;1.0;236;45;236;45;0;-1
TE325;31.01.2024;21;1.0;172;46;172;46;0;-1
TE325;31.01.2024;22;1.0;142;46;142;46;0;-1
TE325;31.01.2024;23;1.0;96;48;96;48;0;-1
TE329;01.01.2024;0;1.0;191;4;188;4;3;20
TE329;01.01.2024;1;1.0;277;4;275;4;2;38
TE329;01.01.2024;2;1.0;264;4;260;4;4;21
TE329;01.01.2024;3;1.0;256;4;253;3;3;24
TE329;01.01.2024;4;1.0;188;5;185;5;3;24
TE329;01.01.2024;5;1.0;206;16;193;15;13;40
TE329;01.01.2024;6;1.0;180;4;180;4;0;-1
TE329;01.01.2024;7;1.0;148;5;148;5;0;-1
TE329;01.01.2024;8;1.0;95;16;87;15;8;24
TE329;01.01.2024;9;1.0;93;6;90;5;3;30
TE329;01.01.2024;10;1.0;130;5;125;4;5;30
TE329;01.01.2024;11;1.0;174;6;166;4;8;31
TE329;01.01.2024;12;1.0;230;5;228;5;2;29
TE329;01.01.2024;13;1.0;273;5;271;5;2;24
TE329;01.01.2024;14;1.0;374;4;373;4;1;21
TE329;01.01.2024;15;1.0;353;5;352;5;1;25
TE329;01.01.2024;16;1.0;377;5;373;5;4;18
TE329;01.01.2024;17;1.0;448;4;442;4;6;27
TE329;01.01.2024;18;1.0;349;5;347;5;2;24
TE329;01.01.2024;19;1.0;342;6;339;6;3;25
TE329;01.01.2024;20;1.0;310;4;309;4;1;24
TE329;01.01.2024;21;1.0;302;5;302;5;0;-1
TE329;01.01.2024;22;1.0;260;5;260;5;0;-1
TE329;01.01.2024;23;1.0;183;5;177;4;6;33
TE329;02.01.2024;0;1.0;150;4;146;3;4;35
TE329;02.01.2024;1;1.0;110;5;110;5;0;-1
TE329;02.01.2024;2;1.0;71;5;69;4;2;36
TE329;02.01.2024;3;1.0;59;6;56;5;3;27
TE329;02.01.2024;4;1.0;67;4;66;4;1;39
TE329;02.01.2024;5;1.0;171;6;163;5;8;29
TE329;02.01.2024;6;1.0;320;5;315;4;5;21
TE329;02.01.2024;7;1.0;253;5;248;5;5;28
TE329;02.01.2024;8;1.0;340;6;333;6;7;26
TE329;02.01.2024;9;1.0;336;4;330;4;6;25
TE329;02.01.2024;10;1.0;327;4;324;4;3;23
TE329;02.01.2024;11;1.0;321;5;308;4;12;16
TE329;02.01.2024;12;1.0;444;4;440;4;4;25
TE329;02.01.2024;13;1.0;443;5;420;5;23;4
TE329;02.01.2024;14;1.0;322;7;310;7;12;20
TE329;02.01.2024;15;1.0;490;4;488;4;2;20
TE329;02.01.2024;16;1.0;483;5;477;4;6;28
TE329;02.01.2024;17;1.0;563;4;559;4;4;21
TE329;02.01.2024;18;1.0;413;4;409;4;4;26
TE329;02.01.2024;19;1.0;412;5;409;5;3;23
TE329;02.01.2024;20;1.0;343;6;263;6;80;4
TE329;02.01.2024;21;1.0;250;5;245;4;5;33
TE329;02.01.2024;22;1.0;233;5;228;4;5;30
TE329;02.01.2024;23;1.0;210;5;207;5;3;16
TE329;03.01.2024;0;1.0;137;5;129;4;8;14
TE329;03.01.2024;1;1.0;96;4;95;3;1;28
TE329;03.01.2024;2;1.0;72;5;68;4;3;27
TE329;03.01.2024;3;1.0;70;6;69;6;1;31
TE329;03.01.2024;4;1.0;72;5;69;4;3;37
TE329;03.01.2024;5;1.0;151;6;141;4;10;32
TE329;03.01.2024;6;1.0;237;5;231;4;6;30
TE329;03.01.2024;7;1.0;210;7;196;5;14;29
TE329;03.01.2024;8;1.0;355;5;350;5;5;25
TE329;03.01.2024;9;1.0;297;6;293;6;4;26
TE329;03.01.2024;10;1.0;370;4;370;4;0;-1
TE329;03.01.2024;11;1.0;382;5;381;4;1;18
TE329;03.01.2024;12;1.0;396;6;387;4;9;20
TE329;03.01.2024;13;1.0;286;5;277;5;9;11
TE329;03.01.2024;14;1.0;385;6;370;5;15;23
TE329;03.01.2024;15;1.0;387;4;382;4;6;13
TE329;03.01.2024;16;1.0;482;6;470;5;12;25
TE329;03.01.2024;17;1.0;436;5;428;5;8;18
TE329;03.01.2024;18;1.0;485;5;477;5;8;23
TE329;03.01.2024;19;1.0;375;4;375;4;0;-1
TE329;03.01.2024;20;1.0;337;4;335;4;2;28
TE329;03.01.2024;21;1.0;277;5;273;5;4;24
TE329;03.01.2024;22;1.0;209;5;208;5;1;31
TE329;03.01.2024;23;1.0;152;5;147;4;5;26
TE329;04.01.2024;0;1.0;145;4;144;4;1;35
TE329;04.01.2024;1;1.0;102;4;101;4;1;31
TE329;04.01.2024;2;1.0;74;4;73;4;1;41
TE329;04.01.2024;3;1.0;69;6;68;6;1;31
TE329;04.01.2024;4;1.0;63;9;42;9;21;8
TE329;04.01.2024;5;1.0;141;5;138;4;3;29
TE329;04.01.2024;6;1.0;286;5;280;4;6;33
TE329;04.01.2024;7;1.0;371;6;358;5;13;26
TE329;04.01.2024;8;1.0;374;5;369;4;5;31
TE329;04.01.2024;9;1.0;426;5;420;5;6;26
TE329;04.01.2024;10;1.0;442;5;429;4;13;21
TE329;04.01.2024;11;1.0;259;5;252;5;7;26
TE329;04.01.2024;12;1.0;329;5;324;5;5;19
TE329;04.01.2024;13;1.0;329;5;321;5;8;19
TE329;04.01.2024;14;1.0;333;6;317;5;16;15
TE329;04.01.2024;15;1.0;429;5;417;4;12;22
TE329;04.01.2024;16;1.0;415;5;412;5;3;24
TE329;04.01.2024;17;1.0;458;5;448;5;10;20
TE329;04.01.2024;18;1.0;515;5;507;5;8;23
TE329;04.01.2024;19;1.0;366;5;256;6;110;3
TE329;04.01.2024;20;1.0;351;5;349;5;2;28
TE329;04.01.2024;21;1.0;277;6;274;5;3;25
TE329;04.01.2024;22;1.0;250;5;245;4;5;36
TE329;04.01.2024;23;1.0;135;6;135;6;0;-1
TE329;05.01.2024;0;1.0;137;4;137;4;0;-1
TE329;05.01.2024;1;1.0;104;3;104;3;0;-1
TE329;05.01.2024;2;1.0;94;4;93;4;1;52
TE329;05.01.2024;3;1.0;80;5;79;5;1;57
TE329;05.01.2024;4;1.0;64;6;64;6;0;-1
TE329;05.01.2024;5;1.0;157;6;150;5;7;34
TE329;05.01.2024;6;1.0;248;4;243;4;5;36
TE329;05.01.2024;7;1.0;323;6;312;5;11;32
TE329;05.01.2024;8;1.0;333;5;328;4;5;30
TE329;05.01.2024;9;1.0;371;5;368;5;3;24
TE329;05.01.2024;10;1.0;388;4;387;4;1;41
TE329;05.01.2024;11;1.0;403;3;401;3;2;3
TE329;05.01.2024;12;1.0;382;5;365;4;17;13
TE329;05.01.2024;13;1.0;429;5;404;5;24;10
TE329;05.01.2024;14;1.0;421;4;418;4;3;21
TE329;05.01.2024;15;1.0;419;5;412;5;7;20
TE329;05.01.2024;16;1.0;427;5;421;5;6;22
TE329;05.01.2024;17;1.0;439;5;435;5;4;23
TE329;05.01.2024;18;1.0;477;5;474;5;3;24
TE329;05.01.2024;19;1.0;427;4;425;4;2;19
TE329;05.01.2024;20;1.0;402;5;398;5;4;22
TE329;05.01.2024;21;1.0;269;5;268;5;1;25
TE329;05.01.2024;22;1.0;293;5;290;5;3;28
TE329;05.01.2024;23;1.0;277;4;274;4;3;24
TE329;06.01.2024;0;1.0;186;4;184;4;2;37
TE329;06.01.2024;1;1.0;169;4;167;3;2;38
TE329;06.01.2024;2;1.0;122;4;122;4;0;-1
TE329;06.01.2024;3;1.0;79;5;78;5;1;30
TE329;06.01.2024;4;1.0;76;4;74;3;2;30
TE329;06.01.2024;5;1.0;112;5;109;5;2;21
TE329;06.01.2024;6;1.0;130;4;127;4;3;36
TE329;06.01.2024;7;1.0;115;5;113;4;2;33
TE329;06.01.2024;8;1.0;184;5;182;4;2;42
TE329;06.01.2024;9;1.0;234;5;217;5;17;5
TE329;06.01.2024;10;1.0;309;5;293;4;16;12
TE329;06.01.2024;11;1.0;339;4;309;4;30;4
TE329;06.01.2024;12;1.0;347;6;340;4;8;16
TE329;06.01.2024;13;1.0;437;5;430;5;7;20
TE329;06.01.2024;14;1.0;397;5;384;5;12;20
TE329;06.01.2024;15;1.0;315;5;290;5;26;5
TE329;06.01.2024;16;1.0;382;5;367;4;15;15
TE329;06.01.2024;17;1.0;424;5;417;4;7;16
TE329;06.01.2024;19;1.0;407;4;403;4;4;11
TE329;06.01.2024;20;1.0;388;5;385;4;3;25
TE329;06.01.2024;21;1.0;329;4;327;4;2;26
TE329;06.01.2024;22;1.0;324;4;322;4;2;14
TE329;06.01.2024;23;1.0;254;5;249;4;5;21
TE329;07.01.2024;0;1.0;192;4;192;4;0;-1
TE329;07.01.2024;1;1.0;184;4;183;3;1;36
TE329;07.01.2024;2;1.0;127;4;126;4;1;27
TE329;07.01.2024;3;1.0;119;4;117;4;2;24
TE329;07.01.2024;4;1.0;111;5;108;4;3;20
TE329;07.01.2024;5;1.0;96;5;94;5;2;30
TE329;07.01.2024;6;1.0;86;5;84;5;2;38
TE329;07.01.2024;7;1.0;80;5;62;5;18;5
TE329;07.01.2024;8;1.0;90;5;85;4;5;17
TE329;07.01.2024;9;1.0;160;4;156;4;4;18
TE329;07.01.2024;10;1.0;197;5;192;4;5;17
TE329;07.01.2024;11;1.0;266;5;238;4;28;6
TE329;07.01.2024;12;1.0;315;5;313;4;2;21
TE329;07.01.2024;13;1.0;361;4;359;4;2;13
TE329;07.01.2024;14;1.0;438;4;438;4;0;-1
TE329;07.01.2024;15;1.0;407;5;401;4;6;14
TE329;07.01.2024;16;1.0;350;5;343;5;7;28
TE329;07.01.2024;17;1.0;405;5;395;5;10;20
TE329;07.01.2024;18;1.0;386;5;377;5;9;26
TE329;07.01.2024;19;1.0;330;5;326;5;4;24
TE329;07.01.2024;20;1.0;305;5;302;4;3;25
TE329;07.01.2024;21;1.0;304;5;298;4;6;20
TE329;07.01.2024;22;1.0;256;4;254;4;2;24
TE329;07.01.2024;23;1.0;194;4;194;4;0;-1
TE329;08.01.2024;0;1.0;151;4;151;4;0;-1
TE329;08.01.2024;1;1.0;96;4;94;3;2;18
TE329;08.01.2024;2;1.0;71;3;71;3;0;-1
TE329;08.01.2024;3;1.0;60;6;55;4;5;20
TE329;08.01.2024;4;1.0;66;6;66;6;0;-1
TE329;08.01.2024;11;1.0;424;5;411;4;13;33
TE329;08.01.2024;12;1.0;400;6;388;5;12;29
TE329;08.01.2024;13;1.0;370;5;344;4;26;10
TE329;08.01.2024;14;1.0;300;5;295;5;5;13
TE329;08.01.2024;15;1.0;448;4;444;4;4;22
TE329;08.01.2024;16;1.0;362;6;349;6;13;22
TE329;08.01.2024;17;1.0;497;5;489;5;8;18
TE329;08.01.2024;18;1.0;500;5;488;4;12;28
TE329;09.01.2024;13;1.0;336;3;326;3;10;12
TE329;09.01.2024;14;1.0;317;5;305;4;13;16
TE329;09.01.2024;15;1.0;433;5;426;5;7;12
TE329;09.01.2024;16;1.0;444;5;426;4;18;26
TE329;09.01.2024;17;1.0;360;7;346;6;13;19
TE329;09.01.2024;18;1.0;411;4;407;4;4;17
TE329;09.01.2024;19;1.0;402;5;393;4;9;23
TE329;09.01.2024;20;1.0;329;5;323;5;6;27
TE329;09.01.2024;21;1.0;310;4;308;4;2;25
TE329;09.01.2024;22;1.0;274;5;269;5;5;28
TE329;09.01.2024;23;1.0;169;5;168;5;1;22
TE329;10.01.2024;0;1.0;151;4;150;4;1;29
TE329;10.01.2024;1;1.0;89;3;89;3;0;-1
TE329;10.01.2024;2;1.0;60;4;56;4;4;13
TE329;10.01.2024;3;1.0;78;22;70;22;8;29
TE329;10.01.2024;4;1.0;91;7;91;7;0;-1
TE329;10.01.2024;5;1.0;205;5;198;4;7;30
TE329;10.01.2024;6;1.0;324;5;316;4;8;37
TE329;10.01.2024;7;1.0;484;5;474;5;10;28
TE329;10.01.2024;8;1.0;448;4;442;4;6;19
TE329;10.01.2024;9;1.0;434;5;421;4;13;18
TE329;10.01.2024;10;1.0;443;5;436;5;7;17
TE329;10.01.2024;11;1.0;320;5;307;4;13;25
TE329;10.01.2024;12;1.0;351;5;345;5;6;16
TE329;10.01.2024;13;1.0;385;5;373;4;12;15
TE329;10.01.2024;14;1.0;426;5;417;5;9;20
TE329;10.01.2024;15;1.0;495;25;419;19;76;59
TE329;10.01.2024;19;1.0;434;40;344;37;91;46
TE329;10.01.2024;20;1.0;412;39;389;39;23;37
TE329;10.01.2024;21;1.0;354;36;330;36;24;34
TE329;10.01.2024;22;1.0;302;31;284;30;18;30
TE329;10.01.2024;23;1.0;233;41;220;41;13;42
TE329;11.01.2024;0;1.0;174;39;165;39;9;40
TE329;11.01.2024;1;1.0;108;61;72;54;36;75
TE329;11.01.2024;2;1.0;82;29;79;29;3;32
TE329;11.01.2024;3;1.0;70;21;68;21;2;37
TE329;11.01.2024;4;1.0;81;5;78;5;3;12
TE329;11.01.2024;5;1.0;173;4;170;4;3;33
TE329;11.01.2024;6;1.0;359;4;358;4;1;41
TE329;11.01.2024;7;1.0;481;4;479;4;2;24
TE329;11.01.2024;8;1.0;528;4;527;4;1;36
TE329;11.01.2024;9;1.0;474;4;470;4;4;20
TE329;11.01.2024;10;1.0;382;5;373;4;9;28
TE329;11.01.2024;11;1.0;395;4;385;3;10;28
TE329;11.01.2024;12;1.0;387;5;380;5;7;16
TE329;11.01.2024;13;1.0;316;6;305;5;11;22
TE329;11.01.2024;14;1.0;351;6;337;5;14;26
TE329;11.01.2024;15;1.0;328;4;324;4;3;20
TE329;11.01.2024;16;1.0;538;5;527;4;11;18
TE329;11.01.2024;17;1.0;527;5;515;4;12;16
TE329;11.01.2024;18;1.0;464;4;457;4;6;12
TE329;11.01.2024;19;1.0;446;5;439;5;7;21
TE329;11.01.2024;20;1.0;306;5;301;4;5;26
TE329;11.01.2024;21;1.0;282;4;276;4;6;18
TE329;11.01.2024;22;1.0;290;5;288;5;2;31
TE329;11.01.2024;23;1.0;243;7;231;7;12;10
TE329;12.01.2024;5;1.0;210;75;92;76;117;74
TE329;12.01.2024;6;1.0;413;83;165;83;248;82
TE329;12.01.2024;7;1.0;530;67;159;69;372;66
TE329;12.01.2024;8;1.0;571;66;173;65;398;68
TE329;12.01.2024;9;1.0;500;72;92;68;407;74
TE329;12.01.2024;10;1.0;470;75;88;77;382;75
TE329;12.01.2024;11;1.0;449;50;212;36;237;63
TE329;12.01.2024;12;1.0;357;5;344;5;13;15
TE329;12.01.2024;13;1.0;316;5;304;5;12;12
TE329;12.01.2024;14;1.0;382;4;373;3;9;28
TE329;12.01.2024;15;1.0;467;4;460;4;7;16
TE329;12.01.2024;16;1.0;508;5;495;4;13;25
TE329;12.01.2024;17;1.0;497;4;488;4;9;11
TE329;12.01.2024;18;1.0;584;5;573;4;11;17
TE329;12.01.2024;19;1.0;424;5;422;5;2;24
TE329;12.01.2024;20;1.0;408;5;406;5;2;27
TE329;12.01.2024;21;1.0;303;5;300;5;3;30
TE329;12.01.2024;22;1.0;327;5;326;5;1;18
TE329;12.01.2024;23;1.0;281;4;280;4;1;18
TE329;13.01.2024;0;1.0;179;4;179;4;0;-1
TE329;13.01.2024;1;1.0;170;4;170;4;0;-1
TE329;13.01.2024;2;1.0;137;4;136;4;1;40
TE329;13.01.2024;3;1.0;107;5;106;4;1;32
TE329;13.01.2024;4;1.0;94;5;92;4;2;25
TE329;13.01.2024;5;1.0;118;4;117;4;1;23
TE329;13.01.2024;6;1.0;114;7;113;6;1;44
TE329;13.01.2024;7;1.0;142;6;139;5;3;30
TE329;13.01.2024;8;1.0;153;4;150;4;3;38
TE329;13.01.2024;9;1.0;247;4;245;4;2;32
TE329;13.01.2024;10;1.0;331;4;328;4;3;30
TE329;13.01.2024;11;1.0;355;4;350;4;5;13
TE329;13.01.2024;12;1.0;361;5;355;5;6;18
TE329;13.01.2024;13;1.0;355;6;342;5;13;23
TE329;13.01.2024;14;1.0;351;6;323;5;28;11
TE329;13.01.2024;17;1.0;416;5;406;4;10;23
TE329;13.01.2024;18;1.0;421;5;416;5;5;25
TE329;13.01.2024;19;1.0;357;5;353;5;4;17
TE329;13.01.2024;20;1.0;386;5;380;4;7;9
TE329;13.01.2024;21;1.0;318;5;313;5;5;17
TE329;13.01.2024;22;1.0;298;4;294;4;4;22
TE329;13.01.2024;23;1.0;296;4;295;4;1;38
TE329;14.01.2024;0;1.0;219;4;216;4;3;21
TE329;14.01.2024;1;1.0;195;4;195;4;0;-1
TE329;14.01.2024;2;1.0;172;25;169;24;3;31
TE329;14.01.2024;3;1.0;142;39;139;39;3;43
TE329;14.01.2024;4;1.0;101;27;98;27;3;31
TE329;14.01.2024;5;1.0;118;17;111;14;7;57
TE329;14.01.2024;9;1.0;215;65;78;63;137;67
TE329;14.01.2024;10;1.0;282;72;56;65;226;74
TE329;14.01.2024;11;1.0;358;66;90;64;268;67
TE329;14.01.2024;12;1.0;405;73;80;70;325;74
TE329;14.01.2024;14;1.0;523;65;127;59;395;68
TE329;14.01.2024;15;1.0;543;74;78;69;466;74
TE329;14.01.2024;19;1.0;449;86;183;84;266;89
TE329;14.01.2024;20;1.0;361;82;123;82;238;82
TE329;14.01.2024;21;1.0;305;65;169;58;136;72
TE329;14.01.2024;22;1.0;262;68;161;63;101;77
TE329;15.01.2024;0;1.0;137;56;72;52;65;62
TE329;15.01.2024;1;1.0;101;68;48;71;53;66
TE329;15.01.2024;2;1.0;77;69;28;71;49;68
TE329;15.01.2024;4;1.0;92;64;30;56;62;68
TE329;15.01.2024;6;1.0;404;67;137;67;267;68
TE329;15.01.2024;7;1.0;562;87;153;85;409;89
TE329;15.01.2024;12;1.0;431;30;333;25;98;49
TE329;15.01.2024;13;1.0;357;11;336;10;21;27
TE329;15.01.2024;14;1.0;492;61;262;39;230;86
TE329;15.01.2024;15;1.0;456;5;450;4;6;24
TE329;15.01.2024;16;1.0;547;9;496;10;51;7
TE329;15.01.2024;17;1.0;524;16;506;15;18;22
TE329;15.01.2024;18;1.0;335;5;324;4;11;22
TE329;15.01.2024;19;1.0;294;6;289;5;5;21
TE329;15.01.2024;20;1.0;329;4;323;4;5;18
TE329;15.01.2024;21;1.0;253;6;249;5;4;29
TE329;15.01.2024;22;1.0;233;5;230;5;3;22
TE329;15.01.2024;23;1.0;203;5;198;5;5;26
TE329;16.01.2024;0;1.0;117;5;115;4;2;40
TE329;16.01.2024;1;1.0;84;5;83;5;1;23
TE329;16.01.2024;2;1.0;30;7;30;7;0;-1
TE329;16.01.2024;3;1.0;55;5;54;4;1;38
TE329;16.01.2024;4;1.0;83;6;82;6;1;38
TE329;16.01.2024;5;1.0;192;16;185;16;7;24
TE329;16.01.2024;6;1.0;329;22;305;22;24;31
TE329;16.01.2024;7;1.0;431;4;424;4;7;19
TE329;16.01.2024;8;1.0;431;10;424;10;7;21
TE329;16.01.2024;9;1.0;347;6;338;5;9;19
TE329;16.01.2024;10;1.0;374;4;372;4;2;10
TE329;16.01.2024;11;1.0;428;3;427;3;1;3
TE329;16.01.2024;12;1.0;371;4;370;4;1;3
TE329;16.01.2024;13;1.0;322;6;311;5;11;19
TE329;16.01.2024;14;1.0;285;6;279;5;7;10
TE329;16.01.2024;15;1.0;403;5;393;5;10;24
TE329;16.01.2024;16;1.0;441;5;433;5;8;23
TE329;16.01.2024;17;1.0;400;5;392;5;8;22
TE329;16.01.2024;18;1.0;457;4;457;4;0;-1
TE329;16.01.2024;19;1.0;334;5;327;5;7;11
TE329;16.01.2024;20;1.0;316;4;316;4;0;-1
TE329;16.01.2024;21;1.0;283;4;280;4;3;23
TE329;16.01.2024;22;1.0;234;5;230;4;4;26
TE329;16.01.2024;23;1.0;181;5;179;5;2;29
TE329;17.01.2024;0;1.0;156;5;154;5;2;29
TE329;17.01.2024;1;1.0;77;4;76;4;1;3
TE329;17.01.2024;2;1.0;68;5;64;3;4;37
TE329;17.01.2024;3;1.0;68;5;67;4;1;26
TE329;17.01.2024;4;1.0;82;6;78;6;4;26
TE329;17.01.2024;5;1.0;138;5;135;5;3;30
TE329;17.01.2024;6;1.0;370;5;361;4;9;23
TE329;17.01.2024;7;1.0;437;6;429;5;8;31
TE329;17.01.2024;8;1.0;509;5;500;4;9;24
TE329;17.01.2024;9;1.0;320;5;313;5;7;17
TE329;17.01.2024;10;1.0;321;4;318;4;3;23
TE329;17.01.2024;11;1.0;336;5;326;4;9;15
TE329;17.01.2024;12;1.0;397;4;386;4;11;22
TE329;17.01.2024;13;1.0;287;6;281;6;6;22
TE329;17.01.2024;14;1.0;294;6;280;5;14;25
TE329;17.01.2024;15;1.0;472;5;467;5;5;23
TE329;17.01.2024;16;1.0;387;7;373;7;14;21
TE329;17.01.2024;17;1.0;485;6;471;5;14;23
TE329;17.01.2024;18;1.0;438;5;436;5;2;20
TE329;17.01.2024;19;1.0;383;5;381;5;2;12
TE329;17.01.2024;20;1.0;313;4;312;4;1;20
TE329;17.01.2024;21;1.0;254;4;251;4;3;26
TE329;17.01.2024;22;1.0;233;5;233;5;0;-1
TE329;17.01.2024;23;1.0;212;5;209;4;3;19
TE329;18.01.2024;0;1.0;156;6;154;5;2;36
TE329;18.01.2024;1;1.0;101;4;100;3;1;44
TE329;18.01.2024;2;1.0;92;6;91;5;1;44
TE329;18.01.2024;3;1.0;77;5;76;5;1;34
TE329;18.01.2024;4;1.0;95;7;93;6;2;35
TE329;18.01.2024;5;1.0;167;5;163;4;4;34
TE329;18.01.2024;6;1.0;366;4;364;4;2;23
TE329;18.01.2024;7;1.0;431;5;426;4;5;27
TE329;18.01.2024;8;1.0;502;5;497;5;5;25
TE329;18.01.2024;9;1.0;418;6;406;5;12;27
TE329;18.01.2024;10;1.0;370;3;368;3;2;20
TE329;18.01.2024;11;1.0;366;4;355;3;12;18
TE329;18.01.2024;12;1.0;378;5;367;4;11;25
TE329;18.01.2024;13;1.0;347;5;336;5;11;19
TE329;18.01.2024;14;1.0;355;7;344;6;11;21
TE329;18.01.2024;15;1.0;394;5;392;5;2;26
TE329;18.01.2024;16;1.0;469;5;460;5;9;16
TE329;18.01.2024;17;1.0;488;5;476;4;12;20
TE329;18.01.2024;18;1.0;455;5;449;5;6;19
TE329;18.01.2024;19;1.0;332;5;330;5;2;12
TE329;18.01.2024;20;1.0;305;5;302;5;3;17
TE329;18.01.2024;21;1.0;284;6;277;5;7;27
TE329;18.01.2024;22;1.0;240;5;237;5;3;28
TE329;18.01.2024;23;1.0;208;4;206;4;2;22
TE329;19.01.2024;0;1.0;158;4;157;4;1;21
TE329;19.01.2024;1;1.0;90;5;90;5;0;-1
TE329;19.01.2024;2;1.0;83;4;82;3;1;38
TE329;19.01.2024;3;1.0;81;5;77;5;4;20
TE329;19.01.2024;4;1.0;73;7;69;5;4;35
TE329;19.01.2024;5;1.0;156;6;152;6;4;32
TE329;19.01.2024;6;1.0;334;3;329;3;5;21
TE329;19.01.2024;7;1.0;321;5;313;4;8;32
TE329;19.01.2024;8;1.0;465;5;458;5;7;23
TE329;19.01.2024;9;1.0;330;7;319;5;11;22
TE329;19.01.2024;10;1.0;276;4;273;4;3;23
TE329;19.01.2024;11;1.0;395;4;383;4;12;22
TE329;19.01.2024;12;1.0;389;6;380;5;9;12
TE329;19.01.2024;13;1.0;256;7;246;7;10;18
TE329;19.01.2024;15;1.0;479;5;473;5;6;18
TE329;19.01.2024;16;1.0;503;5;496;4;7;21
TE329;19.01.2024;17;1.0;500;5;497;5;3;8
TE329;19.01.2024;18;1.0;545;5;535;4;10;21
TE329;19.01.2024;19;1.0;398;5;353;5;44;5
TE329;19.01.2024;20;1.0;413;5;412;5;1;20
TE329;19.01.2024;21;1.0;334;4;332;4;2;35
TE329;19.01.2024;22;1.0;305;5;304;5;1;24
TE329;19.01.2024;23;1.0;262;4;257;4;5;28
TE329;20.01.2024;0;1.0;232;14;227;13;5;21
TE329;20.01.2024;1;1.0;158;4;157;4;1;35
TE329;20.01.2024;2;1.0;131;4;129;4;2;28
TE329;20.01.2024;3;1.0;131;5;130;5;1;42
TE329;20.01.2024;4;1.0;98;5;96;4;2;26
TE329;20.01.2024;5;1.0;105;5;103;4;2;30
TE329;20.01.2024;6;1.0;143;5;140;4;3;33
TE329;20.01.2024;7;1.0;123;5;121;5;2;36
TE329;20.01.2024;8;1.0;165;5;162;4;3;20
TE329;20.01.2024;9;1.0;299;4;298;4;1;30
TE329;20.01.2024;10;1.0;348;5;343;4;5;28
TE329;20.01.2024;11;1.0;338;4;335;4;3;21
TE329;20.01.2024;12;1.0;363;5;351;4;11;16
TE329;20.01.2024;13;1.0;438;5;429;5;9;18
TE329;20.01.2024;14;1.0;273;5;242;4;31;18
TE329;20.01.2024;15;1.0;286;6;275;5;11;18
TE329;20.01.2024;16;1.0;257;6;234;5;23;15
TE329;20.01.2024;17;1.0;416;5;403;5;13;14
TE329;20.01.2024;18;1.0;436;5;427;5;8;12
TE329;20.01.2024;19;1.0;460;4;453;4;7;11
TE329;20.01.2024;20;1.0;318;5;249;5;69;6
TE329;20.01.2024;21;1.0;322;4;322;4;0;-1
TE329;20.01.2024;22;1.0;279;4;277;4;2;14
TE329;20.01.2024;23;1.0;304;4;304;4;0;-1
TE329;21.01.2024;0;1.0;235;9;223;8;12;30
TE329;21.01.2024;1;1.0;204;41;147;37;57;53
TE329;21.01.2024;2;1.0;194;66;146;62;48;79
TE329;21.01.2024;3;1.0;209;44;203;44;6;44
TE329;21.01.2024;4;1.0;118;42;108;42;10;41
TE329;21.01.2024;5;1.0;127;37;123;37;4;36
TE329;21.01.2024;6;1.0;123;44;114;44;9;40
TE329;21.01.2024;7;1.0;110;49;95;49;15;50
TE329;21.01.2024;8;1.0;139;42;124;42;15;42
TE329;21.01.2024;9;1.0;241;47;194;44;47;62
TE329;21.01.2024;10;1.0;322;38;294;38;28;44
TE329;21.01.2024;11;1.0;391;58;275;52;116;70
TE329;21.01.2024;12;1.0;404;67;100;53;304;72
TE329;21.01.2024;16;1.0;419;19;383;15;37;61
TE329;21.01.2024;19;1.0;461;65;142;45;320;74
TE329;21.01.2024;20;1.0;369;28;342;27;27;36
TE329;21.01.2024;21;1.0;278;40;161;30;117;52
TE329;21.01.2024;22;1.0;281;39;215;34;67;52
TE329;21.01.2024;23;1.0;230;60;83;45;146;70
TE329;22.01.2024;2;1.0;102;45;80;42;22;56
TE329;22.01.2024;3;1.0;71;18;65;18;6;19
TE329;22.01.2024;4;1.0;75;6;74;6;1;3
TE329;22.01.2024;5;1.0;173;5;164;4;9;35
TE329;22.01.2024;6;1.0;280;5;275;4;5;25
TE329;22.01.2024;7;1.0;354;5;352;5;2;26
TE329;22.01.2024;8;1.0;375;6;359;5;15;15
TE329;22.01.2024;9;1.0;271;6;260;5;11;20
TE329;22.01.2024;10;1.0;347;4;337;4;10;17
TE329;22.01.2024;11;1.0;417;5;408;4;9;23
TE329;22.01.2024;12;1.0;360;6;345;5;15;18
TE329;22.01.2024;13;1.0;314;5;295;4;19;14
TE329;22.01.2024;14;1.0;384;5;375;5;9;21
TE329;22.01.2024;15;1.0;549;29;381;19;168;53
TE329;22.01.2024;16;1.0;736;66;192;63;544;66
TE329;22.01.2024;17;1.0;600;63;120;52;479;67
TE329;22.01.2024;22;1.0;270;66;60;61;210;68
TE329;23.01.2024;6;1.0;422;83;126;86;296;82
TE329;23.01.2024;7;1.0;535;79;125;71;410;82
TE329;23.01.2024;15;1.0;586;71;89;55;497;74
TE329;23.01.2024;18;1.0;579;63;119;50;460;68
TE329;23.01.2024;19;1.0;583;73;126;67;457;75
TE329;23.01.2024;20;1.0;545;79;151;74;394;82
TE329;23.01.2024;21;1.0;364;66;100;63;263;68
TE329;23.01.2024;22;1.0;358;71;79;58;279;75
TE329;23.01.2024;23;1.0;252;67;72;66;180;67
TE329;24.01.2024;0;1.0;126;65;41;62;85;68
TE329;24.01.2024;7;1.0;639;59;229;37;410;70
TE329;24.01.2024;8;1.0;331;11;292;8;39;32
TE329;24.01.2024;9;1.0;343;6;331;5;12;18
TE329;24.01.2024;10;1.0;244;5;231;4;13;15
TE329;24.01.2024;11;1.0;290;4;288;4;2;14
TE329;24.01.2024;12;1.0;360;4;333;4;27;4
TE329;24.01.2024;13;1.0;281;6;272;5;9;20
TE329;24.01.2024;14;1.0;291;5;282;5;9;10
TE329;24.01.2024;15;1.0;445;5;437;5;8;20
TE329;24.01.2024;16;1.0;435;5;424;5;11;20
TE329;24.01.2024;17;1.0;395;5;384;6;10;19
TE329;24.01.2024;18;1.0;377;4;372;4;5;15
TE329;24.01.2024;19;1.0;370;5;360;4;10;12
TE329;24.01.2024;20;1.0;392;4;391;4;1;13
TE329;24.01.2024;21;1.0;325;38;292;36;33;56
TE329;24.01.2024;22;1.0;288;36;271;36;17;38
TE329;24.01.2024;23;1.0;222;18;214;18;8;27
TE329;25.01.2024;0;1.0;191;9;187;8;4;22
TE329;25.01.2024;1;1.0;128;18;126;18;2;33
TE329;25.01.2024;2;1.0;76;12;74;10;2;32
TE329;25.01.2024;3;1.0;77;4;76;4;1;42
TE329;25.01.2024;4;1.0;97;4;95;3;2;33
TE329;25.01.2024;5;1.0;203;4;201;4;2;36
TE329;25.01.2024;6;1.0;326;4;324;4;2;31
TE329;25.01.2024;7;1.0;404;4;393;4;10;15
TE329;25.01.2024;8;1.0;351;6;343;6;8;12
TE329;25.01.2024;9;1.0;232;6;220;6;12;14
TE329;25.01.2024;10;1.0;272;6;264;5;8;22
TE329;25.01.2024;11;1.0;329;5;327;5;2;9
TE329;25.01.2024;12;1.0;292;5;287;5;5;13
TE329;25.01.2024;13;1.0;274;6;261;6;13;19
TE329;25.01.2024;14;1.0;324;6;312;5;12;21
TE329;25.01.2024;15;1.0;371;5;362;5;9;15
TE329;25.01.2024;16;1.0;411;5;401;5;10;24
TE329;25.01.2024;17;1.0;456;5;447;5;9;14
TE329;25.01.2024;18;1.0;499;5;492;5;7;19
TE329;25.01.2024;19;1.0;449;5;449;5;0;-1
TE329;25.01.2024;20;1.0;358;4;358;4;0;-1
TE329;25.01.2024;21;1.0;286;4;284;4;2;12
TE329;25.01.2024;22;1.0;312;5;310;4;2;20
TE329;25.01.2024;23;1.0;261;5;260;5;1;26
TE329;26.01.2024;0;1.0;130;3;130;3;0;-1
TE329;26.01.2024;1;1.0;115;4;115;4;0;-1
TE329;26.01.2024;2;1.0;111;26;109;26;2;46
TE329;26.01.2024;3;1.0;77;9;73;10;4;20
TE329;26.01.2024;4;1.0;90;3;39;5;51;3
TE329;26.01.2024;5;1.0;173;4;68;5;105;4
TE329;26.01.2024;6;1.0;299;4;298;4;1;3
TE329;26.01.2024;7;1.0;340;5;336;4;4;26
TE329;26.01.2024;8;1.0;439;5;433;5;6;27
TE329;26.01.2024;9;1.0;415;5;412;5;3;27
TE329;26.01.2024;10;1.0;355;5;352;5;3;16
TE329;26.01.2024;11;1.0;405;5;396;5;9;23
TE329;26.01.2024;13;1.0;290;5;282;6;7;18
TE329;26.01.2024;14;1.0;388;6;374;5;14;20
TE329;26.01.2024;15;1.0;469;5;454;5;15;12
TE329;26.01.2024;16;1.0;545;5;536;4;9;24
TE329;26.01.2024;17;1.0;545;4;535;4;10;18
TE329;26.01.2024;18;1.0;423;5;407;5;16;8
TE329;26.01.2024;19;1.0;411;5;405;5;6;17
TE329;26.01.2024;20;1.0;417;4;417;4;0;-1
TE329;26.01.2024;21;1.0;323;5;302;5;21;8
TE329;26.01.2024;22;1.0;342;4;337;4;5;13
TE329;26.01.2024;23;1.0;208;4;207;3;1;36
TE329;27.01.2024;0;1.0;218;4;218;4;0;-1
TE329;27.01.2024;1;1.0;173;4;172;4;1;36
TE329;27.01.2024;2;1.0;98;4;96;4;2;22
TE329;27.01.2024;3;1.0;116;5;115;5;1;20
TE329;27.01.2024;4;1.0;93;5;92;5;1;3
TE329;27.01.2024;5;1.0;131;3;129;3;2;32
TE329;27.01.2024;6;1.0;134;3;134;3;0;-1
TE329;27.01.2024;7;1.0;150;4;149;4;1;36
TE329;27.01.2024;8;1.0;202;5;200;4;2;23
TE329;27.01.2024;9;1.0;284;4;281;4;3;21
TE329;27.01.2024;10;1.0;354;5;349;4;5;29
TE329;27.01.2024;11;1.0;349;5;347;5;2;22
TE329;27.01.2024;13;1.0;296;5;286;5;11;11
TE329;27.01.2024;14;1.0;156;7;144;6;11;13
TE329;27.01.2024;15;1.0;298;7;281;7;17;14
TE329;27.01.2024;16;1.0;369;7;353;6;16;17
TE329;27.01.2024;17;1.0;273;5;263;5;10;10
TE329;27.01.2024;18;1.0;277;7;266;7;11;12
TE329;27.01.2024;19;1.0;378;6;368;5;10;17
TE329;27.01.2024;20;1.0;312;6;282;6;30;8
TE329;27.01.2024;21;1.0;377;4;376;4;1;27
TE329;27.01.2024;22;1.0;323;5;320;5;3;29
TE329;27.01.2024;23;1.0;272;5;268;4;4;20
TE329;28.01.2024;0;1.0;242;4;241;4;1;20
TE329;28.01.2024;1;1.0;158;4;158;4;0;-1
TE329;28.01.2024;2;1.0;165;4;164;4;1;24
TE329;28.01.2024;3;1.0;108;3;107;3;1;22
TE329;28.01.2024;4;1.0;131;4;129;3;2;32
TE329;28.01.2024;5;1.0;102;5;100;5;2;19
TE329;28.01.2024;6;1.0;99;5;95;4;4;43
TE329;28.01.2024;7;1.0;100;7;96;6;4;40
TE329;28.01.2024;8;1.0;120;6;116;5;4;38
TE329;28.01.2024;9;1.0;233;5;88;6;145;4
TE329;28.01.2024;10;1.0;318;4;314;4;4;34
TE329;28.01.2024;11;1.0;408;15;403;14;5;32
TE329;28.01.2024;13;1.0;535;35;378;23;157;64
TE329;28.01.2024;14;1.0;344;7;324;6;20;16
TE329;28.01.2024;15;1.0;317;6;274;6;43;8
TE329;28.01.2024;16;1.0;339;7;326;6;12;16
TE329;28.01.2024;17;1.0;447;6;440;6;7;22
TE329;28.01.2024;18;1.0;396;6;387;5;9;21
TE329;28.01.2024;19;1.0;384;5;380;5;4;24
TE329;28.01.2024;20;1.0;349;7;345;6;4;20
TE329;28.01.2024;21;1.0;338;66;130;50;208;76
TE329;28.01.2024;22;1.0;269;73;48;61;221;75
TE329;29.01.2024;5;1.0;219;67;56;65;163;68
TE329;29.01.2024;6;1.0;479;82;132;80;347;82
TE329;29.01.2024;7;1.0;630;66;145;61;485;67
TE329;29.01.2024;15;1.0;611;50;249;31;362;63
TE329;29.01.2024;16;1.0;556;40;346;25;210;63
TE329;29.01.2024;17;1.0;592;47;283;29;309;63
TE329;29.01.2024;18;1.0;502;30;348;18;153;57
TE329;29.01.2024;20;1.0;309;4;308;4;1;3
TE329;29.01.2024;21;1.0;297;4;296;4;1;3
TE329;29.01.2024;22;1.0;247;5;243;5;4;27
TE329;29.01.2024;23;1.0;179;4;179;4;0;-1
TE329;30.01.2024;0;1.0;116;5;114;5;2;27
TE329;30.01.2024;1;1.0;89;11;88;10;1;29
TE329;30.01.2024;2;1.0;71;35;66;35;5;30
TE329;30.01.2024;3;1.0;62;21;58;19;4;30
TE329;30.01.2024;4;1.0;96;7;94;6;2;33
TE329;30.01.2024;5;1.0;204;28;182;27;22;34
TE329;30.01.2024;6;1.0;373;26;346;25;27;34
TE329;30.01.2024;7;1.0;452;44;296;40;156;56
TE329;30.01.2024;8;1.0;566;37;494;35;72;44
TE329;30.01.2024;9;1.0;383;16;355;16;28;29
TE329;30.01.2024;10;1.0;409;16;380;15;29;23
TE329;30.01.2024;11;1.0;295;5;281;4;14;16
TE329;30.01.2024;12;1.0;257;5;253;5;4;9
TE329;30.01.2024;13;1.0;362;6;353;6;9;29
TE329;30.01.2024;14;1.0;349;6;339;6;10;20
TE329;30.01.2024;15;1.0;494;6;488;6;6;20
TE329;30.01.2024;16;1.0;491;6;479;6;12;20
TE329;30.01.2024;17;1.0;428;6;422;6;6;19
TE329;30.01.2024;18;1.0;472;6;468;6;4;24
TE329;30.01.2024;19;1.0;396;6;391;5;5;14
TE329;30.01.2024;20;1.0;359;5;352;5;7;13
TE329;30.01.2024;21;1.0;284;4;237;5;47;2
TE329;30.01.2024;22;1.0;244;5;244;5;0;-1
TE329;30.01.2024;23;1.0;160;4;160;4;0;-1
TE329;31.01.2024;0;1.0;138;4;137;4;1;22
TE329;31.01.2024;1;1.0;102;5;98;4;4;26
TE329;31.01.2024;2;1.0;69;4;68;4;1;28
TE329;31.01.2024;3;1.0;63;31;48;22;15;59
TE329;31.01.2024;6;1.0;413;66;113;67;301;66
TE329;31.01.2024;7;1.0;588;66;164;64;424;66
TE329;31.01.2024;11;1.0;508;46;274;33;234;60
TE329;31.01.2024;12;1.0;366;5;354;5;11;17
TE329;31.01.2024;13;1.0;359;6;348;6;11;19
TE329;31.01.2024;14;1.0;387;6;380;5;6;28
TE329;31.01.2024;15;1.0;432;5;421;5;11;21
TE329;31.01.2024;16;1.0;455;6;448;6;7;19
TE329;31.01.2024;17;1.0;402;7;391;6;11;20
TE329;31.01.2024;18;1.0;445;6;439;6;6;19
TE329;31.01.2024;19;1.0;359;4;353;5;6;10
TE329;31.01.2024;20;1.0;344;5;342;5;2;20
TE329;31.01.2024;21;1.0;294;5;294;5;0;-1
TE329;31.01.2024;22;1.0;275;5;273;5;2;23
TE329;31.01.2024;23;1.0;231;4;229;4;2;29
TE330;01.01.2024;0;1.0;287;42;275;42;12;36
TE330;01.01.2024;1;1.0;491;39;479;39;12;40
TE330;01.01.2024;2;1.0;417;38;409;38;8;39
TE330;01.01.2024;3;1.0;337;41;325;41;12;42
TE330;01.01.2024;4;1.0;303;43;290;43;13;44
TE330;01.01.2024;5;1.0;277;43;271;43;6;43
TE330;01.01.2024;6;1.0;240;35;233;35;7;36
TE330;01.01.2024;7;1.0;158;43;154;44;4;40
TE330;01.01.2024;8;1.0;113;43;108;43;5;40
TE330;01.01.2024;9;1.0;116;44;115;44;1;43
TE330;01.01.2024;10;1.0;188;42;181;43;7;35
TE330;01.01.2024;11;1.0;257;38;252;38;5;37
TE330;01.01.2024;12;1.0;325;39;322;39;3;35
TE330;01.01.2024;13;1.0;391;39;387;39;4;35
TE330;01.01.2024;14;1.0;426;37;423;37;3;36
TE330;01.01.2024;15;1.0;444;36;438;36;6;35
TE330;01.01.2024;16;1.0;474;33;469;33;5;36
TE330;01.01.2024;17;1.0;501;33;499;33;2;30
TE330;01.01.2024;18;1.0;482;37;475;37;7;34
TE330;01.01.2024;19;1.0;439;37;430;37;9;38
TE330;01.01.2024;20;1.0;386;34;380;34;6;35
TE330;01.01.2024;21;1.0;369;40;367;40;2;32
TE330;01.01.2024;22;1.0;320;40;312;40;8;42
TE330;01.01.2024;23;1.0;295;41;291;41;4;38
TE330;02.01.2024;0;1.0;215;42;214;42;1;44
TE330;02.01.2024;1;1.0;160;42;158;42;2;42
TE330;02.01.2024;2;1.0;126;46;123;46;3;42
TE330;02.01.2024;3;1.0;97;46;95;45;2;44
TE330;02.01.2024;4;1.0;94;43;90;43;4;39
TE330;02.01.2024;5;1.0;194;39;191;39;3;41
TE330;02.01.2024;6;1.0;273;34;257;34;15;35
TE330;02.01.2024;7;1.0;360;34;346;34;14;32
TE330;02.01.2024;8;1.0;398;32;376;32;22;30
TE330;02.01.2024;9;1.0;389;35;378;35;11;37
TE330;02.01.2024;10;1.0;408;35;401;35;7;34
TE330;02.01.2024;11;1.0;448;33;445;33;3;31
TE330;02.01.2024;12;1.0;496;29;494;29;2;30
TE330;02.01.2024;13;1.0;512;31;511;31;1;36
TE330;02.01.2024;14;1.0;508;33;505;33;3;26
TE330;02.01.2024;15;1.0;503;27;498;27;5;30
TE330;02.01.2024;16;1.0;549;23;533;23;16;25
TE330;02.01.2024;17;1.0;550;28;536;28;14;27
TE330;02.01.2024;18;1.0;566;26;555;26;11;21
TE330;02.01.2024;19;1.0;514;34;505;34;9;35
TE330;02.01.2024;20;1.0;427;33;422;32;4;39
TE330;02.01.2024;21;1.0;342;34;341;34;1;37
TE330;02.01.2024;22;1.0;328;33;320;33;7;34
TE330;02.01.2024;23;1.0;282;36;278;36;3;40
TE330;03.01.2024;0;1.0;198;42;195;42;3;42
TE330;03.01.2024;1;1.0;142;39;136;39;6;44
TE330;03.01.2024;2;1.0;102;43;98;43;4;38
TE330;03.01.2024;3;1.0;100;44;98;44;2;44
TE330;03.01.2024;4;1.0;98;44;90;44;8;44
TE330;03.01.2024;5;1.0;194;40;186;40;8;41
TE330;03.01.2024;6;1.0;300;39;289;39;11;39
TE330;03.01.2024;7;1.0;398;36;376;36;22;36
TE330;03.01.2024;8;1.0;425;34;408;34;17;31
TE330;03.01.2024;9;1.0;445;34;418;34;27;34
TE330;03.01.2024;10;1.0;510;33;480;33;30;32
TE330;03.01.2024;11;1.0;512;34;479;34;33;33
TE330;03.01.2024;12;1.0;532;33;516;33;16;33
TE330;03.01.2024;13;1.0;564;31;557;31;7;31
TE330;03.01.2024;14;1.0;557;29;543;29;14;24
TE330;03.01.2024;15;1.0;579;26;569;26;10;26
TE330;03.01.2024;16;1.0;581;25;558;25;23;25
TE330;03.01.2024;17;1.0;588;28;577;28;11;27
TE330;03.01.2024;18;1.0;601;31;583;31;18;33
TE330;03.01.2024;19;1.0;513;33;503;33;10;31
TE330;03.01.2024;20;1.0;499;36;492;36;7;35
TE330;03.01.2024;21;1.0;414;38;410;38;4;21
TE330;03.01.2024;22;1.0;361;40;360;40;1;39
TE330;03.01.2024;23;1.0;301;38;299;38;2;36
TE330;04.01.2024;0;1.0;218;41;215;41;3;35
TE330;04.01.2024;1;1.0;145;42;145;42;0;-1
TE330;04.01.2024;2;1.0;109;45;108;45;1;40
TE330;04.01.2024;3;1.0;106;42;105;42;1;44
TE330;04.01.2024;4;1.0;102;39;98;39;4;40
TE330;04.01.2024;5;1.0;176;40;173;40;3;38
TE330;04.01.2024;6;1.0;285;37;283;37;2;40
TE330;04.01.2024;7;1.0;381;36;373;36;8;40
TE330;04.01.2024;8;1.0;429;34;415;34;14;35
TE330;04.01.2024;9;1.0;447;34;426;34;21;34
TE330;04.01.2024;10;1.0;485;35;473;35;12;35
TE330;04.01.2024;11;1.0;522;32;511;32;11;33
TE330;04.01.2024;12;1.0;524;31;522;31;2;32
TE330;04.01.2024;13;1.0;540;30;533;30;7;29
TE330;04.01.2024;14;1.0;536;30;532;30;4;31
TE330;04.01.2024;15;1.0;589;29;584;29;5;29
TE330;04.01.2024;16;1.0;602;27;593;27;9;30
TE330;04.01.2024;17;1.0;610;28;596;28;14;29
TE330;04.01.2024;18;1.0;618;29;605;29;12;28
TE330;04.01.2024;19;1.0;529;34;522;34;7;32
TE330;04.01.2024;20;1.0;531;34;523;34;8;33
TE330;04.01.2024;21;1.0;398;37;392;37;6;34
TE330;04.01.2024;22;1.0;388;37;384;37;4;37
TE330;04.01.2024;23;1.0;285;40;280;40;5;35
TE330;05.01.2024;0;1.0;208;41;206;41;2;38
TE330;05.01.2024;1;1.0;163;43;163;43;0;-1
TE330;05.01.2024;2;1.0;101;45;100;45;1;37
TE330;05.01.2024;3;1.0;86;44;85;44;1;37
TE330;05.01.2024;4;1.0;107;41;105;41;2;37
TE330;05.01.2024;5;1.0;160;38;158;38;2;37
TE330;05.01.2024;6;1.0;235;39;231;39;4;40
TE330;05.01.2024;7;1.0;310;36;309;36;1;32
TE330;05.01.2024;8;1.0;385;33;380;33;5;30
TE330;05.01.2024;9;1.0;459;32;450;32;9;31
TE330;05.01.2024;10;1.0;411;34;410;34;1;34
TE330;05.01.2024;11;1.0;482;33;478;33;4;34
TE330;05.01.2024;12;1.0;510;25;504;25;6;27
TE330;05.01.2024;13;1.0;516;31;511;31;5;33
TE330;05.01.2024;14;1.0;570;26;561;26;9;25
TE330;05.01.2024;15;1.0;577;27;568;27;9;27
TE330;05.01.2024;17;1.0;565;28;559;28;6;24
TE330;05.01.2024;18;1.0;597;29;584;29;13;27
TE330;05.01.2024;19;1.0;530;35;523;35;7;34
TE330;05.01.2024;20;1.0;474;35;468;35;6;35
TE330;05.01.2024;21;1.0;454;36;452;36;2;38
TE330;05.01.2024;22;1.0;394;38;392;38;2;36
TE330;05.01.2024;23;1.0;365;38;363;38;2;37
TE330;06.01.2024;0;1.0;324;39;318;39;6;38
TE330;06.01.2024;1;1.0;215;43;215;43;0;-1
TE330;06.01.2024;2;1.0;172;43;172;43;0;-1
TE330;06.01.2024;3;1.0;141;40;140;40;1;38
TE330;06.01.2024;4;1.0;104;43;104;43;0;-1
TE330;06.01.2024;5;1.0;122;43;118;43;4;44
TE330;06.01.2024;6;1.0;146;39;142;38;4;41
TE330;06.01.2024;7;1.0;150;37;147;37;3;37
TE330;06.01.2024;8;1.0;196;37;195;37;1;43
TE330;06.01.2024;9;1.0;279;38;274;37;5;38
TE330;06.01.2024;10;1.0;377;35;377;35;0;-1
TE330;06.01.2024;11;1.0;409;35;405;35;4;34
TE330;06.01.2024;12;1.0;505;31;501;31;4;34
TE330;06.01.2024;13;1.0;486;33;480;33;6;29
TE330;06.01.2024;14;1.0;520;32;519;32;1;37
TE330;06.01.2024;15;1.0;542;31;542;31;0;-1
TE330;06.01.2024;16;1.0;528;30;519;30;9;30
TE330;06.01.2024;17;1.0;539;34;536;34;3;34
TE330;06.01.2024;18;1.0;550;33;545;33;5;34
TE330;06.01.2024;19;1.0;516;32;508;32;8;33
TE330;06.01.2024;20;1.0;432;36;431;36;1;35
TE330;06.01.2024;21;1.0;438;37;435;37;3;37
TE330;06.01.2024;22;1.0;433;37;432;37;1;33
TE330;06.01.2024;23;1.0;402;38;401;38;1;34
TE330;07.01.2024;0;1.0;344;39;342;39;2;38
TE330;07.01.2024;1;1.0;272;41;272;41;0;-1
TE330;07.01.2024;2;1.0;221;41;221;41;0;-1
TE330;07.01.2024;3;1.0;167;41;166;41;1;48
TE330;07.01.2024;4;1.0;138;41;138;41;0;-1
TE330;07.01.2024;5;1.0;123;41;122;41;1;38
TE330;07.01.2024;6;1.0;133;41;131;41;2;40
TE330;07.01.2024;7;1.0;100;41;97;41;3;41
TE330;07.01.2024;8;1.0;131;41;130;41;1;37
TE330;07.01.2024;9;1.0;239;38;237;38;2;38
TE330;07.01.2024;10;1.0;268;38;263;38;5;35
TE330;07.01.2024;11;1.0;345;37;343;37;2;28
TE330;07.01.2024;12;1.0;370;36;367;36;3;25
TE330;07.01.2024;13;1.0;426;36;423;36;3;35
TE330;07.01.2024;14;1.0;474;35;469;35;5;32
TE330;07.01.2024;15;1.0;515;34;511;34;4;34
TE330;07.01.2024;16;1.0;565;32;556;32;9;26
TE330;07.01.2024;17;1.0;578;34;573;34;5;34
TE330;07.01.2024;18;1.0;512;35;508;35;4;33
TE330;07.01.2024;19;1.0;472;35;468;35;4;33
TE330;07.01.2024;20;1.0;443;34;437;34;6;33
TE330;07.01.2024;21;1.0;381;36;377;36;4;33
TE330;07.01.2024;22;1.0;322;38;318;38;4;32
TE330;07.01.2024;23;1.0;303;38;298;38;5;38
TE330;10.01.2024;17;1.0;650;27;611;27;39;26
TE330;10.01.2024;18;1.0;604;30;581;30;23;28
TE330;10.01.2024;19;1.0;523;33;517;33;6;25
TE330;10.01.2024;20;1.0;521;32;515;32;5;37
TE330;10.01.2024;21;1.0;396;28;388;28;8;28
TE330;10.01.2024;22;1.0;361;39;357;39;4;38
TE330;10.01.2024;23;1.0;292;37;289;37;3;39
TE330;11.01.2024;0;1.0;200;38;192;38;7;37
TE330;11.01.2024;1;1.0;151;39;147;39;4;40
TE330;11.01.2024;2;1.0;102;44;100;44;2;46
TE330;11.01.2024;3;1.0;105;43;101;43;4;44
TE330;11.01.2024;4;1.0;125;41;116;42;9;40
TE330;11.01.2024;5;1.0;219;42;213;42;6;40
TE330;11.01.2024;6;1.0;325;39;312;39;13;41
TE330;11.01.2024;7;1.0;490;33;463;33;27;37
TE330;11.01.2024;8;1.0;460;27;436;27;25;28
TE330;11.01.2024;9;1.0;498;29;474;29;24;27
TE330;11.01.2024;10;1.0;462;32;449;32;13;38
TE330;11.01.2024;11;1.0;489;33;476;33;13;34
TE330;11.01.2024;12;1.0;503;31;497;31;6;33
TE330;11.01.2024;13;1.0;507;32;487;32;20;33
TE330;11.01.2024;14;1.0;510;31;502;31;8;39
TE330;11.01.2024;15;1.0;591;25;560;25;31;24
TE330;11.01.2024;16;1.0;584;28;562;28;22;27
TE330;11.01.2024;17;1.0;605;29;592;29;13;27
TE330;11.01.2024;18;1.0;597;27;580;26;18;33
TE330;11.01.2024;19;1.0;557;30;551;30;5;32
TE330;11.01.2024;20;1.0;519;33;516;33;3;32
TE330;11.01.2024;21;1.0;412;36;407;36;5;35
TE330;11.01.2024;22;1.0;353;38;352;38;1;40
TE330;11.01.2024;23;1.0;314;39;309;39;5;41
TE330;12.01.2024;0;1.0;258;40;255;40;3;44
TE330;12.01.2024;1;1.0;181;42;181;42;0;-1
TE330;12.01.2024;2;1.0;125;43;124;43;1;42
TE330;12.01.2024;3;1.0;120;42;118;42;2;43
TE330;12.01.2024;4;1.0;109;41;106;40;3;43
TE330;12.01.2024;5;1.0;198;38;195;38;3;50
TE330;12.01.2024;6;1.0;295;38;292;38;3;38
TE330;12.01.2024;7;1.0;421;33;414;33;7;32
TE330;12.01.2024;8;1.0;447;32;445;32;2;30
TE330;12.01.2024;9;1.0;480;31;478;31;2;31
TE330;12.01.2024;10;1.0;472;33;469;33;3;29
TE330;12.01.2024;11;1.0;517;31;515;31;2;26
TE330;12.01.2024;12;1.0;539;30;531;30;8;27
TE330;12.01.2024;13;1.0;543;28;540;28;3;29
TE330;12.01.2024;14;1.0;536;29;521;29;15;29
TE330;12.01.2024;15;1.0;596;25;589;25;7;23
TE330;12.01.2024;16;1.0;596;23;587;23;8;27
TE330;12.01.2024;17;1.0;569;26;560;26;9;22
TE330;12.01.2024;18;1.0;591;29;582;29;9;27
TE330;12.01.2024;19;1.0;523;33;509;33;14;27
TE330;12.01.2024;20;1.0;495;33;485;33;10;32
TE330;12.01.2024;21;1.0;446;37;445;37;1;37
TE330;12.01.2024;22;1.0;441;36;438;36;3;35
TE330;12.01.2024;23;1.0;373;38;368;38;5;35
TE330;13.01.2024;0;1.0;324;40;319;40;5;38
TE330;13.01.2024;1;1.0;250;42;248;42;2;46
TE330;13.01.2024;2;1.0;175;41;175;41;0;-1
TE330;13.01.2024;3;1.0;133;42;133;42;0;-1
TE330;13.01.2024;4;1.0;133;42;132;42;1;41
TE330;13.01.2024;5;1.0;148;39;146;39;2;36
TE330;13.01.2024;6;1.0;148;42;147;42;1;37
TE330;13.01.2024;7;1.0;157;39;157;39;0;-1
TE330;13.01.2024;8;1.0;189;39;189;39;0;-1
TE330;13.01.2024;9;1.0;296;35;293;35;3;41
TE330;13.01.2024;10;1.0;402;29;397;29;5;27
TE330;17.01.2024;5;1.0;201;38;193;39;8;38
TE330;17.01.2024;6;1.0;370;37;348;37;22;39
TE330;17.01.2024;7;1.0;462;33;451;33;11;33
TE330;17.01.2024;8;1.0;525;33;514;33;11;36
TE330;17.01.2024;9;1.0;463;34;453;34;10;34
TE330;17.01.2024;10;1.0;504;33;496;33;8;32
TE330;17.01.2024;11;1.0;489;33;476;33;13;32
TE330;17.01.2024;12;1.0;517;32;502;32;15;31
TE330;17.01.2024;13;1.0;535;32;528;32;7;31
TE330;17.01.2024;14;1.0;540;32;522;32;18;31
TE330;17.01.2024;15;1.0;583;27;577;27;6;28
TE330;17.01.2024;16;1.0;519;28;512;28;7;32
TE330;17.01.2024;17;1.0;573;27;558;27;15;27
TE330;17.01.2024;18;1.0;577;26;565;26;12;25
TE330;17.01.2024;19;1.0;507;27;503;27;4;22
TE330;17.01.2024;20;1.0;464;30;456;30;8;28
TE330;17.01.2024;21;1.0;363;34;361;34;2;30
TE330;17.01.2024;22;1.0;326;35;324;35;2;32
TE330;17.01.2024;23;1.0;299;36;296;36;2;31
TE330;18.01.2024;0;1.0;212;39;210;39;2;36
TE330;18.01.2024;1;1.0;165;42;159;42;6;44
TE330;18.01.2024;2;1.0;120;41;117;41;3;46
TE330;18.01.2024;3;1.0;97;40;96;40;1;45
TE330;18.01.2024;4;1.0;113;41;108;41;5;37
TE330;18.01.2024;5;1.0;185;36;184;36;1;40
TE330;18.01.2024;6;1.0;308;38;306;38;2;40
TE330;18.01.2024;7;1.0;428;34;421;34;7;35
TE330;18.01.2024;8;1.0;519;30;508;30;11;29
TE330;18.01.2024;9;1.0;485;33;480;33;5;31
TE330;18.01.2024;10;1.0;481;34;474;34;7;34
TE330;18.01.2024;11;1.0;491;33;483;33;8;33
TE330;18.01.2024;12;1.0;502;31;495;31;6;31
TE330;18.01.2024;13;1.0;526;30;520;30;5;35
TE330;18.01.2024;14;1.0;536;30;526;30;10;27
TE330;18.01.2024;15;1.0;625;25;611;25;14;27
TE330;18.01.2024;16;1.0;616;26;607;26;9;25
TE330;18.01.2024;17;1.0;623;28;604;28;19;27
TE330;18.01.2024;18;1.0;594;24;585;24;9;25
TE330;18.01.2024;19;1.0;526;31;520;31;6;29
TE330;18.01.2024;20;1.0;480;36;475;36;5;34
TE330;18.01.2024;21;1.0;408;36;404;36;4;34
TE330;18.01.2024;22;1.0;363;37;361;37;2;36
TE330;18.01.2024;23;1.0;312;37;308;37;4;38
TE330;19.01.2024;0;1.0;237;39;232;39;5;43
TE330;19.01.2024;1;1.0;145;42;139;42;6;41
TE330;19.01.2024;2;1.0;115;43;110;44;5;40
TE330;19.01.2024;3;1.0;104;43;101;43;3;51
TE330;19.01.2024;4;1.0;136;41;123;41;13;40
TE330;19.01.2024;5;1.0;211;39;205;39;6;36
TE330;19.01.2024;6;1.0;307;37;284;37;23;35
TE330;19.01.2024;7;1.0;483;34;455;34;28;34
TE330;19.01.2024;8;1.0;522;36;482;36;40;36
TE330;19.01.2024;9;1.0;472;35;456;35;16;33
TE330;19.01.2024;10;1.0;487;38;474;38;13;35
TE330;19.01.2024;11;1.0;457;34;446;34;11;32
TE330;19.01.2024;12;1.0;555;26;543;26;12;24
TE330;21.01.2024;3;1.0;213;42;213;42;0;-1
TE330;21.01.2024;4;1.0;152;43;152;43;0;-1
TE330;21.01.2024;5;1.0;171;42;169;42;2;39
TE330;21.01.2024;6;1.0;146;44;143;45;3;40
TE330;21.01.2024;7;1.0;123;38;122;38;1;40
TE330;21.01.2024;8;1.0;166;39;164;39;2;39
TE330;21.01.2024;9;1.0;240;38;238;38;2;38
TE330;21.01.2024;10;1.0;311;34;303;34;8;32
TE330;21.01.2024;11;1.0;396;34;395;34;1;35
TE330;21.01.2024;12;1.0;462;33;455;33;8;33
TE330;21.01.2024;13;1.0;508;35;505;35;3;36
TE330;21.01.2024;14;1.0;541;34;530;34;11;32
TE330;21.01.2024;15;1.0;521;35;516;35;5;36
TE330;21.01.2024;16;1.0;546;33;543;33;3;39
TE330;21.01.2024;17;1.0;530;34;522;34;8;33
TE330;21.01.2024;18;1.0;546;35;545;35;1;37
TE330;21.01.2024;19;1.0;535;35;529;35;6;36
TE330;21.01.2024;20;1.0;453;37;444;37;9;40
TE330;21.01.2024;21;1.0;392;38;390;38;2;26
TE330;21.01.2024;22;1.0;337;38;334;38;3;39
TE330;21.01.2024;23;1.0;293;40;287;40;6;38
TE330;22.01.2024;3;1.0;102;45;98;44;4;47
TE330;22.01.2024;4;1.0;109;44;103;43;6;48
TE330;22.01.2024;10;1.0;444;33;441;33;3;34
TE330;22.01.2024;11;1.0;496;34;489;34;7;30
TE330;22.01.2024;12;1.0;554;23;522;23;34;22
TE330;22.01.2024;13;1.0;583;30;549;30;34;29
TE330;22.01.2024;14;1.0;578;31;551;31;27;31
TE330;22.01.2024;15;1.0;614;27;585;26;29;28
TE330;22.01.2024;16;1.0;582;28;574;28;8;29
TE330;22.01.2024;17;1.0;589;30;578;30;11;28
TE330;22.01.2024;18;1.0;581;30;568;30;13;28
TE330;22.01.2024;19;1.0;554;33;542;33;12;29
TE330;22.01.2024;20;1.0;499;35;492;35;7;35
TE330;22.01.2024;21;1.0;328;35;319;35;7;27
TE330;22.01.2024;22;1.0;312;33;310;33;2;31
TE330;22.01.2024;23;1.0;271;40;265;40;6;40
TE330;23.01.2024;0;1.0;226;38;219;39;6;40
TE330;23.01.2024;1;1.0;148;38;139;39;9;37
TE330;23.01.2024;2;1.0;96;39;94;40;1;39
TE330;23.01.2024;3;1.0;96;39;93;40;2;38
TE330;23.01.2024;4;1.0;114;41;105;41;9;41
TE330;23.01.2024;5;1.0;214;38;212;38;2;36
TE330;23.01.2024;6;1.0;337;37;323;37;14;33
TE330;23.01.2024;7;1.0;498;31;482;31;16;31
TE330;23.01.2024;8;1.0;452;32;441;32;11;30
TE330;23.01.2024;9;1.0;476;32;457;32;19;33
TE330;23.01.2024;10;1.0;482;31;460;31;22;32
TE330;23.01.2024;11;1.0;531;30;509;30;22;31
TE330;23.01.2024;12;1.0;513;32;501;32;12;32
TE330;23.01.2024;13;1.0;532;32;521;32;11;32
TE330;23.01.2024;14;1.0;522;31;513;31;9;31
TE330;23.01.2024;15;1.0;591;24;584;24;8;22
TE330;23.01.2024;16;1.0;627;27;612;27;15;25
TE330;23.01.2024;17;1.0;609;26;593;26;16;24
TE330;23.01.2024;18;1.0;651;29;629;29;22;31
TE330;23.01.2024;19;1.0;553;31;538;31;15;28
TE330;23.01.2024;20;1.0;538;33;527;33;11;35
TE330;23.01.2024;21;1.0;386;37;382;37;4;37
TE330;23.01.2024;22;1.0;388;37;388;37;0;-1
TE330;23.01.2024;23;1.0;279;40;277;40;2;42
TE330;24.01.2024;0;1.0;206;42;203;42;3;41
TE330;24.01.2024;1;1.0;148;42;143;42;5;40
TE330;24.01.2024;2;1.0;103;44;100;44;3;46
TE330;24.01.2024;3;1.0;85;43;83;43;2;47
TE330;24.01.2024;4;1.0;125;40;117;41;8;40
TE330;24.01.2024;5;1.0;208;38;196;38;12;36
TE330;24.01.2024;6;1.0;381;37;366;37;15;39
TE330;24.01.2024;7;1.0;525;33;502;33;23;33
TE330;24.01.2024;8;1.0;563;32;554;32;9;29
TE330;24.01.2024;9;1.0;520;35;511;35;9;30
TE330;24.01.2024;10;1.0;481;33;469;33;12;32
TE330;24.01.2024;11;1.0;502;34;473;34;29;34
TE330;24.01.2024;12;1.0;557;33;531;33;26;32
TE330;24.01.2024;13;1.0;546;29;522;29;24;29
TE330;24.01.2024;14;1.0;550;29;533;29;16;29
TE330;24.01.2024;15;1.0;658;27;649;27;9;29
TE330;24.01.2024;16;1.0;559;25;532;25;27;26
TE330;24.01.2024;17;1.0;590;27;585;27;5;26
TE330;24.01.2024;18;1.0;608;27;590;27;18;26
TE330;24.01.2024;19;1.0;524;33;520;33;4;30
TE330;24.01.2024;20;1.0;506;35;496;35;10;34
TE330;24.01.2024;21;1.0;403;37;400;37;3;40
TE330;24.01.2024;22;1.0;408;39;405;39;3;36
TE330;24.01.2024;23;1.0;319;41;316;41;3;46
TE330;25.01.2024;0;1.0;263;41;253;41;10;46
TE330;25.01.2024;1;1.0;159;43;152;43;7;45
TE330;25.01.2024;2;1.0;106;44;104;44;2;45
TE330;25.01.2024;3;1.0;97;42;94;42;3;40
TE330;25.01.2024;4;1.0;102;40;91;40;11;38
TE330;25.01.2024;5;1.0;221;39;215;39;6;39
TE330;25.01.2024;6;1.0;384;35;371;35;13;33
TE330;25.01.2024;7;1.0;539;31;520;32;19;30
TE330;25.01.2024;8;1.0;489;31;471;31;18;29
TE330;25.01.2024;9;1.0;495;29;476;29;17;31
TE330;25.01.2024;10;1.0;494;33;488;33;6;34
TE330;25.01.2024;11;1.0;470;34;463;34;7;33
TE330;25.01.2024;12;1.0;512;34;502;34;10;33
TE330;25.01.2024;13;1.0;581;30;566;30;15;32
TE330;25.01.2024;14;1.0;567;31;554;31;13;29
TE330;25.01.2024;15;1.0;581;28;572;28;9;30
TE330;25.01.2024;16;1.0;627;26;608;26;19;25
TE330;25.01.2024;17;1.0;524;25;512;25;12;31
TE330;25.01.2024;18;1.0;614;25;608;25;6;22
TE330;25.01.2024;19;1.0;562;30;555;30;7;26
TE330;25.01.2024;20;1.0;532;33;522;33;10;34
TE330;25.01.2024;21;1.0;440;32;432;32;9;32
TE330;25.01.2024;22;1.0;421;32;416;32;4;34
TE330;25.01.2024;23;1.0;371;36;371;36;0;-1
TE330;26.01.2024;0;1.0;269;38;262;38;7;26
TE330;26.01.2024;1;1.0;187;42;180;42;7;38
TE330;26.01.2024;2;1.0;118;43;117;43;1;39
TE330;26.01.2024;3;1.0;117;44;116;44;1;42
TE330;26.01.2024;4;1.0;106;42;100;42;6;41
TE330;26.01.2024;5;1.0;210;39;207;39;3;43
TE330;26.01.2024;6;1.0;384;35;369;36;15;34
TE330;26.01.2024;7;1.0;522;31;487;32;35;29
TE330;26.01.2024;8;1.0;486;31;462;31;24;30
TE330;26.01.2024;9;1.0;502;31;492;31;10;26
TE330;26.01.2024;10;1.0;498;34;490;34;8;34
TE330;26.01.2024;11;1.0;528;32;519;32;9;31
TE330;26.01.2024;12;1.0;543;30;528;30;15;30
TE330;26.01.2024;13;1.0;554;31;548;31;6;28
TE330;26.01.2024;14;1.0;588;27;578;27;10;24
TE330;26.01.2024;15;1.0;626;26;612;26;14;26
TE330;26.01.2024;16;1.0;611;24;591;24;20;22
TE330;26.01.2024;17;1.0;569;26;556;26;13;24
TE330;26.01.2024;18;1.0;577;25;567;25;10;28
TE330;26.01.2024;19;1.0;555;32;545;32;10;34
TE330;26.01.2024;20;1.0;527;34;518;34;9;31
TE330;26.01.2024;21;1.0;472;37;462;37;10;34
TE330;26.01.2024;22;1.0;487;37;478;37;9;36
TE330;26.01.2024;23;1.0;426;36;422;36;4;35
TE330;27.01.2024;0;1.0;334;40;319;40;15;38
TE330;27.01.2024;1;1.0;264;39;263;39;1;36
TE330;27.01.2024;2;1.0;228;43;227;43;1;40
TE330;27.01.2024;3;1.0;175;46;171;46;4;40
TE330;27.01.2024;4;1.0;133;43;128;43;5;38
TE330;27.01.2024;5;1.0;196;42;188;42;8;42
TE330;27.01.2024;6;1.0;190;41;177;41;13;43
TE330;27.01.2024;7;1.0;226;39;220;39;6;37
TE330;27.01.2024;8;1.0;317;40;306;40;11;40
TE330;27.01.2024;9;1.0;392;37;383;37;9;39
TE330;27.01.2024;10;1.0;481;36;464;36;17;37
TE330;27.01.2024;11;1.0;487;31;485;31;2;37
TE330;27.01.2024;12;1.0;501;29;492;29;10;30
TE330;27.01.2024;13;1.0;535;30;526;30;7;34
TE330;27.01.2024;14;1.0;587;34;580;34;7;29
TE330;27.01.2024;15;1.0;582;32;570;32;12;31
TE330;27.01.2024;16;1.0;578;32;566;32;12;25
TE330;27.01.2024;17;1.0;543;31;537;31;6;30
TE330;27.01.2024;18;1.0;570;32;553;32;17;30
TE330;27.01.2024;19;1.0;573;33;559;33;14;31
TE330;27.01.2024;20;1.0;481;37;479;37;2;32
TE330;27.01.2024;21;1.0;483;36;481;36;2;36
TE330;27.01.2024;22;1.0;461;37;461;37;0;-1
TE330;27.01.2024;23;1.0;464;37;463;37;1;38
TE330;28.01.2024;0;1.0;393;38;388;38;5;38
TE330;28.01.2024;1;1.0;317;40;314;40;3;39
TE330;28.01.2024;2;1.0;247;38;245;38;2;38
TE330;28.01.2024;3;1.0;206;44;205;44;1;46
TE330;28.01.2024;4;1.0;172;44;172;44;0;-1
TE330;28.01.2024;5;1.0;162;45;159;45;3;45
TE330;28.01.2024;6;1.0;151;43;146;43;5;41
TE330;28.01.2024;7;1.0;154;40;151;40;3;39
TE330;28.01.2024;8;1.0;172;42;169;42;3;42
TE330;28.01.2024;9;1.0;251;40;249;41;2;38
TE330;28.01.2024;10;1.0;385;40;381;40;4;39
TE330;28.01.2024;11;1.0;402;38;397;38;5;33
TE330;28.01.2024;12;1.0;541;33;523;33;18;29
TE330;28.01.2024;13;1.0;563;35;547;35;16;33
TE330;28.01.2024;14;1.0;584;35;579;35;5;35
TE330;28.01.2024;15;1.0;562;32;543;32;19;26
TE330;28.01.2024;16;1.0;560;32;549;32;11;33
TE330;28.01.2024;17;1.0;582;33;578;33;4;34
TE330;28.01.2024;18;1.0;575;34;571;34;4;35
TE330;28.01.2024;19;1.0;620;33;609;33;11;36
TE330;28.01.2024;20;1.0;486;33;482;33;3;37
TE330;28.01.2024;21;1.0;446;38;443;38;3;37
TE330;28.01.2024;22;1.0;366;38;364;38;2;34
TE330;28.01.2024;23;1.0;308;40;303;40;5;39
TE330;29.01.2024;0;1.0;230;40;223;41;7;37
TE330;29.01.2024;1;1.0;170;40;166;40;4;37
TE330;29.01.2024;2;1.0;118;43;114;43;4;38
TE330;29.01.2024;3;1.0;91;43;91;43;0;-1
TE330;29.01.2024;4;1.0;119;40;115;40;4;40
TE330;29.01.2024;5;1.0;217;39;206;39;11;36
TE330;29.01.2024;6;1.0;384;36;356;37;28;34
TE330;29.01.2024;7;1.0;508;34;465;34;43;35
TE330;29.01.2024;8;1.0;523;30;486;30;37;28
TE330;29.01.2024;9;1.0;522;33;485;33;37;31
TE330;29.01.2024;10;1.0;490;36;462;36;28;36
TE330;29.01.2024;11;1.0;493;32;471;32;22;28
TE330;29.01.2024;12;1.0;563;32;528;32;35;32
TE330;29.01.2024;13;1.0;565;33;535;33;30;33
TE330;29.01.2024;14;1.0;556;32;536;32;20;32
TE330;29.01.2024;15;1.0;664;29;642;29;22;28
TE330;29.01.2024;16;1.0;631;26;604;26;27;26
TE330;29.01.2024;17;1.0;638;23;599;23;39;25
TE330;29.01.2024;18;1.0;594;29;579;29;15;28
TE330;29.01.2024;19;1.0;545;30;533;31;12;26
TE330;29.01.2024;20;1.0;485;35;477;35;8;28
TE330;29.01.2024;21;1.0;418;35;413;35;5;29
TE330;29.01.2024;22;1.0;338;38;335;38;3;38
TE330;29.01.2024;23;1.0;332;39;330;39;2;38
TE330;30.01.2024;0;1.0;204;39;199;39;5;38
TE330;30.01.2024;1;1.0;115;42;109;42;6;42
TE330;30.01.2024;2;1.0;86;44;85;44;1;42
TE330;30.01.2024;3;1.0;79;44;76;45;3;43
TE330;30.01.2024;4;1.0;112;40;104;40;8;39
TE330;30.01.2024;5;1.0;198;38;191;38;7;41
TE330;30.01.2024;6;1.0;412;37;388;37;24;36
TE330;30.01.2024;7;1.0;480;35;455;35;25;32
TE330;30.01.2024;8;1.0;541;34;502;34;39;33
TE330;30.01.2024;9;1.0;501;33;480;33;21;31
TE330;30.01.2024;10;1.0;507;32;476;32;31;31
TE330;30.01.2024;11;1.0;519;31;489;31;30;31
TE330;30.01.2024;12;1.0;539;33;520;33;19;32
TE330;30.01.2024;13;1.0;590;32;570;32;20;29
TE330;30.01.2024;14;1.0;592;31;578;31;14;30
TE330;30.01.2024;15;1.0;677;28;660;28;17;27
TE330;30.01.2024;16;1.0;675;26;661;26;14;28
TE330;30.01.2024;17;1.0;633;28;620;28;13;30
TE330;30.01.2024;18;1.0;608;25;598;25;10;24
TE330;30.01.2024;19;1.0;561;33;558;33;3;33
TE330;30.01.2024;20;1.0;528;32;519;32;9;31
TE330;30.01.2024;21;1.0;376;37;373;37;3;37
TE330;30.01.2024;22;1.0;397;37;393;37;4;43
TE330;30.01.2024;23;1.0;274;39;266;39;8;40
TE330;31.01.2024;0;1.0;252;40;240;40;12;39
TE330;31.01.2024;1;1.0;179;42;172;42;7;39
TE330;31.01.2024;2;1.0;107;41;105;41;2;38
TE330;31.01.2024;3;1.0;83;46;80;46;3;43
TE330;31.01.2024;4;1.0;116;43;110;43;6;39
TE330;31.01.2024;5;1.0;202;37;200;37;2;34
TE330;31.01.2024;6;1.0;333;36;330;36;3;37
TE330;31.01.2024;7;1.0;511;33;497;33;14;33
TE330;31.01.2024;8;1.0;482;34;475;34;7;35
TE330;31.01.2024;9;1.0;481;31;470;31;11;30
TE330;31.01.2024;10;1.0;461;34;455;34;6;36
TE330;31.01.2024;11;1.0;539;32;519;32;20;32
TE330;31.01.2024;12;1.0;515;30;499;30;16;31
TE330;31.01.2024;13;1.0;570;28;560;28;10;29
TE330;31.01.2024;14;1.0;544;30;531;30;13;30
TE330;31.01.2024;15;1.0;639;28;625;28;14;30
TE330;31.01.2024;16;1.0;555;26;538;26;17;26
TE330;31.01.2024;17;1.0;626;28;614;28;12;27
TE330;31.01.2024;18;1.0;590;29;577;29;13;27
TE330;31.01.2024;19;1.0;552;32;548;32;4;38
TE330;31.01.2024;20;1.0;536;34;531;34;5;31
TE330;31.01.2024;21;1.0;454;36;448;36;6;32
TE330;31.01.2024;22;1.0;398;37;395;37;3;38
TE330;31.01.2024;23;1.0;336;39;328;39;8;38
TE333;15.01.2024;11;1.0;834;27;805;27;29;23
TE333;15.01.2024;12;1.0;854;25;822;25;32;22
TE333;15.01.2024;13;1.0;692;14;666;14;26;11
TE333;15.01.2024;14;1.0;712;13;677;13;34;12
TE333;15.01.2024;15;1.0;605;26;582;27;23;11
TE333;15.01.2024;16;1.0;549;30;539;31;10;14
TE333;15.01.2024;17;1.0;606;35;598;35;8;35
TE333;15.01.2024;18;1.0;616;33;605;33;11;28
TE333;15.01.2024;19;1.0;582;38;574;39;8;38
TE333;15.01.2024;20;1.0;457;41;447;41;10;36
TE333;15.01.2024;21;1.0;431;40;423;40;8;39
TE333;15.01.2024;22;1.0;423;40;416;40;7;40
TE333;15.01.2024;23;1.0;258;43;252;44;6;41
TE333;16.01.2024;0;1.0;209;44;204;45;5;27
TE333;16.01.2024;1;1.0;147;44;142;44;5;42
TE333;16.01.2024;2;1.0;88;37;80;37;8;37
TE333;16.01.2024;3;1.0;93;38;86;38;7;36
TE333;16.01.2024;4;1.0;123;38;118;38;5;35
TE333;16.01.2024;5;1.0;260;38;253;38;7;35
TE333;16.01.2024;6;1.0;431;36;417;36;14;34
TE333;16.01.2024;7;1.0;632;31;620;31;12;32
TE333;16.01.2024;8;1.0;666;31;655;31;11;34
TE333;16.01.2024;9;1.0;761;26;749;26;12;27
TE333;16.01.2024;10;1.0;684;33;670;33;14;32
TE333;16.01.2024;11;1.0;690;31;673;31;17;28
TE333;16.01.2024;12;1.0;640;32;626;32;14;29
TE333;16.01.2024;13;1.0;709;34;690;34;19;36
TE333;16.01.2024;14;1.0;622;35;612;35;10;34
TE333;16.01.2024;15;1.0;670;32;659;32;11;34
TE333;16.01.2024;16;1.0;656;33;639;33;17;32
TE333;16.01.2024;17;1.0;749;30;734;30;15;27
TE333;16.01.2024;18;1.0;757;35;746;35;11;35
TE333;16.01.2024;19;1.0;653;37;636;37;17;37
TE333;16.01.2024;20;1.0;543;39;529;39;14;38
TE333;16.01.2024;21;1.0;443;41;437;41;6;38
TE333;16.01.2024;22;1.0;480;39;474;39;6;40
TE333;16.01.2024;23;1.0;347;41;338;41;9;39
TE333;17.01.2024;0;1.0;241;44;235;44;6;40
TE333;17.01.2024;1;1.0;150;43;144;43;6;45
TE333;17.01.2024;2;1.0;133;43;123;43;10;41
TE333;17.01.2024;3;1.0;108;40;100;40;8;41
TE333;17.01.2024;4;1.0;143;42;133;42;10;38
TE333;17.01.2024;5;1.0;260;41;254;41;6;38
TE333;17.01.2024;6;1.0;466;36;455;36;11;33
TE333;17.01.2024;7;1.0;624;33;610;33;14;34
TE333;17.01.2024;8;1.0;659;33;642;33;17;35
TE333;17.01.2024;9;1.0;717;32;700;32;17;32
TE333;17.01.2024;10;1.0;671;29;649;29;22;28
TE333;17.01.2024;11;1.0;592;35;565;35;27;38
TE333;17.01.2024;12;1.0;694;37;673;37;21;38
TE333;17.01.2024;13;1.0;705;34;688;34;17;36
TE333;17.01.2024;14;1.0;703;34;682;34;21;32
TE333;17.01.2024;15;1.0;722;34;714;34;8;31
TE333;17.01.2024;16;1.0;725;36;710;36;15;38
TE333;17.01.2024;17;1.0;796;34;785;34;11;39
TE333;17.01.2024;18;1.0;705;33;685;33;20;33
TE333;17.01.2024;19;1.0;608;38;596;38;12;38
TE333;17.01.2024;20;1.0;564;40;555;40;9;37
TE333;17.01.2024;21;1.0;482;40;477;40;5;39
TE333;17.01.2024;22;1.0;488;40;484;40;4;36
TE333;17.01.2024;23;1.0;318;43;315;43;3;37
TE333;18.01.2024;0;1.0;218;46;215;46;3;37
TE333;18.01.2024;1;1.0;183;45;178;46;5;37
TE333;18.01.2024;2;1.0;159;44;154;44;5;44
TE333;18.01.2024;3;1.0;121;45;116;45;5;42
TE333;18.01.2024;4;1.0;152;43;145;44;7;44
TE333;18.01.2024;5;1.0;258;43;253;43;5;44
TE333;18.01.2024;6;1.0;465;42;453;42;12;42
TE333;18.01.2024;7;1.0;638;34;620;35;18;35
TE333;18.01.2024;8;1.0;697;31;681;31;16;30
TE333;18.01.2024;9;1.0;734;31;718;31;16;33
TE333;18.01.2024;10;1.0;725;30;704;30;21;31
TE333;18.01.2024;11;1.0;659;37;649;37;10;36
TE333;18.01.2024;12;1.0;658;34;641;34;17;35
TE333;18.01.2024;13;1.0;685;32;654;33;31;31
TE333;18.01.2024;14;1.0;670;28;654;28;16;30
TE333;18.01.2024;15;1.0;749;30;732;30;17;32
TE333;18.01.2024;16;1.0;721;15;688;15;33;15
TE333;18.01.2024;17;1.0;734;30;714;30;20;32
TE333;18.01.2024;18;1.0;754;33;737;32;17;31
TE333;18.01.2024;19;1.0;740;33;727;33;13;32
TE333;18.01.2024;20;1.0;607;37;599;37;8;38
TE333;18.01.2024;21;1.0;513;38;502;38;11;35
TE333;18.01.2024;22;1.0;551;37;538;37;13;38
TE333;18.01.2024;23;1.0;397;40;388;40;9;37
TE333;19.01.2024;0;1.0;274;41;272;41;2;41
TE333;19.01.2024;1;1.0;228;41;225;41;3;42
TE333;19.01.2024;2;1.0;170;42;163;42;7;41
TE333;19.01.2024;3;1.0;142;44;134;44;8;44
TE333;19.01.2024;4;1.0;149;42;143;42;6;42
TE333;19.01.2024;5;1.0;242;42;237;42;5;40
TE333;19.01.2024;6;1.0;454;36;438;36;16;35
TE333;19.01.2024;7;1.0;642;34;624;33;18;35
TE333;19.01.2024;8;1.0;713;31;692;31;21;32
TE333;19.01.2024;9;1.0;741;28;724;28;17;36
TE333;19.01.2024;10;1.0;737;25;714;25;23;25
TE333;19.01.2024;11;1.0;682;31;662;31;20;29
TE333;19.01.2024;12;1.0;740;34;717;34;23;37
TE333;19.01.2024;13;1.0;722;29;681;29;41;26
TE333;19.01.2024;14;1.0;758;29;734;29;24;29
TE333;19.01.2024;15;1.0;697;27;675;27;22;23
TE333;19.01.2024;16;1.0;710;34;696;34;14;36
TE333;19.01.2024;17;1.0;695;35;681;35;14;39
TE333;19.01.2024;18;1.0;707;37;698;37;9;34
TE333;19.01.2024;19;1.0;701;35;686;35;15;36
TE333;19.01.2024;20;1.0;582;36;571;36;11;37
TE333;19.01.2024;21;1.0;590;34;584;34;6;34
TE333;19.01.2024;22;1.0;639;32;622;32;17;32
TE333;19.01.2024;23;1.0;473;37;466;37;7;38
TE333;20.01.2024;0;1.0;434;38;431;38;3;37
TE333;20.01.2024;1;1.0;351;41;345;41;6;38
TE333;20.01.2024;2;1.0;304;41;301;41;3;41
TE333;20.01.2024;3;1.0;246;43;244;43;2;46
TE333;20.01.2024;4;1.0;195;44;193;44;2;46
TE333;20.01.2024;5;1.0;207;43;201;43;6;44
TE333;20.01.2024;6;1.0;181;41;172;41;9;44
TE333;20.01.2024;7;1.0;206;39;196;39;10;41
TE333;20.01.2024;8;1.0;298;40;291;40;7;36
TE333;20.01.2024;9;1.0;413;41;398;41;15;39
TE333;20.01.2024;10;1.0;449;40;435;40;14;32
TE333;20.01.2024;11;1.0;522;38;504;38;18;38
TE333;20.01.2024;12;1.0;598;37;568;37;30;36
TE333;20.01.2024;13;1.0;425;39;415;39;10;40
TE333;20.01.2024;14;1.0;611;35;597;35;14;34
TE333;20.01.2024;15;1.0;644;38;631;38;13;36
TE333;20.01.2024;16;1.0;629;34;623;34;6;36
TE333;20.01.2024;17;1.0;626;33;611;33;15;32
TE333;20.01.2024;18;1.0;710;35;697;35;13;35
TE333;20.01.2024;19;1.0;694;37;676;37;18;38
TE333;20.01.2024;20;1.0;667;38;652;38;15;42
TE333;20.01.2024;21;1.0;597;34;583;34;14;35
TE333;20.01.2024;22;1.0;565;35;555;35;10;36
TE333;20.01.2024;23;1.0;546;37;538;37;8;32
TE333;21.01.2024;0;1.0;494;37;487;37;7;36
TE333;21.01.2024;1;1.0;412;40;404;40;8;36
TE333;21.01.2024;2;1.0;347;39;344;39;3;40
TE333;21.01.2024;3;1.0;262;43;258;43;4;41
TE333;21.01.2024;4;1.0;227;46;225;46;2;41
TE333;21.01.2024;5;1.0;190;45;188;45;2;45
TE333;21.01.2024;6;1.0;154;45;151;45;3;37
TE333;21.01.2024;7;1.0;141;42;139;42;2;40
TE333;21.01.2024;9;1.0;278;43;275;43;3;43
TE333;21.01.2024;10;1.0;427;40;415;40;12;34
TE333;21.01.2024;11;1.0;447;39;435;39;12;32
TE333;21.01.2024;12;1.0;512;38;496;38;16;36
TE333;21.01.2024;13;1.0;604;38;590;38;14;36
TE333;21.01.2024;14;1.0;589;37;569;37;20;34
TE333;21.01.2024;15;1.0;606;38;594;37;12;39
TE333;21.01.2024;16;1.0;650;35;640;35;10;34
TE333;21.01.2024;17;1.0;819;25;790;25;29;22
TE333;21.01.2024;18;1.0;643;30;614;31;29;18
TE333;21.01.2024;19;1.0;557;37;542;37;15;39
TE333;21.01.2024;20;1.0;492;38;482;38;10;38
TE333;21.01.2024;21;1.0;418;40;411;40;7;39
TE333;21.01.2024;22;1.0;414;38;409;39;5;38
TE333;21.01.2024;23;1.0;298;40;290;40;8;38
TE333;22.01.2024;0;1.0;209;42;203;42;6;42
TE333;22.01.2024;1;1.0;160;45;149;45;11;44
TE333;22.01.2024;2;1.0;117;45;106;45;11;44
TE333;22.01.2024;3;1.0;114;45;104;45;10;42
TE333;22.01.2024;4;1.0;108;42;102;43;6;41
TE335;22.01.2024;11;1.0;1021;36;969;36;52;43
TE335;22.01.2024;12;1.0;1034;43;917;40;117;59
TE335;23.01.2024;20;1.0;837;39;784;38;53;55
TE335;23.01.2024;23;1.0;493;45;461;44;32;58
TE335;24.01.2024;2;1.0;232;60;187;56;45;81
TE335;26.01.2024;5;1.0;365;54;339;52;26;76
TE335;27.01.2024;10;1.0;866;46;786;45;79;64
TE335;27.01.2024;23;1.0;842;44;808;43;34;62
TE335;28.01.2024;9;1.0;594;41;564;41;30;51
TE335;28.01.2024;21;1.0;784;42;720;40;64;60
TE335;28.01.2024;23;1.0;454;46;435;46;19;53
TE335;29.01.2024;0;1.0;329;45;305;45;24;49
TE335;29.01.2024;1;1.0;199;40;186;40;13;40
TE335;29.01.2024;2;1.0;153;43;130;43;23;47
TE335;29.01.2024;3;1.0;143;33;128;33;15;31
TE335;29.01.2024;4;1.0;171;38;165;38;6;39
TE335;29.01.2024;5;1.0;361;46;335;46;26;51
TE335;29.01.2024;6;1.0;686;39;627;39;59;43
TE335;31.01.2024;15;1.0;2879;59;1462;44;1417;73
TE335;31.01.2024;20;1.0;3338;63;1345;57;1993;68
TE340;01.01.2024;0;1.0;176;41;167;41;9;47
TE340;01.01.2024;1;1.0;455;12;447;12;8;27
TE340;01.01.2024;2;1.0;412;38;408;38;4;47
TE340;01.01.2024;3;1.0;311;45;308;45;3;46
TE340;01.01.2024;4;1.0;804;48;800;48;4;47
TE340;01.01.2024;5;1.0;617;73;459;69;158;82
TE340;01.01.2024;6;1.0;171;44;166;44;5;41
TE340;01.01.2024;7;1.0;285;14;280;13;5;34
TE340;01.01.2024;8;1.0;176;10;161;11;15;10
TE340;01.01.2024;9;1.0;300;8;161;12;139;4
TE340;01.01.2024;10;1.0;173;35;164;35;9;37
TE340;01.01.2024;11;1.0;842;42;759;42;83;43
TE340;01.01.2024;12;1.0;393;46;386;46;7;45
TE340;01.01.2024;13;1.0;874;32;861;31;13;47
TE340;01.01.2024;14;1.0;659;13;654;13;5;45
TE340;01.01.2024;15;1.0;428;32;422;32;6;40
TE340;01.01.2024;16;1.0;549;36;533;36;16;37
TE340;01.01.2024;17;1.0;476;39;462;39;14;42
TE340;01.01.2024;18;1.0;417;44;396;44;21;48
TE340;01.01.2024;19;1.0;381;39;373;39;8;40
TE340;01.01.2024;20;1.0;285;49;265;48;20;58
TE340;01.01.2024;21;1.0;247;46;236;46;11;42
TE340;01.01.2024;22;1.0;207;39;200;39;7;42
TE340;01.01.2024;23;1.0;130;42;125;43;5;38
TE340;02.01.2024;0;1.0;97;38;95;38;2;34
TE340;02.01.2024;1;1.0;57;37;55;36;2;52
TE340;02.01.2024;2;1.0;78;45;73;44;5;53
TE340;02.01.2024;3;1.0;398;21;396;21;2;46
TE340;02.01.2024;4;1.0;186;18;182;18;4;43
TE340;02.01.2024;5;1.0;362;40;345;40;17;46
TE340;02.01.2024;6;1.0;439;44;414;44;25;45
TE340;02.01.2024;7;1.0;395;40;376;40;19;37
TE340;02.01.2024;8;1.0;451;45;435;45;16;46
TE340;02.01.2024;9;1.0;407;45;387;45;20;48
TE340;02.01.2024;10;1.0;382;38;363;38;19;37
TE340;02.01.2024;11;1.0;461;37;430;37;31;33
TE340;02.01.2024;12;1.0;479;31;456;31;22;27
TE340;02.01.2024;13;1.0;434;45;413;45;21;46
TE340;02.01.2024;14;1.0;722;31;706;31;16;39
TE340;02.01.2024;15;1.0;472;42;456;42;16;48
TE340;02.01.2024;16;1.0;399;43;392;43;7;47
TE340;02.01.2024;17;1.0;269;36;261;36;8;41
TE340;02.01.2024;18;1.0;740;47;652;46;88;48
TE340;02.01.2024;19;1.0;383;16;376;16;7;40
TE340;02.01.2024;20;1.0;339;12;333;12;6;40
TE340;02.01.2024;21;1.0;279;40;260;39;19;45
TE340;02.01.2024;22;1.0;274;10;252;10;22;14
TE340;03.01.2024;2;1.0;59;15;53;15;5;28
TE340;03.01.2024;3;1.0;78;18;75;17;3;34
TE340;03.01.2024;4;1.0;155;21;147;20;8;44
TE340;03.01.2024;5;1.0;419;26;407;26;12;42
TE340;03.01.2024;6;1.0;637;45;605;45;32;45
TE340;03.01.2024;7;1.0;598;43;578;43;20;42
TE340;03.01.2024;8;1.0;1003;57;756;55;247;62
TE340;03.01.2024;9;1.0;679;42;646;42;33;40
TE340;03.01.2024;10;1.0;970;40;933;40;37;39
TE340;03.01.2024;11;1.0;674;43;627;43;47;43
TE340;03.01.2024;12;1.0;868;43;835;43;33;43
TE340;03.01.2024;13;1.0;817;42;697;43;120;42
TE340;03.01.2024;14;1.0;514;32;472;31;42;45
TE340;03.01.2024;15;1.0;363;20;353;19;10;40
TE340;03.01.2024;16;1.0;476;15;469;15;7;41
TE340;03.01.2024;17;1.0;469;14;463;13;6;41
TE340;03.01.2024;18;1.0;741;41;632;41;109;44
TE340;03.01.2024;19;1.0;640;49;553;48;87;51
TE340;03.01.2024;20;1.0;492;46;484;46;8;41
TE340;03.01.2024;21;1.0;314;40;300;40;14;38
TE340;03.01.2024;22;1.0;216;19;210;19;6;41
TE340;03.01.2024;23;1.0;150;14;145;13;5;41
TE340;04.01.2024;0;1.0;102;14;98;13;4;36
TE340;04.01.2024;1;1.0;67;15;64;14;3;35
TE340;04.01.2024;2;1.0;64;6;63;6;1;44
TE340;04.01.2024;3;1.0;74;18;72;17;2;44
TE340;04.01.2024;4;1.0;128;25;123;25;5;35
TE340;04.01.2024;5;1.0;379;32;372;32;7;38
TE340;04.01.2024;6;1.0;628;47;524;47;104;49
TE340;04.01.2024;7;1.0;405;23;389;23;16;42
TE340;04.01.2024;8;1.0;456;34;438;34;18;36
TE340;04.01.2024;9;1.0;607;37;574;37;33;37
TE340;04.01.2024;10;1.0;415;41;355;41;60;39
TE340;04.01.2024;11;1.0;434;47;390;47;44;48
TE340;04.01.2024;12;1.0;463;39;449;39;14;40
TE340;04.01.2024;13;1.0;505;35;469;35;36;38
TE340;04.01.2024;14;1.0;511;36;499;36;12;35
TE340;04.01.2024;15;1.0;491;39;472;39;19;38
TE340;04.01.2024;16;1.0;462;40;441;40;21;38
TE340;04.01.2024;17;1.0;441;43;428;44;13;42
TE340;04.01.2024;18;1.0;493;43;451;43;42;49
TE340;04.01.2024;19;1.0;383;46;364;46;19;45
TE340;04.01.2024;20;1.0;314;43;307;43;7;45
TE340;04.01.2024;21;1.0;275;44;266;44;9;45
TE340;04.01.2024;22;1.0;212;44;205;45;7;38
TE340;04.01.2024;23;1.0;168;49;163;49;5;46
TE340;05.01.2024;0;1.0;104;43;101;43;3;41
TE340;05.01.2024;1;1.0;84;66;64;60;20;82
TE340;05.01.2024;2;1.0;63;53;53;53;10;52
TE340;05.01.2024;3;1.0;79;58;62;56;17;66
TE340;05.01.2024;4;1.0;171;52;155;51;16;57
TE340;05.01.2024;5;1.0;406;50;381;50;25;48
TE340;05.01.2024;6;1.0;442;46;413;46;29;52
TE340;05.01.2024;7;1.0;461;44;438;44;23;45
TE340;05.01.2024;8;1.0;473;55;441;55;32;46
TE340;05.01.2024;9;1.0;497;43;484;43;13;46
TE340;05.01.2024;10;1.0;425;41;405;41;20;44
TE340;05.01.2024;11;1.0;455;39;421;39;35;40
TE340;05.01.2024;12;1.0;541;43;522;43;19;48
TE340;05.01.2024;13;1.0;503;40;487;40;16;37
TE340;05.01.2024;14;1.0;533;41;522;41;11;41
TE340;05.01.2024;15;1.0;548;42;536;42;12;42
TE340;05.01.2024;16;1.0;464;46;437;46;27;50
TE340;05.01.2024;17;1.0;507;41;498;41;9;39
TE340;05.01.2024;18;1.0;495;44;486;44;9;41
TE340;05.01.2024;19;1.0;430;42;421;42;9;41
TE340;05.01.2024;20;1.0;401;44;392;44;9;43
TE340;05.01.2024;21;1.0;342;46;337;46;5;42
TE340;05.01.2024;22;1.0;239;51;226;51;13;51
TE340;05.01.2024;23;1.0;213;49;205;49;8;50
TE340;06.01.2024;0;1.0;162;45;159;45;3;41
TE340;06.01.2024;1;1.0;134;42;128;41;6;57
TE340;06.01.2024;2;1.0;107;46;103;46;4;35
TE340;06.01.2024;3;1.0;70;54;66;54;4;52
TE340;06.01.2024;4;1.0;117;51;109;51;8;48
TE340;06.01.2024;5;1.0;176;47;170;47;6;46
TE340;06.01.2024;6;1.0;165;47;150;46;15;62
TE340;06.01.2024;7;1.0;185;46;173;46;12;45
TE340;06.01.2024;8;1.0;220;51;204;50;16;56
TE340;06.01.2024;9;1.0;350;44;339;44;11;43
TE340;06.01.2024;10;1.0;465;42;454;42;11;43
TE340;06.01.2024;11;1.0;488;42;473;42;15;42
TE340;06.01.2024;12;1.0;580;41;564;41;16;37
TE340;06.01.2024;13;1.0;574;42;568;42;6;42
TE340;06.01.2024;14;1.0;576;42;565;42;11;40
TE340;06.01.2024;15;1.0;590;41;585;41;5;42
TE340;06.01.2024;16;1.0;560;43;551;43;9;41
TE340;06.01.2024;17;1.0;654;40;647;40;7;40
TE340;06.01.2024;18;1.0;512;42;505;42;7;41
TE340;06.01.2024;19;1.0;524;41;517;41;7;40
TE340;06.01.2024;20;1.0;376;45;370;45;6;40
TE340;06.01.2024;21;1.0;381;47;369;47;12;49
TE340;06.01.2024;22;1.0;317;45;311;45;6;43
TE340;06.01.2024;23;1.0;246;47;239;47;7;48
TE340;07.01.2024;0;1.0;195;41;192;41;3;46
TE340;07.01.2024;1;1.0;179;47;176;47;3;41
TE340;07.01.2024;2;1.0;139;45;136;45;3;50
TE340;07.01.2024;3;1.0;90;45;88;44;2;46
TE340;07.01.2024;4;1.0;93;48;85;48;8;47
TE340;07.01.2024;5;1.0;137;52;130;52;7;53
TE340;07.01.2024;6;1.0;106;48;99;48;7;43
TE340;07.01.2024;7;1.0;109;51;102;51;7;50
TE340;07.01.2024;8;1.0;170;48;165;48;5;48
TE340;07.01.2024;9;1.0;242;48;237;48;5;52
TE340;07.01.2024;10;1.0;280;46;265;44;15;68
TE340;07.01.2024;11;1.0;360;45;351;45;9;45
TE340;07.01.2024;12;1.0;457;45;446;45;11;45
TE340;07.01.2024;13;1.0;514;47;493;47;21;48
TE340;07.01.2024;14;1.0;528;49;507;49;21;52
TE340;07.01.2024;15;1.0;506;47;494;47;12;47
TE340;07.01.2024;16;1.0;518;43;508;43;10;43
TE340;07.01.2024;17;1.0;555;43;549;44;6;42
TE340;07.01.2024;18;1.0;485;46;477;46;8;46
TE340;07.01.2024;19;1.0;483;46;474;46;9;45
TE340;07.01.2024;20;1.0;386;45;380;45;6;41
TE340;07.01.2024;21;1.0;344;44;335;44;9;43
TE340;07.01.2024;22;1.0;312;45;301;45;11;44
TE340;07.01.2024;23;1.0;223;45;214;44;9;44
TE340;08.01.2024;0;1.0;119;47;110;47;9;48
TE340;08.01.2024;1;1.0;80;49;76;49;4;48
TE340;08.01.2024;2;1.0;62;48;55;49;7;38
TE340;08.01.2024;3;1.0;85;48;75;48;10;45
TE340;08.01.2024;4;1.0;207;51;190;51;17;49
TE340;08.01.2024;5;1.0;509;42;496;42;13;49
TE340;08.01.2024;6;1.0;642;43;611;43;31;44
TE340;08.01.2024;7;1.0;583;43;551;43;32;42
TE340;08.01.2024;8;1.0;612;42;587;43;25;42
TE340;08.01.2024;9;1.0;482;41;443;41;39;44
TE340;08.01.2024;10;1.0;498;40;470;40;28;38
TE340;08.01.2024;11;1.0;476;40;450;40;26;40
TE340;08.01.2024;12;1.0;501;39;478;39;23;38
TE340;08.01.2024;13;1.0;466;40;447;41;19;40
TE340;08.01.2024;14;1.0;479;40;461;40;18;40
TE340;08.01.2024;15;1.0;491;41;476;41;15;39
TE340;08.01.2024;16;1.0;478;39;468;39;10;38
TE340;08.01.2024;17;1.0;496;41;482;41;14;40
TE340;08.01.2024;18;1.0;477;41;466;41;11;40
TE340;08.01.2024;19;1.0;414;42;404;42;10;40
TE340;08.01.2024;20;1.0;327;43;319;43;8;42
TE340;08.01.2024;21;1.0;285;43;278;43;7;43
TE340;08.01.2024;22;1.0;243;44;237;44;6;44
TE340;08.01.2024;23;1.0;186;43;179;43;7;42
TE340;09.01.2024;0;1.0;100;47;97;47;3;39
TE340;09.01.2024;1;1.0;84;47;80;47;4;44
TE340;09.01.2024;2;1.0;71;48;64;48;7;46
TE340;09.01.2024;3;1.0;86;43;82;42;4;47
TE340;09.01.2024;4;1.0;184;50;170;50;14;51
TE340;09.01.2024;5;1.0;591;44;566;44;25;43
TE340;09.01.2024;6;1.0;615;20;604;20;11;40
TE340;09.01.2024;7;1.0;614;39;562;39;52;39
TE340;09.01.2024;8;1.0;606;9;596;9;9;12
TE340;09.01.2024;9;1.0;554;15;539;15;15;25
TE340;09.01.2024;10;1.0;538;44;504;44;34;43
TE340;09.01.2024;11;1.0;491;45;460;45;31;44
TE340;09.01.2024;12;1.0;509;41;474;41;35;41
TE340;09.01.2024;13;1.0;554;37;539;37;15;37
TE340;09.01.2024;14;1.0;505;39;485;39;20;38
TE340;09.01.2024;15;1.0;555;40;545;39;10;38
TE340;09.01.2024;16;1.0;521;39;503;39;18;40
TE340;09.01.2024;17;1.0;565;40;555;40;10;39
TE340;09.01.2024;18;1.0;474;42;462;42;12;41
TE340;09.01.2024;19;1.0;424;42;415;42;9;40
TE340;09.01.2024;20;1.0;347;44;340;44;7;44
TE340;09.01.2024;21;1.0;355;44;348;44;7;42
TE340;09.01.2024;22;1.0;231;46;225;47;6;43
TE340;09.01.2024;23;1.0;186;45;180;45;6;43
TE340;10.01.2024;0;1.0;113;46;109;46;4;43
TE340;10.01.2024;1;1.0;76;45;73;45;3;49
TE340;10.01.2024;2;1.0;58;47;54;47;4;50
TE340;10.01.2024;3;1.0;81;43;76;43;5;52
TE340;10.01.2024;4;1.0;193;36;188;36;5;48
TE340;10.01.2024;5;1.0;605;49;580;49;25;48
TE340;10.01.2024;6;1.0;670;32;645;31;25;42
TE340;10.01.2024;7;1.0;577;11;569;10;8;37
TE340;10.01.2024;8;1.0;511;3;511;3;0;-1
TE340;10.01.2024;9;1.0;476;14;464;14;12;37
TE340;10.01.2024;10;1.0;489;44;458;45;31;43
TE340;10.01.2024;11;1.0;486;45;463;45;23;46
TE340;10.01.2024;12;1.0;521;40;487;40;34;42
TE340;10.01.2024;13;1.0;501;47;405;45;95;56
TE340;10.01.2024;14;1.0;488;35;474;35;14;35
TE340;10.01.2024;16;1.0;500;46;426;45;74;59
TE340;10.01.2024;17;1.0;519;41;495;41;24;43
TE340;10.01.2024;18;1.0;512;39;498;39;14;39
TE340;10.01.2024;19;1.0;473;41;464;41;9;40
TE340;10.01.2024;20;1.0;368;44;357;44;11;41
TE340;10.01.2024;21;1.0;374;47;363;47;11;44
TE340;10.01.2024;22;1.0;263;48;256;48;7;46
TE340;10.01.2024;23;1.0;208;47;203;47;5;46
TE340;11.01.2024;0;1.0;137;50;131;49;6;51
TE340;11.01.2024;1;1.0;115;47;110;47;5;39
TE340;11.01.2024;2;1.0;62;48;56;47;6;48
TE340;11.01.2024;3;1.0;96;48;93;48;3;41
TE340;11.01.2024;4;1.0;185;48;177;48;8;50
TE340;11.01.2024;5;1.0;559;47;543;47;16;52
TE340;11.01.2024;6;1.0;669;45;654;45;15;47
TE340;11.01.2024;7;1.0;564;41;552;40;12;40
TE340;11.01.2024;8;1.0;554;38;542;38;12;38
TE340;11.01.2024;9;1.0;497;33;480;33;17;38
TE340;11.01.2024;10;1.0;480;44;411;43;69;53
TE340;11.01.2024;11;1.0;526;71;306;60;220;86
TE340;11.01.2024;12;1.0;565;43;549;43;16;43
TE340;11.01.2024;13;1.0;501;60;434;57;67;81
TE340;11.01.2024;14;1.0;501;50;462;49;39;60
TE340;11.01.2024;15;1.0;517;48;504;48;13;47
TE340;11.01.2024;16;1.0;518;45;503;45;15;52
TE340;11.01.2024;17;1.0;522;31;512;31;10;27
TE340;11.01.2024;18;1.0;551;41;541;41;10;38
TE340;11.01.2024;19;1.0;451;43;443;43;8;37
TE340;11.01.2024;20;1.0;405;48;358;45;47;73
TE340;11.01.2024;21;1.0;357;47;338;47;19;51
TE340;11.01.2024;22;1.0;240;47;233;47;7;40
TE340;11.01.2024;23;1.0;184;45;177;45;7;45
TE340;12.01.2024;1;1.0;83;65;37;54;46;74
TE340;12.01.2024;5;1.0;503;51;485;51;18;74
TE340;12.01.2024;6;1.0;606;48;577;48;29;49
TE340;12.01.2024;7;1.0;582;41;548;40;34;65
TE340;12.01.2024;8;1.0;514;30;503;30;11;37
TE340;12.01.2024;9;1.0;503;37;491;36;12;40
TE340;12.01.2024;10;1.0;496;40;461;39;35;44
TE340;12.01.2024;11;1.0;446;49;416;48;30;57
TE340;12.01.2024;12;1.0;435;44;421;44;14;40
TE340;12.01.2024;13;1.0;465;45;453;45;12;44
TE340;12.01.2024;14;1.0;498;43;488;43;10;40
TE340;12.01.2024;15;1.0;566;43;558;43;8;40
TE340;12.01.2024;16;1.0;538;42;531;42;7;39
TE340;12.01.2024;17;1.0;558;41;551;41;7;39
TE340;12.01.2024;18;1.0;556;42;547;42;9;38
TE340;12.01.2024;19;1.0;513;43;505;43;8;42
TE340;12.01.2024;20;1.0;361;45;353;45;8;46
TE340;12.01.2024;21;1.0;343;46;338;46;5;41
TE340;12.01.2024;22;1.0;318;46;312;46;6;44
TE340;12.01.2024;23;1.0;218;46;212;46;6;45
TE340;13.01.2024;0;1.0;173;55;156;53;17;71
TE340;13.01.2024;3;1.0;90;58;82;58;8;58
TE340;13.01.2024;4;1.0;111;57;99;57;12;59
TE340;13.01.2024;7;1.0;168;52;158;52;10;50
TE340;13.01.2024;8;1.0;244;54;235;53;9;63
TE340;13.01.2024;9;1.0;359;41;348;40;11;51
TE340;13.01.2024;10;1.0;416;45;407;45;9;47
TE340;13.01.2024;11;1.0;395;47;380;47;15;48
TE340;13.01.2024;12;1.0;534;43;526;43;8;42
TE340;13.01.2024;13;1.0;497;45;485;45;12;58
TE340;13.01.2024;14;1.0;497;55;444;52;53;77
TE340;13.01.2024;15;1.0;475;45;469;45;6;48
TE340;13.01.2024;16;1.0;445;38;434;38;10;38
TE340;13.01.2024;17;1.0;521;41;509;41;12;42
TE340;13.01.2024;18;1.0;465;43;453;43;12;47
TE340;13.01.2024;19;1.0;449;40;442;40;7;41
TE340;13.01.2024;20;1.0;371;41;363;41;8;46
TE340;13.01.2024;21;1.0;373;46;365;46;8;46
TE340;13.01.2024;22;1.0;289;45;282;46;7;43
TE340;13.01.2024;23;1.0;243;42;235;42;8;42
TE340;14.01.2024;0;1.0;218;49;215;49;3;49
TE340;14.01.2024;1;1.0;173;47;169;47;4;44
TE340;14.01.2024;4;1.0;114;49;110;49;4;42
TE340;14.01.2024;5;1.0;157;50;154;51;3;35
TE340;14.01.2024;8;1.0;222;77;186;77;36;79
TE340;14.01.2024;9;1.0;260;69;215;68;44;77
TE340;14.01.2024;10;1.0;378;50;370;50;8;50
TE340;14.01.2024;11;1.0;344;25;331;25;14;27
TE340;14.01.2024;12;1.0;384;39;371;39;13;44
TE340;14.01.2024;13;1.0;450;55;384;52;66;70
TE340;14.01.2024;14;1.0;492;42;462;42;30;44
TE340;14.01.2024;15;1.0;426;48;377;48;49;55
TE340;14.01.2024;16;1.0;497;47;478;46;19;60
TE340;14.01.2024;17;1.0;519;46;452;44;68;60
TE340;14.01.2024;18;1.0;447;42;419;40;28;58
TE340;14.01.2024;19;1.0;386;39;377;39;9;40
TE340;14.01.2024;20;1.0;360;46;353;46;7;48
TE340;14.01.2024;21;1.0;321;61;244;58;76;73
TE340;14.01.2024;22;1.0;237;50;222;49;14;65
TE340;14.01.2024;23;1.0;183;44;174;44;9;54
TE340;15.01.2024;0;1.0;94;62;85;61;9;73
TE340;15.01.2024;1;1.0;65;57;61;57;4;54
TE340;15.01.2024;3;1.0;73;52;59;50;14;57
TE340;15.01.2024;5;1.0;490;47;473;47;17;53
TE340;15.01.2024;6;1.0;549;49;526;49;23;53
TE340;15.01.2024;7;1.0;557;43;525;43;32;47
TE340;15.01.2024;8;1.0;519;43;490;43;29;41
TE340;15.01.2024;9;1.0;356;36;308;36;47;39
TE340;15.01.2024;10;1.0;374;41;365;41;9;57
TE340;15.01.2024;11;1.0;434;35;399;36;35;32
TE340;15.01.2024;12;1.0;470;41;431;41;39;42
TE340;15.01.2024;13;1.0;292;47;249;44;43;64
TE340;15.01.2024;14;1.0;398;40;369;39;29;49
TE340;15.01.2024;15;1.0;412;44;381;44;31;52
TE340;15.01.2024;16;1.0;458;40;430;40;28;44
TE340;15.01.2024;17;1.0;482;41;470;41;12;44
TE340;15.01.2024;18;1.0;417;44;399;44;18;45
TE340;15.01.2024;19;1.0;389;43;379;43;10;39
TE340;15.01.2024;20;1.0;317;48;307;47;10;52
TE340;15.01.2024;21;1.0;261;39;239;39;22;50
TE340;15.01.2024;22;1.0;186;48;180;49;6;43
TE340;15.01.2024;23;1.0;164;49;157;49;7;48
TE340;16.01.2024;0;1.0;95;44;92;45;3;42
TE340;16.01.2024;1;1.0;53;44;50;44;3;45
TE340;16.01.2024;2;1.0;58;40;56;40;2;43
TE340;16.01.2024;3;1.0;82;40;75;40;7;40
TE340;16.01.2024;4;1.0;178;37;167;37;11;39
TE340;16.01.2024;5;1.0;506;41;504;41;2;42
TE340;16.01.2024;6;1.0;668;39;660;39;8;41
TE340;16.01.2024;7;1.0;572;39;556;39;16;38
TE340;16.01.2024;8;1.0;608;30;594;30;14;34
TE340;16.01.2024;9;1.0;554;23;543;23;11;18
TE340;16.01.2024;10;1.0;531;43;516;43;15;42
TE340;16.01.2024;11;1.0;499;42;477;42;22;42
TE340;16.01.2024;12;1.0;477;42;455;42;22;44
TE340;16.01.2024;13;1.0;446;45;414;44;32;49
TE340;16.01.2024;14;1.0;430;46;390;44;40;58
TE340;16.01.2024;15;1.0;471;41;414;39;57;48
TE340;16.01.2024;16;1.0;477;43;469;43;8;40
TE340;16.01.2024;17;1.0;524;42;517;42;7;39
TE340;16.01.2024;18;1.0;462;42;450;43;12;44
TE340;16.01.2024;19;1.0;389;63;292;58;96;75
TE340;16.01.2024;20;1.0;292;46;278;46;14;48
TE340;16.01.2024;21;1.0;266;44;259;44;7;42
TE340;16.01.2024;22;1.0;220;48;212;47;8;45
TE340;16.01.2024;23;1.0;188;49;181;49;7;53
TE340;17.01.2024;0;1.0;104;37;99;37;5;35
TE340;17.01.2024;1;1.0;67;39;64;39;3;37
TE340;17.01.2024;2;1.0;60;46;56;46;4;47
TE340;17.01.2024;3;1.0;82;48;75;48;7;45
TE340;17.01.2024;4;1.0;184;47;175;47;9;48
TE340;17.01.2024;5;1.0;502;59;382;53;119;77
TE340;17.01.2024;7;1.0;597;31;575;31;22;37
TE340;17.01.2024;8;1.0;669;22;606;21;63;36
TE340;17.01.2024;9;1.0;460;41;401;40;59;47
TE340;17.01.2024;10;1.0;530;43;496;43;34;46
TE340;17.01.2024;11;1.0;515;34;485;34;30;34
TE340;17.01.2024;12;1.0;448;31;413;30;35;41
TE340;17.01.2024;13;1.0;456;15;443;14;13;44
TE340;17.01.2024;14;1.0;455;65;303;62;152;72
TE340;17.01.2024;15;1.0;482;53;418;51;64;65
TE340;17.01.2024;16;1.0;517;44;493;44;24;45
TE340;17.01.2024;17;1.0;507;45;483;45;24;50
TE340;17.01.2024;18;1.0;438;45;413;45;25;49
TE340;17.01.2024;19;1.0;400;53;358;50;42;78
TE340;17.01.2024;20;1.0;318;45;310;45;8;43
TE340;17.01.2024;21;1.0;308;49;296;49;12;46
TE340;17.01.2024;22;1.0;210;60;162;58;48;69
TE340;18.01.2024;1;1.0;78;64;46;63;31;67
TE340;18.01.2024;2;1.0;68;63;46;62;22;68
TE340;18.01.2024;3;1.0;130;55;112;53;18;63
TE340;18.01.2024;4;1.0;206;54;189;54;17;54
TE340;18.01.2024;5;1.0;523;50;504;50;19;51
TE340;18.01.2024;6;1.0;656;68;470;61;186;84
TE340;18.01.2024;7;1.0;636;43;608;43;28;47
TE340;18.01.2024;9;1.0;534;59;401;54;133;77
TE340;18.01.2024;10;1.0;453;45;431;46;22;44
TE340;18.01.2024;12;1.0;439;47;375;45;64;58
TE340;18.01.2024;13;1.0;494;43;299;35;195;55
TE340;18.01.2024;14;1.0;463;44;434;44;29;46
TE340;18.01.2024;15;1.0;517;45;483;45;34;46
TE340;18.01.2024;16;1.0;539;38;509;38;30;40
TE340;18.01.2024;17;1.0;506;39;480;39;27;35
TE340;18.01.2024;18;1.0;480;47;406;46;75;54
TE340;18.01.2024;20;1.0;317;45;302;45;15;44
TE340;18.01.2024;21;1.0;349;46;339;46;10;43
TE340;18.01.2024;22;1.0;261;47;249;47;12;46
TE340;18.01.2024;23;1.0;210;44;206;44;4;38
TE340;19.01.2024;0;1.0;133;44;130;44;3;40
TE340;19.01.2024;1;1.0;81;46;72;45;9;57
TE340;19.01.2024;4;1.0;227;52;202;52;24;60
TE340;19.01.2024;5;1.0;491;48;477;48;14;49
TE340;19.01.2024;6;1.0;571;44;555;44;16;44
TE340;19.01.2024;7;1.0;617;38;604;38;13;41
TE340;19.01.2024;8;1.0;597;39;579;39;18;39
TE340;19.01.2024;9;1.0;518;40;491;40;27;44
TE340;19.01.2024;10;1.0;512;39;495;39;17;39
TE340;19.01.2024;11;1.0;559;36;536;36;23;37
TE340;19.01.2024;12;1.0;478;40;412;39;66;45
TE340;19.01.2024;13;1.0;517;38;472;38;45;38
TE340;19.01.2024;14;1.0;569;38;540;38;29;41
TE340;19.01.2024;15;1.0;685;41;665;41;20;40
TE340;19.01.2024;16;1.0;522;46;496;46;26;46
TE340;19.01.2024;17;1.0;554;42;540;42;14;40
TE340;19.01.2024;18;1.0;518;43;507;43;11;42
TE340;19.01.2024;19;1.0;467;41;452;41;15;40
TE340;19.01.2024;20;1.0;370;44;357;44;13;46
TE340;19.01.2024;21;1.0;353;40;347;40;6;39
TE340;19.01.2024;22;1.0;302;43;295;43;7;42
TE340;19.01.2024;23;1.0;291;46;276;46;15;53
TE340;20.01.2024;0;1.0;241;46;239;46;2;38
TE340;20.01.2024;1;1.0;192;44;189;44;3;42
TE340;20.01.2024;2;1.0;140;46;138;46;2;38
TE340;20.01.2024;3;1.0;116;45;112;45;4;43
TE340;20.01.2024;4;1.0;152;45;150;45;2;40
TE340;20.01.2024;5;1.0;223;47;215;48;8;46
TE340;20.01.2024;6;1.0;271;45;250;45;21;50
TE340;20.01.2024;7;1.0;290;43;282;43;8;44
TE340;20.01.2024;8;1.0;379;43;367;43;12;44
TE340;20.01.2024;9;1.0;488;47;474;47;14;51
TE340;20.01.2024;10;1.0;549;46;530;46;19;45
TE340;20.01.2024;11;1.0;464;44;452;44;12;43
TE340;20.01.2024;12;1.0;587;43;570;43;17;41
TE340;20.01.2024;13;1.0;602;40;581;40;21;40
TE340;20.01.2024;14;1.0;671;40;648;40;23;43
TE340;20.01.2024;15;1.0;629;42;620;42;9;38
TE340;20.01.2024;16;1.0;709;39;698;39;11;38
TE340;20.01.2024;17;1.0;657;41;645;41;12;40
TE340;20.01.2024;18;1.0;580;41;564;41;16;39
TE340;20.01.2024;19;1.0;438;42;432;42;6;39
TE340;20.01.2024;20;1.0;372;40;362;40;10;39
TE340;20.01.2024;21;1.0;407;43;396;43;11;41
TE340;20.01.2024;22;1.0;323;44;316;44;7;41
TE340;20.01.2024;23;1.0;248;46;242;46;6;43
TE340;21.01.2024;0;1.0;241;45;237;45;4;38
TE340;21.01.2024;1;1.0;186;46;184;46;2;39
TE340;21.01.2024;2;1.0;138;46;136;46;2;36
TE340;21.01.2024;3;1.0;112;48;111;48;1;38
TE340;21.01.2024;4;1.0;98;51;93;52;5;47
TE340;21.01.2024;5;1.0;131;53;128;53;3;43
TE340;21.01.2024;6;1.0;119;54;112;54;7;46
TE340;21.01.2024;7;1.0;142;50;139;50;3;43
TE340;21.01.2024;8;1.0;216;53;210;53;6;54
TE340;21.01.2024;9;1.0;385;43;380;43;4;53
TE340;21.01.2024;10;1.0;373;40;364;40;9;39
TE340;21.01.2024;11;1.0;471;50;455;50;16;53
TE340;21.01.2024;12;1.0;538;45;526;45;12;45
TE340;21.01.2024;13;1.0;625;44;608;44;17;46
TE340;21.01.2024;14;1.0;661;42;653;42;8;41
TE340;21.01.2024;15;1.0;637;42;628;42;9;40
TE340;21.01.2024;16;1.0;555;43;543;43;12;43
TE340;21.01.2024;17;1.0;536;41;527;42;9;33
TE340;21.01.2024;18;1.0;494;42;477;42;17;41
TE340;21.01.2024;19;1.0;438;46;415;46;23;45
TE340;21.01.2024;20;1.0;445;44;434;44;11;42
TE340;21.01.2024;21;1.0;355;44;344;44;11;45
TE340;21.01.2024;22;1.0;237;44;227;44;10;43
TE340;21.01.2024;23;1.0;175;43;170;43;5;42
TE340;22.01.2024;0;1.0;124;50;116;50;8;45
TE340;22.01.2024;1;1.0;92;45;89;45;3;41
TE340;22.01.2024;2;1.0;72;48;70;48;2;43
TE340;22.01.2024;3;1.0;81;52;76;52;5;51
TE340;22.01.2024;4;1.0;242;50;230;50;12;48
TE340;22.01.2024;5;1.0;544;53;272;45;272;62
TE340;22.01.2024;6;1.0;658;41;467;36;191;54
TE340;22.01.2024;7;1.0;676;35;640;35;36;33
TE340;22.01.2024;8;1.0;576;31;533;31;43;30
TE340;22.01.2024;9;1.0;692;43;643;42;49;53
TE340;22.01.2024;10;1.0;657;40;642;40;15;39
TE340;22.01.2024;11;1.0;562;42;506;42;56;43
TE340;22.01.2024;12;1.0;639;41;609;41;30;40
TE340;22.01.2024;13;1.0;623;42;554;42;69;42
TE340;22.01.2024;14;1.0;635;44;565;43;70;46
TE340;22.01.2024;15;1.0;816;42;739;42;77;43
TE340;22.01.2024;16;1.0;604;33;570;33;34;43
TE340;22.01.2024;17;1.0;609;42;589;42;20;36
TE340;22.01.2024;18;1.0;691;44;678;45;13;40
TE340;22.01.2024;19;1.0;607;44;592;44;15;43
TE340;22.01.2024;20;1.0;686;43;679;44;7;38
TE340;22.01.2024;21;1.0;322;45;315;45;7;44
TE340;22.01.2024;22;1.0;633;45;625;45;8;40
TE340;22.01.2024;23;1.0;368;43;362;43;6;40
TE340;23.01.2024;0;1.0;148;44;141;44;7;45
TE340;23.01.2024;1;1.0;248;46;237;46;11;45
TE340;23.01.2024;2;1.0;285;46;264;46;21;44
TE340;23.01.2024;3;1.0;92;47;81;47;11;46
TE340;23.01.2024;4;1.0;240;49;231;49;9;47
TE340;23.01.2024;5;1.0;569;49;503;47;66;67
TE340;23.01.2024;6;1.0;621;44;539;42;81;58
TE340;23.01.2024;7;1.0;633;38;619;38;14;39
TE340;23.01.2024;8;1.0;620;34;601;34;19;35
TE340;23.01.2024;9;1.0;532;37;480;36;53;40
TE340;23.01.2024;10;1.0;618;42;531;42;87;42
TE340;23.01.2024;11;1.0;646;42;597;42;49;43
TE340;23.01.2024;12;1.0;734;38;669;37;65;41
TE340;23.01.2024;13;1.0;741;42;716;42;25;40
TE340;23.01.2024;14;1.0;574;35;517;34;57;46
TE340;23.01.2024;15;1.0;824;41;733;41;91;36
TE340;23.01.2024;16;1.0;1096;49;948;46;148;70
TE340;23.01.2024;17;1.0;663;40;650;40;13;39
TE340;23.01.2024;18;1.0;673;41;663;41;10;39
TE340;23.01.2024;19;1.0;798;41;768;41;30;39
TE340;23.01.2024;20;1.0;361;42;353;42;8;38
TE340;23.01.2024;21;1.0;356;43;345;43;11;39
TE340;23.01.2024;22;1.0;308;45;300;45;8;40
TE340;23.01.2024;23;1.0;425;37;417;37;8;42
TE340;24.01.2024;0;1.0;341;5;339;5;2;13
TE340;24.01.2024;2;1.0;189;20;187;20;2;46
TE340;24.01.2024;3;1.0;266;7;231;7;35;6
TE340;24.01.2024;4;1.0;602;9;588;9;14;21
TE340;24.01.2024;5;1.0;654;38;639;38;15;42
TE340;24.01.2024;6;1.0;643;39;608;39;35;39
TE340;24.01.2024;7;1.0;752;30;650;29;102;33
TE340;24.01.2024;8;1.0;528;9;514;9;14;16
TE340;24.01.2024;9;1.0;474;10;448;9;26;14
TE340;24.01.2024;10;1.0;753;16;696;15;57;27
TE340;24.01.2024;11;1.0;908;40;738;41;170;39
TE340;24.01.2024;12;1.0;842;38;741;38;101;39
TE340;24.01.2024;13;1.0;875;42;794;42;81;42
TE340;24.01.2024;14;1.0;987;41;842;41;145;42
TE340;24.01.2024;15;1.0;642;15;619;14;24;37
TE340;24.01.2024;16;1.0;415;32;401;33;14;28
TE340;24.01.2024;17;1.0;1082;44;1020;44;62;36
TE340;24.01.2024;18;1.0;788;43;712;43;76;39
TE340;24.01.2024;19;1.0;845;44;830;44;15;41
TE340;24.01.2024;20;1.0;1218;42;1145;42;73;41
TE340;24.01.2024;21;1.0;599;42;575;42;24;39
TE340;24.01.2024;22;1.0;858;36;845;36;13;53
TE340;24.01.2024;23;1.0;209;34;170;34;39;34
TE340;25.01.2024;0;1.0;33;38;30;38;3;40
TE340;25.01.2024;1;1.0;51;30;47;29;4;42
TE340;25.01.2024;2;1.0;31;39;29;38;2;42
TE340;25.01.2024;3;1.0;42;39;39;40;3;28
TE340;25.01.2024;4;1.0;107;38;105;38;2;41
TE340;25.01.2024;5;1.0;454;25;450;25;4;44
TE340;25.01.2024;6;1.0;564;18;555;17;9;43
TE340;25.01.2024;7;1.0;535;20;510;19;25;37
TE340;25.01.2024;8;1.0;480;20;451;19;29;27
TE340;25.01.2024;9;1.0;393;27;379;28;14;26
TE340;25.01.2024;10;1.0;801;43;660;43;141;47
TE340;25.01.2024;11;1.0;1113;68;601;60;512;77
TE340;25.01.2024;13;1.0;1076;69;537;64;539;73
TE340;25.01.2024;14;1.0;775;53;537;51;238;58
TE340;25.01.2024;15;1.0;959;33;912;34;47;24
TE340;25.01.2024;16;1.0;817;26;801;26;16;38
TE340;25.01.2024;17;1.0;764;41;647;41;117;40
TE340;25.01.2024;18;1.0;634;43;551;43;83;45
TE340;25.01.2024;19;1.0;368;24;347;24;21;37
TE340;25.01.2024;20;1.0;320;17;312;16;8;32
TE340;25.01.2024;21;1.0;321;17;313;17;8;36
TE340;25.01.2024;22;1.0;186;21;175;21;11;25
TE340;25.01.2024;23;1.0;134;18;130;18;4;42
TE340;26.01.2024;0;1.0;177;10;174;9;3;38
TE340;26.01.2024;1;1.0;94;15;92;14;2;46
TE340;26.01.2024;2;1.0;81;16;77;14;4;47
TE340;26.01.2024;3;1.0;94;18;93;18;1;40
TE340;26.01.2024;4;1.0;206;24;200;23;6;39
TE340;26.01.2024;5;1.0;555;48;535;48;20;54
TE340;26.01.2024;6;1.0;616;45;594;45;22;45
TE340;26.01.2024;7;1.0;613;41;582;41;31;42
TE340;26.01.2024;8;1.0;559;43;505;42;54;44
TE340;26.01.2024;9;1.0;534;47;508;47;26;47
TE340;26.01.2024;10;1.0;469;44;445;44;24;44
TE340;26.01.2024;11;1.0;486;42;399;39;87;55
TE340;26.01.2024;12;1.0;766;57;278;47;488;64
TE340;26.01.2024;13;1.0;212;43;188;44;24;39
TE340;26.01.2024;14;1.0;497;36;464;36;33;38
TE340;26.01.2024;15;1.0;328;32;311;33;17;24
TE340;26.01.2024;16;1.0;250;25;243;25;7;37
TE340;26.01.2024;17;1.0;534;13;528;13;6;34
TE340;26.01.2024;18;1.0;538;16;528;15;10;37
TE340;26.01.2024;19;1.0;395;18;385;17;10;34
TE340;26.01.2024;20;1.0;441;29;417;28;24;46
TE340;26.01.2024;21;1.0;382;26;375;26;7;40
TE340;26.01.2024;22;1.0;375;39;361;39;14;40
TE340;26.01.2024;23;1.0;330;42;304;41;26;54
TE340;27.01.2024;1;1.0;247;24;233;22;14;48
TE340;27.01.2024;2;1.0;214;10;210;10;4;18
TE340;27.01.2024;3;1.0;202;11;198;11;4;19
TE340;27.01.2024;4;1.0;187;13;184;13;3;34
TE340;27.01.2024;5;1.0;217;15;212;14;5;46
TE340;27.01.2024;6;1.0;253;15;249;15;4;44
TE340;27.01.2024;7;1.0;307;15;301;14;6;28
TE340;27.01.2024;8;1.0;318;50;302;49;16;60
TE340;27.01.2024;9;1.0;477;53;463;52;14;61
TE340;27.01.2024;10;1.0;581;40;556;39;25;54
TE340;27.01.2024;11;1.0;447;34;428;33;19;53
TE340;27.01.2024;12;1.0;655;53;498;49;157;67
TE340;27.01.2024;13;1.0;641;50;614;50;27;54
TE340;27.01.2024;14;1.0;746;47;651;47;95;45
TE340;27.01.2024;15;1.0;1117;42;1060;42;57;40
TE340;27.01.2024;16;1.0;1644;85;776;82;868;88
TE340;27.01.2024;17;1.0;842;45;758;44;84;54
TE340;27.01.2024;20;1.0;401;38;384;37;17;45
TE340;27.01.2024;22;1.0;381;44;372;44;9;51
TE340;27.01.2024;23;1.0;508;44;499;44;9;38
TE340;28.01.2024;0;1.0;261;28;258;28;3;37
TE340;28.01.2024;1;1.0;258;43;255;43;3;44
TE340;28.01.2024;2;1.0;175;48;171;48;4;45
TE340;28.01.2024;3;1.0;125;47;123;47;2;42
TE340;28.01.2024;4;1.0;156;48;153;48;3;45
TE340;28.01.2024;5;1.0;265;46;260;46;5;44
TE340;28.01.2024;6;1.0;136;48;129;49;7;50
TE340;28.01.2024;7;1.0;188;44;182;44;6;44
TE340;28.01.2024;8;1.0;242;46;236;46;6;42
TE340;28.01.2024;9;1.0;410;43;402;43;8;44
TE340;28.01.2024;10;1.0;472;36;456;35;16;36
TE340;28.01.2024;11;1.0;484;23;475;23;9;43
TE340;28.01.2024;12;1.0;608;44;561;44;47;47
TE340;28.01.2024;13;1.0;1238;46;1225;46;13;43
TE340;28.01.2024;14;1.0;872;48;730;46;143;58
TE340;28.01.2024;15;1.0;736;55;496;46;240;77
TE340;28.01.2024;16;1.0;733;40;619;32;114;84
TE340;28.01.2024;17;1.0;527;24;516;23;10;42
TE340;28.01.2024;18;1.0;714;37;704;37;10;35
TE340;28.01.2024;19;1.0;512;38;500;38;12;45
TE340;28.01.2024;20;1.0;580;43;571;43;9;42
TE340;28.01.2024;21;1.0;400;44;390;44;10;41
TE340;28.01.2024;22;1.0;456;44;444;44;12;45
TE340;28.01.2024;23;1.0;289;43;283;43;6;38
TE340;29.01.2024;0;1.0;333;46;326;46;7;46
TE340;29.01.2024;1;1.0;96;50;91;50;5;44
TE340;29.01.2024;2;1.0;73;47;64;48;9;44
TE340;29.01.2024;3;1.0;105;45;100;45;5;44
TE340;29.01.2024;4;1.0;238;46;228;46;10;46
TE340;29.01.2024;5;1.0;579;41;568;41;11;42
TE340;29.01.2024;6;1.0;666;41;638;41;28;41
TE340;29.01.2024;7;1.0;598;37;569;37;29;37
TE340;29.01.2024;8;1.0;588;26;558;25;30;31
TE340;29.01.2024;9;1.0;493;32;459;32;34;36
TE340;29.01.2024;10;1.0;536;36;481;36;55;35
TE340;29.01.2024;11;1.0;461;31;392;31;70;34
TE340;29.01.2024;12;1.0;562;27;472;25;90;37
TE340;29.01.2024;13;1.0;662;46;540;46;122;47
TE340;29.01.2024;14;1.0;951;44;857;44;94;47
TE340;29.01.2024;15;1.0;754;41;722;41;32;38
TE340;29.01.2024;16;1.0;796;39;767;39;29;38
TE340;29.01.2024;17;1.0;571;41;555;41;16;42
TE340;29.01.2024;18;1.0;617;39;602;39;15;39
TE340;29.01.2024;19;1.0;520;42;508;42;12;40
TE340;29.01.2024;20;1.0;407;43;397;43;10;40
TE340;29.01.2024;21;1.0;580;47;570;47;10;44
TE340;29.01.2024;22;1.0;271;43;265;43;6;41
TE340;29.01.2024;23;1.0;524;46;519;46;5;45
TE340;30.01.2024;0;1.0;198;48;195;48;3;34
TE340;30.01.2024;1;1.0;123;47;120;47;3;41
TE340;30.01.2024;2;1.0;97;46;90;46;7;43
TE340;30.01.2024;3;1.0;112;46;104;46;8;48
TE340;30.01.2024;4;1.0;249;48;229;49;20;44
TE340;30.01.2024;5;1.0;555;44;533;44;22;42
TE340;30.01.2024;6;1.0;646;40;620;40;26;40
TE340;30.01.2024;7;1.0;633;35;614;35;19;35
TE340;30.01.2024;8;1.0;635;28;613;28;22;29
TE340;30.01.2024;9;1.0;517;31;501;31;16;32
TE340;30.01.2024;10;1.0;567;39;533;39;34;38
TE340;30.01.2024;11;1.0;524;40;494;40;30;39
TE340;30.01.2024;12;1.0;490;40;451;40;39;43
TE340;30.01.2024;13;1.0;752;34;682;34;70;32
TE340;30.01.2024;14;1.0;869;44;847;44;22;42
TE340;30.01.2024;15;1.0;951;41;843;41;108;39
TE340;30.01.2024;16;1.0;721;41;704;41;17;40
TE340;30.01.2024;17;1.0;619;40;606;41;13;41
TE340;30.01.2024;18;1.0;534;40;525;40;9;38
TE340;30.01.2024;19;1.0;459;42;449;42;10;42
TE340;30.01.2024;20;1.0;416;42;402;42;14;43
TE340;30.01.2024;21;1.0;378;46;366;46;12;44
TE340;30.01.2024;22;1.0;311;45;303;45;8;40
TE340;30.01.2024;23;1.0;205;47;200;47;5;43
TE340;31.01.2024;0;1.0;136;46;132;46;4;43
TE340;31.01.2024;1;1.0;113;45;111;45;2;32
TE340;31.01.2024;2;1.0;76;48;70;48;6;43
TE340;31.01.2024;3;1.0;97;47;93;47;4;46
TE340;31.01.2024;4;1.0;262;50;224;49;38;52
TE340;31.01.2024;5;1.0;832;48;823;48;9;48
TE340;31.01.2024;6;1.0;713;45;695;45;18;46
TE340;31.01.2024;7;1.0;591;41;575;41;16;41
TE340;31.01.2024;8;1.0;561;30;545;31;16;24
TE340;31.01.2024;9;1.0;463;40;446;40;17;39
TE340;31.01.2024;10;1.0;596;39;570;39;26;39
TE340;31.01.2024;11;1.0;529;40;499;40;30;40
TE340;31.01.2024;12;1.0;591;37;570;37;21;36
TE340;31.01.2024;13;1.0;543;40;530;40;13;37
TE340;31.01.2024;14;1.0;529;44;512;44;17;42
TE340;31.01.2024;15;1.0;549;41;532;41;17;41
TE340;31.01.2024;16;1.0;594;40;583;40;11;39
TE340;31.01.2024;17;1.0;590;40;579;40;11;39
TE340;31.01.2024;18;1.0;495;43;484;43;11;42
TE340;31.01.2024;19;1.0;414;45;401;45;13;46
TE340;31.01.2024;20;1.0;341;46;331;46;10;45
TE340;31.01.2024;21;1.0;301;49;294;49;7;44
TE340;31.01.2024;22;1.0;261;46;252;46;9;46
TE340;31.01.2024;23;1.0;308;48;301;49;7;43
TE342;01.01.2024;0;1.0;218;62;217;62;1;58
TE342;01.01.2024;1;1.0;498;58;497;58;1;59
TE342;01.01.2024;2;1.0;407;58;405;58;2;61
TE342;01.01.2024;3;1.0;376;60;375;60;1;63
TE342;01.01.2024;4;1.0;279;58;276;58;3;57
TE342;01.01.2024;5;1.0;288;59;286;59;2;57
TE342;01.01.2024;6;1.0;220;60;216;60;4;56
TE342;01.01.2024;7;1.0;175;60;173;60;2;57
TE342;01.01.2024;8;1.0;140;62;140;62;0;-1
TE342;01.01.2024;9;1.0;137;61;132;61;5;54
TE342;01.01.2024;10;1.0;190;58;186;58;4;59
TE342;01.01.2024;11;1.0;280;57;280;57;0;-1
TE342;01.01.2024;12;1.0;370;58;369;58;1;49
TE342;01.01.2024;13;1.0;423;55;421;55;2;53
TE342;01.01.2024;14;1.0;472;54;472;54;0;-1
TE342;01.01.2024;15;1.0;478;55;473;55;5;55
TE342;01.01.2024;16;1.0;487;56;485;56;2;53
TE342;01.01.2024;17;1.0;486;56;484;56;2;55
TE342;01.01.2024;18;1.0;526;57;526;57;0;-1
TE342;01.01.2024;19;1.0;446;58;443;58;3;57
TE342;01.01.2024;20;1.0;359;59;359;59;0;-1
TE342;01.01.2024;21;1.0;314;59;313;59;1;58
TE342;01.01.2024;22;1.0;262;60;260;60;2;61
TE342;01.01.2024;23;1.0;219;59;219;59;0;-1
TE342;02.01.2024;0;1.0;141;58;140;58;1;56
TE342;02.01.2024;1;1.0;117;62;115;62;2;60
TE342;02.01.2024;2;1.0;82;59;82;59;0;-1
TE342;02.01.2024;3;1.0;84;56;80;56;4;55
TE342;02.01.2024;4;1.0;159;56;154;56;5;56
TE342;02.01.2024;5;1.0;375;54;370;54;5;52
TE342;02.01.2024;6;1.0;512;52;499;52;13;52
TE342;02.01.2024;7;1.0;516;53;502;53;14;52
TE342;02.01.2024;8;1.0;595;53;583;53;12;52
TE342;02.01.2024;9;1.0;544;56;531;56;13;55
TE342;02.01.2024;10;1.0;567;54;560;54;7;51
TE342;02.01.2024;11;1.0;610;56;599;56;11;53
TE342;02.01.2024;12;1.0;584;57;578;57;6;55
TE342;02.01.2024;13;1.0;670;55;656;55;14;53
TE342;02.01.2024;14;1.0;618;56;616;56;2;48
TE342;02.01.2024;15;1.0;703;57;701;57;2;54
TE342;02.01.2024;16;1.0;677;56;673;56;4;58
TE342;02.01.2024;17;1.0;631;56;629;56;2;60
TE342;02.01.2024;18;1.0;632;56;631;56;1;57
TE342;02.01.2024;19;1.0;525;59;525;59;0;-1
TE342;02.01.2024;20;1.0;433;56;422;56;11;55
TE342;02.01.2024;21;1.0;369;55;365;56;4;54
TE342;02.01.2024;22;1.0;290;56;282;56;8;54
TE342;02.01.2024;23;1.0;231;57;227;57;4;55
TE342;03.01.2024;0;1.0;182;58;178;58;4;56
TE342;03.01.2024;1;1.0;121;59;118;59;3;60
TE342;03.01.2024;2;1.0;89;56;88;56;1;57
TE342;03.01.2024;3;1.0;94;55;89;55;5;50
TE342;03.01.2024;4;1.0;162;56;154;56;8;56
TE342;03.01.2024;5;1.0;397;53;389;53;8;56
TE342;03.01.2024;6;1.0;576;53;558;53;18;52
TE342;03.01.2024;7;1.0;594;53;576;53;18;54
TE342;03.01.2024;8;1.0;613;52;601;52;12;51
TE342;03.01.2024;9;1.0;643;53;614;53;29;53
TE342;03.01.2024;10;1.0;597;54;572;54;25;53
TE342;03.01.2024;11;1.0;609;53;587;53;22;53
TE342;03.01.2024;12;1.0;674;54;653;54;21;53
TE342;03.01.2024;13;1.0;692;52;670;52;22;52
TE342;03.01.2024;14;1.0;729;53;713;53;16;51
TE342;03.01.2024;15;1.0;719;53;711;53;8;54
TE342;03.01.2024;16;1.0;725;53;718;53;7;55
TE342;03.01.2024;17;1.0;690;52;683;52;7;50
TE342;03.01.2024;18;1.0;654;54;646;54;8;49
TE342;03.01.2024;19;1.0;533;55;529;55;4;54
TE342;03.01.2024;20;1.0;405;55;398;55;7;53
TE342;03.01.2024;21;1.0;409;54;402;54;7;51
TE342;03.01.2024;22;1.0;327;56;318;57;9;54
TE342;03.01.2024;23;1.0;250;56;243;56;7;53
TE342;04.01.2024;0;1.0;169;58;164;58;5;55
TE342;04.01.2024;1;1.0;115;58;112;58;3;55
TE342;04.01.2024;2;1.0;77;58;72;58;5;59
TE342;04.01.2024;3;1.0;89;59;83;59;6;55
TE342;04.01.2024;4;1.0;158;59;155;60;3;56
TE342;04.01.2024;5;1.0;386;55;374;55;12;54
TE342;04.01.2024;6;1.0;554;55;546;55;8;53
TE342;04.01.2024;7;1.0;605;56;599;56;6;54
TE342;04.01.2024;8;1.0;664;54;645;54;19;51
TE342;04.01.2024;9;1.0;663;54;641;54;22;53
TE342;04.01.2024;10;1.0;624;54;594;54;30;54
TE342;04.01.2024;11;1.0;617;53;590;53;27;52
TE342;04.01.2024;12;1.0;691;54;668;54;23;53
TE342;04.01.2024;13;1.0;720;53;694;53;26;52
TE342;04.01.2024;14;1.0;685;54;671;54;14;51
TE342;04.01.2024;15;1.0;771;53;762;53;9;51
TE342;04.01.2024;16;1.0;748;53;728;53;20;52
TE342;04.01.2024;17;1.0;729;53;721;53;8;52
TE342;04.01.2024;18;1.0;642;55;636;55;6;58
TE342;04.01.2024;19;1.0;548;56;546;56;2;51
TE342;04.01.2024;20;1.0;386;58;380;58;6;55
TE342;04.01.2024;21;1.0;431;56;422;56;9;53
TE342;04.01.2024;22;1.0;325;57;317;57;8;55
TE342;04.01.2024;23;1.0;259;57;252;57;7;59
TE342;05.01.2024;0;1.0;189;58;183;58;6;58
TE342;05.01.2024;1;1.0;118;57;113;57;5;56
TE342;05.01.2024;2;1.0;82;60;79;60;3;58
TE342;05.01.2024;3;1.0;92;59;85;59;7;52
TE342;05.01.2024;4;1.0;162;59;155;59;7;52
TE342;05.01.2024;5;1.0;372;56;357;57;15;54
TE342;05.01.2024;6;1.0;518;57;492;57;26;56
TE342;05.01.2024;7;1.0;552;54;527;54;25;53
TE342;05.01.2024;8;1.0;579;56;567;56;12;54
TE342;05.01.2024;9;1.0;638;57;629;57;9;54
TE342;05.01.2024;10;1.0;613;58;593;58;20;55
TE342;05.01.2024;11;1.0;626;57;598;57;28;54
TE342;05.01.2024;12;1.0;629;57;609;57;20;55
TE342;05.01.2024;13;1.0;747;55;730;55;17;54
TE342;05.01.2024;14;1.0;677;55;655;55;22;55
TE342;05.01.2024;15;1.0;704;56;695;56;9;54
TE342;05.01.2024;16;1.0;700;56;685;56;15;55
TE342;05.01.2024;17;1.0;687;56;680;56;7;55
TE342;05.01.2024;18;1.0;649;56;641;56;8;56
TE342;05.01.2024;19;1.0;520;58;515;58;5;57
TE342;05.01.2024;20;1.0;468;60;464;60;4;56
TE342;05.01.2024;21;1.0;470;56;462;56;8;54
TE342;05.01.2024;22;1.0;393;59;386;59;7;55
TE342;05.01.2024;23;1.0;352;60;345;60;7;57
TE342;06.01.2024;0;1.0;263;59;258;59;5;57
TE342;06.01.2024;1;1.0;183;61;180;61;3;59
TE342;06.01.2024;2;1.0;150;61;148;61;2;56
TE342;06.01.2024;3;1.0;103;61;100;61;3;55
TE342;06.01.2024;4;1.0;123;61;116;61;7;60
TE342;06.01.2024;5;1.0;161;62;155;62;6;58
TE342;06.01.2024;6;1.0;177;60;161;60;16;58
TE342;06.01.2024;7;1.0;185;59;183;59;2;56
TE342;06.01.2024;8;1.0;286;58;281;58;5;55
TE342;06.01.2024;9;1.0;343;60;337;60;6;54
TE342;06.01.2024;10;1.0;465;57;458;57;7;55
TE342;06.01.2024;11;1.0;546;56;539;56;7;54
TE342;06.01.2024;12;1.0;584;57;576;57;8;54
TE342;06.01.2024;13;1.0;743;56;738;56;5;54
TE342;06.01.2024;14;1.0;678;57;672;57;6;55
TE342;06.01.2024;15;1.0;706;55;701;55;5;57
TE342;06.01.2024;16;1.0;732;57;725;57;7;56
TE342;06.01.2024;17;1.0;746;55;742;55;4;52
TE342;06.01.2024;18;1.0;717;57;712;57;5;55
TE342;06.01.2024;19;1.0;654;58;652;58;2;52
TE342;06.01.2024;20;1.0;533;57;528;57;5;55
TE342;06.01.2024;21;1.0;459;57;452;57;7;54
TE342;06.01.2024;22;1.0;390;58;383;58;7;53
TE342;06.01.2024;23;1.0;375;59;373;59;2;57
TE342;07.01.2024;0;1.0;300;59;296;59;4;55
TE342;07.01.2024;1;1.0;253;60;248;60;5;57
TE342;07.01.2024;2;1.0;175;60;173;60;2;58
TE342;07.01.2024;3;1.0;129;59;126;59;3;59
TE342;07.01.2024;4;1.0;128;56;126;56;2;50
TE342;07.01.2024;5;1.0;125;57;119;58;6;52
TE342;07.01.2024;6;1.0;133;60;127;61;6;56
TE342;07.01.2024;7;1.0;121;59;115;59;6;57
TE342;07.01.2024;8;1.0;165;57;158;57;7;53
TE342;07.01.2024;9;1.0;237;57;229;57;8;57
TE342;07.01.2024;10;1.0;357;57;344;57;13;55
TE342;07.01.2024;11;1.0;436;56;427;56;9;56
TE342;07.01.2024;12;1.0;539;56;529;56;10;54
TE342;07.01.2024;13;1.0;628;56;615;56;13;55
TE342;07.01.2024;14;1.0;664;56;651;56;13;54
TE342;07.01.2024;15;1.0;692;56;685;56;7;55
TE342;07.01.2024;16;1.0;673;55;667;56;6;54
TE342;07.01.2024;17;1.0;628;54;618;54;10;51
TE342;07.01.2024;18;1.0;629;56;619;56;10;53
TE342;07.01.2024;19;1.0;541;56;532;56;9;53
TE342;07.01.2024;20;1.0;448;57;437;57;11;55
TE342;07.01.2024;21;1.0;398;52;385;52;13;50
TE342;07.01.2024;22;1.0;364;53;350;53;14;53
TE342;07.01.2024;23;1.0;255;56;248;56;7;52
TE342;08.01.2024;0;1.0;164;57;160;57;4;51
TE342;08.01.2024;1;1.0;117;55;113;55;4;54
TE342;08.01.2024;2;1.0;82;57;77;57;5;52
TE342;08.01.2024;3;1.0;77;56;73;56;4;58
TE342;08.01.2024;4;1.0;210;57;194;57;16;57
TE342;08.01.2024;5;1.0;455;52;435;52;20;51
TE342;08.01.2024;6;1.0;700;51;678;51;22;51
TE342;08.01.2024;7;1.0;769;51;748;51;21;51
TE342;08.01.2024;8;1.0;772;49;756;49;16;47
TE342;08.01.2024;9;1.0;655;47;625;48;29;46
TE342;08.01.2024;10;1.0;571;56;549;56;22;54
TE342;08.01.2024;11;1.0;577;54;544;54;33;54
TE342;08.01.2024;12;1.0;611;55;586;55;25;54
TE342;08.01.2024;13;1.0;642;55;630;55;12;53
TE342;08.01.2024;14;1.0;558;52;547;52;11;52
TE342;08.01.2024;15;1.0;672;52;664;52;8;47
TE342;08.01.2024;16;1.0;701;52;693;52;8;49
TE342;08.01.2024;17;1.0;656;53;653;53;3;53
TE342;08.01.2024;18;1.0;609;53;603;53;6;50
TE342;08.01.2024;19;1.0;520;55;517;55;3;54
TE342;08.01.2024;20;1.0;400;55;394;55;6;54
TE342;08.01.2024;21;1.0;414;53;402;53;12;52
TE342;08.01.2024;22;1.0;323;53;315;53;8;49
TE342;08.01.2024;23;1.0;206;51;198;52;8;47
TE342;09.01.2024;9;1.0;845;53;820;53;25;50
TE342;09.01.2024;11;1.0;711;50;679;50;32;49
TE342;09.01.2024;12;1.0;681;55;656;55;25;54
TE342;09.01.2024;13;1.0;704;53;677;53;27;51
TE342;09.01.2024;14;1.0;651;52;636;53;15;51
TE342;09.01.2024;15;1.0;761;50;747;50;14;50
TE342;09.01.2024;16;1.0;752;50;748;50;4;48
TE342;09.01.2024;17;1.0;742;50;737;50;5;48
TE342;09.01.2024;18;1.0;697;47;692;48;4;50
TE342;09.01.2024;19;1.0;543;53;538;53;5;53
TE342;09.01.2024;20;1.0;527;54;514;54;13;51
TE342;09.01.2024;21;1.0;454;53;446;53;8;51
TE342;09.01.2024;22;1.0;361;54;353;54;8;51
TE342;09.01.2024;23;1.0;235;55;228;55;7;53
TE342;10.01.2024;0;1.0;168;55;162;55;6;54
TE342;10.01.2024;1;1.0;94;58;89;58;5;55
TE342;10.01.2024;2;1.0;79;56;75;56;4;56
TE342;10.01.2024;3;1.0;71;55;67;55;4;54
TE342;10.01.2024;4;1.0;172;57;162;57;10;57
TE342;10.01.2024;5;1.0;486;55;470;55;16;53
TE342;10.01.2024;6;1.0;790;52;770;52;20;49
TE342;10.01.2024;7;1.0;878;52;858;52;20;49
TE342;10.01.2024;8;1.0;882;52;865;52;17;48
TE342;10.01.2024;9;1.0;823;52;796;52;27;49
TE342;10.01.2024;10;1.0;674;55;653;55;21;53
TE342;10.01.2024;11;1.0;676;55;638;55;38;54
TE342;10.01.2024;12;1.0;684;54;653;54;31;53
TE342;10.01.2024;13;1.0;763;53;735;53;28;51
TE342;10.01.2024;14;1.0;683;51;663;51;20;49
TE342;10.01.2024;15;1.0;830;48;812;48;18;49
TE342;10.01.2024;16;1.0;753;49;740;49;13;42
TE342;10.01.2024;17;1.0;805;50;796;50;9;50
TE342;10.01.2024;18;1.0;688;52;681;52;7;54
TE342;10.01.2024;19;1.0;600;54;585;54;15;52
TE342;10.01.2024;20;1.0;497;53;487;53;10;49
TE342;10.01.2024;21;1.0;425;53;416;53;9;50
TE342;10.01.2024;22;1.0;381;55;371;55;10;52
TE342;10.01.2024;23;1.0;265;57;258;57;7;54
TE342;11.01.2024;0;1.0;209;58;206;58;3;52
TE342;11.01.2024;1;1.0;112;58;109;58;3;52
TE342;11.01.2024;2;1.0;93;57;87;57;6;56
TE342;11.01.2024;3;1.0;74;58;68;58;6;54
TE342;11.01.2024;4;1.0;152;59;141;59;11;56
TE342;11.01.2024;5;1.0;483;57;472;57;11;54
TE342;11.01.2024;6;1.0;733;53;729;53;4;50
TE342;11.01.2024;7;1.0;848;51;845;51;3;53
TE342;11.01.2024;8;1.0;850;49;846;49;4;54
TE342;11.01.2024;9;1.0;802;54;797;54;5;54
TE342;11.01.2024;10;1.0;661;57;655;57;6;54
TE342;11.01.2024;11;1.0;667;56;662;56;5;53
TE342;11.01.2024;12;1.0;732;56;722;56;10;54
TE342;11.01.2024;13;1.0;726;55;723;55;3;52
TE342;11.01.2024;14;1.0;720;55;715;55;5;55
TE342;11.01.2024;15;1.0;756;55;756;55;0;-1
TE342;11.01.2024;16;1.0;654;49;646;49;8;54
TE342;11.01.2024;17;1.0;571;51;568;51;3;13
TE342;11.01.2024;18;1.0;689;54;687;54;2;52
TE342;11.01.2024;19;1.0;592;57;589;57;3;55
TE342;11.01.2024;20;1.0;483;56;475;56;8;53
TE342;11.01.2024;21;1.0;412;56;403;56;9;55
TE342;11.01.2024;22;1.0;389;56;377;56;12;53
TE342;11.01.2024;23;1.0;272;59;265;59;7;57
TE342;12.01.2024;0;1.0;181;61;178;61;3;60
TE342;12.01.2024;1;1.0;135;60;131;60;4;59
TE342;12.01.2024;2;1.0;90;59;88;59;2;51
TE342;12.01.2024;3;1.0;101;58;98;58;3;52
TE342;12.01.2024;4;1.0;171;60;165;60;6;55
TE342;12.01.2024;5;1.0;447;57;438;57;9;53
TE342;12.01.2024;6;1.0;678;55;665;55;13;55
TE342;12.01.2024;7;1.0;751;54;746;54;5;53
TE342;12.01.2024;8;1.0;855;52;848;52;7;53
TE342;12.01.2024;9;1.0;687;54;683;54;4;53
TE342;12.01.2024;10;1.0;646;55;636;55;10;55
TE342;12.01.2024;11;1.0;638;55;621;55;17;55
TE342;12.01.2024;12;1.0;671;54;661;54;10;54
TE342;12.01.2024;13;1.0;737;53;730;53;7;51
TE342;12.01.2024;14;1.0;707;52;697;52;10;51
TE342;12.01.2024;15;1.0;757;54;753;54;4;52
TE342;12.01.2024;16;1.0;767;54;762;54;5;52
TE342;12.01.2024;17;1.0;730;55;728;55;2;55
TE342;12.01.2024;18;1.0;738;55;737;55;1;52
TE342;12.01.2024;19;1.0;635;56;633;56;2;56
TE342;12.01.2024;20;1.0;516;57;513;57;3;56
TE342;12.01.2024;21;1.0;458;57;448;58;10;55
TE342;12.01.2024;22;1.0;411;59;403;59;8;58
TE342;12.01.2024;23;1.0;327;58;322;58;5;55
TE342;13.01.2024;0;1.0;295;59;290;59;5;57
TE342;13.01.2024;1;1.0;207;61;205;61;2;61
TE342;13.01.2024;2;1.0;189;61;187;61;2;57
TE342;13.01.2024;3;1.0;132;62;129;62;3;55
TE342;13.01.2024;4;1.0;128;63;124;63;4;58
TE342;13.01.2024;5;1.0;199;63;194;63;5;61
TE342;13.01.2024;6;1.0;195;61;191;61;4;56
TE342;13.01.2024;7;1.0;225;63;223;63;2;60
TE342;13.01.2024;8;1.0;309;63;305;63;4;60
TE342;13.01.2024;9;1.0;385;60;382;60;3;61
TE342;13.01.2024;10;1.0;468;58;465;58;3;57
TE342;13.01.2024;11;1.0;562;57;558;57;4;58
TE342;13.01.2024;12;1.0;639;56;637;56;2;52
TE342;13.01.2024;13;1.0;759;57;754;57;5;54
TE342;13.01.2024;14;1.0;725;56;719;56;6;55
TE342;13.01.2024;15;1.0;656;57;655;57;1;55
TE342;13.01.2024;16;1.0;679;58;676;58;3;57
TE342;13.01.2024;17;1.0;753;57;751;57;2;56
TE342;13.01.2024;18;1.0;703;58;703;58;0;-1
TE342;13.01.2024;19;1.0;604;59;603;59;1;61
TE342;13.01.2024;20;1.0;534;60;533;60;1;59
TE342;13.01.2024;21;1.0;508;60;501;60;7;58
TE342;13.01.2024;22;1.0;438;59;430;59;8;58
TE342;13.01.2024;23;1.0;372;60;367;60;5;60
TE342;14.01.2024;0;1.0;349;60;344;60;5;59
TE342;14.01.2024;1;1.0;231;62;229;62;2;60
TE342;14.01.2024;2;1.0;194;61;191;61;3;59
TE342;14.01.2024;3;1.0;146;60;143;61;3;58
TE342;14.01.2024;4;1.0;144;59;141;59;3;57
TE342;14.01.2024;5;1.0;181;57;180;57;1;52
TE342;14.01.2024;6;1.0;135;59;132;59;3;58
TE342;14.01.2024;7;1.0;126;58;123;58;3;57
TE342;14.01.2024;8;1.0;188;59;187;59;1;54
TE342;14.01.2024;9;1.0;258;58;252;58;6;55
TE342;14.01.2024;10;1.0;397;58;391;58;6;54
TE342;14.01.2024;11;1.0;483;55;474;55;9;52
TE342;14.01.2024;12;1.0;647;55;639;55;8;52
TE342;14.01.2024;13;1.0;669;55;660;56;9;52
TE342;14.01.2024;14;1.0;655;55;647;55;8;51
TE342;14.01.2024;15;1.0;702;54;690;54;12;51
TE342;14.01.2024;16;1.0;684;55;676;55;8;52
TE342;14.01.2024;17;1.0;670;56;665;56;5;53
TE342;14.01.2024;18;1.0;583;55;577;55;6;53
TE342;14.01.2024;19;1.0;573;58;570;58;3;57
TE342;14.01.2024;20;1.0;529;56;523;56;6;53
TE342;14.01.2024;21;1.0;445;56;440;56;5;54
TE342;14.01.2024;22;1.0;390;58;387;58;3;58
TE342;14.01.2024;23;1.0;268;58;264;58;4;55
TE342;15.01.2024;0;1.0;160;61;157;61;3;52
TE342;15.01.2024;1;1.0;113;60;112;60;1;57
TE342;15.01.2024;2;1.0;91;57;87;58;4;56
TE342;15.01.2024;3;1.0;82;54;78;54;4;53
TE342;15.01.2024;4;1.0;273;47;255;48;18;42
TE342;15.01.2024;5;1.0;488;55;481;55;7;44
TE342;15.01.2024;6;1.0;672;57;653;57;19;54
TE342;15.01.2024;7;1.0;733;54;724;54;9;53
TE342;15.01.2024;8;1.0;716;44;705;45;11;40
TE342;15.01.2024;9;1.0;650;50;643;50;7;48
TE342;15.01.2024;10;1.0;589;56;579;56;10;53
TE342;15.01.2024;11;1.0;596;57;587;57;9;56
TE342;15.01.2024;12;1.0;612;57;601;57;11;53
TE342;15.01.2024;13;1.0;627;55;609;55;18;53
TE342;15.01.2024;14;1.0;621;53;604;53;17;51
TE342;15.01.2024;15;1.0;680;53;672;53;8;52
TE342;15.01.2024;16;1.0;732;55;724;55;8;54
TE342;15.01.2024;17;1.0;681;54;673;54;8;52
TE342;15.01.2024;18;1.0;591;55;588;55;3;52
TE342;15.01.2024;19;1.0;492;57;484;57;8;53
TE342;15.01.2024;20;1.0;439;58;428;58;11;55
TE342;15.01.2024;21;1.0;389;56;383;56;6;53
TE342;15.01.2024;22;1.0;278;57;268;57;10;53
TE342;15.01.2024;23;1.0;233;59;224;59;9;57
TE342;16.01.2024;0;1.0;151;61;143;61;8;58
TE342;16.01.2024;1;1.0;80;57;78;57;2;60
TE342;16.01.2024;2;1.0;57;44;55;43;2;55
TE342;16.01.2024;3;1.0;81;48;77;48;4;50
TE342;16.01.2024;4;1.0;168;52;161;52;7;48
TE342;16.01.2024;5;1.0;434;54;427;54;7;50
TE342;16.01.2024;6;1.0;709;51;704;51;5;49
TE342;16.01.2024;7;1.0;796;50;790;50;6;49
TE342;16.01.2024;8;1.0;885;52;880;52;5;54
TE342;16.01.2024;9;1.0;838;55;828;55;10;54
TE342;16.01.2024;10;1.0;693;55;679;55;14;53
TE342;16.01.2024;11;1.0;687;55;670;55;17;55
TE342;16.01.2024;12;1.0;714;55;695;56;19;54
TE342;16.01.2024;13;1.0;719;55;691;55;28;53
TE342;16.01.2024;14;1.0;645;55;637;55;8;53
TE342;16.01.2024;15;1.0;790;55;781;55;9;52
TE342;16.01.2024;16;1.0;814;54;805;54;9;52
TE342;16.01.2024;17;1.0;737;54;735;54;2;53
TE342;16.01.2024;18;1.0;710;54;704;54;6;53
TE342;16.01.2024;19;1.0;576;57;569;57;7;56
TE342;16.01.2024;20;1.0;431;58;422;58;9;56
TE342;16.01.2024;21;1.0;439;54;430;54;9;53
TE342;16.01.2024;22;1.0;320;55;308;55;12;54
TE342;16.01.2024;23;1.0;264;56;258;56;6;54
TE342;17.01.2024;0;1.0;157;55;151;55;6;52
TE342;17.01.2024;1;1.0;101;57;98;57;3;53
TE342;17.01.2024;2;1.0;86;58;81;58;5;52
TE342;17.01.2024;3;1.0;86;55;80;55;6;54
TE342;17.01.2024;4;1.0;182;57;168;57;14;55
TE342;17.01.2024;5;1.0;432;53;414;53;18;54
TE342;17.01.2024;6;1.0;714;52;694;52;20;51
TE342;17.01.2024;7;1.0;912;49;894;49;18;48
TE342;17.01.2024;8;1.0;949;50;930;50;19;47
TE342;17.01.2024;9;1.0;829;52;799;52;30;49
TE342;17.01.2024;10;1.0;687;53;658;54;29;51
TE342;17.01.2024;11;1.0;694;54;670;54;24;52
TE342;17.01.2024;12;1.0;707;54;671;54;36;52
TE342;17.01.2024;13;1.0;679;54;658;54;21;53
TE342;17.01.2024;14;1.0;654;53;643;53;11;51
TE342;17.01.2024;15;1.0;771;52;763;52;8;51
TE342;17.01.2024;16;1.0;728;53;720;53;8;52
TE342;17.01.2024;17;1.0;702;52;698;52;4;52
TE342;17.01.2024;18;1.0;690;54;686;54;4;52
TE342;17.01.2024;19;1.0;542;56;535;56;7;53
TE342;17.01.2024;20;1.0;467;57;455;57;12;55
TE342;17.01.2024;21;1.0;446;55;438;55;8;54
TE342;17.01.2024;22;1.0;324;57;316;57;8;54
TE342;17.01.2024;23;1.0;273;60;265;60;8;56
TE342;18.01.2024;0;1.0;177;60;171;60;6;59
TE342;18.01.2024;1;1.0;126;57;124;57;2;52
TE342;18.01.2024;2;1.0;108;57;102;57;6;54
TE342;18.01.2024;3;1.0;96;59;92;59;4;56
TE342;18.01.2024;4;1.0;164;62;153;62;11;58
TE342;18.01.2024;5;1.0;453;57;438;57;15;53
TE342;18.01.2024;6;1.0;731;54;711;54;20;53
TE342;18.01.2024;7;1.0;837;54;816;54;21;50
TE342;18.01.2024;8;1.0;932;51;912;51;20;48
TE342;18.01.2024;9;1.0;743;54;721;54;22;52
TE342;18.01.2024;10;1.0;764;53;731;53;33;52
TE342;18.01.2024;11;1.0;684;53;661;53;23;52
TE342;18.01.2024;12;1.0;730;53;697;53;33;52
TE342;18.01.2024;13;1.0;693;54;673;54;20;51
TE342;18.01.2024;14;1.0;664;53;651;53;13;53
TE342;18.01.2024;15;1.0;795;52;783;52;12;51
TE342;18.01.2024;16;1.0;821;47;810;48;11;35
TE342;18.01.2024;17;1.0;754;51;747;51;7;48
TE342;18.01.2024;18;1.0;716;52;709;52;7;50
TE342;18.01.2024;19;1.0;563;54;555;54;8;53
TE342;18.01.2024;20;1.0;435;54;424;54;11;52
TE342;18.01.2024;21;1.0;452;53;441;53;11;51
TE342;18.01.2024;22;1.0;405;54;395;54;10;53
TE342;18.01.2024;23;1.0;271;55;265;55;6;50
TE342;19.01.2024;0;1.0;208;56;203;56;5;55
TE342;19.01.2024;1;1.0;118;54;114;54;4;54
TE342;19.01.2024;2;1.0;100;54;97;54;3;49
TE342;19.01.2024;3;1.0;98;54;95;54;3;50
TE342;19.01.2024;4;1.0;163;55;156;55;7;50
TE342;19.01.2024;5;1.0;429;52;418;52;11;53
TE342;19.01.2024;6;1.0;657;52;643;52;14;50
TE342;19.01.2024;7;1.0;823;49;812;49;11;49
TE342;19.01.2024;8;1.0;824;49;811;49;13;49
TE342;19.01.2024;9;1.0;680;52;670;52;10;51
TE342;19.01.2024;10;1.0;714;54;688;54;26;53
TE342;19.01.2024;11;1.0;705;55;679;55;26;53
TE342;19.01.2024;12;1.0;675;54;648;54;27;52
TE342;19.01.2024;13;1.0;700;54;675;54;25;53
TE342;19.01.2024;14;1.0;804;52;787;52;17;49
TE342;19.01.2024;15;1.0;797;52;786;52;11;52
TE342;19.01.2024;16;1.0;754;54;745;54;9;52
TE342;19.01.2024;17;1.0;725;54;712;54;13;53
TE342;19.01.2024;18;1.0;761;54;757;54;4;54
TE342;19.01.2024;19;1.0;620;54;609;55;11;51
TE342;19.01.2024;20;1.0;512;54;500;54;12;52
TE342;19.01.2024;21;1.0;454;54;446;54;8;50
TE342;19.01.2024;22;1.0;436;56;428;56;8;53
TE342;19.01.2024;23;1.0;381;54;375;54;6;52
TE342;20.01.2024;0;1.0;280;55;274;55;6;52
TE342;20.01.2024;1;1.0;224;54;222;54;2;52
TE342;20.01.2024;2;1.0;158;59;156;59;2;55
TE342;20.01.2024;3;1.0;139;59;136;59;3;56
TE342;20.01.2024;4;1.0;139;57;134;57;5;52
TE342;20.01.2024;5;1.0;195;57;187;57;8;54
TE342;20.01.2024;6;1.0;198;56;189;56;9;50
TE342;20.01.2024;7;1.0;239;55;235;55;4;53
TE342;20.01.2024;8;1.0;382;54;371;54;11;55
TE342;20.01.2024;9;1.0;441;59;434;59;7;56
TE342;20.01.2024;10;1.0;527;59;523;59;4;56
TE342;20.01.2024;11;1.0;568;56;557;56;11;55
TE342;20.01.2024;12;1.0;646;57;639;57;7;56
TE342;20.01.2024;13;1.0;740;56;732;56;8;55
TE342;20.01.2024;14;1.0;753;54;747;54;6;52
TE342;20.01.2024;15;1.0;726;56;718;56;8;54
TE342;20.01.2024;16;1.0;698;52;692;52;6;52
TE342;20.01.2024;17;1.0;770;53;762;53;8;51
TE342;20.01.2024;18;1.0;733;53;727;53;6;53
TE342;20.01.2024;19;1.0;649;56;649;56;0;-1
TE342;20.01.2024;20;1.0;551;55;548;55;3;55
TE342;20.01.2024;21;1.0;507;55;493;55;14;54
TE342;20.01.2024;22;1.0;470;55;461;55;9;54
TE342;20.01.2024;23;1.0;389;56;382;56;7;53
TE342;21.01.2024;0;1.0;351;56;347;56;4;54
TE342;21.01.2024;1;1.0;269;56;266;56;3;55
TE342;21.01.2024;2;1.0;187;59;184;59;3;57
TE342;21.01.2024;3;1.0;142;61;139;61;3;62
TE342;21.01.2024;4;1.0;149;60;143;60;6;62
TE342;21.01.2024;5;1.0;132;60;129;61;3;54
TE342;21.01.2024;6;1.0;157;61;151;61;6;58
TE342;21.01.2024;7;1.0;141;60;134;60;7;58
TE342;21.01.2024;8;1.0;231;61;222;61;9;59
TE342;21.01.2024;9;1.0;338;57;334;57;4;58
TE342;21.01.2024;10;1.0;478;57;468;57;10;57
TE342;21.01.2024;11;1.0;510;57;500;57;10;55
TE342;21.01.2024;12;1.0;654;53;641;53;13;50
TE342;21.01.2024;13;1.0;627;55;618;55;9;52
TE342;21.01.2024;14;1.0;700;54;687;54;13;53
TE342;21.01.2024;15;1.0;730;53;721;53;9;50
TE342;21.01.2024;16;1.0;718;53;711;53;7;50
TE342;21.01.2024;17;1.0;750;51;740;51;10;48
TE342;21.01.2024;18;1.0;637;53;623;53;14;54
TE342;21.01.2024;19;1.0;543;54;535;54;8;52
TE342;21.01.2024;20;1.0;471;55;460;55;11;53
TE342;21.01.2024;21;1.0;452;53;437;53;15;52
TE342;21.01.2024;22;1.0;318;54;311;54;7;52
TE342;21.01.2024;23;1.0;236;55;229;55;7;54
TE342;22.01.2024;0;1.0;147;56;144;56;3;55
TE342;22.01.2024;1;1.0;116;54;114;55;2;52
TE342;22.01.2024;2;1.0;80;57;78;57;2;53
TE342;22.01.2024;3;1.0;80;57;72;58;8;53
TE342;22.01.2024;4;1.0;168;57;162;57;6;56
TE342;22.01.2024;5;1.0;492;54;471;54;21;54
TE342;22.01.2024;6;1.0;746;53;729;53;17;54
TE342;22.01.2024;7;1.0;819;49;786;49;33;48
TE342;22.01.2024;8;1.0;847;50;809;50;38;50
TE342;22.01.2024;9;1.0;765;53;747;53;18;50
TE342;22.01.2024;10;1.0;709;55;695;55;14;53
TE342;22.01.2024;11;1.0;701;55;673;55;28;54
TE342;22.01.2024;12;1.0;702;54;671;54;31;51
TE342;22.01.2024;13;1.0;745;52;721;52;24;51
TE342;22.01.2024;14;1.0;668;52;652;52;16;51
TE342;22.01.2024;15;1.0;747;52;726;52;21;53
TE342;22.01.2024;16;1.0;713;52;705;52;8;52
TE342;22.01.2024;17;1.0;765;52;756;52;9;52
TE342;22.01.2024;18;1.0;644;52;640;52;4;52
TE342;22.01.2024;19;1.0;589;54;585;54;4;52
TE342;22.01.2024;20;1.0;452;55;444;55;8;53
TE342;22.01.2024;21;1.0;373;55;362;55;11;52
TE342;22.01.2024;22;1.0;324;53;319;53;5;50
TE342;22.01.2024;23;1.0;232;54;225;54;7;53
TE342;23.01.2024;0;1.0;134;58;130;58;4;54
TE342;23.01.2024;1;1.0;95;58;92;58;3;50
TE342;23.01.2024;2;1.0;71;54;68;54;3;51
TE342;23.01.2024;3;1.0;82;54;78;54;4;52
TE342;23.01.2024;4;1.0;164;57;155;57;9;55
TE342;23.01.2024;5;1.0;471;53;456;53;15;50
TE342;23.01.2024;6;1.0;761;52;744;52;17;51
TE342;23.01.2024;7;1.0;823;51;802;51;21;49
TE342;23.01.2024;8;1.0;835;50;818;50;17;50
TE342;23.01.2024;9;1.0;808;51;781;51;27;52
TE342;23.01.2024;10;1.0;740;52;715;52;25;51
TE342;23.01.2024;11;1.0;685;52;655;53;30;52
TE342;23.01.2024;12;1.0;726;53;709;53;17;53
TE342;23.01.2024;13;1.0;740;52;719;52;21;50
TE342;23.01.2024;14;1.0;666;53;652;53;14;52
TE342;23.01.2024;15;1.0;797;51;785;51;12;52
TE342;23.01.2024;16;1.0;793;51;785;51;8;52
TE342;23.01.2024;17;1.0;738;49;733;49;5;50
TE342;23.01.2024;18;1.0;700;50;696;50;4;50
TE342;23.01.2024;19;1.0;560;53;551;53;9;52
TE342;23.01.2024;20;1.0;482;53;472;53;10;50
TE342;23.01.2024;21;1.0;428;53;417;53;11;51
TE342;23.01.2024;22;1.0;348;55;337;55;11;51
TE342;23.01.2024;23;1.0;265;56;259;56;6;53
TE342;24.01.2024;0;1.0;131;58;129;58;2;55
TE342;24.01.2024;1;1.0;102;58;101;58;1;55
TE342;24.01.2024;2;1.0;92;56;90;56;2;54
TE342;24.01.2024;3;1.0;86;56;83;56;3;57
TE342;24.01.2024;4;1.0;183;57;174;57;9;55
TE342;24.01.2024;5;1.0;527;54;499;54;28;53
TE342;24.01.2024;6;1.0;804;51;773;51;31;51
TE342;24.01.2024;7;1.0;903;49;865;49;38;47
TE342;24.01.2024;8;1.0;907;49;893;49;14;50
TE342;24.01.2024;9;1.0;858;52;826;52;32;51
TE342;24.01.2024;10;1.0;710;53;698;53;12;53
TE342;24.01.2024;11;1.0;716;53;688;53;28;51
TE342;24.01.2024;12;1.0;727;52;700;52;27;51
TE342;24.01.2024;13;1.0;753;53;734;53;19;53
TE342;24.01.2024;14;1.0;719;51;700;51;19;51
TE342;24.01.2024;15;1.0;799;51;788;51;11;49
TE342;24.01.2024;16;1.0;798;51;794;51;4;54
TE342;24.01.2024;17;1.0;753;51;748;51;5;53
TE342;24.01.2024;18;1.0;715;51;713;51;2;53
TE342;24.01.2024;19;1.0;558;54;549;54;9;53
TE342;24.01.2024;20;1.0;521;53;510;54;11;50
TE342;24.01.2024;21;1.0;457;51;448;51;9;50
TE342;24.01.2024;22;1.0;374;52;366;52;8;50
TE342;24.01.2024;23;1.0;283;55;278;55;5;51
TE342;25.01.2024;0;1.0;191;55;183;55;8;53
TE342;25.01.2024;1;1.0;121;56;117;56;4;53
TE342;25.01.2024;2;1.0;79;55;76;55;3;46
TE342;25.01.2024;3;1.0;71;56;63;57;8;52
TE342;25.01.2024;4;1.0;182;58;171;58;11;54
TE342;25.01.2024;5;1.0;523;52;508;52;15;49
TE342;25.01.2024;6;1.0;803;50;786;50;17;50
TE342;25.01.2024;7;1.0;872;45;846;45;25;46
TE342;25.01.2024;8;1.0;873;51;855;51;18;52
TE342;25.01.2024;9;1.0;780;52;758;52;22;51
TE342;25.01.2024;10;1.0;764;53;748;53;16;52
TE342;25.01.2024;11;1.0;736;54;726;54;10;55
TE342;25.01.2024;12;1.0;741;53;731;53;10;50
TE342;25.01.2024;13;1.0;781;53;764;53;17;51
TE342;25.01.2024;14;1.0;739;50;727;50;12;48
TE342;25.01.2024;15;1.0;808;48;797;48;11;47
TE342;25.01.2024;16;1.0;853;49;853;49;0;-1
TE342;25.01.2024;17;1.0;798;51;793;51;5;48
TE342;25.01.2024;18;1.0;735;53;729;53;6;51
TE342;25.01.2024;19;1.0;579;56;574;56;5;55
TE342;25.01.2024;20;1.0;543;56;536;56;7;54
TE342;25.01.2024;21;1.0;612;55;604;55;8;53
TE342;25.01.2024;22;1.0;421;52;406;52;15;49
TE342;25.01.2024;23;1.0;284;53;276;53;8;49
TE342;26.01.2024;0;1.0;182;54;179;54;3;51
TE342;26.01.2024;1;1.0;116;55;112;55;4;52
TE342;26.01.2024;2;1.0;109;54;108;54;1;53
TE342;26.01.2024;3;1.0;93;56;87;55;6;57
TE342;26.01.2024;4;1.0;177;54;169;54;8;55
TE342;26.01.2024;5;1.0;472;52;456;53;16;50
TE342;26.01.2024;6;1.0;756;52;736;52;20;49
TE342;26.01.2024;7;1.0;811;51;785;51;26;50
TE342;26.01.2024;8;1.0;861;49;842;49;19;49
TE342;26.01.2024;9;1.0;679;56;664;56;15;53
TE342;26.01.2024;10;1.0;721;56;705;55;16;54
TE342;26.01.2024;11;1.0;711;56;694;56;17;55
TE342;26.01.2024;12;1.0;766;50;751;50;15;50
TE342;26.01.2024;13;1.0;819;54;808;54;11;54
TE342;26.01.2024;14;1.0;783;53;781;53;2;52
TE342;26.01.2024;15;1.0;828;54;826;54;2;57
TE342;26.01.2024;16;1.0;808;51;806;51;2;58
TE342;26.01.2024;17;1.0;805;51;798;51;7;55
TE342;26.01.2024;18;1.0;733;54;729;54;4;52
TE342;26.01.2024;19;1.0;669;54;661;54;8;54
TE342;26.01.2024;20;1.0;552;53;539;53;13;52
TE342;26.01.2024;21;1.0;523;54;509;54;14;51
TE342;26.01.2024;22;1.0;429;54;421;54;8;51
TE342;26.01.2024;23;1.0;414;55;406;55;8;52
TE342;27.01.2024;0;1.0;318;55;312;55;6;52
TE342;27.01.2024;1;1.0;226;56;225;56;1;59
TE342;27.01.2024;2;1.0;163;56;159;57;4;54
TE342;27.01.2024;3;1.0;139;58;137;58;2;53
TE342;27.01.2024;4;1.0;130;56;128;56;2;54
TE342;27.01.2024;5;1.0;211;55;203;55;8;54
TE342;27.01.2024;6;1.0;223;54;215;54;8;53
TE342;27.01.2024;7;1.0;262;55;259;55;3;52
TE342;27.01.2024;8;1.0;366;56;363;56;3;58
TE342;27.01.2024;9;1.0;458;56;456;56;2;62
TE342;27.01.2024;10;1.0;587;56;586;56;1;55
TE342;27.01.2024;11;1.0;654;56;650;57;4;54
TE342;27.01.2024;12;1.0;746;55;744;55;2;54
TE342;27.01.2024;13;1.0;801;55;794;55;7;53
TE342;27.01.2024;14;1.0;748;51;740;51;8;50
TE342;27.01.2024;15;1.0;745;52;741;52;4;50
TE342;27.01.2024;16;1.0;775;51;769;51;6;50
TE342;27.01.2024;17;1.0;813;52;800;52;13;50
TE342;27.01.2024;18;1.0;745;52;739;52;6;52
TE342;27.01.2024;19;1.0;643;53;638;53;5;51
TE342;27.01.2024;20;1.0;577;54;572;54;5;54
TE342;27.01.2024;21;1.0;586;53;572;53;14;52
TE342;27.01.2024;22;1.0;499;52;488;52;11;52
TE342;27.01.2024;23;1.0;426;54;420;54;6;51
TE342;28.01.2024;0;1.0;378;55;372;55;6;56
TE342;28.01.2024;1;1.0;291;56;289;56;2;52
TE342;28.01.2024;2;1.0;221;55;217;55;4;54
TE342;28.01.2024;3;1.0;140;56;138;56;2;51
TE342;28.01.2024;4;1.0;161;57;159;57;2;51
TE342;28.01.2024;5;1.0;180;55;176;55;4;51
TE342;28.01.2024;6;1.0;135;54;132;54;3;52
TE342;28.01.2024;7;1.0;171;53;163;53;8;52
TE342;28.01.2024;8;1.0;204;55;199;55;5;54
TE342;28.01.2024;9;1.0;329;53;321;53;8;51
TE342;28.01.2024;10;1.0;447;53;434;53;13;51
TE342;28.01.2024;11;1.0;583;54;569;54;14;51
TE342;28.01.2024;12;1.0;748;53;734;53;14;50
TE342;28.01.2024;13;1.0;786;53;772;53;14;51
TE342;28.01.2024;14;1.0;799;51;777;51;22;50
TE342;28.01.2024;15;1.0;700;51;688;51;12;50
TE342;28.01.2024;16;1.0;767;51;753;51;14;48
TE342;28.01.2024;17;1.0;760;50;744;50;16;49
TE342;28.01.2024;18;1.0;732;51;715;51;17;49
TE342;28.01.2024;19;1.0;555;52;542;52;13;51
TE342;28.01.2024;20;1.0;526;52;510;52;16;50
TE342;28.01.2024;21;1.0;420;52;410;52;10;49
TE342;28.01.2024;22;1.0;362;53;349;53;13;50
TE342;28.01.2024;23;1.0;231;54;226;54;5;52
TE342;29.01.2024;0;1.0;176;55;170;55;6;55
TE342;29.01.2024;1;1.0;106;58;101;58;5;59
TE342;29.01.2024;2;1.0;74;55;70;55;4;60
TE342;29.01.2024;3;1.0;88;55;85;55;3;51
TE342;29.01.2024;4;1.0;174;56;159;56;15;55
TE342;29.01.2024;5;1.0;478;52;464;52;14;54
TE342;29.01.2024;6;1.0;770;50;735;50;35;49
TE342;29.01.2024;7;1.0;820;48;790;48;30;48
TE342;29.01.2024;8;1.0;851;48;832;48;19;47
TE342;29.01.2024;9;1.0;797;49;763;49;34;51
TE342;29.01.2024;10;1.0;749;50;709;50;40;48
TE342;29.01.2024;11;1.0;688;52;645;52;43;49
TE342;29.01.2024;12;1.0;739;53;695;53;44;50
TE342;29.01.2024;13;1.0;711;52;688;52;23;51
TE342;29.01.2024;14;1.0;749;52;731;52;18;51
TE342;29.01.2024;15;1.0;725;51;715;51;10;53
TE342;29.01.2024;16;1.0;758;52;738;52;20;50
TE342;29.01.2024;17;1.0;793;50;778;50;15;50
TE342;29.01.2024;18;1.0;619;52;614;52;5;50
TE342;29.01.2024;19;1.0;574;53;566;53;8;51
TE342;29.01.2024;20;1.0;467;52;454;53;13;50
TE342;29.01.2024;21;1.0;416;53;404;53;12;52
TE342;29.01.2024;22;1.0;321;54;312;54;9;52
TE342;29.01.2024;23;1.0;233;55;224;55;9;52
TE342;30.01.2024;0;1.0;158;57;149;57;9;54
TE342;30.01.2024;1;1.0;101;57;97;57;4;52
TE342;30.01.2024;2;1.0;91;55;87;55;4;50
TE342;30.01.2024;3;1.0;94;56;88;57;6;51
TE342;30.01.2024;4;1.0;175;57;161;57;14;55
TE342;30.01.2024;5;1.0;485;51;462;51;23;51
TE342;30.01.2024;6;1.0;748;50;713;50;35;47
TE342;30.01.2024;7;1.0;797;49;769;49;28;48
TE342;30.01.2024;8;1.0;843;49;824;49;19;50
TE342;30.01.2024;9;1.0;819;50;795;50;24;48
TE342;30.01.2024;10;1.0;714;51;685;51;29;52
TE342;30.01.2024;11;1.0;693;52;659;53;34;50
TE342;30.01.2024;12;1.0;752;51;726;51;26;48
TE342;30.01.2024;13;1.0;685;51;659;51;26;50
TE342;30.01.2024;14;1.0;687;52;675;52;12;51
TE342;30.01.2024;15;1.0;818;51;803;51;15;51
TE342;30.01.2024;16;1.0;795;51;783;51;12;51
TE342;30.01.2024;17;1.0;720;51;710;51;10;53
TE342;30.01.2024;18;1.0;701;52;697;52;4;55
TE342;30.01.2024;19;1.0;619;54;613;54;6;56
TE342;30.01.2024;20;1.0;425;56;415;56;10;54
TE342;30.01.2024;21;1.0;456;54;443;55;13;52
TE342;30.01.2024;22;1.0;367;54;358;54;9;51
TE342;30.01.2024;23;1.0;255;55;242;56;13;54
TE342;31.01.2024;0;1.0;186;57;180;57;6;55
TE342;31.01.2024;1;1.0;117;58;113;58;4;58
TE342;31.01.2024;2;1.0;93;56;87;56;6;55
TE342;31.01.2024;3;1.0;86;57;80;57;6;56
TE342;31.01.2024;4;1.0;166;57;156;57;10;60
TE342;31.01.2024;5;1.0;443;55;431;55;12;59
TE342;31.01.2024;6;1.0;706;54;686;54;20;52
TE342;31.01.2024;7;1.0;785;52;767;52;18;51
TE342;31.01.2024;8;1.0;834;52;808;52;26;49
TE342;31.01.2024;9;1.0;773;54;748;54;25;53
TE342;31.01.2024;10;1.0;717;52;684;52;33;50
TE342;31.01.2024;11;1.0;667;55;632;55;35;54
TE342;31.01.2024;12;1.0;739;53;716;53;23;51
TE342;31.01.2024;13;1.0;721;54;699;54;22;54
TE342;31.01.2024;14;1.0;780;53;768;53;12;54
TE342;31.01.2024;15;1.0;777;53;765;53;12;51
TE342;31.01.2024;16;1.0;643;49;634;49;9;46
TE342;31.01.2024;17;1.0;731;54;720;54;11;55
TE342;31.01.2024;18;1.0;759;53;754;53;5;52
TE342;31.01.2024;19;1.0;645;56;635;56;10;55
TE342;31.01.2024;20;1.0;472;56;461;56;11;55
TE342;31.01.2024;21;1.0;434;55;420;55;14;54
TE342;31.01.2024;22;1.0;367;55;360;55;7;56
TE342;31.01.2024;23;1.0;308;54;305;54;3;52
TE345;01.01.2024;0;1.0;209;53;158;51;51;59
TE345;01.01.2024;1;1.0;349;43;280;41;69;47
TE345;01.01.2024;2;1.0;337;44;253;42;84;49
TE345;01.01.2024;5;1.0;287;43;256;41;31;53
TE345;01.01.2024;6;1.0;219;47;159;44;60;54
TE345;01.01.2024;7;1.0;187;43;175;42;12;51
TE345;01.01.2024;8;1.0;175;40;172;40;3;36
TE345;01.01.2024;10;1.0;154;58;118;54;36;69
TE345;01.01.2024;11;1.0;161;45;147;44;15;49
TE345;01.01.2024;13;1.0;273;35;272;35;1;54
TE345;01.01.2024;14;1.0;245;40;237;40;8;38
TE345;01.01.2024;16;1.0;269;40;237;40;32;47
TE345;01.01.2024;17;1.0;231;34;227;34;4;39
TE345;01.01.2024;18;1.0;220;39;215;38;5;47
TE345;01.01.2024;19;1.0;273;41;269;41;4;39
TE345;01.01.2024;21;1.0;208;47;202;47;6;47
TE345;01.01.2024;22;1.0;140;50;113;49;27;53
TE345;02.01.2024;2;1.0;65;54;58;54;8;53
TE345;02.01.2024;3;1.0;71;56;58;54;13;65
TE345;02.01.2024;4;1.0;67;57;60;57;7;58
TE345;02.01.2024;5;1.0;112;49;81;47;31;53
TE345;02.01.2024;6;1.0;142;55;124;55;17;57
TE345;02.01.2024;7;1.0;207;51;165;47;43;63
TE345;02.01.2024;8;1.0;222;46;199;46;23;49
TE345;02.01.2024;9;1.0;231;58;190;54;41;72
TE345;02.01.2024;10;1.0;351;47;281;44;69;59
TE345;02.01.2024;11;1.0;369;54;356;54;13;55
TE345;02.01.2024;12;1.0;287;27;278;27;9;19
TE345;02.01.2024;14;1.0;460;69;356;68;103;74
TE345;02.01.2024;15;1.0;564;52;553;52;11;52
TE345;02.01.2024;16;1.0;492;52;488;52;4;54
TE345;02.01.2024;17;1.0;410;37;399;37;11;40
TE345;02.01.2024;18;1.0;475;52;475;52;0;-1
TE345;02.01.2024;19;1.0;343;52;340;52;3;51
TE345;02.01.2024;20;1.0;317;53;315;53;2;53
TE345;02.01.2024;21;1.0;238;42;235;42;3;56
TE345;02.01.2024;22;1.0;196;54;187;54;9;56
TE345;02.01.2024;23;1.0;198;26;194;26;4;20
TE345;03.01.2024;0;1.0;110;6;109;6;1;9
TE345;03.01.2024;1;1.0;99;3;99;3;0;-1
TE345;03.01.2024;2;1.0;69;3;69;3;0;-1
TE345;03.01.2024;3;1.0;129;3;129;3;0;-1
TE345;03.01.2024;4;1.0;72;3;72;3;0;-1
TE345;03.01.2024;5;1.0;95;3;95;3;0;-1
TE345;03.01.2024;6;1.0;161;3;161;3;0;-1
TE345;03.01.2024;7;1.0;301;23;282;22;19;43
TE345;03.01.2024;8;1.0;388;45;368;45;21;44
TE345;03.01.2024;9;1.0;335;35;273;31;61;53
TE345;03.01.2024;10;1.0;279;49;253;49;26;49
TE345;03.01.2024;11;1.0;299;48;284;48;15;48
TE345;03.01.2024;12;1.0;309;56;230;56;79;57
TE345;03.01.2024;13;1.0;358;48;339;48;19;52
TE345;03.01.2024;14;1.0;380;10;379;10;1;25
TE345;03.01.2024;15;1.0;442;52;391;50;51;69
TE345;03.01.2024;16;1.0;507;65;251;64;256;65
TE345;03.01.2024;17;1.0;410;54;349;50;61;73
TE345;03.01.2024;18;1.0;458;76;240;78;218;74
TE345;03.01.2024;19;1.0;220;69;80;73;140;68
TE345;03.01.2024;20;1.0;244;54;192;52;52;62
TE345;03.01.2024;21;1.0;228;55;206;55;22;61
TE345;03.01.2024;23;1.0;156;52;135;51;21;62
TE345;04.01.2024;0;1.0;125;66;81;58;44;81
TE345;04.01.2024;1;1.0;90;64;72;63;18;67
TE345;04.01.2024;2;1.0;101;51;80;50;21;56
TE345;04.01.2024;3;1.0;71;55;63;55;8;54
TE345;04.01.2024;4;1.0;79;52;74;52;5;57
TE345;04.01.2024;5;1.0;149;54;144;54;5;54
TE345;04.01.2024;6;1.0;233;53;226;53;7;53
TE345;04.01.2024;7;1.0;310;50;304;50;6;54
TE345;04.01.2024;8;1.0;270;16;252;16;18;16
TE345;04.01.2024;9;1.0;302;22;291;21;11;48
TE345;04.01.2024;10;1.0;349;52;309;52;40;50
TE345;04.01.2024;11;1.0;362;49;340;49;22;45
TE345;04.01.2024;12;1.0;366;43;343;41;23;60
TE345;04.01.2024;13;1.0;507;49;497;49;10;49
TE345;04.01.2024;14;1.0;536;53;510;53;26;52
TE345;04.01.2024;15;1.0;550;45;530;45;20;47
TE345;04.01.2024;16;1.0;494;48;427;44;67;80
TE345;04.01.2024;17;1.0;535;52;524;52;11;52
TE345;04.01.2024;18;1.0;457;54;448;54;9;54
TE345;04.01.2024;19;1.0;453;48;437;48;15;47
TE345;04.01.2024;20;1.0;319;51;314;51;4;56
TE345;04.01.2024;21;1.0;312;52;307;52;5;54
TE345;04.01.2024;22;1.0;244;55;236;55;8;56
TE345;04.01.2024;23;1.0;181;59;135;56;46;67
TE345;05.01.2024;0;1.0;140;57;135;57;5;58
TE345;05.01.2024;1;1.0;112;57;105;57;7;57
TE345;05.01.2024;2;1.0;105;55;95;55;10;54
TE345;05.01.2024;3;1.0;72;55;61;54;11;56
TE345;05.01.2024;4;1.0;84;63;69;62;15;68
TE345;05.01.2024;5;1.0;97;59;90;59;7;56
TE345;05.01.2024;6;1.0;180;51;161;51;19;51
TE345;05.01.2024;7;1.0;251;59;185;60;65;57
TE345;05.01.2024;8;1.0;288;78;210;74;78;88
TE345;05.01.2024;9;1.0;362;61;350;61;12;69
TE345;05.01.2024;10;1.0;381;55;372;55;9;54
TE345;05.01.2024;11;1.0;407;65;323;62;84;77
TE345;05.01.2024;12;1.0;423;51;415;51;8;51
TE345;05.01.2024;13;1.0;376;36;358;35;18;54
TE345;05.01.2024;14;1.0;429;45;375;45;54;48
TE345;05.01.2024;15;1.0;393;26;381;25;12;57
TE345;05.01.2024;16;1.0;521;48;509;48;12;51
TE345;05.01.2024;17;1.0;532;46;520;46;12;46
TE345;05.01.2024;18;1.0;367;9;364;8;2;22
TE345;05.01.2024;19;1.0;468;6;460;6;8;19
TE345;05.01.2024;20;1.0;272;51;259;51;13;53
TE345;05.01.2024;21;1.0;293;49;286;49;8;49
TE345;05.01.2024;22;1.0;261;52;257;52;3;57
TE345;05.01.2024;23;1.0;256;54;255;54;1;52
TE345;06.01.2024;0;1.0;225;61;208;61;17;63
TE345;06.01.2024;1;1.0;183;58;176;58;7;62
TE345;06.01.2024;2;1.0;172;64;150;63;22;76
TE345;06.01.2024;3;1.0;120;60;113;60;7;61
TE345;06.01.2024;4;1.0;133;63;127;63;6;63
TE345;06.01.2024;5;1.0;107;63;101;63;6;64
TE345;06.01.2024;6;1.0;140;59;120;59;20;60
TE345;06.01.2024;7;1.0;127;56;118;56;9;56
TE345;06.01.2024;8;1.0;136;49;123;49;13;51
TE345;06.01.2024;9;1.0;235;52;225;52;10;51
TE345;06.01.2024;10;1.0;401;52;389;52;12;52
TE345;06.01.2024;11;1.0;395;54;391;54;4;51
TE345;06.01.2024;12;1.0;391;53;384;53;7;53
TE345;06.01.2024;13;1.0;459;53;450;53;9;53
TE345;06.01.2024;14;1.0;478;52;465;52;13;53
TE345;06.01.2024;15;1.0;370;52;359;52;11;52
TE345;06.01.2024;16;1.0;331;44;325;44;5;50
TE345;06.01.2024;17;1.0;452;42;443;42;9;45
TE345;06.01.2024;18;1.0;374;54;349;54;25;60
TE345;06.01.2024;19;1.0;306;57;290;57;16;58
TE345;06.01.2024;20;1.0;263;53;252;53;11;57
TE345;06.01.2024;21;1.0;253;52;242;52;11;55
TE345;06.01.2024;22;1.0;296;56;255;55;41;64
TE345;06.01.2024;23;1.0;243;53;237;53;6;63
TE345;07.01.2024;0;1.0;228;47;225;46;3;59
TE345;07.01.2024;1;1.0;181;58;176;58;5;61
TE345;07.01.2024;2;1.0;158;55;156;55;2;62
TE345;07.01.2024;3;1.0;128;56;120;56;8;57
TE345;07.01.2024;4;1.0;113;56;107;56;6;55
TE345;07.01.2024;5;1.0;92;49;89;50;2;56
TE345;07.01.2024;6;1.0;107;52;103;51;4;62
TE345;07.01.2024;7;1.0;112;57;107;57;5;61
TE345;07.01.2024;8;1.0;111;56;96;55;15;60
TE345;07.01.2024;9;1.0;187;56;182;56;5;59
TE345;07.01.2024;10;1.0;238;61;234;60;4;72
TE345;07.01.2024;11;1.0;277;55;273;55;4;55
TE345;07.01.2024;12;1.0;361;54;355;54;6;56
TE345;07.01.2024;13;1.0;410;54;401;54;9;55
TE345;07.01.2024;14;1.0;380;53;370;53;10;52
TE345;07.01.2024;15;1.0;291;56;279;55;12;68
TE345;07.01.2024;16;1.0;259;53;214;49;46;67
TE345;07.01.2024;17;1.0;276;59;246;57;30;75
TE345;07.01.2024;18;1.0;316;56;308;56;8;57
TE345;07.01.2024;19;1.0;208;58;201;58;7;59
TE345;07.01.2024;20;1.0;200;57;179;55;21;72
TE345;08.01.2024;2;1.0;76;51;69;51;7;54
TE345;08.01.2024;3;1.0;82;58;70;58;12;60
TE345;08.01.2024;7;1.0;295;50;255;49;39;57
TE345;08.01.2024;8;1.0;318;52;294;52;24;54
TE345;08.01.2024;9;1.0;288;49;220;48;68;51
TE345;08.01.2024;10;1.0;312;54;267;54;45;58
TE345;08.01.2024;11;1.0;298;62;233;61;65;67
TE345;08.01.2024;12;1.0;262;44;224;43;37;48
TE345;09.01.2024;18;1.0;490;46;305;40;185;57
TE345;09.01.2024;19;1.0;345;55;282;54;63;59
TE345;09.01.2024;20;1.0;266;54;246;53;20;59
TE345;09.01.2024;21;1.0;211;52;207;52;4;52
TE345;09.01.2024;22;1.0;220;54;202;54;18;55
TE345;09.01.2024;23;1.0;145;57;132;57;13;59
TE345;10.01.2024;0;1.0;133;45;127;45;6;49
TE345;10.01.2024;3;1.0;67;44;59;44;8;46
TE345;10.01.2024;4;1.0;74;55;71;55;3;55
TE345;10.01.2024;5;1.0;100;54;97;54;3;51
TE345;10.01.2024;6;1.0;228;54;209;54;19;56
TE345;10.01.2024;7;1.0;334;60;271;57;63;71
TE345;10.01.2024;8;1.0;410;51;364;50;46;59
TE345;10.01.2024;9;1.0;386;54;341;54;45;56
TE345;10.01.2024;10;1.0;385;54;339;54;46;54
TE345;10.01.2024;11;1.0;368;51;296;49;72;59
TE345;10.01.2024;18;1.0;365;4;345;3;21;11
TE345;10.01.2024;19;1.0;419;36;417;36;2;43
TE345;10.01.2024;20;1.0;293;44;278;44;14;44
TE345;10.01.2024;21;1.0;258;46;226;46;32;47
TE345;10.01.2024;22;1.0;249;49;242;49;7;46
TE345;10.01.2024;23;1.0;164;43;160;43;4;43
TE345;11.01.2024;0;1.0;159;55;149;55;10;58
TE345;11.01.2024;1;1.0;137;46;123;45;14;56
TE345;11.01.2024;2;1.0;89;60;83;60;6;64
TE345;11.01.2024;3;1.0;79;63;71;63;8;66
TE345;11.01.2024;4;1.0;67;36;66;36;1;39
TE345;11.01.2024;5;1.0;109;49;106;49;3;64
TE345;11.01.2024;6;1.0;178;55;172;55;5;63
TE345;11.01.2024;7;1.0;323;47;295;46;28;62
TE345;11.01.2024;8;1.0;360;37;313;34;47;55
TE345;11.01.2024;9;1.0;392;46;336;44;56;58
TE345;11.01.2024;10;1.0;393;46;339;44;55;57
TE345;11.01.2024;11;1.0;382;58;358;57;24;60
TE345;11.01.2024;12;1.0;356;52;311;51;45;59
TE345;11.01.2024;13;1.0;427;52;405;52;22;50
TE345;11.01.2024;14;1.0;439;43;379;42;60;49
TE345;11.01.2024;15;1.0;373;14;355;13;19;27
TE345;11.01.2024;17;1.0;152;3;151;3;1;3
TE345;11.01.2024;19;1.0;257;16;254;16;2;3
TE345;11.01.2024;20;1.0;279;53;263;52;16;54
TE345;11.01.2024;21;1.0;242;61;205;61;37;65
TE345;11.01.2024;22;1.0;244;47;223;46;21;51
TE345;11.01.2024;23;1.0;202;52;173;50;28;68
TE345;12.01.2024;0;1.0;114;58;88;55;26;70
TE345;12.01.2024;1;1.0;131;51;124;51;7;53
TE345;12.01.2024;2;1.0;84;52;72;50;12;59
TE345;12.01.2024;3;1.0;65;55;60;54;5;62
TE345;12.01.2024;4;1.0;74;68;59;67;15;74
TE345;12.01.2024;5;1.0;118;57;110;57;8;56
TE345;12.01.2024;6;1.0;193;49;180;49;13;51
TE345;12.01.2024;7;1.0;329;57;285;56;45;61
TE345;12.01.2024;8;1.0;325;49;287;48;38;51
TE345;12.01.2024;9;1.0;358;52;333;52;25;54
TE345;12.01.2024;10;1.0;339;53;308;53;32;57
TE345;12.01.2024;11;1.0;335;40;318;38;17;59
TE345;12.01.2024;12;1.0;364;60;271;55;94;74
TE345;12.01.2024;13;1.0;395;50;354;49;41;61
TE345;12.01.2024;14;1.0;500;60;348;56;152;68
TE345;12.01.2024;15;1.0;412;52;348;54;64;46
TE345;12.01.2024;17;1.0;431;48;380;47;50;56
TE345;12.01.2024;18;1.0;427;46;413;46;14;48
TE345;12.01.2024;19;1.0;401;40;380;40;20;43
TE345;12.01.2024;20;1.0;307;49;212;38;95;74
TE345;12.01.2024;21;1.0;252;58;140;47;112;73
TE345;12.01.2024;23;1.0;272;50;250;50;22;53
TE345;13.01.2024;0;1.0;233;56;205;55;28;65
TE345;13.01.2024;1;1.0;159;50;117;48;41;55
TE345;13.01.2024;5;1.0;180;47;159;46;21;48
TE345;13.01.2024;6;1.0;176;55;163;55;13;53
TE345;13.01.2024;7;1.0;144;37;143;36;1;63
TE345;13.01.2024;8;1.0;203;47;192;47;11;49
TE345;13.01.2024;9;1.0;321;55;313;55;8;56
TE345;13.01.2024;10;1.0;290;47;283;47;8;46
TE345;13.01.2024;11;1.0;400;44;391;44;8;48
TE345;13.01.2024;12;1.0;359;40;348;40;11;38
TE345;13.01.2024;13;1.0;382;46;306;43;76;54
TE345;13.01.2024;14;1.0;398;44;384;43;14;50
TE345;13.01.2024;15;1.0;482;48;473;48;9;46
TE345;13.01.2024;16;1.0;463;21;461;21;1;21
TE345;13.01.2024;18;1.0;423;42;364;39;59;55
TE345;13.01.2024;20;1.0;319;27;313;27;6;34
TE345;13.01.2024;21;1.0;311;42;295;42;16;44
TE345;14.01.2024;0;1.0;300;30;287;30;13;42
TE345;14.01.2024;1;1.0;192;48;182;48;10;49
TE345;14.01.2024;2;1.0;205;53;192;53;13;57
TE345;14.01.2024;3;1.0;192;47;187;48;5;46
TE345;14.01.2024;4;1.0;173;35;172;35;1;30
TE345;14.01.2024;5;1.0;132;46;127;45;5;67
TE345;14.01.2024;7;1.0;119;48;113;48;5;50
TE345;14.01.2024;10;1.0;175;64;136;60;38;80
TE345;14.01.2024;12;1.0;394;71;311;71;83;74
TE345;14.01.2024;13;1.0;353;56;278;54;75;61
TE345;14.01.2024;14;1.0;363;53;291;51;72;62
TE345;14.01.2024;17;1.0;291;56;280;55;11;70
TE345;14.01.2024;18;1.0;297;50;286;50;11;55
TE345;14.01.2024;20;1.0;206;61;193;60;13;73
TE345;15.01.2024;1;1.0;64;48;53;48;11;49
TE345;15.01.2024;2;1.0;72;48;68;48;4;44
TE345;15.01.2024;3;1.0;55;50;51;50;3;54
TE345;15.01.2024;4;1.0;67;52;59;53;8;48
TE345;15.01.2024;5;1.0;103;49;97;50;6;48
TE345;15.01.2024;7;1.0;335;60;226;54;109;71
TE345;15.01.2024;9;1.0;334;54;231;48;103;66
TE345;15.01.2024;12;1.0;353;50;270;46;83;62
TE345;15.01.2024;13;1.0;553;94;332;97;221;90
TE345;15.01.2024;14;1.0;527;81;370;78;157;87
TE345;15.01.2024;15;1.0;442;18;431;18;11;27
TE345;15.01.2024;16;1.0;616;73;428;70;189;80
TE345;15.01.2024;17;1.0;534;46;524;46;10;47
TE345;15.01.2024;18;1.0;388;55;336;55;52;59
TE345;15.01.2024;19;1.0;292;48;281;48;11;52
TE345;15.01.2024;20;1.0;233;63;169;56;64;81
TE345;15.01.2024;21;1.0;195;61;152;59;44;67
TE345;15.01.2024;22;1.0;184;52;176;52;8;55
TE345;15.01.2024;23;1.0;135;53;134;53;1;60
TE345;16.01.2024;0;1.0;93;60;88;60;4;68
TE345;16.01.2024;1;1.0;70;54;60;54;10;54
TE345;16.01.2024;2;1.0;61;41;58;40;4;37
TE345;16.01.2024;3;1.0;76;31;71;31;5;32
TE345;16.01.2024;4;1.0;62;10;62;10;0;-1
TE345;16.01.2024;5;1.0;116;3;116;3;0;-1
TE345;16.01.2024;6;1.0;196;3;196;3;0;-1
TE345;16.01.2024;7;1.0;300;3;300;3;0;-1
TE345;16.01.2024;8;1.0;364;31;352;30;12;57
TE345;16.01.2024;9;1.0;361;56;338;56;23;58
TE345;16.01.2024;10;1.0;378;64;316;61;62;78
TE345;16.01.2024;11;1.0;384;55;300;53;84;62
TE345;16.01.2024;12;1.0;346;62;279;59;67;72
TE345;16.01.2024;13;1.0;357;59;297;56;60;72
TE345;16.01.2024;14;1.0;399;55;346;54;53;59
TE345;16.01.2024;15;1.0;242;40;158;42;84;37
TE345;16.01.2024;16;1.0;167;3;159;3;8;3
TE345;16.01.2024;17;1.0;285;3;284;3;1;3
TE345;16.01.2024;18;1.0;404;14;397;14;7;32
TE345;16.01.2024;19;1.0;385;67;259;59;126;83
TE345;16.01.2024;20;1.0;234;59;217;58;17;68
TE345;16.01.2024;21;1.0;230;61;204;59;26;77
TE345;16.01.2024;22;1.0;245;49;236;49;8;53
TE345;16.01.2024;23;1.0;157;60;145;60;12;59
TE345;17.01.2024;0;1.0;97;53;94;53;3;54
TE345;17.01.2024;1;1.0;75;56;67;56;8;56
TE345;17.01.2024;2;1.0;76;56;68;56;8;56
TE345;17.01.2024;3;1.0;72;54;68;54;4;55
TE345;17.01.2024;4;1.0;62;43;58;43;4;45
TE345;17.01.2024;5;1.0;94;36;93;35;1;64
TE345;17.01.2024;6;1.0;201;56;177;55;24;62
TE345;17.01.2024;7;1.0;366;71;260;69;106;77
TE345;17.01.2024;8;1.0;351;63;243;59;108;71
TE345;17.01.2024;9;1.0;362;57;296;55;66;63
TE345;17.01.2024;11;1.0;391;67;236;59;155;79
TE345;17.01.2024;12;1.0;371;50;304;50;67;49
TE345;17.01.2024;13;1.0;396;45;355;45;41;53
TE345;17.01.2024;14;1.0;420;47;369;45;51;68
TE345;17.01.2024;15;1.0;419;31;368;26;51;66
TE345;17.01.2024;16;1.0;313;3;308;3;5;3
TE345;17.01.2024;17;1.0;390;3;390;3;0;-1
TE345;17.01.2024;18;1.0;463;37;450;37;13;50
TE345;17.01.2024;19;1.0;384;59;342;59;42;60
TE345;17.01.2024;20;1.0;249;52;226;51;23;59
TE345;17.01.2024;21;1.0;240;56;228;56;12;62
TE345;17.01.2024;22;1.0;225;56;218;56;7;56
TE345;17.01.2024;23;1.0;152;57;145;57;7;57
TE345;18.01.2024;0;1.0;101;39;96;39;5;36
TE345;18.01.2024;1;1.0;115;52;96;52;19;52
TE345;18.01.2024;2;1.0;84;48;78;48;6;49
TE345;18.01.2024;3;1.0;74;52;72;52;2;51
TE345;18.01.2024;4;1.0;80;50;73;50;7;48
TE345;18.01.2024;5;1.0;108;51;101;50;7;67
TE345;18.01.2024;6;1.0;232;55;214;54;18;59
TE345;18.01.2024;7;1.0;305;56;294;56;11;56
TE345;18.01.2024;8;1.0;347;53;338;53;9;56
TE345;18.01.2024;9;1.0;401;50;360;49;41;63
TE345;18.01.2024;10;1.0;369;50;348;50;21;55
TE345;18.01.2024;11;1.0;363;58;284;56;80;66
TE345;18.01.2024;12;1.0;384;56;245;49;139;68
TE345;18.01.2024;14;1.0;401;50;375;50;26;52
TE345;18.01.2024;16;1.0;363;22;326;19;37;50
TE345;18.01.2024;17;1.0;440;52;371;50;69;64
TE345;18.01.2024;18;1.0;533;60;349;55;184;70
TE345;18.01.2024;19;1.0;418;49;353;48;65;57
TE345;18.01.2024;20;1.0;277;46;191;43;87;53
TE345;18.01.2024;23;1.0;185;43;141;41;44;50
TE345;19.01.2024;0;1.0;147;50;140;49;8;52
TE345;19.01.2024;1;1.0;121;54;111;54;10;54
TE345;19.01.2024;2;1.0;99;49;96;49;3;46
TE345;19.01.2024;3;1.0;95;43;92;43;3;41
TE345;19.01.2024;4;1.0;80;22;80;22;0;-1
TE345;19.01.2024;5;1.0;127;4;127;4;0;-1
TE345;19.01.2024;6;1.0;216;3;216;3;0;-1
TE345;19.01.2024;7;1.0;299;30;262;26;37;55
TE345;19.01.2024;8;1.0;383;46;336;45;47;49
TE345;19.01.2024;9;1.0;339;47;277;47;62;48
TE345;19.01.2024;10;1.0;368;49;311;49;58;51
TE345;19.01.2024;11;1.0;372;50;308;46;64;67
TE345;19.01.2024;12;1.0;419;50;380;50;39;50
TE345;19.01.2024;13;1.0;457;47;332;47;125;49
TE345;19.01.2024;16;1.0;452;57;364;54;88;67
TE345;19.01.2024;17;1.0;450;42;430;42;20;43
TE345;19.01.2024;19;1.0;376;45;312;43;64;52
TE345;19.01.2024;20;1.0;313;43;290;43;23;46
TE345;19.01.2024;21;1.0;306;39;300;39;6;41
TE345;19.01.2024;23;1.0;246;49;215;48;31;51
TE345;20.01.2024;0;1.0;257;59;227;58;30;67
TE345;20.01.2024;1;1.0;209;59;175;56;34;72
TE345;20.01.2024;2;1.0;172;55;121;47;51;73
TE345;20.01.2024;3;1.0;183;54;181;54;2;50
TE345;20.01.2024;4;1.0;150;55;141;55;9;64
TE345;20.01.2024;5;1.0;135;64;126;63;9;73
TE345;20.01.2024;6;1.0;119;54;113;54;6;55
TE345;20.01.2024;7;1.0;134;47;130;47;4;47
TE345;20.01.2024;8;1.0;136;55;122;55;14;55
TE345;20.01.2024;9;1.0;215;63;153;57;62;79
TE345;20.01.2024;10;1.0;260;44;237;44;23;44
TE345;20.01.2024;11;1.0;262;59;228;58;34;62
TE345;20.01.2024;13;1.0;403;60;309;58;94;67
TE345;20.01.2024;14;1.0;448;54;371;51;77;70
TE345;20.01.2024;15;1.0;430;61;360;58;70;74
TE345;20.01.2024;16;1.0;380;56;309;55;71;61
TE345;20.01.2024;17;1.0;426;48;415;48;11;55
TE345;20.01.2024;18;1.0;402;61;301;58;101;69
TE345;20.01.2024;21;1.0;292;59;222;54;70;74
TE345;21.01.2024;1;1.0;232;39;203;36;29;61
TE345;21.01.2024;2;1.0;184;55;100;47;84;65
TE345;21.01.2024;3;1.0;163;65;128;63;35;73
TE345;21.01.2024;4;1.0;180;66;160;65;20;72
TE345;21.01.2024;5;1.0;121;56;87;53;35;62
TE345;21.01.2024;10;1.0;189;44;133;38;56;60
TE345;21.01.2024;12;1.0;287;50;175;41;112;63
TE345;21.01.2024;13;1.0;281;60;156;55;125;65
TE345;21.01.2024;14;1.0;337;50;233;47;104;57
TE345;21.01.2024;15;1.0;313;46;297;46;16;48
TE345;21.01.2024;16;1.0;292;54;197;51;95;59
TE345;21.01.2024;17;1.0;312;54;273;53;39;65
TE345;21.01.2024;18;1.0;334;49;277;48;56;58
TE345;21.01.2024;19;1.0;264;51;185;48;79;59
TE345;21.01.2024;20;1.0;247;52;239;52;8;52
TE345;21.01.2024;21;1.0;184;47;182;47;2;52
TE345;21.01.2024;22;1.0;177;50;167;50;10;54
TE345;21.01.2024;23;1.0;160;40;152;40;8;40
TE345;22.01.2024;0;1.0;122;51;119;51;3;51
TE345;22.01.2024;1;1.0;76;55;69;55;7;55
TE345;22.01.2024;2;1.0;69;54;64;54;5;57
TE345;22.01.2024;3;1.0;78;55;70;55;8;54
TE345;22.01.2024;4;1.0;80;51;74;51;6;50
TE345;22.01.2024;5;1.0;124;58;115;58;9;58
TE345;22.01.2024;6;1.0;200;59;163;58;37;59
TE345;22.01.2024;7;1.0;327;46;205;41;121;56
TE345;22.01.2024;8;1.0;394;54;300;52;94;58
TE345;22.01.2024;9;1.0;425;51;335;49;90;61
TE345;22.01.2024;10;1.0;453;49;434;49;19;48
TE345;22.01.2024;12;1.0;421;54;218;47;203;61
TE345;22.01.2024;13;1.0;418;70;161;69;256;72
TE345;22.01.2024;15;1.0;370;26;315;23;55;45
TE345;22.01.2024;16;1.0;199;3;191;3;8;3
TE345;22.01.2024;17;1.0;386;3;386;3;0;-1
TE345;22.01.2024;18;1.0;377;3;377;3;0;-1
TE345;22.01.2024;19;1.0;354;2;354;2;0;-1
TE345;22.01.2024;20;1.0;253;5;253;5;0;-1
TE345;22.01.2024;21;1.0;224;40;218;41;5;44
TE345;22.01.2024;22;1.0;214;48;181;46;33;62
TE345;22.01.2024;23;1.0;153;58;121;55;32;67
TE345;23.01.2024;0;1.0;98;53;81;51;17;62
TE345;23.01.2024;1;1.0;86;53;73;52;13;56
TE345;23.01.2024;2;1.0;57;48;50;48;7;49
TE345;23.01.2024;3;1.0;62;38;58;38;4;40
TE345;23.01.2024;4;1.0;69;58;55;59;14;55
TE345;23.01.2024;5;1.0;124;55;96;53;28;59
TE345;23.01.2024;6;1.0;160;52;133;52;27;52
TE345;23.01.2024;7;1.0;284;64;181;57;103;76
TE345;23.01.2024;9;1.0;436;58;262;48;175;72
TE345;23.01.2024;10;1.0;401;54;308;53;93;58
TE345;23.01.2024;11;1.0;395;57;318;56;77;60
TE345;23.01.2024;12;1.0;449;57;307;52;143;68
TE345;23.01.2024;14;1.0;453;58;241;47;212;72
TE345;23.01.2024;16;1.0;459;55;283;47;177;68
TE345;23.01.2024;17;1.0;415;36;296;27;119;61
TE345;23.01.2024;18;1.0;465;52;378;48;87;71
TE345;23.01.2024;19;1.0;396;52;346;52;50;54
TE345;23.01.2024;20;1.0;279;50;195;42;84;69
TE345;23.01.2024;21;1.0;202;54;192;54;10;56
TE345;23.01.2024;23;1.0;161;45;131;40;30;65
TE345;24.01.2024;0;1.0;129;55;123;54;6;59
TE345;24.01.2024;1;1.0;134;53;125;53;9;54
TE345;24.01.2024;2;1.0;87;43;78;43;9;49
TE345;24.01.2024;3;1.0;83;23;69;23;14;23
TE345;24.01.2024;4;1.0;80;33;77;32;3;53
TE345;24.01.2024;5;1.0;162;57;146;57;16;59
TE345;24.01.2024;6;1.0;467;52;432;52;35;51
TE345;24.01.2024;7;1.0;492;73;306;68;186;82
TE345;24.01.2024;8;1.0;556;81;147;79;409;82
TE345;24.01.2024;9;1.0;429;19;419;19;10;38
TE345;24.01.2024;10;1.0;365;16;360;16;5;57
TE345;24.01.2024;11;1.0;415;54;340;53;74;60
TE345;24.01.2024;12;1.0;433;58;147;45;287;65
TE345;24.01.2024;15;1.0;642;76;107;82;535;75
TE345;24.01.2024;20;1.0;312;69;53;75;259;67
TE345;24.01.2024;21;1.0;509;77;319;78;190;75
TE345;24.01.2024;22;1.0;265;46;237;42;28;83
TE345;24.01.2024;23;1.0;204;59;167;56;37;75
TE345;25.01.2024;0;1.0;145;52;133;52;12;53
TE345;25.01.2024;1;1.0;97;56;81;56;16;58
TE345;25.01.2024;2;1.0;103;64;72;63;31;68
TE345;25.01.2024;7;1.0;407;62;218;50;189;76
TE345;25.01.2024;8;1.0;479;63;273;55;206;74
TE345;25.01.2024;9;1.0;436;36;373;36;63;36
TE345;25.01.2024;11;1.0;413;91;121;95;292;89
TE345;25.01.2024;12;1.0;403;61;233;54;170;71
TE345;25.01.2024;13;1.0;502;77;158;83;343;75
TE345;25.01.2024;14;1.0;519;56;447;54;72;69
TE345;25.01.2024;15;1.0;261;25;224;21;37;45
TE345;25.01.2024;16;1.0;131;2;108;2;23;2
TE345;25.01.2024;17;1.0;177;2;148;2;29;2
TE345;25.01.2024;18;1.0;169;3;168;3;1;3
TE345;25.01.2024;19;1.0;339;3;339;3;0;-1
TE345;25.01.2024;20;1.0;265;3;265;3;0;-1
TE345;25.01.2024;21;1.0;288;3;288;3;0;-1
TE345;25.01.2024;22;1.0;259;3;259;3;0;-1
TE345;25.01.2024;23;1.0;207;3;207;3;0;-1
TE345;26.01.2024;0;1.0;163;3;163;3;0;-1
TE345;26.01.2024;1;1.0;93;3;93;3;0;-1
TE345;26.01.2024;2;1.0;103;3;103;3;0;-1
TE345;26.01.2024;3;1.0;93;3;93;3;0;-1
TE345;26.01.2024;4;1.0;74;3;74;3;0;-1
TE345;26.01.2024;5;1.0;103;3;103;3;0;-1
TE345;26.01.2024;6;1.0;220;3;220;3;0;-1
TE345;26.01.2024;7;1.0;300;3;300;3;0;-1
TE345;26.01.2024;8;1.0;378;3;378;3;0;-1
TE345;26.01.2024;9;1.0;299;32;264;29;35;51
TE345;26.01.2024;11;1.0;397;18;388;18;9;37
TE345;26.01.2024;12;1.0;411;21;357;14;53;62
TE345;26.01.2024;13;1.0;700;77;348;79;352;75
TE345;26.01.2024;14;1.0;177;16;147;14;30;27
TE345;26.01.2024;15;1.0;205;3;205;3;0;-1
TE345;26.01.2024;16;1.0;401;3;400;3;1;3
TE345;26.01.2024;17;1.0;486;3;486;3;0;-1
TE345;26.01.2024;18;1.0;387;3;387;3;0;-1
TE345;26.01.2024;19;1.0;417;20;416;20;1;43
TE345;27.01.2024;5;1.0;151;31;150;31;1;37
TE345;27.01.2024;6;1.0;137;9;137;9;0;-1
TE345;27.01.2024;7;1.0;144;3;144;3;0;-1
TE345;27.01.2024;8;1.0;238;61;120;50;118;72
TE345;27.01.2024;9;1.0;340;84;142;88;199;82
TE345;27.01.2024;10;1.0;351;43;343;43;8;42
TE345;27.01.2024;11;1.0;302;6;299;6;3;17
TE345;27.01.2024;12;1.0;327;3;327;3;0;-1
TE345;27.01.2024;13;1.0;392;3;392;3;0;-1
TE345;27.01.2024;14;1.0;440;3;440;3;0;-1
TE345;27.01.2024;15;1.0;446;3;445;3;1;3
TE345;27.01.2024;16;1.0;441;3;440;3;1;8
TE345;27.01.2024;22;1.0;299;59;138;49;161;68
TE345;28.01.2024;1;1.0;259;27;252;27;7;31
TE345;28.01.2024;2;1.0;207;4;207;4;0;-1
TE345;28.01.2024;3;1.0;169;3;169;3;0;-1
TE345;28.01.2024;4;1.0;139;3;139;3;0;-1
TE345;28.01.2024;5;1.0;161;3;161;3;0;-1
TE345;28.01.2024;6;1.0;134;3;134;3;0;-1
TE345;28.01.2024;7;1.0;125;3;125;3;0;-1
TE345;28.01.2024;8;1.0;105;11;105;11;0;-1
TE345;28.01.2024;9;1.0;196;47;175;45;22;59
TE345;28.01.2024;10;1.0;274;45;249;45;25;48
TE345;28.01.2024;11;1.0;324;52;313;52;11;54
TE345;28.01.2024;12;1.0;381;56;351;56;30;65
TE345;28.01.2024;14;1.0;421;55;410;55;11;55
TE345;28.01.2024;15;1.0;367;55;344;55;23;55
TE345;28.01.2024;16;1.0;385;42;329;42;56;43
TE345;29.01.2024;5;1.0;121;56;100;53;21;70
TE345;29.01.2024;6;1.0;218;72;132;70;86;76
TE345;29.01.2024;7;1.0;323;46;219;44;104;52
TE345;29.01.2024;8;1.0;425;53;307;47;119;68
TE345;29.01.2024;9;1.0;375;52;304;51;71;54
TE345;29.01.2024;10;1.0;406;51;347;51;59;51
TE345;29.01.2024;11;1.0;381;49;349;50;32;48
TE345;29.01.2024;12;1.0;378;53;336;53;42;53
TE345;29.01.2024;13;1.0;425;59;193;46;232;69
TE345;29.01.2024;14;1.0;463;52;393;50;70;59
TE345;29.01.2024;17;1.0;444;46;265;34;179;64
TE345;29.01.2024;19;1.0;356;62;118;48;239;69
TE345;30.01.2024;5;1.0;116;47;100;47;16;48
TE345;30.01.2024;10;1.0;338;43;302;43;36;48
TE345;30.01.2024;11;1.0;382;53;315;52;67;60
TE345;30.01.2024;16;1.0;233;3;227;3;7;3
TE345;30.01.2024;20;1.0;279;68;16;74;263;67
TE345;30.01.2024;23;1.0;146;56;130;56;16;57
TE345;31.01.2024;5;1.0;373;66;326;65;47;71
TE345;31.01.2024;6;1.0;291;50;276;50;15;50
TE345;31.01.2024;7;1.0;375;40;348;41;27;36
TE345;31.01.2024;8;1.0;325;7;319;7;7;15
TE345;31.01.2024;9;1.0;325;11;313;10;12;41
TE345;31.01.2024;11;1.0;499;95;267;99;232;90
TE345;31.01.2024;12;1.0;548;90;297;90;251;89
TE345;31.01.2024;13;1.0;383;24;372;23;11;39
TE345;31.01.2024;14;1.0;382;3;382;3;0;-1
TE345;31.01.2024;15;1.0;382;3;380;3;2;3
TE345;31.01.2024;16;1.0;363;2;357;2;5;2
TE345;31.01.2024;17;1.0;374;4;373;4;1;3
TE345;31.01.2024;18;1.0;457;45;385;40;72;76
TE345;31.01.2024;19;1.0;268;11;264;11;4;27
TE345;31.01.2024;20;1.0;230;3;230;3;0;-1
TE345;31.01.2024;21;1.0;203;26;180;20;23;70
TE345;31.01.2024;23;1.0;172;45;171;45;1;43
TE346;06.01.2024;17;1.0;0;-1;0;-1;0;-1
TE346;15.01.2024;8;1.0;0;-1;0;-1;0;-1
TE346;18.01.2024;16;1.0;0;-1;0;-1;0;-1
TE348;22.01.2024;9;1.0;344;27;317;27;27;32
TE348;22.01.2024;10;1.0;469;31;439;31;30;33
TE348;22.01.2024;11;1.0;492;35;428;34;64;36
TE348;22.01.2024;12;1.0;456;31;395;31;61;34
TE348;22.01.2024;13;1.0;508;38;443;38;65;39
TE348;22.01.2024;14;1.0;487;48;343;41;144;64
TE348;22.01.2024;15;1.0;348;19;330;18;18;22
TE348;22.01.2024;16;1.0;338;28;296;27;42;33
TE348;22.01.2024;17;1.0;259;16;227;15;32;19
TE348;22.01.2024;18;1.0;274;14;251;13;23;29
TE348;22.01.2024;19;1.0;291;17;241;16;50;19
TE348;22.01.2024;20;1.0;264;41;239;41;25;44
TE348;22.01.2024;21;1.0;304;41;254;39;50;53
TE348;22.01.2024;22;1.0;313;46;277;46;36;47
TE348;22.01.2024;23;1.0;251;32;225;33;26;31
TE348;23.01.2024;0;1.0;179;44;141;44;38;45
TE348;23.01.2024;1;1.0;65;45;64;45;1;48
TE348;23.01.2024;2;1.0;62;45;57;45;5;47
TE348;23.01.2024;3;1.0;65;43;62;43;3;44
TE348;23.01.2024;4;1.0;61;42;53;42;8;41
TE348;23.01.2024;5;1.0;149;46;132;46;17;47
TE348;23.01.2024;6;1.0;255;45;219;45;36;46
TE348;23.01.2024;7;1.0;368;37;332;36;36;44
TE348;23.01.2024;8;1.0;340;18;325;18;15;20
TE348;23.01.2024;9;1.0;470;32;427;31;43;40
TE348;23.01.2024;10;1.0;389;43;297;42;92;45
TE348;23.01.2024;11;1.0;480;23;424;23;56;26
TE348;23.01.2024;12;1.0;511;33;437;33;73;35
TE348;23.01.2024;13;1.0;512;34;463;33;49;35
TE348;23.01.2024;14;1.0;489;26;452;25;37;31
TE348;23.01.2024;15;1.0;332;15;308;15;24;20
TE348;23.01.2024;16;1.0;262;7;248;6;14;14
TE348;23.01.2024;17;1.0;269;5;256;4;13;19
TE348;23.01.2024;18;1.0;395;24;347;24;48;26
TE348;23.01.2024;19;1.0;310;29;270;29;40;31
TE348;23.01.2024;20;1.0;413;40;399;40;14;40
TE348;23.01.2024;21;1.0;351;44;336;44;15;43
TE348;23.01.2024;22;1.0;331;50;304;50;27;53
TE348;23.01.2024;23;1.0;225;45;203;45;22;48
TE348;24.01.2024;0;1.0;117;34;117;34;0;-1
TE348;24.01.2024;1;1.0;63;55;62;55;1;52
TE348;24.01.2024;2;1.0;52;46;42;46;10;45
TE348;24.01.2024;3;1.0;65;38;62;38;3;42
TE348;24.01.2024;4;1.0;70;50;64;50;6;47
TE348;24.01.2024;5;1.0;151;47;138;47;13;50
TE348;24.01.2024;6;1.0;290;41;255;40;35;41
TE348;24.01.2024;7;1.0;358;38;322;38;36;36
TE348;24.01.2024;8;1.0;274;10;262;10;12;18
TE348;24.01.2024;9;1.0;436;25;403;25;34;28
TE348;24.01.2024;10;1.0;444;32;387;31;57;35
TE348;24.01.2024;11;1.0;431;34;379;34;52;34
TE348;24.01.2024;12;1.0;543;37;460;37;83;40
TE348;24.01.2024;13;1.0;547;34;480;33;67;35
TE348;24.01.2024;14;1.0;487;33;446;33;41;32
TE348;24.01.2024;15;1.0;291;19;269;18;22;20
TE348;24.01.2024;16;1.0;241;7;222;7;19;10
TE348;24.01.2024;17;1.0;279;16;261;16;18;20
TE348;24.01.2024;18;1.0;349;18;331;18;18;23
TE348;24.01.2024;19;1.0;432;35;358;33;74;46
TE348;24.01.2024;20;1.0;411;48;340;46;71;54
TE348;24.01.2024;21;1.0;326;56;268;56;58;56
TE348;24.01.2024;22;1.0;334;42;290;39;44;64
TE348;24.01.2024;23;1.0;253;45;233;45;20;47
TE348;25.01.2024;0;1.0;162;42;139;41;23;47
TE348;25.01.2024;1;1.0;110;40;101;40;9;40
TE348;25.01.2024;2;1.0;79;46;69;45;10;46
TE348;25.01.2024;3;1.0;82;44;73;45;9;39
TE348;25.01.2024;4;1.0;107;49;79;47;28;53
TE348;25.01.2024;5;1.0;147;48;133;48;14;49
TE348;25.01.2024;6;1.0;316;45;266;45;50;47
TE348;25.01.2024;7;1.0;407;26;392;26;15;29
TE348;25.01.2024;8;1.0;295;10;272;10;23;12
TE348;25.01.2024;9;1.0;520;36;441;35;79;45
TE348;25.01.2024;10;1.0;459;28;426;28;33;28
TE348;25.01.2024;11;1.0;489;28;438;27;51;34
TE348;25.01.2024;12;1.0;453;30;419;30;34;37
TE348;25.01.2024;13;1.0;517;37;478;37;39;37
TE348;25.01.2024;14;1.0;473;26;436;26;37;24
TE348;25.01.2024;15;1.0;378;21;360;21;18;31
TE348;25.01.2024;16;1.0;332;13;319;12;13;21
TE348;25.01.2024;17;1.0;246;11;232;10;14;18
TE348;25.01.2024;18;1.0;310;11;301;11;9;16
TE348;25.01.2024;19;1.0;383;12;371;12;12;13
TE348;25.01.2024;20;1.0;421;31;399;31;22;30
TE348;25.01.2024;21;1.0;415;40;398;39;17;47
TE348;25.01.2024;22;1.0;390;27;381;27;9;35
TE348;25.01.2024;23;1.0;274;31;269;30;5;37
TE348;26.01.2024;0;1.0;198;46;192;46;6;42
TE348;26.01.2024;1;1.0;115;50;114;50;1;49
TE348;26.01.2024;2;1.0;80;47;80;47;0;-1
TE348;26.01.2024;3;1.0;76;47;73;47;3;48
TE348;26.01.2024;4;1.0;87;49;79;49;8;49
TE348;26.01.2024;5;1.0;137;51;127;51;10;47
TE348;26.01.2024;6;1.0;262;49;255;49;7;47
TE348;26.01.2024;7;1.0;369;39;352;39;17;37
TE348;26.01.2024;8;1.0;451;38;428;38;23;38
TE348;26.01.2024;9;1.0;437;42;406;42;31;44
TE348;26.01.2024;10;1.0;416;30;374;30;42;30
TE348;26.01.2024;11;1.0;437;31;391;30;46;46
TE348;26.01.2024;12;1.0;433;30;368;29;65;33
TE348;26.01.2024;13;1.0;440;30;402;29;38;38
TE348;26.01.2024;14;1.0;351;27;314;27;37;28
TE348;26.01.2024;15;1.0;308;20;280;20;28;20
TE348;26.01.2024;16;1.0;401;32;337;31;64;39
TE348;26.01.2024;17;1.0;409;32;388;31;21;40
TE348;26.01.2024;18;1.0;342;26;318;26;24;31
TE348;26.01.2024;19;1.0;385;23;351;22;34;32
TE348;26.01.2024;20;1.0;417;41;400;41;17;35
TE348;26.01.2024;21;1.0;415;41;404;41;11;42
TE348;26.01.2024;22;1.0;419;34;398;35;21;30
TE348;26.01.2024;23;1.0;347;47;328;47;19;48
TE348;27.01.2024;0;1.0;320;52;312;53;8;48
TE348;27.01.2024;1;1.0;196;44;193;45;3;41
TE348;27.01.2024;2;1.0;161;46;156;46;5;41
TE348;27.01.2024;3;1.0;131;48;129;48;2;47
TE348;27.01.2024;4;1.0;108;52;99;52;9;50
TE348;27.01.2024;5;1.0;104;50;99;50;5;47
TE348;27.01.2024;6;1.0;124;46;116;46;8;50
TE348;27.01.2024;7;1.0;118;55;109;55;9;52
TE348;27.01.2024;8;1.0;187;51;171;51;16;56
TE348;27.01.2024;9;1.0;271;48;249;48;22;49
TE348;27.01.2024;10;1.0;290;47;232;44;58;59
TE348;27.01.2024;11;1.0;398;38;357;38;41;37
TE348;27.01.2024;12;1.0;361;38;333;38;28;36
TE348;27.01.2024;13;1.0;537;32;495;32;42;36
TE348;27.01.2024;14;1.0;514;33;480;33;34;35
TE348;27.01.2024;15;1.0;536;29;506;29;30;34
TE348;27.01.2024;16;1.0;548;30;502;30;46;30
TE348;27.01.2024;17;1.0;609;30;559;29;50;36
TE348;27.01.2024;18;1.0;581;31;561;31;20;29
TE348;27.01.2024;19;1.0;525;41;509;41;16;40
TE348;27.01.2024;20;1.0;471;43;452;43;19;43
TE348;27.01.2024;21;1.0;432;41;416;41;16;45
TE348;27.01.2024;22;1.0;454;41;434;40;20;48
TE348;27.01.2024;23;1.0;374;45;358;45;16;43
TE348;28.01.2024;0;1.0;302;48;296;48;6;49
TE348;28.01.2024;1;1.0;251;51;248;51;3;48
TE348;28.01.2024;2;1.0;186;40;186;40;0;-1
TE348;28.01.2024;3;1.0;155;48;153;48;2;49
TE348;28.01.2024;4;1.0;107;52;106;52;1;49
TE348;28.01.2024;5;1.0;124;47;123;47;1;41
TE348;28.01.2024;6;1.0;88;49;88;49;0;-1
TE348;28.01.2024;7;1.0;98;52;93;52;5;47
TE348;28.01.2024;8;1.0;150;52;145;52;5;50
TE348;28.01.2024;9;1.0;186;48;173;48;13;51
TE348;28.01.2024;10;1.0;342;42;317;43;25;40
TE348;28.01.2024;11;1.0;348;36;324;36;24;37
TE348;28.01.2024;12;1.0;365;38;323;38;42;40
TE348;28.01.2024;13;1.0;459;44;348;43;111;49
TE348;28.01.2024;14;1.0;460;20;441;20;19;25
TE348;28.01.2024;15;1.0;484;26;448;26;36;31
TE348;28.01.2024;16;1.0;456;25;385;24;71;31
TE348;28.01.2024;17;1.0;517;36;465;35;52;41
TE348;28.01.2024;18;1.0;494;31;476;31;18;32
TE348;28.01.2024;19;1.0;441;32;412;32;29;35
TE348;28.01.2024;20;1.0;274;39;263;39;11;41
TE348;28.01.2024;21;1.0;282;38;265;38;17;45
TE348;28.01.2024;22;1.0;304;34;288;34;16;34
TE348;28.01.2024;23;1.0;173;44;166;44;7;45
TE348;29.01.2024;0;1.0;105;43;102;43;3;38
TE348;29.01.2024;1;1.0;59;46;58;46;1;61
TE348;29.01.2024;2;1.0;50;46;48;46;2;42
TE348;29.01.2024;3;1.0;51;39;51;39;0;-1
TE348;29.01.2024;4;1.0;77;41;71;41;6;40
TE348;29.01.2024;5;1.0;119;54;108;54;11;53
TE348;29.01.2024;6;1.0;285;50;267;50;18;51
TE348;29.01.2024;7;1.0;375;33;346;33;29;34
TE348;29.01.2024;8;1.0;410;32;390;32;20;30
TE348;29.01.2024;9;1.0;545;38;507;38;38;34
TE348;29.01.2024;10;1.0;475;44;438;44;37;44
TE348;29.01.2024;11;1.0;511;43;467;43;44;44
TE348;29.01.2024;12;1.0;526;37;471;37;55;40
TE348;29.01.2024;13;1.0;477;40;433;39;44;50
TE348;29.01.2024;14;1.0;529;37;474;37;55;41
TE348;29.01.2024;15;1.0;434;32;391;31;43;41
TE348;29.01.2024;16;1.0;320;13;287;13;33;16
TE348;29.01.2024;17;1.0;440;29;390;28;50;39
TE348;29.01.2024;18;1.0;468;31;447;31;21;30
TE348;29.01.2024;19;1.0;392;37;376;37;16;39
TE348;29.01.2024;20;1.0;373;43;351;43;22;43
TE348;29.01.2024;21;1.0;294;43;282;43;12;44
TE348;29.01.2024;22;1.0;315;43;299;43;16;42
TE348;29.01.2024;23;1.0;160;50;154;50;6;49
TE348;30.01.2024;0;1.0;113;53;108;54;5;40
TE348;30.01.2024;1;1.0;66;45;65;45;1;50
TE348;30.01.2024;2;1.0;54;52;49;53;5;50
TE348;30.01.2024;3;1.0;47;49;46;49;1;49
TE348;30.01.2024;4;1.0;72;47;63;47;9;47
TE348;30.01.2024;5;1.0;141;50;133;50;8;49
TE348;30.01.2024;6;1.0;299;48;276;48;23;50
TE348;30.01.2024;7;1.0;418;42;396;42;22;43
TE348;30.01.2024;8;1.0;469;32;450;32;19;30
TE348;30.01.2024;9;1.0;550;34;511;34;39;33
TE348;30.01.2024;10;1.0;514;39;479;39;35;39
TE348;30.01.2024;11;1.0;468;34;431;34;37;30
TE348;30.01.2024;12;1.0;550;37;501;37;49;37
TE348;30.01.2024;13;1.0;499;39;438;39;61;38
TE348;30.01.2024;14;1.0;453;22;419;21;34;30
TE348;30.01.2024;15;1.0;319;17;260;16;59;20
TE348;30.01.2024;16;1.0;290;5;282;5;8;5
TE348;30.01.2024;17;1.0;288;17;257;17;31;22
TE348;30.01.2024;18;1.0;296;16;282;16;14;20
TE348;30.01.2024;19;1.0;316;25;278;26;38;18
TE348;30.01.2024;20;1.0;368;45;348;45;20;44
TE348;30.01.2024;21;1.0;311;43;294;43;17;50
TE348;30.01.2024;22;1.0;326;39;308;39;18;45
TE348;30.01.2024;23;1.0;214;48;198;48;16;49
TE348;31.01.2024;0;1.0;130;52;120;52;10;52
TE348;31.01.2024;1;1.0;81;51;81;51;0;-1
TE348;31.01.2024;2;1.0;38;40;37;39;1;53
TE348;31.01.2024;3;1.0;68;52;60;51;8;58
TE348;31.01.2024;4;1.0;68;49;55;49;13;48
TE348;31.01.2024;5;1.0;123;45;115;45;8;45
TE348;31.01.2024;6;1.0;262;48;247;49;15;47
TE348;31.01.2024;7;1.0;408;39;389;39;19;41
TE348;31.01.2024;8;1.0;421;28;410;28;11;25
TE348;31.01.2024;9;1.0;486;31;461;31;25;32
TE348;31.01.2024;10;1.0;476;34;445;34;31;34
TE348;31.01.2024;11;1.0;483;37;444;37;39;37
TE348;31.01.2024;12;1.0;547;32;499;32;48;32
TE348;31.01.2024;13;1.0;549;42;519;42;30;45
TE348;31.01.2024;14;1.0;534;31;513;31;21;39
TE348;31.01.2024;15;1.0;441;33;398;33;43;37
TE348;31.01.2024;16;1.0;387;18;374;18;13;17
TE348;31.01.2024;17;1.0;375;24;358;24;17;19
TE348;31.01.2024;18;1.0;380;20;366;21;14;16
TE348;31.01.2024;19;1.0;381;29;367;29;14;26
TE348;31.01.2024;20;1.0;366;48;357;48;9;45
TE348;31.01.2024;21;1.0;317;48;313;48;4;46
TE348;31.01.2024;22;1.0;397;41;386;41;11;46
TE348;31.01.2024;23;1.0;264;51;256;51;8;50
TE351;01.01.2024;0;1.0;492;49;484;49;8;53
TE351;01.01.2024;1;1.0;694;49;686;49;8;50
TE351;01.01.2024;2;1.0;621;51;618;51;3;54
TE351;01.01.2024;3;1.0;547;53;544;53;3;54
TE351;01.01.2024;4;1.0;397;54;395;54;2;56
TE351;01.01.2024;5;1.0;390;53;389;53;1;58
TE351;01.01.2024;6;1.0;277;55;274;55;3;52
TE351;01.01.2024;7;1.0;199;55;199;55;0;-1
TE351;01.01.2024;8;1.0;167;56;165;56;2;58
TE351;01.01.2024;9;1.0;169;54;169;54;0;-1
TE351;01.01.2024;10;1.0;212;53;212;53;0;-1
TE351;01.01.2024;11;1.0;301;52;298;52;3;51
TE351;01.01.2024;12;1.0;410;50;408;50;2;56
TE351;01.01.2024;13;1.0;448;52;447;52;1;48
TE351;01.01.2024;14;1.0;522;49;520;49;2;46
TE351;01.01.2024;15;1.0;567;49;564;49;3;48
TE351;01.01.2024;16;1.0;610;50;609;50;1;50
TE351;01.01.2024;17;1.0;602;49;597;49;5;50
TE351;01.01.2024;18;1.0;564;49;563;49;1;43
TE351;01.01.2024;19;1.0;520;51;518;51;2;49
TE351;01.01.2024;20;1.0;411;52;411;52;0;-1
TE351;01.01.2024;21;1.0;416;52;416;52;0;-1
TE351;01.01.2024;22;1.0;349;53;348;53;1;56
TE351;01.01.2024;23;1.0;278;52;276;52;2;50
TE351;02.01.2024;0;1.0;195;53;192;53;3;52
TE351;02.01.2024;1;1.0;118;56;115;56;3;54
TE351;02.01.2024;2;1.0;75;55;75;55;0;-1
TE351;02.01.2024;3;1.0;92;51;88;51;4;56
TE351;02.01.2024;4;1.0;101;53;95;53;6;54
TE351;02.01.2024;5;1.0;243;51;240;51;3;49
TE351;02.01.2024;6;1.0;372;52;365;52;7;54
TE351;02.01.2024;7;1.0;468;52;456;52;12;52
TE351;02.01.2024;8;1.0;488;54;484;54;4;54
TE351;02.01.2024;9;1.0;595;55;582;55;13;56
TE351;02.01.2024;10;1.0;585;55;583;55;2;56
TE351;02.01.2024;11;1.0;650;54;645;54;5;54
TE351;02.01.2024;12;1.0;696;53;688;53;8;57
TE351;02.01.2024;13;1.0;818;53;815;53;3;54
TE351;02.01.2024;14;1.0;926;52;922;52;4;51
TE351;02.01.2024;15;1.0;1044;53;1042;53;2;52
TE351;02.01.2024;16;1.0;1007;52;1005;52;2;52
TE351;02.01.2024;17;1.0;1032;51;1032;51;0;-1
TE351;02.01.2024;18;1.0;895;51;892;51;3;51
TE351;02.01.2024;19;1.0;764;52;764;52;0;-1
TE351;02.01.2024;20;1.0;650;53;650;53;0;-1
TE351;02.01.2024;21;1.0;534;52;532;52;2;54
TE351;02.01.2024;22;1.0;520;52;517;52;3;51
TE351;02.01.2024;23;1.0;327;53;326;53;1;54
TE351;03.01.2024;0;1.0;211;53;207;53;4;53
TE351;03.01.2024;1;1.0;101;52;100;52;1;47
TE351;03.01.2024;2;1.0;105;56;102;56;3;58
TE351;03.01.2024;3;1.0;104;55;95;55;9;57
TE351;03.01.2024;4;1.0;120;56;115;56;5;53
TE351;03.01.2024;5;1.0;259;54;248;54;11;53
TE351;03.01.2024;6;1.0;413;54;397;53;16;54
TE351;03.01.2024;7;1.0;547;52;522;52;25;52
TE351;03.01.2024;8;1.0;566;53;536;53;30;56
TE351;03.01.2024;9;1.0;616;52;581;52;35;53
TE351;03.01.2024;10;1.0;681;50;655;50;26;52
TE351;03.01.2024;11;1.0;704;51;675;51;29;51
TE351;03.01.2024;12;1.0;809;46;778;46;31;47
TE351;03.01.2024;13;1.0;825;50;799;50;26;51
TE351;03.01.2024;14;1.0;1119;49;1079;49;40;49
TE351;03.01.2024;15;1.0;1158;50;1131;50;27;53
TE351;03.01.2024;16;1.0;1078;50;1067;50;11;50
TE351;03.01.2024;17;1.0;1067;49;1054;49;13;51
TE351;03.01.2024;18;1.0;1009;48;999;48;10;49
TE351;03.01.2024;19;1.0;783;49;775;49;8;51
TE351;03.01.2024;20;1.0;605;49;596;49;9;50
TE351;03.01.2024;21;1.0;516;52;508;52;8;51
TE351;03.01.2024;22;1.0;550;52;545;52;5;52
TE351;03.01.2024;23;1.0;380;52;376;52;4;52
TE351;04.01.2024;0;1.0;224;53;215;53;9;52
TE351;04.01.2024;1;1.0;147;55;146;55;1;52
TE351;04.01.2024;2;1.0;117;55;109;55;8;56
TE351;04.01.2024;3;1.0;103;56;95;56;8;56
TE351;04.01.2024;4;1.0;121;60;113;60;8;55
TE351;04.01.2024;5;1.0;223;59;219;59;4;49
TE351;04.01.2024;6;1.0;416;57;412;57;4;57
TE351;04.01.2024;7;1.0;546;55;540;55;6;55
TE351;04.01.2024;8;1.0;616;53;601;53;15;53
TE351;04.01.2024;9;1.0;675;52;654;52;21;52
TE351;04.01.2024;10;1.0;699;50;677;50;22;51
TE351;04.01.2024;11;1.0;776;51;749;51;27;53
TE351;04.01.2024;12;1.0;794;52;782;52;12;53
TE351;04.01.2024;13;1.0;873;51;857;51;16;52
TE351;04.01.2024;14;1.0;1057;51;1040;51;17;52
TE351;04.01.2024;15;1.0;1148;51;1123;51;25;52
TE351;04.01.2024;16;1.0;1145;51;1128;51;17;51
TE351;04.01.2024;17;1.0;1124;51;1116;51;8;51
TE351;04.01.2024;18;1.0;1015;50;1012;50;3;52
TE351;04.01.2024;19;1.0;829;51;826;51;3;49
TE351;04.01.2024;20;1.0;674;52;669;52;5;49
TE351;04.01.2024;21;1.0;504;55;502;55;2;48
TE351;04.01.2024;22;1.0;562;53;560;53;2;58
TE351;04.01.2024;23;1.0;390;55;390;55;0;-1
TE351;05.01.2024;0;1.0;243;56;239;55;4;56
TE351;05.01.2024;1;1.0;134;56;132;56;2;53
TE351;05.01.2024;2;1.0;123;59;119;59;4;56
TE351;05.01.2024;3;1.0;106;59;102;58;4;73
TE351;05.01.2024;4;1.0;127;59;122;59;5;61
TE351;05.01.2024;5;1.0;262;58;254;58;8;59
TE351;05.01.2024;6;1.0;405;56;390;56;15;56
TE351;05.01.2024;7;1.0;503;53;486;53;17;54
TE351;05.01.2024;8;1.0;576;54;562;54;14;53
TE351;05.01.2024;9;1.0;606;54;601;54;5;54
TE351;05.01.2024;10;1.0;695;53;693;53;2;52
TE351;05.01.2024;11;1.0;768;51;759;51;9;53
TE351;05.01.2024;12;1.0;848;52;832;52;16;54
TE351;05.01.2024;13;1.0;928;51;913;51;15;52
TE351;05.01.2024;14;1.0;1058;51;1043;51;15;53
TE351;05.01.2024;15;1.0;1095;52;1078;52;17;54
TE351;05.01.2024;16;1.0;1080;49;1069;49;11;50
TE351;05.01.2024;17;1.0;969;52;959;52;10;51
TE351;05.01.2024;18;1.0;925;53;922;53;3;53
TE351;05.01.2024;19;1.0;895;53;892;53;3;53
TE351;05.01.2024;20;1.0;718;53;717;53;1;53
TE351;05.01.2024;21;1.0;527;55;525;55;2;56
TE351;05.01.2024;22;1.0;618;54;617;54;1;57
TE351;05.01.2024;23;1.0;501;54;501;54;0;-1
TE351;06.01.2024;0;1.0;381;55;379;55;2;56
TE351;06.01.2024;1;1.0;256;55;253;55;3;57
TE351;06.01.2024;2;1.0;197;58;196;58;1;59
TE351;06.01.2024;3;1.0;173;58;170;58;3;59
TE351;06.01.2024;4;1.0;166;58;164;58;2;60
TE351;06.01.2024;5;1.0;171;58;167;58;4;56
TE351;06.01.2024;6;1.0;169;58;164;58;5;61
TE351;06.01.2024;7;1.0;210;57;209;57;1;47
TE351;06.01.2024;8;1.0;247;56;243;56;4;58
TE351;06.01.2024;9;1.0;383;54;376;54;7;57
TE351;06.01.2024;10;1.0;472;53;468;53;4;57
TE351;06.01.2024;11;1.0;561;52;552;52;9;53
TE351;06.01.2024;12;1.0;640;52;630;52;10;53
TE351;06.01.2024;13;1.0;788;52;777;52;11;53
TE351;06.01.2024;14;1.0;798;51;797;51;1;55
TE351;06.01.2024;15;1.0;911;51;907;51;4;54
TE351;06.01.2024;16;1.0;875;50;868;50;7;51
TE351;06.01.2024;17;1.0;831;50;828;50;3;49
TE351;06.01.2024;18;1.0;820;51;818;51;2;52
TE351;06.01.2024;19;1.0;742;52;735;52;7;53
TE351;06.01.2024;20;1.0;729;52;727;52;2;52
TE351;06.01.2024;21;1.0;603;53;602;53;1;55
TE351;06.01.2024;22;1.0;742;52;740;52;2;54
TE351;06.01.2024;23;1.0;600;53;600;53;0;-1
TE351;07.01.2024;0;1.0;396;55;393;55;3;58
TE351;07.01.2024;1;1.0;364;55;362;55;2;58
TE351;07.01.2024;2;1.0;252;57;252;57;0;-1
TE351;07.01.2024;3;1.0;209;56;209;56;0;-1
TE351;07.01.2024;4;1.0;136;55;134;55;2;59
TE351;07.01.2024;5;1.0;173;53;172;53;1;59
TE351;07.01.2024;6;1.0;167;55;166;55;1;59
TE351;07.01.2024;7;1.0;114;57;114;57;0;-1
TE351;07.01.2024;8;1.0;166;55;166;55;0;-1
TE351;07.01.2024;9;1.0;277;54;277;54;0;-1
TE351;07.01.2024;10;1.0;364;53;364;53;0;-1
TE351;07.01.2024;11;1.0;465;51;464;51;1;50
TE351;07.01.2024;12;1.0;554;52;553;52;1;52
TE351;07.01.2024;13;1.0;666;52;661;52;5;53
TE351;07.01.2024;14;1.0;768;51;766;51;2;50
TE351;07.01.2024;15;1.0;772;52;769;52;3;51
TE351;07.01.2024;16;1.0;702;51;702;51;0;-1
TE351;07.01.2024;17;1.0;785;51;782;51;3;54
TE351;07.01.2024;18;1.0;711;51;707;51;4;52
TE351;07.01.2024;19;1.0;683;52;680;52;3;50
TE351;07.01.2024;20;1.0;490;51;486;51;4;55
TE351;07.01.2024;21;1.0;484;50;481;50;3;57
TE351;07.01.2024;22;1.0;477;51;474;51;3;51
TE351;07.01.2024;23;1.0;291;52;286;52;5;57
TE351;08.01.2024;0;1.0;227;52;224;52;3;54
TE351;08.01.2024;1;1.0;125;53;123;53;2;59
TE351;08.01.2024;2;1.0;92;53;87;52;5;53
TE351;08.01.2024;3;1.0;93;54;88;54;5;57
TE351;08.01.2024;4;1.0;105;56;101;56;4;56
TE351;08.01.2024;5;1.0;296;55;294;55;2;56
TE351;08.01.2024;6;1.0;505;54;502;54;3;57
TE351;08.01.2024;7;1.0;695;51;684;51;11;52
TE351;08.01.2024;8;1.0;656;51;643;51;13;52
TE351;08.01.2024;9;1.0;646;52;637;52;9;53
TE351;08.01.2024;10;1.0;672;50;655;50;17;52
TE351;08.01.2024;11;1.0;654;50;637;50;17;50
TE351;08.01.2024;12;1.0;688;50;666;50;22;51
TE351;08.01.2024;13;1.0;752;49;726;49;26;50
TE351;08.01.2024;14;1.0;941;49;920;49;21;50
TE351;08.01.2024;15;1.0;1189;48;1176;48;13;49
TE351;08.01.2024;16;1.0;1039;50;1026;50;13;51
TE351;08.01.2024;17;1.0;1052;49;1041;49;11;49
TE351;08.01.2024;18;1.0;970;49;966;49;4;51
TE351;08.01.2024;19;1.0;799;49;793;49;6;48
TE351;08.01.2024;20;1.0;564;49;560;49;4;51
TE351;08.01.2024;21;1.0;454;50;447;50;7;51
TE351;08.01.2024;22;1.0;428;51;425;51;3;50
TE351;08.01.2024;23;1.0;315;51;310;51;5;53
TE351;09.01.2024;0;1.0;204;53;198;53;6;50
TE351;09.01.2024;1;1.0;93;51;89;51;4;53
TE351;09.01.2024;2;1.0;68;54;67;54;1;54
TE351;09.01.2024;3;1.0;84;55;82;55;2;54
TE351;09.01.2024;4;1.0;118;56;113;55;5;63
TE351;09.01.2024;5;1.0;263;54;260;54;3;61
TE351;09.01.2024;6;1.0;543;54;533;54;10;56
TE351;09.01.2024;7;1.0;772;50;763;50;9;50
TE351;09.01.2024;8;1.0;677;51;668;51;9;52
TE351;09.01.2024;9;1.0;728;51;703;51;25;52
TE351;09.01.2024;10;1.0;741;52;724;52;17;54
TE351;09.01.2024;11;1.0;775;51;748;51;27;53
TE351;09.01.2024;12;1.0;888;50;841;50;47;51
TE351;09.01.2024;13;1.0;899;50;856;50;43;52
TE351;09.01.2024;14;1.0;1165;49;1137;49;28;51
TE351;09.01.2024;15;1.0;1252;50;1229;50;23;50
TE351;09.01.2024;16;1.0;1319;50;1302;50;17;51
TE351;09.01.2024;17;1.0;1219;49;1207;49;12;51
TE351;09.01.2024;18;1.0;1118;45;1112;45;6;50
TE351;09.01.2024;19;1.0;919;49;912;49;7;50
TE351;09.01.2024;20;1.0;698;49;690;49;8;48
TE351;09.01.2024;21;1.0;535;51;530;51;5;51
TE351;09.01.2024;22;1.0;566;52;563;52;3;53
TE351;09.01.2024;23;1.0;328;52;326;52;2;52
TE351;10.01.2024;0;1.0;220;53;216;53;4;54
TE351;10.01.2024;1;1.0;128;53;126;53;2;56
TE351;10.01.2024;2;1.0;77;56;75;55;2;56
TE351;10.01.2024;3;1.0;92;57;91;57;1;56
TE351;10.01.2024;4;1.0;138;55;133;55;5;59
TE351;10.01.2024;5;1.0;265;56;259;55;6;59
TE351;10.01.2024;6;1.0;598;54;584;54;14;56
TE351;10.01.2024;7;1.0;817;51;807;51;10;50
TE351;10.01.2024;8;1.0;773;52;758;52;15;51
TE351;10.01.2024;9;1.0;821;52;799;52;22;53
TE351;10.01.2024;10;1.0;802;51;774;51;28;53
TE351;10.01.2024;11;1.0;858;49;834;49;24;52
TE351;10.01.2024;12;1.0;923;48;890;48;33;49
TE351;10.01.2024;13;1.0;943;49;907;49;36;50
TE351;10.01.2024;14;1.0;1205;49;1174;49;31;50
TE351;10.01.2024;15;1.0;1311;50;1284;50;27;51
TE351;10.01.2024;16;1.0;1339;50;1319;50;20;50
TE351;10.01.2024;17;1.0;1276;48;1258;48;18;49
TE351;10.01.2024;18;1.0;1221;49;1216;49;5;53
TE351;10.01.2024;19;1.0;1116;48;1105;48;11;51
TE351;10.01.2024;20;1.0;782;49;773;49;9;49
TE351;10.01.2024;21;1.0;601;50;596;50;5;51
TE351;10.01.2024;22;1.0;665;50;662;50;3;56
TE351;10.01.2024;23;1.0;577;50;573;50;4;54
TE351;11.01.2024;0;1.0;241;53;239;53;2;57
TE351;11.01.2024;1;1.0;136;55;132;55;4;55
TE351;11.01.2024;2;1.0;79;57;79;57;0;-1
TE351;11.01.2024;3;1.0;100;55;98;55;2;58
TE351;11.01.2024;4;1.0;139;54;138;54;1;58
TE351;11.01.2024;5;1.0;247;56;247;56;0;-1
TE351;11.01.2024;6;1.0;596;53;593;53;3;56
TE351;11.01.2024;7;1.0;771;50;768;50;3;51
TE351;11.01.2024;8;1.0;737;49;735;49;2;54
TE351;11.01.2024;9;1.0;769;53;762;53;7;52
TE351;11.01.2024;10;1.0;845;54;840;54;5;54
TE351;11.01.2024;11;1.0;838;54;828;54;10;54
TE351;11.01.2024;12;1.0;866;53;859;53;7;53
TE351;11.01.2024;13;1.0;974;54;968;54;6;52
TE351;11.01.2024;14;1.0;1109;54;1104;54;5;54
TE351;11.01.2024;15;1.0;1278;54;1274;54;4;54
TE351;11.01.2024;16;1.0;1243;52;1242;52;1;53
TE351;11.01.2024;17;1.0;1200;50;1198;50;2;51
TE351;11.01.2024;18;1.0;1214;49;1210;49;4;50
TE351;11.01.2024;19;1.0;1101;50;1097;50;4;50
TE351;11.01.2024;20;1.0;800;50;797;50;3;54
TE351;11.01.2024;21;1.0;633;53;629;53;4;52
TE351;11.01.2024;22;1.0;685;52;684;52;1;53
TE351;11.01.2024;23;1.0;445;54;445;54;0;-1
TE351;12.01.2024;0;1.0;279;54;272;54;7;56
TE351;12.01.2024;1;1.0;166;56;163;56;3;57
TE351;12.01.2024;2;1.0;118;55;117;55;1;57
TE351;12.01.2024;3;1.0;119;56;118;56;1;55
TE351;12.01.2024;4;1.0;138;56;136;56;2;53
TE351;12.01.2024;5;1.0;231;45;231;45;0;-1
TE351;12.01.2024;6;1.0;487;51;485;51;2;50
TE351;12.01.2024;7;1.0;714;55;709;55;5;55
TE351;12.01.2024;8;1.0;728;55;721;55;7;53
TE351;12.01.2024;9;1.0;730;54;723;54;7;55
TE351;12.01.2024;10;1.0;803;55;799;55;4;54
TE351;12.01.2024;11;1.0;852;52;843;52;9;48
TE351;12.01.2024;12;1.0;931;54;917;54;14;54
TE351;12.01.2024;13;1.0;996;55;986;55;10;55
TE351;12.01.2024;14;1.0;1124;54;1120;54;4;53
TE351;12.01.2024;15;1.0;1161;54;1160;53;1;52
TE351;12.01.2024;16;1.0;1147;53;1145;53;2;52
TE351;12.01.2024;17;1.0;1044;52;1043;52;1;54
TE351;12.01.2024;18;1.0;1072;51;1071;51;1;54
TE351;12.01.2024;19;1.0;938;51;935;51;3;53
TE351;12.01.2024;20;1.0;807;52;806;52;1;54
TE351;12.01.2024;21;1.0;664;53;661;54;3;54
TE351;12.01.2024;22;1.0;776;52;774;52;2;52
TE351;12.01.2024;23;1.0;622;53;620;53;2;52
TE351;13.01.2024;0;1.0;462;54;453;54;9;54
TE351;13.01.2024;1;1.0;316;55;315;55;1;57
TE351;13.01.2024;2;1.0;251;55;250;55;1;52
TE351;13.01.2024;3;1.0;191;58;187;58;4;56
TE351;13.01.2024;4;1.0;172;58;170;58;2;61
TE351;13.01.2024;5;1.0;194;57;194;57;0;-1
TE351;13.01.2024;6;1.0;184;56;184;56;0;-1
TE351;13.01.2024;7;1.0;224;55;224;55;0;-1
TE351;13.01.2024;8;1.0;307;55;306;55;1;61
TE351;13.01.2024;9;1.0;458;56;457;56;1;56
TE351;13.01.2024;10;1.0;566;54;563;54;3;54
TE351;13.01.2024;11;1.0;673;54;671;54;2;56
TE351;13.01.2024;12;1.0;724;52;723;52;1;52
TE351;13.01.2024;13;1.0;799;52;796;52;3;53
TE351;13.01.2024;14;1.0;858;52;858;52;0;-1
TE351;13.01.2024;15;1.0;837;52;836;52;1;52
TE351;13.01.2024;16;1.0;718;51;718;51;0;-1
TE351;13.01.2024;17;1.0;908;50;906;50;2;52
TE351;13.01.2024;18;1.0;926;51;921;51;5;49
TE351;13.01.2024;19;1.0;742;53;741;53;1;51
TE351;13.01.2024;20;1.0;750;53;749;53;1;54
TE351;13.01.2024;21;1.0;649;54;649;54;0;-1
TE351;13.01.2024;22;1.0;676;53;675;53;1;55
TE351;13.01.2024;23;1.0;676;53;675;53;1;55
TE351;14.01.2024;0;1.0;515;55;511;55;4;54
TE351;14.01.2024;1;1.0;386;55;385;55;1;52
TE351;14.01.2024;2;1.0;310;56;310;56;0;-1
TE351;14.01.2024;3;1.0;281;57;281;57;0;-1
TE351;14.01.2024;4;1.0;175;57;175;57;0;-1
TE351;14.01.2024;5;1.0;187;56;187;56;0;-1
TE351;14.01.2024;6;1.0;175;58;174;58;1;59
TE351;14.01.2024;7;1.0;132;56;132;56;0;-1
TE351;14.01.2024;8;1.0;185;56;185;56;0;-1
TE351;14.01.2024;9;1.0;358;56;358;56;0;-1
TE351;14.01.2024;10;1.0;474;55;473;55;1;51
TE351;14.01.2024;11;1.0;544;54;544;54;0;-1
TE351;14.01.2024;12;1.0;680;52;677;52;3;50
TE351;14.01.2024;13;1.0;768;52;765;52;3;51
TE351;14.01.2024;14;1.0;831;52;828;52;3;51
TE351;14.01.2024;15;1.0;820;51;813;51;7;50
TE351;14.01.2024;16;1.0;784;51;780;51;4;48
TE351;14.01.2024;17;1.0;837;52;836;52;1;50
TE351;14.01.2024;18;1.0;763;53;759;53;4;50
TE351;14.01.2024;19;1.0;635;53;635;53;0;-1
TE351;14.01.2024;20;1.0;555;54;555;54;0;-1
TE351;14.01.2024;21;1.0;458;54;457;54;1;54
TE351;14.01.2024;22;1.0;537;55;536;55;1;54
TE351;14.01.2024;23;1.0;291;57;290;57;1;54
TE351;15.01.2024;0;1.0;196;57;192;57;4;56
TE351;15.01.2024;1;1.0;103;57;102;57;1;55
TE351;15.01.2024;2;1.0;94;58;94;58;0;-1
TE351;15.01.2024;3;1.0;77;56;77;56;0;-1
TE351;15.01.2024;4;1.0;117;57;112;57;5;55
TE351;15.01.2024;5;1.0;276;58;276;58;0;-1
TE351;15.01.2024;6;1.0;450;56;445;56;5;53
TE351;15.01.2024;7;1.0;688;55;678;55;10;55
TE351;15.01.2024;8;1.0;635;52;630;52;5;55
TE351;15.01.2024;9;1.0;666;53;647;53;19;50
TE351;15.01.2024;10;1.0;713;52;700;52;13;51
TE351;15.01.2024;11;1.0;778;52;755;52;23;53
TE351;15.01.2024;12;1.0;854;53;845;53;9;52
TE351;15.01.2024;13;1.0;954;51;941;51;13;51
TE351;15.01.2024;14;1.0;1119;51;1110;51;9;52
TE351;15.01.2024;15;1.0;1227;53;1218;53;9;54
TE351;15.01.2024;16;1.0;1049;52;1048;52;1;50
TE351;15.01.2024;17;1.0;1045;51;1038;51;7;51
TE351;15.01.2024;18;1.0;941;52;936;52;5;51
TE351;15.01.2024;19;1.0;770;52;770;52;0;-1
TE351;15.01.2024;20;1.0;615;53;613;53;2;52
TE351;15.01.2024;21;1.0;498;54;498;54;0;-1
TE351;15.01.2024;22;1.0;536;55;535;55;1;55
TE351;15.01.2024;23;1.0;325;55;324;55;1;55
TE351;16.01.2024;0;1.0;211;56;209;56;2;57
TE351;16.01.2024;1;1.0;96;56;96;56;0;-1
TE351;16.01.2024;2;1.0;52;45;52;45;0;-1
TE351;16.01.2024;3;1.0;63;44;60;44;3;35
TE351;16.01.2024;4;1.0;110;51;104;51;6;52
TE351;16.01.2024;5;1.0;250;49;249;49;1;48
TE351;16.01.2024;6;1.0;484;49;483;49;1;49
TE351;16.01.2024;7;1.0;692;50;687;50;5;53
TE351;16.01.2024;8;1.0;666;53;660;53;6;52
TE351;16.01.2024;9;1.0;626;55;623;55;3;56
TE351;16.01.2024;10;1.0;768;54;761;54;7;54
TE351;16.01.2024;11;1.0;810;54;799;54;11;54
TE351;16.01.2024;12;1.0;798;54;792;54;6;54
TE351;16.01.2024;13;1.0;875;54;866;54;9;54
TE351;16.01.2024;14;1.0;1066;54;1052;54;14;53
TE351;16.01.2024;15;1.0;1196;53;1191;53;5;54
TE351;16.01.2024;16;1.0;1239;52;1237;52;2;54
TE351;16.01.2024;17;1.0;1159;51;1156;51;3;52
TE351;16.01.2024;18;1.0;1172;50;1167;50;5;52
TE351;16.01.2024;19;1.0;1027;50;1021;50;6;51
TE351;16.01.2024;20;1.0;652;53;649;53;3;53
TE351;16.01.2024;21;1.0;550;54;547;54;3;54
TE351;16.01.2024;22;1.0;563;53;561;53;2;50
TE351;16.01.2024;23;1.0;414;53;411;53;3;53
TE351;17.01.2024;0;1.0;250;52;247;52;3;55
TE351;17.01.2024;1;1.0;130;53;128;53;2;48
TE351;17.01.2024;2;1.0;80;56;79;57;1;46
TE351;17.01.2024;3;1.0;96;54;91;54;5;58
TE351;17.01.2024;4;1.0;139;54;136;54;3;56
TE351;17.01.2024;5;1.0;245;53;242;53;3;58
TE351;17.01.2024;6;1.0;513;52;503;52;10;54
TE351;17.01.2024;7;1.0;741;51;736;51;5;52
TE351;17.01.2024;8;1.0;774;53;756;53;18;54
TE351;17.01.2024;9;1.0;735;54;725;54;10;52
TE351;17.01.2024;10;1.0;732;52;712;52;20;53
TE351;17.01.2024;11;1.0;819;52;797;52;22;53
TE351;17.01.2024;12;1.0;841;53;821;53;20;53
TE351;17.01.2024;13;1.0;896;52;877;52;19;53
TE351;17.01.2024;14;1.0;1089;53;1071;53;18;53
TE351;17.01.2024;15;1.0;1222;54;1214;54;8;54
TE351;17.01.2024;16;1.0;1286;52;1273;52;13;53
TE351;17.01.2024;17;1.0;1170;51;1169;51;1;51
TE351;17.01.2024;18;1.0;1122;51;1116;51;6;52
TE351;17.01.2024;19;1.0;950;51;944;51;6;52
TE351;17.01.2024;20;1.0;755;52;755;52;0;-1
TE351;17.01.2024;21;1.0;600;54;599;54;1;55
TE351;17.01.2024;22;1.0;555;54;555;54;0;-1
TE351;17.01.2024;23;1.0;349;56;347;56;2;52
TE351;18.01.2024;0;1.0;276;57;273;57;3;59
TE351;18.01.2024;1;1.0;151;57;151;57;0;-1
TE351;18.01.2024;2;1.0;111;58;108;58;3;56
TE351;18.01.2024;3;1.0;117;58;117;58;0;-1
TE351;18.01.2024;4;1.0;140;59;137;59;3;57
TE351;18.01.2024;5;1.0;288;59;286;59;2;64
TE351;18.01.2024;6;1.0;502;57;498;57;4;60
TE351;18.01.2024;7;1.0;707;54;705;54;2;54
TE351;18.01.2024;8;1.0;760;53;746;53;14;53
TE351;18.01.2024;9;1.0;778;54;770;54;8;54
TE351;18.01.2024;10;1.0;773;53;757;53;16;53
TE351;18.01.2024;11;1.0;807;52;795;52;12;53
TE351;18.01.2024;12;1.0;823;52;812;52;11;53
TE351;18.01.2024;13;1.0;1005;50;993;50;12;51
TE351;18.01.2024;14;1.0;1070;51;1058;51;12;51
TE351;18.01.2024;15;1.0;1245;50;1238;50;7;49
TE351;18.01.2024;16;1.0;1177;46;1166;47;11;47
TE351;18.01.2024;17;1.0;1114;49;1103;49;11;49
TE351;18.01.2024;18;1.0;1110;48;1102;48;8;48
TE351;18.01.2024;19;1.0;958;48;953;48;5;48
TE351;18.01.2024;20;1.0;741;50;735;50;6;50
TE351;18.01.2024;21;1.0;640;50;638;50;2;52
TE351;18.01.2024;22;1.0;702;50;697;50;5;52
TE351;18.01.2024;23;1.0;530;52;528;52;2;54
TE351;19.01.2024;0;1.0;295;52;286;52;9;54
TE351;19.01.2024;1;1.0;188;55;186;55;2;52
TE351;19.01.2024;2;1.0;111;54;108;54;3;52
TE351;19.01.2024;3;1.0;115;55;112;55;3;58
TE351;19.01.2024;4;1.0;122;54;121;54;1;59
TE351;19.01.2024;5;1.0;269;55;268;56;1;53
TE351;19.01.2024;6;1.0;484;53;468;53;16;52
TE351;19.01.2024;7;1.0;670;50;658;50;12;51
TE351;19.01.2024;8;1.0;718;51;701;51;17;51
TE351;19.01.2024;9;1.0;695;50;673;50;22;52
TE351;19.01.2024;10;1.0;794;49;777;49;17;52
TE351;19.01.2024;11;1.0;783;49;753;49;30;50
TE351;19.01.2024;12;1.0;894;49;858;49;36;50
TE351;19.01.2024;13;1.0;1034;49;1015;49;19;50
TE351;19.01.2024;14;1.0;1106;49;1079;49;27;49
TE351;19.01.2024;15;1.0;1161;50;1145;50;16;49
TE351;19.01.2024;16;1.0;1109;51;1096;51;13;52
TE351;19.01.2024;17;1.0;1020;51;1017;51;3;50
TE351;19.01.2024;18;1.0;966;51;961;51;5;51
TE351;19.01.2024;19;1.0;968;48;963;48;5;49
TE351;19.01.2024;20;1.0;765;48;760;48;5;49
TE351;19.01.2024;21;1.0;677;50;669;50;8;50
TE351;19.01.2024;22;1.0;726;50;724;50;2;50
TE351;19.01.2024;23;1.0;542;50;542;50;0;-1
TE351;20.01.2024;0;1.0;490;50;479;50;11;51
TE351;20.01.2024;1;1.0;345;51;339;51;6;54
TE351;20.01.2024;2;1.0;280;53;280;53;0;-1
TE351;20.01.2024;3;1.0;186;55;181;55;5;54
TE351;20.01.2024;4;1.0;165;57;162;57;3;55
TE351;20.01.2024;5;1.0;204;54;202;54;2;51
TE351;20.01.2024;6;1.0;213;54;206;54;7;54
TE351;20.01.2024;7;1.0;201;54;194;53;7;54
TE351;20.01.2024;8;1.0;329;54;322;54;7;52
TE351;20.01.2024;9;1.0;473;53;465;53;8;52
TE351;20.01.2024;10;1.0;593;53;590;53;3;51
TE351;20.01.2024;11;1.0;645;53;635;53;10;54
TE351;20.01.2024;12;1.0;746;51;738;51;8;50
TE351;20.01.2024;13;1.0;620;49;618;49;2;51
TE351;20.01.2024;14;1.0;818;50;811;50;7;50
TE351;20.01.2024;15;1.0;894;50;886;50;8;50
TE351;20.01.2024;16;1.0;894;48;887;48;7;49
TE351;20.01.2024;17;1.0;862;47;857;47;5;49
TE351;20.01.2024;18;1.0;889;44;883;44;6;47
TE351;20.01.2024;19;1.0;873;40;860;40;12;40
TE351;20.01.2024;20;1.0;763;48;757;48;6;49
TE351;20.01.2024;21;1.0;692;49;691;49;1;48
TE351;20.01.2024;22;1.0;647;50;642;50;5;51
TE351;20.01.2024;23;1.0;651;50;646;50;5;48
TE351;21.01.2024;0;1.0;525;51;518;51;7;52
TE351;21.01.2024;1;1.0;375;52;370;52;5;50
TE351;21.01.2024;2;1.0;308;54;308;54;0;-1
TE351;21.01.2024;3;1.0;253;55;250;55;3;55
TE351;21.01.2024;4;1.0;173;56;172;56;1;52
TE351;21.01.2024;5;1.0;208;57;208;57;0;-1
TE351;21.01.2024;6;1.0;163;58;163;58;0;-1
TE351;21.01.2024;7;1.0;144;56;141;57;3;54
TE351;21.01.2024;8;1.0;265;56;265;56;0;-1
TE351;21.01.2024;9;1.0;302;53;300;53;2;48
TE351;21.01.2024;10;1.0;519;53;517;53;2;49
TE351;21.01.2024;11;1.0;580;52;576;52;4;49
TE351;21.01.2024;12;1.0;633;49;628;49;5;49
TE351;21.01.2024;13;1.0;774;49;769;49;5;48
TE351;21.01.2024;14;1.0;827;50;820;50;7;50
TE351;21.01.2024;15;1.0;791;49;785;49;6;48
TE351;21.01.2024;16;1.0;802;49;794;49;8;48
TE351;21.01.2024;17;1.0;845;47;839;47;6;48
TE351;21.01.2024;18;1.0;885;49;880;49;5;49
TE351;21.01.2024;19;1.0;694;50;691;50;3;50
TE351;21.01.2024;20;1.0;578;51;578;51;0;-1
TE351;21.01.2024;21;1.0;478;51;475;51;3;51
TE351;21.01.2024;22;1.0;456;52;452;52;4;50
TE351;21.01.2024;23;1.0;313;52;309;52;4;55
TE351;22.01.2024;0;1.0;188;53;181;53;7;57
TE351;22.01.2024;1;1.0;118;53;112;53;6;61
TE351;22.01.2024;2;1.0;85;56;81;56;4;56
TE351;22.01.2024;3;1.0;86;55;81;56;5;48
TE351;22.01.2024;4;1.0;100;57;91;57;9;56
TE351;22.01.2024;5;1.0;272;57;266;57;6;58
TE351;22.01.2024;6;1.0;523;55;506;55;17;55
TE351;22.01.2024;7;1.0;770;51;735;51;35;52
TE351;22.01.2024;8;1.0;730;51;694;51;36;52
TE351;22.01.2024;9;1.0;756;50;730;50;26;52
TE351;22.01.2024;10;1.0;807;51;793;51;14;54
TE351;22.01.2024;11;1.0;837;51;798;51;39;52
TE351;22.01.2024;12;1.0;893;50;858;50;35;51
TE351;22.01.2024;13;1.0;915;51;871;51;44;51
TE351;22.01.2024;14;1.0;1155;51;1106;51;49;52
TE351;22.01.2024;15;1.0;1275;52;1244;52;31;51
TE351;22.01.2024;16;1.0;1221;50;1200;50;21;52
TE351;22.01.2024;17;1.0;1203;50;1196;50;7;52
TE351;22.01.2024;18;1.0;1187;49;1181;49;6;49
TE351;22.01.2024;19;1.0;913;48;900;48;13;48
TE351;22.01.2024;20;1.0;676;50;670;50;6;52
TE351;22.01.2024;21;1.0;556;52;551;52;5;53
TE351;22.01.2024;22;1.0;518;52;514;52;4;51
TE351;22.01.2024;23;1.0;339;52;337;52;2;54
TE351;23.01.2024;0;1.0;232;51;224;51;8;58
TE351;23.01.2024;1;1.0;115;56;108;56;7;55
TE351;23.01.2024;2;1.0;95;55;90;54;5;59
TE351;23.01.2024;3;1.0;88;53;84;53;4;53
TE351;23.01.2024;4;1.0;122;56;115;55;7;59
TE351;23.01.2024;5;1.0;298;54;283;54;15;58
TE351;23.01.2024;6;1.0;569;52;557;52;12;53
TE351;23.01.2024;7;1.0;772;50;757;50;15;52
TE351;23.01.2024;8;1.0;735;51;709;51;26;51
TE351;23.01.2024;9;1.0;760;51;737;51;23;52
TE351;23.01.2024;10;1.0;855;50;806;50;49;51
TE351;23.01.2024;11;1.0;819;50;781;50;38;51
TE351;23.01.2024;12;1.0;882;50;843;50;39;50
TE351;23.01.2024;13;1.0;958;51;922;51;36;52
TE351;23.01.2024;14;1.0;1173;51;1130;51;43;51
TE351;23.01.2024;15;1.0;1359;51;1326;51;33;52
TE351;23.01.2024;16;1.0;1366;50;1345;50;21;52
TE351;23.01.2024;17;1.0;1254;49;1237;49;17;51
TE351;23.01.2024;18;1.0;1239;47;1224;47;15;47
TE351;23.01.2024;19;1.0;1063;47;1049;47;14;46
TE351;23.01.2024;20;1.0;752;48;735;48;17;49
TE351;23.01.2024;21;1.0;587;50;585;50;2;52
TE351;23.01.2024;22;1.0;584;51;579;51;5;50
TE351;23.01.2024;23;1.0;374;53;373;53;1;48
TE351;24.01.2024;0;1.0;230;56;224;56;6;56
TE351;24.01.2024;1;1.0;137;55;136;55;1;57
TE351;24.01.2024;2;1.0;97;56;96;56;1;57
TE351;24.01.2024;3;1.0;99;56;96;56;3;58
TE351;24.01.2024;4;1.0;134;58;125;58;9;61
TE351;24.01.2024;5;1.0;282;56;272;56;10;56
TE351;24.01.2024;6;1.0;628;42;608;42;20;46
TE351;24.01.2024;7;1.0;868;51;841;51;27;50
TE351;24.01.2024;8;1.0;819;49;798;49;21;49
TE351;24.01.2024;9;1.0;789;51;752;51;37;51
TE351;24.01.2024;10;1.0;748;51;727;51;21;53
TE351;24.01.2024;11;1.0;837;50;788;50;49;51
TE351;24.01.2024;12;1.0;906;51;871;51;35;53
TE351;24.01.2024;13;1.0;966;50;925;50;41;52
TE351;24.01.2024;14;1.0;1238;50;1182;50;56;50
TE351;24.01.2024;15;1.0;1367;50;1343;50;24;51
TE351;24.01.2024;16;1.0;1362;50;1340;50;22;51
TE351;24.01.2024;17;1.0;1356;49;1345;49;11;50
TE351;24.01.2024;18;1.0;1301;49;1297;49;4;50
TE351;24.01.2024;19;1.0;1165;49;1145;49;20;49
TE351;24.01.2024;20;1.0;728;49;719;49;9;51
TE351;24.01.2024;21;1.0;656;51;651;51;5;52
TE351;24.01.2024;22;1.0;756;48;746;48;10;49
TE351;24.01.2024;23;1.0;457;50;454;50;3;52
TE351;25.01.2024;0;1.0;297;52;287;52;10;53
TE351;25.01.2024;1;1.0;152;54;148;54;4;55
TE351;25.01.2024;2;1.0;94;55;93;55;1;58
TE351;25.01.2024;3;1.0;103;56;99;56;4;54
TE351;25.01.2024;4;1.0;135;57;125;57;10;56
TE351;25.01.2024;5;1.0;283;56;267;55;16;58
TE351;25.01.2024;6;1.0;624;52;602;52;22;53
TE351;25.01.2024;7;1.0;839;49;808;49;31;50
TE351;25.01.2024;8;1.0;847;50;807;50;40;51
TE351;25.01.2024;9;1.0;849;50;816;50;33;51
TE351;25.01.2024;10;1.0;836;50;812;50;24;50
TE351;25.01.2024;11;1.0;897;51;869;51;28;53
TE351;25.01.2024;12;1.0;953;53;928;53;25;53
TE351;25.01.2024;13;1.0;1002;43;976;43;25;44
TE351;25.01.2024;14;1.0;1207;50;1178;50;29;52
TE351;25.01.2024;15;1.0;1385;51;1356;51;29;51
TE351;25.01.2024;16;1.0;1290;51;1280;51;10;50
TE351;25.01.2024;17;1.0;1273;49;1268;49;5;49
TE351;25.01.2024;18;1.0;1272;50;1264;50;8;50
TE351;25.01.2024;19;1.0;1102;50;1095;50;7;50
TE351;25.01.2024;20;1.0;890;51;884;51;6;50
TE351;25.01.2024;21;1.0;706;50;701;50;5;50
TE351;25.01.2024;22;1.0;725;48;718;48;7;50
TE351;25.01.2024;23;1.0;600;48;594;48;6;48
TE351;26.01.2024;0;1.0;298;50;291;50;7;48
TE351;26.01.2024;1;1.0;188;52;184;52;4;52
TE351;26.01.2024;2;1.0;131;53;127;53;4;56
TE351;26.01.2024;3;1.0;136;53;134;53;2;50
TE351;26.01.2024;4;1.0;125;56;120;56;5;51
TE351;26.01.2024;5;1.0;287;56;282;56;5;58
TE351;26.01.2024;6;1.0;539;55;534;55;5;57
TE351;26.01.2024;7;1.0;755;49;738;49;17;50
TE351;26.01.2024;8;1.0;770;52;745;52;25;51
TE351;26.01.2024;9;1.0;766;54;758;54;8;56
TE351;26.01.2024;10;1.0;779;54;764;54;15;55
TE351;26.01.2024;11;1.0;895;53;885;53;10;55
TE351;26.01.2024;12;1.0;840;48;828;48;12;47
TE351;26.01.2024;13;1.0;998;50;984;50;14;50
TE351;26.01.2024;14;1.0;1253;51;1245;51;8;52
TE351;26.01.2024;15;1.0;1244;51;1234;51;10;52
TE351;26.01.2024;16;1.0;1226;49;1220;49;6;51
TE351;26.01.2024;17;1.0;1216;47;1207;47;9;46
TE351;26.01.2024;18;1.0;1131;49;1127;49;4;48
TE351;26.01.2024;19;1.0;1061;48;1056;48;5;48
TE351;26.01.2024;20;1.0;858;47;842;47;16;48
TE351;26.01.2024;21;1.0;773;48;758;48;15;47
TE351;26.01.2024;22;1.0;832;48;820;48;12;48
TE351;26.01.2024;23;1.0;739;49;734;49;5;50
TE351;27.01.2024;0;1.0;530;50;521;50;9;53
TE351;27.01.2024;1;1.0;368;51;361;51;7;49
TE351;27.01.2024;2;1.0;308;54;304;54;4;53
TE351;27.01.2024;3;1.0;203;56;199;56;4;59
TE351;27.01.2024;4;1.0;149;57;147;57;2;54
TE351;27.01.2024;5;1.0;247;53;240;53;7;53
TE351;27.01.2024;6;1.0;225;54;219;54;6;54
TE351;27.01.2024;7;1.0;272;53;262;53;10;54
TE351;27.01.2024;8;1.0;410;53;409;53;1;55
TE351;27.01.2024;9;1.0;590;52;584;52;6;52
TE351;27.01.2024;10;1.0;698;51;693;51;5;54
TE351;27.01.2024;11;1.0;771;52;760;52;11;53
TE351;27.01.2024;12;1.0;855;51;851;51;4;50
TE351;27.01.2024;13;1.0;828;51;824;51;4;50
TE351;27.01.2024;14;1.0;1049;47;1034;47;15;47
TE351;27.01.2024;15;1.0;861;44;850;44;11;46
TE351;27.01.2024;16;1.0;944;48;934;48;10;46
TE351;27.01.2024;17;1.0;1103;47;1090;47;13;48
TE351;27.01.2024;18;1.0;979;46;966;46;13;48
TE351;27.01.2024;19;1.0;919;46;907;46;12;48
TE351;27.01.2024;20;1.0;858;47;846;47;12;46
TE351;27.01.2024;21;1.0;799;47;788;47;11;49
TE351;27.01.2024;22;1.0;778;47;769;47;9;47
TE351;27.01.2024;23;1.0;725;47;715;47;10;48
TE351;28.01.2024;0;1.0;526;52;518;52;8;52
TE351;28.01.2024;1;1.0;412;51;408;51;4;54
TE351;28.01.2024;2;1.0;326;53;323;53;3;54
TE351;28.01.2024;3;1.0;255;53;254;53;1;55
TE351;28.01.2024;4;1.0;230;54;225;53;5;56
TE351;28.01.2024;5;1.0;246;52;244;52;2;50
TE351;28.01.2024;6;1.0;160;53;160;53;0;-1
TE351;28.01.2024;7;1.0;158;50;158;50;0;-1
TE351;28.01.2024;8;1.0;244;52;240;52;4;52
TE351;28.01.2024;9;1.0;433;50;432;50;1;50
TE351;28.01.2024;10;1.0;573;48;570;48;3;49
TE351;28.01.2024;11;1.0;678;47;674;47;4;48
TE351;28.01.2024;12;1.0;777;46;770;46;7;47
TE351;28.01.2024;13;1.0;825;47;819;47;6;47
TE351;28.01.2024;14;1.0;885;46;878;46;7;46
TE351;28.01.2024;15;1.0;859;37;850;37;9;41
TE351;28.01.2024;16;1.0;946;46;930;46;16;48
TE351;28.01.2024;17;1.0;942;46;934;46;8;44
TE351;28.01.2024;18;1.0;933;47;920;47;13;47
TE351;28.01.2024;19;1.0;789;47;783;47;6;47
TE351;28.01.2024;20;1.0;630;48;629;48;1;50
TE351;28.01.2024;21;1.0;573;49;573;49;0;-1
TE351;28.01.2024;22;1.0;540;48;534;48;6;51
TE351;28.01.2024;23;1.0;326;50;322;50;4;52
TE351;29.01.2024;0;1.0;210;52;207;52;3;53
TE351;29.01.2024;1;1.0;139;52;134;53;5;53
TE351;29.01.2024;2;1.0;90;52;85;51;5;60
TE351;29.01.2024;3;1.0;92;52;86;52;6;50
TE351;29.01.2024;4;1.0;130;53;120;53;10;49
TE351;29.01.2024;5;1.0;294;53;282;53;12;50
TE351;29.01.2024;6;1.0;534;52;522;52;12;49
TE351;29.01.2024;7;1.0;810;49;775;49;35;51
TE351;29.01.2024;8;1.0;820;49;785;49;35;50
TE351;29.01.2024;9;1.0;789;50;744;50;45;50
TE351;29.01.2024;10;1.0;808;48;770;48;38;50
TE351;29.01.2024;11;1.0;799;47;756;47;43;49
TE351;29.01.2024;12;1.0;896;49;844;49;52;50
TE351;29.01.2024;13;1.0;948;48;913;48;35;49
TE351;29.01.2024;14;1.0;1141;49;1104;49;37;50
TE351;29.01.2024;15;1.0;1255;50;1221;50;34;51
TE351;29.01.2024;16;1.0;1293;49;1262;49;31;50
TE351;29.01.2024;17;1.0;1213;49;1194;49;19;49
TE351;29.01.2024;18;1.0;1200;47;1188;47;12;47
TE351;29.01.2024;19;1.0;895;47;883;47;12;49
TE351;29.01.2024;20;1.0;660;49;653;49;7;47
TE351;29.01.2024;21;1.0;554;50;544;50;10;51
TE351;29.01.2024;22;1.0;516;50;511;50;5;52
TE351;29.01.2024;23;1.0;332;51;331;51;1;52
TE351;30.01.2024;0;1.0;201;52;197;52;4;56
TE351;30.01.2024;1;1.0;120;52;115;52;5;54
TE351;30.01.2024;2;1.0;91;56;87;56;4;54
TE351;30.01.2024;3;1.0;82;54;79;53;3;53
TE351;30.01.2024;4;1.0;129;54;127;54;2;52
TE351;30.01.2024;5;1.0;284;54;274;54;10;52
TE351;30.01.2024;6;1.0;556;53;537;53;19;52
TE351;30.01.2024;7;1.0;808;50;782;50;26;51
TE351;30.01.2024;8;1.0;766;50;737;50;29;50
TE351;30.01.2024;9;1.0;810;51;770;51;40;51
TE351;30.01.2024;10;1.0;786;48;748;48;38;50
TE351;30.01.2024;11;1.0;859;49;819;49;40;50
TE351;30.01.2024;12;1.0;849;50;811;50;38;51
TE351;30.01.2024;13;1.0;947;49;912;49;35;50
TE351;30.01.2024;14;1.0;1165;50;1124;50;41;50
TE351;30.01.2024;15;1.0;1293;52;1257;52;36;53
TE351;30.01.2024;16;1.0;1340;50;1314;50;26;51
TE351;30.01.2024;17;1.0;1235;48;1215;48;20;50
TE351;30.01.2024;18;1.0;1166;49;1151;49;15;49
TE351;30.01.2024;19;1.0;975;48;964;48;11;48
TE351;30.01.2024;20;1.0;703;50;689;50;14;51
TE351;30.01.2024;21;1.0;557;51;544;51;13;51
TE351;30.01.2024;22;1.0;577;51;570;51;7;52
TE351;30.01.2024;23;1.0;363;51;358;51;5;50
TE351;31.01.2024;0;1.0;214;53;208;53;6;54
TE351;31.01.2024;1;1.0;138;55;132;55;6;54
TE351;31.01.2024;2;1.0;102;59;97;59;5;56
TE351;31.01.2024;3;1.0;112;55;106;56;6;51
TE351;31.01.2024;4;1.0;122;57;109;56;13;58
TE351;31.01.2024;5;1.0;281;56;266;56;15;56
TE351;31.01.2024;6;1.0;554;56;544;56;10;56
TE351;31.01.2024;7;1.0;762;52;747;52;15;53
TE351;31.01.2024;8;1.0;799;52;769;52;30;52
TE351;31.01.2024;9;1.0;754;53;745;53;9;53
TE351;31.01.2024;10;1.0;776;53;762;53;14;55
TE351;31.01.2024;11;1.0;829;51;811;51;18;52
TE351;31.01.2024;12;1.0;917;50;900;50;17;52
TE351;31.01.2024;13;1.0;1009;52;997;52;12;51
TE351;31.01.2024;14;1.0;1171;53;1143;53;28;53
TE351;31.01.2024;15;1.0;1304;55;1286;55;18;55
TE351;31.01.2024;16;1.0;1304;54;1293;54;11;54
TE351;31.01.2024;17;1.0;1228;51;1219;51;9;51
TE351;31.01.2024;18;1.0;1225;50;1219;50;6;50
TE351;31.01.2024;19;1.0;955;51;950;51;5;50
TE351;31.01.2024;20;1.0;700;51;694;51;6;51
TE351;31.01.2024;21;1.0;623;51;618;51;5;54
TE351;31.01.2024;22;1.0;591;51;588;51;3;54
TE351;31.01.2024;23;1.0;468;51;467;51;1;56
TE352;11.01.2024;8;1.0;1130;30;1077;30;53;31
TE352;11.01.2024;9;1.0;1059;37;1023;37;36;33
TE352;11.01.2024;10;1.0;1012;40;979;40;33;40
TE352;11.01.2024;11;1.0;1014;41;983;41;31;41
TE352;11.01.2024;12;1.0;943;40;926;40;17;39
TE352;11.01.2024;13;1.0;915;40;894;40;21;42
TE352;11.01.2024;14;1.0;899;42;888;42;11;43
TE352;11.01.2024;15;1.0;966;40;948;40;18;40
TE352;11.01.2024;16;1.0;920;42;910;42;10;41
TE352;11.01.2024;17;1.0;922;40;906;40;16;40
TE352;11.01.2024;18;1.0;935;39;924;39;11;40
TE352;11.01.2024;19;1.0;805;42;792;42;13;42
TE352;11.01.2024;20;1.0;602;43;590;43;12;42
TE352;11.01.2024;21;1.0;504;43;501;43;3;41
TE352;11.01.2024;22;1.0;524;43;513;43;11;41
TE352;11.01.2024;23;1.0;380;46;372;46;8;45
TE352;12.01.2024;0;1.0;245;48;237;49;8;43
TE352;12.01.2024;1;1.0;189;50;186;50;3;49
TE352;12.01.2024;2;1.0;149;48;142;48;7;47
TE352;12.01.2024;3;1.0;148;44;139;44;9;45
TE352;12.01.2024;4;1.0;283;43;275;44;8;41
TE352;12.01.2024;5;1.0;623;43;588;43;35;42
TE352;12.01.2024;6;1.0;992;40;947;40;45;42
TE352;12.01.2024;7;1.0;1086;39;1057;39;29;40
TE352;12.01.2024;8;1.0;1141;38;1107;38;34;38
TE352;12.01.2024;9;1.0;1096;38;1072;38;24;37
TE352;12.01.2024;10;1.0;923;40;906;40;17;40
TE352;12.01.2024;11;1.0;946;40;920;40;26;39
TE352;12.01.2024;12;1.0;905;39;883;39;22;37
TE352;12.01.2024;13;1.0;969;39;958;39;11;39
TE352;12.01.2024;14;1.0;976;40;955;40;21;40
TE352;12.01.2024;15;1.0;956;40;946;40;10;39
TE352;12.01.2024;16;1.0;993;40;979;40;14;41
TE352;12.01.2024;17;1.0;1002;39;983;39;19;39
TE352;12.01.2024;18;1.0;947;41;936;41;11;41
TE352;12.01.2024;19;1.0;931;41;928;41;3;42
TE352;12.01.2024;20;1.0;715;42;700;42;15;40
TE352;12.01.2024;21;1.0;586;43;580;43;6;41
TE352;12.01.2024;22;1.0;576;43;567;43;9;42
TE352;12.01.2024;23;1.0;470;46;461;46;9;44
TE352;13.01.2024;0;1.0;438;47;429;47;9;48
TE352;13.01.2024;1;1.0;332;48;331;48;1;46
TE352;13.01.2024;2;1.0;281;46;277;46;4;46
TE352;13.01.2024;3;1.0;274;47;272;47;2;46
TE352;13.01.2024;4;1.0;245;47;238;47;7;45
TE352;13.01.2024;5;1.0;261;50;252;50;9;49
TE352;13.01.2024;6;1.0;257;48;249;48;8;46
TE352;13.01.2024;7;1.0;324;46;310;46;14;49
TE352;13.01.2024;8;1.0;494;45;484;45;10;44
TE352;13.01.2024;9;1.0;659;43;647;43;12;44
TE352;13.01.2024;10;1.0;668;40;649;40;19;43
TE352;13.01.2024;11;1.0;823;39;813;39;10;41
TE352;13.01.2024;12;1.0;805;38;788;38;17;35
TE352;13.01.2024;13;1.0;923;40;910;40;13;39
TE352;13.01.2024;14;1.0;909;39;897;39;12;39
TE352;13.01.2024;15;1.0;757;38;751;38;6;39
TE352;13.01.2024;16;1.0;604;29;586;30;18;18
TE352;13.01.2024;17;1.0;865;42;854;42;11;43
TE352;13.01.2024;18;1.0;931;42;919;42;12;40
TE352;13.01.2024;19;1.0;891;44;886;44;5;41
TE352;13.01.2024;20;1.0;791;42;783;42;8;40
TE352;13.01.2024;21;1.0;661;43;651;43;10;42
TE352;13.01.2024;22;1.0;733;43;724;43;9;42
TE352;13.01.2024;23;1.0;640;46;626;46;14;45
TE352;14.01.2024;0;1.0;593;45;581;45;12;44
TE352;14.01.2024;1;1.0;453;49;451;49;2;51
TE352;14.01.2024;2;1.0;342;47;341;47;1;43
TE352;14.01.2024;3;1.0;275;46;273;46;2;42
TE352;14.01.2024;4;1.0;245;47;244;47;1;47
TE352;14.01.2024;5;1.0;252;51;250;51;2;44
TE352;14.01.2024;6;1.0;206;50;195;50;11;46
TE352;14.01.2024;7;1.0;192;50;186;50;6;46
TE352;14.01.2024;8;1.0;281;48;270;49;11;45
TE352;14.01.2024;9;1.0;406;47;395;47;11;43
TE352;14.01.2024;10;1.0;564;44;558;44;6;45
TE352;14.01.2024;11;1.0;625;41;616;41;9;40
TE352;14.01.2024;12;1.0;720;40;707;40;13;41
TE352;14.01.2024;13;1.0;868;40;856;40;12;41
TE352;14.01.2024;14;1.0;983;41;970;41;13;40
TE352;14.01.2024;15;1.0;915;41;898;41;17;39
TE352;14.01.2024;16;1.0;822;42;801;42;21;42
TE352;14.01.2024;17;1.0;892;40;873;40;19;40
TE352;14.01.2024;18;1.0;842;42;834;42;8;41
TE352;14.01.2024;19;1.0;725;44;719;44;6;43
TE352;14.01.2024;20;1.0;467;44;460;44;7;43
TE352;14.01.2024;21;1.0;445;46;442;46;3;44
TE352;14.01.2024;22;1.0;472;47;465;47;7;42
TE352;14.01.2024;23;1.0;341;48;335;48;6;46
TE352;15.01.2024;0;1.0;218;50;215;50;3;46
TE352;15.01.2024;1;1.0;183;49;181;49;2;46
TE352;15.01.2024;2;1.0;119;47;114;47;5;45
TE352;15.01.2024;3;1.0;146;44;142;44;4;40
TE352;15.01.2024;4;1.0;242;43;221;43;21;43
TE352;15.01.2024;5;1.0;661;42;633;42;28;42
TE352;15.01.2024;6;1.0;1000;35;959;35;41;35
TE352;15.01.2024;7;1.0;951;37;916;37;35;37
TE352;15.01.2024;8;1.0;864;34;839;34;25;25
TE352;15.01.2024;9;1.0;515;30;488;30;27;23
TE352;15.01.2024;10;1.0;759;40;724;40;35;40
TE352;15.01.2024;11;1.0;641;41;620;41;21;42
TE352;15.01.2024;12;1.0;736;41;713;41;23;41
TE352;15.01.2024;13;1.0;682;40;669;40;13;41
TE352;15.01.2024;14;1.0;657;41;640;41;17;42
TE352;15.01.2024;15;1.0;819;42;797;42;22;45
TE352;15.01.2024;16;1.0;834;41;818;41;16;42
TE352;15.01.2024;17;1.0;852;43;833;43;19;42
TE352;15.01.2024;18;1.0;811;41;794;41;17;42
TE352;15.01.2024;19;1.0;769;42;758;42;11;42
TE352;15.01.2024;20;1.0;535;42;531;42;4;42
TE352;15.01.2024;21;1.0;490;43;482;43;8;42
TE352;15.01.2024;22;1.0;434;46;426;46;8;46
TE352;15.01.2024;23;1.0;280;46;272;46;8;44
TE352;16.01.2024;0;1.0;181;48;175;49;6;46
TE352;16.01.2024;1;1.0;149;46;145;46;4;41
TE352;16.01.2024;2;1.0;100;35;96;36;4;28
TE352;16.01.2024;3;1.0;133;37;127;37;6;36
TE352;16.01.2024;4;1.0;248;37;230;37;18;37
TE352;16.01.2024;5;1.0;626;40;604;40;22;40
TE352;16.01.2024;6;1.0;1014;34;965;34;49;33
TE352;16.01.2024;7;1.0;1121;34;1080;35;41;35
TE352;16.01.2024;8;1.0;987;25;933;26;54;24
TE352;16.01.2024;9;1.0;1079;33;1037;33;42;31
TE352;16.01.2024;10;1.0;967;36;926;36;41;34
TE352;16.01.2024;11;1.0;994;39;944;39;50;39
TE352;16.01.2024;12;1.0;964;38;919;37;45;42
TE352;16.01.2024;13;1.0;941;39;920;39;21;40
TE352;16.01.2024;14;1.0;897;40;867;40;30;40
TE352;16.01.2024;15;1.0;972;40;956;40;16;40
TE352;16.01.2024;16;1.0;968;40;958;40;10;42
TE352;16.01.2024;17;1.0;956;41;939;41;17;42
TE352;16.01.2024;18;1.0;1009;41;983;41;26;42
TE352;16.01.2024;19;1.0;839;43;829;43;10;43
TE352;16.01.2024;20;1.0;652;42;645;42;7;42
TE352;16.01.2024;21;1.0;591;42;579;42;12;40
TE352;16.01.2024;22;1.0;595;44;584;44;11;42
TE352;16.01.2024;23;1.0;371;46;362;46;9;45
TE352;17.01.2024;0;1.0;220;47;215;47;5;45
TE352;17.01.2024;1;1.0;165;47;160;47;5;46
TE352;17.01.2024;2;1.0;135;44;128;44;7;45
TE352;17.01.2024;3;1.0;141;43;130;43;11;39
TE352;17.01.2024;4;1.0;265;42;248;42;17;41
TE352;17.01.2024;5;1.0;636;43;608;43;28;41
TE352;17.01.2024;6;1.0;1083;38;1010;38;73;38
TE352;17.01.2024;7;1.0;1155;35;1084;35;71;35
TE352;17.01.2024;8;1.0;1051;31;1014;31;37;31
TE352;17.01.2024;9;1.0;1014;35;948;35;66;34
TE352;17.01.2024;10;1.0;1038;40;985;40;53;41
TE352;17.01.2024;11;1.0;1049;35;994;35;55;36
TE352;17.01.2024;12;1.0;934;39;910;39;24;41
TE352;17.01.2024;13;1.0;956;38;919;38;37;38
TE352;17.01.2024;14;1.0;991;39;962;39;29;39
TE352;17.01.2024;15;1.0;999;39;977;39;22;41
TE352;17.01.2024;16;1.0;925;40;904;40;21;40
TE352;17.01.2024;17;1.0;981;40;960;40;21;40
TE352;17.01.2024;18;1.0;885;42;866;42;19;43
TE352;17.01.2024;19;1.0;807;42;799;42;8;41
TE352;17.01.2024;20;1.0;661;43;653;43;8;41
TE352;17.01.2024;21;1.0;531;43;526;43;5;43
TE352;17.01.2024;22;1.0;490;46;486;46;4;48
TE352;17.01.2024;23;1.0;343;47;337;47;6;48
TE352;18.01.2024;0;1.0;255;47;252;47;3;48
TE352;18.01.2024;1;1.0;164;47;159;47;5;47
TE352;18.01.2024;2;1.0;157;46;154;46;3;40
TE352;18.01.2024;3;1.0;154;43;147;43;7;42
TE352;18.01.2024;4;1.0;268;41;253;40;15;41
TE352;18.01.2024;5;1.0;640;42;601;42;39;42
TE352;18.01.2024;6;1.0;1103;38;1031;38;72;38
TE352;18.01.2024;7;1.0;1163;38;1104;38;59;37
TE352;18.01.2024;8;1.0;1181;34;1136;34;45;34
TE352;18.01.2024;9;1.0;1044;31;991;31;53;33
TE352;18.01.2024;10;1.0;960;39;933;39;27;40
TE352;18.01.2024;11;1.0;1028;39;990;39;38;40
TE352;18.01.2024;12;1.0;912;40;873;40;39;38
TE352;18.01.2024;13;1.0;961;39;932;39;29;40
TE352;18.01.2024;14;1.0;983;39;952;40;31;39
TE352;18.01.2024;15;1.0;978;39;956;39;22;40
TE352;18.01.2024;16;1.0;1011;36;985;36;26;33
TE352;18.01.2024;17;1.0;975;39;956;39;19;40
TE352;18.01.2024;18;1.0;985;40;968;40;17;38
TE352;18.01.2024;19;1.0;778;41;763;41;15;42
TE352;18.01.2024;20;1.0;703;40;688;40;15;39
TE352;18.01.2024;21;1.0;650;41;634;41;16;41
TE352;18.01.2024;22;1.0;660;42;647;42;13;43
TE352;18.01.2024;23;1.0;432;44;421;44;11;45
TE352;19.01.2024;0;1.0;302;46;296;46;6;50
TE352;19.01.2024;1;1.0;225;47;220;47;5;46
TE352;19.01.2024;2;1.0;190;45;185;45;5;44
TE352;19.01.2024;3;1.0;183;44;173;44;10;43
TE352;19.01.2024;4;1.0;236;40;222;40;14;42
TE352;19.01.2024;5;1.0;568;43;524;43;44;43
TE352;19.01.2024;6;1.0;1042;38;960;38;82;39
TE352;19.01.2024;7;1.0;1124;35;1040;35;84;35
TE352;19.01.2024;8;1.0;1102;31;1018;31;84;31
TE352;19.01.2024;9;1.0;934;37;885;37;49;36
TE352;19.01.2024;10;1.0;980;36;923;36;57;35
TE352;19.01.2024;11;1.0;847;38;791;38;56;39
TE352;19.01.2024;12;1.0;920;38;872;38;48;38
TE352;19.01.2024;13;1.0;929;38;882;38;47;39
TE352;19.01.2024;14;1.0;929;39;893;39;36;39
TE352;19.01.2024;15;1.0;922;39;900;39;22;40
TE352;19.01.2024;16;1.0;933;40;907;40;26;41
TE352;19.01.2024;17;1.0;938;40;922;40;16;38
TE352;19.01.2024;18;1.0;982;41;959;41;23;42
TE352;19.01.2024;19;1.0;798;42;783;41;15;45
TE352;19.01.2024;20;1.0;691;40;674;40;17;40
TE352;19.01.2024;21;1.0;671;41;657;41;14;39
TE352;19.01.2024;22;1.0;698;41;681;41;17;42
TE352;19.01.2024;23;1.0;541;42;525;42;16;45
TE352;20.01.2024;0;1.0;491;45;476;45;15;43
TE352;20.01.2024;1;1.0;341;47;335;47;6;49
TE352;20.01.2024;2;1.0;279;44;273;44;6;46
TE352;20.01.2024;3;1.0;281;43;280;43;1;49
TE352;20.01.2024;4;1.0;237;45;235;45;2;45
TE352;20.01.2024;5;1.0;290;46;283;45;7;45
TE352;20.01.2024;6;1.0;304;45;284;44;20;45
TE352;20.01.2024;7;1.0;350;43;329;43;21;44
TE352;20.01.2024;8;1.0;524;43;506;43;18;40
TE352;20.01.2024;9;1.0;686;43;650;43;36;43
TE352;20.01.2024;10;1.0;751;40;725;40;26;40
TE352;20.01.2024;11;1.0;816;41;797;41;19;42
TE352;20.01.2024;12;1.0;666;39;658;39;8;42
TE352;20.01.2024;14;1.0;573;34;565;34;8;35
TE352;20.01.2024;15;1.0;882;40;863;40;19;41
TE352;20.01.2024;16;1.0;915;39;899;39;16;38
TE352;20.01.2024;17;1.0;934;38;911;38;23;38
TE352;20.01.2024;18;1.0;866;40;850;40;16;39
TE352;20.01.2024;19;1.0;849;40;830;40;19;39
TE352;20.01.2024;20;1.0;753;41;732;41;21;41
TE352;20.01.2024;21;1.0;709;40;690;40;19;41
TE352;20.01.2024;22;1.0;712;42;692;42;20;41
TE352;20.01.2024;23;1.0;682;42;664;42;18;42
TE352;21.01.2024;0;1.0;519;44;511;44;8;44
TE352;21.01.2024;1;1.0;407;45;403;45;4;39
TE352;21.01.2024;2;1.0;327;43;324;43;3;36
TE352;21.01.2024;3;1.0;283;45;281;45;2;40
TE352;21.01.2024;4;1.0;290;44;288;44;2;40
TE352;21.01.2024;5;1.0;268;48;266;48;2;51
TE352;21.01.2024;6;1.0;234;49;225;49;9;48
TE352;21.01.2024;7;1.0;210;46;203;46;7;44
TE352;21.01.2024;8;1.0;327;44;317;44;10;42
TE352;21.01.2024;9;1.0;486;43;472;43;14;43
TE352;21.01.2024;10;1.0;641;42;610;42;31;42
TE352;21.01.2024;11;1.0;695;42;684;42;11;45
TE352;21.01.2024;12;1.0;721;40;705;40;16;42
TE352;21.01.2024;13;1.0;797;40;776;40;21;41
TE352;21.01.2024;14;1.0;864;39;844;39;20;38
TE352;21.01.2024;15;1.0;843;40;826;40;17;41
TE352;21.01.2024;16;1.0;973;38;936;38;37;38
TE352;21.01.2024;17;1.0;949;39;924;40;25;39
TE352;21.01.2024;18;1.0;814;41;800;41;14;41
TE352;21.01.2024;19;1.0;683;42;668;42;15;41
TE352;21.01.2024;20;1.0;564;42;556;42;8;41
TE352;21.01.2024;21;1.0;460;44;447;44;13;43
TE352;21.01.2024;22;1.0;373;41;365;41;8;39
TE352;21.01.2024;23;1.0;271;45;265;45;6;39
TE352;22.01.2024;0;1.0;201;47;195;47;6;44
TE352;22.01.2024;1;1.0;143;47;137;47;6;43
TE352;22.01.2024;2;1.0;114;45;105;45;9;41
TE352;22.01.2024;3;1.0;140;43;122;44;18;44
TE352;22.01.2024;4;1.0;215;43;196;43;19;45
TE352;22.01.2024;5;1.0;637;43;590;43;47;42
TE352;22.01.2024;6;1.0;1014;38;930;38;84;38
TE352;22.01.2024;7;1.0;1152;35;1064;35;88;34
TE352;22.01.2024;8;1.0;1110;32;1018;32;92;31
TE352;22.01.2024;9;1.0;1110;32;1028;32;82;32
TE352;22.01.2024;10;1.0;1052;35;1010;35;42;33
TE352;22.01.2024;11;1.0;948;40;912;40;36;40
TE352;22.01.2024;12;1.0;916;33;832;33;84;32
TE352;22.01.2024;13;1.0;970;38;906;38;64;38
TE352;22.01.2024;14;1.0;1138;38;1084;38;54;38
TE352;22.01.2024;15;1.0;1051;37;998;37;53;37
TE352;22.01.2024;16;1.0;964;38;929;38;35;38
TE352;22.01.2024;17;1.0;950;39;915;39;35;39
TE352;22.01.2024;18;1.0;908;40;889;40;19;39
TE352;22.01.2024;19;1.0;735;39;723;39;12;41
TE352;22.01.2024;20;1.0;558;40;545;41;13;38
TE352;22.01.2024;21;1.0;473;41;465;41;8;39
TE352;22.01.2024;22;1.0;395;44;386;44;9;43
TE352;22.01.2024;23;1.0;303;44;294;45;9;42
TE352;23.01.2024;0;1.0;200;46;192;46;8;43
TE352;23.01.2024;1;1.0;122;45;115;45;7;43
TE352;23.01.2024;2;1.0;129;44;120;44;9;41
TE352;23.01.2024;3;1.0;128;42;122;42;6;40
TE352;23.01.2024;4;1.0;223;40;208;40;15;38
TE352;23.01.2024;5;1.0;597;42;561;42;36;42
TE352;23.01.2024;6;1.0;986;35;917;35;69;31
TE352;23.01.2024;7;1.0;1090;35;1017;35;73;36
TE352;23.01.2024;8;1.0;1155;34;1090;34;65;32
TE352;23.01.2024;9;1.0;1132;35;1052;35;80;36
TE352;23.01.2024;10;1.0;1014;37;934;37;80;37
TE352;23.01.2024;11;1.0;1000;38;944;38;56;38
TE352;23.01.2024;12;1.0;978;37;915;37;63;36
TE352;23.01.2024;13;1.0;954;39;916;39;38;38
TE352;23.01.2024;14;1.0;950;39;913;39;37;39
TE352;23.01.2024;15;1.0;971;38;946;38;25;39
TE352;23.01.2024;16;1.0;988;39;953;39;35;38
TE352;23.01.2024;17;1.0;935;31;912;31;23;31
TE352;23.01.2024;18;1.0;905;38;879;38;26;38
TE352;23.01.2024;19;1.0;776;39;757;39;19;38
TE352;23.01.2024;20;1.0;584;40;570;40;14;39
TE352;23.01.2024;21;1.0;530;41;515;41;15;40
TE352;23.01.2024;22;1.0;462;43;452;43;10;43
TE352;23.01.2024;23;1.0;311;44;305;44;6;44
TE352;24.01.2024;0;1.0;184;50;182;50;2;41
TE352;24.01.2024;1;1.0;118;51;114;51;4;52
TE352;24.01.2024;2;1.0;116;47;110;47;6;48
TE352;24.01.2024;3;1.0;133;44;127;45;6;42
TE352;24.01.2024;4;1.0;216;41;197;41;19;38
TE352;24.01.2024;5;1.0;711;42;677;42;34;41
TE352;24.01.2024;6;1.0;1030;39;975;39;55;39
TE352;24.01.2024;7;1.0;1140;34;1051;34;89;35
TE352;24.01.2024;8;1.0;1204;31;1168;31;36;31
TE352;24.01.2024;9;1.0;1131;35;1070;35;61;34
TE352;24.01.2024;10;1.0;1090;39;1047;39;43;38
TE352;24.01.2024;11;1.0;1045;39;963;39;82;39
TE352;24.01.2024;12;1.0;990;37;929;37;61;37
TE352;24.01.2024;13;1.0;1035;38;977;38;58;38
TE352;24.01.2024;14;1.0;937;40;896;40;41;40
TE352;24.01.2024;15;1.0;1011;39;979;39;32;40
TE352;24.01.2024;16;1.0;960;40;939;40;21;40
TE352;24.01.2024;17;1.0;1032;39;1003;39;29;39
TE352;24.01.2024;18;1.0;968;38;943;38;25;39
TE352;24.01.2024;19;1.0;856;40;835;40;21;38
TE352;24.01.2024;20;1.0;623;41;593;41;30;40
TE352;24.01.2024;21;1.0;553;41;536;42;17;43
TE352;24.01.2024;22;1.0;477;41;462;41;15;41
TE352;24.01.2024;23;1.0;366;44;359;44;7;44
TE352;25.01.2024;0;1.0;234;46;224;46;10;46
TE352;25.01.2024;1;1.0;192;44;184;45;8;41
TE352;25.01.2024;2;1.0;154;43;143;43;11;38
TE352;25.01.2024;3;1.0;151;42;142;42;9;40
TE352;25.01.2024;4;1.0;252;40;228;40;24;40
TE352;25.01.2024;5;1.0;696;41;649;41;47;42
TE352;25.01.2024;6;1.0;1059;37;1014;37;45;37
TE352;25.01.2024;7;1.0;1169;33;1093;33;76;32
TE352;25.01.2024;8;1.0;1134;31;1075;31;59;32
TE352;25.01.2024;9;1.0;1072;31;1006;31;66;31
TE352;25.01.2024;10;1.0;1075;39;1028;39;47;37
TE352;25.01.2024;11;1.0;975;41;938;41;37;39
TE352;25.01.2024;12;1.0;975;39;946;39;29;40
TE352;25.01.2024;13;1.0;989;40;961;40;28;40
TE352;25.01.2024;14;1.0;996;38;975;38;21;37
TE352;25.01.2024;15;1.0;1068;40;1046;40;22;40
TE352;25.01.2024;16;1.0;1025;38;1014;38;11;39
TE352;25.01.2024;17;1.0;1026;39;1011;39;15;39
TE352;25.01.2024;18;1.0;1021;41;1006;41;15;40
TE352;25.01.2024;19;1.0;920;42;905;42;15;40
TE352;25.01.2024;20;1.0;650;42;635;42;15;42
TE352;25.01.2024;21;1.0;545;42;529;42;16;42
TE352;25.01.2024;22;1.0;572;39;557;39;15;39
TE352;25.01.2024;23;1.0;418;41;396;41;22;41
TE352;26.01.2024;0;1.0;284;43;276;43;8;38
TE352;26.01.2024;1;1.0;206;46;201;46;5;41
TE352;26.01.2024;2;1.0;169;41;163;41;6;42
TE352;26.01.2024;3;1.0;153;41;145;41;8;44
TE352;26.01.2024;4;1.0;258;41;235;41;23;41
TE352;26.01.2024;5;1.0;636;43;609;43;27;43
TE352;26.01.2024;6;1.0;1036;39;964;39;72;38
TE352;26.01.2024;7;1.0;1193;36;1116;36;77;37
TE352;26.01.2024;8;1.0;1147;36;1093;36;54;35
TE352;26.01.2024;9;1.0;1122;38;1079;38;43;38
TE352;26.01.2024;10;1.0;964;41;936;41;28;41
TE352;26.01.2024;11;1.0;1039;41;1016;41;23;39
TE352;26.01.2024;12;1.0;583;36;564;36;18;30
TE352;26.01.2024;13;1.0;586;36;578;36;8;24
TE352;26.01.2024;14;1.0;914;34;885;34;29;26
TE352;26.01.2024;15;1.0;943;40;925;40;18;40
TE352;26.01.2024;16;1.0;962;40;949;40;13;39
TE352;26.01.2024;17;1.0;936;39;913;39;23;39
TE352;26.01.2024;18;1.0;1002;40;983;40;19;39
TE352;26.01.2024;19;1.0;982;41;964;41;18;41
TE352;26.01.2024;20;1.0;721;39;689;39;32;39
TE352;26.01.2024;21;1.0;654;39;628;40;26;38
TE352;26.01.2024;22;1.0;564;39;546;39;18;40
TE352;26.01.2024;23;1.0;580;42;562;42;18;42
TE352;27.01.2024;0;1.0;487;42;478;42;9;40
TE352;27.01.2024;1;1.0;378;44;373;44;5;47
TE352;27.01.2024;2;1.0;308;43;306;43;2;36
TE352;27.01.2024;3;1.0;258;43;253;43;5;44
TE352;27.01.2024;4;1.0;267;43;263;44;4;42
TE352;27.01.2024;5;1.0;316;44;304;44;12;39
TE352;27.01.2024;6;1.0;286;46;272;46;14;43
TE352;27.01.2024;7;1.0;380;43;368;43;12;44
TE352;27.01.2024;8;1.0;523;44;513;44;10;44
TE352;27.01.2024;9;1.0;719;43;692;43;27;43
TE352;27.01.2024;10;1.0;750;42;735;42;15;43
TE352;27.01.2024;11;1.0;821;41;804;41;17;42
TE352;27.01.2024;12;1.0;928;40;912;40;16;40
TE352;27.01.2024;13;1.0;305;40;282;41;23;41
TE352;27.01.2024;14;1.0;899;38;870;38;29;39
TE352;27.01.2024;15;1.0;952;38;923;38;29;39
TE352;27.01.2024;16;1.0;961;38;924;38;37;38
TE352;27.01.2024;17;1.0;1063;34;1022;34;41;34
TE352;27.01.2024;18;1.0;1028;37;1005;37;23;36
TE352;27.01.2024;19;1.0;878;38;860;38;18;36
TE352;27.01.2024;20;1.0;805;39;780;39;25;39
TE352;27.01.2024;21;1.0;637;39;621;39;16;40
TE352;27.01.2024;22;1.0;717;38;699;38;18;38
TE352;27.01.2024;23;1.0;608;41;596;41;12;40
TE352;28.01.2024;0;1.0;545;41;531;41;14;42
TE352;28.01.2024;1;1.0;426;45;421;45;5;45
TE352;28.01.2024;2;1.0;350;42;346;43;4;40
TE352;28.01.2024;3;1.0;312;41;311;41;1;44
TE352;28.01.2024;4;1.0;254;42;251;42;3;51
TE352;28.01.2024;5;1.0;275;47;274;47;1;49
TE352;28.01.2024;6;1.0;212;45;202;45;10;44
TE352;28.01.2024;7;1.0;241;38;233;38;8;39
TE352;28.01.2024;8;1.0;314;43;307;43;7;44
TE352;28.01.2024;9;1.0;492;41;475;41;17;41
TE352;28.01.2024;10;1.0;651;40;624;40;27;42
TE352;28.01.2024;11;1.0;707;38;679;38;28;40
TE352;28.01.2024;12;1.0;817;38;793;38;24;40
TE352;28.01.2024;13;1.0;1012;38;973;38;39;38
TE352;28.01.2024;14;1.0;958;38;940;38;18;36
TE352;28.01.2024;15;1.0;1004;38;976;38;28;38
TE352;28.01.2024;16;1.0;1004;37;980;37;24;38
TE352;28.01.2024;17;1.0;941;38;919;38;22;38
TE352;28.01.2024;18;1.0;906;38;893;38;13;38
TE352;28.01.2024;19;1.0;692;39;680;39;12;40
TE352;28.01.2024;20;1.0;586;40;574;40;12;40
TE352;28.01.2024;21;1.0;488;42;474;42;14;44
TE352;28.01.2024;22;1.0;384;42;377;42;7;40
TE352;28.01.2024;23;1.0;293;42;286;42;7;43
TE352;29.01.2024;0;1.0;175;45;167;45;8;42
TE352;29.01.2024;1;1.0;152;45;141;44;11;44
TE352;29.01.2024;2;1.0;138;44;125;44;13;44
TE352;29.01.2024;3;1.0;141;39;132;40;9;39
TE352;29.01.2024;4;1.0;277;39;252;39;25;39
TE352;29.01.2024;5;1.0;644;40;589;40;55;40
TE352;29.01.2024;6;1.0;1068;37;1002;37;66;37
TE352;29.01.2024;7;1.0;1138;32;1059;32;79;32
TE352;29.01.2024;8;1.0;1157;32;1071;32;86;31
TE352;29.01.2024;9;1.0;1078;34;997;34;81;32
TE352;29.01.2024;10;1.0;922;33;774;33;148;32
TE352;29.01.2024;11;1.0;889;28;732;28;157;27
TE352;29.01.2024;12;1.0;887;37;840;37;47;38
TE352;29.01.2024;13;1.0;932;37;878;38;54;38
TE352;29.01.2024;14;1.0;900;40;848;40;52;39
TE352;29.01.2024;15;1.0;984;38;949;38;35;37
TE352;29.01.2024;16;1.0;955;38;923;38;32;38
TE352;29.01.2024;17;1.0;974;38;950;38;24;38
TE352;29.01.2024;18;1.0;849;38;820;38;29;38
TE352;29.01.2024;19;1.0;695;40;680;40;15;40
TE352;29.01.2024;20;1.0;578;40;565;40;13;39
TE352;29.01.2024;21;1.0;420;41;411;41;9;40
TE352;29.01.2024;22;1.0;323;42;314;42;9;41
TE352;29.01.2024;23;1.0;279;46;267;46;12;43
TE352;30.01.2024;0;1.0;171;45;161;45;10;43
TE352;30.01.2024;1;1.0;113;45;107;45;6;42
TE352;30.01.2024;2;1.0;126;42;108;42;18;40
TE352;30.01.2024;3;1.0;127;42;122;42;5;40
TE352;30.01.2024;4;1.0;228;40;217;40;11;37
TE352;30.01.2024;5;1.0;615;43;583;43;32;42
TE352;30.01.2024;6;1.0;996;35;918;35;78;33
TE352;30.01.2024;7;1.0;1203;34;1105;34;98;33
TE352;30.01.2024;8;1.0;1169;31;1099;31;70;30
TE352;30.01.2024;9;1.0;1132;34;1046;34;86;33
TE352;30.01.2024;10;1.0;998;38;932;38;66;37
TE352;30.01.2024;11;1.0;966;39;897;39;69;38
TE352;30.01.2024;12;1.0;953;39;889;39;64;38
TE352;30.01.2024;13;1.0;969;38;927;38;42;40
TE352;30.01.2024;14;1.0;907;41;882;41;25;40
TE352;30.01.2024;15;1.0;959;40;931;40;28;40
TE352;30.01.2024;16;1.0;1000;38;975;39;25;37
TE352;30.01.2024;17;1.0;984;37;965;37;19;37
TE352;30.01.2024;18;1.0;864;40;850;40;14;39
TE352;30.01.2024;19;1.0;787;40;761;40;26;40
TE352;30.01.2024;20;1.0;563;40;547;40;16;39
TE352;30.01.2024;21;1.0;467;42;459;42;8;39
TE352;30.01.2024;22;1.0;414;43;405;43;9;44
TE352;30.01.2024;23;1.0;294;45;287;45;7;42
TE352;31.01.2024;0;1.0;182;45;176;45;6;42
TE352;31.01.2024;1;1.0;149;48;140;48;9;41
TE352;31.01.2024;2;1.0;133;42;124;42;9;39
TE352;31.01.2024;3;1.0;145;42;131;43;14;40
TE352;31.01.2024;4;1.0;249;41;230;41;19;40
TE352;31.01.2024;5;1.0;659;42;628;42;31;43
TE352;31.01.2024;6;1.0;978;39;927;39;51;39
TE352;31.01.2024;7;1.0;1158;37;1107;37;51;35
TE352;31.01.2024;8;1.0;1121;31;1070;31;51;31
TE352;31.01.2024;9;1.0;1117;35;1060;35;57;34
TE352;31.01.2024;10;1.0;1064;37;1004;37;60;39
TE352;31.01.2024;11;1.0;969;39;938;39;31;39
TE352;31.01.2024;12;1.0;968;39;912;39;56;38
TE352;31.01.2024;13;1.0;916;37;874;37;42;37
TE352;31.01.2024;14;1.0;968;40;940;40;28;40
TE352;31.01.2024;15;1.0;950;40;932;40;18;40
TE352;31.01.2024;16;1.0;943;38;927;38;16;39
TE352;31.01.2024;17;1.0;960;39;946;39;14;38
TE352;31.01.2024;18;1.0;965;41;945;41;20;40
TE352;31.01.2024;19;1.0;870;41;860;41;10;44
TE352;31.01.2024;20;1.0;592;42;582;42;10;40
TE352;31.01.2024;21;1.0;516;43;509;43;7;41
TE352;31.01.2024;22;1.0;464;44;456;44;8;44
TE352;31.01.2024;23;1.0;346;47;339;47;7;48
TE354;01.01.2024;10;1.0;83;47;82;47;1;49
TE354;01.01.2024;11;1.0;112;41;112;41;0;-1
TE354;01.01.2024;12;1.0;140;39;140;39;0;-1
TE354;01.01.2024;13;1.0;138;44;137;43;1;49
TE354;01.01.2024;14;1.0;149;42;149;42;0;-1
TE354;01.01.2024;15;1.0;165;42;163;42;2;49
TE354;01.01.2024;16;1.0;186;43;179;43;7;39
TE354;01.01.2024;17;1.0;188;43;186;43;2;47
TE354;01.01.2024;18;1.0;152;44;152;44;0;-1
TE354;01.01.2024;19;1.0;122;48;122;48;0;-1
TE354;01.01.2024;20;1.0;129;47;128;47;1;47
TE354;01.01.2024;21;1.0;108;43;108;43;0;-1
TE354;01.01.2024;22;1.0;77;45;76;45;1;43
TE354;01.01.2024;23;1.0;68;44;68;44;0;-1
TE354;02.01.2024;0;1.0;31;47;31;47;0;-1
TE354;02.01.2024;1;1.0;40;50;40;50;0;-1
TE354;02.01.2024;2;1.0;18;41;18;41;0;-1
TE354;08.01.2024;10;1.0;200;42;192;42;8;40
TE354;08.01.2024;11;1.0;212;43;209;43;3;43
TE354;08.01.2024;12;1.0;231;41;225;41;6;42
TE354;08.01.2024;13;1.0;203;40;197;40;6;40
TE354;08.01.2024;14;1.0;196;41;193;41;3;40
TE354;08.01.2024;15;1.0;214;38;212;38;2;42
TE355;01.01.2024;0;1.0;194;43;194;43;0;-1
TE355;01.01.2024;1;1.0;276;43;271;43;5;44
TE355;01.01.2024;2;1.0;201;46;200;46;1;44
TE355;01.01.2024;3;1.0;148;47;146;47;2;44
TE355;01.01.2024;4;1.0;127;48;126;48;1;50
TE355;01.01.2024;5;1.0;151;48;149;48;2;42
TE355;01.01.2024;6;1.0;98;49;97;49;1;42
TE355;01.01.2024;7;1.0;86;48;85;48;1;47
TE355;01.01.2024;8;1.0;61;47;61;47;0;-1
TE355;01.01.2024;9;1.0;77;49;76;48;1;53
TE355;01.01.2024;10;1.0;73;41;69;41;4;36
TE355;01.01.2024;11;1.0;129;45;126;45;3;44
TE355;01.01.2024;12;1.0;149;43;147;43;2;45
TE355;01.01.2024;13;1.0;161;42;153;42;8;43
TE355;01.01.2024;14;1.0;189;43;189;43;0;-1
TE355;01.01.2024;15;1.0;169;40;162;39;7;40
TE355;01.01.2024;16;1.0;167;30;163;30;4;26
TE355;01.01.2024;17;1.0;160;41;156;41;4;47
TE355;01.01.2024;18;1.0;163;44;159;44;4;47
TE355;01.01.2024;19;1.0;157;44;157;44;0;-1
TE355;01.01.2024;20;1.0;115;43;112;43;3;48
TE355;01.01.2024;21;1.0;117;44;114;44;3;43
TE355;01.01.2024;22;1.0;100;44;97;44;3;42
TE355;01.01.2024;23;1.0;62;46;62;46;0;-1
TE355;02.01.2024;0;1.0;47;45;46;45;1;45
TE355;02.01.2024;1;1.0;38;47;38;47;0;-1
TE355;02.01.2024;2;1.0;23;46;22;45;1;57
TE355;02.01.2024;3;1.0;35;49;34;49;1;57
TE355;02.01.2024;4;1.0;30;42;30;42;0;-1
TE355;02.01.2024;5;1.0;100;45;97;45;3;51
TE355;02.01.2024;6;1.0;106;46;105;46;1;44
TE355;02.01.2024;7;1.0;156;41;152;41;4;40
TE355;02.01.2024;8;1.0;177;41;172;41;5;38
TE355;02.01.2024;9;1.0;183;41;179;41;4;39
TE355;02.01.2024;10;1.0;215;40;211;40;4;40
TE355;02.01.2024;11;1.0;220;41;217;41;3;36
TE355;02.01.2024;12;1.0;238;39;236;39;2;35
TE355;02.01.2024;13;1.0;222;40;220;40;2;35
TE355;02.01.2024;14;1.0;228;41;222;41;6;40
TE355;02.01.2024;15;1.0;231;39;225;39;6;39
TE355;02.01.2024;16;1.0;251;38;249;38;2;44
TE355;02.01.2024;17;1.0;215;42;211;42;4;43
TE355;02.01.2024;18;1.0;197;40;192;40;5;38
TE355;02.01.2024;19;1.0;192;40;191;40;1;41
TE355;02.01.2024;20;1.0;143;41;142;41;1;37
TE355;02.01.2024;21;1.0;115;46;114;46;1;45
TE355;02.01.2024;22;1.0;112;44;111;44;1;45
TE355;02.01.2024;23;1.0;111;46;110;46;1;41
TE355;03.01.2024;0;1.0;61;44;61;44;0;-1
TE355;03.01.2024;1;1.0;51;48;51;48;0;-1
TE355;03.01.2024;2;1.0;33;46;33;46;0;-1
TE355;03.01.2024;3;1.0;59;40;59;40;0;-1
TE355;03.01.2024;4;1.0;22;37;20;38;1;51
TE355;03.01.2024;5;1.0;101;40;97;40;4;36
TE355;03.01.2024;6;1.0;116;41;111;41;4;46
TE355;03.01.2024;7;1.0;128;33;125;33;4;23
TE355;03.01.2024;8;1.0;173;34;163;34;10;31
TE355;03.01.2024;9;1.0;188;34;184;34;5;34
TE355;03.01.2024;10;1.0;203;31;191;31;12;29
TE355;03.01.2024;11;1.0;209;29;201;29;8;28
TE355;03.01.2024;12;1.0;188;30;179;30;10;32
TE355;03.01.2024;13;1.0;191;29;182;29;8;31
TE355;03.01.2024;14;1.0;181;32;172;32;10;27
TE355;03.01.2024;15;1.0;233;29;221;29;12;27
TE355;03.01.2024;17;1.0;190;30;176;30;13;26
TE355;03.01.2024;19;1.0;155;33;151;33;4;27
TE355;03.01.2024;20;1.0;154;34;150;34;4;30
TE355;03.01.2024;22;1.0;114;35;110;36;4;30
TE355;03.01.2024;23;1.0;68;35;64;35;5;29
TE355;04.01.2024;0;1.0;55;38;55;38;0;-1
TE355;04.01.2024;1;1.0;28;42;28;42;0;-1
TE355;04.01.2024;2;1.0;28;40;28;40;0;-1
TE355;04.01.2024;3;1.0;19;46;19;46;0;-1
TE355;04.01.2024;4;1.0;18;47;18;47;0;-1
TE355;04.01.2024;5;1.0;83;44;83;44;0;-1
TE355;04.01.2024;6;1.0;91;46;88;46;3;44
TE355;04.01.2024;7;1.0;133;42;132;42;1;47
TE355;04.01.2024;8;1.0;181;40;178;40;3;40
TE355;04.01.2024;9;1.0;199;38;195;38;3;46
TE355;04.01.2024;10;1.0;212;36;201;36;11;37
TE355;04.01.2024;11;1.0;215;37;209;37;6;38
TE355;04.01.2024;12;1.0;183;37;178;37;5;36
TE355;04.01.2024;13;1.0;215;38;204;38;11;35
TE355;04.01.2024;14;1.0;219;37;211;38;8;34
TE355;04.01.2024;15;1.0;231;37;228;37;3;45
TE355;04.01.2024;16;1.0;218;39;210;39;8;37
TE355;04.01.2024;17;1.0;222;36;219;36;3;40
TE355;04.01.2024;18;1.0;214;37;208;37;5;41
TE355;04.01.2024;19;1.0;162;37;156;37;6;39
TE355;04.01.2024;20;1.0;133;41;130;41;3;41
TE355;04.01.2024;21;1.0;108;47;108;47;0;-1
TE355;04.01.2024;22;1.0;105;45;105;45;0;-1
TE355;04.01.2024;23;1.0;98;43;98;43;0;-1
TE355;05.01.2024;0;1.0;58;49;58;49;0;-1
TE355;05.01.2024;1;1.0;30;49;30;49;0;-1
TE355;05.01.2024;2;1.0;29;50;28;50;1;43
TE355;05.01.2024;3;1.0;16;52;16;52;0;-1
TE355;05.01.2024;4;1.0;19;47;19;47;0;-1
TE355;05.01.2024;5;1.0;79;44;77;45;1;42
TE355;05.01.2024;6;1.0;89;48;83;47;6;50
TE355;05.01.2024;7;1.0;122;45;116;45;6;47
TE355;05.01.2024;8;1.0;153;44;150;44;3;47
TE355;05.01.2024;9;1.0;175;39;175;39;0;-1
TE355;05.01.2024;10;1.0;197;42;192;41;5;44
TE355;05.01.2024;11;1.0;185;42;180;42;5;40
TE355;05.01.2024;12;1.0;218;42;216;42;2;39
TE355;05.01.2024;13;1.0;225;43;224;43;1;45
TE355;05.01.2024;14;1.0;227;41;223;41;4;44
TE355;05.01.2024;15;1.0;221;42;212;42;9;38
TE355;05.01.2024;16;1.0;202;40;200;40;2;33
TE355;05.01.2024;17;1.0;222;39;221;39;1;32
TE355;05.01.2024;18;1.0;188;41;184;41;4;40
TE355;05.01.2024;19;1.0;163;45;163;45;0;-1
TE355;05.01.2024;20;1.0;135;42;134;42;1;34
TE355;05.01.2024;21;1.0;114;44;113;44;1;36
TE355;05.01.2024;22;1.0;122;45;122;45;0;-1
TE355;05.01.2024;23;1.0;95;49;95;49;0;-1
TE355;06.01.2024;0;1.0;97;46;95;46;2;36
TE355;06.01.2024;1;1.0;68;41;68;41;0;-1
TE355;06.01.2024;2;1.0;54;49;54;49;0;-1
TE355;06.01.2024;3;1.0;37;50;37;50;0;-1
TE355;06.01.2024;4;1.0;33;51;33;51;0;-1
TE355;06.01.2024;5;1.0;46;51;46;51;0;-1
TE355;06.01.2024;6;1.0;50;46;50;46;0;-1
TE355;06.01.2024;7;1.0;46;43;44;43;2;53
TE355;06.01.2024;8;1.0;65;47;64;47;1;53
TE355;06.01.2024;9;1.0;103;44;100;44;3;36
TE355;06.01.2024;10;1.0;153;42;146;42;7;39
TE355;06.01.2024;11;1.0;177;37;175;37;2;39
TE355;06.01.2024;12;1.0;144;40;142;40;2;37
TE355;06.01.2024;13;1.0;160;42;157;42;3;42
TE355;06.01.2024;14;1.0;191;43;189;43;2;44
TE355;06.01.2024;15;1.0;207;40;206;40;1;38
TE355;06.01.2024;16;1.0;195;39;192;39;3;34
TE355;06.01.2024;17;1.0;192;35;189;35;3;32
TE355;06.01.2024;18;1.0;192;41;186;41;6;40
TE355;06.01.2024;19;1.0;163;40;160;40;3;34
TE355;06.01.2024;20;1.0;166;41;163;41;3;44
TE355;06.01.2024;21;1.0;121;44;121;44;0;-1
TE355;06.01.2024;22;1.0;162;46;161;46;1;45
TE355;06.01.2024;23;1.0;130;46;130;46;0;-1
TE355;07.01.2024;0;1.0;102;48;102;48;0;-1
TE355;07.01.2024;1;1.0;84;50;84;50;0;-1
TE355;07.01.2024;2;1.0;59;51;59;51;0;-1
TE355;07.01.2024;3;1.0;38;49;38;49;0;-1
TE355;07.01.2024;4;1.0;47;44;47;44;0;-1
TE355;07.01.2024;5;1.0;49;46;49;46;0;-1
TE355;07.01.2024;6;1.0;34;43;34;43;0;-1
TE355;07.01.2024;7;1.0;40;44;40;44;0;-1
TE355;07.01.2024;8;1.0;55;41;55;41;0;-1
TE355;07.01.2024;9;1.0;67;40;67;40;0;-1
TE355;07.01.2024;10;1.0;109;44;108;44;1;46
TE355;07.01.2024;11;1.0;116;41;112;41;3;43
TE355;07.01.2024;12;1.0;128;46;128;46;0;-1
TE355;07.01.2024;13;1.0;202;44;198;44;4;41
TE355;07.01.2024;14;1.0;242;43;237;43;5;41
TE355;07.01.2024;15;1.0;217;44;215;44;2;35
TE355;07.01.2024;16;1.0;172;43;169;43;3;35
TE355;07.01.2024;17;1.0;226;44;222;44;4;44
TE355;07.01.2024;18;1.0;221;43;217;43;4;46
TE355;07.01.2024;19;1.0;166;45;162;45;4;43
TE355;07.01.2024;20;1.0;143;46;141;46;2;45
TE355;07.01.2024;21;1.0;138;43;136;43;2;43
TE355;07.01.2024;22;1.0;103;44;103;44;0;-1
TE355;07.01.2024;23;1.0;83;45;82;45;1;43
TE355;08.01.2024;0;1.0;69;46;69;46;0;-1
TE355;08.01.2024;1;1.0;45;47;44;47;1;46
TE355;08.01.2024;2;1.0;33;47;31;47;2;48
TE355;08.01.2024;3;1.0;20;41;20;41;0;-1
TE355;08.01.2024;4;1.0;29;40;28;40;1;49
TE355;08.01.2024;5;1.0;110;39;108;38;2;46
TE355;08.01.2024;6;1.0;172;42;163;42;10;40
TE355;08.01.2024;7;1.0;302;34;292;34;10;34
TE355;08.01.2024;8;1.0;312;35;301;35;11;35
TE355;08.01.2024;9;1.0;291;32;283;31;9;33
TE355;08.01.2024;10;1.0;253;37;247;37;6;37
TE355;08.01.2024;11;1.0;206;35;192;36;14;33
TE355;08.01.2024;12;1.0;220;35;210;35;10;32
TE355;08.01.2024;13;1.0;178;33;169;33;9;31
TE355;08.01.2024;14;1.0;260;36;255;36;5;30
TE355;08.01.2024;15;1.0;253;37;244;37;9;34
TE355;08.01.2024;16;1.0;263;37;256;37;7;31
TE355;08.01.2024;17;1.0;199;35;196;35;3;31
TE355;08.01.2024;18;1.0;208;37;204;37;4;35
TE355;08.01.2024;19;1.0;184;37;181;37;3;37
TE355;08.01.2024;20;1.0;146;38;144;38;2;34
TE355;08.01.2024;21;1.0;128;41;128;41;0;-1
TE355;08.01.2024;22;1.0;85;42;85;42;0;-1
TE355;08.01.2024;23;1.0;94;42;94;42;0;-1
TE355;09.01.2024;0;1.0;48;43;48;43;0;-1
TE355;09.01.2024;1;1.0;38;39;38;39;0;-1
TE355;09.01.2024;2;1.0;13;38;13;38;0;-1
TE355;09.01.2024;3;1.0;20;39;17;41;2;44
TE355;09.01.2024;4;1.0;32;46;32;46;0;-1
TE355;09.01.2024;5;1.0;94;45;94;45;0;-1
TE355;09.01.2024;6;1.0;151;41;148;41;3;41
TE355;09.01.2024;7;1.0;230;37;225;37;5;38
TE355;09.01.2024;8;1.0;285;37;278;37;7;33
TE355;09.01.2024;9;1.0;355;37;350;37;5;39
TE355;09.01.2024;10;1.0;259;38;255;38;4;40
TE355;09.01.2024;11;1.0;261;38;249;38;12;38
TE355;09.01.2024;12;1.0;270;37;257;37;13;39
TE355;09.01.2024;13;1.0;257;36;248;36;9;38
TE355;09.01.2024;14;1.0;257;37;252;37;5;38
TE355;09.01.2024;15;1.0;261;36;254;36;7;38
TE355;09.01.2024;16;1.0;262;36;254;36;8;35
TE355;09.01.2024;17;1.0;283;31;277;31;5;32
TE355;09.01.2024;18;1.0;247;37;237;37;10;36
TE355;09.01.2024;19;1.0;170;38;165;38;5;35
TE355;09.01.2024;20;1.0;167;41;165;41;2;43
TE355;09.01.2024;21;1.0;137;40;136;40;1;36
TE355;09.01.2024;22;1.0;105;38;101;39;3;46
TE355;09.01.2024;23;1.0;77;39;75;39;2;42
TE355;10.01.2024;0;1.0;44;41;44;41;0;-1
TE355;10.01.2024;1;1.0;37;43;37;43;0;-1
TE355;10.01.2024;2;1.0;26;43;26;43;0;-1
TE355;10.01.2024;3;1.0;23;44;23;44;0;-1
TE355;10.01.2024;4;1.0;31;42;29;41;2;49
TE355;10.01.2024;5;1.0;101;43;100;42;1;45
TE355;10.01.2024;6;1.0;148;43;142;43;6;44
TE355;10.01.2024;7;1.0;226;39;222;39;4;38
TE355;10.01.2024;8;1.0;292;41;290;41;2;38
TE355;10.01.2024;9;1.0;260;36;257;37;3;35
TE355;10.01.2024;10;1.0;99;35;93;36;6;31
TE355;10.01.2024;11;1.0;240;38;228;38;12;36
TE355;10.01.2024;12;1.0;249;38;236;38;13;35
TE355;10.01.2024;13;1.0;231;40;226;40;5;33
TE355;10.01.2024;14;1.0;267;41;251;41;16;43
TE355;10.01.2024;15;1.0;265;35;256;35;9;35
TE355;10.01.2024;16;1.0;288;36;279;36;9;35
TE355;10.01.2024;17;1.0;248;35;239;35;9;35
TE355;10.01.2024;18;1.0;247;34;236;34;11;35
TE355;10.01.2024;19;1.0;218;34;216;33;2;33
TE355;10.01.2024;20;1.0;160;39;154;39;6;36
TE355;10.01.2024;21;1.0;152;41;151;41;1;35
TE355;10.01.2024;22;1.0;107;40;106;40;1;35
TE355;10.01.2024;23;1.0;88;38;87;38;1;40
TE355;11.01.2024;0;1.0;63;46;62;46;1;38
TE355;11.01.2024;1;1.0;42;50;41;50;1;45
TE355;11.01.2024;2;1.0;25;49;25;49;0;-1
TE355;11.01.2024;3;1.0;14;53;14;53;0;-1
TE355;11.01.2024;4;1.0;28;50;28;50;0;-1
TE355;11.01.2024;5;1.0;80;50;80;50;0;-1
TE355;11.01.2024;6;1.0;151;48;150;48;1;54
TE355;11.01.2024;7;1.0;212;43;210;43;2;54
TE355;11.01.2024;8;1.0;289;37;287;37;2;54
TE355;11.01.2024;9;1.0;264;39;263;39;1;41
TE355;11.01.2024;10;1.0;245;42;240;42;5;40
TE355;11.01.2024;11;1.0;270;40;265;40;5;37
TE355;11.01.2024;12;1.0;251;40;245;40;6;39
TE355;11.01.2024;13;1.0;232;40;229;40;3;39
TE355;11.01.2024;14;1.0;248;41;242;41;6;45
TE355;11.01.2024;15;1.0;276;39;273;39;3;42
TE355;11.01.2024;16;1.0;316;35;315;35;1;39
TE355;11.01.2024;17;1.0;340;33;337;33;3;39
TE355;11.01.2024;18;1.0;311;36;309;36;2;33
TE355;11.01.2024;19;1.0;219;36;214;36;5;38
TE355;11.01.2024;20;1.0;166;36;164;36;2;38
TE355;11.01.2024;21;1.0;166;40;165;40;1;34
TE355;11.01.2024;22;1.0;139;40;137;40;1;41
TE355;11.01.2024;23;1.0;127;47;125;47;2;46
TE355;12.01.2024;0;1.0;81;50;81;50;0;-1
TE355;12.01.2024;1;1.0;54;50;54;50;0;-1
TE355;12.01.2024;2;1.0;37;50;37;50;0;-1
TE355;12.01.2024;3;1.0;26;49;26;49;0;-1
TE355;12.01.2024;4;1.0;30;49;30;49;0;-1
TE355;12.01.2024;5;1.0;81;49;81;49;0;-1
TE355;12.01.2024;6;1.0;139;47;139;47;0;-1
TE355;12.01.2024;7;1.0;206;42;206;42;0;-1
TE355;12.01.2024;8;1.0;262;40;257;40;5;36
TE355;12.01.2024;9;1.0;280;40;273;40;7;39
TE355;12.01.2024;10;1.0;221;38;217;38;4;37
TE355;12.01.2024;11;1.0;254;42;252;42;2;46
TE355;12.01.2024;12;1.0;259;42;255;42;4;46
TE355;12.01.2024;13;1.0;255;37;253;37;2;38
TE355;12.01.2024;14;1.0;233;39;231;39;2;42
TE355;12.01.2024;15;1.0;258;37;253;37;5;42
TE355;12.01.2024;16;1.0;297;35;292;35;4;40
TE355;12.01.2024;17;1.0;247;37;242;37;5;29
TE355;12.01.2024;18;1.0;263;39;260;39;3;43
TE355;12.01.2024;19;1.0;205;39;203;40;2;36
TE355;12.01.2024;20;1.0;199;38;199;38;0;-1
TE355;12.01.2024;21;1.0;154;40;152;40;2;38
TE355;12.01.2024;22;1.0;158;41;156;41;2;48
TE355;12.01.2024;23;1.0;124;42;123;42;1;45
TE355;13.01.2024;0;1.0;107;47;105;47;2;47
TE355;13.01.2024;1;1.0;95;47;95;47;0;-1
TE355;13.01.2024;2;1.0;70;50;70;50;0;-1
TE355;13.01.2024;3;1.0;60;50;60;50;0;-1
TE355;13.01.2024;4;1.0;52;52;52;52;0;-1
TE355;13.01.2024;5;1.0;68;51;68;51;0;-1
TE355;13.01.2024;6;1.0;64;49;64;49;0;-1
TE355;13.01.2024;7;1.0;67;46;67;46;0;-1
TE355;13.01.2024;8;1.0;88;47;88;47;0;-1
TE355;13.01.2024;9;1.0;137;48;135;48;2;45
TE355;13.01.2024;10;1.0;150;43;145;43;5;43
TE355;13.01.2024;11;1.0;155;38;150;38;5;40
TE355;13.01.2024;12;1.0;197;38;189;38;8;36
TE355;13.01.2024;13;1.0;237;38;233;38;4;35
TE355;13.01.2024;14;1.0;219;38;215;38;4;35
TE355;13.01.2024;15;1.0;281;43;279;43;2;40
TE355;13.01.2024;16;1.0;274;38;265;38;9;36
TE355;13.01.2024;17;1.0;213;41;210;41;3;42
TE355;13.01.2024;18;1.0;241;37;238;37;3;32
TE355;13.01.2024;19;1.0;214;37;211;37;3;40
TE355;13.01.2024;20;1.0;200;39;199;39;1;44
TE355;13.01.2024;21;1.0;238;40;238;40;0;-1
TE355;13.01.2024;22;1.0;211;41;206;42;4;44
TE355;13.01.2024;23;1.0;133;46;133;46;0;-1
TE355;14.01.2024;0;1.0;142;47;142;47;0;-1
TE355;14.01.2024;1;1.0;123;46;123;46;0;-1
TE355;14.01.2024;2;1.0;93;46;93;46;0;-1
TE355;14.01.2024;3;1.0;72;50;72;50;0;-1
TE355;14.01.2024;4;1.0;51;36;51;36;0;-1
TE355;14.01.2024;5;1.0;70;49;69;49;1;46
TE355;14.01.2024;6;1.0;34;48;34;48;0;-1
TE355;14.01.2024;7;1.0;49;51;49;51;0;-1
TE355;14.01.2024;8;1.0;52;47;52;47;0;-1
TE355;14.01.2024;9;1.0;80;47;80;47;0;-1
TE355;14.01.2024;10;1.0;142;46;139;46;3;46
TE355;14.01.2024;11;1.0;172;41;170;41;2;46
TE355;14.01.2024;12;1.0;189;42;185;42;3;46
TE355;14.01.2024;13;1.0;204;40;203;40;1;46
TE355;14.01.2024;14;1.0;238;38;231;38;7;35
TE355;14.01.2024;15;1.0;254;42;246;41;8;45
TE355;14.01.2024;16;1.0;243;40;236;40;7;34
TE355;14.01.2024;17;1.0;225;42;223;42;2;41
TE355;14.01.2024;18;1.0;237;42;232;42;5;42
TE355;14.01.2024;19;1.0;191;44;190;44;1;45
TE355;14.01.2024;20;1.0;194;44;193;44;1;37
TE355;14.01.2024;21;1.0;167;45;165;45;2;37
TE355;14.01.2024;22;1.0;165;47;164;47;1;37
TE355;14.01.2024;23;1.0;135;46;133;46;2;45
TE355;15.01.2024;0;1.0;94;49;91;49;3;44
TE355;15.01.2024;1;1.0;62;48;62;48;0;-1
TE355;15.01.2024;2;1.0;90;46;89;46;1;44
TE355;15.01.2024;3;1.0;41;48;41;48;0;-1
TE355;15.01.2024;4;1.0;63;42;63;42;0;-1
TE355;15.01.2024;5;1.0;154;50;153;50;1;49
TE355;15.01.2024;6;1.0;199;44;194;44;4;50
TE355;15.01.2024;7;1.0;253;36;250;36;3;45
TE355;15.01.2024;8;1.0;376;34;369;34;7;21
TE355;15.01.2024;9;1.0;357;38;350;38;7;35
TE355;15.01.2024;10;1.0;302;38;291;38;11;38
TE355;15.01.2024;11;1.0;294;40;281;40;13;37
TE355;15.01.2024;12;1.0;300;40;290;40;10;40
TE355;15.01.2024;13;1.0;312;37;304;37;8;37
TE355;15.01.2024;14;1.0;333;40;327;40;6;40
TE355;15.01.2024;15;1.0;289;40;286;40;3;39
TE355;15.01.2024;16;1.0;310;40;302;40;8;38
TE355;15.01.2024;17;1.0;240;39;235;39;5;39
TE355;15.01.2024;18;1.0;257;38;251;38;6;38
TE355;15.01.2024;19;1.0;188;43;185;43;3;44
TE355;15.01.2024;20;1.0;171;42;171;42;0;-1
TE355;15.01.2024;21;1.0;138;46;137;46;1;43
TE355;15.01.2024;22;1.0;130;46;128;46;2;46
TE355;15.01.2024;23;1.0;92;46;92;46;0;-1
TE355;16.01.2024;0;1.0;55;48;55;48;0;-1
TE355;16.01.2024;1;1.0;39;50;38;50;1;50
TE355;16.01.2024;2;1.0;32;39;31;39;1;39
TE355;16.01.2024;3;1.0;27;38;27;38;0;-1
TE355;16.01.2024;4;1.0;41;42;39;41;2;46
TE355;16.01.2024;5;1.0;132;44;132;44;0;-1
TE355;16.01.2024;6;1.0;218;42;217;42;1;42
TE355;16.01.2024;7;1.0;260;40;258;40;2;38
TE355;16.01.2024;8;1.0;309;39;304;39;5;43
TE355;16.01.2024;9;1.0;320;40;318;40;2;40
TE355;16.01.2024;10;1.0;322;40;315;40;7;41
TE355;16.01.2024;11;1.0;288;37;280;37;8;34
TE355;16.01.2024;12;1.0;278;36;274;36;4;40
TE355;16.01.2024;13;1.0;292;34;283;34;10;34
TE355;16.01.2024;14;1.0;276;37;269;37;7;34
TE355;16.01.2024;15;1.0;253;36;244;36;9;37
TE355;16.01.2024;16;1.0;323;36;316;36;7;34
TE355;16.01.2024;17;1.0;322;37;318;37;4;37
TE355;16.01.2024;18;1.0;318;37;314;37;4;36
TE355;16.01.2024;19;1.0;239;40;236;40;3;39
TE355;16.01.2024;20;1.0;199;42;199;42;0;-1
TE355;16.01.2024;21;1.0;151;45;149;45;2;42
TE355;16.01.2024;22;1.0;155;44;153;44;2;46
TE355;16.01.2024;23;1.0;120;45;119;45;1;42
TE355;17.01.2024;0;1.0;56;44;53;44;3;44
TE355;17.01.2024;1;1.0;52;45;52;45;0;-1
TE355;17.01.2024;2;1.0;37;46;37;46;0;-1
TE355;17.01.2024;3;1.0;22;46;22;46;0;-1
TE355;17.01.2024;4;1.0;22;44;20;44;2;47
TE355;17.01.2024;5;1.0;90;45;88;45;2;46
TE355;17.01.2024;6;1.0;177;44;172;44;5;45
TE355;17.01.2024;7;1.0;241;41;238;41;3;41
TE355;17.01.2024;8;1.0;345;40;339;40;6;41
TE355;17.01.2024;9;1.0;369;37;357;37;12;36
TE355;17.01.2024;10;1.0;297;42;291;42;6;35
TE355;17.01.2024;11;1.0;285;40;273;40;12;39
TE355;17.01.2024;12;1.0;296;39;289;39;7;39
TE355;17.01.2024;13;1.0;304;37;295;37;9;37
TE355;17.01.2024;14;1.0;265;39;259;39;6;40
TE355;17.01.2024;15;1.0;301;38;294;38;7;38
TE355;17.01.2024;16;1.0;293;36;286;36;7;36
TE355;17.01.2024;17;1.0;241;40;239;40;2;35
TE355;17.01.2024;18;1.0;301;36;298;36;3;32
TE355;17.01.2024;19;1.0;217;41;215;41;2;40
TE355;17.01.2024;20;1.0;195;44;194;44;1;47
TE355;17.01.2024;21;1.0;157;47;157;47;0;-1
TE355;17.01.2024;22;1.0;162;50;162;50;0;-1
TE355;17.01.2024;23;1.0;120;47;120;47;0;-1
TE355;18.01.2024;0;1.0;90;49;90;49;0;-1
TE355;18.01.2024;1;1.0;61;50;60;50;1;48
TE355;18.01.2024;2;1.0;38;50;38;50;0;-1
TE355;18.01.2024;3;1.0;21;51;21;51;0;-1
TE355;18.01.2024;4;1.0;40;49;40;49;0;-1
TE355;18.01.2024;5;1.0;87;50;87;50;0;-1
TE355;18.01.2024;6;1.0;159;43;159;43;0;-1
TE355;18.01.2024;7;1.0;247;36;241;36;5;36
TE355;18.01.2024;8;1.0;321;38;313;38;8;38
TE355;18.01.2024;9;1.0;291;41;287;41;4;34
TE355;18.01.2024;10;1.0;255;39;249;39;6;35
TE355;18.01.2024;11;1.0;290;40;283;40;7;41
TE355;18.01.2024;12;1.0;285;37;272;37;13;37
TE355;18.01.2024;13;1.0;293;36;282;36;11;37
TE355;18.01.2024;14;1.0;279;37;273;37;6;38
TE355;18.01.2024;15;1.0;355;37;345;37;10;35
TE355;18.01.2024;16;1.0;349;32;345;32;4;23
TE355;18.01.2024;17;1.0;307;36;301;36;6;38
TE355;18.01.2024;18;1.0;349;33;343;33;6;30
TE355;18.01.2024;19;1.0;257;36;255;36;2;34
TE355;18.01.2024;20;1.0;184;37;182;37;2;33
TE355;18.01.2024;21;1.0;155;40;152;41;3;32
TE355;18.01.2024;22;1.0;177;40;172;40;5;36
TE355;18.01.2024;23;1.0;133;42;132;42;1;38
TE355;19.01.2024;0;1.0;91;44;91;44;0;-1
TE355;19.01.2024;1;1.0;61;46;61;46;0;-1
TE355;19.01.2024;2;1.0;46;46;46;46;0;-1
TE355;19.01.2024;3;1.0;35;46;35;46;0;-1
TE355;19.01.2024;4;1.0;48;41;48;41;0;-1
TE355;19.01.2024;5;1.0;97;45;95;45;2;47
TE355;19.01.2024;6;1.0;161;41;155;41;7;37
TE355;19.01.2024;7;1.0;248;37;242;37;6;37
TE355;19.01.2024;8;1.0;415;33;401;33;14;32
TE355;19.01.2024;9;1.0;339;36;327;36;12;35
TE355;19.01.2024;10;1.0;321;35;308;35;13;35
TE355;19.01.2024;11;1.0;307;34;300;34;7;33
TE355;19.01.2024;12;1.0;322;34;310;34;12;31
TE355;19.01.2024;13;1.0;352;35;344;35;8;35
TE355;19.01.2024;14;1.0;333;33;323;33;10;27
TE355;19.01.2024;15;1.0;297;36;287;36;10;35
TE355;19.01.2024;16;1.0;283;34;278;34;5;38
TE355;19.01.2024;17;1.0;304;39;299;39;5;41
TE355;19.01.2024;18;1.0;264;33;260;33;4;34
TE355;19.01.2024;19;1.0;217;36;214;36;3;31
TE355;19.01.2024;20;1.0;218;37;211;37;7;34
TE355;19.01.2024;21;1.0;188;41;188;41;0;-1
TE355;19.01.2024;22;1.0;151;43;148;43;3;37
TE355;19.01.2024;23;1.0;174;43;174;43;0;-1
TE355;20.01.2024;0;1.0;144;44;142;44;2;43
TE355;20.01.2024;1;1.0;109;45;109;45;0;-1
TE355;20.01.2024;2;1.0;96;45;96;45;0;-1
TE355;20.01.2024;3;1.0;58;42;58;42;0;-1
TE355;20.01.2024;4;1.0;50;44;50;44;0;-1
TE355;20.01.2024;5;1.0;65;47;65;47;0;-1
TE355;20.01.2024;6;1.0;72;46;71;46;1;51
TE355;20.01.2024;7;1.0;74;45;72;45;2;47
TE355;20.01.2024;8;1.0;100;43;100;43;0;-1
TE355;20.01.2024;9;1.0;136;43;131;43;5;39
TE355;20.01.2024;10;1.0;191;41;185;41;6;37
TE355;20.01.2024;11;1.0;236;37;231;37;5;37
TE355;20.01.2024;12;1.0;272;39;263;39;9;38
TE355;20.01.2024;13;1.0;272;36;257;36;15;38
TE355;20.01.2024;14;1.0;296;37;281;38;15;34
TE355;20.01.2024;15;1.0;269;39;265;39;4;33
TE355;20.01.2024;16;1.0;293;36;288;36;5;39
TE355;20.01.2024;17;1.0;263;37;256;37;7;37
TE355;20.01.2024;18;1.0;235;40;227;40;8;39
TE355;20.01.2024;19;1.0;223;37;220;37;3;31
TE355;20.01.2024;20;1.0;192;38;188;39;4;35
TE355;20.01.2024;21;1.0;163;43;162;43;1;36
TE355;20.01.2024;22;1.0;159;41;159;41;0;-1
TE355;20.01.2024;23;1.0;164;43;163;43;1;43
TE355;21.01.2024;0;1.0;139;42;137;42;2;41
TE355;21.01.2024;1;1.0;124;44;124;44;0;-1
TE355;21.01.2024;2;1.0;95;40;94;40;1;42
TE355;21.01.2024;3;1.0;79;51;79;51;0;-1
TE355;21.01.2024;4;1.0;64;48;64;48;0;-1
TE355;21.01.2024;5;1.0;56;49;56;49;0;-1
TE355;21.01.2024;6;1.0;47;48;47;48;0;-1
TE355;21.01.2024;7;1.0;37;48;36;48;1;42
TE355;21.01.2024;8;1.0;56;48;54;48;2;47
TE355;21.01.2024;9;1.0;103;45;100;45;3;48
TE355;21.01.2024;10;1.0;169;43;161;43;8;43
TE355;21.01.2024;11;1.0;178;43;174;43;4;49
TE355;21.01.2024;12;1.0;208;39;202;39;6;38
TE355;21.01.2024;13;1.0;213;39;207;39;6;37
TE355;21.01.2024;14;1.0;233;41;225;41;8;42
TE355;21.01.2024;15;1.0;246;40;238;40;8;40
TE355;21.01.2024;16;1.0;352;36;344;36;8;36
TE355;21.01.2024;17;1.0;401;35;387;34;14;35
TE355;21.01.2024;18;1.0;304;40;299;40;5;40
TE355;21.01.2024;19;1.0;215;42;213;42;2;39
TE355;21.01.2024;20;1.0;155;42;154;42;1;44
TE355;21.01.2024;21;1.0;136;43;135;43;1;46
TE355;21.01.2024;22;1.0;109;44;109;44;0;-1
TE355;21.01.2024;23;1.0;84;45;81;45;3;44
TE355;22.01.2024;0;1.0;55;44;55;44;0;-1
TE355;22.01.2024;1;1.0;29;48;29;48;0;-1
TE355;22.01.2024;2;1.0;44;47;43;47;1;41
TE355;22.01.2024;3;1.0;17;45;17;45;0;-1
TE355;22.01.2024;4;1.0;30;44;29;44;1;41
TE355;22.01.2024;5;1.0;90;49;90;49;0;-1
TE355;22.01.2024;6;1.0;158;45;154;45;4;42
TE355;22.01.2024;7;1.0;152;38;139;39;13;36
TE355;22.01.2024;8;1.0;288;41;271;41;17;42
TE355;22.01.2024;9;1.0;306;40;295;40;11;37
TE355;22.01.2024;10;1.0;297;41;283;41;14;42
TE355;22.01.2024;11;1.0;267;41;259;41;8;40
TE355;22.01.2024;12;1.0;272;38;260;38;12;38
TE355;22.01.2024;13;1.0;269;38;258;38;11;37
TE355;22.01.2024;14;1.0;245;37;237;38;8;34
TE355;22.01.2024;15;1.0;252;40;245;40;7;35
TE355;22.01.2024;16;1.0;225;38;217;38;8;37
TE355;22.01.2024;17;1.0;253;38;244;38;9;36
TE355;22.01.2024;18;1.0;232;40;229;40;3;33
TE355;22.01.2024;19;1.0;183;38;177;38;6;37
TE355;22.01.2024;20;1.0;170;40;167;40;3;35
TE355;22.01.2024;21;1.0;139;43;136;43;3;37
TE355;22.01.2024;22;1.0;117;43;114;43;3;41
TE355;22.01.2024;23;1.0;91;44;90;44;1;43
TE355;23.01.2024;0;1.0;68;43;67;43;1;46
TE355;23.01.2024;1;1.0;37;45;37;45;0;-1
TE355;23.01.2024;2;1.0;30;49;30;49;0;-1
TE355;23.01.2024;3;1.0;22;46;22;46;0;-1
TE355;23.01.2024;4;1.0;26;50;26;50;0;-1
TE355;23.01.2024;5;1.0;88;47;85;47;3;45
TE355;23.01.2024;6;1.0;147;45;145;45;2;44
TE355;23.01.2024;7;1.0;196;40;189;40;7;40
TE355;23.01.2024;8;1.0;244;30;232;30;12;33
TE355;23.01.2024;9;1.0;251;37;238;37;13;39
TE355;23.01.2024;10;1.0;210;42;206;42;4;42
TE355;23.01.2024;11;1.0;261;37;242;38;19;35
TE355;23.01.2024;12;1.0;261;37;246;37;15;36
TE355;23.01.2024;13;1.0;234;37;225;37;9;38
TE355;23.01.2024;14;1.0;225;39;215;39;10;39
TE355;23.01.2024;15;1.0;254;37;240;37;14;36
TE355;23.01.2024;16;1.0;236;36;233;36;3;29
TE355;23.01.2024;17;1.0;223;36;215;36;8;36
TE355;23.01.2024;18;1.0;235;35;225;35;10;37
TE355;23.01.2024;19;1.0;192;36;181;36;11;37
TE355;23.01.2024;20;1.0;163;36;160;36;2;40
TE355;23.01.2024;22;1.0;120;43;119;43;1;41
TE355;23.01.2024;23;1.0;101;46;101;46;0;-1
TE355;24.01.2024;0;1.0;62;50;62;50;0;-1
TE355;24.01.2024;1;1.0;50;49;50;49;0;-1
TE355;24.01.2024;2;1.0;32;47;32;47;0;-1
TE355;24.01.2024;3;1.0;50;47;50;47;0;-1
TE355;24.01.2024;4;1.0;28;44;28;44;0;-1
TE355;24.01.2024;5;1.0;108;48;106;48;2;50
TE355;24.01.2024;6;1.0;162;46;155;46;7;47
TE355;24.01.2024;7;1.0;252;39;241;40;11;36
TE355;24.01.2024;8;1.0;345;38;339;38;6;39
TE355;24.01.2024;9;1.0;339;38;326;38;13;35
TE355;24.01.2024;10;1.0;300;38;291;38;9;41
TE355;24.01.2024;11;1.0;295;36;273;36;22;35
TE355;24.01.2024;12;1.0;256;37;247;37;9;38
TE355;24.01.2024;13;1.0;253;38;246;39;7;34
TE355;24.01.2024;14;1.0;254;37;243;37;11;34
TE355;24.01.2024;15;1.0;256;36;250;36;6;33
TE355;24.01.2024;16;1.0;265;37;259;37;6;38
TE355;24.01.2024;17;1.0;262;35;254;36;8;31
TE355;24.01.2024;18;1.0;256;33;250;33;6;37
TE355;24.01.2024;19;1.0;198;35;190;35;8;35
TE355;24.01.2024;20;1.0;190;37;188;37;2;36
TE355;24.01.2024;21;1.0;127;40;124;40;3;41
TE355;24.01.2024;22;1.0;181;42;179;42;2;40
TE355;24.01.2024;23;1.0;120;42;116;42;4;41
TE355;25.01.2024;0;1.0;73;43;70;43;3;42
TE355;25.01.2024;1;1.0;51;47;51;47;0;-1
TE355;25.01.2024;2;1.0;33;46;33;46;0;-1
TE355;25.01.2024;3;1.0;30;43;30;43;0;-1
TE355;25.01.2024;4;1.0;33;43;30;43;3;42
TE355;25.01.2024;5;1.0;87;47;84;47;3;48
TE355;25.01.2024;6;1.0;155;45;149;45;6;47
TE355;25.01.2024;7;1.0;218;37;208;37;10;34
TE355;25.01.2024;8;1.0;302;38;294;38;8;38
TE355;25.01.2024;9;1.0;304;35;283;35;21;34
TE355;25.01.2024;10;1.0;256;35;249;35;7;36
TE355;25.01.2024;11;1.0;249;40;238;40;11;39
TE355;25.01.2024;12;1.0;275;37;264;37;11;37
TE355;25.01.2024;13;1.0;241;36;236;36;5;36
TE355;25.01.2024;14;1.0;254;34;242;34;12;34
TE355;25.01.2024;15;1.0;332;37;317;37;15;36
TE355;25.01.2024;16;1.0;305;37;297;37;8;40
TE355;25.01.2024;17;1.0;263;36;259;36;4;40
TE355;25.01.2024;18;1.0;278;36;273;36;5;37
TE355;25.01.2024;19;1.0;217;37;212;37;5;37
TE355;25.01.2024;20;1.0;147;39;147;39;0;-1
TE355;25.01.2024;21;1.0;141;43;140;43;1;45
TE355;25.01.2024;22;1.0;132;41;131;41;1;45
TE355;25.01.2024;23;1.0;121;42;117;42;4;47
TE355;26.01.2024;0;1.0;80;43;78;43;2;41
TE355;26.01.2024;1;1.0;59;42;58;42;1;33
TE355;26.01.2024;2;1.0;38;45;38;45;0;-1
TE355;26.01.2024;3;1.0;31;42;31;42;0;-1
TE355;26.01.2024;4;1.0;37;43;37;43;0;-1
TE355;26.01.2024;5;1.0;84;52;84;52;0;-1
TE355;26.01.2024;6;1.0;139;48;134;48;5;50
TE355;26.01.2024;7;1.0;239;40;228;40;11;39
TE355;26.01.2024;8;1.0;274;38;265;38;9;38
TE355;26.01.2024;9;1.0;296;36;285;36;11;32
TE355;26.01.2024;10;1.0;251;34;245;34;6;32
TE355;26.01.2024;11;1.0;175;41;169;40;6;43
TE355;26.01.2024;12;1.0;223;36;209;37;13;35
TE355;26.01.2024;13;1.0;286;36;278;36;8;38
TE355;26.01.2024;14;1.0;273;38;269;38;4;41
TE355;26.01.2024;15;1.0;276;38;275;38;1;34
TE355;26.01.2024;16;1.0;279;35;276;35;3;44
TE355;26.01.2024;17;1.0;248;36;243;36;5;36
TE355;26.01.2024;18;1.0;257;37;256;37;1;27
TE355;26.01.2024;19;1.0;226;36;221;36;5;34
TE355;26.01.2024;20;1.0;160;36;148;36;12;38
TE355;26.01.2024;21;1.0;197;40;195;40;2;34
TE355;26.01.2024;22;1.0;129;40;126;40;3;40
TE355;26.01.2024;23;1.0;136;42;131;42;5;42
TE355;27.01.2024;0;1.0;117;44;115;44;2;42
TE355;27.01.2024;1;1.0;84;46;83;46;1;44
TE355;27.01.2024;2;1.0;70;46;69;46;1;42
TE355;27.01.2024;3;1.0;49;47;49;47;0;-1
TE355;27.01.2024;4;1.0;58;46;58;46;0;-1
TE355;27.01.2024;5;1.0;47;46;46;46;1;42
TE355;27.01.2024;6;1.0;60;45;57;45;3;48
TE355;27.01.2024;7;1.0;70;47;70;47;0;-1
TE355;27.01.2024;8;1.0;72;44;71;44;1;47
TE355;27.01.2024;9;1.0;122;35;116;35;7;37
TE355;27.01.2024;10;1.0;168;42;164;42;4;44
TE355;27.01.2024;11;1.0;164;41;160;41;4;38
TE355;27.01.2024;12;1.0;203;39;199;40;4;36
TE355;27.01.2024;13;1.0;237;39;229;39;8;38
TE355;27.01.2024;14;1.0;238;37;230;37;8;35
TE355;27.01.2024;15;1.0;269;36;253;36;16;34
TE355;27.01.2024;16;1.0;242;33;228;33;14;34
TE355;27.01.2024;17;1.0;243;34;235;34;8;34
TE355;27.01.2024;18;1.0;241;37;232;38;9;35
TE355;27.01.2024;19;1.0;229;36;223;36;6;34
TE355;27.01.2024;20;1.0;188;37;183;37;5;42
TE355;27.01.2024;21;1.0;172;40;171;40;1;34
TE355;27.01.2024;22;1.0;149;40;144;40;5;39
TE355;27.01.2024;23;1.0;139;42;136;42;3;37
TE355;28.01.2024;0;1.0;129;41;129;41;0;-1
TE355;28.01.2024;1;1.0;125;46;124;46;1;45
TE355;28.01.2024;2;1.0;95;48;95;48;0;-1
TE355;28.01.2024;3;1.0;73;46;73;46;0;-1
TE355;28.01.2024;4;1.0;57;46;57;46;0;-1
TE355;28.01.2024;5;1.0;51;35;51;35;0;-1
TE355;28.01.2024;6;1.0;39;48;39;48;0;-1
TE355;28.01.2024;7;1.0;40;41;40;41;0;-1
TE355;28.01.2024;8;1.0;61;42;61;42;0;-1
TE355;28.01.2024;9;1.0;85;42;85;42;0;-1
TE355;28.01.2024;10;1.0;145;43;141;43;4;44
TE355;28.01.2024;11;1.0;194;38;186;38;8;36
TE355;28.01.2024;12;1.0;180;40;176;40;4;39
TE355;28.01.2024;13;1.0;215;42;213;42;2;39
TE355;28.01.2024;14;1.0;223;43;219;43;4;42
TE355;28.01.2024;15;1.0;230;38;222;38;8;38
TE355;28.01.2024;16;1.0;260;38;254;38;6;33
TE355;28.01.2024;17;1.0;261;39;255;39;6;33
TE355;28.01.2024;18;1.0;218;38;215;38;3;34
TE355;28.01.2024;19;1.0;156;41;153;41;3;41
TE355;28.01.2024;20;1.0;171;42;166;42;5;45
TE355;28.01.2024;21;1.0;148;44;146;44;2;48
TE355;28.01.2024;22;1.0;118;44;118;44;0;-1
TE355;28.01.2024;23;1.0;82;44;80;44;2;48
TE355;29.01.2024;0;1.0;58;44;58;44;0;-1
TE355;29.01.2024;1;1.0;34;43;34;43;0;-1
TE355;29.01.2024;2;1.0;33;47;33;47;0;-1
TE355;29.01.2024;3;1.0;22;47;22;47;0;-1
TE355;29.01.2024;4;1.0;22;44;21;44;1;49
TE355;29.01.2024;5;1.0;76;46;75;46;1;48
TE355;29.01.2024;6;1.0;166;45;159;45;7;44
TE355;29.01.2024;7;1.0;237;38;229;38;8;38
TE355;29.01.2024;8;1.0;242;37;232;36;10;40
TE355;29.01.2024;9;1.0;257;38;245;38;12;38
TE355;29.01.2024;10;1.0;249;37;233;37;16;35
TE355;29.01.2024;11;1.0;269;39;255;39;14;38
TE355;29.01.2024;12;1.0;206;37;195;37;11;38
TE355;29.01.2024;13;1.0;212;36;194;36;18;35
TE355;29.01.2024;14;1.0;230;35;207;35;23;36
TE355;29.01.2024;15;1.0;244;33;233;33;11;29
TE355;29.01.2024;16;1.0;249;35;236;35;13;35
TE355;29.01.2024;17;1.0;237;36;228;36;9;35
TE355;29.01.2024;18;1.0;208;38;202;38;6;37
TE355;29.01.2024;19;1.0;178;37;171;38;7;29
TE355;29.01.2024;20;1.0;144;40;142;40;2;37
TE355;29.01.2024;21;1.0;135;43;135;43;0;-1
TE355;29.01.2024;22;1.0;122;42;121;42;1;38
TE355;29.01.2024;23;1.0;84;45;80;45;4;45
TE355;30.01.2024;0;1.0;49;44;48;45;1;43
TE355;30.01.2024;1;1.0;40;43;39;43;1;45
TE355;30.01.2024;2;1.0;25;49;25;49;0;-1
TE355;30.01.2024;3;1.0;14;49;14;49;0;-1
TE355;30.01.2024;4;1.0;21;46;21;46;0;-1
TE355;30.01.2024;5;1.0;90;46;90;46;0;-1
TE355;30.01.2024;6;1.0;144;46;141;46;3;46
TE355;30.01.2024;7;1.0;188;37;181;37;7;37
TE355;30.01.2024;8;1.0;265;40;248;40;17;39
TE355;30.01.2024;9;1.0;268;37;255;37;13;32
TE355;30.01.2024;10;1.0;271;38;254;38;17;34
TE355;30.01.2024;11;1.0;248;38;228;38;20;39
TE355;30.01.2024;12;1.0;232;37;216;37;16;34
TE355;30.01.2024;13;1.0;228;34;214;34;14;32
TE355;30.01.2024;14;1.0;230;38;215;38;15;38
TE355;30.01.2024;15;1.0;265;36;250;37;15;35
TE355;30.01.2024;16;1.0;220;36;214;35;6;37
TE355;30.01.2024;17;1.0;241;37;234;37;7;39
TE355;30.01.2024;18;1.0;196;39;187;39;9;40
TE355;30.01.2024;19;1.0;192;40;188;40;4;37
TE355;30.01.2024;20;1.0;179;42;178;42;1;42
TE355;30.01.2024;21;1.0;142;45;140;45;2;46
TE355;30.01.2024;22;1.0;141;42;139;42;2;43
TE355;30.01.2024;23;1.0;90;45;89;46;1;41
TE355;31.01.2024;0;1.0;65;46;65;46;0;-1
TE355;31.01.2024;1;1.0;54;46;54;46;0;-1
TE355;31.01.2024;2;1.0;33;46;33;46;0;-1
TE355;31.01.2024;3;1.0;35;47;35;47;0;-1
TE355;31.01.2024;4;1.0;25;42;22;41;3;44
TE355;31.01.2024;5;1.0;85;46;84;46;1;52
TE355;31.01.2024;6;1.0;149;49;146;49;3;47
TE355;31.01.2024;7;1.0;175;42;174;42;1;37
TE355;31.01.2024;8;1.0;244;42;235;42;9;38
TE355;31.01.2024;9;1.0;266;38;257;38;9;37
TE355;31.01.2024;10;1.0;191;38;183;38;8;40
TE355;31.01.2024;11;1.0;232;38;225;38;7;37
TE355;31.01.2024;12;1.0;235;38;229;38;6;36
TE355;31.01.2024;13;1.0;254;39;247;39;7;40
TE355;31.01.2024;14;1.0;259;38;254;38;5;38
TE355;31.01.2024;15;1.0;260;38;252;38;8;39
TE355;31.01.2024;16;1.0;262;36;253;36;9;34
TE355;31.01.2024;17;1.0;249;35;244;35;5;31
TE355;31.01.2024;18;1.0;263;36;256;37;7;33
TE355;31.01.2024;19;1.0;201;40;199;40;2;36
TE355;31.01.2024;20;1.0;169;42;166;42;3;47
TE355;31.01.2024;21;1.0;140;44;139;44;1;46
TE355;31.01.2024;22;1.0;146;46;142;46;4;44
TE355;31.01.2024;23;1.0;113;46;112;46;1;45
TE356;01.01.2024;0;1.0;184;55;126;51;58;63
TE356;01.01.2024;1;1.0;438;52;245;49;193;56
TE356;01.01.2024;2;1.0;429;53;249;48;180;61
TE356;01.01.2024;3;1.0;328;56;205;50;123;65
TE356;01.01.2024;4;1.0;322;53;237;52;85;57
TE356;01.01.2024;5;1.0;284;56;219;53;65;64
TE356;01.01.2024;6;1.0;211;53;140;52;71;56
TE356;01.01.2024;7;1.0;157;52;121;50;36;58
TE356;01.01.2024;8;1.0;135;53;100;53;35;54
TE356;01.01.2024;9;1.0;150;51;107;49;43;54
TE356;01.01.2024;10;1.0;205;50;115;46;90;55
TE356;01.01.2024;11;1.0;298;48;188;45;110;54
TE356;01.01.2024;12;1.0;412;50;248;47;164;56
TE356;01.01.2024;13;1.0;466;50;282;45;184;58
TE356;01.01.2024;14;1.0;486;49;295;45;191;54
TE356;01.01.2024;15;1.0;502;47;282;44;220;51
TE356;01.01.2024;16;1.0;503;48;301;46;202;53
TE356;01.01.2024;17;1.0;498;48;310;45;188;52
TE356;01.01.2024;18;1.0;471;48;276;45;195;54
TE356;01.01.2024;19;1.0;379;52;233;50;146;54
TE356;01.01.2024;20;1.0;350;51;170;50;180;51
TE356;01.01.2024;21;1.0;256;51;179;49;77;55
TE356;01.01.2024;22;1.0;208;52;145;50;63;57
TE356;01.01.2024;23;1.0;142;54;93;51;49;60
TE356;02.01.2024;0;1.0;73;53;49;49;24;61
TE356;02.01.2024;1;1.0;83;53;65;52;18;60
TE356;02.01.2024;2;1.0;67;52;56;51;11;58
TE356;02.01.2024;3;1.0;96;55;81;54;15;61
TE356;02.01.2024;4;1.0;268;51;229;50;39;57
TE356;02.01.2024;5;1.0;684;47;614;46;70;54
TE356;02.01.2024;6;1.0;818;46;721;45;97;52
TE356;02.01.2024;7;1.0;848;44;736;42;112;52
TE356;02.01.2024;8;1.0;865;45;719;43;146;52
TE356;02.01.2024;9;1.0;675;49;509;46;166;55
TE356;02.01.2024;10;1.0;623;49;451;47;172;51
TE356;02.01.2024;11;1.0;648;46;641;46;7;49
TE356;02.01.2024;12;1.0;601;48;597;48;4;47
TE356;02.01.2024;13;1.0;656;48;577;47;79;52
TE356;02.01.2024;14;1.0;605;48;599;48;6;48
TE356;02.01.2024;15;1.0;633;50;582;49;51;55
TE356;02.01.2024;16;1.0;672;48;671;48;1;55
TE356;02.01.2024;17;1.0;647;49;646;49;1;44
TE356;02.01.2024;18;1.0;583;50;582;50;1;41
TE356;02.01.2024;19;1.0;442;50;442;50;0;-1
TE356;02.01.2024;20;1.0;298;52;296;52;2;54
TE356;02.01.2024;21;1.0;311;51;310;51;1;58
TE356;02.01.2024;22;1.0;203;51;203;51;0;-1
TE356;02.01.2024;23;1.0;151;52;150;52;1;58
TE356;03.01.2024;0;1.0;107;53;107;53;0;-1
TE356;03.01.2024;1;1.0;65;51;65;51;0;-1
TE356;03.01.2024;2;1.0;60;53;60;53;0;-1
TE356;03.01.2024;3;1.0;105;50;96;50;9;52
TE356;03.01.2024;4;1.0;254;52;227;51;27;55
TE356;03.01.2024;5;1.0;743;45;674;45;69;52
TE356;03.01.2024;6;1.0;930;45;792;44;138;50
TE356;03.01.2024;7;1.0;936;43;726;41;210;48
TE356;03.01.2024;8;1.0;892;42;584;42;308;43
TE356;03.01.2024;9;1.0;808;44;652;43;156;50
TE356;03.01.2024;10;1.0;733;45;469;41;264;51
TE356;03.01.2024;11;1.0;668;44;423;42;245;48
TE356;03.01.2024;12;1.0;654;43;417;40;235;47
TE356;03.01.2024;13;1.0;700;45;474;42;226;51
TE356;03.01.2024;14;1.0;650;45;401;42;249;49
TE356;03.01.2024;15;1.0;664;45;451;43;213;50
TE356;03.01.2024;16;1.0;731;43;524;41;207;50
TE356;03.01.2024;17;1.0;638;46;449;43;189;51
TE356;03.01.2024;18;1.0;609;47;393;44;216;53
TE356;03.01.2024;19;1.0;474;48;292;45;182;54
TE356;03.01.2024;20;1.0;350;49;222;45;128;55
TE356;03.01.2024;21;1.0;314;51;194;48;120;57
TE356;03.01.2024;22;1.0;237;51;145;48;92;56
TE356;03.01.2024;23;1.0;181;53;118;50;63;59
TE356;04.01.2024;0;1.0;124;55;92;52;32;64
TE356;04.01.2024;1;1.0;91;56;77;55;14;59
TE356;04.01.2024;2;1.0;61;55;54;55;7;61
TE356;04.01.2024;3;1.0;96;54;88;53;8;56
TE356;04.01.2024;4;1.0;268;56;249;56;19;53
TE356;04.01.2024;5;1.0;694;51;547;51;147;53
TE356;04.01.2024;6;1.0;910;48;733;47;177;53
TE356;04.01.2024;7;1.0;933;44;608;43;325;46
TE356;04.01.2024;8;1.0;865;37;603;36;262;40
TE356;04.01.2024;9;1.0;829;41;567;38;262;46
TE356;04.01.2024;10;1.0;806;41;762;41;44;43
TE356;04.01.2024;11;1.0;702;45;539;44;163;49
TE356;04.01.2024;12;1.0;733;47;566;45;167;53
TE356;04.01.2024;13;1.0;709;44;510;42;199;49
TE356;04.01.2024;14;1.0;640;45;416;43;224;50
TE356;04.01.2024;15;1.0;698;44;506;43;192;49
TE356;04.01.2024;16;1.0;660;47;633;47;27;53
TE356;04.01.2024;17;1.0;739;45;687;44;52;50
TE356;04.01.2024;18;1.0;609;46;559;46;50;52
TE356;04.01.2024;19;1.0;521;48;460;47;61;53
TE356;04.01.2024;20;1.0;380;52;353;52;27;57
TE356;04.01.2024;21;1.0;319;54;280;53;39;58
TE356;04.01.2024;22;1.0;251;53;211;52;40;58
TE356;04.01.2024;23;1.0;154;56;134;56;20;57
TE356;05.01.2024;0;1.0;109;57;96;57;13;58
TE356;05.01.2024;1;1.0;77;56;69;55;8;58
TE356;05.01.2024;2;1.0;84;57;78;57;6;63
TE356;05.01.2024;3;1.0;86;57;81;57;5;56
TE356;05.01.2024;4;1.0;270;57;240;57;30;60
TE356;05.01.2024;5;1.0;705;50;666;49;39;56
TE356;05.01.2024;6;1.0;819;49;770;48;49;54
TE356;05.01.2024;7;1.0;847;45;767;44;80;51
TE356;05.01.2024;8;1.0;836;42;733;41;103;49
TE356;05.01.2024;9;1.0;790;45;709;44;81;52
TE356;05.01.2024;10;1.0;750;46;663;45;87;51
TE356;05.01.2024;11;1.0;706;46;687;46;19;51
TE356;05.01.2024;12;1.0;667;47;658;47;9;53
TE356;05.01.2024;13;1.0;693;47;680;47;13;53
TE356;05.01.2024;14;1.0;673;47;667;47;6;48
TE356;05.01.2024;15;1.0;653;41;650;41;3;51
TE356;05.01.2024;16;1.0;592;40;586;40;6;40
TE356;05.01.2024;17;1.0;649;44;643;44;6;43
TE356;05.01.2024;18;1.0;628;48;524;47;104;54
TE356;05.01.2024;19;1.0;544;50;435;48;109;55
TE356;05.01.2024;20;1.0;399;52;359;52;40;57
TE356;05.01.2024;21;1.0;360;53;332;52;28;56
TE356;05.01.2024;22;1.0;312;54;258;54;54;53
TE356;05.01.2024;23;1.0;245;54;204;53;41;55
TE356;06.01.2024;0;1.0;192;54;183;54;9;56
TE356;06.01.2024;1;1.0;146;53;133;53;13;53
TE356;06.01.2024;2;1.0;98;56;88;57;10;56
TE356;06.01.2024;3;1.0;101;59;91;58;10;62
TE356;06.01.2024;4;1.0;172;59;161;58;11;64
TE356;06.01.2024;5;1.0;249;55;243;55;6;53
TE356;06.01.2024;6;1.0;202;55;198;55;4;56
TE356;06.01.2024;7;1.0;243;53;230;52;13;59
TE356;06.01.2024;8;1.0;296;54;269;53;27;57
TE356;06.01.2024;9;1.0;443;50;385;50;58;56
TE356;06.01.2024;10;1.0;520;52;472;52;48;56
TE356;06.01.2024;11;1.0;590;49;529;49;61;54
TE356;06.01.2024;12;1.0;674;47;598;46;76;54
TE356;06.01.2024;13;1.0;704;45;644;45;60;51
TE356;06.01.2024;14;1.0;714;42;673;42;41;48
TE356;06.01.2024;15;1.0;663;47;622;47;41;51
TE356;06.01.2024;16;1.0;680;45;652;45;28;52
TE356;06.01.2024;17;1.0;650;48;616;48;34;52
TE356;06.01.2024;18;1.0;698;44;669;44;29;51
TE356;06.01.2024;19;1.0;540;50;508;49;32;54
TE356;06.01.2024;20;1.0;453;52;404;51;49;56
TE356;06.01.2024;21;1.0;357;54;329;54;28;57
TE356;06.01.2024;22;1.0;320;53;303;53;17;56
TE356;06.01.2024;23;1.0;270;55;238;54;32;60
TE356;07.01.2024;0;1.0;211;55;196;55;15;60
TE356;07.01.2024;1;1.0;188;54;166;53;22;58
TE356;07.01.2024;2;1.0;123;57;110;57;13;60
TE356;07.01.2024;3;1.0;106;57;102;56;4;64
TE356;07.01.2024;4;1.0;108;55;100;54;8;65
TE356;07.01.2024;5;1.0;170;51;160;51;10;50
TE356;07.01.2024;6;1.0;123;54;115;54;8;59
TE356;07.01.2024;7;1.0;133;55;128;56;5;53
TE356;07.01.2024;8;1.0;171;53;163;53;8;57
TE356;07.01.2024;9;1.0;333;51;318;50;15;55
TE356;07.01.2024;10;1.0;352;50;318;49;34;54
TE356;07.01.2024;11;1.0;473;50;397;49;76;55
TE356;07.01.2024;12;1.0;520;49;454;49;66;55
TE356;07.01.2024;13;1.0;624;48;549;48;75;54
TE356;07.01.2024;14;1.0;434;47;390;46;44;52
TE356;07.01.2024;15;1.0;587;49;464;48;123;53
TE356;07.01.2024;16;1.0;658;50;557;49;101;56
TE356;07.01.2024;17;1.0;663;48;555;47;108;55
TE356;07.01.2024;18;1.0;571;51;486;50;85;54
TE356;07.01.2024;19;1.0;465;50;428;50;37;56
TE356;07.01.2024;20;1.0;383;52;347;52;36;58
TE356;07.01.2024;21;1.0;316;50;278;49;38;54
TE356;07.01.2024;22;1.0;274;51;246;50;28;59
TE356;07.01.2024;23;1.0;166;54;144;52;22;61
TE356;08.01.2024;0;1.0;107;54;97;53;10;60
TE356;08.01.2024;1;1.0;74;52;70;52;4;51
TE356;08.01.2024;2;1.0;60;54;55;53;5;56
TE356;08.01.2024;3;1.0;106;53;98;52;8;59
TE356;08.01.2024;4;1.0;262;53;242;53;20;61
TE356;08.01.2024;5;1.0;837;45;789;45;48;50
TE356;08.01.2024;6;1.0;1096;40;1052;40;44;47
TE356;08.01.2024;7;1.0;586;30;553;30;33;35
TE356;08.01.2024;8;1.0;1034;26;958;26;76;27
TE356;08.01.2024;9;1.0;793;42;722;41;71;47
TE356;08.01.2024;10;1.0;639;43;569;42;70;51
TE356;08.01.2024;11;1.0;559;45;491;44;68;53
TE356;08.01.2024;12;1.0;509;45;464;44;45;51
TE356;08.01.2024;13;1.0;578;46;519;45;59;51
TE356;08.01.2024;14;1.0;559;45;481;44;78;50
TE356;08.01.2024;15;1.0;586;41;504;41;82;47
TE356;08.01.2024;16;1.0;634;44;535;43;99;50
TE356;08.01.2024;17;1.0;589;43;531;43;58;50
TE356;08.01.2024;18;1.0;563;43;479;42;84;49
TE356;08.01.2024;19;1.0;436;46;381;45;55;53
TE356;08.01.2024;20;1.0;322;46;286;45;36;53
TE356;08.01.2024;21;1.0;321;48;293;48;28;54
TE356;08.01.2024;22;1.0;220;49;197;48;23;56
TE356;08.01.2024;23;1.0;153;52;150;52;3;57
TE356;09.01.2024;0;1.0;86;51;82;51;4;55
TE356;09.01.2024;1;1.0;61;54;58;53;3;69
TE356;09.01.2024;2;1.0;60;52;56;52;4;53
TE356;09.01.2024;3;1.0;81;51;75;52;6;53
TE356;09.01.2024;4;1.0;288;51;276;51;12;55
TE356;09.01.2024;5;1.0;799;44;752;44;47;51
TE356;09.01.2024;6;1.0;1094;35;1037;35;57;38
TE356;09.01.2024;7;1.0;1142;22;1087;22;55;23
TE356;09.01.2024;8;1.0;1033;15;1018;15;15;15
TE356;09.01.2024;9;1.0;953;23;903;23;50;23
TE356;09.01.2024;10;1.0;764;42;724;42;40;46
TE356;09.01.2024;11;1.0;717;42;664;41;53;47
TE356;09.01.2024;12;1.0;683;43;589;42;94;48
TE356;09.01.2024;13;1.0;687;43;642;43;45;47
TE356;09.01.2024;14;1.0;669;43;603;43;66;48
TE356;09.01.2024;15;1.0;743;40;628;39;115;45
TE356;09.01.2024;16;1.0;705;42;614;42;91;49
TE356;09.01.2024;17;1.0;709;42;654;42;55;47
TE356;09.01.2024;18;1.0;699;39;626;38;73;45
TE356;09.01.2024;19;1.0;497;45;412;44;85;51
TE356;09.01.2024;20;1.0;397;47;345;46;52;52
TE356;09.01.2024;21;1.0;341;46;312;45;29;52
TE356;09.01.2024;22;1.0;238;50;213;49;25;52
TE356;09.01.2024;23;1.0;150;50;140;50;10;53
TE356;10.01.2024;0;1.0;104;51;99;51;5;54
TE356;10.01.2024;1;1.0;68;53;64;53;4;51
TE356;10.01.2024;2;1.0;59;53;55;52;4;52
TE356;10.01.2024;3;1.0;88;50;82;50;6;54
TE356;10.01.2024;4;1.0;300;52;293;52;7;57
TE356;10.01.2024;5;1.0;902;44;877;44;25;52
TE356;10.01.2024;6;1.0;1050;37;983;36;67;45
TE356;10.01.2024;7;1.0;1057;20;1022;20;35;26
TE356;10.01.2024;8;1.0;1070;15;1046;15;24;15
TE356;10.01.2024;9;1.0;1001;16;972;16;29;17
TE356;10.01.2024;10;1.0;871;35;814;35;57;39
TE356;10.01.2024;11;1.0;734;43;685;43;49;47
TE356;10.01.2024;12;1.0;740;44;673;44;67;48
TE356;10.01.2024;13;1.0;709;44;650;44;59;48
TE356;10.01.2024;14;1.0;715;41;613;41;102;47
TE356;10.01.2024;15;1.0;829;38;672;37;157;44
TE356;10.01.2024;16;1.0;795;40;648;38;147;45
TE356;10.01.2024;17;1.0;778;39;648;38;130;45
TE356;10.01.2024;18;1.0;706;40;620;39;86;46
TE356;10.01.2024;19;1.0;577;45;487;44;90;51
TE356;10.01.2024;20;1.0;404;45;335;44;69;52
TE356;10.01.2024;21;1.0;349;48;306;47;43;51
TE356;10.01.2024;22;1.0;276;49;247;48;29;53
TE356;10.01.2024;23;1.0;228;51;203;50;25;57
TE356;11.01.2024;0;1.0;107;53;99;51;8;67
TE356;11.01.2024;1;1.0;75;53;69;52;6;64
TE356;11.01.2024;2;1.0;54;52;54;52;0;-1
TE356;11.01.2024;3;1.0;78;56;77;56;1;63
TE356;11.01.2024;4;1.0;291;53;284;53;7;55
TE356;11.01.2024;5;1.0;902;42;870;42;32;41
TE356;11.01.2024;6;1.0;969;23;933;23;36;26
TE356;11.01.2024;7;1.0;934;17;885;17;49;16
TE356;11.01.2024;8;1.0;934;13;895;13;38;13
TE356;11.01.2024;9;1.0;892;15;851;15;41;14
TE356;11.01.2024;10;1.0;814;39;756;38;58;44
TE356;11.01.2024;11;1.0;778;43;702;43;76;45
TE356;11.01.2024;12;1.0;771;44;707;44;64;48
TE356;11.01.2024;13;1.0;749;45;648;44;101;49
TE356;11.01.2024;14;1.0;724;46;602;45;122;53
TE356;11.01.2024;15;1.0;785;40;670;39;115;45
TE356;11.01.2024;16;1.0;756;41;647;40;109;50
TE356;11.01.2024;17;1.0;786;35;713;35;73;40
TE356;11.01.2024;18;1.0;703;42;650;41;53;47
TE356;11.01.2024;19;1.0;569;46;530;45;39;53
TE356;11.01.2024;20;1.0;420;50;320;47;100;57
TE356;11.01.2024;21;1.0;348;50;300;49;48;55
TE356;11.01.2024;22;1.0;318;52;254;50;64;58
TE356;11.01.2024;23;1.0;229;53;185;52;44;59
TE356;12.01.2024;0;1.0;135;56;107;55;28;61
TE356;12.01.2024;1;1.0;81;55;70;55;11;60
TE356;12.01.2024;2;1.0;75;57;74;57;1;69
TE356;12.01.2024;3;1.0;93;54;89;53;4;62
TE356;12.01.2024;4;1.0;277;55;272;55;5;60
TE356;12.01.2024;5;1.0;838;46;807;46;31;51
TE356;12.01.2024;6;1.0;1047;31;1025;31;22;38
TE356;12.01.2024;7;1.0;999;29;963;29;36;34
TE356;12.01.2024;8;1.0;962;17;933;17;29;15
TE356;12.01.2024;9;1.0;872;32;849;32;23;32
TE356;12.01.2024;10;1.0;732;45;654;44;78;48
TE356;12.01.2024;11;1.0;741;45;626;44;115;49
TE356;12.01.2024;12;1.0;706;44;565;43;141;48
TE356;12.01.2024;13;1.0;759;45;688;45;71;50
TE356;12.01.2024;14;1.0;715;47;590;46;125;53
TE356;12.01.2024;15;1.0;749;43;631;42;118;49
TE356;12.01.2024;16;1.0;759;42;699;42;60;46
TE356;12.01.2024;17;1.0;730;39;650;38;80;45
TE356;12.01.2024;18;1.0;717;45;631;44;86;49
TE356;12.01.2024;19;1.0;606;47;460;44;146;53
TE356;12.01.2024;20;1.0;500;49;332;46;168;56
TE356;12.01.2024;21;1.0;367;51;243;48;124;58
TE356;12.01.2024;22;1.0;333;51;241;49;92;55
TE356;12.01.2024;23;1.0;293;51;227;50;66;55
TE356;13.01.2024;0;1.0;209;52;185;51;24;58
TE356;13.01.2024;1;1.0;198;52;159;51;39;57
TE356;13.01.2024;2;1.0;156;53;129;53;27;54
TE356;13.01.2024;3;1.0;120;57;106;57;14;60
TE356;13.01.2024;4;1.0;188;55;172;54;16;58
TE356;13.01.2024;5;1.0;296;55;125;57;171;54
TE356;13.01.2024;6;1.0;232;56;174;57;58;50
TE356;13.01.2024;7;1.0;262;52;259;52;3;55
TE356;13.01.2024;8;1.0;335;54;332;54;3;64
TE356;13.01.2024;9;1.0;528;51;523;50;5;61
TE356;13.01.2024;10;1.0;556;46;478;46;78;47
TE356;13.01.2024;11;1.0;625;45;426;44;199;49
TE356;13.01.2024;12;1.0;670;43;466;41;204;46
TE356;13.01.2024;13;1.0;710;44;500;42;210;48
TE356;13.01.2024;14;1.0;733;41;553;39;180;48
TE356;13.01.2024;15;1.0;668;41;495;40;173;46
TE356;13.01.2024;16;1.0;627;50;523;49;104;55
TE356;13.01.2024;17;1.0;669;46;521;45;148;50
TE356;13.01.2024;18;1.0;615;44;594;44;21;53
TE356;13.01.2024;19;1.0;609;49;420;46;189;55
TE356;13.01.2024;20;1.0;500;51;246;49;254;52
TE356;13.01.2024;21;1.0;440;50;366;50;74;56
TE356;13.01.2024;22;1.0;364;53;203;53;161;55
TE356;13.01.2024;23;1.0;367;53;319;53;48;54
TE356;14.01.2024;0;1.0;392;55;388;55;4;60
TE356;14.01.2024;1;1.0;258;56;249;55;9;62
TE356;14.01.2024;2;1.0;155;58;150;58;5;62
TE356;14.01.2024;3;1.0;121;60;92;61;29;57
TE356;14.01.2024;4;1.0;191;55;135;55;56;54
TE356;14.01.2024;5;1.0;166;53;158;53;8;54
TE356;14.01.2024;6;1.0;148;54;138;54;10;56
TE356;14.01.2024;7;1.0;131;58;121;58;10;58
TE356;14.01.2024;8;1.0;232;55;125;57;107;53
TE356;14.01.2024;9;1.0;361;52;273;51;88;55
TE356;14.01.2024;10;1.0;549;52;457;51;92;57
TE356;14.01.2024;11;1.0;558;49;470;48;88;55
TE356;14.01.2024;12;1.0;642;49;499;47;143;54
TE356;14.01.2024;13;1.0;702;48;525;46;177;54
TE356;14.01.2024;14;1.0;752;45;516;42;236;50
TE356;14.01.2024;15;1.0;656;49;448;47;208;56
TE356;14.01.2024;16;1.0;730;47;484;44;246;53
TE356;14.01.2024;17;1.0;656;50;476;48;180;55
TE356;14.01.2024;18;1.0;597;50;418;48;179;57
TE356;14.01.2024;19;1.0;463;53;322;50;141;59
TE356;14.01.2024;20;1.0;359;53;277;51;82;58
TE356;14.01.2024;21;1.0;318;54;248;53;70;60
TE356;14.01.2024;22;1.0;268;55;189;53;79;59
TE356;14.01.2024;23;1.0;176;55;154;54;22;60
TE356;15.01.2024;0;1.0;86;58;60;54;26;67
TE356;15.01.2024;1;1.0;73;59;66;59;7;65
TE356;15.01.2024;2;1.0;55;57;49;56;6;66
TE356;15.01.2024;3;1.0;98;56;80;57;18;52
TE356;15.01.2024;4;1.0;286;56;271;55;15;60
TE356;15.01.2024;5;1.0;846;49;770;49;76;53
TE356;15.01.2024;6;1.0;1035;33;952;33;83;41
TE356;15.01.2024;7;1.0;972;38;835;38;137;43
TE356;15.01.2024;8;1.0;785;30;681;29;104;36
TE356;15.01.2024;9;1.0;921;28;828;27;93;36
TE356;15.01.2024;10;1.0;788;13;745;13;43;15
TE356;15.01.2024;11;1.0;635;47;489;45;146;54
TE356;15.01.2024;12;1.0;616;50;451;48;165;54
TE356;15.01.2024;13;1.0;620;48;490;46;130;53
TE356;15.01.2024;14;1.0;584;49;489;48;95;56
TE356;15.01.2024;15;1.0;623;50;535;49;88;59
TE356;15.01.2024;16;1.0;614;48;490;46;124;54
TE356;15.01.2024;17;1.0;651;44;522;42;129;53
TE356;15.01.2024;18;1.0;604;47;522;46;82;54
TE356;15.01.2024;19;1.0;485;48;444;48;41;52
TE356;15.01.2024;20;1.0;336;52;296;51;40;55
TE356;15.01.2024;21;1.0;299;51;264;51;35;56
TE356;15.01.2024;22;1.0;226;55;182;54;44;59
TE356;15.01.2024;23;1.0;136;54;121;53;15;59
TE356;16.01.2024;0;1.0;105;55;88;55;17;57
TE356;16.01.2024;1;1.0;73;54;70;54;3;57
TE356;16.01.2024;2;1.0;57;46;52;45;5;45
TE356;16.01.2024;3;1.0;83;43;82;43;1;42
TE356;16.01.2024;4;1.0;266;44;266;44;0;-1
TE356;16.01.2024;5;1.0;839;39;832;39;7;44
TE356;16.01.2024;6;1.0;1036;26;1013;26;23;27
TE356;16.01.2024;7;1.0;1046;20;1014;20;32;19
TE356;16.01.2024;8;1.0;980;15;955;15;25;14
TE356;16.01.2024;9;1.0;959;19;939;19;20;14
TE356;16.01.2024;10;1.0;838;40;777;40;61;48
TE356;16.01.2024;11;1.0;716;44;621;44;95;47
TE356;16.01.2024;12;1.0;713;45;706;45;7;51
TE356;16.01.2024;13;1.0;666;47;562;46;104;50
TE356;16.01.2024;14;1.0;642;48;522;47;120;53
TE356;16.01.2024;15;1.0;712;48;571;47;141;52
TE356;16.01.2024;16;1.0;708;48;610;47;98;55
TE356;16.01.2024;17;1.0;741;43;666;43;75;51
TE356;16.01.2024;18;1.0;672;46;625;45;47;51
TE356;16.01.2024;19;1.0;531;47;447;46;84;52
TE356;16.01.2024;20;1.0;406;50;352;49;54;54
TE356;16.01.2024;21;1.0;349;51;287;50;62;57
TE356;16.01.2024;22;1.0;264;51;219;50;45;54
TE356;16.01.2024;23;1.0;164;52;131;50;33;58
TE356;17.01.2024;0;1.0;118;51;99;51;19;54
TE356;17.01.2024;1;1.0;69;51;64;51;5;53
TE356;17.01.2024;2;1.0;65;51;60;51;5;52
TE356;17.01.2024;3;1.0;84;49;78;49;6;55
TE356;17.01.2024;4;1.0;294;49;287;49;7;54
TE356;17.01.2024;5;1.0;835;44;777;44;58;51
TE356;17.01.2024;6;1.0;1093;30;1030;30;63;37
TE356;17.01.2024;7;1.0;1064;25;1010;25;54;30
TE356;17.01.2024;8;1.0;1017;16;994;17;23;15
TE356;17.01.2024;9;1.0;952;22;915;22;37;26
TE356;17.01.2024;10;1.0;813;42;726;41;87;46
TE356;17.01.2024;11;1.0;783;44;687;43;96;50
TE356;17.01.2024;12;1.0;734;45;625;44;109;51
TE356;17.01.2024;13;1.0;705;44;572;43;133;50
TE356;17.01.2024;14;1.0;672;46;555;45;117;54
TE356;17.01.2024;15;1.0;728;47;618;46;110;53
TE356;17.01.2024;16;1.0;705;47;630;46;75;53
TE356;17.01.2024;17;1.0;704;45;680;45;24;51
TE356;17.01.2024;18;1.0;626;48;582;47;44;54
TE356;17.01.2024;19;1.0;468;48;353;47;115;53
TE356;17.01.2024;20;1.0;418;49;383;48;35;55
TE356;17.01.2024;21;1.0;309;53;299;53;10;56
TE356;17.01.2024;22;1.0;323;54;279;53;44;59
TE356;17.01.2024;23;1.0;197;54;187;54;10;57
TE356;18.01.2024;0;1.0;107;54;95;53;12;57
TE356;18.01.2024;1;1.0;91;57;70;56;21;63
TE356;18.01.2024;2;1.0;77;56;76;56;1;57
TE356;18.01.2024;3;1.0;88;58;87;58;1;66
TE356;18.01.2024;4;1.0;292;54;287;54;5;59
TE356;18.01.2024;5;1.0;809;47;794;47;15;54
TE356;18.01.2024;6;1.0;1111;29;1095;29;16;35
TE356;18.01.2024;7;1.0;1082;19;1038;19;44;21
TE356;18.01.2024;8;1.0;1054;18;999;19;55;16
TE356;18.01.2024;9;1.0;927;34;844;33;83;41
TE356;18.01.2024;10;1.0;779;44;720;44;59;50
TE356;18.01.2024;11;1.0;754;45;678;45;76;49
TE356;18.01.2024;12;1.0;731;47;552;44;179;54
TE356;18.01.2024;13;1.0;662;43;552;42;110;50
TE356;18.01.2024;14;1.0;665;43;595;43;70;49
TE356;18.01.2024;15;1.0;714;41;636;40;78;48
TE356;18.01.2024;16;1.0;782;38;697;37;85;44
TE356;18.01.2024;17;1.0;742;40;649;39;93;47
TE356;18.01.2024;18;1.0;642;42;563;41;79;49
TE356;18.01.2024;19;1.0;522;44;423;43;99;51
TE356;18.01.2024;20;1.0;407;47;326;46;81;53
TE356;18.01.2024;21;1.0;387;47;324;46;63;54
TE356;18.01.2024;22;1.0;304;48;254;47;50;54
TE356;18.01.2024;23;1.0;230;50;190;49;40;55
TE356;19.01.2024;0;1.0;145;51;125;51;20;54
TE356;19.01.2024;1;1.0;97;51;79;50;18;54
TE356;19.01.2024;2;1.0;87;52;71;51;16;56
TE356;19.01.2024;3;1.0;96;50;86;49;10;54
TE356;19.01.2024;4;1.0;271;49;256;49;15;55
TE356;19.01.2024;5;1.0;773;45;732;44;41;51
TE356;19.01.2024;6;1.0;1026;40;903;39;123;44
TE356;19.01.2024;7;1.0;1039;29;916;28;123;31
TE356;19.01.2024;8;1.0;1018;28;851;28;167;31
TE356;19.01.2024;9;1.0;665;36;571;35;94;40
TE356;19.01.2024;10;1.0;779;39;658;38;121;44
TE356;19.01.2024;11;1.0;690;43;562;41;128;50
TE356;19.01.2024;12;1.0;677;44;546;42;131;51
TE356;19.01.2024;13;1.0;706;41;569;40;137;47
TE356;19.01.2024;14;1.0;652;43;513;42;139;49
TE356;19.01.2024;15;1.0;719;43;577;42;142;50
TE356;19.01.2024;16;1.0;696;44;598;43;98;48
TE356;19.01.2024;17;1.0;689;43;591;42;98;48
TE356;19.01.2024;18;1.0;698;42;615;42;83;48
TE356;19.01.2024;19;1.0;571;42;439;41;132;47
TE356;19.01.2024;20;1.0;454;45;308;43;146;52
TE356;19.01.2024;21;1.0;425;47;292;44;133;52
TE356;19.01.2024;22;1.0;336;50;245;48;91;55
TE356;19.01.2024;23;1.0;298;48;227;47;71;52
TE356;20.01.2024;0;1.0;245;50;199;49;46;55
TE356;20.01.2024;1;1.0;169;52;151;51;18;58
TE356;20.01.2024;2;1.0;111;55;104;54;7;68
TE356;20.01.2024;3;1.0;117;56;100;55;17;61
TE356;20.01.2024;4;1.0;134;52;127;52;7;53
TE356;20.01.2024;5;1.0;273;50;250;49;23;55
TE356;20.01.2024;6;1.0;245;48;205;47;40;54
TE356;20.01.2024;7;1.0;288;48;250;47;38;55
TE356;20.01.2024;8;1.0;400;49;342;48;58;55
TE356;20.01.2024;9;1.0;566;48;449;46;117;54
TE356;20.01.2024;10;1.0;620;48;414;45;206;54
TE356;20.01.2024;11;1.0;638;45;429;44;209;48
TE356;20.01.2024;12;1.0;758;44;499;42;259;49
TE356;20.01.2024;13;1.0;653;41;489;39;164;46
TE356;20.01.2024;14;1.0;677;43;484;41;193;48
TE356;20.01.2024;15;1.0;646;44;468;42;178;49
TE356;20.01.2024;16;1.0;677;41;560;39;117;47
TE356;20.01.2024;17;1.0;626;40;499;39;127;43
TE356;20.01.2024;18;1.0;714;36;606;35;109;40
TE356;20.01.2024;19;1.0;590;35;419;34;170;39
TE356;20.01.2024;20;1.0;534;44;370;42;164;49
TE356;20.01.2024;21;1.0;419;47;336;45;83;51
TE356;20.01.2024;22;1.0;406;48;315;46;91;55
TE356;20.01.2024;23;1.0;369;48;307;47;62;53
TE356;21.01.2024;0;1.0;273;48;243;48;30;53
TE356;21.01.2024;1;1.0;213;49;199;49;14;54
TE356;21.01.2024;2;1.0;175;52;161;52;14;58
TE356;21.01.2024;3;1.0;117;55;102;55;15;58
TE356;21.01.2024;4;1.0;163;51;144;51;19;55
TE356;21.01.2024;5;1.0;206;53;197;53;9;58
TE356;21.01.2024;6;1.0;150;55;143;55;7;59
TE356;21.01.2024;7;1.0;141;53;125;52;16;60
TE356;21.01.2024;8;1.0;216;51;201;51;15;54
TE356;21.01.2024;9;1.0;410;49;337;48;73;55
TE356;21.01.2024;10;1.0;517;47;447;46;70;52
TE356;21.01.2024;11;1.0;577;48;443;46;134;56
TE356;21.01.2024;12;1.0;590;46;443;44;147;53
TE356;21.01.2024;13;1.0;699;46;502;43;197;53
TE356;21.01.2024;14;1.0;672;45;455;42;217;51
TE356;21.01.2024;15;1.0;648;45;386;42;262;50
TE356;21.01.2024;16;1.0;644;47;396;44;248;52
TE356;21.01.2024;17;1.0;638;46;448;43;190;51
TE356;21.01.2024;18;1.0;574;47;382;43;192;52
TE356;21.01.2024;19;1.0;471;48;323;46;148;50
TE356;21.01.2024;20;1.0;431;49;340;48;91;54
TE356;21.01.2024;21;1.0;323;49;248;48;75;54
TE356;21.01.2024;22;1.0;264;50;188;48;76;53
TE356;21.01.2024;23;1.0;174;50;147;49;27;57
TE356;22.01.2024;0;1.0;95;53;76;52;19;59
TE356;22.01.2024;1;1.0;75;51;69;51;6;56
TE356;22.01.2024;2;1.0;67;53;60;53;7;53
TE356;22.01.2024;3;1.0;110;54;94;53;16;54
TE356;22.01.2024;4;1.0;267;51;235;51;32;57
TE356;22.01.2024;5;1.0;908;46;819;45;89;52
TE356;22.01.2024;6;1.0;1014;29;917;28;97;34
TE356;22.01.2024;7;1.0;967;24;755;24;212;26
TE356;22.01.2024;8;1.0;832;15;755;16;77;14
TE356;22.01.2024;9;1.0;891;24;829;24;62;20
TE356;22.01.2024;10;1.0;785;41;765;41;20;32
TE356;22.01.2024;11;1.0;723;46;497;43;226;51
TE356;22.01.2024;12;1.0;698;43;459;42;239;47
TE356;22.01.2024;13;1.0;730;44;593;43;137;49
TE356;22.01.2024;14;1.0;695;43;450;41;245;48
TE356;22.01.2024;15;1.0;718;43;491;42;227;48
TE356;22.01.2024;16;1.0;754;44;513;41;241;51
TE356;22.01.2024;17;1.0;719;40;507;38;212;44
TE356;22.01.2024;18;1.0;596;48;386;46;210;51
TE356;22.01.2024;19;1.0;498;46;330;43;168;53
TE356;22.01.2024;20;1.0;385;49;212;44;173;56
TE356;22.01.2024;21;1.0;332;51;189;46;143;56
TE356;22.01.2024;22;1.0;251;52;171;50;80;58
TE356;22.01.2024;23;1.0;190;49;127;47;63;55
TE356;23.01.2024;0;1.0;94;54;64;52;30;57
TE356;23.01.2024;1;1.0;66;49;59;49;7;54
TE356;23.01.2024;2;1.0;61;52;40;52;21;50
TE356;23.01.2024;3;1.0;100;50;81;51;19;49
TE356;23.01.2024;4;1.0;305;50;250;50;55;54
TE356;23.01.2024;5;1.0;853;44;714;43;139;49
TE356;23.01.2024;6;1.0;1100;34;925;33;175;38
TE356;23.01.2024;7;1.0;1014;24;888;23;126;32
TE356;23.01.2024;8;1.0;921;16;869;16;52;14
TE356;23.01.2024;9;1.0;921;19;821;19;100;20
TE356;23.01.2024;10;1.0;825;39;576;37;249;45
TE356;23.01.2024;11;1.0;758;40;507;38;251;45
TE356;23.01.2024;12;1.0;778;43;541;41;237;48
TE356;23.01.2024;13;1.0;732;43;492;41;240;46
TE356;23.01.2024;14;1.0;697;45;447;42;250;50
TE356;23.01.2024;15;1.0;796;41;542;38;254;46
TE356;23.01.2024;16;1.0;693;44;474;41;219;53
TE356;23.01.2024;17;1.0;683;43;462;41;221;47
TE356;23.01.2024;18;1.0;674;43;472;41;202;48
TE356;23.01.2024;19;1.0;555;45;345;42;210;50
TE356;23.01.2024;20;1.0;423;47;269;42;154;55
TE356;23.01.2024;21;1.0;362;47;239;44;123;52
TE356;23.01.2024;22;1.0;255;50;171;47;84;54
TE356;23.01.2024;23;1.0;185;52;95;49;90;55
TE356;24.01.2024;0;1.0;108;57;90;57;18;54
TE356;24.01.2024;1;1.0;58;51;58;51;0;-1
TE356;24.01.2024;2;1.0;82;52;82;52;0;-1
TE356;24.01.2024;3;1.0;96;52;93;52;3;56
TE356;24.01.2024;4;1.0;315;52;266;51;49;55
TE356;24.01.2024;5;1.0;968;44;832;43;136;48
TE356;24.01.2024;6;1.0;918;19;800;18;119;22
TE356;24.01.2024;7;1.0;923;16;857;16;66;16
TE356;24.01.2024;8;1.0;900;15;849;15;51;15
TE356;24.01.2024;9;1.0;948;17;888;17;60;16
TE356;24.01.2024;10;1.0;799;25;633;24;166;29
TE356;24.01.2024;11;1.0;795;42;548;40;247;46
TE356;24.01.2024;12;1.0;768;43;483;41;285;46
TE356;24.01.2024;13;1.0;729;42;466;40;263;46
TE356;24.01.2024;14;1.0;706;45;437;42;269;51
TE356;24.01.2024;15;1.0;788;38;526;36;262;42
TE356;24.01.2024;16;1.0;772;39;548;37;224;44
TE356;24.01.2024;17;1.0;758;36;524;35;234;40
TE356;24.01.2024;18;1.0;733;42;491;41;242;44
TE356;24.01.2024;19;1.0;578;47;368;44;210;53
TE356;24.01.2024;20;1.0;417;48;257;44;160;54
TE356;24.01.2024;21;1.0;369;50;231;48;138;54
TE356;24.01.2024;22;1.0;326;51;208;48;118;56
TE356;24.01.2024;23;1.0;236;50;160;47;76;55
TE356;25.01.2024;0;1.0;129;56;87;53;42;62
TE356;25.01.2024;1;1.0;81;54;54;51;27;59
TE356;25.01.2024;2;1.0;66;53;55;52;11;56
TE356;25.01.2024;3;1.0;90;55;64;53;26;61
TE356;25.01.2024;4;1.0;304;54;242;52;62;58
TE356;25.01.2024;5;1.0;941;46;772;45;169;52
TE356;25.01.2024;6;1.0;1100;26;921;25;179;30
TE356;25.01.2024;7;1.0;927;17;830;17;97;18
TE356;25.01.2024;8;1.0;880;16;814;16;66;14
TE356;25.01.2024;9;1.0;969;22;807;21;162;28
TE356;25.01.2024;10;1.0;838;40;645;39;193;43
TE356;25.01.2024;11;1.0;786;49;508;46;278;52
TE356;25.01.2024;12;1.0;800;46;494;43;306;51
TE356;25.01.2024;13;1.0;825;38;557;36;267;43
TE356;25.01.2024;14;1.0;710;43;470;40;240;51
TE356;25.01.2024;15;1.0;802;40;497;37;305;43
TE356;25.01.2024;16;1.0;808;37;601;35;207;41
TE356;25.01.2024;17;1.0;786;34;580;33;206;37
TE356;25.01.2024;18;1.0;691;42;472;39;219;50
TE356;25.01.2024;19;1.0;636;48;431;44;205;54
TE356;25.01.2024;20;1.0;449;50;281;48;168;52
TE356;25.01.2024;21;1.0;393;50;250;47;143;54
TE356;25.01.2024;22;1.0;291;49;203;49;88;53
TE356;25.01.2024;23;1.0;239;49;169;47;70;51
TE356;26.01.2024;0;1.0;150;53;115;52;35;57
TE356;26.01.2024;1;1.0;98;54;82;53;16;61
TE356;26.01.2024;2;1.0;88;53;79;51;9;64
TE356;26.01.2024;3;1.0;97;52;92;52;5;52
TE356;26.01.2024;4;1.0;300;54;272;54;28;58
TE356;26.01.2024;5;1.0;856;49;819;48;37;54
TE356;26.01.2024;6;1.0;1107;30;1058;30;49;38
TE356;26.01.2024;7;1.0;1052;26;965;25;87;33
TE356;26.01.2024;8;1.0;1045;18;979;19;66;22
TE356;26.01.2024;9;1.0;827;35;665;34;162;41
TE356;26.01.2024;10;1.0;818;37;668;36;150;47
TE356;26.01.2024;11;1.0;768;45;521;42;247;51
TE356;26.01.2024;12;1.0;721;40;465;40;256;41
TE356;26.01.2024;13;1.0;744;45;623;44;121;46
TE356;26.01.2024;14;1.0;733;47;727;47;6;52
TE356;26.01.2024;15;1.0;750;46;749;46;1;55
TE356;26.01.2024;16;1.0;721;45;713;44;8;49
TE356;26.01.2024;17;1.0;774;43;634;43;140;45
TE356;26.01.2024;18;1.0;826;43;625;41;201;50
TE356;26.01.2024;19;1.0;692;45;582;44;110;50
TE356;26.01.2024;20;1.0;478;47;319;44;159;50
TE356;26.01.2024;21;1.0;451;48;305;45;146;55
TE356;26.01.2024;22;1.0;362;50;254;47;108;58
TE356;26.01.2024;23;1.0;339;52;220;49;119;58
TE356;27.01.2024;0;1.0;289;53;206;51;83;58
TE356;27.01.2024;1;1.0;176;53;143;52;33;58
TE356;27.01.2024;2;1.0;153;54;137;54;16;62
TE356;27.01.2024;3;1.0;125;54;107;54;18;56
TE356;27.01.2024;4;1.0;186;54;160;53;26;59
TE356;27.01.2024;5;1.0;275;50;256;49;19;52
TE356;27.01.2024;6;1.0;267;51;242;50;25;57
TE356;27.01.2024;7;1.0;342;50;313;50;29;55
TE356;27.01.2024;8;1.0;438;50;368;49;70;56
TE356;27.01.2024;9;1.0;637;50;514;48;123;55
TE356;27.01.2024;10;1.0;691;49;559;47;132;56
TE356;27.01.2024;11;1.0;671;50;474;48;197;57
TE356;27.01.2024;12;1.0;836;49;565;46;271;55
TE356;27.01.2024;13;1.0;802;48;612;47;190;53
TE356;27.01.2024;14;1.0;794;42;567;40;227;46
TE356;27.01.2024;15;1.0;868;29;741;28;127;34
TE356;27.01.2024;16;1.0;711;41;577;40;134;46
TE356;27.01.2024;17;1.0;759;35;679;35;80;41
TE356;27.01.2024;18;1.0;712;39;614;38;98;45
TE356;27.01.2024;19;1.0;634;47;504;45;130;52
TE356;27.01.2024;20;1.0;550;47;428;45;122;52
TE356;27.01.2024;21;1.0;457;49;329;47;128;54
TE356;27.01.2024;22;1.0;409;50;290;48;119;54
TE356;27.01.2024;23;1.0;394;50;288;49;106;55
TE356;28.01.2024;0;1.0;300;52;246;51;54;58
TE356;28.01.2024;1;1.0;245;54;215;53;30;59
TE356;28.01.2024;2;1.0;182;54;172;54;10;60
TE356;28.01.2024;3;1.0;134;55;124;55;10;59
TE356;28.01.2024;4;1.0;142;53;132;53;10;59
TE356;28.01.2024;5;1.0;201;51;190;51;11;52
TE356;28.01.2024;6;1.0;171;54;153;54;18;54
TE356;28.01.2024;7;1.0;166;50;163;50;3;61
TE356;28.01.2024;8;1.0;249;50;239;50;10;55
TE356;28.01.2024;9;1.0;419;49;410;49;9;53
TE356;28.01.2024;10;1.0;579;47;564;47;15;50
TE356;28.01.2024;11;1.0;647;46;628;46;19;51
TE356;28.01.2024;12;1.0;720;46;715;46;5;47
TE356;28.01.2024;13;1.0;775;46;760;46;15;50
TE356;28.01.2024;14;1.0;816;44;742;43;74;50
TE356;28.01.2024;15;1.0;711;45;573;43;138;50
TE356;28.01.2024;16;1.0;679;43;574;42;105;50
TE356;28.01.2024;17;1.0;735;45;589;44;146;51
TE356;28.01.2024;18;1.0;699;47;556;45;143;54
TE356;28.01.2024;19;1.0;542;45;456;44;86;52
TE356;28.01.2024;20;1.0;398;45;347;44;51;52
TE356;28.01.2024;21;1.0;339;50;274;48;65;55
TE356;28.01.2024;22;1.0;266;51;240;51;26;57
TE356;28.01.2024;23;1.0;185;51;170;51;15;60
TE356;29.01.2024;0;1.0;119;54;109;53;10;65
TE356;29.01.2024;1;1.0;85;53;79;52;6;54
TE356;29.01.2024;2;1.0;82;52;73;52;9;58
TE356;29.01.2024;3;1.0;101;52;95;51;6;60
TE356;29.01.2024;4;1.0;312;50;290;51;22;54
TE356;29.01.2024;5;1.0;877;44;819;44;58;49
TE356;29.01.2024;6;1.0;1192;36;1128;35;64;37
TE356;29.01.2024;7;1.0;1048;24;985;24;63;28
TE356;29.01.2024;8;1.0;969;17;913;16;56;17
TE356;29.01.2024;9;1.0;833;19;794;19;40;18
TE356;29.01.2024;10;1.0;788;44;721;44;67;48
TE356;29.01.2024;11;1.0;759;45;721;44;38;51
TE356;29.01.2024;12;1.0;706;46;683;46;23;50
TE356;29.01.2024;13;1.0;757;46;709;46;48;49
TE356;29.01.2024;14;1.0;682;47;591;46;91;52
TE356;29.01.2024;15;1.0;761;45;644;44;117;51
TE356;29.01.2024;16;1.0;777;44;666;44;111;51
TE356;29.01.2024;17;1.0;759;45;639;44;120;51
TE356;29.01.2024;18;1.0;650;46;594;45;56;53
TE356;29.01.2024;19;1.0;511;47;403;46;108;53
TE356;29.01.2024;20;1.0;398;49;329;48;69;55
TE356;29.01.2024;21;1.0;340;49;296;48;44;56
TE356;29.01.2024;22;1.0;261;51;219;50;42;56
TE356;29.01.2024;23;1.0;170;51;145;51;25;55
TE356;30.01.2024;0;1.0;111;52;103;51;8;61
TE356;30.01.2024;1;1.0;74;54;72;54;2;62
TE356;30.01.2024;2;1.0;69;53;65;53;4;49
TE356;30.01.2024;3;1.0;84;51;80;51;4;58
TE356;30.01.2024;4;1.0;324;53;303;52;21;58
TE356;30.01.2024;5;1.0;863;47;803;46;60;53
TE356;30.01.2024;6;1.0;1133;33;1032;32;101;43
TE356;30.01.2024;7;1.0;1084;21;1001;21;83;23
TE356;30.01.2024;8;1.0;990;17;949;17;41;16
TE356;30.01.2024;9;1.0;973;23;917;23;56;25
TE356;30.01.2024;10;1.0;823;45;693;43;130;50
TE356;30.01.2024;11;1.0;760;45;587;43;173;51
TE356;30.01.2024;12;1.0;712;46;551;45;161;51
TE356;30.01.2024;13;1.0;735;46;580;45;155;51
TE356;30.01.2024;14;1.0;713;46;529;45;184;51
TE356;30.01.2024;15;1.0;767;47;585;45;182;51
TE356;30.01.2024;16;1.0;796;44;633;43;163;49
TE356;30.01.2024;17;1.0;687;44;567;43;120;49
TE356;30.01.2024;18;1.0;665;44;564;44;101;50
TE356;30.01.2024;19;1.0;564;44;440;42;124;49
TE356;30.01.2024;20;1.0;398;47;313;46;85;54
TE356;30.01.2024;21;1.0;365;49;238;46;127;55
TE356;30.01.2024;22;1.0;252;50;173;48;79;55
TE356;30.01.2024;23;1.0;157;51;122;49;35;58
TE356;31.01.2024;0;1.0;130;51;102;50;28;57
TE356;31.01.2024;1;1.0;83;57;76;57;7;58
TE356;31.01.2024;2;1.0;78;55;74;55;4;60
TE356;31.01.2024;3;1.0;90;54;82;54;8;56
TE356;31.01.2024;4;1.0;309;53;266;52;43;57
TE356;31.01.2024;5;1.0;863;48;792;47;71;52
TE356;31.01.2024;6;1.0;1181;39;995;37;186;45
TE356;31.01.2024;7;1.0;1167;36;1009;35;158;42
TE356;31.01.2024;8;1.0;964;17;887;17;77;16
TE356;31.01.2024;9;1.0;830;17;769;17;61;19
TE356;31.01.2024;10;1.0;878;43;758;43;120;50
TE356;31.01.2024;11;1.0;778;47;604;46;174;52
TE356;31.01.2024;12;1.0;818;47;656;46;162;53
TE356;31.01.2024;13;1.0;715;49;545;49;170;53
TE356;31.01.2024;14;1.0;713;50;546;48;167;56
TE356;31.01.2024;15;1.0;750;51;595;49;155;56
TE356;31.01.2024;16;1.0;763;49;599;48;164;54
TE356;31.01.2024;17;1.0;766;49;684;48;82;55
TE356;31.01.2024;18;1.0;719;49;626;49;93;55
TE356;31.01.2024;19;1.0;575;50;472;48;103;56
TE356;31.01.2024;20;1.0;413;50;316;47;97;58
TE356;31.01.2024;21;1.0;355;53;265;50;90;62
TE356;31.01.2024;22;1.0;290;54;221;52;69;60
TE356;31.01.2024;23;1.0;209;52;161;51;48;57
TE357;01.01.2024;10;1.0;90;45;88;45;2;42
TE357;01.01.2024;11;1.0;173;41;173;41;0;-1
TE357;01.01.2024;12;1.0;157;39;153;39;4;45
TE357;01.01.2024;13;1.0;145;43;144;43;1;41
TE357;01.01.2024;14;1.0;219;42;218;42;1;42
TE357;01.01.2024;15;1.0;239;41;238;41;1;42
TE357;01.01.2024;16;1.0;214;41;211;41;3;40
TE357;01.01.2024;17;1.0;222;41;222;41;0;-1
TE357;01.01.2024;18;1.0;174;44;174;44;0;-1
TE357;01.01.2024;19;1.0;158;44;157;44;1;42
TE357;01.01.2024;20;1.0;140;43;139;43;1;39
TE357;01.01.2024;21;1.0;94;40;94;40;0;-1
TE357;01.01.2024;22;1.0;108;45;108;45;0;-1
TE357;01.01.2024;23;1.0;68;42;68;42;0;-1
TE357;02.01.2024;0;1.0;48;46;46;46;2;46
TE357;02.01.2024;1;1.0;42;47;42;47;0;-1
TE357;02.01.2024;2;1.0;21;47;20;47;1;45
TE357;08.01.2024;10;1.0;229;43;225;43;4;42
TE357;08.01.2024;11;1.0;211;43;206;43;5;43
TE357;08.01.2024;12;1.0;217;41;211;41;6;40
TE357;08.01.2024;13;1.0;222;42;214;42;8;38
TE357;08.01.2024;14;1.0;271;41;268;41;3;41
TE357;08.01.2024;15;1.0;288;38;286;38;2;40
TE366;01.01.2024;0;1.0;406;26;386;26;20;27
TE366;01.01.2024;1;1.0;312;33;309;33;3;30
TE366;01.01.2024;2;1.0;164;39;160;39;4;38
TE366;01.01.2024;3;1.0;141;39;139;39;2;36
TE366;01.01.2024;4;1.0;119;39;116;39;3;39
TE366;01.01.2024;5;1.0;98;40;96;40;2;39
TE366;01.01.2024;6;1.0;72;41;71;41;1;37
TE366;01.01.2024;7;1.0;58;43;54;42;4;47
TE366;01.01.2024;8;1.0;39;39;36;40;3;36
TE366;01.01.2024;9;1.0;55;38;49;38;6;35
TE366;01.01.2024;10;1.0;79;34;71;34;8;31
TE366;01.01.2024;11;1.0;123;34;108;34;15;33
TE366;01.01.2024;12;1.0;181;34;160;34;21;33
TE366;01.01.2024;13;1.0;176;33;159;34;17;32
TE366;01.01.2024;14;1.0;166;32;149;32;17;32
TE366;01.01.2024;15;1.0;201;31;182;31;19;32
TE366;01.01.2024;16;1.0;156;32;142;32;14;30
TE366;01.01.2024;17;1.0;186;32;176;32;10;30
TE366;01.01.2024;18;1.0;167;34;161;34;6;32
TE366;01.01.2024;19;1.0;115;37;112;37;3;37
TE366;01.01.2024;20;1.0;105;37;102;37;3;35
TE366;01.01.2024;21;1.0;85;38;82;38;3;33
TE366;01.01.2024;22;1.0;88;37;84;38;4;35
TE366;01.01.2024;23;1.0;47;30;43;30;4;22
TE366;02.01.2024;0;1.0;43;41;41;41;2;36
TE366;02.01.2024;1;1.0;31;43;31;43;0;-1
TE366;02.01.2024;2;1.0;27;40;27;40;0;-1
TE366;02.01.2024;3;1.0;20;41;20;41;0;-1
TE366;02.01.2024;4;1.0;25;36;25;36;0;-1
TE366;02.01.2024;5;1.0;52;38;48;38;4;38
TE366;02.01.2024;6;1.0;121;36;116;36;5;37
TE366;02.01.2024;7;1.0;147;35;142;35;5;34
TE366;02.01.2024;8;1.0;199;34;195;34;4;32
TE366;02.01.2024;9;1.0;235;34;225;34;10;33
TE366;02.01.2024;10;1.0;217;34;198;34;19;33
TE366;02.01.2024;11;1.0;224;36;209;36;15;35
TE366;02.01.2024;12;1.0;286;35;268;35;18;34
TE366;02.01.2024;13;1.0;259;34;241;34;18;33
TE366;02.01.2024;14;1.0;287;35;271;35;16;33
TE366;02.01.2024;15;1.0;329;33;309;33;20;34
TE366;02.01.2024;16;1.0;340;34;322;34;18;35
TE366;02.01.2024;17;1.0;327;35;316;35;11;35
TE366;02.01.2024;18;1.0;272;38;261;38;11;38
TE366;02.01.2024;19;1.0;201;37;197;37;4;40
TE366;02.01.2024;20;1.0;108;41;105;41;3;39
TE366;02.01.2024;21;1.0;126;38;122;38;4;36
TE366;02.01.2024;22;1.0;137;39;134;39;3;37
TE366;02.01.2024;23;1.0;79;41;76;41;3;41
TE366;03.01.2024;0;1.0;42;42;40;42;2;37
TE366;03.01.2024;1;1.0;31;44;31;44;0;-1
TE366;03.01.2024;2;1.0;16;40;16;40;0;-1
TE366;03.01.2024;3;1.0;20;40;19;40;1;47
TE366;03.01.2024;4;1.0;28;41;27;42;1;33
TE366;03.01.2024;5;1.0;61;38;55;38;6;39
TE366;03.01.2024;6;1.0;120;38;110;38;10;36
TE366;03.01.2024;7;1.0;170;36;158;36;12;37
TE366;03.01.2024;8;1.0;261;34;242;34;19;35
TE366;03.01.2024;9;1.0;260;35;230;35;30;35
TE366;03.01.2024;10;1.0;261;35;229;35;32;34
TE366;03.01.2024;11;1.0;266;34;225;34;41;33
TE366;03.01.2024;12;1.0;277;34;252;34;25;32
TE366;03.01.2024;13;1.0;305;33;260;34;45;32
TE366;03.01.2024;14;1.0;384;35;354;35;30;35
TE366;03.01.2024;15;1.0;490;31;452;32;38;30
TE366;03.01.2024;16;1.0;458;32;428;32;30;32
TE366;03.01.2024;17;1.0;378;33;361;33;17;33
TE366;03.01.2024;18;1.0;342;34;332;34;10;35
TE366;03.01.2024;19;1.0;217;34;208;34;9;34
TE366;03.01.2024;20;1.0;142;36;137;36;5;34
TE366;03.01.2024;21;1.0;124;39;121;39;3;38
TE366;03.01.2024;22;1.0;120;39;113;39;7;39
TE366;03.01.2024;23;1.0;80;41;76;41;4;40
TE366;04.01.2024;0;1.0;38;38;36;38;2;40
TE366;04.01.2024;1;1.0;16;45;16;45;0;-1
TE366;04.01.2024;2;1.0;11;39;11;39;0;-1
TE366;04.01.2024;3;1.0;26;44;26;44;0;-1
TE366;04.01.2024;4;1.0;27;44;25;45;2;37
TE366;04.01.2024;5;1.0;63;44;61;44;2;41
TE366;04.01.2024;6;1.0;119;41;117;41;2;38
TE366;04.01.2024;7;1.0;171;37;167;37;4;33
TE366;04.01.2024;8;1.0;298;35;286;35;12;35
TE366;04.01.2024;9;1.0;309;36;300;36;9;34
TE366;04.01.2024;10;1.0;291;35;262;35;29;36
TE366;04.01.2024;11;1.0;314;35;296;35;18;35
TE366;04.01.2024;12;1.0;370;33;351;33;19;31
TE366;04.01.2024;13;1.0;343;32;327;33;16;33
TE366;04.01.2024;14;1.0;458;34;435;34;23;32
TE366;04.01.2024;15;1.0;479;32;449;32;30;31
TE366;04.01.2024;16;1.0;555;35;531;35;24;34
TE366;04.01.2024;17;1.0;477;37;469;37;8;36
TE366;04.01.2024;18;1.0;360;37;351;38;9;33
TE366;04.01.2024;19;1.0;258;38;252;38;6;37
TE366;04.01.2024;20;1.0;162;36;161;36;1;34
TE366;04.01.2024;21;1.0;140;38;137;38;3;34
TE366;04.01.2024;22;1.0;156;39;153;39;3;38
TE366;04.01.2024;23;1.0;104;41;98;41;6;40
TE366;05.01.2024;0;1.0;60;43;57;43;3;43
TE366;05.01.2024;1;1.0;35;41;35;41;0;-1
TE366;05.01.2024;2;1.0;25;39;25;39;0;-1
TE366;05.01.2024;3;1.0;24;42;21;43;3;38
TE366;05.01.2024;4;1.0;28;45;26;47;2;27
TE366;05.01.2024;5;1.0;65;44;59;44;6;42
TE366;05.01.2024;6;1.0;117;40;112;41;5;39
TE366;05.01.2024;7;1.0;164;38;145;38;19;36
TE366;05.01.2024;8;1.0;237;36;227;36;10;37
TE366;05.01.2024;9;1.0;251;39;239;39;12;36
TE366;05.01.2024;10;1.0;278;37;255;37;23;37
TE366;05.01.2024;11;1.0;297;31;260;31;37;33
TE366;05.01.2024;12;1.0;371;34;352;34;19;37
TE366;05.01.2024;13;1.0;372;33;340;33;32;32
TE366;05.01.2024;14;1.0;452;35;430;35;22;37
TE366;05.01.2024;15;1.0;466;34;442;34;24;37
TE366;05.01.2024;16;1.0;407;34;388;34;19;37
TE366;05.01.2024;17;1.0;420;37;405;37;15;36
TE366;05.01.2024;18;1.0;345;38;336;38;9;39
TE366;05.01.2024;19;1.0;263;40;259;40;4;42
TE366;05.01.2024;20;1.0;195;40;194;40;1;44
TE366;05.01.2024;21;1.0;160;39;155;39;5;39
TE366;05.01.2024;22;1.0;184;39;181;39;3;38
TE366;05.01.2024;23;1.0;126;42;122;42;4;40
TE366;06.01.2024;0;1.0;101;41;98;41;3;42
TE366;06.01.2024;1;1.0;64;45;63;45;1;42
TE366;06.01.2024;2;1.0;46;43;46;43;0;-1
TE366;06.01.2024;3;1.0;32;40;30;39;2;42
TE366;06.01.2024;4;1.0;36;45;36;45;0;-1
TE366;06.01.2024;5;1.0;50;42;48;42;2;42
TE366;06.01.2024;6;1.0;47;42;44;42;3;39
TE366;06.01.2024;7;1.0;52;39;47;38;5;41
TE366;06.01.2024;8;1.0;48;39;44;39;4;40
TE366;06.01.2024;9;1.0;97;39;93;39;4;30
TE366;06.01.2024;10;1.0;154;36;139;37;15;31
TE366;06.01.2024;11;1.0;173;38;154;38;19;38
TE366;06.01.2024;12;1.0;231;35;217;35;14;36
TE366;06.01.2024;13;1.0;281;36;267;36;14;36
TE366;06.01.2024;14;1.0;279;35;267;35;12;35
TE366;06.01.2024;15;1.0;362;34;347;34;15;35
TE366;06.01.2024;16;1.0;308;35;297;35;11;34
TE366;06.01.2024;17;1.0;324;36;318;36;6;38
TE366;06.01.2024;18;1.0;337;32;331;32;6;34
TE366;06.01.2024;19;1.0;207;36;200;36;7;37
TE366;06.01.2024;20;1.0;191;38;186;38;5;39
TE366;06.01.2024;21;1.0;182;36;175;36;7;33
TE366;06.01.2024;22;1.0;190;37;183;37;7;36
TE366;06.01.2024;23;1.0;130;40;126;40;4;39
TE366;07.01.2024;0;1.0;127;42;124;42;3;44
TE366;07.01.2024;1;1.0;68;44;67;44;1;41
TE366;07.01.2024;2;1.0;42;45;42;45;0;-1
TE366;07.01.2024;3;1.0;41;42;41;42;0;-1
TE366;07.01.2024;4;1.0;39;38;39;38;0;-1
TE366;07.01.2024;5;1.0;39;38;39;38;0;-1
TE366;07.01.2024;6;1.0;32;39;31;40;1;36
TE366;07.01.2024;7;1.0;34;41;31;41;3;39
TE366;07.01.2024;8;1.0;42;37;37;38;5;33
TE366;07.01.2024;9;1.0;67;38;61;38;6;42
TE366;07.01.2024;10;1.0;111;36;105;37;6;33
TE366;07.01.2024;11;1.0;142;35;130;35;12;36
TE366;07.01.2024;12;1.0;160;34;149;34;11;33
TE366;07.01.2024;13;1.0;176;34;165;34;11;31
TE366;07.01.2024;14;1.0;214;34;207;34;7;30
TE366;07.01.2024;15;1.0;287;33;276;33;11;35
TE366;07.01.2024;16;1.0;226;33;213;33;13;35
TE366;07.01.2024;17;1.0;214;35;208;35;6;36
TE367;01.01.2024;0;1.0;1059;48;995;47;63;63
TE367;01.01.2024;1;1.0;1303;49;1206;47;97;70
TE367;01.01.2024;2;1.0;1239;47;1212;46;27;64
TE367;01.01.2024;6;1.0;545;55;532;54;13;75
TE367;01.01.2024;10;1.0;442;51;425;51;17;53
TE367;01.01.2024;11;1.0;595;49;579;49;16;54
TE367;01.01.2024;12;1.0;769;47;750;47;19;56
TE367;01.01.2024;13;1.0;933;49;891;48;42;66
TE367;01.01.2024;14;1.0;1036;48;1016;48;20;57
TE367;01.01.2024;15;1.0;1172;48;1124;47;48;70
TE367;01.01.2024;16;1.0;1133;46;1084;45;49;52
TE367;01.01.2024;17;1.0;1210;43;1127;41;83;62
TE367;01.01.2024;18;1.0;1259;48;1116;46;143;63
TE367;01.01.2024;19;1.0;1098;50;965;47;133;74
TE367;01.01.2024;23;1.0;524;52;506;51;18;64
TE367;02.01.2024;0;1.0;375;52;359;52;16;64
TE367;02.01.2024;1;1.0;279;54;268;54;11;58
TE367;02.01.2024;2;1.0;206;55;200;55;6;56
TE367;02.01.2024;3;1.0;203;53;191;53;12;55
TE367;02.01.2024;4;1.0;223;57;199;56;24;60
TE367;02.01.2024;5;1.0;456;50;431;50;25;49
TE367;02.01.2024;6;1.0;690;50;626;49;64;63
TE367;02.01.2024;7;1.0;864;46;830;46;34;48
TE367;02.01.2024;8;1.0;1151;48;1080;47;71;53
TE367;02.01.2024;9;1.0;1164;48;1120;47;44;49
TE367;02.01.2024;10;1.0;1356;47;1288;47;68;52
TE367;02.01.2024;11;1.0;1379;42;1339;42;40;43
TE367;02.01.2024;12;1.0;1555;43;1457;42;98;55
TE367;02.01.2024;13;1.0;1630;36;1570;37;60;35
TE367;02.01.2024;14;1.0;1694;36;1656;36;38;34
TE367;02.01.2024;15;1.0;1705;25;1662;25;43;24
TE367;02.01.2024;16;1.0;1718;28;1681;28;37;24
TE367;02.01.2024;17;1.0;1758;24;1722;24;36;25
TE367;02.01.2024;18;1.0;1696;29;1646;29;50;25
TE367;02.01.2024;19;1.0;1423;42;1412;43;11;40
TE367;02.01.2024;20;1.0;1192;41;1188;41;4;38
TE367;02.01.2024;21;1.0;912;46;905;46;7;47
TE367;02.01.2024;22;1.0;876;47;862;47;14;47
TE367;02.01.2024;23;1.0;605;50;602;50;3;46
TE367;03.01.2024;0;1.0;412;52;401;52;11;54
TE367;03.01.2024;1;1.0;231;53;226;53;5;52
TE367;03.01.2024;2;1.0;255;54;247;53;8;53
TE367;03.01.2024;3;1.0;209;54;193;54;16;54
TE367;03.01.2024;4;1.0;269;55;233;55;36;51
TE367;03.01.2024;5;1.0;479;50;455;50;24;50
TE367;03.01.2024;6;1.0;846;53;721;51;125;67
TE367;03.01.2024;7;1.0;1137;51;942;48;195;63
TE367;03.01.2024;8;1.0;1422;49;1186;45;236;68
TE367;03.01.2024;9;1.0;1469;49;1211;45;258;64
TE367;03.01.2024;10;1.0;1586;44;1398;44;188;50
TE367;03.01.2024;11;1.0;1491;40;1367;40;124;41
TE367;03.01.2024;12;1.0;1550;41;1420;41;130;46
TE367;03.01.2024;13;1.0;1576;39;1504;40;72;40
TE367;03.01.2024;14;1.0;1778;35;1643;35;135;35
TE367;03.01.2024;15;1.0;1651;21;1570;21;81;21
TE367;03.01.2024;16;1.0;1390;25;1338;25;52;20
TE367;03.01.2024;17;1.0;1698;31;1619;31;79;31
TE367;03.01.2024;18;1.0;1685;38;1635;38;50;36
TE367;03.01.2024;19;1.0;1351;44;1325;44;26;44
TE367;03.01.2024;20;1.0;1138;44;1098;44;40;45
TE367;03.01.2024;21;1.0;901;48;877;47;24;56
TE367;03.01.2024;22;1.0;914;47;890;46;24;57
TE367;03.01.2024;23;1.0;691;50;660;49;31;66
TE367;04.01.2024;3;1.0;227;53;207;54;20;53
TE367;04.01.2024;4;1.0;260;61;235;59;26;74
TE367;04.01.2024;5;1.0;545;60;454;56;91;79
TE367;04.01.2024;6;1.0;1018;60;744;54;274;76
TE367;04.01.2024;7;1.0;1183;53;1014;49;169;74
TE367;04.01.2024;8;1.0;1530;45;1390;45;140;50
TE367;04.01.2024;9;1.0;1525;42;1416;42;109;42
TE367;04.01.2024;10;1.0;1507;41;1368;41;139;46
TE367;04.01.2024;11;1.0;1608;39;1507;40;101;39
TE367;04.01.2024;12;1.0;1634;38;1575;39;59;37
TE367;04.01.2024;13;1.0;1618;36;1552;36;66;36
TE367;04.01.2024;14;1.0;1847;26;1778;26;69;23
TE367;04.01.2024;15;1.0;1786;20;1695;20;91;20
TE367;04.01.2024;16;1.0;1666;19;1583;19;83;19
TE367;04.01.2024;17;1.0;1740;23;1656;23;84;20
TE367;04.01.2024;18;1.0;1802;31;1743;31;59;29
TE367;04.01.2024;19;1.0;1444;43;1419;43;25;38
TE367;04.01.2024;20;1.0;1164;46;1138;46;26;44
TE367;04.01.2024;21;1.0;868;50;850;50;18;50
TE367;04.01.2024;22;1.0;969;48;960;48;9;43
TE367;04.01.2024;23;1.0;695;51;684;51;11;50
TE367;05.01.2024;0;1.0;446;54;438;54;8;57
TE367;05.01.2024;1;1.0;265;54;260;54;5;56
TE367;05.01.2024;2;1.0;249;58;236;58;13;57
TE367;05.01.2024;3;1.0;215;56;197;56;18;56
TE367;05.01.2024;4;1.0;255;54;230;54;25;54
TE367;05.01.2024;5;1.0;471;53;433;53;38;53
TE367;05.01.2024;6;1.0;751;53;652;52;99;58
TE367;05.01.2024;7;1.0;1083;48;985;48;98;53
TE367;05.01.2024;8;1.0;1276;52;1095;48;181;76
TE367;05.01.2024;9;1.0;1255;45;1219;45;36;40
TE367;05.01.2024;10;1.0;1483;43;1418;43;65;49
TE367;05.01.2024;11;1.0;1534;40;1471;40;63;39
TE367;05.01.2024;12;1.0;1611;35;1546;35;65;33
TE367;05.01.2024;13;1.0;1567;30;1501;30;66;30
TE367;05.01.2024;14;1.0;1387;25;1315;25;72;23
TE367;05.01.2024;15;1.0;1571;30;1515;30;56;28
TE367;05.01.2024;16;1.0;1682;27;1618;27;64;28
TE367;05.01.2024;17;1.0;1771;33;1723;33;48;34
TE367;05.01.2024;18;1.0;1707;40;1577;38;131;59
TE367;05.01.2024;19;1.0;1726;46;1560;44;166;67
TE367;05.01.2024;21;1.0;1071;51;1005;49;66;80
TE367;06.01.2024;0;1.0;752;55;711;54;41;78
TE367;06.01.2024;1;1.0;497;55;495;55;2;54
TE367;06.01.2024;2;1.0;365;57;358;57;7;57
TE367;06.01.2024;3;1.0;345;57;339;57;6;58
TE367;06.01.2024;4;1.0;332;59;314;59;18;62
TE367;06.01.2024;5;1.0;319;57;303;57;16;62
TE367;06.01.2024;6;1.0;331;55;317;55;14;56
TE367;06.01.2024;7;1.0;402;56;374;55;28;60
TE367;06.01.2024;8;1.0;486;53;472;53;14;56
TE367;06.01.2024;9;1.0;718;52;685;52;33;58
TE367;06.01.2024;10;1.0;976;50;919;48;57;69
TE367;06.01.2024;11;1.0;1148;49;1053;48;95;69
TE367;06.01.2024;12;1.0;1327;47;1263;45;64;72
TE367;06.01.2024;13;1.0;1651;45;1436;42;216;63
TE367;06.01.2024;14;1.0;1663;46;1555;44;108;77
TE367;06.01.2024;15;1.0;1742;41;1611;40;131;65
TE367;06.01.2024;16;1.0;1792;44;1631;41;161;77
TE367;06.01.2024;17;1.0;1707;45;1563;42;144;80
TE367;06.01.2024;18;1.0;1569;46;1533;45;36;47
TE367;06.01.2024;19;1.0;1428;48;1380;47;48;58
TE367;06.01.2024;21;1.0;1074;49;1063;49;11;55
TE367;06.01.2024;22;1.0;1251;45;1239;45;12;45
TE367;06.01.2024;23;1.0;990;49;985;49;5;52
TE367;07.01.2024;0;1.0;761;53;756;53;5;55
TE367;07.01.2024;1;1.0;600;54;594;54;6;50
TE367;07.01.2024;2;1.0;455;57;455;57;0;-1
TE367;07.01.2024;3;1.0;388;56;382;56;6;49
TE367;07.01.2024;4;1.0;271;45;265;45;6;45
TE367;07.01.2024;5;1.0;305;50;302;50;3;51
TE367;07.01.2024;6;1.0;262;50;260;50;2;50
TE367;07.01.2024;7;1.0;260;54;250;54;10;54
TE367;07.01.2024;8;1.0;302;56;295;56;7;54
TE367;07.01.2024;9;1.0;514;52;507;52;7;53
TE367;07.01.2024;10;1.0;654;50;649;50;5;50
TE367;07.01.2024;11;1.0;852;48;844;48;8;48
TE367;07.01.2024;12;1.0;1033;47;1024;47;9;45
TE367;07.01.2024;13;1.0;1311;43;1292;43;19;38
TE367;07.01.2024;14;1.0;1495;41;1460;41;35;35
TE367;07.01.2024;15;1.0;1448;40;1432;40;16;21
TE367;07.01.2024;16;1.0;1496;38;1488;38;8;40
TE367;07.01.2024;17;1.0;1626;37;1600;37;26;41
TE367;07.01.2024;18;1.0;1493;41;1490;41;3;46
TE367;07.01.2024;19;1.0;1226;44;1222;44;4;50
TE367;07.01.2024;20;1.0;984;45;978;45;6;49
TE367;07.01.2024;21;1.0;943;37;915;37;27;39
TE367;09.01.2024;22;1.0;950;38;932;38;18;39
TE367;09.01.2024;23;1.0;589;50;575;50;14;55
TE367;10.01.2024;0;1.0;387;52;372;52;15;51
TE367;10.01.2024;1;1.0;251;51;244;51;7;51
TE367;10.01.2024;2;1.0;200;53;186;53;14;51
TE367;10.01.2024;3;1.0;205;52;196;52;9;49
TE367;10.01.2024;4;1.0;288;54;261;53;27;62
TE367;10.01.2024;5;1.0;598;53;532;51;66;70
TE367;10.01.2024;6;1.0;1236;48;1059;46;177;58
TE367;10.01.2024;7;1.0;1519;42;1395;40;124;58
TE367;10.01.2024;8;1.0;1663;42;1524;40;139;59
TE367;10.01.2024;9;1.0;1666;34;1463;29;203;66
TE367;10.01.2024;11;1.0;1821;41;1525;38;296;58
TE367;10.01.2024;13;1.0;1702;32;1507;31;195;36
TE367;10.01.2024;14;1.0;1514;22;1425;22;89;20
TE367;10.01.2024;15;1.0;1652;17;1582;17;70;19
TE367;10.01.2024;16;1.0;1444;17;1382;17;62;16
TE367;10.01.2024;17;1.0;1485;16;1435;16;50;18
TE367;10.01.2024;18;1.0;1730;19;1682;19;48;20
TE367;10.01.2024;19;1.0;1810;31;1760;31;50;31
TE367;10.01.2024;20;1.0;1435;39;1415;39;20;42
TE367;10.01.2024;21;1.0;1178;39;1165;39;13;42
TE367;10.01.2024;22;1.0;1181;43;1165;43;16;46
TE367;10.01.2024;23;1.0;978;43;955;43;23;42
TE367;11.01.2024;0;1.0;427;50;422;50;5;52
TE367;11.01.2024;1;1.0;270;55;262;55;8;54
TE367;11.01.2024;2;1.0;190;57;184;57;6;56
TE367;11.01.2024;3;1.0;216;53;212;53;4;56
TE367;11.01.2024;4;1.0;278;50;268;50;10;52
TE367;11.01.2024;5;1.0;565;49;558;49;7;45
TE367;11.01.2024;6;1.0;961;50;953;50;8;49
TE367;11.01.2024;7;1.0;1520;43;1496;43;24;42
TE367;11.01.2024;8;1.0;1729;36;1703;36;26;31
TE367;11.01.2024;9;1.0;1617;35;1565;35;52;27
TE367;11.01.2024;10;1.0;1724;31;1654;32;70;26
TE367;11.01.2024;11;1.0;1773;40;1582;37;192;65
TE367;11.01.2024;12;1.0;1521;29;1447;28;74;31
TE367;11.01.2024;13;1.0;1565;17;1504;17;61;14
TE367;11.01.2024;15;1.0;1651;18;1604;18;47;19
TE367;11.01.2024;16;1.0;1473;18;1426;18;47;18
TE367;11.01.2024;17;1.0;1348;16;1290;16;58;15
TE367;11.01.2024;18;1.0;1453;15;1407;15;46;18
TE367;11.01.2024;19;1.0;1421;19;1385;19;36;18
TE367;11.01.2024;23;1.0;819;48;808;48;11;46
TE367;12.01.2024;0;1.0;485;54;478;53;7;56
TE367;12.01.2024;1;1.0;320;56;312;56;8;50
TE367;12.01.2024;2;1.0;265;55;258;55;7;55
TE367;12.01.2024;3;1.0;251;53;247;53;4;53
TE367;12.01.2024;4;1.0;275;52;264;52;11;52
TE367;12.01.2024;5;1.0;589;58;513;55;76;78
TE367;12.01.2024;6;1.0;1277;57;982;51;295;76
TE367;12.01.2024;7;1.0;1474;51;1235;45;239;79
TE367;12.01.2024;8;1.0;1598;39;1479;38;119;55
TE367;12.01.2024;9;1.0;1654;41;1574;41;80;41
TE367;12.01.2024;10;1.0;1631;36;1586;36;45;35
TE367;12.01.2024;11;1.0;1717;37;1660;37;57;36
TE367;12.01.2024;14;1.0;1748;19;1697;19;51;20
TE367;12.01.2024;15;1.0;1615;19;1562;19;53;20
TE367;12.01.2024;16;1.0;1623;20;1567;20;56;18
TE367;12.01.2024;17;1.0;1919;26;1887;26;32;25
TE367;12.01.2024;18;1.0;1778;19;1744;19;34;18
TE367;12.01.2024;19;1.0;1760;35;1744;35;16;46
TE367;12.01.2024;20;1.0;1471;39;1460;39;11;46
TE367;12.01.2024;21;1.0;1246;43;1240;44;6;38
TE367;12.01.2024;22;1.0;1316;42;1302;42;14;39
TE367;12.01.2024;23;1.0;1100;45;1093;45;7;40
TE367;13.01.2024;0;1.0;831;50;824;50;7;49
TE367;13.01.2024;1;1.0;625;53;618;53;7;46
TE367;13.01.2024;2;1.0;472;56;469;56;3;50
TE367;13.01.2024;3;1.0;382;56;381;56;1;55
TE367;13.01.2024;4;1.0;291;59;288;59;3;58
TE367;13.01.2024;5;1.0;353;54;349;54;4;54
TE367;13.01.2024;6;1.0;367;55;357;55;10;63
TE367;13.01.2024;7;1.0;448;55;396;52;52;75
TE367;13.01.2024;8;1.0;691;54;571;52;120;63
TE367;13.01.2024;9;1.0;965;55;841;52;124;75
TE367;13.01.2024;10;1.0;1119;51;972;48;146;76
TE367;13.01.2024;11;1.0;1339;35;1322;35;19;30
TE367;13.01.2024;12;1.0;1531;37;1482;36;49;43
TE367;13.01.2024;14;1.0;1744;36;1722;36;22;30
TE367;13.01.2024;15;1.0;1829;22;1783;22;46;26
TE367;13.01.2024;16;1.0;1326;40;1311;40;15;34
TE367;13.01.2024;17;1.0;1631;29;1598;29;33;25
TE367;13.01.2024;18;1.0;1629;34;1606;34;23;32
TE367;13.01.2024;19;1.0;1532;42;1518;42;14;38
TE367;13.01.2024;20;1.0;1379;42;1366;42;13;41
TE367;13.01.2024;21;1.0;1216;44;1205;44;11;37
TE367;13.01.2024;22;1.0;1210;45;1202;45;8;36
TE367;13.01.2024;23;1.0;1252;44;1245;44;7;39
TE367;14.01.2024;0;1.0;967;47;957;47;10;50
TE367;14.01.2024;1;1.0;764;49;761;49;3;53
TE367;14.01.2024;2;1.0;567;54;567;54;0;-1
TE367;14.01.2024;3;1.0;495;55;494;55;1;65
TE367;14.01.2024;4;1.0;320;57;318;57;2;59
TE367;14.01.2024;5;1.0;330;56;323;56;7;59
TE367;14.01.2024;6;1.0;305;56;303;56;2;59
TE367;14.01.2024;7;1.0;258;54;258;54;0;-1
TE367;14.01.2024;8;1.0;360;51;356;51;4;44
TE367;14.01.2024;9;1.0;644;51;636;51;8;51
TE367;14.01.2024;10;1.0;785;48;782;48;3;47
TE367;14.01.2024;11;1.0;1038;46;1024;46;14;43
TE367;14.01.2024;12;1.0;1220;43;1208;43;12;38
TE367;14.01.2024;13;1.0;1416;41;1411;41;5;42
TE367;14.01.2024;14;1.0;1673;38;1653;38;20;42
TE367;14.01.2024;15;1.0;1683;39;1665;39;18;37
TE367;14.01.2024;16;1.0;1571;40;1526;40;45;36
TE367;14.01.2024;17;1.0;1568;42;1539;42;29;34
TE367;14.01.2024;18;1.0;1447;44;1434;44;13;41
TE367;14.01.2024;19;1.0;1105;47;1100;47;5;45
TE367;14.01.2024;20;1.0;976;46;973;46;3;45
TE367;14.01.2024;21;1.0;820;49;815;49;5;48
TE367;14.01.2024;22;1.0;922;47;920;47;2;50
TE367;14.01.2024;23;1.0;539;52;532;52;7;54
TE367;15.01.2024;0;1.0;350;53;344;53;6;56
TE367;15.01.2024;1;1.0;226;57;220;57;6;60
TE367;15.01.2024;2;1.0;185;56;178;56;7;59
TE367;15.01.2024;3;1.0;192;53;184;53;8;53
TE367;15.01.2024;4;1.0;237;57;217;57;20;57
TE367;15.01.2024;5;1.0;606;47;535;46;71;56
TE367;15.01.2024;6;1.0;1009;54;826;51;184;69
TE367;15.01.2024;7;1.0;1371;51;1172;46;199;75
TE367;15.01.2024;8;1.0;1416;41;1328;40;88;43
TE367;15.01.2024;9;1.0;1323;40;1250;40;73;46
TE367;15.01.2024;10;1.0;1055;47;997;47;58;47
TE367;15.01.2024;11;1.0;1249;43;1199;44;50;42
TE367;15.01.2024;12;1.0;1455;42;1388;42;67;41
TE367;15.01.2024;13;1.0;1711;40;1614;40;97;41
TE367;15.01.2024;14;1.0;1804;31;1739;31;65;32
TE367;15.01.2024;15;1.0;1712;21;1641;21;71;21
TE367;15.01.2024;16;1.0;1702;30;1655;30;47;31
TE367;15.01.2024;17;1.0;1712;23;1663;23;49;24
TE367;15.01.2024;18;1.0;1790;30;1748;31;42;30
TE367;15.01.2024;19;1.0;1438;42;1426;42;12;38
TE367;15.01.2024;20;1.0;1149;43;1137;43;12;44
TE367;15.01.2024;21;1.0;862;48;855;49;7;40
TE367;15.01.2024;22;1.0;920;49;910;49;10;45
TE367;15.01.2024;23;1.0;551;52;544;52;7;50
TE367;16.01.2024;0;1.0;353;47;346;47;7;47
TE367;16.01.2024;1;1.0;203;53;195;53;8;53
TE367;16.01.2024;2;1.0;144;43;141;42;3;39
TE367;16.01.2024;3;1.0;182;46;170;46;12;45
TE367;16.01.2024;4;1.0;208;49;193;49;15;50
TE367;16.01.2024;5;1.0;546;38;537;38;9;34
TE367;16.01.2024;6;1.0;1111;34;1106;34;5;43
TE367;16.01.2024;7;1.0;1496;34;1459;34;37;33
TE367;16.01.2024;8;1.0;1538;36;1504;36;34;29
TE367;16.01.2024;9;1.0;1684;44;1584;44;100;57
TE367;16.01.2024;10;1.0;1730;31;1681;31;49;33
TE367;16.01.2024;11;1.0;1709;28;1654;28;55;31
TE367;16.01.2024;12;1.0;1643;31;1578;31;65;31
TE367;16.01.2024;13;1.0;1778;25;1735;25;43;26
TE367;16.01.2024;14;1.0;1710;23;1645;23;65;21
TE367;16.01.2024;15;1.0;1530;19;1471;19;59;19
TE367;16.01.2024;16;1.0;1498;17;1441;17;57;19
TE367;16.01.2024;17;1.0;1612;18;1572;18;40;20
TE367;16.01.2024;18;1.0;1718;22;1671;22;47;20
TE367;16.01.2024;19;1.0;1697;28;1673;28;24;26
TE367;16.01.2024;20;1.0;1215;43;1208;43;7;37
TE367;16.01.2024;21;1.0;984;47;981;47;3;44
TE367;16.01.2024;22;1.0;1004;46;994;46;10;47
TE367;16.01.2024;23;1.0;675;50;673;50;2;48
TE367;17.01.2024;0;1.0;442;50;425;50;17;50
TE367;17.01.2024;1;1.0;280;50;268;50;12;50
TE367;17.01.2024;2;1.0;201;52;193;53;8;50
TE367;17.01.2024;3;1.0;207;51;191;51;16;50
TE367;17.01.2024;4;1.0;265;52;240;52;25;51
TE367;17.01.2024;5;1.0;514;49;475;48;39;53
TE367;17.01.2024;6;1.0;962;48;903;48;59;49
TE367;17.01.2024;7;1.0;1566;46;1372;44;194;62
TE367;17.01.2024;8;1.0;1725;45;1502;41;223;75
TE367;17.01.2024;9;1.0;1714;36;1451;30;263;68
TE367;17.01.2024;10;1.0;1770;39;1578;37;192;58
TE367;17.01.2024;11;1.0;1810;40;1522;36;288;63
TE367;17.01.2024;12;1.0;1750;33;1611;33;139;32
TE367;17.01.2024;13;1.0;1727;37;1634;37;93;38
TE367;17.01.2024;14;1.0;1741;28;1661;28;80;26
TE367;17.01.2024;15;1.0;1676;21;1604;21;72;19
TE367;17.01.2024;16;1.0;1584;18;1524;18;60;18
TE367;17.01.2024;17;1.0;1498;19;1446;19;52;18
TE367;17.01.2024;18;1.0;1705;21;1658;21;47;21
TE367;17.01.2024;19;1.0;1682;36;1655;36;27;31
TE367;17.01.2024;20;1.0;1367;40;1352;40;15;33
TE367;17.01.2024;21;1.0;1077;45;1065;45;12;41
TE367;17.01.2024;22;1.0;961;46;958;46;3;41
TE367;17.01.2024;23;1.0;669;50;668;50;1;31
TE367;18.01.2024;0;1.0;466;54;457;54;9;54
TE367;18.01.2024;1;1.0;272;56;268;56;4;58
TE367;18.01.2024;2;1.0;225;57;220;57;5;60
TE367;18.01.2024;3;1.0;244;56;234;56;10;52
TE367;18.01.2024;4;1.0;287;57;271;57;16;65
TE367;18.01.2024;5;1.0;518;55;496;55;22;64
TE367;18.01.2024;6;1.0;1064;55;935;52;129;77
TE367;18.01.2024;7;1.0;1671;55;1333;47;338;86
TE367;18.01.2024;8;1.0;1747;41;1663;40;84;44
TE367;18.01.2024;9;1.0;1670;40;1601;40;69;42
TE367;18.01.2024;10;1.0;1691;35;1599;35;92;38
TE367;18.01.2024;11;1.0;1804;41;1651;41;153;46
TE367;18.01.2024;12;1.0;1749;37;1646;37;103;36
TE367;18.01.2024;13;1.0;1712;32;1608;32;104;33
TE367;18.01.2024;14;1.0;1840;36;1706;35;134;41
TE367;18.01.2024;15;1.0;1688;21;1617;21;71;22
TE367;18.01.2024;16;1.0;1631;17;1566;17;67;15
TE367;18.01.2024;17;1.0;1677;20;1615;20;62;21
TE367;18.01.2024;18;1.0;1572;21;1521;21;51;20
TE367;18.01.2024;19;1.0;1734;30;1677;30;57;26
TE367;18.01.2024;20;1.0;1343;42;1312;42;31;39
TE367;18.01.2024;21;1.0;1102;45;1085;45;17;43
TE367;18.01.2024;22;1.0;1184;42;1170;42;14;42
TE367;18.01.2024;23;1.0;837;43;825;43;11;45
TE367;19.01.2024;0;1.0;509;49;494;49;15;49
TE367;19.01.2024;1;1.0;363;51;357;51;6;48
TE367;19.01.2024;2;1.0;248;53;235;53;13;53
TE367;19.01.2024;3;1.0;258;52;245;52;13;52
TE367;19.01.2024;4;1.0;289;51;265;51;24;49
TE367;19.01.2024;5;1.0;546;53;498;52;48;61
TE367;19.01.2024;6;1.0;951;47;855;46;96;61
TE367;19.01.2024;7;1.0;1412;48;1166;44;246;66
TE367;19.01.2024;8;1.0;1754;41;1603;40;151;59
TE367;19.01.2024;9;1.0;1474;42;1376;42;98;43
TE367;19.01.2024;10;1.0;1674;40;1409;37;265;54
TE367;19.01.2024;11;1.0;1736;41;1547;40;189;50
TE367;19.01.2024;12;1.0;1735;30;1580;30;155;32
TE367;19.01.2024;13;1.0;1530;22;1425;22;105;22
TE367;19.01.2024;14;1.0;1822;24;1723;25;99;24
TE367;19.01.2024;15;1.0;1689;17;1623;17;66;19
TE367;19.01.2024;16;1.0;1635;28;1589;28;46;29
TE367;19.01.2024;17;1.0;1596;26;1554;26;42;28
TE367;19.01.2024;18;1.0;1629;30;1595;30;34;29
TE367;19.01.2024;19;1.0;1638;29;1591;29;47;27
TE367;19.01.2024;20;1.0;1427;37;1392;38;35;39
TE367;19.01.2024;21;1.0;1203;41;1183;41;20;42
TE367;19.01.2024;22;1.0;1275;41;1265;41;10;38
TE367;19.01.2024;23;1.0;1036;44;1023;44;13;42
TE367;20.01.2024;0;1.0;912;46;894;46;18;46
TE367;20.01.2024;1;1.0;664;48;647;48;17;48
TE367;20.01.2024;2;1.0;523;52;520;52;3;51
TE367;20.01.2024;3;1.0;377;53;362;53;15;50
TE367;20.01.2024;4;1.0;308;49;294;49;13;46
TE367;20.01.2024;5;1.0;389;43;372;43;17;41
TE367;20.01.2024;6;1.0;403;51;384;51;19;52
TE367;20.01.2024;7;1.0;449;51;408;50;41;55
TE367;20.01.2024;8;1.0;649;49;624;49;25;50
TE367;20.01.2024;9;1.0;920;47;877;47;43;50
TE367;20.01.2024;10;1.0;1245;49;1108;46;137;72
TE367;20.01.2024;11;1.0;1362;47;1214;45;148;61
TE367;20.01.2024;12;1.0;1498;45;1377;42;121;75
TE367;20.01.2024;13;1.0;1073;44;1008;43;65;63
TE367;20.01.2024;14;1.0;1335;34;1303;35;32;26
TE367;20.01.2024;15;1.0;1754;38;1704;38;50;33
TE367;20.01.2024;16;1.0;1688;35;1650;35;38;34
TE367;20.01.2024;17;1.0;1725;29;1671;29;54;24
TE367;20.01.2024;18;1.0;1590;31;1525;31;65;31
TE367;20.01.2024;19;1.0;1649;37;1610;37;39;36
TE367;20.01.2024;20;1.0;1385;40;1359;40;26;38
TE367;20.01.2024;21;1.0;1257;44;1233;44;24;44
TE367;20.01.2024;22;1.0;1245;43;1227;43;18;42
TE367;20.01.2024;23;1.0;1224;43;1201;43;23;48
TE367;21.01.2024;0;1.0;988;45;968;45;20;46
TE367;21.01.2024;1;1.0;702;50;691;50;11;49
TE367;21.01.2024;17;1.0;1681;41;1562;39;119;66
TE367;21.01.2024;18;1.0;1547;44;1424;42;123;68
TE367;21.01.2024;20;1.0;964;47;913;47;51;62
TE367;21.01.2024;21;1.0;832;48;799;47;32;66
TE367;21.01.2024;22;1.0;811;47;790;47;21;65
TE367;21.01.2024;23;1.0;539;51;520;51;19;60
TE367;22.01.2024;0;1.0;325;52;317;51;8;60
TE367;22.01.2024;1;1.0;239;52;222;52;17;52
TE367;22.01.2024;2;1.0;169;55;158;55;11;51
TE367;22.01.2024;3;1.0;198;55;180;55;17;60
TE367;22.01.2024;5;1.0;532;52;453;51;79;60
TE367;22.01.2024;6;1.0;1009;49;878;47;131;62
TE367;22.01.2024;7;1.0;1398;44;1213;43;185;52
TE367;22.01.2024;8;1.0;1616;42;1447;41;169;43
TE367;22.01.2024;9;1.0;1688;31;1557;30;131;32
TE367;22.01.2024;10;1.0;1545;24;1477;23;68;23
TE367;23.01.2024;19;1.0;1578;33;1519;33;59;29
TE367;23.01.2024;20;1.0;1289;41;1257;41;32;42
TE367;23.01.2024;21;1.0;985;45;970;45;15;45
TE367;23.01.2024;22;1.0;970;45;959;45;11;47
TE367;23.01.2024;23;1.0;677;50;672;50;5;49
TE367;24.01.2024;0;1.0;433;54;428;54;5;56
TE367;24.01.2024;1;1.0;239;54;236;54;3;54
TE367;24.01.2024;2;1.0;215;53;203;53;12;52
TE367;24.01.2024;3;1.0;202;54;193;54;9;55
TE367;24.01.2024;4;1.0;251;55;225;54;26;61
TE367;24.01.2024;5;1.0;564;55;470;52;95;68
TE367;24.01.2024;6;1.0;1259;54;997;48;262;75
TE367;24.01.2024;7;1.0;1640;38;1441;35;199;51
TE367;24.01.2024;8;1.0;1577;27;1488;27;89;25
TE367;24.01.2024;9;1.0;1540;21;1403;21;137;23
TE367;24.01.2024;10;1.0;1400;24;1331;24;69;23
TE367;24.01.2024;11;1.0;1486;29;1333;29;153;28
TE367;24.01.2024;12;1.0;1563;24;1401;24;162;24
TE367;24.01.2024;13;1.0;1672;25;1494;25;178;27
TE367;24.01.2024;14;1.0;1673;18;1577;18;96;20
TE367;24.01.2024;15;1.0;1493;18;1420;18;73;19
TE367;24.01.2024;16;1.0;1349;16;1301;16;48;16
TE367;24.01.2024;17;1.0;1393;17;1325;17;68;16
TE367;24.01.2024;18;1.0;1539;17;1480;17;59;17
TE367;24.01.2024;19;1.0;1677;28;1633;28;44;24
TE367;24.01.2024;20;1.0;1348;40;1317;40;31;44
TE367;24.01.2024;21;1.0;1147;43;1131;43;16;45
TE367;24.01.2024;22;1.0;1253;41;1232;41;21;42
TE367;24.01.2024;23;1.0;776;47;768;47;8;50
TE367;25.01.2024;0;1.0;506;50;484;50;22;50
TE367;25.01.2024;1;1.0;302;53;288;53;14;52
TE367;25.01.2024;2;1.0;214;53;204;53;10;55
TE367;25.01.2024;3;1.0;220;55;208;55;12;54
TE367;25.01.2024;4;1.0;276;49;247;49;29;53
TE367;25.01.2024;5;1.0;545;48;516;48;29;43
TE367;25.01.2024;6;1.0;1167;47;1076;47;91;54
TE367;25.01.2024;7;1.0;1582;43;1409;42;173;54
TE367;25.01.2024;8;1.0;1646;34;1550;34;96;35
TE367;25.01.2024;9;1.0;1580;27;1430;28;150;25
TE367;25.01.2024;10;1.0;1625;34;1542;34;83;34
TE367;25.01.2024;11;1.0;1726;35;1648;35;78;36
TE367;25.01.2024;12;1.0;1740;22;1658;22;82;24
TE367;25.01.2024;13;1.0;1612;23;1509;23;103;23
TE367;25.01.2024;14;1.0;1596;20;1518;20;78;22
TE367;25.01.2024;15;1.0;1647;20;1584;19;63;20
TE367;25.01.2024;16;1.0;1561;17;1507;17;54;19
TE367;25.01.2024;17;1.0;1498;18;1452;18;46;17
TE367;25.01.2024;18;1.0;1628;17;1569;17;59;18
TE367;25.01.2024;19;1.0;1697;27;1662;27;35;25
TE367;25.01.2024;20;1.0;1484;39;1442;39;42;38
TE367;25.01.2024;21;1.0;1248;45;1232;45;16;46
TE367;25.01.2024;22;1.0;1272;41;1245;41;27;41
TE367;25.01.2024;23;1.0;1010;43;989;43;21;45
TE367;26.01.2024;0;1.0;541;49;526;49;15;48
TE367;26.01.2024;1;1.0;350;51;337;51;13;50
TE367;26.01.2024;2;1.0;289;52;283;52;6;49
TE367;26.01.2024;3;1.0;254;50;250;50;4;50
TE367;26.01.2024;4;1.0;269;55;255;55;14;53
TE367;26.01.2024;5;1.0;532;55;497;54;35;71
TE367;26.01.2024;6;1.0;1184;57;950;52;234;77
TE367;26.01.2024;7;1.0;1581;46;1309;43;272;62
TE367;26.01.2024;8;1.0;1753;47;1485;42;268;72
TE367;26.01.2024;9;1.0;1627;42;1516;42;111;45
TE367;26.01.2024;10;1.0;1617;42;1519;42;98;41
TE367;26.01.2024;11;1.0;1673;34;1597;34;76;36
TE367;26.01.2024;12;1.0;1536;31;1446;32;90;25
TE367;26.01.2024;13;1.0;1629;27;1536;27;93;23
TE367;26.01.2024;14;1.0;1567;18;1520;18;47;19
TE367;26.01.2024;15;1.0;1496;19;1441;19;55;18
TE367;26.01.2024;16;1.0;1588;19;1517;18;71;21
TE367;26.01.2024;17;1.0;1685;19;1629;19;56;19
TE367;26.01.2024;18;1.0;1621;24;1577;24;44;21
TE367;26.01.2024;19;1.0;1765;30;1699;30;66;29
TE367;26.01.2024;20;1.0;1708;29;1644;29;64;31
TE367;26.01.2024;21;1.0;1458;39;1428;39;30;42
TE367;26.01.2024;22;1.0;1544;36;1486;36;58;38
TE367;26.01.2024;23;1.0;1285;36;1249;37;36;27
TE367;27.01.2024;0;1.0;992;44;971;44;21;46
TE367;27.01.2024;1;1.0;687;49;679;49;8;48
TE367;27.01.2024;2;1.0;557;51;550;51;7;51
TE367;27.01.2024;3;1.0;421;52;415;52;6;54
TE367;27.01.2024;4;1.0;359;49;349;49;10;53
TE367;27.01.2024;5;1.0;422;50;398;49;24;52
TE367;27.01.2024;6;1.0;445;50;424;50;21;52
TE367;27.01.2024;7;1.0;474;50;451;50;23;50
TE367;27.01.2024;8;1.0;777;52;703;50;74;74
TE367;27.01.2024;9;1.0;999;49;948;48;51;61
TE367;27.01.2024;10;1.0;1269;46;1170;44;99;61
TE367;27.01.2024;11;1.0;1495;41;1452;41;43;38
TE367;27.01.2024;12;1.0;1626;36;1565;36;61;37
TE367;27.01.2024;13;1.0;1749;35;1646;35;103;31
TE367;27.01.2024;14;1.0;1850;30;1752;30;98;30
TE367;27.01.2024;15;1.0;1322;23;1259;23;63;20
TE367;27.01.2024;16;1.0;1660;22;1587;23;73;21
TE367;27.01.2024;17;1.0;1595;18;1535;18;60;17
TE367;27.01.2024;18;1.0;1669;25;1595;25;74;26
TE367;27.01.2024;19;1.0;1762;34;1712;34;50;34
TE367;27.01.2024;20;1.0;1651;32;1577;32;74;31
TE367;27.01.2024;21;1.0;1377;40;1335;40;42;39
TE367;27.01.2024;22;1.0;1481;38;1444;38;37;41
TE367;27.01.2024;23;1.0;1354;38;1293;38;61;38
TE367;28.01.2024;0;1.0;1030;44;1006;44;24;46
TE367;28.01.2024;1;1.0;784;47;778;47;6;49
TE367;28.01.2024;2;1.0;642;50;638;50;4;50
TE367;28.01.2024;3;1.0;476;42;473;42;3;50
TE367;28.01.2024;4;1.0;401;53;392;53;9;53
TE367;28.01.2024;6;1.0;306;44;296;44;10;46
TE367;28.01.2024;7;1.0;324;47;322;47;2;50
TE367;28.01.2024;8;1.0;504;44;487;44;17;48
TE367;28.01.2024;9;1.0;728;45;709;45;19;44
TE368;01.01.2024;0;1.0;919;47;878;47;41;47
TE368;01.01.2024;1;1.0;1219;45;1154;45;65;45
TE368;01.01.2024;2;1.0;1022;47;943;47;79;48
TE368;01.01.2024;3;1.0;938;49;912;49;26;49
TE368;01.01.2024;4;1.0;860;49;842;49;18;48
TE368;01.01.2024;5;1.0;736;50;723;50;13;49
TE368;01.01.2024;6;1.0;608;51;584;51;24;51
TE368;01.01.2024;7;1.0;478;50;469;50;9;51
TE368;01.01.2024;8;1.0;384;50;369;50;15;49
TE368;01.01.2024;9;1.0;403;50;382;50;21;51
TE368;01.01.2024;10;1.0;484;48;452;48;32;48
TE368;01.01.2024;11;1.0;690;46;647;46;43;46
TE368;01.01.2024;12;1.0;888;45;840;45;48;46
TE368;01.01.2024;13;1.0;905;45;864;45;41;45
TE368;01.01.2024;14;1.0;1010;44;984;44;26;44
TE368;01.01.2024;15;1.0;1091;44;1045;44;46;45
TE368;01.01.2024;16;1.0;1051;44;1005;44;46;45
TE368;01.01.2024;17;1.0;1033;44;996;44;37;45
TE368;01.01.2024;18;1.0;936;45;887;45;49;45
TE368;01.01.2024;19;1.0;849;45;826;45;23;44
TE368;01.01.2024;20;1.0;724;46;707;46;17;45
TE368;01.01.2024;21;1.0;593;47;575;47;18;46
TE368;01.01.2024;22;1.0;536;48;518;48;18;48
TE368;01.01.2024;23;1.0;392;48;379;48;13;48
TE368;02.01.2024;0;1.0;228;49;219;49;9;47
TE368;02.01.2024;1;1.0;233;49;220;50;13;47
TE368;02.01.2024;2;1.0;196;51;184;51;12;49
TE368;02.01.2024;3;1.0;214;50;195;51;19;48
TE368;02.01.2024;4;1.0;399;49;356;49;43;48
TE368;02.01.2024;5;1.0;971;47;912;47;59;47
TE368;02.01.2024;6;1.0;1310;45;1194;45;116;45
TE368;02.01.2024;7;1.0;1346;45;1247;45;99;45
TE368;02.01.2024;8;1.0;1424;45;1356;45;68;44
TE368;02.01.2024;9;1.0;1313;46;1255;46;58;46
TE368;02.01.2024;10;1.0;1236;45;1195;45;41;45
TE368;02.01.2024;11;1.0;1287;46;1245;46;42;46
TE368;02.01.2024;12;1.0;1260;44;1226;44;34;44
TE368;02.01.2024;13;1.0;1342;42;1314;42;29;39
TE368;02.01.2024;14;1.0;1312;45;1280;45;32;45
TE368;02.01.2024;15;1.0;1330;46;1296;46;34;45
TE368;02.01.2024;16;1.0;1368;43;1334;43;34;43
TE368;02.01.2024;17;1.0;1261;43;1226;43;35;45
TE368;02.01.2024;18;1.0;1181;41;1146;41;35;40
TE368;02.01.2024;19;1.0;1023;46;992;46;31;46
TE368;02.01.2024;20;1.0;805;47;783;47;22;45
TE368;02.01.2024;21;1.0;671;46;652;46;19;46
TE368;02.01.2024;22;1.0;596;46;584;46;12;46
TE368;02.01.2024;23;1.0;391;49;374;49;17;48
TE368;03.01.2024;0;1.0;309;49;296;49;13;46
TE368;03.01.2024;1;1.0;199;50;183;50;16;50
TE368;03.01.2024;2;1.0;188;49;173;49;15;47
TE368;03.01.2024;3;1.0;248;48;219;48;29;47
TE368;03.01.2024;4;1.0;399;49;365;49;34;48
TE368;03.01.2024;5;1.0;1017;46;952;46;65;47
TE368;03.01.2024;6;1.0;1430;45;1286;45;144;47
TE368;03.01.2024;7;1.0;1531;45;1399;45;132;45
TE368;03.01.2024;8;1.0;1596;43;1532;43;64;43
TE368;03.01.2024;9;1.0;1531;44;1426;44;105;45
TE368;03.01.2024;10;1.0;1371;43;1245;43;126;43
TE368;03.01.2024;11;1.0;1362;44;1242;44;120;44
TE368;03.01.2024;12;1.0;1327;41;1244;41;83;42
TE368;03.01.2024;13;1.0;1308;44;1249;44;59;45
TE368;03.01.2024;14;1.0;1334;43;1266;43;68;43
TE368;03.01.2024;15;1.0;1303;40;1260;40;43;41
TE368;03.01.2024;16;1.0;1360;43;1310;43;50;42
TE368;03.01.2024;17;1.0;1326;42;1252;42;74;41
TE368;03.01.2024;18;1.0;1215;44;1168;44;47;44
TE368;03.01.2024;19;1.0;1027;44;995;44;32;45
TE368;03.01.2024;20;1.0;867;41;827;41;39;41
TE368;03.01.2024;21;1.0;681;43;644;43;39;42
TE368;03.01.2024;22;1.0;583;43;554;43;30;45
TE368;03.01.2024;23;1.0;418;49;392;49;26;47
TE368;04.01.2024;0;1.0;323;45;305;45;17;43
TE368;04.01.2024;1;1.0;229;45;209;46;20;44
TE368;04.01.2024;2;1.0;175;46;162;46;13;45
TE368;04.01.2024;3;1.0;217;51;188;51;29;51
TE368;04.01.2024;4;1.0;392;52;370;52;22;51
TE368;04.01.2024;5;1.0;991;48;950;48;41;49
TE368;04.01.2024;6;1.0;1450;48;1399;48;51;48
TE368;04.01.2024;7;1.0;1599;47;1550;47;49;47
TE368;04.01.2024;8;1.0;1665;45;1603;45;62;45
TE368;04.01.2024;9;1.0;1583;44;1516;44;67;44
TE368;04.01.2024;10;1.0;1477;42;1361;43;116;41
TE368;04.01.2024;11;1.0;1366;44;1304;44;62;45
TE368;04.01.2024;12;1.0;1361;43;1320;43;41;43
TE368;04.01.2024;13;1.0;1358;44;1310;44;48;45
TE368;04.01.2024;14;1.0;1419;43;1368;43;51;44
TE368;04.01.2024;15;1.0;1322;44;1276;44;46;45
TE368;04.01.2024;16;1.0;1336;44;1294;44;42;45
TE368;04.01.2024;17;1.0;1405;44;1367;44;38;43
TE368;04.01.2024;18;1.0;1263;41;1227;41;37;42
TE368;04.01.2024;19;1.0;1093;42;1060;42;33;42
TE368;04.01.2024;20;1.0;894;44;852;44;42;44
TE368;04.01.2024;21;1.0;734;48;701;48;33;50
TE368;04.01.2024;22;1.0;665;48;646;48;19;48
TE368;04.01.2024;23;1.0;412;51;403;51;9;48
TE368;05.01.2024;0;1.0;331;50;316;50;15;49
TE368;05.01.2024;1;1.0;212;49;206;49;6;49
TE368;05.01.2024;2;1.0;211;50;202;50;9;45
TE368;05.01.2024;3;1.0;189;53;179;54;10;51
TE368;05.01.2024;4;1.0;412;51;378;51;34;51
TE368;05.01.2024;5;1.0;1009;50;955;50;54;50
TE368;05.01.2024;6;1.0;1302;44;1224;44;79;44
TE368;05.01.2024;7;1.0;1464;46;1400;46;64;46
TE368;05.01.2024;8;1.0;1396;46;1352;46;44;46
TE368;05.01.2024;9;1.0;1440;46;1414;46;26;45
TE368;05.01.2024;10;1.0;1385;46;1349;46;36;46
TE368;05.01.2024;11;1.0;1354;45;1307;45;47;45
TE368;05.01.2024;12;1.0;1312;44;1264;45;48;43
TE368;05.01.2024;13;1.0;1259;45;1204;45;55;44
TE368;05.01.2024;14;1.0;1320;43;1282;43;38;43
TE368;05.01.2024;15;1.0;1260;45;1234;45;26;45
TE368;05.01.2024;16;1.0;1252;42;1221;42;31;42
TE368;05.01.2024;17;1.0;1324;40;1293;40;32;39
TE368;05.01.2024;18;1.0;1281;46;1255;46;26;45
TE368;05.01.2024;19;1.0;1207;46;1175;46;32;47
TE368;05.01.2024;20;1.0;930;48;904;48;26;48
TE368;05.01.2024;21;1.0;873;44;850;44;24;44
TE368;05.01.2024;22;1.0;777;50;754;50;23;50
TE368;05.01.2024;23;1.0;638;50;624;50;14;50
TE368;06.01.2024;0;1.0;535;50;520;50;15;50
TE368;06.01.2024;1;1.0;388;51;383;51;5;49
TE368;06.01.2024;2;1.0;333;53;327;53;6;50
TE368;06.01.2024;3;1.0;308;52;300;52;8;52
TE368;06.01.2024;4;1.0;333;53;322;53;11;53
TE368;06.01.2024;5;1.0;479;52;450;52;29;50
TE368;06.01.2024;6;1.0;395;52;380;52;15;53
TE368;06.01.2024;7;1.0;477;48;452;48;25;49
TE368;06.01.2024;8;1.0;548;48;526;48;22;48
TE368;06.01.2024;9;1.0;818;48;785;48;33;48
TE368;06.01.2024;10;1.0;970;47;949;47;21;46
TE368;06.01.2024;11;1.0;1077;45;1050;45;27;46
TE368;06.01.2024;12;1.0;1255;46;1226;46;29;45
TE368;06.01.2024;13;1.0;1320;45;1287;45;33;45
TE368;06.01.2024;14;1.0;1383;41;1335;41;48;41
TE368;06.01.2024;15;1.0;1356;45;1310;45;46;47
TE368;06.01.2024;16;1.0;1423;45;1325;45;98;47
TE368;06.01.2024;17;1.0;1290;46;1259;46;31;47
TE368;06.01.2024;18;1.0;1385;45;1342;45;43;47
TE368;06.01.2024;19;1.0;1209;46;1185;46;24;47
TE368;06.01.2024;20;1.0;1025;48;978;48;47;49
TE368;06.01.2024;21;1.0;858;48;831;48;27;50
TE368;06.01.2024;22;1.0;814;49;793;48;21;53
TE368;06.01.2024;23;1.0;676;50;650;50;26;52
TE368;07.01.2024;0;1.0;592;51;578;51;14;51
TE368;07.01.2024;1;1.0;500;50;493;50;7;51
TE368;07.01.2024;2;1.0;386;52;381;52;5;48
TE368;07.01.2024;3;1.0;318;49;309;49;9;52
TE368;07.01.2024;4;1.0;301;47;294;47;7;47
TE368;07.01.2024;5;1.0;337;46;329;46;8;45
TE368;07.01.2024;6;1.0;302;45;290;45;13;44
TE368;07.01.2024;7;1.0;283;53;272;53;11;51
TE368;07.01.2024;8;1.0;331;50;316;50;15;51
TE368;07.01.2024;9;1.0;597;49;567;49;30;50
TE368;07.01.2024;10;1.0;664;48;645;48;19;48
TE368;07.01.2024;11;1.0;860;46;841;46;19;45
TE368;07.01.2024;12;1.0;1008;46;987;46;21;47
TE368;07.01.2024;13;1.0;1190;46;1170;46;20;46
TE368;07.01.2024;14;1.0;1208;38;1162;39;46;37
TE368;07.01.2024;15;1.0;1174;42;1145;42;29;34
TE368;07.01.2024;16;1.0;1191;45;1154;45;37;43
TE368;07.01.2024;17;1.0;1292;44;1240;44;52;44
TE368;07.01.2024;18;1.0;1140;46;1103;46;37;48
TE368;07.01.2024;19;1.0;1001;46;972;46;29;48
TE368;07.01.2024;20;1.0;802;46;772;46;30;48
TE368;07.01.2024;21;1.0;669;44;618;44;51;47
TE368;07.01.2024;22;1.0;610;45;581;45;29;47
TE368;07.01.2024;23;1.0;418;46;392;46;26;45
TE368;08.01.2024;0;1.0;292;39;279;39;12;40
TE368;08.01.2024;1;1.0;202;48;189;48;13;48
TE368;08.01.2024;2;1.0;173;48;148;48;25;48
TE368;08.01.2024;3;1.0;221;47;197;47;24;49
TE368;08.01.2024;4;1.0;424;47;392;47;32;49
TE368;08.01.2024;5;1.0;1201;45;1136;45;65;47
TE368;08.01.2024;6;1.0;1597;40;1511;40;86;40
TE368;08.01.2024;7;1.0;1523;40;1453;40;70;40
TE368;08.01.2024;8;1.0;1737;40;1643;40;94;38
TE368;08.01.2024;9;1.0;1437;41;1340;41;97;40
TE368;08.01.2024;10;1.0;1188;41;1103;41;85;43
TE368;08.01.2024;11;1.0;1200;42;1122;42;78;43
TE368;08.01.2024;12;1.0;1062;41;991;41;71;42
TE368;08.01.2024;13;1.0;1161;43;1087;43;74;42
TE368;08.01.2024;14;1.0;1183;42;1096;42;87;43
TE368;08.01.2024;15;1.0;1216;43;1154;43;62;43
TE368;08.01.2024;16;1.0;1224;42;1170;42;54;42
TE368;08.01.2024;17;1.0;1189;42;1140;42;49;43
TE368;08.01.2024;18;1.0;1201;42;1133;42;68;42
TE368;08.01.2024;19;1.0;957;43;897;43;60;43
TE368;08.01.2024;20;1.0;735;43;701;43;34;43
TE368;08.01.2024;21;1.0;615;44;576;44;39;44
TE368;08.01.2024;22;1.0;498;45;470;45;28;46
TE368;08.01.2024;23;1.0;385;46;360;46;25;47
TE368;09.01.2024;0;1.0;248;46;227;46;21;48
TE368;09.01.2024;1;1.0;160;47;144;47;16;46
TE368;09.01.2024;2;1.0;147;46;135;46;12;40
TE368;09.01.2024;3;1.0;192;47;178;47;14;44
TE368;09.01.2024;16;1.0;1344;40;1265;40;79;40
TE368;09.01.2024;17;1.0;1412;41;1343;41;69;41
TE368;09.01.2024;18;1.0;1372;38;1300;38;71;38
TE368;09.01.2024;19;1.0;1114;43;1061;43;53;42
TE368;09.01.2024;20;1.0;889;44;834;44;55;45
TE368;09.01.2024;21;1.0;684;45;598;44;86;45
TE368;09.01.2024;22;1.0;563;46;510;46;53;47
TE368;09.01.2024;23;1.0;344;47;319;47;25;47
TE368;10.01.2024;0;1.0;287;47;264;47;23;47
TE368;10.01.2024;1;1.0;188;49;168;49;20;50
TE368;10.01.2024;2;1.0;150;48;137;48;13;47
TE368;10.01.2024;3;1.0;190;46;169;46;21;42
TE368;10.01.2024;4;1.0;410;47;370;47;40;46
TE368;10.01.2024;5;1.0;1259;45;1193;45;66;44
TE368;10.01.2024;6;1.0;1691;44;1593;44;98;43
TE368;10.01.2024;7;1.0;1839;44;1749;44;90;44
TE368;10.01.2024;8;1.0;1784;44;1715;44;69;44
TE368;10.01.2024;9;1.0;1766;43;1698;43;68;42
TE368;10.01.2024;10;1.0;1601;42;1491;42;110;42
TE368;10.01.2024;11;1.0;1456;42;1360;42;96;42
TE368;10.01.2024;12;1.0;1469;41;1351;41;118;41
TE368;10.01.2024;13;1.0;1340;41;1266;41;74;41
TE368;10.01.2024;14;1.0;1425;42;1360;42;65;39
TE368;10.01.2024;15;1.0;1474;41;1383;41;91;40
TE368;10.01.2024;16;1.0;1484;41;1386;41;98;40
TE368;10.01.2024;17;1.0;1475;38;1371;38;104;36
TE368;10.01.2024;18;1.0;1466;40;1383;40;83;34
TE368;10.01.2024;19;1.0;1232;42;1184;42;48;42
TE368;10.01.2024;20;1.0;917;44;861;44;56;44
TE368;10.01.2024;21;1.0;783;45;733;45;50;45
TE368;10.01.2024;22;1.0;650;45;597;45;53;46
TE368;10.01.2024;23;1.0;496;46;479;46;17;45
TE368;11.01.2024;0;1.0;304;47;289;47;15;48
TE368;11.01.2024;1;1.0;211;47;193;47;18;49
TE368;11.01.2024;2;1.0;178;48;167;48;11;46
TE368;11.01.2024;3;1.0;191;51;176;51;15;50
TE368;11.01.2024;4;1.0;422;50;403;50;19;51
TE368;11.01.2024;5;1.0;1210;49;1174;49;36;50
TE368;11.01.2024;6;1.0;1698;47;1649;47;49;44
TE368;11.01.2024;7;1.0;1769;45;1701;45;68;44
TE368;11.01.2024;8;1.0;1760;42;1702;42;56;42
TE368;11.01.2024;9;1.0;1701;45;1641;45;60;44
TE368;11.01.2024;10;1.0;1605;46;1532;46;73;45
TE368;11.01.2024;11;1.0;1519;45;1436;45;83;45
TE368;11.01.2024;12;1.0;1482;44;1427;44;55;43
TE368;11.01.2024;13;1.0;1445;43;1399;43;46;39
TE368;11.01.2024;14;1.0;1386;45;1323;45;63;44
TE368;11.01.2024;16;1.0;1404;44;1377;44;27;42
TE368;11.01.2024;17;1.0;1373;41;1316;41;57;36
TE368;11.01.2024;20;1.0;980;46;952;46;28;45
TE368;11.01.2024;21;1.0;811;46;772;46;39;45
TE368;11.01.2024;22;1.0;732;48;713;48;19;48
TE368;11.01.2024;23;1.0;581;48;562;48;19;49
TE368;12.01.2024;1;1.0;271;51;257;51;14;52
TE368;12.01.2024;2;1.0;193;52;177;52;16;52
TE368;12.01.2024;3;1.0;234;49;217;49;17;49
TE368;12.01.2024;4;1.0;444;50;426;50;18;50
TE368;12.01.2024;5;1.0;1181;49;1144;49;37;50
TE368;12.01.2024;6;1.0;1657;47;1614;47;43;45
TE368;12.01.2024;7;1.0;1726;45;1676;45;50;44
TE368;12.01.2024;8;1.0;1718;46;1672;46;46;45
TE368;12.01.2024;9;1.0;1677;46;1628;46;49;44
TE368;12.01.2024;10;1.0;1447;46;1379;46;68;46
TE368;12.01.2024;11;1.0;1417;45;1334;45;83;46
TE368;12.01.2024;12;1.0;1449;46;1400;45;49;47
TE368;12.01.2024;13;1.0;1448;45;1409;45;39;44
TE368;12.01.2024;14;1.0;1449;44;1398;44;51;43
TE368;12.01.2024;15;1.0;1483;43;1426;43;57;42
TE368;12.01.2024;16;1.0;1481;44;1416;44;65;43
TE368;12.01.2024;17;1.0;1503;43;1422;44;81;44
TE368;12.01.2024;18;1.0;1446;44;1396;44;50;45
TE368;12.01.2024;19;1.0;1376;43;1328;43;48;44
TE368;12.01.2024;20;1.0;1107;47;1057;47;50;46
TE368;12.01.2024;21;1.0;904;48;857;48;47;48
TE368;12.01.2024;22;1.0;817;48;765;48;52;49
TE368;12.01.2024;23;1.0;695;49;678;49;17;49
TE368;13.01.2024;0;1.0;619;48;596;48;23;48
TE368;13.01.2024;1;1.0;482;50;471;50;11;48
TE368;13.01.2024;2;1.0;416;50;402;50;14;50
TE368;13.01.2024;3;1.0;396;50;386;50;10;51
TE368;13.01.2024;4;1.0;360;52;351;52;9;51
TE368;13.01.2024;5;1.0;453;51;435;51;18;48
TE368;13.01.2024;6;1.0;437;50;419;50;18;50
TE368;13.01.2024;7;1.0;543;48;529;48;14;48
TE368;13.01.2024;8;1.0;675;47;655;47;20;47
TE368;13.01.2024;9;1.0;970;47;949;47;21;47
TE368;13.01.2024;10;1.0;1110;45;1091;45;19;46
TE368;13.01.2024;11;1.0;1253;46;1226;46;27;45
TE368;13.01.2024;12;1.0;1345;42;1303;42;42;42
TE368;13.01.2024;13;1.0;1491;44;1463;44;28;41
TE368;13.01.2024;14;1.0;1432;43;1398;44;34;43
TE368;13.01.2024;15;1.0;1340;38;1306;38;34;35
TE368;13.01.2024;16;1.0;1140;38;1118;38;22;36
TE368;13.01.2024;17;1.0;1344;45;1311;45;33;45
TE368;13.01.2024;18;1.0;1413;43;1376;43;37;41
TE368;13.01.2024;19;1.0;1401;45;1372;45;29;45
TE368;13.01.2024;20;1.0;1170;46;1142;46;28;46
TE368;13.01.2024;21;1.0;996;47;973;47;23;49
TE368;13.01.2024;22;1.0;979;47;962;47;17;48
TE368;13.01.2024;23;1.0;924;48;909;48;15;49
TE368;14.01.2024;0;1.0;885;47;866;47;19;47
TE368;14.01.2024;1;1.0;653;48;648;48;5;49
TE368;14.01.2024;2;1.0;463;51;458;51;5;52
TE368;14.01.2024;3;1.0;406;50;401;50;5;52
TE368;14.01.2024;4;1.0;390;48;386;48;4;50
TE368;14.01.2024;5;1.0;350;49;348;49;2;52
TE368;14.01.2024;6;1.0;321;51;305;51;16;52
TE368;14.01.2024;7;1.0;286;51;274;51;12;51
TE368;14.01.2024;8;1.0;429;49;416;49;13;46
TE368;14.01.2024;9;1.0;676;47;656;47;20;47
TE368;14.01.2024;10;1.0;962;48;949;48;13;46
TE368;14.01.2024;11;1.0;1008;46;986;46;22;48
TE368;14.01.2024;12;1.0;1144;46;1124;46;20;47
TE368;14.01.2024;13;1.0;1361;46;1338;46;23;46
TE368;14.01.2024;14;1.0;1454;46;1346;46;108;46
TE368;14.01.2024;15;1.0;1387;44;1321;44;66;45
TE368;14.01.2024;16;1.0;1299;44;1221;44;78;45
TE368;14.01.2024;17;1.0;1330;45;1297;45;33;44
TE368;14.01.2024;18;1.0;1266;45;1241;45;25;43
TE368;14.01.2024;19;1.0;1077;47;1055;47;22;46
TE368;14.01.2024;20;1.0;769;47;746;47;23;47
TE368;14.01.2024;21;1.0;665;48;641;48;24;48
TE368;14.01.2024;22;1.0;695;49;675;49;20;48
TE368;14.01.2024;23;1.0;490;51;481;51;9;50
TE368;15.01.2024;0;1.0;289;51;274;51;15;52
TE368;15.01.2024;1;1.0;226;52;218;52;8;51
TE368;15.01.2024;2;1.0;179;52;172;52;7;52
TE368;15.01.2024;3;1.0;219;49;204;49;15;49
TE368;15.01.2024;4;1.0;449;50;426;50;23;49
TE368;15.01.2024;5;1.0;1211;47;1166;47;45;47
TE368;15.01.2024;6;1.0;1736;46;1655;46;81;47
TE368;15.01.2024;7;1.0;1654;45;1566;45;88;43
TE368;15.01.2024;8;1.0;1606;39;1520;39;86;33
TE368;15.01.2024;9;1.0;1331;38;1255;38;76;37
TE368;15.01.2024;10;1.0;1301;46;1181;46;120;47
TE368;15.01.2024;11;1.0;1256;43;1158;42;98;43
TE368;15.01.2024;12;1.0;1274;44;1204;44;70;42
TE368;15.01.2024;13;1.0;1176;38;1124;38;52;38
TE368;15.01.2024;14;1.0;1229;36;1183;36;46;34
TE368;15.01.2024;15;1.0;1344;43;1295;43;49;43
TE368;15.01.2024;16;1.0;1368;39;1309;39;59;39
TE368;15.01.2024;17;1.0;1323;43;1251;43;72;45
TE368;15.01.2024;18;1.0;1313;43;1228;43;85;43
TE368;15.01.2024;19;1.0;1099;46;1025;47;74;47
TE368;15.01.2024;20;1.0;776;48;735;48;41;48
TE368;15.01.2024;21;1.0;683;47;632;47;51;51
TE368;15.01.2024;22;1.0;609;51;567;51;42;50
TE368;15.01.2024;23;1.0;400;49;375;49;25;47
TE368;16.01.2024;0;1.0;307;46;282;47;26;45
TE368;16.01.2024;1;1.0;191;48;171;48;20;50
TE368;16.01.2024;2;1.0;164;38;148;38;16;38
TE368;16.01.2024;3;1.0;208;40;194;40;14;41
TE368;16.01.2024;4;1.0;423;41;401;41;22;40
TE368;16.01.2024;5;1.0;1182;40;1156;40;26;40
TE368;16.01.2024;6;1.0;1671;44;1647;44;24;42
TE368;16.01.2024;7;1.0;1822;43;1762;43;60;42
TE368;16.01.2024;8;1.0;1772;43;1723;43;49;37
TE368;16.01.2024;9;1.0;1774;43;1734;43;40;39
TE368;16.01.2024;10;1.0;1613;45;1545;45;68;43
TE368;16.01.2024;11;1.0;1538;43;1459;43;79;42
TE368;16.01.2024;12;1.0;1444;44;1380;44;64;42
TE368;16.01.2024;13;1.0;1443;42;1378;43;65;42
TE368;16.01.2024;14;1.0;1406;44;1352;44;54;46
TE368;16.01.2024;15;1.0;1410;44;1370;44;40;46
TE368;16.01.2024;16;1.0;1465;43;1402;43;63;43
TE368;16.01.2024;17;1.0;1456;42;1411;42;45;43
TE368;16.01.2024;18;1.0;1445;43;1397;43;48;42
TE368;16.01.2024;19;1.0;1206;45;1154;45;52;46
TE368;16.01.2024;20;1.0;918;46;863;46;55;47
TE368;16.01.2024;21;1.0;772;48;717;48;55;49
TE368;16.01.2024;22;1.0;767;40;699;40;68;40
TE368;16.01.2024;23;1.0;491;40;448;40;42;39
TE368;17.01.2024;0;1.0;312;46;285;46;27;46
TE368;17.01.2024;1;1.0;209;45;187;45;22;46
TE368;17.01.2024;2;1.0;182;46;169;46;13;46
TE368;17.01.2024;3;1.0;212;46;190;46;22;46
TE368;17.01.2024;4;1.0;432;45;398;45;34;45
TE368;17.01.2024;5;1.0;1183;45;1109;44;74;46
TE368;17.01.2024;6;1.0;1767;43;1667;43;100;43
TE368;17.01.2024;7;1.0;1882;42;1812;42;70;42
TE368;17.01.2024;8;1.0;1848;43;1781;43;67;43
TE368;17.01.2024;9;1.0;1727;41;1628;41;99;37
TE368;17.01.2024;10;1.0;1622;43;1503;42;119;43
TE368;17.01.2024;11;1.0;1621;43;1475;43;146;44
TE368;17.01.2024;12;1.0;1468;40;1315;40;153;42
TE368;17.01.2024;13;1.0;1443;41;1310;41;133;43
TE368;17.01.2024;14;1.0;1478;43;1346;43;132;45
TE368;17.01.2024;15;1.0;1472;42;1357;42;115;43
TE368;17.01.2024;16;1.0;1414;41;1331;40;83;41
TE368;17.01.2024;17;1.0;1466;44;1394;44;72;43
TE368;17.01.2024;18;1.0;1356;44;1299;44;57;45
TE368;17.01.2024;19;1.0;1153;46;1106;46;47;47
TE368;17.01.2024;20;1.0;975;46;941;46;34;46
TE368;17.01.2024;21;1.0;729;47;697;47;32;48
TE368;17.01.2024;22;1.0;690;48;670;48;20;48
TE368;17.01.2024;23;1.0;503;49;490;49;13;48
TE368;18.01.2024;0;1.0;341;51;332;51;9;49
TE368;18.01.2024;1;1.0;242;50;232;50;10;48
TE368;18.01.2024;2;1.0;234;52;225;52;9;52
TE368;18.01.2024;3;1.0;208;52;194;52;14;53
TE368;18.01.2024;4;1.0;434;51;413;51;21;51
TE368;18.01.2024;5;1.0;1205;49;1153;49;52;50
TE368;18.01.2024;6;1.0;1755;47;1681;47;74;47
TE368;18.01.2024;7;1.0;1842;46;1795;46;47;47
TE368;18.01.2024;8;1.0;1845;44;1752;44;93;45
TE368;18.01.2024;9;1.0;1819;43;1715;43;104;42
TE368;18.01.2024;10;1.0;1505;41;1424;41;82;42
TE368;18.01.2024;11;1.0;1547;42;1467;42;80;43
TE368;18.01.2024;12;1.0;1435;43;1376;43;59;42
TE368;18.01.2024;13;1.0;1449;41;1360;41;89;39
TE368;18.01.2024;14;1.0;1425;42;1324;41;101;43
TE368;18.01.2024;15;1.0;1450;41;1376;41;74;42
TE368;18.01.2024;16;1.0;1534;36;1448;37;88;32
TE368;18.01.2024;17;1.0;1505;39;1449;39;56;38
TE368;18.01.2024;18;1.0;1406;40;1349;40;57;39
TE368;18.01.2024;19;1.0;1197;41;1138;41;59;42
TE368;18.01.2024;20;1.0;1032;42;989;42;43;43
TE368;18.01.2024;21;1.0;883;43;848;43;35;44
TE368;18.01.2024;22;1.0;832;44;801;44;31;44
TE368;18.01.2024;23;1.0;575;46;549;46;26;46
TE368;19.01.2024;0;1.0;412;46;387;46;25;46
TE368;19.01.2024;1;1.0;299;46;278;46;21;46
TE368;19.01.2024;2;1.0;251;48;233;48;18;49
TE368;19.01.2024;3;1.0;249;48;221;48;28;47
TE368;19.01.2024;4;1.0;398;47;356;47;42;46
TE368;19.01.2024;5;1.0;1134;45;1054;45;80;44
TE368;19.01.2024;6;1.0;1714;43;1609;43;105;43
TE368;19.01.2024;7;1.0;1781;42;1643;42;138;42
TE368;19.01.2024;8;1.0;1854;42;1705;42;149;41
TE368;19.01.2024;9;1.0;1430;42;1329;42;101;42
TE368;19.01.2024;10;1.0;1500;38;1359;38;141;35
TE368;19.01.2024;11;1.0;1360;42;1227;42;133;42
TE368;19.01.2024;12;1.0;1416;41;1277;41;139;41
TE368;19.01.2024;13;1.0;1472;41;1406;41;66;42
TE368;19.01.2024;14;1.0;1384;41;1262;41;122;43
TE368;19.01.2024;15;1.0;1411;41;1290;41;121;41
TE368;19.01.2024;16;1.0;1473;44;1407;44;66;44
TE368;19.01.2024;17;1.0;1371;43;1278;43;93;44
TE368;19.01.2024;18;1.0;1479;42;1392;42;87;43
TE368;19.01.2024;19;1.0;1362;41;1284;41;78;41
TE368;19.01.2024;20;1.0;1111;42;1059;42;52;43
TE368;19.01.2024;21;1.0;945;43;875;43;70;43
TE368;19.01.2024;22;1.0;958;46;905;46;53;46
TE368;19.01.2024;23;1.0;782;44;723;44;59;45
TE368;20.01.2024;0;1.0;682;45;639;45;43;46
TE368;20.01.2024;1;1.0;504;48;487;48;17;48
TE368;20.01.2024;2;1.0;404;48;388;48;16;47
TE368;20.01.2024;3;1.0;364;49;336;49;28;49
TE368;20.01.2024;4;1.0;359;50;343;50;16;50
TE368;20.01.2024;5;1.0;499;49;462;49;37;49
TE368;20.01.2024;6;1.0;495;48;452;48;43;49
TE368;20.01.2024;7;1.0;593;46;549;45;44;46
TE368;20.01.2024;8;1.0;764;46;721;46;43;47
TE368;20.01.2024;9;1.0;1108;46;1007;46;101;46
TE368;20.01.2024;10;1.0;1190;45;1097;45;93;45
TE368;20.01.2024;11;1.0;1235;45;1158;45;77;45
TE368;20.01.2024;12;1.0;1360;44;1310;44;50;43
TE368;20.01.2024;13;1.0;1236;40;1196;40;40;39
TE368;20.01.2024;14;1.0;1250;40;1154;40;96;41
TE368;20.01.2024;15;1.0;1419;43;1370;43;49;43
TE368;20.01.2024;16;1.0;1417;41;1299;41;118;42
TE368;20.01.2024;17;1.0;1428;41;1320;41;108;42
TE368;20.01.2024;18;1.0;1451;42;1369;42;82;42
TE368;20.01.2024;19;1.0;1382;42;1285;42;97;43
TE368;20.01.2024;20;1.0;1241;41;1187;41;54;42
TE368;20.01.2024;21;1.0;1021;43;973;43;48;44
TE368;20.01.2024;22;1.0;1027;43;983;43;44;45
TE368;20.01.2024;23;1.0;998;42;951;42;47;43
TE368;21.01.2024;0;1.0;762;43;736;43;26;44
TE368;21.01.2024;1;1.0;635;44;612;44;23;44
TE368;21.01.2024;2;1.0;491;46;477;46;14;45
TE368;21.01.2024;3;1.0;427;49;412;49;15;49
TE368;21.01.2024;4;1.0;413;48;397;48;16;47
TE368;21.01.2024;5;1.0;384;51;374;51;10;51
TE368;21.01.2024;6;1.0;351;53;331;53;20;52
TE368;21.01.2024;7;1.0;322;49;304;49;18;48
TE368;21.01.2024;8;1.0;441;47;403;47;38;48
TE368;21.01.2024;9;1.0;767;45;723;45;44;46
TE368;21.01.2024;10;1.0;1001;44;936;44;65;45
TE368;21.01.2024;11;1.0;1092;45;1006;45;86;46
TE368;21.01.2024;12;1.0;1105;44;1001;44;104;45
TE368;21.01.2024;13;1.0;1273;43;1160;43;113;45
TE368;21.01.2024;14;1.0;1374;44;1226;43;148;45
TE368;21.01.2024;15;1.0;1272;43;1186;43;86;44
TE368;21.01.2024;16;1.0;1393;43;1272;43;121;45
TE368;21.01.2024;17;1.0;1460;42;1381;42;79;43
TE368;21.01.2024;18;1.0;1330;43;1236;43;94;45
TE368;21.01.2024;19;1.0;1100;45;1003;45;97;46
TE368;21.01.2024;20;1.0;913;46;856;46;57;46
TE368;21.01.2024;21;1.0;736;47;676;47;60;48
TE368;21.01.2024;22;1.0;570;47;526;47;44;48
TE368;21.01.2024;23;1.0;408;47;389;47;19;48
TE368;22.01.2024;0;1.0;282;48;263;48;19;46
TE368;22.01.2024;1;1.0;189;49;173;49;16;48
TE368;22.01.2024;2;1.0;175;49;152;49;23;49
TE368;22.01.2024;3;1.0;222;49;191;49;31;51
TE368;22.01.2024;4;1.0;386;49;352;49;34;50
TE368;22.01.2024;5;1.0;1217;48;1137;48;80;48
TE368;22.01.2024;6;1.0;1771;45;1631;45;140;45
TE368;22.01.2024;7;1.0;1893;43;1750;43;143;43
TE368;22.01.2024;8;1.0;1793;44;1685;44;108;44
TE368;22.01.2024;9;1.0;1776;44;1666;44;110;44
TE368;22.01.2024;10;1.0;1703;43;1644;43;59;43
TE368;22.01.2024;11;1.0;1482;42;1401;42;81;42
TE368;22.01.2024;12;1.0;1470;42;1313;42;157;43
TE368;22.01.2024;13;1.0;1499;43;1333;43;166;44
TE368;22.01.2024;14;1.0;1718;44;1593;44;125;45
TE368;22.01.2024;15;1.0;1584;40;1457;40;127;39
TE368;22.01.2024;16;1.0;1434;42;1304;42;130;42
TE368;22.01.2024;17;1.0;1400;43;1340;43;60;44
TE368;22.01.2024;18;1.0;1299;43;1244;43;55;44
TE368;22.01.2024;19;1.0;1092;44;1040;43;52;43
TE368;22.01.2024;20;1.0;862;45;834;45;28;46
TE368;22.01.2024;21;1.0;684;46;631;46;53;47
TE368;22.01.2024;22;1.0;543;48;515;48;28;48
TE368;22.01.2024;23;1.0;456;46;423;46;33;47
TE368;23.01.2024;0;1.0;276;47;252;47;24;45
TE368;23.01.2024;1;1.0;174;48;162;48;12;45
TE368;23.01.2024;2;1.0;172;47;157;48;15;45
TE368;23.01.2024;3;1.0;215;48;195;48;20;45
TE368;23.01.2024;4;1.0;411;49;369;49;42;48
TE368;23.01.2024;5;1.0;1199;46;1111;46;88;46
TE368;23.01.2024;6;1.0;1737;45;1642;45;95;45
TE368;23.01.2024;7;1.0;1872;43;1762;43;110;43
TE368;23.01.2024;8;1.0;1819;44;1698;44;121;44
TE368;23.01.2024;9;1.0;1780;44;1654;44;126;45
TE368;23.01.2024;10;1.0;1608;43;1443;43;165;43
TE368;23.01.2024;11;1.0;1509;42;1327;42;182;43
TE368;23.01.2024;12;1.0;1510;43;1385;43;125;43
TE368;23.01.2024;13;1.0;1412;43;1279;43;133;43
TE368;23.01.2024;14;1.0;1357;43;1291;43;66;44
TE368;23.01.2024;15;1.0;1544;42;1461;42;83;41
TE368;23.01.2024;16;1.0;1436;40;1274;40;162;41
TE368;23.01.2024;17;1.0;1411;41;1284;41;127;42
TE368;23.01.2024;18;1.0;1405;42;1309;42;96;41
TE368;23.01.2024;19;1.0;1201;43;1137;43;64;42
TE368;23.01.2024;20;1.0;941;44;898;44;43;43
TE368;23.01.2024;21;1.0;771;45;724;45;47;45
TE368;23.01.2024;22;1.0;622;47;569;47;53;48
TE368;23.01.2024;23;1.0;438;44;405;44;32;44
TE368;24.01.2024;0;1.0;266;50;255;50;11;47
TE368;24.01.2024;1;1.0;191;49;185;49;6;44
TE368;24.01.2024;2;1.0;196;49;181;49;15;48
TE368;24.01.2024;3;1.0;215;51;193;51;22;50
TE368;24.01.2024;4;1.0;429;49;392;50;37;48
TE368;24.01.2024;5;1.0;1346;46;1260;46;86;47
TE368;24.01.2024;6;1.0;1817;46;1700;46;117;46
TE368;24.01.2024;7;1.0;1913;42;1777;42;136;42
TE368;24.01.2024;8;1.0;1856;39;1746;40;110;37
TE368;24.01.2024;9;1.0;1809;40;1701;40;108;40
TE368;24.01.2024;10;1.0;1674;42;1599;42;75;41
TE368;24.01.2024;11;1.0;1559;42;1398;42;161;42
TE368;24.01.2024;12;1.0;1522;42;1375;42;147;41
TE368;24.01.2024;13;1.0;1573;42;1430;42;143;42
TE368;24.01.2024;14;1.0;1473;43;1409;43;64;42
TE368;24.01.2024;15;1.0;1522;42;1462;42;60;42
TE368;24.01.2024;16;1.0;1437;40;1365;40;72;37
TE368;24.01.2024;17;1.0;1452;42;1389;42;63;41
TE368;24.01.2024;18;1.0;1461;39;1374;39;87;38
TE368;24.01.2024;19;1.0;1304;44;1217;44;87;45
TE368;24.01.2024;20;1.0;962;46;887;46;75;47
TE368;24.01.2024;21;1.0;806;45;767;45;39;46
TE368;24.01.2024;22;1.0;686;45;659;45;27;45
TE368;24.01.2024;23;1.0;538;48;520;48;18;49
TE368;25.01.2024;0;1.0;354;50;335;50;19;48
TE368;25.01.2024;1;1.0;248;48;234;48;14;45
TE368;25.01.2024;2;1.0;206;48;190;48;16;46
TE368;25.01.2024;3;1.0;226;51;203;50;23;50
TE368;25.01.2024;4;1.0;487;50;448;51;39;50
TE368;25.01.2024;5;1.0;1355;47;1265;47;90;46
TE368;25.01.2024;6;1.0;1848;46;1750;46;98;46
TE368;25.01.2024;7;1.0;1914;44;1783;43;131;44
TE368;25.01.2024;8;1.0;1840;44;1698;44;142;45
TE368;25.01.2024;9;1.0;1878;43;1752;43;126;43
TE368;25.01.2024;10;1.0;1657;41;1572;42;85;40
TE368;25.01.2024;11;1.0;1530;42;1443;42;87;42
TE368;25.01.2024;12;1.0;1526;43;1456;43;70;41
TE368;25.01.2024;13;1.0;1556;42;1495;42;61;41
TE368;25.01.2024;14;1.0;1494;40;1414;40;80;40
TE368;25.01.2024;15;1.0;1500;40;1408;40;92;37
TE368;25.01.2024;16;1.0;1454;41;1384;41;70;41
TE368;25.01.2024;17;1.0;1426;42;1334;42;92;42
TE368;25.01.2024;18;1.0;1465;43;1380;43;85;43
TE368;25.01.2024;19;1.0;1345;44;1254;44;91;46
TE368;25.01.2024;20;1.0;1000;47;922;47;78;48
TE368;25.01.2024;21;1.0;839;47;801;47;38;48
TE368;25.01.2024;22;1.0;875;43;852;44;23;43
TE368;25.01.2024;23;1.0;618;46;560;46;58;47
TE368;26.01.2024;0;1.0;407;48;384;48;23;45
TE368;26.01.2024;1;1.0;294;48;278;48;16;46
TE368;26.01.2024;2;1.0;239;48;220;49;19;46
TE368;26.01.2024;3;1.0;239;49;214;50;25;49
TE368;26.01.2024;4;1.0;434;49;406;49;28;48
TE368;26.01.2024;5;1.0;1190;48;1155;48;35;47
TE368;26.01.2024;6;1.0;1722;48;1648;48;74;48
TE368;26.01.2024;7;1.0;1870;44;1752;44;118;44
TE368;26.01.2024;8;1.0;1783;43;1679;43;104;43
TE368;26.01.2024;9;1.0;1661;47;1603;47;58;47
TE368;26.01.2024;10;1.0;1505;46;1425;46;80;47
TE368;26.01.2024;11;1.0;1515;46;1454;46;61;46
TE368;26.01.2024;12;1.0;894;25;853;25;39;25
TE368;26.01.2024;13;1.0;782;31;752;31;30;29
TE368;26.01.2024;14;1.0;1354;40;1301;40;53;34
TE368;26.01.2024;15;1.0;1406;43;1342;43;64;41
TE368;26.01.2024;16;1.0;1438;42;1386;42;52;42
TE368;26.01.2024;17;1.0;1470;39;1421;39;49;41
TE368;26.01.2024;18;1.0;1541;43;1465;43;76;43
TE368;26.01.2024;19;1.0;1457;43;1395;43;62;43
TE368;26.01.2024;20;1.0;1113;44;1074;44;39;45
TE368;26.01.2024;21;1.0;981;43;907;42;74;44
TE368;26.01.2024;22;1.0;860;46;827;46;33;48
TE368;26.01.2024;23;1.0;895;39;867;39;26;40
TE368;27.01.2024;0;1.0;757;46;726;46;31;46
TE368;27.01.2024;1;1.0;542;47;528;47;14;48
TE368;27.01.2024;2;1.0;490;49;470;49;20;49
TE368;27.01.2024;3;1.0;407;50;399;50;8;49
TE368;27.01.2024;4;1.0;384;49;368;49;16;49
TE368;27.01.2024;5;1.0;480;48;450;48;30;48
TE368;27.01.2024;6;1.0;501;49;466;49;35;48
TE368;27.01.2024;7;1.0;633;48;601;48;32;46
TE368;27.01.2024;8;1.0;826;47;804;47;22;47
TE368;27.01.2024;9;1.0;1152;46;1096;47;56;46
TE368;27.01.2024;10;1.0;1216;46;1190;46;26;45
TE368;27.01.2024;11;1.0;1366;45;1325;45;41;45
TE368;27.01.2024;12;1.0;1485;45;1450;45;35;45
TE368;27.01.2024;13;1.0;950;29;910;29;40;31
TE368;27.01.2024;14;1.0;1348;41;1244;41;104;42
TE368;27.01.2024;15;1.0;1311;40;1249;40;62;36
TE368;27.01.2024;16;1.0;1485;42;1397;42;88;43
TE368;27.01.2024;17;1.0;1605;40;1519;40;86;39
TE368;27.01.2024;18;1.0;1583;40;1516;40;67;41
TE368;27.01.2024;19;1.0;1382;42;1314;42;68;41
TE368;27.01.2024;20;1.0;1240;42;1169;42;71;42
TE368;27.01.2024;21;1.0;1061;43;1001;43;60;42
TE368;27.01.2024;22;1.0;994;45;963;45;31;45
TE368;27.01.2024;23;1.0;935;45;912;45;23;45
TE368;28.01.2024;0;1.0;797;47;775;46;22;47
TE368;28.01.2024;1;1.0;705;48;696;48;9;50
TE368;28.01.2024;2;1.0;563;47;553;47;10;49
TE368;28.01.2024;3;1.0;416;48;407;48;9;47
TE368;28.01.2024;4;1.0;374;48;369;48;5;49
TE368;28.01.2024;5;1.0;398;50;386;50;12;48
TE368;28.01.2024;6;1.0;343;48;320;47;23;47
TE368;28.01.2024;7;1.0;361;47;346;47;15;47
TE368;28.01.2024;8;1.0;478;44;460;44;18;45
TE368;28.01.2024;9;1.0;752;44;722;44;30;45
TE368;28.01.2024;10;1.0;1135;44;1101;44;34;44
TE368;28.01.2024;11;1.0;1144;43;1110;43;34;43
TE368;28.01.2024;12;1.0;1310;42;1268;42;42;43
TE368;28.01.2024;13;1.0;1503;42;1414;42;89;43
TE368;28.01.2024;14;1.0;1474;42;1424;42;50;41
TE368;28.01.2024;16;1.0;1506;41;1461;41;45;41
TE368;28.01.2024;17;1.0;1477;40;1409;41;68;40
TE368;28.01.2024;18;1.0;1444;40;1393;40;51;40
TE368;28.01.2024;19;1.0;1109;43;1059;43;50;43
TE368;28.01.2024;20;1.0;929;44;884;44;45;43
TE368;28.01.2024;21;1.0;696;45;658;45;38;45
TE368;28.01.2024;22;1.0;532;46;475;46;57;48
TE368;28.01.2024;23;1.0;430;46;411;46;19;46
TE368;29.01.2024;0;1.0;270;47;258;47;12;47
TE368;29.01.2024;1;1.0;203;49;191;49;12;47
TE368;29.01.2024;2;1.0;209;50;187;51;22;49
TE368;29.01.2024;3;1.0;205;48;187;49;18;46
TE368;29.01.2024;4;1.0;463;48;427;48;36;46
TE368;29.01.2024;5;1.0;1201;44;1084;44;117;45
TE368;29.01.2024;6;1.0;1768;43;1627;43;141;42
TE368;29.01.2024;7;1.0;1897;43;1767;43;130;42
TE368;29.01.2024;8;1.0;1860;42;1725;42;135;41
TE368;29.01.2024;9;1.0;1799;42;1689;42;110;43
TE368;29.01.2024;10;1.0;1489;42;1371;42;118;42
TE368;29.01.2024;11;1.0;1489;43;1375;43;114;43
TE368;29.01.2024;12;1.0;1410;41;1305;41;105;41
TE368;29.01.2024;13;1.0;1461;42;1283;42;178;42
TE368;29.01.2024;14;1.0;1394;43;1281;43;113;42
TE368;29.01.2024;15;1.0;1452;43;1334;43;118;43
TE368;29.01.2024;16;1.0;1447;41;1367;41;80;40
TE368;29.01.2024;17;1.0;1467;39;1387;39;80;38
TE368;29.01.2024;18;1.0;1321;39;1251;40;70;39
TE368;29.01.2024;19;1.0;1067;42;1023;42;44;43
TE368;29.01.2024;20;1.0;883;45;843;45;40;45
TE368;29.01.2024;21;1.0;681;45;646;45;35;45
TE368;29.01.2024;22;1.0;517;46;486;46;31;47
TE368;29.01.2024;23;1.0;413;47;391;47;22;47
TE368;30.01.2024;0;1.0;261;48;245;48;16;46
TE368;30.01.2024;1;1.0;171;48;160;48;11;48
TE368;30.01.2024;2;1.0;175;50;151;49;24;50
TE368;30.01.2024;3;1.0;190;47;172;48;18;43
TE368;30.01.2024;4;1.0;414;48;377;48;37;48
TE368;30.01.2024;5;1.0;1194;47;1100;47;94;47
TE368;30.01.2024;6;1.0;1733;43;1583;43;150;44
TE368;30.01.2024;7;1.0;1914;43;1769;43;145;42
TE368;30.01.2024;8;1.0;1937;44;1829;44;108;43
TE368;30.01.2024;9;1.0;1814;42;1660;42;154;42
TE368;30.01.2024;10;1.0;1527;41;1406;41;121;41
TE368;30.01.2024;11;1.0;1473;43;1353;43;120;42
TE368;30.01.2024;12;1.0;1436;42;1260;42;176;41
TE368;30.01.2024;13;1.0;1488;43;1381;43;107;44
TE368;30.01.2024;14;1.0;1427;42;1311;42;116;43
TE368;30.01.2024;15;1.0;1449;42;1330;42;119;42
TE368;30.01.2024;16;1.0;1470;41;1351;41;119;38
TE368;30.01.2024;17;1.0;1410;42;1340;42;70;41
TE368;30.01.2024;18;1.0;1322;42;1222;42;100;41
TE368;30.01.2024;19;1.0;1191;45;1107;45;84;45
TE368;30.01.2024;20;1.0;883;45;820;45;63;46
TE368;30.01.2024;21;1.0;710;47;670;47;40;48
TE368;30.01.2024;22;1.0;570;47;540;47;30;46
TE368;30.01.2024;23;1.0;434;48;415;48;19;48
TE368;31.01.2024;0;1.0;291;47;283;47;8;48
TE368;31.01.2024;1;1.0;222;51;211;51;11;50
TE368;31.01.2024;2;1.0;201;50;185;50;16;49
TE368;31.01.2024;3;1.0;225;50;194;50;31;50
TE368;31.01.2024;4;1.0;431;50;395;50;36;50
TE368;31.01.2024;5;1.0;1185;48;1073;48;112;49
TE368;31.01.2024;6;1.0;1748;46;1671;46;77;45
TE368;31.01.2024;7;1.0;1900;45;1827;45;73;45
TE368;31.01.2024;8;1.0;1880;44;1799;44;81;45
TE368;31.01.2024;9;1.0;1898;44;1811;44;87;43
TE368;31.01.2024;10;1.0;1634;43;1537;43;97;43
TE368;31.01.2024;11;1.0;1575;42;1496;42;79;40
TE368;31.01.2024;12;1.0;1525;44;1439;43;86;44
TE368;31.01.2024;13;1.0;1507;41;1419;41;88;40
TE368;31.01.2024;14;1.0;1502;39;1422;40;79;40
TE368;31.01.2024;15;1.0;1399;42;1348;42;51;42
TE368;31.01.2024;16;1.0;1472;43;1426;43;46;42
TE368;31.01.2024;17;1.0;1458;44;1416;44;42;43
TE368;31.01.2024;18;1.0;1430;45;1386;45;44;43
TE368;31.01.2024;19;1.0;1266;45;1231;45;35;45
TE368;31.01.2024;20;1.0;887;47;860;47;27;48
TE368;31.01.2024;21;1.0;783;48;763;48;20;48
TE368;31.01.2024;22;1.0;663;47;646;47;17;46
TE368;31.01.2024;23;1.0;502;49;485;49;17;49
TE369;01.01.2024;12;1.0;562;41;520;41;42;39
TE369;01.01.2024;13;1.0;552;41;530;41;22;41
TE369;01.01.2024;14;1.0;668;41;637;41;31;42
TE369;01.01.2024;15;1.0;667;41;643;41;24;41
TE369;01.01.2024;16;1.0;675;41;655;41;20;41
TE369;01.01.2024;17;1.0;626;41;601;41;25;41
TE369;01.01.2024;18;1.0;581;34;566;34;14;34
TE369;03.01.2024;11;1.0;862;40;729;39;133;41
TE369;03.01.2024;12;1.0;831;39;718;39;113;41
TE369;03.01.2024;13;1.0;848;40;797;40;51;41
TE369;03.01.2024;14;1.0;846;40;793;40;53;40
TE369;03.01.2024;15;1.0;873;39;840;39;33;40
TE369;03.01.2024;16;1.0;887;40;856;40;31;40
TE369;03.01.2024;17;1.0;885;40;860;40;25;41
TE369;03.01.2024;18;1.0;791;41;753;41;38;41
TE369;11.01.2024;19;1.0;773;29;695;28;78;36
TE369;11.01.2024;20;1.0;539;36;482;36;57;37
TE369;11.01.2024;21;1.0;468;33;417;33;51;36
TE369;11.01.2024;22;1.0;443;21;393;18;50;41
TE369;11.01.2024;23;1.0;324;34;305;34;19;41
TE369;12.01.2024;0;1.0;219;31;196;30;23;32
TE369;12.01.2024;1;1.0;161;34;146;34;15;32
TE369;12.01.2024;2;1.0;118;23;108;23;10;25
TE369;12.01.2024;3;1.0;137;29;129;28;8;50
TE369;12.01.2024;4;1.0;269;30;260;29;9;51
TE369;12.01.2024;5;1.0;609;28;574;27;35;44
TE369;12.01.2024;6;1.0;1034;31;911;31;123;34
TE369;12.01.2024;7;1.0;1089;33;1013;33;76;37
TE369;12.01.2024;8;1.0;1094;34;1004;34;90;38
TE369;12.01.2024;9;1.0;1070;34;1004;34;66;36
TE369;12.01.2024;10;1.0;914;29;872;28;42;40
TE369;12.01.2024;11;1.0;914;37;849;36;65;38
TE369;12.01.2024;12;1.0;914;35;859;35;55;38
TE369;12.01.2024;13;1.0;901;34;866;34;35;31
TE369;12.01.2024;14;1.0;929;36;901;36;28;38
TE369;12.01.2024;15;1.0;924;31;908;31;16;39
TE369;12.01.2024;16;1.0;918;28;879;28;39;34
TE369;12.01.2024;17;1.0;929;34;843;34;86;37
TE369;12.01.2024;18;1.0;910;29;823;29;87;31
TE369;12.01.2024;19;1.0;913;25;751;24;162;31
TE369;12.01.2024;20;1.0;689;40;604;39;85;46
TE369;12.01.2024;21;1.0;520;33;424;33;96;34
TE369;12.01.2024;22;1.0;516;34;449;33;67;37
TE369;12.01.2024;23;1.0;411;27;316;26;95;31
TE369;13.01.2024;0;1.0;373;35;310;35;63;41
TE369;13.01.2024;1;1.0;297;32;236;34;61;24
TE369;13.01.2024;2;1.0;252;44;233;44;19;43
TE369;13.01.2024;3;1.0;229;36;219;36;10;28
TE369;13.01.2024;4;1.0;232;29;222;30;11;7
TE369;13.01.2024;5;1.0;247;25;217;28;30;11
TE369;13.01.2024;6;1.0;228;25;223;25;5;44
TE369;13.01.2024;7;1.0;293;28;281;27;12;43
TE369;13.01.2024;8;1.0;453;36;434;36;19;37
TE369;13.01.2024;9;1.0;579;36;558;36;21;32
TE369;13.01.2024;10;1.0;658;33;629;33;29;36
TE369;13.01.2024;11;1.0;737;36;715;36;22;34
TE369;13.01.2024;12;1.0;786;31;760;31;26;34
TE369;13.01.2024;13;1.0;850;29;827;29;23;29
TE369;13.01.2024;14;1.0;846;30;820;29;26;30
TE369;13.01.2024;15;1.0;690;28;677;27;12;33
TE369;13.01.2024;16;1.0;586;25;583;25;3;30
TE369;13.01.2024;17;1.0;804;31;783;31;21;36
TE369;13.01.2024;18;1.0;828;31;805;31;23;29
TE369;13.01.2024;19;1.0;821;28;801;28;20;38
TE369;13.01.2024;20;1.0;718;34;701;34;17;35
TE369;13.01.2024;21;1.0;570;23;560;23;10;39
TE369;13.01.2024;22;1.0;619;29;605;29;14;40
TE369;13.01.2024;23;1.0;524;37;504;37;20;32
TE369;14.01.2024;0;1.0;471;31;457;30;14;36
TE369;14.01.2024;1;1.0;375;34;371;34;4;24
TE369;14.01.2024;2;1.0;262;26;258;26;4;52
TE369;14.01.2024;3;1.0;199;28;197;28;2;37
TE369;14.01.2024;4;1.0;172;33;171;33;1;3
TE369;14.01.2024;5;1.0;204;23;204;23;0;-1
TE369;14.01.2024;6;1.0;185;23;179;22;6;44
TE369;14.01.2024;7;1.0;177;29;162;28;15;37
TE369;14.01.2024;8;1.0;263;34;253;33;9;39
TE369;14.01.2024;9;1.0;361;25;353;25;8;44
TE369;14.01.2024;10;1.0;516;23;506;23;10;45
TE369;14.01.2024;11;1.0;541;25;532;25;9;36
TE369;14.01.2024;12;1.0;620;26;613;25;7;44
TE369;14.01.2024;13;1.0;819;23;808;23;11;44
TE369;14.01.2024;14;1.0;931;27;908;27;23;42
TE369;14.01.2024;15;1.0;873;28;853;28;20;43
TE369;14.01.2024;16;1.0;800;28;760;28;40;29
TE369;14.01.2024;17;1.0;840;36;812;36;28;34
TE369;14.01.2024;18;1.0;744;34;717;34;27;37
TE369;14.01.2024;19;1.0;636;26;625;26;11;31
TE369;14.01.2024;20;1.0;440;23;434;22;6;44
TE369;14.01.2024;21;1.0;374;24;353;24;21;28
TE369;14.01.2024;22;1.0;431;35;408;35;23;35
TE369;14.01.2024;23;1.0;301;29;293;29;8;28
TE369;15.01.2024;0;1.0;181;21;174;21;7;34
TE369;15.01.2024;1;1.0;154;19;149;18;5;47
TE369;15.01.2024;2;1.0;109;28;107;28;2;52
TE369;15.01.2024;3;1.0;134;31;128;29;6;52
TE369;15.01.2024;4;1.0;217;26;209;25;8;44
TE369;15.01.2024;5;1.0;694;25;656;24;38;41
TE369;15.01.2024;6;1.0;1012;33;884;33;128;37
TE369;15.01.2024;7;1.0;948;30;888;30;60;37
TE369;15.01.2024;8;1.0;934;28;874;28;60;37
TE369;15.01.2024;9;1.0;659;22;589;21;70;31
TE369;15.01.2024;10;1.0;773;24;725;23;48;43
TE369;15.01.2024;11;1.0;728;25;700;24;28;43
TE369;15.01.2024;12;1.0;725;25;697;24;28;44
TE369;15.01.2024;13;1.0;679;34;644;34;35;32
TE369;15.01.2024;14;1.0;693;36;669;36;24;41
TE369;15.01.2024;15;1.0;797;29;760;29;37;38
TE369;15.01.2024;16;1.0;839;36;803;36;36;37
TE369;15.01.2024;17;1.0;837;35;789;34;48;38
TE369;15.01.2024;18;1.0;813;29;785;29;28;31
TE369;15.01.2024;19;1.0;724;34;683;34;41;36
TE369;15.01.2024;20;1.0;478;33;454;33;24;40
TE369;15.01.2024;21;1.0;449;26;435;25;14;31
TE369;15.01.2024;22;1.0;368;28;339;28;29;36
TE369;15.01.2024;23;1.0;241;30;209;30;32;30
TE369;16.01.2024;0;1.0;170;39;134;39;36;43
TE369;16.01.2024;1;1.0;113;35;103;35;10;38
TE369;16.01.2024;2;1.0;76;17;70;16;6;33
TE369;16.01.2024;3;1.0;129;17;125;17;4;42
TE369;16.01.2024;4;1.0;220;25;212;24;8;42
TE369;16.01.2024;5;1.0;643;29;628;29;15;31
TE369;16.01.2024;6;1.0;1072;36;1044;36;28;34
TE369;16.01.2024;7;1.0;1162;36;1085;35;77;41
TE369;16.01.2024;8;1.0;1154;35;994;32;160;58
TE369;16.01.2024;9;1.0;1087;28;1031;27;56;35
TE369;16.01.2024;10;1.0;1007;34;927;34;80;33
TE369;16.01.2024;11;1.0;912;28;872;28;40;41
TE369;16.01.2024;12;1.0;959;32;897;32;62;34
TE369;16.01.2024;13;1.0;897;34;847;34;50;39
TE369;16.01.2024;14;1.0;827;34;788;34;39;34
TE369;16.01.2024;15;1.0;912;34;863;34;49;35
TE369;16.01.2024;16;1.0;936;27;915;27;21;39
TE369;16.01.2024;17;1.0;907;23;883;22;24;43
TE369;16.01.2024;18;1.0;935;28;900;27;35;40
TE369;16.01.2024;19;1.0;760;27;713;26;47;40
TE369;16.01.2024;20;1.0;609;37;548;37;61;37
TE369;16.01.2024;21;1.0;499;29;443;28;56;32
TE369;16.01.2024;22;1.0;491;36;403;35;88;37
TE369;16.01.2024;23;1.0;308;33;282;33;26;34
TE369;17.01.2024;0;1.0;180;22;174;22;6;45
TE369;17.01.2024;1;1.0;129;28;110;26;19;34
TE369;17.01.2024;2;1.0;108;39;84;40;24;35
TE369;17.01.2024;3;1.0;123;42;106;42;18;42
TE369;17.01.2024;4;1.0;271;44;231;45;40;38
TE369;17.01.2024;5;1.0;632;39;584;39;48;40
TE369;17.01.2024;6;1.0;1092;38;1010;38;82;39
TE369;17.01.2024;7;1.0;1128;35;1016;35;112;34
TE369;17.01.2024;8;1.0;1104;27;940;26;164;29
TE369;17.01.2024;9;1.0;979;29;880;29;99;35
TE369;17.01.2024;10;1.0;918;35;790;33;128;50
TE369;17.01.2024;11;1.0;1034;30;949;29;85;40
TE369;17.01.2024;12;1.0;896;29;825;28;71;34
TE369;17.01.2024;13;1.0;931;25;891;25;40;38
TE369;17.01.2024;14;1.0;942;24;919;24;23;40
TE369;17.01.2024;15;1.0;918;26;879;26;39;28
TE369;17.01.2024;16;1.0;912;29;852;29;60;35
TE369;17.01.2024;17;1.0;923;27;886;26;37;40
TE369;17.01.2024;18;1.0;832;30;788;30;44;35
TE369;17.01.2024;19;1.0;719;31;697;31;22;34
TE369;17.01.2024;20;1.0;603;36;564;36;39;36
TE369;17.01.2024;21;1.0;454;36;427;36;27;33
TE369;17.01.2024;22;1.0;391;30;376;30;15;38
TE369;17.01.2024;23;1.0;290;25;276;25;14;32
TE369;18.01.2024;0;1.0;205;22;200;22;5;37
TE369;18.01.2024;1;1.0;128;24;119;22;9;42
TE369;18.01.2024;2;1.0;137;39;117;40;20;39
TE369;18.01.2024;3;1.0;140;37;130;36;10;38
TE369;18.01.2024;4;1.0;247;43;238;43;9;41
TE369;18.01.2024;5;1.0;636;39;591;38;45;42
TE369;18.01.2024;6;1.0;1077;32;1005;31;72;37
TE369;18.01.2024;7;1.0;1138;35;1035;34;103;38
TE369;18.01.2024;8;1.0;1173;33;1085;32;88;36
TE369;18.01.2024;9;1.0;1084;31;990;30;94;37
TE369;18.01.2024;10;1.0;930;36;839;35;91;37
TE369;18.01.2024;11;1.0;992;32;903;32;89;36
TE369;18.01.2024;12;1.0;892;28;851;28;41;35
TE369;18.01.2024;13;1.0;924;31;866;32;58;30
TE369;18.01.2024;14;1.0;892;30;824;29;68;38
TE369;18.01.2024;15;1.0;936;22;889;22;47;36
TE369;18.01.2024;16;1.0;979;27;914;27;64;35
TE369;18.01.2024;17;1.0;932;26;880;25;52;40
TE369;18.01.2024;18;1.0;925;34;869;35;56;37
TE369;18.01.2024;19;1.0;703;34;656;34;47;40
TE369;18.01.2024;20;1.0;635;27;593;26;42;34
TE369;18.01.2024;21;1.0;534;28;480;27;54;32
TE369;18.01.2024;22;1.0;548;33;501;33;47;36
TE369;18.01.2024;23;1.0;373;35;337;35;36;36
TE369;19.01.2024;0;1.0;243;38;224;37;19;43
TE369;19.01.2024;1;1.0;183;39;167;39;16;39
TE369;19.01.2024;2;1.0;151;41;110;42;41;39
TE369;19.01.2024;3;1.0;161;41;142;41;19;42
TE369;19.01.2024;4;1.0;222;34;189;32;33;47
TE369;19.01.2024;5;1.0;582;38;484;38;98;37
TE369;19.01.2024;6;1.0;1030;37;839;37;191;38
TE369;19.01.2024;7;1.0;1117;35;853;35;264;36
TE369;19.01.2024;8;1.0;1155;33;837;33;319;33
TE369;19.01.2024;9;1.0;845;34;648;32;197;36
TE369;19.01.2024;10;1.0;935;32;776;32;159;34
TE369;19.01.2024;11;1.0;764;34;672;34;92;36
TE369;19.01.2024;21;1.0;617;26;555;26;62;30
TE369;19.01.2024;22;1.0;596;38;544;37;52;43
TE369;19.01.2024;23;1.0;491;32;439;32;52;33
TE369;20.01.2024;0;1.0;401;35;365;35;36;35
TE369;20.01.2024;1;1.0;297;30;274;30;23;28
TE369;20.01.2024;2;1.0;239;23;235;23;3;48
TE369;20.01.2024;3;1.0;223;21;217;21;7;45
TE369;20.01.2024;4;1.0;204;41;190;41;14;44
TE369;20.01.2024;5;1.0;275;38;252;38;23;39
TE369;20.01.2024;6;1.0;303;30;275;30;28;35
TE369;20.01.2024;7;1.0;338;36;296;36;42;37
TE369;20.01.2024;8;1.0;495;27;451;27;44;32
TE369;20.01.2024;9;1.0;671;33;572;32;99;36
TE369;20.01.2024;10;1.0;697;36;633;36;64;40
TE369;20.01.2024;11;1.0;690;31;655;30;35;38
TE369;20.01.2024;12;1.0;765;29;741;28;24;32
TE369;20.01.2024;23;1.0;613;35;549;35;64;39
TE369;21.01.2024;0;1.0;451;36;403;35;48;42
TE369;21.01.2024;1;1.0;382;32;371;32;11;41
TE369;21.01.2024;2;1.0;294;37;285;37;9;47
TE369;21.01.2024;3;1.0;252;39;230;40;22;34
TE369;21.01.2024;4;1.0;257;36;243;36;14;21
TE369;21.01.2024;5;1.0;224;30;213;31;11;25
TE369;21.01.2024;6;1.0;223;34;174;33;49;34
TE369;21.01.2024;7;1.0;186;37;166;37;20;41
TE369;21.01.2024;8;1.0;287;35;266;34;21;40
TE369;21.01.2024;9;1.0;449;31;394;30;55;39
TE369;21.01.2024;10;1.0;599;30;513;29;86;36
TE369;21.01.2024;11;1.0;641;35;570;35;71;40
TE369;21.01.2024;12;1.0;686;33;651;33;35;38
TE369;21.01.2024;13;1.0;738;25;690;23;48;46
TE369;21.01.2024;14;1.0;839;23;790;22;49;44
TE369;21.01.2024;15;1.0;853;32;782;32;71;29
TE369;21.01.2024;16;1.0;911;29;820;29;91;37
TE369;21.01.2024;17;1.0;911;32;839;32;72;40
TE369;21.01.2024;18;1.0;833;34;780;33;53;41
TE369;21.01.2024;19;1.0;646;35;601;35;45;41
TE369;21.01.2024;20;1.0;510;27;474;25;36;37
TE369;21.01.2024;21;1.0;427;35;350;35;77;32
TE369;21.01.2024;22;1.0;347;33;283;32;64;38
TE369;21.01.2024;23;1.0;238;25;227;24;11;41
TE369;22.01.2024;0;1.0;166;19;162;19;4;43
TE369;22.01.2024;1;1.0;143;33;104;33;39;33
TE369;22.01.2024;2;1.0;118;43;57;43;61;43
TE369;22.01.2024;3;1.0;142;36;108;37;34;34
TE369;22.01.2024;4;1.0;210;44;160;44;50;44
TE369;22.01.2024;5;1.0;664;35;617;35;47;39
TE369;22.01.2024;6;1.0;1029;29;895;29;134;35
TE369;24.01.2024;5;1.0;754;24;711;23;44;40
TE369;24.01.2024;6;1.0;1063;29;988;28;75;40
TE369;24.01.2024;7;1.0;1157;24;1075;23;82;41
TE369;24.01.2024;8;1.0;1181;26;1048;24;133;40
TE369;24.01.2024;9;1.0;1133;29;1034;28;99;39
TE369;24.01.2024;10;1.0;1058;24;1012;24;46;40
TE369;24.01.2024;11;1.0;928;26;852;25;76;39
TE369;24.01.2024;12;1.0;978;28;914;27;64;38
TE369;26.01.2024;16;1.0;874;29;751;28;123;37
TE369;26.01.2024;17;1.0;935;25;879;26;55;16
TE369;26.01.2024;18;1.0;962;23;948;23;14;43
TE369;26.01.2024;19;1.0;932;23;915;23;17;42
TE369;26.01.2024;20;1.0;681;30;644;29;37;36
TE369;28.01.2024;9;1.0;473;42;365;42;108;42
TE369;28.01.2024;10;1.0;621;38;509;36;112;47
TE369;29.01.2024;5;1.0;728;25;576;24;152;31
TE369;29.01.2024;6;1.0;1078;38;822;38;256;38
TE369;29.01.2024;7;1.0;1202;36;865;36;337;35
TE369;29.01.2024;8;1.0;1192;33;1067;33;125;34
TE369;29.01.2024;9;1.0;1100;30;990;28;110;38
TE369;29.01.2024;10;1.0;890;23;828;22;62;40
TE370;01.01.2024;0;1.0;817;46;777;46;40;47
TE370;01.01.2024;1;1.0;868;50;832;50;36;49
TE370;01.01.2024;2;1.0;708;46;659;46;49;46
TE370;01.01.2024;3;1.0;582;47;558;47;24;48
TE370;01.01.2024;4;1.0;498;47;487;47;11;49
TE370;01.01.2024;5;1.0;471;52;452;52;19;53
TE370;01.01.2024;6;1.0;338;50;331;50;7;52
TE370;01.01.2024;7;1.0;286;51;279;51;7;54
TE370;01.01.2024;8;1.0;221;50;214;50;7;47
TE370;01.01.2024;9;1.0;275;47;254;47;21;44
TE370;01.01.2024;10;1.0;257;48;198;49;59;44
TE370;01.01.2024;11;1.0;366;48;308;47;58;46
TE370;01.01.2024;12;1.0;489;46;438;46;51;47
TE370;01.01.2024;13;1.0;584;48;508;48;76;49
TE370;01.01.2024;14;1.0;666;46;619;46;47;46
TE370;01.01.2024;15;1.0;727;44;666;44;61;46
TE370;01.01.2024;16;1.0;694;47;647;46;47;47
TE370;01.01.2024;17;1.0;787;45;720;45;67;45
TE370;01.01.2024;18;1.0;797;46;711;45;86;47
TE370;01.01.2024;19;1.0;650;47;627;47;23;48
TE370;01.01.2024;20;1.0;526;50;513;50;13;47
TE370;01.01.2024;21;1.0;436;49;408;49;28;50
TE370;01.01.2024;22;1.0;436;51;404;51;32;52
TE370;01.01.2024;23;1.0;354;50;308;50;46;49
TE370;02.01.2024;0;1.0;259;51;233;52;26;49
TE370;02.01.2024;1;1.0;169;52;161;52;8;49
TE370;02.01.2024;2;1.0;138;50;129;50;9;42
TE370;02.01.2024;3;1.0;149;49;140;49;9;44
TE370;02.01.2024;4;1.0;131;50;119;50;12;47
TE370;02.01.2024;5;1.0;266;49;246;49;20;48
TE370;02.01.2024;6;1.0;349;46;318;46;31;44
TE370;02.01.2024;7;1.0;505;42;471;42;34;40
TE370;02.01.2024;8;1.0;654;41;609;41;45;40
TE370;02.01.2024;9;1.0;657;42;601;43;56;43
TE370;02.01.2024;10;1.0;728;45;675;45;53;45
TE370;02.01.2024;11;1.0;923;45;895;45;28;44
TE370;02.01.2024;12;1.0;978;44;938;44;40;44
TE370;02.01.2024;13;1.0;958;44;883;43;75;45
TE370;02.01.2024;14;1.0;1106;44;1064;44;42;44
TE370;02.01.2024;15;1.0;1112;44;1072;44;40;42
TE370;02.01.2024;16;1.0;1134;44;1108;44;26;44
TE370;02.01.2024;17;1.0;1162;43;1139;43;23;44
TE370;02.01.2024;18;1.0;1144;44;1114;44;30;44
TE370;02.01.2024;19;1.0;890;46;872;46;18;45
TE370;02.01.2024;20;1.0;766;47;756;47;10;46
TE370;02.01.2024;21;1.0;582;48;573;48;9;47
TE370;02.01.2024;22;1.0;586;48;573;48;13;50
TE370;02.01.2024;23;1.0;382;48;372;48;10;48
TE370;03.01.2024;0;1.0;261;50;256;50;5;47
TE370;03.01.2024;1;1.0;169;51;167;51;2;51
TE370;03.01.2024;2;1.0;153;49;144;49;9;49
TE370;03.01.2024;3;1.0;142;47;130;48;12;46
TE370;03.01.2024;4;1.0;131;47;113;49;18;38
TE370;03.01.2024;5;1.0;294;46;277;46;17;47
TE370;03.01.2024;6;1.0;414;43;384;42;30;44
TE370;03.01.2024;7;1.0;566;40;520;40;46;41
TE370;03.01.2024;8;1.0;731;40;675;40;56;41
TE370;03.01.2024;9;1.0;770;39;645;39;125;40
TE370;03.01.2024;10;1.0;896;43;772;43;124;41
TE370;03.01.2024;11;1.0;972;42;898;42;74;40
TE370;03.01.2024;12;1.0;980;39;908;39;72;39
TE370;03.01.2024;13;1.0;1019;42;894;42;125;41
TE370;03.01.2024;14;1.0;1179;42;1073;42;106;43
TE370;03.01.2024;15;1.0;1241;41;1166;41;75;41
TE370;03.01.2024;16;1.0;1079;41;981;41;98;42
TE370;03.01.2024;17;1.0;1170;42;1081;42;89;41
TE370;03.01.2024;18;1.0;1076;44;1022;44;54;44
TE370;03.01.2024;19;1.0;915;44;826;44;89;45
TE370;03.01.2024;20;1.0;725;44;672;44;53;45
TE370;03.01.2024;21;1.0;582;47;516;47;66;48
TE370;03.01.2024;22;1.0;594;46;535;46;59;48
TE370;03.01.2024;23;1.0;471;49;404;49;67;47
TE370;04.01.2024;0;1.0;276;51;260;51;16;50
TE370;04.01.2024;1;1.0;173;50;166;51;7;47
TE370;04.01.2024;2;1.0;149;50;139;50;10;47
TE370;04.01.2024;3;1.0;149;48;138;48;11;40
TE370;04.01.2024;4;1.0;124;52;116;52;8;52
TE370;04.01.2024;5;1.0;243;49;242;49;1;38
TE370;04.01.2024;6;1.0;365;45;346;45;19;45
TE370;04.01.2024;7;1.0;508;42;492;42;16;42
TE370;04.01.2024;8;1.0;748;43;721;43;27;43
TE370;04.01.2024;9;1.0;842;42;801;42;41;42
TE370;04.01.2024;10;1.0;896;43;848;43;48;42
TE370;04.01.2024;11;1.0;950;44;899;44;51;45
TE370;04.01.2024;12;1.0;1057;45;1002;45;55;44
TE370;04.01.2024;13;1.0;1048;44;963;44;85;44
TE370;08.01.2024;16;1.0;1217;43;1151;43;66;44
TE370;08.01.2024;17;1.0;1186;44;1141;44;45;44
TE370;08.01.2024;18;1.0;1166;45;1132;45;34;46
TE370;08.01.2024;19;1.0;934;47;911;47;23;45
TE370;08.01.2024;20;1.0;658;47;638;47;20;47
TE370;08.01.2024;21;1.0;544;47;527;47;17;50
TE370;08.01.2024;22;1.0;473;49;459;49;14;48
TE370;08.01.2024;23;1.0;337;51;327;51;10;50
TE370;09.01.2024;0;1.0;228;51;215;51;13;51
TE370;09.01.2024;1;1.0;136;53;135;53;1;47
TE370;09.01.2024;2;1.0;88;52;78;51;10;56
TE370;09.01.2024;3;1.0;116;51;101;51;15;53
TE370;09.01.2024;4;1.0;121;52;110;53;11;46
TE370;09.01.2024;5;1.0;284;51;262;51;22;52
TE370;09.01.2024;6;1.0;575;45;538;45;37;45
TE370;09.01.2024;15;1.0;1265;32;1205;32;60;32
TE370;09.01.2024;16;1.0;1105;42;1077;42;28;42
TE370;09.01.2024;17;1.0;1236;42;1195;42;41;42
TE370;09.01.2024;18;1.0;1217;40;1191;40;27;40
TE370;09.01.2024;19;1.0;1115;44;1081;44;34;43
TE370;09.01.2024;20;1.0;805;44;778;44;27;44
TE370;09.01.2024;21;1.0;604;48;585;48;19;47
TE370;09.01.2024;22;1.0;629;49;615;49;14;49
TE370;09.01.2024;23;1.0;398;50;380;50;18;49
TE370;10.01.2024;0;1.0;241;54;237;54;4;56
TE370;10.01.2024;1;1.0;187;48;174;48;13;47
TE370;10.01.2024;2;1.0;127;51;117;51;10;50
TE370;10.01.2024;3;1.0;155;50;143;50;12;51
TE370;10.01.2024;15;1.0;1188;38;1133;38;55;39
TE370;10.01.2024;16;1.0;1139;42;1093;42;46;41
TE370;10.01.2024;17;1.0;1181;42;1138;42;43;41
TE370;10.01.2024;18;1.0;1178;44;1139;44;39;44
TE370;10.01.2024;19;1.0;1178;45;1158;45;20;45
TE370;10.01.2024;20;1.0;871;45;832;45;39;44
TE370;10.01.2024;21;1.0;713;47;687;47;26;47
TE370;10.01.2024;22;1.0;744;48;728;48;16;48
TE370;10.01.2024;23;1.0;650;49;628;50;22;49
TE370;28.01.2024;15;1.0;1081;40;1046;40;35;28
TE370;28.01.2024;16;1.0;1166;44;1137;44;29;43
TE370;28.01.2024;17;1.0;1136;44;1102;44;34;44
TE370;28.01.2024;18;1.0;1053;44;1025;44;28;44
TE370;28.01.2024;19;1.0;919;45;879;45;40;44
TE370;28.01.2024;20;1.0;698;47;680;47;18;46
TE370;28.01.2024;21;1.0;634;47;612;47;22;47
TE370;28.01.2024;22;1.0;652;47;602;46;50;47
TE370;28.01.2024;23;1.0;400;48;358;49;42;49
TE370;29.01.2024;0;1.0;202;50;176;50;26;51
TE370;29.01.2024;1;1.0;189;49;175;49;14;46
TE370;29.01.2024;2;1.0;134;48;119;48;15;46
TE370;29.01.2024;3;1.0;127;49;112;48;15;50
TE370;29.01.2024;4;1.0;137;47;116;48;21;41
TE370;29.01.2024;5;1.0;241;49;219;49;22;48
TE370;29.01.2024;6;1.0;506;43;463;42;43;44
TE370;29.01.2024;7;1.0;807;40;731;40;76;40
TE370;29.01.2024;8;1.0;989;39;913;39;76;40
TE370;29.01.2024;9;1.0;888;40;784;41;104;40
TE370;29.01.2024;10;1.0;1015;42;904;42;111;41
TE370;29.01.2024;11;1.0;1036;42;957;42;79;42
TE370;29.01.2024;12;1.0;1077;42;981;42;96;41
TE370;29.01.2024;13;1.0;1098;40;1019;40;79;40
TE370;29.01.2024;14;1.0;1239;41;1164;41;75;40
TE370;29.01.2024;15;1.0;1305;40;1227;40;78;40
TE370;29.01.2024;16;1.0;1258;40;1184;40;74;41
TE370;29.01.2024;17;1.0;1234;41;1192;41;42;41
TE370;29.01.2024;18;1.0;1130;42;1083;42;47;41
TE370;29.01.2024;19;1.0;990;43;951;43;39;43
TE370;29.01.2024;20;1.0;761;44;736;44;25;44
TE370;29.01.2024;21;1.0;547;43;524;43;23;41
TE370;29.01.2024;22;1.0;522;46;479;46;43;46
TE370;29.01.2024;23;1.0;339;49;307;49;32;48
TE370;30.01.2024;0;1.0;219;46;191;47;28;45
TE370;30.01.2024;1;1.0;153;50;150;50;3;50
TE370;30.01.2024;2;1.0;120;47;110;47;10;50
TE370;30.01.2024;3;1.0;124;46;106;46;18;46
TE370;30.01.2024;4;1.0;107;47;91;47;16;45
TE370;30.01.2024;5;1.0;260;50;231;50;29;51
TE370;30.01.2024;6;1.0;542;44;498;43;44;44
TE370;30.01.2024;7;1.0;818;40;731;40;87;39
TE370;30.01.2024;8;1.0;964;40;898;40;66;39
TE370;30.01.2024;9;1.0;1015;41;887;41;128;40
TE370;30.01.2024;10;1.0;1058;42;954;42;104;42
TE370;30.01.2024;11;1.0;1070;41;980;41;90;41
TE370;30.01.2024;12;1.0;1096;42;1012;42;84;41
TE370;30.01.2024;13;1.0;1111;42;1002;42;109;41
TE370;30.01.2024;14;1.0;1272;39;1191;39;81;40
TE370;30.01.2024;15;1.0;1311;41;1220;41;91;41
TE370;30.01.2024;16;1.0;1156;41;1097;41;59;40
TE370;30.01.2024;17;1.0;1229;41;1183;41;46;39
TE370;30.01.2024;18;1.0;1227;42;1177;42;50;43
TE370;30.01.2024;19;1.0;1072;44;1030;44;42;42
TE370;30.01.2024;20;1.0;769;45;718;45;51;45
TE370;30.01.2024;21;1.0;570;45;474;45;96;45
TE370;30.01.2024;22;1.0;573;46;483;46;90;48
TE370;30.01.2024;23;1.0;388;49;353;49;35;50
TE370;31.01.2024;0;1.0;262;49;246;50;16;50
TE370;31.01.2024;1;1.0;193;49;177;50;16;48
TE370;31.01.2024;2;1.0;131;50;124;49;7;52
TE370;31.01.2024;3;1.0;145;48;122;48;23;49
TE370;31.01.2024;4;1.0;110;47;90;48;20;42
TE370;31.01.2024;5;1.0;225;48;206;48;19;47
TE370;31.01.2024;6;1.0;491;44;469;44;22;44
TE370;31.01.2024;7;1.0;778;42;685;42;93;42
TE370;31.01.2024;8;1.0;998;40;930;40;68;40
TE370;31.01.2024;9;1.0;985;40;932;40;53;39
TE370;31.01.2024;10;1.0;1064;42;975;42;89;44
TE370;31.01.2024;11;1.0;1077;42;968;42;109;43
TE370;31.01.2024;12;1.0;1153;42;1064;42;89;42
TE370;31.01.2024;13;1.0;1163;43;1098;43;65;43
TE370;31.01.2024;14;1.0;1295;41;1183;41;112;42
TE370;31.01.2024;15;1.0;1136;42;1045;42;91;43
TE370;31.01.2024;16;1.0;1150;41;1076;41;74;43
TE370;31.01.2024;17;1.0;1214;43;1148;43;66;43
TE370;31.01.2024;18;1.0;1201;44;1129;44;72;46
TE370;31.01.2024;19;1.0;1002;44;942;44;60;45
TE370;31.01.2024;20;1.0;823;46;726;46;97;46
TE370;31.01.2024;21;1.0;619;46;540;46;79;46
TE370;31.01.2024;22;1.0;670;45;567;45;103;46
TE370;31.01.2024;23;1.0;506;50;386;50;120;49
TE380;01.01.2024;0;1.0;177;40;175;40;2;44
TE380;01.01.2024;1;1.0;279;40;276;40;3;42
TE380;01.01.2024;2;1.0;190;43;187;43;3;49
TE380;01.01.2024;3;1.0;150;50;147;50;3;47
TE380;01.01.2024;4;1.0;107;49;105;49;2;46
TE380;01.01.2024;5;1.0;112;51;110;51;2;46
TE380;01.01.2024;6;1.0;83;46;81;46;2;46
TE380;01.01.2024;7;1.0;59;52;56;52;3;45
TE380;01.01.2024;8;1.0;58;49;55;49;3;46
TE380;01.01.2024;9;1.0;51;52;46;52;5;47
TE380;01.01.2024;10;1.0;83;47;77;47;6;44
TE380;01.01.2024;11;1.0;114;48;105;48;9;48
TE380;01.01.2024;12;1.0;152;46;143;47;9;39
TE380;01.01.2024;13;1.0;140;48;133;48;7;45
TE380;01.01.2024;14;1.0;136;45;129;45;7;41
TE380;01.01.2024;15;1.0;153;46;148;46;5;43
TE380;01.01.2024;16;1.0;202;46;195;46;7;47
TE380;01.01.2024;17;1.0;208;44;200;44;8;41
TE380;01.01.2024;18;1.0;175;46;168;46;7;44
TE380;01.01.2024;19;1.0;139;41;132;41;7;39
TE380;01.01.2024;20;1.0;136;44;129;44;8;42
TE380;01.01.2024;21;1.0;117;43;111;44;5;44
TE380;01.01.2024;22;1.0;118;48;112;48;6;46
TE380;01.01.2024;23;1.0;84;48;80;48;4;48
TE380;02.01.2024;0;1.0;54;45;51;45;3;40
TE380;02.01.2024;1;1.0;46;48;42;48;4;44
TE380;02.01.2024;2;1.0;27;48;23;48;4;46
TE380;02.01.2024;3;1.0;39;48;35;49;4;45
TE380;02.01.2024;4;1.0;50;50;45;52;5;33
TE380;02.01.2024;5;1.0;106;49;102;49;4;50
TE380;02.01.2024;6;1.0;140;47;131;47;9;48
TE380;02.01.2024;7;1.0;202;46;186;46;16;45
TE380;02.01.2024;8;1.0;243;48;219;48;24;47
TE380;02.01.2024;9;1.0;211;50;196;50;15;50
TE380;02.01.2024;10;1.0;209;50;198;50;11;51
TE380;02.01.2024;11;1.0;245;49;240;49;5;50
TE380;02.01.2024;12;1.0;264;44;255;44;9;42
TE380;02.01.2024;13;1.0;263;42;257;42;6;42
TE380;02.01.2024;14;1.0;316;46;303;46;13;45
TE380;02.01.2024;15;1.0;290;48;277;48;13;48
TE380;02.01.2024;16;1.0;292;49;281;49;11;47
TE380;02.01.2024;17;1.0;265;49;253;49;12;46
TE380;02.01.2024;18;1.0;251;49;237;49;14;48
TE380;02.01.2024;19;1.0;192;49;179;49;13;47
TE380;02.01.2024;20;1.0;167;48;155;48;12;46
TE380;02.01.2024;21;1.0;126;49;119;49;7;49
TE380;02.01.2024;22;1.0;142;49;134;49;8;47
TE380;02.01.2024;23;1.0;104;50;98;50;6;52
TE380;03.01.2024;0;1.0;82;49;78;49;4;49
TE380;03.01.2024;1;1.0;41;45;37;44;4;53
TE380;03.01.2024;2;1.0;36;44;32;44;4;43
TE380;03.01.2024;3;1.0;39;43;35;43;4;43
TE380;03.01.2024;4;1.0;47;45;44;45;3;43
TE380;03.01.2024;5;1.0;111;51;105;51;6;51
TE380;03.01.2024;6;1.0;160;48;149;49;11;41
TE380;03.01.2024;7;1.0;202;48;187;48;15;48
TE380;03.01.2024;8;1.0;245;47;225;47;20;47
TE380;03.01.2024;9;1.0;283;47;262;47;21;47
TE380;03.01.2024;10;1.0;269;47;247;46;22;50
TE380;03.01.2024;11;1.0;267;45;255;45;12;45
TE380;03.01.2024;12;1.0;265;48;245;48;20;45
TE380;03.01.2024;13;1.0;290;44;275;44;15;46
TE380;03.01.2024;14;1.0;336;43;324;43;12;43
TE380;03.01.2024;15;1.0;337;45;320;45;17;45
TE380;03.01.2024;16;1.0;334;44;325;44;9;42
TE380;03.01.2024;17;1.0;280;44;263;44;17;42
TE380;03.01.2024;18;1.0;277;40;262;40;15;40
TE380;03.01.2024;19;1.0;226;41;213;41;13;39
TE380;03.01.2024;20;1.0;175;41;165;41;10;39
TE380;03.01.2024;21;1.0;195;41;192;41;3;47
TE380;03.01.2024;22;1.0;153;43;146;43;7;40
TE380;03.01.2024;23;1.0;119;46;114;46;5;46
TE380;04.01.2024;0;1.0;77;50;73;50;4;50
TE380;04.01.2024;1;1.0;55;48;50;48;5;49
TE380;04.01.2024;2;1.0;31;50;27;50;4;48
TE380;04.01.2024;3;1.0;30;49;24;51;6;38
TE380;04.01.2024;4;1.0;30;50;29;51;1;47
TE380;04.01.2024;5;1.0;95;56;92;56;3;51
TE380;04.01.2024;6;1.0;164;54;160;54;4;53
TE380;04.01.2024;7;1.0;218;51;212;51;6;52
TE380;04.01.2024;8;1.0;248;50;237;50;11;49
TE380;04.01.2024;9;1.0;261;47;243;47;18;46
TE380;04.01.2024;10;1.0;284;48;264;48;20;48
TE380;04.01.2024;11;1.0;297;43;283;43;14;45
TE380;04.01.2024;12;1.0;287;43;274;43;13;43
TE380;04.01.2024;13;1.0;298;41;290;41;8;36
TE380;04.01.2024;14;1.0;284;40;273;40;11;39
TE380;04.01.2024;15;1.0;344;45;324;45;20;45
TE380;04.01.2024;16;1.0;284;46;270;46;14;46
TE380;04.01.2024;17;1.0;291;45;280;45;11;44
TE380;04.01.2024;18;1.0;258;44;234;43;24;45
TE380;04.01.2024;19;1.0;235;47;223;47;12;43
TE380;04.01.2024;20;1.0;216;46;204;46;12;43
TE380;04.01.2024;21;1.0;151;47;146;47;5;47
TE380;04.01.2024;22;1.0;191;48;185;48;6;47
TE380;04.01.2024;23;1.0;115;51;109;52;6;50
TE380;05.01.2024;0;1.0;76;48;72;48;4;54
TE380;05.01.2024;1;1.0;57;52;53;53;4;47
TE380;05.01.2024;2;1.0;41;54;37;54;4;56
TE380;05.01.2024;3;1.0;41;53;36;54;5;51
TE380;05.01.2024;4;1.0;45;50;41;50;4;51
TE380;05.01.2024;5;1.0;83;46;76;47;7;42
TE380;05.01.2024;7;1.0;207;50;194;50;13;47
TE380;05.01.2024;8;1.0;220;49;207;49;13;48
TE380;05.01.2024;9;1.0;233;50;220;50;13;50
TE380;05.01.2024;10;1.0;247;48;236;48;11;46
TE380;05.01.2024;11;1.0;274;47;261;47;13;46
TE380;05.01.2024;12;1.0;249;47;242;47;7;45
TE380;05.01.2024;13;1.0;281;47;274;47;7;48
TE380;05.01.2024;14;1.0;266;45;254;45;12;45
TE380;05.01.2024;15;1.0;301;47;289;47;12;46
TE380;05.01.2024;16;1.0;306;47;291;47;15;47
TE380;05.01.2024;17;1.0;292;46;281;46;11;47
TE380;05.01.2024;18;1.0;266;48;250;48;16;48
TE380;05.01.2024;19;1.0;197;44;184;44;13;43
TE380;05.01.2024;20;1.0;200;43;189;43;11;42
TE380;05.01.2024;21;1.0;192;44;185;44;7;38
TE380;05.01.2024;22;1.0;193;51;185;51;8;50
TE380;05.01.2024;23;1.0;139;50;134;50;5;50
TE380;06.01.2024;0;1.0;141;45;135;45;5;49
TE380;06.01.2024;1;1.0;84;51;81;51;3;49
TE380;06.01.2024;2;1.0;42;50;39;50;3;49
TE380;06.01.2024;3;1.0;42;49;39;50;3;46
TE380;06.01.2024;4;1.0;40;52;37;53;3;40
TE380;06.01.2024;5;1.0;60;54;58;54;2;39
TE380;06.01.2024;6;1.0;55;49;51;49;4;46
TE380;06.01.2024;7;1.0;69;51;61;51;8;50
TE380;06.01.2024;8;1.0;60;49;57;49;3;50
TE380;06.01.2024;9;1.0;94;52;93;52;1;54
TE380;06.01.2024;10;1.0;134;50;128;50;6;51
TE380;06.01.2024;11;1.0;193;50;188;50;5;50
TE380;06.01.2024;12;1.0;186;48;180;48;6;48
TE380;06.01.2024;13;1.0;234;50;223;50;11;50
TE380;06.01.2024;14;1.0;276;47;266;47;10;46
TE380;06.01.2024;15;1.0;278;48;271;48;7;47
TE380;06.01.2024;16;1.0;195;47;192;47;3;49
TE380;06.01.2024;17;1.0;238;46;237;46;1;43
TE380;06.01.2024;18;1.0;248;46;240;46;8;44
TE380;06.01.2024;19;1.0;249;45;240;45;9;44
TE380;06.01.2024;20;1.0;221;42;213;42;9;40
TE380;06.01.2024;21;1.0;197;42;191;42;7;40
TE380;06.01.2024;22;1.0;192;43;183;43;9;42
TE380;06.01.2024;23;1.0;164;42;160;42;3;47
TE380;07.01.2024;0;1.0;160;42;154;42;7;40
TE380;07.01.2024;1;1.0;103;49;101;49;2;45
TE380;07.01.2024;2;1.0;73;52;71;52;2;45
TE380;07.01.2024;3;1.0;53;49;50;50;3;30
TE380;07.01.2024;4;1.0;52;44;50;45;2;30
TE380;07.01.2024;5;1.0;47;45;46;45;1;30
TE380;07.01.2024;6;1.0;32;47;30;47;2;38
TE380;07.01.2024;7;1.0;43;51;40;51;3;45
TE380;07.01.2024;8;1.0;40;49;38;49;2;47
TE380;07.01.2024;9;1.0;74;50;72;50;2;47
TE380;07.01.2024;10;1.0;114;50;107;50;7;42
TE380;07.01.2024;11;1.0;117;49;111;49;6;46
TE380;07.01.2024;12;1.0;157;49;151;49;6;49
TE380;07.01.2024;13;1.0;222;47;216;46;6;49
TE380;07.01.2024;14;1.0;223;46;217;46;6;48
TE380;07.01.2024;15;1.0;270;48;264;48;6;47
TE380;07.01.2024;16;1.0;209;49;203;49;6;47
TE380;07.01.2024;17;1.0;243;47;235;47;8;48
TE380;07.01.2024;18;1.0;189;50;182;50;7;50
TE380;07.01.2024;19;1.0;178;50;171;50;7;47
TE380;07.01.2024;20;1.0;178;46;170;46;8;45
TE380;07.01.2024;21;1.0;148;45;143;45;5;45
TE380;07.01.2024;22;1.0;129;44;120;45;9;40
TE380;07.01.2024;23;1.0;107;45;104;45;3;49
TE380;08.01.2024;0;1.0;70;43;67;43;3;47
TE380;08.01.2024;1;1.0;40;46;35;46;5;47
TE380;08.01.2024;2;1.0;40;46;35;46;5;45
TE380;08.01.2024;3;1.0;35;47;31;47;4;46
TE380;08.01.2024;4;1.0;55;48;51;49;4;46
TE380;08.01.2024;5;1.0;114;52;110;52;4;52
TE380;08.01.2024;6;1.0;173;50;161;50;12;50
TE380;08.01.2024;7;1.0;240;50;231;49;9;50
TE380;08.01.2024;8;1.0;371;46;358;46;13;46
TE380;08.01.2024;9;1.0;249;47;242;47;7;48
TE380;08.01.2024;10;1.0;221;47;214;47;7;49
TE380;08.01.2024;11;1.0;219;46;213;46;6;46
TE380;08.01.2024;12;1.0;201;47;189;47;12;46
TE380;08.01.2024;13;1.0;221;46;211;46;10;46
TE380;08.01.2024;14;1.0;254;47;242;47;12;45
TE380;08.01.2024;15;1.0;277;42;260;42;17;42
TE380;08.01.2024;16;1.0;291;44;282;44;9;45
TE380;08.01.2024;17;1.0;270;45;258;45;12;45
TE380;08.01.2024;18;1.0;237;44;220;44;17;43
TE380;08.01.2024;19;1.0;224;42;213;42;11;42
TE380;08.01.2024;20;1.0;152;42;139;42;13;40
TE380;08.01.2024;21;1.0;134;42;128;42;7;40
TE380;08.01.2024;22;1.0;111;45;103;45;8;44
TE380;09.01.2024;0;1.0;59;50;55;50;4;44
TE380;09.01.2024;1;1.0;36;49;31;49;5;51
TE380;09.01.2024;2;1.0;42;44;38;44;4;46
TE380;09.01.2024;3;1.0;32;48;28;48;4;41
TE380;09.01.2024;4;1.0;33;46;29;47;4;41
TE380;09.01.2024;5;1.0;121;48;114;48;7;45
TE380;09.01.2024;6;1.0;180;47;167;47;13;45
TE380;09.01.2024;7;1.0;253;48;241;48;12;47
TE380;09.01.2024;8;1.0;368;41;359;41;9;40
TE380;09.01.2024;9;1.0;364;46;342;47;22;45
TE380;09.01.2024;10;1.0;272;46;262;46;10;46
TE380;09.01.2024;11;1.0;280;46;270;46;10;45
TE380;09.01.2024;12;1.0;269;43;261;43;9;41
TE380;09.01.2024;13;1.0;278;43;266;43;12;42
TE380;09.01.2024;14;1.0;281;42;267;42;14;41
TE380;09.01.2024;15;1.0;350;43;337;43;13;42
TE380;09.01.2024;16;1.0;338;45;327;45;11;44
TE380;09.01.2024;17;1.0;318;44;305;44;13;45
TE380;09.01.2024;18;1.0;281;42;267;42;14;41
TE380;09.01.2024;19;1.0;240;42;228;42;12;44
TE380;09.01.2024;20;1.0;193;44;182;44;11;43
TE380;09.01.2024;21;1.0;157;45;152;45;5;44
TE380;09.01.2024;22;1.0;143;44;137;44;6;43
TE380;09.01.2024;23;1.0;107;47;101;48;6;44
TE380;10.01.2024;0;1.0;76;46;72;46;4;41
TE380;10.01.2024;1;1.0;40;48;36;48;4;44
TE380;10.01.2024;2;1.0;35;51;31;51;4;48
TE380;10.01.2024;3;1.0;34;52;29;51;5;62
TE380;10.01.2024;4;1.0;43;50;40;50;3;55
TE380;10.01.2024;5;1.0;117;52;113;53;4;42
TE380;10.01.2024;6;1.0;179;49;166;50;13;48
TE380;10.01.2024;7;1.0;283;47;267;47;16;47
TE380;10.01.2024;8;1.0;385;46;371;46;14;46
TE380;10.01.2024;9;1.0;416;41;393;41;23;41
TE380;10.01.2024;10;1.0;323;41;310;41;13;38
TE380;10.01.2024;11;1.0;271;43;261;43;10;43
TE380;10.01.2024;12;1.0;279;43;271;43;9;42
TE380;10.01.2024;13;1.0;276;44;267;44;9;44
TE380;10.01.2024;14;1.0;329;47;314;47;15;47
TE380;10.01.2024;15;1.0;362;43;344;43;18;44
TE380;10.01.2024;16;1.0;341;44;325;44;16;43
TE380;10.01.2024;17;1.0;350;45;338;45;12;45
TE380;10.01.2024;18;1.0;337;42;322;42;15;43
TE380;10.01.2024;19;1.0;270;41;258;41;12;41
TE380;10.01.2024;20;1.0;184;44;173;44;11;43
TE380;10.01.2024;21;1.0;178;44;170;44;8;42
TE380;10.01.2024;22;1.0;140;45;135;45;5;46
TE380;10.01.2024;23;1.0;92;39;86;39;6;38
TE380;11.01.2024;0;1.0;90;48;84;48;6;47
TE380;11.01.2024;1;1.0;49;46;44;45;5;49
TE380;11.01.2024;2;1.0;36;48;31;49;5;43
TE380;11.01.2024;3;1.0;39;46;34;47;5;39
TE380;11.01.2024;4;1.0;49;44;44;43;5;50
TE380;11.01.2024;5;1.0;110;52;104;53;6;46
TE380;11.01.2024;6;1.0;186;50;177;50;9;52
TE380;11.01.2024;7;1.0;296;46;284;46;12;46
TE380;11.01.2024;8;1.0;396;39;382;39;14;41
TE380;11.01.2024;9;1.0;359;44;350;44;9;44
TE380;11.01.2024;10;1.0;291;48;286;47;5;50
TE380;11.01.2024;11;1.0;302;45;289;45;13;45
TE380;11.01.2024;12;1.0;279;50;270;50;9;49
TE380;11.01.2024;13;1.0;281;49;277;49;4;48
TE380;11.01.2024;14;1.0;311;49;303;49;8;50
TE380;11.01.2024;15;1.0;332;46;330;46;2;41
TE380;11.01.2024;16;1.0;331;46;325;46;6;45
TE380;11.01.2024;17;1.0;332;42;324;42;8;38
TE380;11.01.2024;18;1.0;309;41;296;41;13;42
TE380;11.01.2024;19;1.0;269;44;258;44;11;43
TE380;11.01.2024;20;1.0;189;43;178;43;11;40
TE380;11.01.2024;21;1.0;195;46;186;46;9;44
TE380;11.01.2024;22;1.0;178;46;172;46;6;46
TE380;11.01.2024;23;1.0;149;47;143;47;6;48
TE380;12.01.2024;0;1.0;102;48;98;48;4;48
TE380;12.01.2024;1;1.0;59;48;55;49;4;43
TE380;12.01.2024;2;1.0;37;38;32;39;5;33
TE380;12.01.2024;3;1.0;36;45;33;46;3;43
TE380;12.01.2024;4;1.0;55;46;49;46;5;51
TE380;12.01.2024;5;1.0;115;50;111;50;3;50
TE380;12.01.2024;6;1.0;173;49;167;49;7;45
TE380;12.01.2024;7;1.0;233;52;224;52;9;53
TE380;12.01.2024;8;1.0;303;50;297;51;6;46
TE380;12.01.2024;9;1.0;260;50;249;50;11;48
TE380;12.01.2024;10;1.0;241;51;233;51;8;50
TE380;12.01.2024;11;1.0;256;51;246;51;10;50
TE380;12.01.2024;12;1.0;240;51;236;51;4;50
TE380;12.01.2024;13;1.0;296;50;286;50;10;50
TE380;12.01.2024;14;1.0;309;44;298;44;11;44
TE380;12.01.2024;15;1.0;296;43;284;43;12;40
TE380;12.01.2024;16;1.0;322;44;312;44;10;44
TE380;12.01.2024;17;1.0;260;48;254;49;6;45
TE380;12.01.2024;18;1.0;270;48;256;48;14;48
TE380;12.01.2024;19;1.0;244;40;232;40;12;39
TE380;12.01.2024;20;1.0;186;47;177;47;9;47
TE380;12.01.2024;21;1.0;181;47;175;47;6;46
TE380;12.01.2024;22;1.0;174;49;165;49;9;46
TE380;12.01.2024;23;1.0;138;47;129;47;9;47
TE380;13.01.2024;0;1.0;139;49;135;49;4;50
TE380;13.01.2024;1;1.0;83;48;81;49;2;46
TE380;13.01.2024;2;1.0;59;53;57;54;2;45
TE380;13.01.2024;3;1.0;39;54;36;54;3;46
TE380;13.01.2024;4;1.0;31;51;29;53;1;46
TE380;13.01.2024;5;1.0;45;49;41;50;3;47
TE380;13.01.2024;6;1.0;47;50;43;50;4;52
TE380;13.01.2024;7;1.0;64;45;61;45;3;50
TE380;13.01.2024;8;1.0;68;44;66;44;2;49
TE380;13.01.2024;9;1.0;104;56;102;56;2;52
TE380;13.01.2024;10;1.0;172;52;171;52;1;53
TE380;13.01.2024;11;1.0;164;52;163;52;1;53
TE380;13.01.2024;12;1.0;223;50;222;50;1;46
TE380;13.01.2024;13;1.0;264;48;260;48;4;48
TE380;13.01.2024;14;1.0;279;47;274;47;5;49
TE380;13.01.2024;15;1.0;313;47;310;47;3;47
TE380;13.01.2024;16;1.0;396;43;388;43;8;44
TE380;13.01.2024;17;1.0;270;47;266;47;4;44
TE380;13.01.2024;18;1.0;288;44;279;44;9;43
TE380;13.01.2024;19;1.0;206;41;201;40;5;45
TE380;13.01.2024;20;1.0;200;41;191;41;9;40
TE380;13.01.2024;21;1.0;199;44;192;44;7;40
TE380;13.01.2024;22;1.0;232;41;226;41;7;38
TE380;13.01.2024;23;1.0;157;44;155;44;2;45
TE380;14.01.2024;0;1.0;170;45;166;45;4;46
TE380;14.01.2024;1;1.0;110;44;109;44;1;44
TE380;14.01.2024;2;1.0;67;51;65;51;2;50
TE380;14.01.2024;3;1.0;33;46;31;46;2;50
TE380;14.01.2024;4;1.0;54;53;52;53;2;50
TE380;14.01.2024;5;1.0;52;51;50;51;2;45
TE380;14.01.2024;6;1.0;36;54;34;54;2;48
TE380;14.01.2024;7;1.0;46;53;44;53;2;49
TE380;14.01.2024;8;1.0;50;52;47;53;3;44
TE380;14.01.2024;9;1.0;76;52;73;52;3;42
TE380;14.01.2024;10;1.0;105;50;99;50;6;50
TE380;14.01.2024;11;1.0;153;50;147;50;6;48
TE380;14.01.2024;12;1.0;197;48;190;48;7;47
TE380;14.01.2024;13;1.0;189;47;182;47;7;47
TE380;14.01.2024;14;1.0;260;44;254;44;6;45
TE380;14.01.2024;15;1.0;215;46;209;46;6;44
TE380;14.01.2024;16;1.0;235;45;228;45;7;46
TE380;14.01.2024;17;1.0;227;45;219;45;8;45
TE380;14.01.2024;18;1.0;197;48;191;48;6;48
TE380;14.01.2024;19;1.0;201;47;195;47;6;46
TE380;14.01.2024;20;1.0;167;44;161;44;5;46
TE380;14.01.2024;21;1.0;176;40;173;40;4;31
TE380;14.01.2024;22;1.0;151;42;144;43;7;38
TE380;14.01.2024;23;1.0;106;51;103;51;3;47
TE380;15.01.2024;0;1.0;69;48;66;48;3;48
TE380;15.01.2024;1;1.0;53;50;50;50;3;47
TE380;15.01.2024;2;1.0;34;48;30;48;4;48
TE380;15.01.2024;3;1.0;32;50;28;51;4;44
TE380;15.01.2024;4;1.0;37;53;33;54;4;52
TE380;15.01.2024;5;1.0;122;53;119;53;3;52
TE380;15.01.2024;6;1.0;185;53;178;53;7;54
TE380;15.01.2024;7;1.0;312;51;301;51;11;54
TE380;15.01.2024;8;1.0;334;49;318;49;16;50
TE380;15.01.2024;9;1.0;351;50;333;50;18;49
TE380;15.01.2024;10;1.0;385;49;373;49;12;49
TE380;15.01.2024;11;1.0;258;50;249;50;9;51
TE380;15.01.2024;12;1.0;218;49;210;49;8;47
TE380;15.01.2024;13;1.0;249;50;244;50;5;49
TE380;15.01.2024;14;1.0;286;48;274;48;12;48
TE380;15.01.2024;15;1.0;282;49;273;49;9;47
TE380;15.01.2024;16;1.0;262;46;248;46;14;46
TE380;15.01.2024;17;1.0;261;42;249;42;12;40
TE380;15.01.2024;18;1.0;237;40;227;40;10;39
TE380;15.01.2024;19;1.0;223;43;211;43;12;44
TE380;15.01.2024;20;1.0;184;45;171;46;13;44
TE380;15.01.2024;21;1.0;157;47;151;47;6;47
TE380;15.01.2024;22;1.0;141;49;133;49;8;52
TE380;15.01.2024;23;1.0;81;51;74;51;7;48
TE380;16.01.2024;0;1.0;68;53;65;53;3;49
TE380;16.01.2024;1;1.0;37;50;33;50;4;46
TE380;16.01.2024;2;1.0;28;39;24;38;4;44
TE380;16.01.2024;3;1.0;31;39;26;38;5;41
TE380;16.01.2024;4;1.0;49;41;44;42;5;39
TE380;16.01.2024;5;1.0;94;45;87;46;7;42
TE380;16.01.2024;6;1.0;197;45;188;45;9;43
TE380;16.01.2024;7;1.0;252;42;240;42;12;43
TE380;16.01.2024;8;1.0;373;44;358;44;15;44
TE380;16.01.2024;9;1.0;372;46;363;46;9;44
TE380;16.01.2024;10;1.0;304;50;295;50;9;49
TE380;16.01.2024;11;1.0;303;50;292;50;11;51
TE380;16.01.2024;12;1.0;288;44;281;44;7;41
TE380;16.01.2024;13;1.0;291;46;285;46;7;43
TE380;16.01.2024;14;1.0;256;44;243;44;13;44
TE380;16.01.2024;15;1.0;309;40;289;40;20;39
TE380;16.01.2024;16;1.0;337;45;324;45;13;43
TE380;16.01.2024;17;1.0;310;45;297;45;13;46
TE380;16.01.2024;18;1.0;294;45;282;45;12;45
TE380;16.01.2024;19;1.0;256;45;243;45;13;43
TE380;16.01.2024;20;1.0;156;48;143;48;13;47
TE380;16.01.2024;21;1.0;182;49;174;49;8;49
TE380;16.01.2024;22;1.0;156;51;145;51;11;49
TE380;16.01.2024;23;1.0;114;49;108;49;6;47
TE380;17.01.2024;0;1.0;67;48;61;48;6;48
TE380;17.01.2024;1;1.0;51;49;47;49;4;48
TE380;17.01.2024;2;1.0;36;47;32;47;4;47
TE380;17.01.2024;3;1.0;36;44;31;45;5;40
TE380;17.01.2024;4;1.0;49;46;45;46;4;42
TE380;17.01.2024;5;1.0;110;52;101;52;9;50
TE380;17.01.2024;6;1.0;179;44;171;44;8;41
TE380;17.01.2024;7;1.0;248;43;232;44;15;43
TE380;17.01.2024;8;1.0;374;43;364;43;10;44
TE380;17.01.2024;9;1.0;380;47;365;47;15;46
TE380;17.01.2024;10;1.0;302;49;287;50;15;49
TE380;17.01.2024;11;1.0;274;46;260;46;14;47
TE380;17.01.2024;12;1.0;326;48;316;48;10;48
TE380;17.01.2024;13;1.0;318;49;310;49;8;47
TE380;17.01.2024;14;1.0;320;48;310;49;10;48
TE380;17.01.2024;15;1.0;345;46;336;46;9;44
TE380;17.01.2024;16;1.0;319;47;306;47;13;48
TE380;17.01.2024;17;1.0;326;45;319;45;7;45
TE380;17.01.2024;18;1.0;285;46;276;46;9;44
TE380;17.01.2024;19;1.0;256;44;241;44;15;45
TE380;17.01.2024;20;1.0;185;46;172;46;13;46
TE380;17.01.2024;21;1.0;159;49;152;49;7;47
TE380;17.01.2024;22;1.0;147;48;138;48;9;46
TE380;17.01.2024;23;1.0;102;51;95;51;7;50
TE380;18.01.2024;0;1.0;70;50;66;50;4;50
TE380;18.01.2024;1;1.0;56;53;53;53;3;51
TE380;18.01.2024;2;1.0;36;50;32;51;4;44
TE380;18.01.2024;3;1.0;41;51;36;51;5;52
TE380;18.01.2024;4;1.0;48;49;44;49;4;58
TE380;18.01.2024;5;1.0;113;53;110;52;3;56
TE380;18.01.2024;6;1.0;167;46;159;46;8;44
TE380;18.01.2024;7;1.0;289;47;278;47;11;45
TE380;18.01.2024;8;1.0;357;45;341;45;15;44
TE380;18.01.2024;9;1.0;339;45;319;45;21;45
TE380;18.01.2024;10;1.0;276;49;265;49;11;50
TE380;18.01.2024;11;1.0;263;49;252;49;11;49
TE380;18.01.2024;12;1.0;306;48;297;48;9;49
TE380;18.01.2024;13;1.0;297;47;282;47;15;47
TE380;18.01.2024;14;1.0;304;47;288;47;16;46
TE380;18.01.2024;15;1.0;377;44;360;44;17;45
TE380;18.01.2024;16;1.0;339;43;324;43;15;44
TE380;18.01.2024;17;1.0;342;46;330;46;12;46
TE380;18.01.2024;18;1.0;303;45;287;45;16;46
TE380;18.01.2024;19;1.0;263;44;249;44;14;44
TE380;18.01.2024;20;1.0;214;44;202;44;12;44
TE380;18.01.2024;21;1.0;173;44;166;44;7;42
TE380;18.01.2024;22;1.0;176;47;168;47;8;45
TE380;18.01.2024;23;1.0;130;47;124;47;6;47
TE380;19.01.2024;0;1.0;87;48;82;48;5;49
TE380;19.01.2024;1;1.0;62;52;58;52;4;52
TE380;19.01.2024;2;1.0;39;52;35;53;4;46
TE380;19.01.2024;3;1.0;43;52;38;53;5;47
TE380;19.01.2024;4;1.0;49;51;44;51;5;50
TE380;19.01.2024;5;1.0;100;53;92;53;8;54
TE380;19.01.2024;6;1.0;171;49;159;49;12;48
TE380;19.01.2024;7;1.0;207;45;199;44;9;43
TE380;19.01.2024;8;1.0;305;44;292;44;13;44
TE380;19.01.2024;9;1.0;312;44;288;44;24;44
TE380;19.01.2024;10;1.0;263;44;247;44;16;45
TE380;19.01.2024;11;1.0;283;47;273;47;10;46
TE380;19.01.2024;12;1.0;284;47;267;47;17;46
TE380;19.01.2024;13;1.0;302;48;292;48;10;48
TE380;19.01.2024;14;1.0;302;47;287;47;15;47
TE380;19.01.2024;15;1.0;337;46;316;46;21;45
TE380;19.01.2024;16;1.0;295;46;285;46;10;46
TE380;19.01.2024;17;1.0;284;47;268;47;16;48
TE380;19.01.2024;18;1.0;278;45;259;45;19;44
TE380;19.01.2024;19;1.0;240;44;227;44;13;41
TE380;19.01.2024;20;1.0;229;43;214;43;15;42
TE380;19.01.2024;21;1.0;197;43;193;43;4;45
TE380;19.01.2024;22;1.0;203;45;195;45;8;43
TE380;19.01.2024;23;1.0;181;46;173;46;8;47
TE380;20.01.2024;0;1.0;140;44;131;44;9;42
TE380;20.01.2024;1;1.0;98;45;95;45;3;44
TE380;20.01.2024;2;1.0;57;46;55;46;2;45
TE380;20.01.2024;3;1.0;47;53;45;53;2;51
TE380;20.01.2024;4;1.0;55;53;52;53;3;50
TE380;20.01.2024;5;1.0;57;52;52;52;5;51
TE380;20.01.2024;6;1.0;49;51;45;51;4;49
TE380;20.01.2024;7;1.0;55;51;51;51;4;50
TE380;20.01.2024;8;1.0;76;50;70;50;6;46
TE380;20.01.2024;9;1.0;123;49;116;49;8;46
TE380;20.01.2024;10;1.0;160;49;154;49;7;47
TE380;20.01.2024;11;1.0;160;48;154;48;7;42
TE380;20.01.2024;12;1.0;200;49;199;49;1;49
TE380;20.01.2024;13;1.0;3;35;2;24;1;58
TE380;20.01.2024;14;1.0;381;46;369;46;12;48
TE380;20.01.2024;15;1.0;327;45;319;45;8;45
TE380;20.01.2024;16;1.0;251;47;242;47;9;46
TE380;20.01.2024;17;1.0;273;43;261;43;12;42
TE380;20.01.2024;18;1.0;275;41;267;41;8;44
TE380;20.01.2024;19;1.0;225;44;219;44;6;46
TE380;20.01.2024;20;1.0;251;42;240;42;11;43
TE380;20.01.2024;21;1.0;213;47;207;47;6;47
TE380;20.01.2024;22;1.0;212;44;206;44;6;46
TE380;20.01.2024;23;1.0;200;45;195;45;5;45
TE380;21.01.2024;0;1.0;182;46;178;46;4;48
TE380;21.01.2024;1;1.0;120;49;117;49;3;46
TE380;21.01.2024;2;1.0;87;49;85;49;2;48
TE380;21.01.2024;3;1.0;67;48;64;48;2;50
TE380;21.01.2024;4;1.0;45;47;41;48;3;45
TE380;21.01.2024;5;1.0;50;49;49;49;1;42
TE380;21.01.2024;6;1.0;35;48;32;49;3;44
TE380;21.01.2024;7;1.0;32;56;29;56;3;56
TE380;21.01.2024;8;1.0;46;52;42;53;4;53
TE380;21.01.2024;9;1.0;60;49;56;50;4;44
TE380;21.01.2024;10;1.0;113;48;106;48;7;47
TE380;21.01.2024;11;1.0;161;50;146;50;15;49
TE380;21.01.2024;12;1.0;161;47;156;47;5;43
TE380;21.01.2024;13;1.0;188;47;183;47;5;47
TE380;21.01.2024;14;1.0;214;45;206;45;8;45
TE380;21.01.2024;15;1.0;248;40;240;40;8;41
TE380;21.01.2024;16;1.0;321;39;312;39;9;40
TE380;21.01.2024;17;1.0;235;41;223;41;12;40
TE380;21.01.2024;18;1.0;205;44;199;44;6;41
TE380;21.01.2024;19;1.0;152;43;148;43;4;44
TE380;21.01.2024;20;1.0;166;44;159;44;7;43
TE380;21.01.2024;21;1.0;133;44;127;44;6;44
TE380;21.01.2024;22;1.0;119;47;113;47;6;46
TE380;21.01.2024;23;1.0;88;44;85;44;3;47
TE380;22.01.2024;0;1.0;67;43;61;43;5;47
TE380;22.01.2024;1;1.0;39;43;34;43;5;46
TE380;22.01.2024;2;1.0;40;50;36;50;4;50
TE380;22.01.2024;3;1.0;34;46;30;47;4;39
TE380;22.01.2024;4;1.0;42;52;37;53;5;41
TE380;22.01.2024;5;1.0;107;52;101;52;6;52
TE380;22.01.2024;6;1.0;171;50;160;50;11;50
TE380;22.01.2024;7;1.0;264;46;249;46;15;46
TE380;22.01.2024;8;1.0;350;44;332;44;18;44
TE380;22.01.2024;9;1.0;314;46;288;46;26;46
TE380;22.01.2024;10;1.0;331;47;323;47;8;46
TE380;22.01.2024;11;1.0;310;49;292;49;18;47
TE380;22.01.2024;12;1.0;318;48;285;48;33;48
TE380;22.01.2024;13;1.0;289;47;261;47;28;45
TE380;22.01.2024;14;1.0;287;46;263;46;24;47
TE380;22.01.2024;15;1.0;370;43;340;43;30;44
TE380;22.01.2024;16;1.0;334;45;305;45;29;43
TE380;22.01.2024;17;1.0;347;41;336;41;11;42
TE380;22.01.2024;18;1.0;285;40;265;41;20;39
TE380;22.01.2024;19;1.0;263;42;249;42;14;42
TE380;22.01.2024;20;1.0;177;46;164;46;13;45
TE380;22.01.2024;21;1.0;175;45;165;45;10;44
TE380;22.01.2024;22;1.0;133;47;124;47;9;48
TE380;22.01.2024;23;1.0;115;43;109;43;5;46
TE380;23.01.2024;0;1.0;68;47;64;47;4;44
TE380;23.01.2024;1;1.0;50;49;45;49;5;50
TE380;23.01.2024;2;1.0;25;48;20;49;5;46
TE380;23.01.2024;3;1.0;30;47;24;47;6;47
TE380;23.01.2024;4;1.0;44;49;39;50;5;45
TE380;23.01.2024;5;1.0;110;50;103;50;7;48
TE380;23.01.2024;6;1.0;203;49;195;49;8;50
TE380;23.01.2024;7;1.0;277;46;262;46;15;46
TE380;23.01.2024;8;1.0;375;42;351;42;24;37
TE380;23.01.2024;9;1.0;376;47;355;47;21;46
TE380;23.01.2024;10;1.0;314;46;290;46;24;47
TE380;23.01.2024;11;1.0;305;46;282;46;23;47
TE380;23.01.2024;12;1.0;320;47;309;47;11;47
TE380;23.01.2024;13;1.0;310;49;295;48;15;50
TE380;23.01.2024;14;1.0;307;40;293;40;13;40
TE380;23.01.2024;15;1.0;383;38;364;38;19;36
TE380;23.01.2024;16;1.0;370;39;351;39;19;38
TE380;23.01.2024;17;1.0;344;38;329;38;14;39
TE380;23.01.2024;18;1.0;273;39;261;39;12;39
TE380;23.01.2024;19;1.0;275;39;260;39;15;39
TE380;23.01.2024;20;1.0;215;44;201;44;14;44
TE380;23.01.2024;21;1.0;161;45;156;45;5;42
TE380;23.01.2024;22;1.0;157;45;151;46;6;42
TE380;23.01.2024;23;1.0;116;42;108;42;8;38
TE380;24.01.2024;0;1.0;78;50;73;51;5;49
TE380;24.01.2024;1;1.0;53;50;49;51;4;42
TE380;24.01.2024;2;1.0;30;48;25;49;5;48
TE380;24.01.2024;3;1.0;34;47;29;46;5;48
TE380;24.01.2024;4;1.0;43;49;39;49;4;49
TE380;24.01.2024;5;1.0;131;51;124;51;7;51
TE380;24.01.2024;6;1.0;205;49;195;49;10;48
TE380;24.01.2024;7;1.0;293;48;276;48;17;48
TE380;24.01.2024;8;1.0;406;40;381;40;25;41
TE380;24.01.2024;9;1.0;386;44;363;44;23;43
TE380;24.01.2024;10;1.0;363;44;344;44;20;43
TE380;24.01.2024;11;1.0;297;47;276;47;21;48
TE380;24.01.2024;12;1.0;308;45;268;45;40;45
TE380;24.01.2024;13;1.0;290;46;274;46;16;46
TE380;24.01.2024;14;1.0;359;44;326;44;33;44
TE380;24.01.2024;15;1.0;353;43;334;43;19;43
TE380;24.01.2024;16;1.0;352;43;336;43;16;42
TE380;24.01.2024;17;1.0;355;44;343;44;12;44
TE380;24.01.2024;18;1.0;355;43;339;43;16;42
TE380;24.01.2024;19;1.0;249;42;235;42;14;42
TE380;24.01.2024;20;1.0;205;45;196;45;9;44
TE380;24.01.2024;21;1.0;187;45;180;45;7;45
TE380;24.01.2024;22;1.0;163;47;153;47;10;46
TE380;24.01.2024;23;1.0;137;41;129;41;9;37
TE380;25.01.2024;0;1.0;99;47;95;47;4;43
TE380;25.01.2024;1;1.0;44;45;39;47;4;41
TE380;25.01.2024;2;1.0;38;46;33;47;5;44
TE380;25.01.2024;3;1.0;29;48;22;48;7;47
TE380;25.01.2024;4;1.0;43;50;40;51;3;38
TE380;25.01.2024;5;1.0;120;52;116;53;4;42
TE380;25.01.2024;6;1.0;197;49;188;49;9;48
TE380;25.01.2024;7;1.0;301;45;284;45;17;46
TE380;25.01.2024;8;1.0;418;44;381;44;37;44
TE380;25.01.2024;9;1.0;367;44;343;44;24;42
TE380;25.01.2024;10;1.0;323;46;306;46;17;46
TE380;25.01.2024;11;1.0;336;49;328;49;8;48
TE380;25.01.2024;12;1.0;318;48;308;48;10;47
TE380;25.01.2024;13;1.0;313;47;305;47;8;46
TE380;25.01.2024;14;1.0;322;41;309;41;13;40
TE380;25.01.2024;15;1.0;391;36;373;36;18;36
TE380;25.01.2024;16;1.0;397;42;380;42;17;40
TE380;25.01.2024;17;1.0;377;42;365;42;12;43
TE380;25.01.2024;18;1.0;352;42;342;42;10;41
TE380;25.01.2024;19;1.0;239;45;231;45;8;46
TE380;25.01.2024;20;1.0;213;45;200;45;13;47
TE380;25.01.2024;21;1.0;181;43;173;43;8;41
TE380;25.01.2024;22;1.0;159;46;154;46;5;43
TE380;25.01.2024;23;1.0;131;46;123;46;8;46
TE380;26.01.2024;0;1.0;77;48;73;48;4;46
TE380;26.01.2024;1;1.0;56;47;51;47;5;43
TE380;26.01.2024;2;1.0;42;44;37;44;5;44
TE380;26.01.2024;3;1.0;32;45;27;45;5;43
TE380;26.01.2024;4;1.0;47;49;45;49;2;46
TE380;26.01.2024;5;1.0;118;51;111;51;7;48
TE380;26.01.2024;6;1.0;195;49;188;49;7;50
TE380;26.01.2024;7;1.0;286;47;274;47;12;46
TE380;26.01.2024;8;1.0;332;47;324;47;8;46
TE380;26.01.2024;9;1.0;328;50;317;50;11;49
TE380;26.01.2024;10;1.0;260;51;248;51;12;50
TE380;26.01.2024;11;1.0;251;50;242;50;9;50
TE380;26.01.2024;12;1.0;133;42;124;42;10;36
TE380;26.01.2024;13;1.0;313;34;309;34;4;42
TE380;26.01.2024;14;1.0;420;38;416;38;4;40
TE380;26.01.2024;15;1.0;311;43;297;44;14;40
TE380;26.01.2024;16;1.0;345;42;334;43;11;42
TE380;26.01.2024;17;1.0;325;45;306;45;19;45
TE380;26.01.2024;18;1.0;329;45;315;45;14;44
TE380;26.01.2024;19;1.0;295;44;283;44;12;44
TE380;26.01.2024;20;1.0;226;44;214;44;12;44
TE380;26.01.2024;21;1.0;230;43;223;43;7;41
TE380;26.01.2024;22;1.0;226;43;216;43;10;41
TE380;26.01.2024;23;1.0;210;44;203;44;7;42
TE380;27.01.2024;0;1.0;140;45;135;45;5;47
TE380;27.01.2024;1;1.0;111;47;109;47;2;51
TE380;27.01.2024;2;1.0;75;49;73;49;2;51
TE380;27.01.2024;3;1.0;60;49;58;49;2;51
TE380;27.01.2024;4;1.0;43;49;40;49;3;48
TE380;27.01.2024;5;1.0;54;50;50;50;4;48
TE380;27.01.2024;6;1.0;56;51;54;51;2;53
TE380;27.01.2024;7;1.0;58;48;54;49;4;45
TE380;27.01.2024;8;1.0;73;53;70;53;3;48
TE380;27.01.2024;9;1.0;106;53;103;53;3;50
TE380;27.01.2024;10;1.0;157;51;156;51;1;53
TE380;27.01.2024;11;1.0;190;45;184;46;5;44
TE380;27.01.2024;12;1.0;229;46;224;46;5;48
TE380;27.01.2024;13;1.0;396;44;389;44;7;42
TE380;27.01.2024;14;1.0;309;42;300;42;9;40
TE380;27.01.2024;15;1.0;323;45;315;45;8;45
TE380;27.01.2024;16;1.0;310;44;301;44;9;44
TE380;27.01.2024;17;1.0;332;40;326;40;6;41
TE380;27.01.2024;18;1.0;307;40;302;40;5;40
TE380;27.01.2024;19;1.0;288;40;282;40;6;40
TE380;27.01.2024;20;1.0;269;40;259;40;10;41
TE380;27.01.2024;21;1.0;217;42;210;42;7;40
TE380;27.01.2024;22;1.0;232;42;226;42;6;42
TE380;27.01.2024;23;1.0;199;42;195;42;4;40
TE380;28.01.2024;0;1.0;189;44;183;44;6;41
TE380;28.01.2024;1;1.0;135;44;132;44;3;41
TE380;28.01.2024;2;1.0;82;47;79;47;3;45
TE380;28.01.2024;3;1.0;58;47;55;47;3;47
TE380;28.01.2024;4;1.0;59;48;57;48;2;45
TE380;28.01.2024;5;1.0;54;45;52;45;2;42
TE380;28.01.2024;6;1.0;52;44;50;44;2;41
TE380;28.01.2024;7;1.0;33;46;31;46;2;42
TE380;28.01.2024;8;1.0;52;41;48;40;4;45
TE380;28.01.2024;9;1.0;79;46;74;46;5;46
TE380;28.01.2024;10;1.0;133;47;125;47;8;46
TE380;28.01.2024;11;1.0;197;45;190;45;7;44
TE380;28.01.2024;12;1.0;204;47;197;47;7;46
TE380;28.01.2024;13;1.0;234;46;228;46;6;45
TE380;28.01.2024;14;1.0;265;44;257;44;8;44
TE380;28.01.2024;15;1.0;281;44;272;44;9;45
TE380;28.01.2024;16;1.0;303;43;295;43;8;42
TE380;28.01.2024;17;1.0;277;42;264;42;13;40
TE380;28.01.2024;18;1.0;249;43;242;43;7;46
TE380;28.01.2024;19;1.0;192;45;186;45;6;45
TE380;28.01.2024;20;1.0;191;45;185;45;6;47
TE380;28.01.2024;21;1.0;175;46;170;46;5;45
TE380;28.01.2024;22;1.0;122;47;116;47;6;45
TE380;28.01.2024;23;1.0;84;48;81;48;3;45
TE380;29.01.2024;0;1.0;69;39;65;39;3;47
TE380;29.01.2024;1;1.0;46;43;39;44;7;38
TE380;29.01.2024;2;1.0;30;50;26;51;4;43
TE380;29.01.2024;3;1.0;26;44;22;44;4;42
TE380;29.01.2024;4;1.0;40;50;36;51;4;44
TE380;29.01.2024;5;1.0;110;49;106;49;4;47
TE380;29.01.2024;6;1.0;197;47;188;47;9;48
TE380;29.01.2024;7;1.0;272;45;259;45;13;45
TE380;29.01.2024;8;1.0;371;44;350;44;21;45
TE380;29.01.2024;9;1.0;324;46;307;46;17;46
TE380;29.01.2024;10;1.0;266;45;243;45;23;44
TE380;29.01.2024;11;1.0;297;46;276;46;21;45
TE380;29.01.2024;12;1.0;289;46;275;46;14;46
TE380;29.01.2024;13;1.0;296;44;269;44;27;43
TE380;29.01.2024;14;1.0;340;45;322;45;18;43
TE380;29.01.2024;15;1.0;370;43;347;43;23;42
TE380;29.01.2024;16;1.0;323;44;306;44;17;44
TE380;29.01.2024;17;1.0;330;43;313;43;17;44
TE380;29.01.2024;18;1.0;303;40;285;40;18;41
TE380;29.01.2024;19;1.0;235;40;224;40;11;41
TE380;29.01.2024;20;1.0;183;43;172;43;11;43
TE380;29.01.2024;21;1.0;177;41;169;41;8;38
TE380;29.01.2024;22;1.0;116;47;108;47;8;45
TE380;29.01.2024;23;1.0;108;46;102;46;6;45
TE380;30.01.2024;0;1.0;78;50;74;50;4;46
TE380;30.01.2024;1;1.0;46;46;42;46;4;43
TE380;30.01.2024;2;1.0;26;47;22;48;4;41
TE380;30.01.2024;3;1.0;24;50;19;51;5;46
TE380;30.01.2024;4;1.0;35;52;33;52;2;58
TE380;30.01.2024;5;1.0;110;50;106;50;4;50
TE380;30.01.2024;6;1.0;199;47;183;47;16;47
TE380;30.01.2024;7;1.0;257;49;236;49;21;47
TE380;30.01.2024;8;1.0;392;48;373;48;19;48
TE380;30.01.2024;9;1.0;334;48;317;48;17;47
TE380;30.01.2024;10;1.0;304;47;287;47;17;46
TE380;30.01.2024;11;1.0;298;46;279;46;19;46
TE380;30.01.2024;12;1.0;308;46;281;46;27;46
TE380;30.01.2024;13;1.0;305;46;290;46;15;45
TE380;30.01.2024;14;1.0;344;46;323;46;21;46
TE380;30.01.2024;15;1.0;356;45;334;45;22;44
TE380;30.01.2024;16;1.0;346;40;331;40;15;40
TE380;30.01.2024;17;1.0;358;38;343;38;15;39
TE380;30.01.2024;18;1.0;363;39;345;39;18;39
TE380;30.01.2024;19;1.0;245;44;233;44;12;43
TE380;30.01.2024;20;1.0;195;46;185;46;10;45
TE380;30.01.2024;21;1.0;194;44;190;44;4;44
TE380;30.01.2024;22;1.0;162;47;156;48;6;44
TE380;30.01.2024;23;1.0;110;46;103;47;7;42
TE380;31.01.2024;0;1.0;69;49;64;49;5;45
TE380;31.01.2024;1;1.0;33;50;29;51;4;44
TE380;31.01.2024;2;1.0;31;49;29;49;2;44
TE380;31.01.2024;3;1.0;29;51;26;52;3;46
TE380;31.01.2024;4;1.0;48;52;43;52;5;51
TE380;31.01.2024;5;1.0;119;52;114;52;5;48
TE380;31.01.2024;6;1.0;174;52;168;52;6;50
TE380;31.01.2024;7;1.0;273;48;258;48;15;49
TE380;31.01.2024;8;1.0;354;49;339;49;15;47
TE380;31.01.2024;9;1.0;345;47;332;47;13;47
TE380;31.01.2024;10;1.0;313;47;300;47;13;46
TE380;31.01.2024;11;1.0;323;47;308;47;15;47
TE380;31.01.2024;12;1.0;269;47;256;47;13;48
TE380;31.01.2024;13;1.0;362;45;352;45;10;44
TE380;31.01.2024;14;1.0;340;44;324;44;16;44
TE380;31.01.2024;15;1.0;396;39;383;39;13;39
TE380;31.01.2024;16;1.0;328;43;312;43;16;42
TE380;31.01.2024;17;1.0;321;45;309;45;12;45
TE380;31.01.2024;18;1.0;321;46;311;46;10;46
TE380;31.01.2024;19;1.0;252;45;238;45;14;43
TE380;31.01.2024;20;1.0;247;44;237;44;10;45
TE380;31.01.2024;21;1.0;198;46;193;46;5;43
TE380;31.01.2024;22;1.0;139;48;131;48;8;45
TE380;31.01.2024;23;1.0;116;47;109;47;7;46
TE386;03.01.2024;9;1.0;289;33;274;34;15;34
TE386;03.01.2024;10;1.0;334;34;313;34;21;34
TE386;03.01.2024;11;1.0;302;34;286;34;16;35
TE386;03.01.2024;12;1.0;296;33;280;33;16;34
TE386;03.01.2024;13;1.0;323;34;315;34;8;34
TE386;03.01.2024;14;1.0;382;34;367;34;15;34
TE386;03.01.2024;15;1.0;473;34;459;34;14;34
TE386;03.01.2024;16;1.0;442;32;430;32;12;32
TE386;03.01.2024;17;1.0;370;32;358;32;12;32
TE386;03.01.2024;18;1.0;285;33;276;33;9;33
TE386;03.01.2024;19;1.0;183;34;175;34;8;34
TE386;03.01.2024;20;1.0;162;34;154;34;8;32
TE386;03.01.2024;21;1.0;94;36;89;36;5;38
TE386;03.01.2024;22;1.0;68;36;63;36;5;36
TE386;03.01.2024;23;1.0;49;35;44;35;5;31
TE386;04.01.2024;0;1.0;22;36;22;36;0;-1
TE386;04.01.2024;1;1.0;14;36;14;36;0;-1
TE386;04.01.2024;2;1.0;10;33;9;32;1;49
TE386;04.01.2024;3;1.0;10;37;10;37;0;-1
TE386;04.01.2024;4;1.0;14;38;13;38;1;30
TE386;04.01.2024;5;1.0;57;37;52;38;5;33
TE386;04.01.2024;6;1.0;92;37;88;38;4;35
TE386;04.01.2024;7;1.0;186;35;178;35;8;30
TE386;04.01.2024;8;1.0;409;33;396;33;13;33
TE386;04.01.2024;9;1.0;370;34;352;34;18;34
TE386;04.01.2024;10;1.0;313;34;302;34;11;35
TE386;04.01.2024;11;1.0;334;34;316;34;18;31
TE386;04.01.2024;12;1.0;328;34;318;34;10;34
TE386;04.01.2024;13;1.0;342;34;333;34;9;33
TE386;04.01.2024;14;1.0;401;34;388;34;13;31
TE386;04.01.2024;15;1.0;563;34;549;34;14;33
TE386;04.01.2024;16;1.0;487;32;475;32;12;33
TE386;04.01.2024;17;1.0;377;32;367;32;10;33
TE386;04.01.2024;18;1.0;307;33;292;33;15;31
TE386;04.01.2024;19;1.0;217;33;210;33;7;32
TE386;04.01.2024;20;1.0;146;33;139;33;7;32
TE386;04.01.2024;21;1.0;85;32;80;32;5;30
TE386;04.01.2024;22;1.0;79;34;76;34;3;27
TE386;04.01.2024;23;1.0;51;33;49;33;2;26
TE386;05.01.2024;0;1.0;26;41;24;42;2;30
TE386;05.01.2024;1;1.0;31;33;31;33;0;-1
TE386;05.01.2024;2;1.0;12;38;11;36;1;60
TE386;05.01.2024;3;1.0;11;35;11;35;0;-1
TE386;05.01.2024;4;1.0;25;38;22;39;3;33
TE386;05.01.2024;5;1.0;60;35;56;35;4;32
TE386;05.01.2024;6;1.0;120;35;106;36;14;36
TE386;05.01.2024;7;1.0;169;35;162;35;7;33
TE386;05.01.2024;8;1.0;259;34;242;34;17;32
TE386;05.01.2024;9;1.0;276;36;270;36;6;36
TE386;05.01.2024;10;1.0;274;36;262;36;12;34
TE386;05.01.2024;11;1.0;324;35;310;36;14;33
TE386;05.01.2024;12;1.0;349;35;343;35;6;36
TE386;05.01.2024;13;1.0;388;34;379;34;9;35
TE386;05.01.2024;14;1.0;425;35;415;35;10;34
TE386;05.01.2024;15;1.0;529;34;513;34;16;34
TE386;05.01.2024;16;1.0;498;33;484;33;14;31
TE386;05.01.2024;17;1.0;426;32;414;32;12;31
TE386;05.01.2024;18;1.0;317;34;305;34;12;33
TE386;05.01.2024;19;1.0;211;34;205;34;6;32
TE386;05.01.2024;21;1.0;92;34;89;35;3;30
TE386;05.01.2024;22;1.0;89;35;85;35;4;32
TE386;05.01.2024;23;1.0;58;36;55;36;3;35
TE386;06.01.2024;0;1.0;45;35;44;35;1;34
TE386;06.01.2024;1;1.0;23;38;23;38;0;-1
TE386;06.01.2024;2;1.0;27;35;26;34;1;52
TE386;06.01.2024;3;1.0;11;36;11;36;0;-1
TE386;06.01.2024;4;1.0;14;35;14;35;0;-1
TE386;06.01.2024;5;1.0;34;35;31;35;3;36
TE386;06.01.2024;6;1.0;46;37;41;38;5;31
TE386;06.01.2024;7;1.0;47;36;43;37;4;28
TE386;06.01.2024;8;1.0;96;34;90;35;6;29
TE386;06.01.2024;9;1.0;175;35;163;35;12;33
TE386;06.01.2024;10;1.0;245;34;237;34;8;32
TE386;06.01.2024;11;1.0;292;34;279;34;13;33
TE386;06.01.2024;12;1.0;304;34;298;34;6;31
TE386;06.01.2024;13;1.0;262;34;256;34;6;32
TE386;06.01.2024;14;1.0;302;34;295;34;7;33
TE386;06.01.2024;15;1.0;285;33;275;33;10;33
TE386;06.01.2024;16;1.0;304;33;298;33;6;32
TE386;06.01.2024;17;1.0;241;32;234;32;7;30
TE386;06.01.2024;18;1.0;200;34;192;34;8;31
TE386;06.01.2024;19;1.0;208;34;203;34;5;31
TE386;06.01.2024;20;1.0;142;35;136;35;6;34
TE386;06.01.2024;21;1.0;123;34;121;34;2;29
TE386;06.01.2024;22;1.0;113;34;110;34;3;32
TE386;06.01.2024;23;1.0;75;34;72;35;3;25
TE386;07.01.2024;0;1.0;55;36;53;36;2;38
TE386;07.01.2024;1;1.0;37;36;37;36;0;-1
TE386;07.01.2024;2;1.0;34;33;34;33;0;-1
TE386;07.01.2024;3;1.0;18;34;18;34;0;-1
TE386;07.01.2024;4;1.0;13;29;13;29;0;-1
TE386;07.01.2024;5;1.0;21;33;21;33;0;-1
TE386;07.01.2024;6;1.0;23;36;23;36;0;-1
TE386;07.01.2024;7;1.0;24;36;22;36;2;30
TE386;07.01.2024;8;1.0;55;35;51;36;4;31
TE386;07.01.2024;9;1.0;116;34;113;34;3;36
TE386;07.01.2024;10;1.0;137;35;132;35;5;35
TE386;07.01.2024;11;1.0;180;34;174;34;6;36
TE386;07.01.2024;12;1.0;196;35;192;35;4;34
TE386;07.01.2024;13;1.0;212;36;208;36;4;32
TE386;07.01.2024;14;1.0;209;35;205;35;4;34
TE386;07.01.2024;15;1.0;220;35;212;35;8;35
TE386;07.01.2024;16;1.0;222;34;217;34;5;32
TE386;07.01.2024;17;1.0;169;34;164;34;5;30
TE386;07.01.2024;18;1.0;192;34;187;34;5;35
TE386;07.01.2024;19;1.0;136;34;133;34;3;31
TE386;07.01.2024;20;1.0;133;35;127;35;6;33
TE386;07.01.2024;21;1.0;91;32;83;32;8;31
TE386;07.01.2024;22;1.0;62;34;57;34;5;32
TE386;07.01.2024;23;1.0;34;35;29;37;5;25
TE386;08.01.2024;0;1.0;25;33;24;34;1;28
TE386;08.01.2024;1;1.0;18;35;18;35;0;-1
TE386;08.01.2024;2;1.0;6;38;5;34;1;58
TE386;08.01.2024;3;1.0;14;34;14;34;0;-1
TE386;08.01.2024;4;1.0;22;32;20;32;2;33
TE386;08.01.2024;5;1.0;65;31;57;32;8;30
TE386;08.01.2024;6;1.0;130;32;121;32;9;31
TE386;08.01.2024;7;1.0;267;30;256;30;11;30
TE386;08.01.2024;8;1.0;392;30;375;30;17;31
TE386;08.01.2024;9;1.0;299;33;284;33;15;32
TE386;08.01.2024;10;1.0;322;33;305;33;17;34
TE386;08.01.2024;11;1.0;289;33;269;33;20;33
TE386;08.01.2024;12;1.0;288;32;274;32;14;33
TE386;08.01.2024;13;1.0;325;33;306;33;19;34
TE386;08.01.2024;14;1.0;365;32;351;32;14;32
TE386;08.01.2024;15;1.0;489;32;478;32;11;31
TE386;08.01.2024;16;1.0;454;31;436;31;18;31
TE386;08.01.2024;17;1.0;417;30;403;30;14;30
TE386;08.01.2024;18;1.0;330;30;314;30;16;31
TE386;08.01.2024;19;1.0;248;33;238;33;10;32
TE386;08.01.2024;20;1.0;141;32;134;32;7;32
TE386;08.01.2024;21;1.0;107;34;99;34;8;34
TE386;08.01.2024;22;1.0;57;32;52;32;5;31
TE386;08.01.2024;23;1.0;28;38;22;39;6;36
TE386;09.01.2024;0;1.0;25;35;21;34;4;38
TE386;09.01.2024;1;1.0;10;34;10;34;0;-1
TE386;09.01.2024;2;1.0;6;34;5;30;1;58
TE386;09.01.2024;3;1.0;10;34;10;34;0;-1
TE386;09.01.2024;4;1.0;27;35;26;36;1;35
TE386;09.01.2024;5;1.0;64;34;57;33;7;35
TE386;09.01.2024;6;1.0;121;33;115;33;6;36
TE386;09.01.2024;7;1.0;305;33;287;33;18;34
TE386;09.01.2024;8;1.0;433;33;413;33;20;32
TE386;09.01.2024;9;1.0;325;33;306;33;19;33
TE386;09.01.2024;10;1.0;301;33;284;33;17;32
TE386;09.01.2024;11;1.0;304;34;292;33;12;36
TE386;09.01.2024;12;1.0;342;33;327;33;15;32
TE386;09.01.2024;13;1.0;322;33;308;33;14;32
TE386;09.01.2024;14;1.0;395;32;377;32;18;32
TE386;09.01.2024;15;1.0;593;33;576;33;17;32
TE386;09.01.2024;16;1.0;721;31;701;31;20;30
TE386;09.01.2024;17;1.0;433;31;420;31;13;31
TE386;09.01.2024;18;1.0;335;29;319;29;17;28
TE386;09.01.2024;19;1.0;251;33;241;32;10;34
TE386;09.01.2024;20;1.0;163;34;155;34;8;34
TE386;09.01.2024;21;1.0;120;34;114;34;6;36
TE386;09.01.2024;22;1.0;78;33;74;33;4;34
TE386;09.01.2024;23;1.0;50;34;44;35;6;30
TE386;10.01.2024;0;1.0;18;40;16;41;2;38
TE386;10.01.2024;1;1.0;13;30;13;30;0;-1
TE386;10.01.2024;2;1.0;7;35;6;34;1;42
TE386;10.01.2024;3;1.0;14;35;14;35;0;-1
TE386;10.01.2024;4;1.0;15;36;15;36;0;-1
TE386;10.01.2024;5;1.0;76;34;69;34;7;32
TE386;10.01.2024;6;1.0;149;35;135;35;14;34
TE386;10.01.2024;7;1.0;303;33;287;33;16;34
TE386;10.01.2024;8;1.0;419;34;397;34;22;34
TE386;10.01.2024;9;1.0;278;35;266;35;12;36
TE386;10.01.2024;10;1.0;305;32;298;32;7;32
TE386;10.01.2024;11;1.0;314;34;298;34;16;34
TE386;10.01.2024;12;1.0;342;33;326;33;16;33
TE386;10.01.2024;13;1.0;349;33;333;33;16;33
TE386;10.01.2024;14;1.0;397;33;381;33;16;33
TE386;10.01.2024;15;1.0;731;33;714;33;17;31
TE386;10.01.2024;16;1.0;695;32;684;32;11;31
TE386;10.01.2024;17;1.0;636;31;624;31;12;29
TE386;10.01.2024;18;1.0;398;31;385;31;13;32
TE386;10.01.2024;19;1.0;242;33;232;33;10;33
TE386;10.01.2024;20;1.0;150;34;143;34;7;31
TE386;10.01.2024;21;1.0;106;33;104;33;2;32
TE386;10.01.2024;22;1.0;88;34;83;34;5;34
TE386;10.01.2024;23;1.0;45;35;42;35;3;35
TE386;11.01.2024;0;1.0;26;37;25;37;1;40
TE386;11.01.2024;1;1.0;11;36;11;36;0;-1
TE386;11.01.2024;2;1.0;9;42;9;42;0;-1
TE386;11.01.2024;3;1.0;8;37;7;35;1;49
TE386;11.01.2024;4;1.0;18;35;17;34;1;36
TE386;11.01.2024;5;1.0;58;33;55;34;3;31
TE386;11.01.2024;6;1.0;133;36;124;36;9;35
TE386;11.01.2024;7;1.0;291;35;274;35;17;35
TE386;11.01.2024;8;1.0;508;31;492;31;17;30
TE386;11.01.2024;9;1.0;312;36;302;36;10;36
TE386;11.01.2024;10;1.0;327;36;313;36;14;35
TE386;11.01.2024;11;1.0;314;35;302;35;12;34
TE386;11.01.2024;12;1.0;354;34;341;34;13;35
TE386;11.01.2024;13;1.0;380;36;374;36;6;35
TE386;11.01.2024;14;1.0;509;35;496;35;13;35
TE386;11.01.2024;15;1.0;714;35;702;35;12;33
TE386;11.01.2024;16;1.0;793;33;773;33;20;34
TE386;11.01.2024;17;1.0;733;33;723;33;10;32
TE386;11.01.2024;18;1.0;556;34;546;34;10;32
TE386;11.01.2024;19;1.0;222;35;215;35;7;34
TE386;11.01.2024;20;1.0;171;35;162;35;9;32
TE386;11.01.2024;21;1.0;109;35;104;34;5;36
TE386;11.01.2024;22;1.0;92;35;88;35;4;34
TE386;11.01.2024;23;1.0;80;35;77;36;3;24
TE386;12.01.2024;0;1.0;28;38;27;37;1;41
TE386;12.01.2024;1;1.0;11;37;11;37;0;-1
TE386;12.01.2024;2;1.0;14;36;14;36;0;-1
TE386;12.01.2024;3;1.0;15;37;14;37;1;38
TE386;12.01.2024;4;1.0;24;38;23;38;1;35
TE386;12.01.2024;5;1.0;59;37;57;37;2;32
TE386;12.01.2024;6;1.0;110;35;104;35;6;33
TE386;12.01.2024;7;1.0;250;36;244;36;6;34
TE386;12.01.2024;8;1.0;390;35;370;35;20;35
TE386;12.01.2024;9;1.0;312;35;294;35;18;37
TE386;12.01.2024;10;1.0;303;36;287;36;16;36
TE386;12.01.2024;11;1.0;305;36;288;36;17;35
TE386;12.01.2024;12;1.0;350;36;338;36;12;36
TE386;12.01.2024;13;1.0;392;35;384;35;8;34
TE386;12.01.2024;14;1.0;576;34;566;34;10;35
TE386;12.01.2024;15;1.0;734;34;722;34;12;33
TE386;12.01.2024;16;1.0;678;31;661;31;17;30
TE386;12.01.2024;17;1.0;367;34;360;34;7;33
TE386;12.01.2024;18;1.0;295;34;285;34;10;34
TE386;12.01.2024;19;1.0;221;34;214;34;7;32
TE386;12.01.2024;20;1.0;139;35;132;35;7;32
TE386;12.01.2024;21;1.0;110;36;106;36;4;36
TE386;12.01.2024;22;1.0;76;34;73;34;3;32
TE386;12.01.2024;23;1.0;84;36;80;36;4;32
TE386;13.01.2024;0;1.0;59;35;57;35;2;34
TE386;13.01.2024;1;1.0;46;37;46;37;0;-1
TE386;13.01.2024;2;1.0;29;37;29;37;0;-1
TE386;13.01.2024;3;1.0;17;35;17;35;0;-1
TE386;13.01.2024;4;1.0;26;36;26;36;0;-1
TE386;13.01.2024;5;1.0;25;37;23;37;2;34
TE386;13.01.2024;6;1.0;30;41;25;42;5;38
TE386;13.01.2024;7;1.0;46;36;42;36;4;34
TE386;13.01.2024;8;1.0;70;34;67;34;3;36
TE386;13.01.2024;9;1.0;189;37;181;37;8;34
TE386;13.01.2024;10;1.0;246;35;237;35;9;34
TE386;13.01.2024;11;1.0;288;34;280;34;8;34
TE386;13.01.2024;12;1.0;303;35;298;35;5;31
TE386;13.01.2024;13;1.0;341;34;333;34;8;32
TE386;13.01.2024;14;1.0;319;36;312;36;7;35
TE386;13.01.2024;15;1.0;358;35;348;35;10;33
TE386;13.01.2024;16;1.0;274;34;265;34;9;32
TE386;13.01.2024;17;1.0;260;35;250;35;10;34
TE386;13.01.2024;18;1.0;244;34;236;34;8;34
TE386;13.01.2024;19;1.0;189;34;181;34;8;34
TE386;13.01.2024;20;1.0;162;34;156;34;6;33
TE386;13.01.2024;21;1.0;102;35;99;35;3;33
TE386;13.01.2024;22;1.0;85;34;80;34;5;34
TE386;13.01.2024;23;1.0;86;34;81;34;5;30
TE386;14.01.2024;0;1.0;59;36;58;36;1;32
TE386;14.01.2024;1;1.0;37;30;37;30;0;-1
TE386;14.01.2024;2;1.0;25;34;25;34;0;-1
TE386;14.01.2024;3;1.0;26;30;25;31;1;27
TE386;14.01.2024;4;1.0;19;35;18;35;1;42
TE386;14.01.2024;5;1.0;19;36;19;36;0;-1
TE386;14.01.2024;6;1.0;29;33;28;33;1;34
TE386;14.01.2024;7;1.0;31;36;27;36;4;40
TE386;14.01.2024;8;1.0;44;36;40;36;4;32
TE386;14.01.2024;9;1.0;115;32;109;32;5;35
TE386;14.01.2024;10;1.0;163;36;159;36;4;39
TE386;14.01.2024;11;1.0;162;32;154;32;8;30
TE386;14.01.2024;12;1.0;171;33;169;33;2;34
TE386;14.01.2024;13;1.0;256;35;251;35;5;33
TE386;14.01.2024;14;1.0;233;35;230;35;3;35
TE386;14.01.2024;15;1.0;160;34;156;34;4;32
TE386;14.01.2024;16;1.0;210;34;207;34;3;30
TE386;14.01.2024;17;1.0;201;34;194;34;7;33
TE386;14.01.2024;18;1.0;180;34;177;34;3;33
TE386;14.01.2024;19;1.0;135;31;130;31;5;31
TE386;14.01.2024;20;1.0;115;34;111;34;4;34
TE386;14.01.2024;21;1.0;78;37;75;37;3;33
TE386;14.01.2024;22;1.0;44;36;41;36;3;30
TE386;14.01.2024;23;1.0;37;37;34;37;3;32
TE386;15.01.2024;0;1.0;14;36;13;37;1;30
TE386;15.01.2024;1;1.0;12;31;12;31;0;-1
TE386;15.01.2024;2;1.0;9;38;9;38;0;-1
TE386;15.01.2024;3;1.0;9;40;9;40;0;-1
TE386;15.01.2024;4;1.0;25;33;24;34;1;31
TE386;15.01.2024;5;1.0;72;36;67;36;5;32
TE386;15.01.2024;6;1.0;140;32;130;32;10;35
TE386;15.01.2024;7;1.0;284;29;270;29;14;30
TE386;15.01.2024;8;1.0;425;33;410;33;15;30
TE386;15.01.2024;9;1.0;302;31;291;31;11;31
TE386;15.01.2024;10;1.0;275;35;261;35;14;34
TE386;15.01.2024;11;1.0;313;34;298;34;15;34
TE386;15.01.2024;12;1.0;326;32;313;32;13;31
TE386;15.01.2024;13;1.0;316;35;309;35;7;32
TE386;15.01.2024;14;1.0;344;29;335;29;8;30
TE386;15.01.2024;15;1.0;646;31;632;31;14;32
TE386;15.01.2024;16;1.0;576;32;569;32;7;33
TE386;15.01.2024;17;1.0;441;31;429;31;12;29
TE386;15.01.2024;19;1.0;208;33;202;33;7;29
TE386;15.01.2024;20;1.0;149;26;141;26;8;27
TE386;15.01.2024;21;1.0;96;28;95;28;1;31
TE386;15.01.2024;22;1.0;70;31;66;32;5;26
TE386;16.01.2024;0;1.0;25;27;24;26;1;34
TE386;16.01.2024;3;1.0;11;28;8;28;3;28
TE386;16.01.2024;4;1.0;19;27;19;27;0;-1
TE386;16.01.2024;5;1.0;69;25;68;25;1;29
TE386;16.01.2024;6;1.0;114;26;109;26;4;23
TE386;16.01.2024;7;1.0;260;25;255;25;6;25
TE386;16.01.2024;8;1.0;443;24;432;24;11;22
TE386;16.01.2024;9;1.0;330;25;319;25;12;25
TE386;16.01.2024;11;1.0;274;26;260;26;13;27
TE386;16.01.2024;13;1.0;307;30;297;30;11;31
TE386;16.01.2024;14;1.0;484;27;470;27;13;28
TE386;16.01.2024;15;1.0;762;28;739;28;23;28
TE386;16.01.2024;16;1.0;888;27;867;27;20;28
TE386;16.01.2024;17;1.0;744;30;734;30;9;33
TE386;16.01.2024;18;1.0;468;31;456;31;12;30
TE386;16.01.2024;19;1.0;216;31;208;30;7;33
TE386;16.01.2024;20;1.0;155;29;150;29;5;26
TE386;16.01.2024;21;1.0;87;29;82;30;3;35
TE386;16.01.2024;22;1.0;70;28;66;29;4;22
TE386;16.01.2024;23;1.0;53;31;49;31;4;35
TE386;17.01.2024;0;1.0;25;36;23;36;2;40
TE386;17.01.2024;1;1.0;13;33;13;33;0;-1
TE386;17.01.2024;2;1.0;11;30;11;30;0;-1
TE386;17.01.2024;3;1.0;17;30;16;29;1;55
TE386;17.01.2024;4;1.0;26;33;23;32;3;44
TE386;17.01.2024;6;1.0;131;29;123;29;8;30
TE386;17.01.2024;7;1.0;277;31;264;30;13;31
TE386;17.01.2024;8;1.0;463;30;448;30;16;29
TE386;17.01.2024;9;1.0;342;32;327;32;15;32
TE386;17.01.2024;10;1.0;279;32;275;32;4;32
TE386;17.01.2024;11;1.0;314;30;305;30;9;31
TE386;17.01.2024;12;1.0;304;35;292;35;12;36
TE386;17.01.2024;13;1.0;346;33;332;33;14;34
TE386;17.01.2024;14;1.0;496;26;482;26;15;25
TE386;17.01.2024;15;1.0;519;29;510;29;8;30
TE386;17.01.2024;16;1.0;497;32;484;32;13;31
TE386;17.01.2024;17;1.0;408;33;398;33;10;33
TE386;17.01.2024;18;1.0;330;34;320;34;10;34
TE386;17.01.2024;19;1.0;239;34;230;34;9;32
TE386;17.01.2024;20;1.0;132;35;126;35;6;33
TE386;17.01.2024;21;1.0;145;32;142;31;3;33
TE386;17.01.2024;22;1.0;75;33;71;34;3;32
TE386;17.01.2024;23;1.0;68;33;64;34;3;34
TE386;18.01.2024;0;1.0;19;37;18;37;1;38
TE386;18.01.2024;1;1.0;19;30;19;30;0;-1
TE386;18.01.2024;2;1.0;13;37;11;34;2;52
TE386;18.01.2024;3;1.0;19;26;19;26;0;-1
TE386;18.01.2024;4;1.0;26;31;23;30;3;37
TE386;18.01.2024;5;1.0;66;35;62;35;4;33
TE386;18.01.2024;6;1.0;158;33;152;33;6;37
TE386;18.01.2024;7;1.0;294;32;280;32;14;32
TE386;18.01.2024;8;1.0;428;30;420;30;8;33
TE386;18.01.2024;9;1.0;307;36;295;36;12;35
TE386;18.01.2024;10;1.0;300;29;288;29;12;30
TE386;18.01.2024;11;1.0;296;35;285;35;11;34
TE386;18.01.2024;12;1.0;326;32;307;32;19;30
TE386;18.01.2024;13;1.0;345;34;335;33;10;33
TE386;18.01.2024;14;1.0;386;35;374;35;12;34
TE386;18.01.2024;15;1.0;635;31;620;31;15;32
TE386;18.01.2024;16;1.0;742;28;720;28;22;27
TE386;18.01.2024;17;1.0;515;30;501;30;13;30
TE386;18.01.2024;18;1.0;346;24;319;24;28;23
TE386;18.01.2024;19;1.0;229;30;221;30;9;28
TE386;18.01.2024;20;1.0;162;33;156;34;6;32
TE386;18.01.2024;21;1.0;118;33;111;33;7;35
TE386;18.01.2024;22;1.0;92;33;87;33;5;35
TE386;18.01.2024;23;1.0;64;36;59;36;5;35
TE386;19.01.2024;0;1.0;33;33;30;33;3;37
TE386;19.01.2024;1;1.0;20;33;20;33;0;-1
TE386;19.01.2024;2;1.0;21;34;20;34;1;38
TE386;19.01.2024;3;1.0;13;34;12;34;1;37
TE386;19.01.2024;4;1.0;26;40;24;39;2;50
TE386;19.01.2024;5;1.0;58;36;53;36;5;33
TE386;19.01.2024;6;1.0;116;32;103;32;12;33
TE386;19.01.2024;7;1.0;291;30;279;30;12;30
TE386;19.01.2024;8;1.0;402;30;380;31;22;30
TE386;19.01.2024;9;1.0;308;34;290;34;18;34
TE386;19.01.2024;12;1.0;350;34;338;34;12;35
TE386;19.01.2024;13;1.0;419;34;402;34;17;35
TE386;19.01.2024;14;1.0;629;33;616;34;13;33
TE386;19.01.2024;15;1.0;626;34;608;34;18;32
TE386;19.01.2024;16;1.0;618;33;606;33;12;33
TE386;19.01.2024;17;1.0;463;33;451;33;12;33
TE386;19.01.2024;18;1.0;341;34;331;34;10;32
TE386;19.01.2024;19;1.0;226;30;218;30;9;27
TE386;19.01.2024;20;1.0;157;32;150;32;7;33
TE386;19.01.2024;21;1.0;123;33;119;33;4;30
TE386;19.01.2024;22;1.0;115;35;109;35;6;34
TE386;19.01.2024;23;1.0;86;33;81;33;5;34
TE386;20.01.2024;0;1.0;60;37;56;36;4;43
TE386;20.01.2024;1;1.0;28;31;28;31;0;-1
TE386;20.01.2024;2;1.0;17;34;17;34;0;-1
TE386;20.01.2024;3;1.0;20;35;19;34;1;55
TE386;20.01.2024;4;1.0;22;38;22;38;0;-1
TE386;20.01.2024;5;1.0;32;33;31;33;1;27
TE386;20.01.2024;6;1.0;45;36;39;36;6;40
TE386;20.01.2024;7;1.0;57;35;49;35;8;37
TE386;20.01.2024;8;1.0;122;34;116;34;5;33
TE386;20.01.2024;9;1.0;215;32;210;32;4;33
TE386;20.01.2024;10;1.0;235;31;227;32;8;29
TE386;20.01.2024;11;1.0;327;31;318;31;8;34
TE386;20.01.2024;12;1.0;320;34;314;34;6;35
TE386;20.01.2024;13;1.0;346;35;336;35;10;34
TE386;20.01.2024;14;1.0;328;34;319;34;9;34
TE386;20.01.2024;15;1.0;338;34;331;34;7;33
TE386;20.01.2024;16;1.0;317;33;310;33;7;31
TE386;20.01.2024;17;1.0;271;33;265;33;6;32
TE386;20.01.2024;18;1.0;222;33;215;33;7;34
TE386;20.01.2024;19;1.0;168;33;163;33;5;29
TE386;20.01.2024;20;1.0;142;34;138;34;4;32
TE386;20.01.2024;21;1.0;87;35;84;36;3;33
TE386;20.01.2024;22;1.0;104;35;99;34;5;36
TE386;20.01.2024;23;1.0;92;36;88;36;4;32
TE386;21.01.2024;0;1.0;64;35;63;35;1;35
TE386;21.01.2024;1;1.0;30;38;29;38;1;50
TE386;21.01.2024;2;1.0;19;33;19;33;0;-1
TE386;21.01.2024;3;1.0;15;33;15;33;0;-1
TE386;21.01.2024;4;1.0;15;37;14;37;1;36
TE386;21.01.2024;5;1.0;22;42;22;42;0;-1
TE386;21.01.2024;6;1.0;28;34;28;34;0;-1
TE386;21.01.2024;7;1.0;28;32;24;33;4;28
TE386;21.01.2024;8;1.0;73;32;69;33;3;33
TE386;21.01.2024;9;1.0;119;31;114;32;5;29
TE386;21.01.2024;10;1.0;141;32;136;32;5;34
TE386;21.01.2024;11;1.0;181;30;178;30;3;31
TE386;21.01.2024;12;1.0;203;34;196;34;7;33
TE386;21.01.2024;13;1.0;213;34;209;34;4;33
TE386;21.01.2024;14;1.0;215;34;213;34;2;31
TE386;21.01.2024;15;1.0;222;34;216;34;6;35
TE386;21.01.2024;16;1.0;236;35;232;35;4;36
TE386;21.01.2024;17;1.0;225;33;221;33;4;32
TE386;21.01.2024;18;1.0;180;33;175;33;5;31
TE386;21.01.2024;19;1.0;160;33;157;33;3;32
TE386;21.01.2024;20;1.0;98;34;95;34;3;32
TE386;21.01.2024;21;1.0;80;34;76;35;4;30
TE386;21.01.2024;22;1.0;70;29;66;29;4;32
TE386;21.01.2024;23;1.0;27;34;25;33;2;35
TE386;22.01.2024;0;1.0;15;29;13;31;1;36
TE386;22.01.2024;1;1.0;16;38;16;38;0;-1
TE386;22.01.2024;2;1.0;11;35;10;34;1;42
TE386;22.01.2024;3;1.0;13;35;13;35;0;-1
TE386;22.01.2024;4;1.0;19;36;17;36;2;36
TE386;22.01.2024;5;1.0;72;36;67;36;5;33
TE386;22.01.2024;6;1.0;116;35;105;35;11;35
TE386;22.01.2024;7;1.0;292;34;278;34;14;34
TE386;22.01.2024;8;1.0;432;32;420;32;12;31
TE386;22.01.2024;9;1.0;325;34;302;34;23;34
TE386;22.01.2024;10;1.0;348;34;331;34;17;34
TE386;22.01.2024;11;1.0;319;34;296;34;23;33
TE386;22.01.2024;12;1.0;334;34;315;34;19;34
TE386;22.01.2024;13;1.0;358;34;335;34;23;34
TE386;22.01.2024;14;1.0;385;35;371;35;14;34
TE386;22.01.2024;15;1.0;627;34;605;34;22;34
TE386;22.01.2024;16;1.0;730;30;712;29;20;30
TE386;22.01.2024;17;1.0;742;29;726;29;16;30
TE386;22.01.2024;18;1.0;689;32;678;31;11;32
TE386;22.01.2024;19;1.0;421;33;411;33;10;33
TE386;22.01.2024;20;1.0;140;34;131;34;9;34
TE386;22.01.2024;21;1.0;106;34;101;34;5;31
TE386;22.01.2024;22;1.0;73;35;67;34;6;35
TE386;22.01.2024;23;1.0;35;33;31;32;4;38
TE386;23.01.2024;0;1.0;14;33;13;33;1;29
TE386;23.01.2024;1;1.0;10;36;10;36;0;-1
TE386;23.01.2024;2;1.0;9;36;9;36;0;-1
TE386;23.01.2024;3;1.0;8;34;8;34;0;-1
TE386;23.01.2024;4;1.0;18;34;18;34;0;-1
TE386;23.01.2024;5;1.0;57;33;51;33;6;37
TE386;23.01.2024;6;1.0;140;31;135;31;5;35
TE386;23.01.2024;7;1.0;302;29;287;30;16;27
TE386;23.01.2024;8;1.0;405;31;384;31;22;30
TE386;23.01.2024;9;1.0;344;35;328;35;16;34
TE386;23.01.2024;10;1.0;305;34;284;34;21;34
TE386;23.01.2024;11;1.0;289;36;274;36;15;36
TE386;23.01.2024;12;1.0;358;34;341;34;17;33
TE386;23.01.2024;13;1.0;321;34;308;35;13;33
TE386;23.01.2024;14;1.0;390;34;373;34;17;33
TE386;23.01.2024;15;1.0;619;33;603;33;16;32
TE386;23.01.2024;16;1.0;735;32;716;32;19;32
TE386;23.01.2024;17;1.0;605;31;589;31;16;30
TE386;23.01.2024;18;1.0;402;32;387;32;15;30
TE386;23.01.2024;19;1.0;296;31;288;31;8;31
TE386;23.01.2024;20;1.0;172;32;165;33;7;31
TE386;23.01.2024;21;1.0;95;34;90;34;5;31
TE386;23.01.2024;22;1.0;81;37;74;37;7;33
TE386;23.01.2024;23;1.0;56;33;52;32;4;34
TE386;24.01.2024;0;1.0;27;35;24;34;3;42
TE386;24.01.2024;1;1.0;15;37;15;37;0;-1
TE386;24.01.2024;2;1.0;9;31;8;28;1;58
TE386;24.01.2024;3;1.0;8;40;8;40;0;-1
TE386;24.01.2024;4;1.0;19;35;18;35;1;35
TE386;24.01.2024;5;1.0;66;33;60;33;6;34
TE386;24.01.2024;6;1.0;147;35;131;35;16;35
TE386;24.01.2024;7;1.0;311;34;298;34;13;32
TE386;24.01.2024;8;1.0;456;34;446;34;10;34
TE386;24.01.2024;9;1.0;333;35;313;35;20;34
TE386;24.01.2024;10;1.0;339;34;326;34;13;35
TE386;24.01.2024;11;1.0;327;35;303;35;24;34
TE386;24.01.2024;12;1.0;364;34;342;34;22;34
TE386;24.01.2024;13;1.0;436;35;414;35;22;35
TE386;24.01.2024;14;1.0;414;35;397;35;17;35
TE386;24.01.2024;15;1.0;678;33;651;33;27;34
TE386;24.01.2024;16;1.0;768;33;753;33;15;32
TE386;24.01.2024;17;1.0;737;32;724;32;13;32
TE386;24.01.2024;18;1.0;500;32;481;32;19;33
TE386;24.01.2024;19;1.0;256;33;249;33;7;33
TE386;24.01.2024;20;1.0;167;32;161;31;6;35
TE386;24.01.2024;21;1.0;100;32;95;31;5;35
TE386;24.01.2024;22;1.0;99;34;96;35;3;31
TE386;24.01.2024;23;1.0;61;36;53;36;8;37
TE386;25.01.2024;0;1.0;23;34;21;34;2;40
TE386;25.01.2024;1;1.0;20;35;20;35;0;-1
TE386;25.01.2024;2;1.0;14;40;13;40;1;41
TE386;25.01.2024;3;1.0;11;37;11;37;0;-1
TE386;25.01.2024;4;1.0;24;38;23;38;1;24
TE386;25.01.2024;5;1.0;73;36;69;36;4;37
TE386;25.01.2024;6;1.0;149;36;132;36;17;39
TE386;25.01.2024;7;1.0;294;33;284;33;10;33
TE386;25.01.2024;8;1.0;436;33;410;33;26;32
TE386;25.01.2024;9;1.0;358;34;335;34;23;34
TE386;25.01.2024;10;1.0;356;34;342;34;14;34
TE386;25.01.2024;11;1.0;301;31;288;31;14;29
TE386;25.01.2024;12;1.0;363;34;351;34;12;33
TE386;25.01.2024;13;1.0;360;31;348;31;12;30
TE386;25.01.2024;14;1.0;587;31;567;31;20;30
TE386;25.01.2024;15;1.0;816;32;794;32;22;33
TE386;25.01.2024;16;1.0;879;32;865;32;14;31
TE386;25.01.2024;17;1.0;802;32;795;32;7;30
TE386;25.01.2024;18;1.0;616;33;606;33;10;33
TE386;25.01.2024;19;1.0;280;35;272;35;8;31
TE386;25.01.2024;20;1.0;145;34;141;34;4;34
TE386;25.01.2024;21;1.0;114;36;107;35;7;34
TE386;25.01.2024;22;1.0;107;33;100;33;7;31
TE386;25.01.2024;23;1.0;61;33;56;33;5;36
TE386;26.01.2024;0;1.0;30;32;28;32;2;36
TE386;26.01.2024;1;1.0;12;34;12;34;0;-1
TE386;26.01.2024;2;1.0;11;37;10;36;1;45
TE386;26.01.2024;3;1.0;8;40;8;40;0;-1
TE386;26.01.2024;4;1.0;21;34;20;34;1;35
TE386;26.01.2024;5;1.0;80;37;76;37;4;37
TE386;26.01.2024;6;1.0;127;37;118;37;9;36
TE386;26.01.2024;7;1.0;283;32;272;32;11;31
TE386;26.01.2024;8;1.0;391;34;374;34;17;33
TE386;26.01.2024;9;1.0;312;35;296;35;16;35
TE386;26.01.2024;10;1.0;340;35;318;35;22;34
TE386;26.01.2024;11;1.0;471;34;460;34;11;34
TE386;26.01.2024;12;1.0;494;29;475;29;19;28
TE386;26.01.2024;13;1.0;478;34;462;34;16;32
TE386;26.01.2024;14;1.0;752;33;732;33;20;34
TE386;26.01.2024;15;1.0;875;33;861;33;14;33
TE386;26.01.2024;16;1.0;773;33;760;33;13;31
TE386;26.01.2024;17;1.0;472;33;463;33;9;31
TE386;26.01.2024;18;1.0;322;34;312;34;10;30
TE386;26.01.2024;19;1.0;257;33;252;33;5;30
TE386;26.01.2024;20;1.0;152;34;146;34;6;32
TE386;26.01.2024;21;1.0;131;34;127;34;4;35
TE386;26.01.2024;22;1.0;106;33;102;33;4;32
TE386;26.01.2024;23;1.0;86;35;83;35;3;28
TE386;27.01.2024;0;1.0;57;35;54;35;3;34
TE386;27.01.2024;1;1.0;38;35;38;35;0;-1
TE386;27.01.2024;2;1.0;25;36;25;36;0;-1
TE386;27.01.2024;3;1.0;20;34;20;34;0;-1
TE386;27.01.2024;4;1.0;19;33;19;33;0;-1
TE386;27.01.2024;5;1.0;35;33;33;34;2;29
TE386;27.01.2024;6;1.0;50;37;47;37;3;30
TE386;27.01.2024;7;1.0;75;34;69;33;6;35
TE386;27.01.2024;8;1.0;102;35;98;35;4;33
TE386;27.01.2024;9;1.0;232;34;226;34;6;32
TE386;27.01.2024;10;1.0;270;34;255;34;15;34
TE386;27.01.2024;11;1.0;295;34;288;34;7;35
TE386;27.01.2024;12;1.0;318;34;310;34;8;32
TE386;27.01.2024;13;1.0;354;36;344;36;10;34
TE386;27.01.2024;14;1.0;360;33;351;33;9;31
TE386;27.01.2024;15;1.0;313;33;304;33;9;31
TE386;27.01.2024;16;1.0;338;33;329;33;9;32
TE386;27.01.2024;17;1.0;332;28;324;28;7;30
TE386;27.01.2024;18;1.0;260;30;250;30;8;32
TE386;27.01.2024;19;1.0;226;31;218;31;8;31
TE386;27.01.2024;20;1.0;145;32;141;32;4;33
TE386;27.01.2024;21;1.0;91;34;88;34;3;34
TE386;27.01.2024;22;1.0;106;33;97;33;9;29
TE386;27.01.2024;23;1.0;88;33;85;33;3;32
TE386;28.01.2024;0;1.0;62;33;60;33;2;32
TE386;28.01.2024;1;1.0;38;33;38;33;0;-1
TE386;28.01.2024;2;1.0;34;35;34;35;0;-1
TE386;28.01.2024;3;1.0;22;35;21;35;1;39
TE386;28.01.2024;4;1.0;20;38;20;38;0;-1
TE386;28.01.2024;5;1.0;18;35;18;35;0;-1
TE386;28.01.2024;6;1.0;24;33;22;33;2;30
TE386;28.01.2024;7;1.0;33;37;31;37;2;33
TE386;28.01.2024;8;1.0;75;33;72;33;3;31
TE386;28.01.2024;9;1.0;119;34;115;34;4;29
TE386;28.01.2024;10;1.0;168;33;164;33;4;34
TE386;28.01.2024;11;1.0;195;33;190;33;5;36
TE386;28.01.2024;12;1.0;230;33;227;33;3;32
TE386;28.01.2024;13;1.0;279;34;275;34;4;33
TE386;28.01.2024;14;1.0;312;33;309;33;3;32
TE386;28.01.2024;15;1.0;279;33;275;33;4;31
TE386;28.01.2024;16;1.0;237;34;234;34;3;39
TE386;28.01.2024;17;1.0;228;32;226;32;2;30
TE386;28.01.2024;18;1.0;235;32;232;32;3;29
TE386;28.01.2024;19;1.0;173;33;171;33;2;28
TE386;28.01.2024;20;1.0;104;33;102;32;2;33
TE386;28.01.2024;21;1.0;105;30;101;30;3;32
TE386;28.01.2024;22;1.0;58;35;55;35;3;32
TE386;28.01.2024;23;1.0;45;37;40;36;5;36
TE386;29.01.2024;0;1.0;20;36;19;36;1;38
TE386;29.01.2024;1;1.0;10;30;10;30;0;-1
TE386;29.01.2024;2;1.0;7;34;7;34;0;-1
TE386;29.01.2024;3;1.0;9;33;9;33;0;-1
TE386;29.01.2024;4;1.0;28;35;26;35;2;36
TE386;29.01.2024;5;1.0;72;33;68;33;4;32
TE386;29.01.2024;6;1.0;146;32;134;32;12;31
TE386;29.01.2024;7;1.0;273;32;263;32;10;32
TE386;29.01.2024;8;1.0;420;33;394;33;26;34
TE386;29.01.2024;9;1.0;366;34;347;34;19;34
TE386;29.01.2024;10;1.0;379;34;364;34;15;34
TE386;29.01.2024;11;1.0;367;34;347;34;20;35
TE386;29.01.2024;12;1.0;348;34;327;34;21;33
TE386;29.01.2024;13;1.0;360;33;345;33;15;33
TE386;29.01.2024;14;1.0;420;33;403;33;17;33
TE386;29.01.2024;15;1.0;624;33;598;33;26;34
TE386;29.01.2024;16;1.0;681;32;664;32;17;31
TE386;29.01.2024;17;1.0;498;31;486;31;12;30
TE386;29.01.2024;18;1.0;349;31;338;31;11;30
TE386;29.01.2024;19;1.0;222;31;216;31;6;28
TE386;29.01.2024;20;1.0;155;33;148;33;7;30
TE386;29.01.2024;21;1.0;102;33;97;33;5;33
TE386;29.01.2024;22;1.0;88;34;85;34;3;32
TE386;29.01.2024;23;1.0;57;34;54;35;3;24
TE386;30.01.2024;0;1.0;22;34;21;34;1;34
TE386;30.01.2024;1;1.0;12;31;12;31;0;-1
TE386;30.01.2024;2;1.0;9;34;8;32;1;49
TE386;30.01.2024;3;1.0;9;35;9;35;0;-1
TE386;30.01.2024;4;1.0;14;35;12;35;2;36
TE386;30.01.2024;5;1.0;72;34;67;34;5;32
TE386;30.01.2024;6;1.0;126;32;114;32;12;32
TE386;30.01.2024;7;1.0;279;32;265;32;14;31
TE386;30.01.2024;8;1.0;485;33;459;33;26;32
TE386;30.01.2024;9;1.0;326;33;314;33;12;33
TE386;30.01.2024;10;1.0;329;33;309;33;20;35
TE386;30.01.2024;11;1.0;304;33;288;33;16;32
TE386;30.01.2024;12;1.0;344;34;330;34;14;34
TE386;30.01.2024;13;1.0;350;34;333;35;17;34
TE386;30.01.2024;14;1.0;410;34;398;34;12;32
TE386;30.01.2024;15;1.0;660;32;642;32;18;33
TE386;30.01.2024;16;1.0;779;32;759;32;20;32
TE386;30.01.2024;17;1.0;619;32;609;32;10;31
TE386;30.01.2024;18;1.0;457;32;443;32;14;32
TE386;30.01.2024;19;1.0;247;33;235;33;12;32
TE386;30.01.2024;20;1.0;157;32;149;32;8;32
TE386;30.01.2024;21;1.0;99;35;94;35;5;36
TE386;30.01.2024;22;1.0;70;36;66;36;4;33
TE386;30.01.2024;23;1.0;47;35;45;34;2;30
TE386;31.01.2024;0;1.0;27;34;25;34;2;37
TE386;31.01.2024;1;1.0;21;34;21;34;0;-1
TE386;31.01.2024;2;1.0;6;34;5;34;1;36
TE386;31.01.2024;3;1.0;13;36;13;36;0;-1
TE386;31.01.2024;4;1.0;17;34;16;34;1;32
TE386;31.01.2024;5;1.0;78;36;71;37;7;34
TE386;31.01.2024;6;1.0;144;37;132;37;12;37
TE386;31.01.2024;7;1.0;305;34;284;34;21;32
TE386;31.01.2024;8;1.0;420;35;408;35;12;33
TE386;31.01.2024;9;1.0;377;35;369;35;8;34
TE386;31.01.2024;10;1.0;306;35;298;35;8;33
TE386;31.01.2024;11;1.0;344;34;332;34;12;33
TE386;31.01.2024;12;1.0;330;35;319;35;11;34
TE386;31.01.2024;13;1.0;380;33;365;33;15;33
TE386;31.01.2024;14;1.0;421;35;409;35;12;34
TE386;31.01.2024;15;1.0;698;34;689;34;9;34
TE386;31.01.2024;16;1.0;678;34;666;34;12;33
TE386;31.01.2024;17;1.0;516;33;505;33;11;32
TE386;31.01.2024;18;1.0;388;34;374;34;14;33
TE386;31.01.2024;19;1.0;215;35;208;35;7;35
TE386;31.01.2024;20;1.0;154;36;147;36;7;32
TE386;31.01.2024;21;1.0;120;35;116;35;4;33
TE386;31.01.2024;22;1.0;94;35;91;35;3;33
TE386;31.01.2024;23;1.0;90;38;86;38;4;36
TE387;01.01.2024;0;1.0;436;45;429;45;7;46
TE387;01.01.2024;1;1.0;670;43;665;43;5;43
TE387;01.01.2024;2;1.0;518;44;512;44;6;43
TE387;01.01.2024;3;1.0;427;47;422;47;5;44
TE387;01.01.2024;4;1.0;427;47;425;47;2;47
TE387;01.01.2024;5;1.0;338;48;336;48;2;46
TE387;01.01.2024;6;1.0;222;49;216;49;6;46
TE387;01.01.2024;7;1.0;192;49;189;48;3;58
TE387;01.01.2024;8;1.0;181;46;175;46;6;48
TE387;01.01.2024;9;1.0;199;45;192;45;7;43
TE387;01.01.2024;10;1.0;238;41;229;41;9;43
TE387;01.01.2024;11;1.0;302;41;294;41;8;38
TE387;01.01.2024;12;1.0;349;41;342;41;7;39
TE387;01.01.2024;13;1.0;419;39;413;39;6;40
TE387;01.01.2024;14;1.0;472;38;465;39;7;38
TE387;01.01.2024;15;1.0;490;37;485;37;5;35
TE387;01.01.2024;16;1.0;485;37;476;37;9;37
TE387;01.01.2024;17;1.0;505;37;495;37;10;36
TE387;01.01.2024;18;1.0;485;39;479;39;6;37
TE387;01.01.2024;19;1.0;442;43;440;43;2;36
TE387;01.01.2024;20;1.0;358;45;353;45;5;45
TE387;01.01.2024;21;1.0;309;44;306;44;3;46
TE387;01.01.2024;22;1.0;241;45;237;45;4;48
TE387;01.01.2024;23;1.0;215;44;207;44;8;44
TE387;02.01.2024;0;1.0;122;45;115;45;7;43
TE387;02.01.2024;1;1.0;106;44;101;44;5;45
TE387;02.01.2024;2;1.0;77;45;72;45;5;48
TE387;02.01.2024;3;1.0;84;44;78;44;6;40
TE387;02.01.2024;4;1.0;145;46;138;46;7;45
TE387;02.01.2024;5;1.0;414;43;404;43;10;45
TE387;02.01.2024;6;1.0;514;39;501;39;13;41
TE387;02.01.2024;7;1.0;497;38;492;38;5;38
TE387;02.01.2024;8;1.0;560;39;551;39;9;39
TE387;02.01.2024;9;1.0;520;41;513;41;7;39
TE387;02.01.2024;10;1.0;529;40;522;40;7;38
TE387;02.01.2024;11;1.0;612;41;607;41;5;41
TE387;02.01.2024;12;1.0;609;40;604;40;5;42
TE387;02.01.2024;13;1.0;644;39;639;39;5;40
TE387;02.01.2024;14;1.0;707;40;703;40;4;38
TE387;02.01.2024;15;1.0;709;38;707;38;2;40
TE387;02.01.2024;16;1.0;728;40;724;40;4;38
TE387;02.01.2024;17;1.0;685;40;679;40;6;40
TE387;02.01.2024;18;1.0;643;40;637;40;6;39
TE387;02.01.2024;19;1.0;529;41;522;41;7;41
TE387;02.01.2024;20;1.0;429;45;421;45;8;42
TE387;02.01.2024;21;1.0;352;42;348;42;4;46
TE387;02.01.2024;22;1.0;342;43;337;43;5;43
TE387;02.01.2024;23;1.0;263;44;259;44;4;44
TE387;03.01.2024;0;1.0;162;46;156;45;6;43
TE387;03.01.2024;1;1.0;111;45;105;46;6;43
TE387;03.01.2024;2;1.0;77;48;74;47;3;50
TE387;03.01.2024;3;1.0;97;45;91;46;6;47
TE387;03.01.2024;4;1.0;169;45;159;45;10;43
TE387;03.01.2024;5;1.0;400;43;383;43;17;45
TE387;03.01.2024;6;1.0;574;40;545;39;29;41
TE387;03.01.2024;7;1.0;595;39;573;39;22;38
TE387;03.01.2024;8;1.0;603;37;586;37;17;37
TE387;03.01.2024;9;1.0;606;38;577;38;29;38
TE387;03.01.2024;10;1.0;640;37;595;37;45;37
TE387;03.01.2024;11;1.0;602;35;572;35;30;36
TE387;03.01.2024;12;1.0;634;37;608;37;26;37
TE387;03.01.2024;13;1.0;659;37;639;37;20;37
TE387;03.01.2024;14;1.0;707;37;687;37;20;37
TE387;03.01.2024;15;1.0;748;35;726;35;22;36
TE387;03.01.2024;16;1.0;763;35;738;35;25;34
TE387;03.01.2024;17;1.0;702;37;671;37;31;37
TE387;03.01.2024;18;1.0;643;37;627;37;16;36
TE387;03.01.2024;19;1.0;538;39;528;39;10;37
TE387;03.01.2024;20;1.0;459;40;446;40;13;40
TE387;03.01.2024;21;1.0;360;42;351;42;9;43
TE387;03.01.2024;22;1.0;323;43;313;43;10;42
TE387;03.01.2024;23;1.0;253;45;248;45;5;46
TE387;04.01.2024;0;1.0;188;42;182;42;6;43
TE387;04.01.2024;1;1.0;108;47;104;47;4;45
TE387;04.01.2024;2;1.0;72;46;69;46;3;43
TE387;04.01.2024;3;1.0;91;47;87;47;4;46
TE387;04.01.2024;4;1.0;149;50;144;50;5;48
TE387;04.01.2024;5;1.0;388;46;382;46;6;44
TE387;04.01.2024;6;1.0;528;44;520;44;8;46
TE387;04.01.2024;7;1.0;549;42;544;42;5;42
TE387;04.01.2024;8;1.0;589;38;574;38;15;38
TE387;04.01.2024;9;1.0;661;38;639;38;22;40
TE387;04.01.2024;10;1.0;663;37;621;38;42;37
TE387;04.01.2024;11;1.0;601;38;579;38;22;37
TE387;04.01.2024;12;1.0;686;38;673;38;13;39
TE387;04.01.2024;13;1.0;713;37;691;37;22;37
TE387;04.01.2024;14;1.0;747;38;734;38;13;39
TE387;04.01.2024;15;1.0;791;36;783;36;8;38
TE387;04.01.2024;16;1.0;787;37;768;37;19;36
TE387;04.01.2024;17;1.0;758;37;752;37;6;37
TE387;04.01.2024;18;1.0;740;39;734;39;6;38
TE387;04.01.2024;19;1.0;611;40;608;40;3;39
TE387;04.01.2024;20;1.0;496;42;489;42;7;41
TE387;04.01.2024;21;1.0;389;43;384;43;5;43
TE387;04.01.2024;22;1.0;380;42;376;42;4;37
TE387;04.01.2024;23;1.0;237;46;231;46;6;46
TE387;05.01.2024;0;1.0;177;46;175;46;2;38
TE387;05.01.2024;1;1.0;112;47;109;46;3;51
TE387;05.01.2024;2;1.0;93;49;89;49;4;47
TE387;05.01.2024;3;1.0;94;49;89;50;5;44
TE387;05.01.2024;4;1.0;150;50;142;50;8;51
TE387;05.01.2024;5;1.0;447;45;424;45;23;47
TE387;05.01.2024;6;1.0;493;43;466;43;27;43
TE387;05.01.2024;7;1.0;546;39;519;39;27;40
TE387;05.01.2024;8;1.0;528;41;523;41;5;40
TE387;05.01.2024;9;1.0;633;41;630;41;3;37
TE387;05.01.2024;10;1.0;657;40;651;40;6;41
TE387;05.01.2024;11;1.0;699;39;684;39;15;40
TE387;05.01.2024;12;1.0;663;38;649;39;14;38
TE387;05.01.2024;13;1.0;718;38;697;38;21;38
TE387;05.01.2024;14;1.0;716;38;706;38;10;38
TE387;05.01.2024;15;1.0;737;38;730;38;7;37
TE387;05.01.2024;16;1.0;715;37;713;37;2;39
TE387;05.01.2024;17;1.0;716;38;711;38;5;38
TE387;05.01.2024;18;1.0;685;39;682;39;3;40
TE387;05.01.2024;19;1.0;618;40;616;40;2;39
TE387;05.01.2024;20;1.0;491;41;491;41;0;-1
TE387;05.01.2024;21;1.0;443;43;440;43;3;43
TE387;05.01.2024;22;1.0;459;44;457;44;2;40
TE387;05.01.2024;23;1.0;371;45;369;45;2;48
TE387;06.01.2024;0;1.0;265;45;263;45;2;47
TE387;06.01.2024;1;1.0;216;48;213;48;3;45
TE387;06.01.2024;2;1.0;168;49;168;49;0;-1
TE387;06.01.2024;3;1.0;154;52;151;52;3;49
TE387;06.01.2024;4;1.0;168;51;160;51;8;54
TE387;06.01.2024;5;1.0;199;45;194;45;5;50
TE387;06.01.2024;6;1.0;198;49;191;49;7;46
TE387;06.01.2024;7;1.0;220;44;213;44;7;46
TE387;06.01.2024;8;1.0;261;39;258;39;3;37
TE387;06.01.2024;9;1.0;365;38;359;38;6;39
TE387;06.01.2024;10;1.0;450;36;439;36;11;37
TE387;06.01.2024;11;1.0;580;37;574;37;6;36
TE387;06.01.2024;12;1.0;603;35;595;35;8;35
TE387;06.01.2024;13;1.0;663;36;654;36;9;37
TE387;06.01.2024;14;1.0;726;36;721;36;5;36
TE387;06.01.2024;15;1.0;704;37;701;37;3;39
TE387;06.01.2024;16;1.0;658;37;655;37;3;39
TE387;06.01.2024;17;1.0;641;37;636;37;5;35
TE387;06.01.2024;18;1.0;678;41;673;41;5;38
TE387;06.01.2024;19;1.0;624;41;620;41;4;44
TE387;06.01.2024;20;1.0;570;42;566;42;4;43
TE387;06.01.2024;21;1.0;465;44;461;44;4;41
TE387;06.01.2024;22;1.0;443;44;442;44;1;39
TE387;06.01.2024;23;1.0;376;47;375;47;1;39
TE387;07.01.2024;0;1.0;318;46;312;46;6;43
TE387;07.01.2024;1;1.0;263;47;262;47;1;51
TE387;07.01.2024;2;1.0;180;48;178;48;2;39
TE387;07.01.2024;3;1.0;159;49;157;50;2;38
TE387;07.01.2024;4;1.0;130;46;129;46;1;41
TE387;07.01.2024;5;1.0;159;42;157;42;2;47
TE387;07.01.2024;6;1.0;148;44;143;44;5;42
TE387;07.01.2024;7;1.0;138;47;137;47;1;49
TE387;07.01.2024;8;1.0;166;46;164;46;2;46
TE387;07.01.2024;9;1.0;264;45;263;45;1;55
TE387;07.01.2024;10;1.0;315;41;312;41;3;39
TE387;07.01.2024;11;1.0;452;39;444;39;8;39
TE387;07.01.2024;12;1.0;516;40;516;40;0;-1
TE387;07.01.2024;13;1.0;550;38;546;38;4;38
TE387;07.01.2024;14;1.0;515;38;510;38;5;37
TE387;07.01.2024;15;1.0;696;39;695;39;1;34
TE387;07.01.2024;16;1.0;648;39;645;39;3;39
TE387;07.01.2024;17;1.0;676;39;668;39;8;40
TE387;07.01.2024;18;1.0;616;40;615;40;1;40
TE387;07.01.2024;19;1.0;506;42;502;42;4;41
TE387;07.01.2024;20;1.0;455;44;454;44;1;40
TE387;07.01.2024;21;1.0;377;41;372;41;5;46
TE387;07.01.2024;22;1.0;320;36;316;36;5;34
TE387;07.01.2024;23;1.0;239;37;228;37;11;35
TE387;09.01.2024;15;1.0;874;34;855;34;19;34
TE387;09.01.2024;16;1.0;905;34;890;34;15;34
TE387;09.01.2024;17;1.0;808;35;790;35;18;34
TE387;09.01.2024;18;1.0;813;32;797;32;17;31
TE387;10.01.2024;20;1.0;498;40;487;40;11;41
TE387;10.01.2024;22;1.0;399;40;395;40;4;42
TE387;10.01.2024;23;1.0;273;42;269;42;4;40
TE387;11.01.2024;0;1.0;180;45;176;45;4;45
TE387;11.01.2024;1;1.0;101;44;96;44;5;40
TE387;11.01.2024;2;1.0;85;49;81;49;4;40
TE387;11.01.2024;3;1.0;94;49;92;50;2;42
TE387;11.01.2024;4;1.0;171;50;169;50;2;46
TE387;11.01.2024;5;1.0;484;44;480;44;4;46
TE387;11.01.2024;6;1.0;581;41;578;41;3;40
TE387;11.01.2024;7;1.0;626;39;615;39;11;41
TE387;11.01.2024;8;1.0;599;36;586;36;13;35
TE387;11.01.2024;9;1.0;710;39;694;39;16;39
TE387;11.01.2024;10;1.0;672;41;663;41;9;40
TE387;11.01.2024;11;1.0;672;40;657;40;15;42
TE387;11.01.2024;12;1.0;738;39;732;39;6;39
TE387;11.01.2024;13;1.0;696;39;693;39;3;36
TE387;11.01.2024;14;1.0;779;39;773;39;6;40
TE387;11.01.2024;15;1.0;846;39;841;39;5;40
TE387;11.01.2024;16;1.0;846;38;844;38;2;40
TE387;11.01.2024;17;1.0;874;39;870;39;4;39
TE387;11.01.2024;18;1.0;838;37;832;37;6;36
TE387;11.01.2024;19;1.0;710;36;708;36;2;40
TE387;11.01.2024;20;1.0;572;39;566;39;6;40
TE387;11.01.2024;21;1.0;496;42;493;42;3;42
TE387;11.01.2024;22;1.0;465;44;462;44;3;42
TE387;11.01.2024;23;1.0;343;45;339;45;4;44
TE387;12.01.2024;0;1.0;234;46;228;47;6;41
TE387;12.01.2024;1;1.0;144;47;143;47;1;45
TE387;12.01.2024;2;1.0;102;50;100;50;2;50
TE387;12.01.2024;3;1.0;102;48;97;47;5;49
TE387;12.01.2024;4;1.0;148;48;141;48;7;47
TE387;12.01.2024;5;1.0;456;48;454;48;2;44
TE387;12.01.2024;6;1.0;588;45;584;45;4;43
TE387;12.01.2024;7;1.0;653;42;649;42;4;44
TE387;12.01.2024;8;1.0;641;41;636;41;5;41
TE387;12.01.2024;9;1.0;635;40;625;40;10;40
TE387;12.01.2024;10;1.0;644;41;635;41;9;42
TE387;12.01.2024;11;1.0;624;40;615;40;9;40
TE387;12.01.2024;12;1.0;695;41;693;41;2;37
TE387;12.01.2024;13;1.0;758;40;752;40;6;40
TE387;12.01.2024;14;1.0;761;39;753;39;8;37
TE387;12.01.2024;15;1.0;781;39;777;39;4;40
TE387;12.01.2024;16;1.0;814;38;807;38;7;37
TE387;12.01.2024;17;1.0;797;40;794;40;3;39
TE387;12.01.2024;18;1.0;687;42;677;42;10;40
TE387;12.01.2024;19;1.0;698;43;687;43;11;44
TE387;12.01.2024;20;1.0;561;43;557;43;4;42
TE387;12.01.2024;21;1.0;509;45;503;45;6;46
TE387;12.01.2024;22;1.0;432;45;431;45;1;43
TE387;12.01.2024;23;1.0;380;44;377;44;3;44
TE387;13.01.2024;0;1.0;351;44;346;44;5;42
TE387;13.01.2024;1;1.0;252;45;250;45;2;43
TE387;13.01.2024;2;1.0;193;48;192;48;1;44
TE387;13.01.2024;3;1.0;174;48;169;48;5;49
TE387;13.01.2024;4;1.0;155;49;153;49;2;46
TE387;13.01.2024;5;1.0;187;47;180;47;7;48
TE387;13.01.2024;6;1.0;209;47;198;47;11;47
TE387;13.01.2024;7;1.0;246;47;236;47;10;46
TE387;13.01.2024;8;1.0;271;45;266;45;5;45
TE387;13.01.2024;9;1.0;397;44;392;44;5;46
TE387;13.01.2024;10;1.0;479;43;479;43;0;-1
TE387;13.01.2024;11;1.0;524;41;513;41;11;40
TE387;13.01.2024;12;1.0;620;39;613;39;7;38
TE387;13.01.2024;13;1.0;664;39;657;39;7;39
TE387;13.01.2024;14;1.0;708;40;702;40;6;37
TE387;13.01.2024;15;1.0;733;40;725;40;8;40
TE387;13.01.2024;16;1.0;782;40;777;40;5;39
TE387;13.01.2024;17;1.0;647;41;637;41;10;42
TE387;13.01.2024;18;1.0;656;42;653;42;3;41
TE387;13.01.2024;19;1.0;640;43;629;43;11;45
TE387;13.01.2024;20;1.0;601;44;593;44;8;44
TE387;13.01.2024;21;1.0;544;45;537;45;7;44
TE387;13.01.2024;22;1.0;504;45;498;46;6;44
TE387;13.01.2024;23;1.0;418;46;417;46;1;44
TE387;14.01.2024;0;1.0;406;47;403;47;3;44
TE387;14.01.2024;1;1.0;325;49;325;49;0;-1
TE387;14.01.2024;2;1.0;223;48;221;48;2;50
TE387;14.01.2024;3;1.0;169;51;168;51;1;59
TE387;14.01.2024;4;1.0;179;49;176;49;3;45
TE387;14.01.2024;5;1.0;159;47;157;47;2;50
TE387;14.01.2024;6;1.0;135;48;129;48;6;46
TE387;14.01.2024;7;1.0;110;47;106;47;4;46
TE387;14.01.2024;8;1.0;179;46;175;46;4;48
TE387;14.01.2024;9;1.0;299;44;296;44;3;49
TE387;14.01.2024;10;1.0;378;43;373;43;5;49
TE387;14.01.2024;11;1.0;494;41;492;40;2;42
TE387;14.01.2024;12;1.0;562;41;561;41;1;42
TE387;14.01.2024;13;1.0;598;40;592;40;6;41
TE387;14.01.2024;14;1.0;659;40;646;40;13;38
TE387;14.01.2024;15;1.0;665;38;661;38;4;35
TE387;14.01.2024;16;1.0;708;39;704;39;4;38
TE387;14.01.2024;17;1.0;650;41;649;41;1;42
TE387;14.01.2024;18;1.0;625;42;622;42;3;42
TE387;14.01.2024;19;1.0;499;44;494;44;5;42
TE387;14.01.2024;20;1.0;417;46;414;46;3;45
TE387;14.01.2024;21;1.0;434;46;428;46;6;46
TE387;14.01.2024;22;1.0;320;47;319;47;1;46
TE387;14.01.2024;23;1.0;224;48;223;48;1;54
TE387;15.01.2024;0;1.0;149;47;146;47;3;49
TE387;15.01.2024;1;1.0;96;50;93;50;3;52
TE387;15.01.2024;2;1.0;78;51;76;51;2;54
TE387;15.01.2024;3;1.0;95;46;94;46;1;64
TE387;15.01.2024;4;1.0;177;47;173;48;4;45
TE387;15.01.2024;5;1.0;478;49;473;49;5;49
TE387;15.01.2024;6;1.0;626;45;612;45;14;47
TE387;15.01.2024;7;1.0;747;41;736;41;11;41
TE387;15.01.2024;8;1.0;711;39;701;39;10;39
TE387;15.01.2024;9;1.0;770;34;759;34;11;25
TE387;15.01.2024;10;1.0;413;16;401;17;13;13
TE387;15.01.2024;11;1.0;770;41;757;41;13;41
TE387;15.01.2024;12;1.0;730;40;713;40;17;39
TE387;15.01.2024;13;1.0;857;39;843;39;14;40
TE387;15.01.2024;14;1.0;967;39;962;39;5;40
TE387;15.01.2024;15;1.0;889;40;882;40;7;42
TE387;15.01.2024;16;1.0;892;39;882;39;10;40
TE387;15.01.2024;17;1.0;761;39;757;39;4;38
TE387;15.01.2024;18;1.0;720;39;708;39;12;40
TE387;15.01.2024;19;1.0;602;43;595;43;7;46
TE387;15.01.2024;20;1.0;437;44;431;44;6;45
TE387;15.01.2024;21;1.0;357;44;353;44;4;45
TE387;15.01.2024;22;1.0;300;46;296;46;4;41
TE387;15.01.2024;23;1.0;213;47;209;47;4;42
TE387;16.01.2024;0;1.0;148;47;143;47;5;44
TE387;16.01.2024;1;1.0;87;47;86;47;1;42
TE387;16.01.2024;2;1.0;74;39;69;39;5;40
TE387;16.01.2024;3;1.0;86;40;82;40;4;35
TE387;16.01.2024;4;1.0;158;40;148;40;10;40
TE387;16.01.2024;5;1.0;438;42;436;42;2;40
TE387;16.01.2024;6;1.0;575;40;573;40;2;42
TE387;16.01.2024;7;1.0;705;40;698;40;7;38
TE387;16.01.2024;8;1.0;682;40;679;40;3;41
TE387;16.01.2024;9;1.0;732;39;723;39;9;41
TE387;16.01.2024;10;1.0;686;40;681;40;5;41
TE387;16.01.2024;11;1.0;727;40;719;40;8;40
TE387;16.01.2024;12;1.0;731;40;722;40;9;40
TE387;16.01.2024;13;1.0;749;39;740;39;9;39
TE387;16.01.2024;14;1.0;752;40;749;40;3;41
TE387;16.01.2024;15;1.0;859;40;851;40;8;41
TE387;16.01.2024;16;1.0;874;38;871;38;3;37
TE387;16.01.2024;17;1.0;856;40;850;40;6;39
TE387;16.01.2024;18;1.0;744;40;740;40;4;38
TE387;16.01.2024;19;1.0;630;41;620;41;10;42
TE387;16.01.2024;20;1.0;473;43;470;43;3;44
TE387;16.01.2024;21;1.0;377;43;374;43;3;42
TE387;16.01.2024;22;1.0;352;44;346;44;6;41
TE387;16.01.2024;23;1.0;260;44;256;44;4;42
TE387;17.01.2024;0;1.0;158;43;149;43;9;42
TE387;17.01.2024;1;1.0;108;43;104;44;4;42
TE387;17.01.2024;2;1.0;86;43;80;44;6;38
TE387;17.01.2024;3;1.0;94;45;89;45;5;42
TE387;17.01.2024;4;1.0;157;44;153;44;4;41
TE387;17.01.2024;5;1.0;469;43;466;43;3;43
TE387;17.01.2024;6;1.0;622;41;611;41;11;43
TE387;17.01.2024;7;1.0;691;39;687;39;4;40
TE387;17.01.2024;8;1.0;700;39;691;39;9;39
TE387;17.01.2024;9;1.0;827;39;814;39;13;39
TE387;17.01.2024;10;1.0;730;40;708;40;22;40
TE387;17.01.2024;11;1.0;695;39;672;39;23;38
TE387;17.01.2024;12;1.0;770;37;739;37;31;38
TE387;17.01.2024;13;1.0;748;38;723;38;25;36
TE387;17.01.2024;14;1.0;807;39;787;39;20;38
TE387;17.01.2024;15;1.0;900;39;893;39;7;38
TE387;17.01.2024;16;1.0;922;39;910;39;12;38
TE387;17.01.2024;17;1.0;802;39;795;39;7;40
TE387;17.01.2024;18;1.0;753;39;748;39;5;39
TE387;17.01.2024;19;1.0;580;40;573;40;7;39
TE387;17.01.2024;20;1.0;508;44;502;44;6;41
TE387;17.01.2024;21;1.0;446;44;443;44;3;46
TE387;17.01.2024;22;1.0;394;45;393;45;1;39
TE387;17.01.2024;23;1.0;253;47;249;47;4;42
TE387;18.01.2024;0;1.0;184;47;180;47;4;49
TE387;18.01.2024;1;1.0;121;50;118;50;3;48
TE387;18.01.2024;2;1.0;94;49;93;49;1;45
TE387;18.01.2024;3;1.0;90;48;87;47;3;44
TE387;18.01.2024;4;1.0;159;47;158;47;1;45
TE387;18.01.2024;5;1.0;476;47;475;47;1;42
TE387;18.01.2024;6;1.0;595;43;594;43;1;41
TE387;18.01.2024;7;1.0;690;41;683;41;7;42
TE387;18.01.2024;8;1.0;743;39;728;39;15;41
TE387;18.01.2024;9;1.0;823;40;809;40;14;40
TE387;18.01.2024;10;1.0;692;41;674;41;18;41
TE387;18.01.2024;11;1.0;710;40;700;40;10;42
TE387;18.01.2024;12;1.0;726;40;708;40;18;38
TE387;18.01.2024;13;1.0;766;36;754;36;12;36
TE387;18.01.2024;14;1.0;824;35;806;35;18;36
TE387;18.01.2024;15;1.0;895;34;887;34;8;34
TE387;18.01.2024;16;1.0;893;33;886;33;7;35
TE387;18.01.2024;17;1.0;869;34;861;34;8;36
TE387;18.01.2024;18;1.0;841;35;829;35;12;36
TE387;18.01.2024;19;1.0;680;35;671;35;9;35
TE387;18.01.2024;20;1.0;560;38;556;38;4;35
TE387;18.01.2024;21;1.0;473;39;465;39;8;38
TE387;18.01.2024;22;1.0;416;40;411;40;5;42
TE387;18.01.2024;23;1.0;342;41;335;41;7;40
TE387;19.01.2024;0;1.0;243;43;235;43;8;40
TE387;19.01.2024;1;1.0;163;43;157;43;6;42
TE387;19.01.2024;2;1.0;121;45;117;45;4;40
TE387;19.01.2024;3;1.0;91;44;83;45;8;44
TE387;19.01.2024;4;1.0;175;43;169;43;6;42
TE387;19.01.2024;5;1.0;466;41;453;41;13;40
TE387;19.01.2024;6;1.0;592;38;582;38;10;37
TE387;19.01.2024;7;1.0;691;33;680;33;11;35
TE387;19.01.2024;8;1.0;729;35;705;35;24;35
TE387;19.01.2024;9;1.0;716;36;698;36;18;37
TE387;19.01.2024;10;1.0;719;36;699;36;20;37
TE387;19.01.2024;11;1.0;770;35;751;35;19;37
TE387;19.01.2024;12;1.0;784;35;767;35;17;37
TE387;19.01.2024;13;1.0;794;34;774;34;20;37
TE387;19.01.2024;14;1.0;802;34;788;34;14;34
TE387;19.01.2024;15;1.0;849;37;825;37;24;36
TE387;19.01.2024;16;1.0;850;37;837;37;13;38
TE387;19.01.2024;17;1.0;755;38;749;38;6;39
TE387;19.01.2024;18;1.0;724;38;716;38;8;36
TE387;19.01.2024;19;1.0;691;37;680;37;11;36
TE387;19.01.2024;20;1.0;624;38;616;38;8;38
TE387;19.01.2024;21;1.0;496;39;489;39;7;38
TE387;19.01.2024;22;1.0;483;41;478;41;5;39
TE387;19.01.2024;23;1.0;433;42;424;42;9;40
TE387;20.01.2024;0;1.0;327;43;320;43;7;42
TE387;20.01.2024;1;1.0;261;44;255;44;6;44
TE387;20.01.2024;2;1.0;187;47;185;47;2;40
TE387;20.01.2024;3;1.0;160;47;153;47;7;46
TE387;20.01.2024;4;1.0;163;46;157;47;6;46
TE387;20.01.2024;5;1.0;212;44;203;44;9;42
TE387;20.01.2024;6;1.0;211;42;202;42;9;43
TE387;20.01.2024;7;1.0;263;40;252;40;11;39
TE387;20.01.2024;8;1.0;311;39;299;39;12;38
TE387;20.01.2024;9;1.0;441;39;425;39;16;39
TE387;20.01.2024;10;1.0;532;40;523;40;9;39
TE387;20.01.2024;11;1.0;609;37;600;37;9;38
TE387;20.01.2024;12;1.0;797;37;784;37;13;37
TE387;20.01.2024;13;1.0;1150;23;1121;23;29;22
TE387;20.01.2024;14;1.0;790;28;771;28;19;22
TE387;20.01.2024;15;1.0;743;38;725;38;18;37
TE387;20.01.2024;16;1.0;731;35;706;35;25;34
TE387;20.01.2024;17;1.0;705;34;682;34;23;34
TE387;20.01.2024;18;1.0;725;36;710;36;15;35
TE387;20.01.2024;19;1.0;718;38;708;38;10;38
TE387;20.01.2024;20;1.0;645;38;637;38;8;39
TE387;20.01.2024;21;1.0;538;40;535;40;3;38
TE387;20.01.2024;22;1.0;509;39;504;40;5;38
TE387;20.01.2024;23;1.0;507;41;501;41;6;37
TE387;21.01.2024;0;1.0;407;43;399;43;8;40
TE387;21.01.2024;1;1.0;296;43;294;43;2;43
TE387;21.01.2024;2;1.0;245;46;242;46;3;48
TE387;21.01.2024;3;1.0;191;48;188;48;3;46
TE387;21.01.2024;4;1.0;170;47;170;47;0;-1
TE387;21.01.2024;5;1.0;163;49;160;49;3;48
TE387;21.01.2024;6;1.0;138;48;132;47;6;50
TE387;21.01.2024;7;1.0;134;46;130;46;4;48
TE387;21.01.2024;8;1.0;182;47;173;47;9;53
TE387;21.01.2024;9;1.0;310;43;301;43;9;42
TE387;21.01.2024;10;1.0;421;40;416;40;5;38
TE387;21.01.2024;11;1.0;496;40;492;40;4;40
TE387;21.01.2024;12;1.0;488;36;482;36;6;37
TE387;21.01.2024;13;1.0;629;38;624;38;5;36
TE387;21.01.2024;14;1.0;620;37;611;37;9;36
TE387;21.01.2024;15;1.0;624;36;612;36;12;36
TE387;21.01.2024;16;1.0;644;37;628;37;16;40
TE387;21.01.2024;17;1.0;738;35;728;35;10;35
TE387;21.01.2024;18;1.0;711;37;699;37;12;38
TE387;21.01.2024;19;1.0;519;40;509;40;10;40
TE387;21.01.2024;20;1.0;465;41;460;41;5;39
TE387;21.01.2024;21;1.0;401;42;396;42;5;41
TE387;21.01.2024;22;1.0;284;42;275;42;9;41
TE387;21.01.2024;23;1.0;230;43;219;43;11;45
TE387;22.01.2024;0;1.0;132;46;123;46;9;45
TE387;22.01.2024;1;1.0;75;44;69;44;6;36
TE387;22.01.2024;2;1.0;93;44;87;45;6;39
TE387;22.01.2024;3;1.0;83;46;78;46;5;48
TE387;22.01.2024;4;1.0;169;46;156;46;13;46
TE387;22.01.2024;5;1.0;475;44;462;44;13;46
TE387;22.01.2024;6;1.0;664;41;643;41;21;42
TE387;22.01.2024;7;1.0;683;37;647;37;36;37
TE387;22.01.2024;8;1.0;669;36;634;36;35;36
TE387;22.01.2024;9;1.0;734;37;700;37;34;37
TE387;22.01.2024;10;1.0;690;37;663;37;27;38
TE387;22.01.2024;12;1.0;725;37;684;37;41;37
TE387;22.01.2024;13;1.0;714;38;680;38;34;38
TE387;22.01.2024;14;1.0;740;36;714;36;26;35
TE387;22.01.2024;15;1.0;792;36;760;36;32;36
TE387;22.01.2024;16;1.0;892;36;863;36;29;35
TE387;22.01.2024;17;1.0;815;37;796;37;19;37
TE387;22.01.2024;18;1.0;708;37;689;37;19;37
TE387;22.01.2024;19;1.0;639;38;630;38;9;38
TE387;22.01.2024;20;1.0;474;40;461;40;13;40
TE387;22.01.2024;21;1.0;364;42;359;42;5;41
TE387;22.01.2024;22;1.0;311;43;308;43;3;42
TE387;22.01.2024;23;1.0;257;43;251;43;6;41
TE387;23.01.2024;0;1.0;143;44;131;44;12;43
TE387;23.01.2024;1;1.0;108;46;105;46;3;48
TE387;23.01.2024;2;1.0;76;47;71;47;5;41
TE387;23.01.2024;3;1.0;79;46;73;45;6;46
TE387;23.01.2024;4;1.0;191;45;173;45;18;48
TE387;23.01.2024;5;1.0;470;44;454;44;16;43
TE387;23.01.2024;6;1.0;657;41;642;41;15;41
TE387;23.01.2024;7;1.0;686;36;667;36;19;37
TE387;23.01.2024;8;1.0;732;35;705;34;27;35
TE387;23.01.2024;9;1.0;758;33;731;33;27;34
TE387;23.01.2024;10;1.0;671;37;637;37;34;37
TE387;23.01.2024;11;1.0;694;36;660;37;34;36
TE387;23.01.2024;12;1.0;734;36;701;36;33;38
TE387;23.01.2024;13;1.0;766;37;733;37;33;37
TE387;23.01.2024;14;1.0;835;36;811;36;24;35
TE387;23.01.2024;15;1.0;892;36;868;36;24;37
TE387;23.01.2024;16;1.0;926;36;909;36;17;33
TE387;23.01.2024;17;1.0;914;34;884;34;30;34
TE387;23.01.2024;18;1.0;807;36;784;36;23;35
TE387;23.01.2024;19;1.0;650;37;629;37;21;38
TE387;23.01.2024;20;1.0;543;39;529;39;14;38
TE387;23.01.2024;21;1.0;443;38;435;38;8;39
TE387;23.01.2024;22;1.0;359;38;355;38;4;44
TE387;23.01.2024;23;1.0;283;45;275;45;8;42
TE387;24.01.2024;0;1.0;147;47;142;48;5;42
TE387;24.01.2024;1;1.0;116;47;113;47;3;43
TE387;24.01.2024;2;1.0;95;47;92;47;3;44
TE387;24.01.2024;3;1.0;103;47;99;47;4;40
TE387;24.01.2024;4;1.0;190;44;178;44;12;46
TE387;24.01.2024;5;1.0;513;45;494;45;19;47
TE387;24.01.2024;6;1.0;651;42;621;42;30;40
TE387;24.01.2024;7;1.0;686;37;651;37;35;38
TE387;24.01.2024;8;1.0;696;35;668;35;28;35
TE387;24.01.2024;9;1.0;774;37;737;37;37;38
TE387;24.01.2024;10;1.0;756;38;728;38;28;38
TE387;24.01.2024;11;1.0;718;38;675;38;43;39
TE387;24.01.2024;12;1.0;759;36;701;36;58;36
TE387;24.01.2024;13;1.0;747;37;697;37;50;38
TE387;24.01.2024;14;1.0;810;36;769;36;41;37
TE387;24.01.2024;15;1.0;926;36;900;36;26;37
TE387;24.01.2024;16;1.0;958;36;934;36;24;36
TE387;24.01.2024;17;1.0;863;37;831;37;32;36
TE387;24.01.2024;18;1.0;892;35;871;35;21;35
TE387;24.01.2024;19;1.0;676;39;660;39;16;40
TE387;24.01.2024;20;1.0;542;41;522;41;20;41
TE387;24.01.2024;21;1.0;448;42;440;42;8;41
TE387;24.01.2024;22;1.0;448;42;438;42;10;42
TE387;24.01.2024;23;1.0;354;45;343;45;11;45
TE387;25.01.2024;0;1.0;215;46;210;46;5;41
TE387;25.01.2024;1;1.0;115;46;111;46;4;46
TE387;25.01.2024;2;1.0;90;46;82;46;8;46
TE387;25.01.2024;3;1.0;100;48;96;48;4;46
TE387;25.01.2024;4;1.0;213;46;198;46;15;46
TE387;25.01.2024;5;1.0;524;44;505;44;19;45
TE387;25.01.2024;6;1.0;641;41;613;41;28;41
TE387;25.01.2024;7;1.0;773;36;729;36;44;36
TE387;25.01.2024;8;1.0;744;35;708;35;36;36
TE387;25.01.2024;9;1.0;770;36;735;36;35;37
TE387;25.01.2024;10;1.0;693;39;670;39;23;38
TE387;25.01.2024;11;1.0;740;38;719;38;21;39
TE387;25.01.2024;12;1.0;768;38;745;38;23;38
TE387;25.01.2024;13;1.0;809;37;794;37;15;37
TE387;25.01.2024;14;1.0;842;35;816;35;26;36
TE387;25.01.2024;15;1.0;938;36;919;36;19;36
TE387;25.01.2024;16;1.0;923;35;907;35;16;34
TE387;25.01.2024;17;1.0;873;36;856;36;17;37
TE387;25.01.2024;18;1.0;859;37;837;37;22;36
TE387;25.01.2024;19;1.0;717;40;706;40;11;40
TE387;25.01.2024;20;1.0;584;41;576;41;8;40
TE387;25.01.2024;21;1.0;497;43;484;43;13;42
TE387;25.01.2024;22;1.0;463;41;452;41;11;42
TE387;25.01.2024;23;1.0;342;42;332;42;10;42
TE387;26.01.2024;0;1.0;181;44;174;44;7;45
TE387;26.01.2024;1;1.0;162;44;157;44;5;46
TE387;26.01.2024;2;1.0;105;46;99;46;6;46
TE387;26.01.2024;3;1.0;101;46;95;46;6;47
TE387;26.01.2024;4;1.0;198;45;195;45;3;49
TE387;26.01.2024;5;1.0;479;46;473;46;6;46
TE387;26.01.2024;6;1.0;629;44;618;44;11;46
TE387;26.01.2024;7;1.0;720;36;712;36;8;36
TE387;26.01.2024;8;1.0;720;37;693;37;27;35
TE387;26.01.2024;9;1.0;737;40;723;40;14;41
TE387;26.01.2024;10;1.0;670;39;648;39;22;38
TE387;26.01.2024;11;1.0;679;38;663;38;16;38
TE387;26.01.2024;12;1.0;988;32;956;32;30;31
TE387;26.01.2024;13;1.0;734;23;709;24;25;17
TE387;26.01.2024;14;1.0;902;37;888;37;14;38
TE387;26.01.2024;15;1.0;837;38;822;38;15;38
TE387;26.01.2024;16;1.0;838;37;830;37;8;36
TE387;26.01.2024;17;1.0;793;36;780;36;13;36
TE387;26.01.2024;18;1.0;802;37;787;37;15;37
TE387;26.01.2024;19;1.0;741;38;727;38;14;40
TE387;26.01.2024;20;1.0;621;40;605;40;16;40
TE387;26.01.2024;21;1.0;586;40;576;40;10;40
TE387;26.01.2024;22;1.0;508;41;500;41;8;41
TE387;26.01.2024;23;1.0;466;42;458;42;8;43
TE387;27.01.2024;0;1.0;380;43;372;43;8;41
TE387;27.01.2024;1;1.0;265;44;263;44;2;45
TE387;27.01.2024;2;1.0;250;45;244;45;6;45
TE387;27.01.2024;3;1.0;188;47;186;48;2;39
TE387;27.01.2024;4;1.0;180;46;174;46;6;47
TE387;27.01.2024;5;1.0;219;43;209;44;10;42
TE387;27.01.2024;6;1.0;229;44;209;44;20;47
TE387;27.01.2024;7;1.0;298;43;280;43;18;44
TE387;27.01.2024;8;1.0;361;42;349;42;12;42
TE387;27.01.2024;9;1.0;514;40;502;41;12;40
TE387;27.01.2024;10;1.0;553;40;541;40;12;40
TE387;27.01.2024;11;1.0;616;41;604;41;12;40
TE387;27.01.2024;12;1.0;669;39;655;39;14;40
TE387;27.01.2024;13;1.0;801;38;790;38;11;35
TE387;27.01.2024;14;1.0;696;36;684;36;12;37
TE387;27.01.2024;15;1.0;700;37;683;37;17;37
TE387;27.01.2024;16;1.0;717;35;700;35;17;36
TE387;27.01.2024;17;1.0;795;36;781;36;14;35
TE387;27.01.2024;18;1.0;799;36;782;36;17;36
TE387;27.01.2024;19;1.0;715;37;702;37;13;36
TE387;27.01.2024;20;1.0;682;39;664;39;18;39
TE387;27.01.2024;21;1.0;580;40;572;40;8;40
TE387;27.01.2024;22;1.0;506;40;501;40;5;40
TE387;27.01.2024;23;1.0;444;42;438;42;6;43
TE387;28.01.2024;0;1.0;417;42;412;42;5;41
TE387;28.01.2024;1;1.0;354;44;348;44;6;41
TE387;28.01.2024;2;1.0;272;44;268;44;4;40
TE387;28.01.2024;3;1.0;197;46;190;46;7;43
TE387;28.01.2024;4;1.0;161;45;158;45;3;43
TE387;28.01.2024;5;1.0;179;44;175;44;4;41
TE387;28.01.2024;6;1.0;163;43;158;43;5;42
TE387;28.01.2024;7;1.0;165;42;163;42;2;43
TE387;28.01.2024;8;1.0;218;41;212;41;6;42
TE387;28.01.2024;9;1.0;355;39;347;39;8;40
TE387;28.01.2024;10;1.0;500;37;493;37;7;36
TE387;28.01.2024;11;1.0;491;38;479;38;12;36
TE387;28.01.2024;12;1.0;558;37;555;37;3;38
TE387;28.01.2024;13;1.0;663;36;652;36;11;36
TE387;28.01.2024;14;1.0;690;38;680;38;10;38
TE387;28.01.2024;15;1.0;718;36;705;36;13;38
TE387;28.01.2024;16;1.0;757;37;744;37;13;36
TE387;28.01.2024;17;1.0;735;36;724;36;11;36
TE387;28.01.2024;18;1.0;704;36;689;36;15;37
TE387;28.01.2024;22;1.0;332;41;324;41;8;36
TE387;28.01.2024;23;1.0;256;42;249;42;7;45
TE387;29.01.2024;0;1.0;166;42;159;42;7;46
TE387;29.01.2024;1;1.0;83;44;78;44;5;49
TE387;29.01.2024;2;1.0;96;44;92;44;4;42
TE387;29.01.2024;3;1.0;86;45;80;45;6;44
TE387;29.01.2024;4;1.0;190;44;185;44;5;44
TE387;29.01.2024;5;1.0;516;41;507;41;9;43
TE387;29.01.2024;6;1.0;667;37;654;37;13;39
TE387;29.01.2024;7;1.0;731;36;706;36;25;36
TE387;29.01.2024;8;1.0;746;36;715;36;31;36
TE387;29.01.2024;9;1.0;747;35;711;36;36;36
TE387;29.01.2024;10;1.0;729;37;688;37;41;36
TE387;29.01.2024;11;1.0;666;36;635;36;31;36
TE387;29.01.2024;12;1.0;723;36;699;36;24;36
TE388;01.01.2024;0;1.0;317;47;303;47;14;47
TE388;01.01.2024;1;1.0;469;48;460;48;9;50
TE388;01.01.2024;2;1.0;546;49;543;49;3;50
TE388;01.01.2024;3;1.0;447;46;442;46;5;51
TE388;01.01.2024;4;1.0;330;45;325;45;5;50
TE388;01.01.2024;5;1.0;332;46;325;46;7;49
TE388;01.01.2024;6;1.0;217;48;211;48;6;47
TE388;01.01.2024;7;1.0;182;54;177;54;5;52
TE388;01.01.2024;8;1.0;139;52;132;52;7;49
TE388;01.01.2024;9;1.0;139;52;131;52;8;48
TE388;01.01.2024;10;1.0;169;50;156;50;13;48
TE388;01.01.2024;11;1.0;220;49;213;49;7;47
TE388;01.01.2024;12;1.0;277;48;273;48;4;51
TE388;01.01.2024;13;1.0;324;47;314;47;10;48
TE388;01.01.2024;14;1.0;380;46;367;46;13;46
TE388;01.01.2024;15;1.0;445;46;430;46;15;43
TE388;01.01.2024;16;1.0;408;46;399;46;9;47
TE388;01.01.2024;17;1.0;387;45;297;46;90;45
TE388;01.01.2024;18;1.0;354;48;331;47;23;49
TE388;01.01.2024;19;1.0;333;48;323;48;10;46
TE388;01.01.2024;20;1.0;261;44;254;44;6;48
TE388;01.01.2024;21;1.0;280;50;275;50;5;44
TE388;01.01.2024;22;1.0;245;46;238;45;7;51
TE388;01.01.2024;23;1.0;177;42;173;42;4;43
TE388;02.01.2024;0;1.0;123;51;116;52;7;49
TE388;02.01.2024;1;1.0;99;48;91;47;8;49
TE388;02.01.2024;2;1.0;68;54;61;54;7;57
TE388;02.01.2024;3;1.0;82;50;77;49;5;59
TE388;02.01.2024;4;1.0;108;49;96;48;12;54
TE388;02.01.2024;5;1.0;226;48;214;48;12;46
TE388;02.01.2024;6;1.0;344;43;324;43;20;42
TE388;02.01.2024;7;1.0;439;46;422;46;17;46
TE388;02.01.2024;8;1.0;432;46;415;46;17;47
TE388;02.01.2024;9;1.0;470;47;450;47;20;48
TE388;02.01.2024;10;1.0;459;46;445;46;14;45
TE388;02.01.2024;11;1.0;438;46;431;46;7;44
TE388;02.01.2024;12;1.0;501;47;491;47;10;47
TE388;02.01.2024;13;1.0;537;47;530;47;7;47
TE388;02.01.2024;14;1.0;552;48;544;48;8;46
TE388;02.01.2024;15;1.0;641;47;634;47;7;46
TE388;02.01.2024;16;1.0;586;47;574;47;12;48
TE388;02.01.2024;17;1.0;509;48;503;48;6;47
TE388;02.01.2024;18;1.0;517;49;510;49;7;48
TE388;02.01.2024;19;1.0;471;48;462;48;9;47
TE388;02.01.2024;20;1.0;390;49;383;49;7;48
TE388;02.01.2024;21;1.0;332;50;323;50;9;51
TE388;02.01.2024;22;1.0;282;47;275;47;7;52
TE388;02.01.2024;23;1.0;242;44;235;45;5;46
TE388;03.01.2024;0;1.0;149;51;141;51;8;46
TE388;03.01.2024;1;1.0;84;50;80;50;4;47
TE388;03.01.2024;2;1.0;97;52;90;52;7;53
TE388;03.01.2024;3;1.0;76;51;68;51;8;49
TE388;03.01.2024;4;1.0;119;49;107;49;12;48
TE388;03.01.2024;5;1.0;198;50;189;49;9;49
TE388;03.01.2024;6;1.0;432;48;409;48;23;48
TE388;03.01.2024;7;1.0;482;46;435;46;47;46
TE388;03.01.2024;8;1.0;560;45;519;45;41;44
TE388;03.01.2024;9;1.0;525;43;473;43;52;42
TE388;03.01.2024;10;1.0;486;44;444;44;42;45
TE388;03.01.2024;11;1.0;522;44;483;44;39;44
TE388;03.01.2024;12;1.0;579;44;514;44;65;45
TE388;03.01.2024;13;1.0;592;45;568;45;24;45
TE388;03.01.2024;14;1.0;644;45;615;45;29;44
TE388;03.01.2024;15;1.0;684;45;654;45;30;45
TE388;03.01.2024;16;1.0;587;45;565;45;22;44
TE388;03.01.2024;17;1.0;577;40;552;40;25;40
TE388;03.01.2024;18;1.0;566;41;558;41;9;40
TE388;03.01.2024;19;1.0;464;44;452;44;12;46
TE388;03.01.2024;20;1.0;443;45;422;45;21;46
TE388;03.01.2024;21;1.0;349;49;321;49;28;49
TE388;03.01.2024;22;1.0;304;49;280;48;24;50
TE388;03.01.2024;23;1.0;204;50;180;50;24;50
TE388;04.01.2024;0;1.0;164;51;152;51;12;50
TE388;04.01.2024;1;1.0;105;49;103;49;2;52
TE388;04.01.2024;2;1.0;108;51;97;52;11;51
TE388;04.01.2024;3;1.0;85;53;82;53;3;54
TE388;04.01.2024;4;1.0;123;55;115;54;8;58
TE388;04.01.2024;5;1.0;211;54;205;54;6;58
TE388;04.01.2024;6;1.0;375;50;366;50;9;48
TE388;04.01.2024;7;1.0;494;47;486;47;8;48
TE388;04.01.2024;8;1.0;548;45;518;45;30;45
TE388;04.01.2024;9;1.0;538;46;519;46;19;44
TE388;04.01.2024;10;1.0;561;42;526;42;35;42
TE388;04.01.2024;11;1.0;541;46;514;46;27;46
TE388;04.01.2024;12;1.0;568;45;554;45;14;44
TE388;04.01.2024;13;1.0;567;45;548;45;19;45
TE388;04.01.2024;14;1.0;596;41;578;41;18;41
TE388;04.01.2024;15;1.0;672;45;655;45;17;46
TE388;04.01.2024;16;1.0;590;46;581;46;9;44
TE388;04.01.2024;17;1.0;558;45;540;45;18;45
TE388;04.01.2024;18;1.0;546;45;533;45;13;45
TE388;04.01.2024;19;1.0;489;46;475;46;14;46
TE388;04.01.2024;20;1.0;408;49;386;49;22;49
TE388;04.01.2024;21;1.0;363;48;351;48;12;50
TE388;04.01.2024;22;1.0;353;51;346;51;7;50
TE388;04.01.2024;23;1.0;237;52;228;52;9;49
TE388;05.01.2024;0;1.0;182;51;175;52;7;51
TE388;05.01.2024;1;1.0;95;53;86;52;9;54
TE388;05.01.2024;2;1.0;85;53;76;54;9;49
TE388;05.01.2024;3;1.0;86;53;76;54;10;49
TE388;05.01.2024;4;1.0;117;49;98;50;18;50
TE388;05.01.2024;5;1.0;212;53;183;53;29;52
TE388;05.01.2024;6;1.0;373;50;335;50;38;51
TE388;05.01.2024;7;1.0;432;48;403;48;29;48
TE388;05.01.2024;8;1.0;500;45;492;44;8;48
TE388;05.01.2024;9;1.0;568;48;552;48;16;48
TE388;05.01.2024;10;1.0;563;49;541;49;22;47
TE388;05.01.2024;11;1.0;511;46;486;46;25;47
TE388;05.01.2024;12;1.0;573;46;552;46;21;44
TE388;05.01.2024;13;1.0;605;46;586;46;19;47
TE388;05.01.2024;14;1.0;631;45;613;45;18;45
TE388;05.01.2024;15;1.0;546;43;528;43;17;44
TE388;05.01.2024;16;1.0;552;46;543;46;9;45
TE388;05.01.2024;17;1.0;579;45;567;45;12;45
TE388;05.01.2024;18;1.0;513;41;506;41;6;45
TE388;05.01.2024;19;1.0;566;46;562;46;4;46
TE388;05.01.2024;20;1.0;450;46;435;46;15;43
TE388;05.01.2024;21;1.0;436;48;425;48;11;46
TE388;05.01.2024;22;1.0;393;50;383;50;10;50
TE388;05.01.2024;23;1.0;332;51;317;51;15;53
TE388;06.01.2024;0;1.0;282;52;278;52;4;52
TE388;06.01.2024;1;1.0;193;49;188;50;4;58
TE388;06.01.2024;2;1.0;125;56;121;56;4;58
TE388;06.01.2024;3;1.0;138;50;127;50;10;47
TE388;06.01.2024;4;1.0;129;52;119;52;10;52
TE388;06.01.2024;5;1.0;133;54;118;54;15;50
TE388;06.01.2024;6;1.0;152;52;133;52;19;53
TE388;06.01.2024;7;1.0;165;51;151;51;14;51
TE388;06.01.2024;8;1.0;225;49;214;49;11;50
TE388;06.01.2024;9;1.0;301;47;286;47;15;47
TE388;06.01.2024;10;1.0;391;47;377;47;14;46
TE388;06.01.2024;11;1.0;423;47;411;47;12;48
TE388;06.01.2024;12;1.0;502;45;493;46;9;45
TE388;06.01.2024;13;1.0;600;46;586;46;14;46
TE388;06.01.2024;14;1.0;550;46;545;46;5;44
TE388;06.01.2024;15;1.0;540;44;531;44;9;45
TE388;06.01.2024;16;1.0;490;42;481;42;9;40
TE388;06.01.2024;17;1.0;394;41;389;41;5;44
TE388;06.01.2024;18;1.0;567;47;552;47;15;48
TE388;06.01.2024;19;1.0;473;47;456;47;17;47
TE388;06.01.2024;20;1.0;468;49;459;49;9;50
TE388;06.01.2024;21;1.0;404;49;393;49;11;50
TE388;06.01.2024;22;1.0;407;49;402;49;5;50
TE388;06.01.2024;23;1.0;391;50;384;50;7;50
TE388;07.01.2024;0;1.0;320;52;318;52;2;54
TE388;07.01.2024;1;1.0;234;52;232;52;2;51
TE388;07.01.2024;2;1.0;173;53;171;53;2;51
TE388;07.01.2024;3;1.0;132;54;132;54;0;-1
TE388;07.01.2024;4;1.0;104;50;97;50;7;50
TE388;07.01.2024;5;1.0;138;49;132;49;6;44
TE388;07.01.2024;6;1.0;98;49;93;49;5;48
TE388;07.01.2024;7;1.0;109;52;102;52;7;52
TE388;07.01.2024;8;1.0;140;52;132;52;8;53
TE388;07.01.2024;9;1.0;239;50;230;50;9;47
TE388;07.01.2024;10;1.0;291;48;283;48;8;51
TE388;07.01.2024;11;1.0;355;48;348;48;7;47
TE388;07.01.2024;12;1.0;414;48;392;48;22;50
TE388;07.01.2024;13;1.0;482;47;475;47;7;45
TE388;07.01.2024;14;1.0;571;46;568;46;3;48
TE388;07.01.2024;15;1.0;568;48;562;48;6;48
TE388;07.01.2024;16;1.0;485;46;476;46;9;47
TE388;07.01.2024;17;1.0;499;47;488;47;11;47
TE388;07.01.2024;18;1.0;505;48;497;48;8;48
TE388;07.01.2024;19;1.0;372;49;360;49;12;49
TE388;07.01.2024;20;1.0;369;48;359;48;10;47
TE388;07.01.2024;21;1.0;386;47;374;47;12;48
TE388;07.01.2024;22;1.0;295;48;282;49;13;47
TE388;07.01.2024;23;1.0;207;51;200;51;7;47
TE388;08.01.2024;0;1.0;178;51;168;51;10;48
TE388;08.01.2024;1;1.0;107;50;98;50;9;50
TE388;08.01.2024;2;1.0;71;51;57;51;14;52
TE388;08.01.2024;3;1.0;65;50;54;50;11;50
TE388;08.01.2024;4;1.0;114;50;96;50;18;48
TE388;08.01.2024;5;1.0;265;46;249;46;16;47
TE388;08.01.2024;6;1.0;429;47;417;47;12;48
TE388;08.01.2024;7;1.0;571;45;543;45;28;44
TE388;08.01.2024;8;1.0;614;42;580;42;34;42
TE388;08.01.2024;9;1.0;593;44;572;44;21;44
TE388;08.01.2024;10;1.0;508;43;481;43;27;43
TE388;08.01.2024;11;1.0;433;44;417;44;16;44
TE388;08.01.2024;12;1.0;484;43;453;43;31;43
TE388;08.01.2024;13;1.0;529;44;510;44;19;44
TE388;08.01.2024;14;1.0;585;46;562;46;23;45
TE388;08.01.2024;15;1.0;562;43;547;43;15;43
TE388;08.01.2024;16;1.0;545;44;534;44;11;43
TE388;08.01.2024;17;1.0;558;43;546;43;12;43
TE388;08.01.2024;18;1.0;513;42;497;42;16;41
TE388;08.01.2024;19;1.0;459;43;446;43;13;43
TE388;08.01.2024;20;1.0;312;45;301;45;11;43
TE388;08.01.2024;21;1.0;338;44;322;44;16;44
TE388;08.01.2024;22;1.0;267;45;259;45;8;44
TE388;08.01.2024;23;1.0;183;47;175;47;8;44
TE388;09.01.2024;0;1.0;133;52;128;52;5;49
TE388;09.01.2024;1;1.0;72;48;66;48;6;52
TE388;09.01.2024;2;1.0;73;52;66;51;7;52
TE388;09.01.2024;3;1.0;73;51;63;50;10;53
TE388;09.01.2024;4;1.0;100;50;94;51;6;50
TE388;09.01.2024;5;1.0;250;52;232;51;18;52
TE388;09.01.2024;6;1.0;455;46;437;46;18;46
TE388;09.01.2024;7;1.0;593;45;563;45;30;44
TE388;09.01.2024;8;1.0;612;44;596;44;16;44
TE388;09.01.2024;9;1.0;695;43;663;43;32;43
TE388;09.01.2024;10;1.0;574;44;556;44;18;43
TE388;09.01.2024;11;1.0;526;45;506;45;20;43
TE388;09.01.2024;12;1.0;545;44;513;44;32;44
TE388;09.01.2024;13;1.0;597;43;561;43;36;43
TE388;09.01.2024;14;1.0;635;44;616;44;19;42
TE388;09.01.2024;15;1.0;705;43;686;43;19;43
TE388;09.01.2024;16;1.0;628;43;611;43;17;43
TE388;09.01.2024;17;1.0;538;43;527;43;11;43
TE388;09.01.2024;18;1.0;581;39;569;39;13;38
TE388;09.01.2024;19;1.0;500;44;484;44;16;44
TE388;09.01.2024;20;1.0;378;45;363;45;15;47
TE388;09.01.2024;21;1.0;341;46;329;46;12;44
TE388;09.01.2024;22;1.0;334;47;328;47;6;46
TE388;09.01.2024;23;1.0;174;48;167;48;7;46
TE388;10.01.2024;0;1.0;137;50;129;50;8;46
TE388;10.01.2024;1;1.0;67;50;62;50;5;47
TE388;10.01.2024;2;1.0;76;51;72;52;4;50
TE388;10.01.2024;3;1.0;75;50;68;49;7;52
TE388;10.01.2024;4;1.0;120;50;112;50;8;49
TE388;10.01.2024;5;1.0;277;51;268;51;9;51
TE388;10.01.2024;6;1.0;526;47;497;47;29;46
TE388;10.01.2024;7;1.0;648;44;621;44;27;43
TE388;10.01.2024;8;1.0;748;43;717;43;31;44
TE388;10.01.2024;9;1.0;746;43;724;43;22;44
TE388;10.01.2024;10;1.0;598;43;573;43;25;44
TE388;10.01.2024;11;1.0;566;44;538;44;28;43
TE388;10.01.2024;12;1.0;629;38;604;38;27;37
TE388;10.01.2024;13;1.0;610;38;578;38;33;38
TE388;10.01.2024;14;1.0;705;43;684;43;21;43
TE388;10.01.2024;15;1.0;706;43;675;43;31;44
TE388;10.01.2024;16;1.0;698;43;683;43;15;42
TE388;10.01.2024;17;1.0;674;40;653;40;21;37
TE388;10.01.2024;18;1.0;654;41;641;41;13;41
TE388;10.01.2024;19;1.0;621;43;604;43;17;42
TE388;10.01.2024;20;1.0;452;41;439;42;13;41
TE388;10.01.2024;21;1.0;370;43;359;43;11;42
TE388;10.01.2024;22;1.0;370;48;363;48;7;45
TE388;10.01.2024;23;1.0;270;47;261;47;9;46
TE388;11.01.2024;0;1.0;169;49;164;49;5;50
TE388;11.01.2024;1;1.0;80;52;74;52;6;52
TE388;11.01.2024;2;1.0;72;54;68;53;4;56
TE388;11.01.2024;3;1.0;79;53;73;54;6;44
TE388;11.01.2024;4;1.0;122;52;110;52;12;53
TE388;11.01.2024;5;1.0;246;55;236;55;10;52
TE388;11.01.2024;6;1.0;463;52;449;52;14;51
TE388;11.01.2024;7;1.0;595;44;584;44;11;44
TE388;11.01.2024;8;1.0;675;43;666;43;9;48
TE388;11.01.2024;9;1.0;755;45;742;45;13;44
TE388;11.01.2024;10;1.0;641;47;619;47;22;46
TE388;11.01.2024;11;1.0;574;47;557;47;17;48
TE388;11.01.2024;12;1.0;613;47;594;47;19;46
TE388;11.01.2024;13;1.0;647;48;633;48;14;47
TE388;11.01.2024;14;1.0;640;47;624;47;16;48
TE388;11.01.2024;15;1.0;727;47;712;47;15;47
TE388;11.01.2024;16;1.0;715;46;706;46;9;45
TE388;11.01.2024;17;1.0;645;45;640;45;5;46
TE388;11.01.2024;18;1.0;626;46;618;46;8;45
TE388;11.01.2024;19;1.0;620;46;608;46;12;46
TE388;11.01.2024;20;1.0;468;47;454;47;14;48
TE388;11.01.2024;21;1.0;396;49;381;49;15;49
TE388;11.01.2024;22;1.0;355;50;341;50;14;51
TE388;11.01.2024;23;1.0;327;53;317;53;10;53
TE388;12.01.2024;0;1.0;166;54;158;54;8;52
TE388;12.01.2024;1;1.0;126;51;122;52;3;45
TE388;12.01.2024;2;1.0;105;54;100;54;5;50
TE388;12.01.2024;3;1.0;80;54;76;54;4;58
TE388;12.01.2024;4;1.0;114;54;110;54;4;49
TE388;12.01.2024;5;1.0;229;56;219;55;10;56
TE388;12.01.2024;6;1.0;435;50;424;50;11;51
TE388;12.01.2024;7;1.0;530;48;511;48;19;48
TE388;12.01.2024;8;1.0;604;46;583;46;21;45
TE388;12.01.2024;9;1.0;636;48;614;49;22;47
TE388;12.01.2024;10;1.0;561;49;550;49;11;46
TE388;12.01.2024;11;1.0;533;47;519;47;14;44
TE388;12.01.2024;12;1.0;620;48;602;48;18;48
TE388;12.01.2024;13;1.0;654;45;639;45;15;47
TE388;12.01.2024;14;1.0;632;48;613;48;19;47
TE388;12.01.2024;15;1.0;666;47;653;47;13;48
TE388;12.01.2024;16;1.0;632;47;623;47;9;47
TE388;12.01.2024;17;1.0;596;47;584;47;12;48
TE388;12.01.2024;18;1.0;680;46;672;46;8;44
TE388;12.01.2024;19;1.0;560;44;552;44;8;44
TE388;12.01.2024;20;1.0;452;49;442;49;10;49
TE388;12.01.2024;21;1.0;408;50;396;50;12;50
TE388;12.01.2024;22;1.0;472;51;461;51;11;50
TE388;12.01.2024;23;1.0;409;53;385;52;24;54
TE388;13.01.2024;0;1.0;317;53;304;52;13;54
TE388;13.01.2024;1;1.0;235;53;230;53;5;51
TE388;13.01.2024;2;1.0;145;53;139;53;6;51
TE388;13.01.2024;3;1.0;151;56;144;56;7;54
TE388;13.01.2024;4;1.0;118;57;113;57;5;53
TE388;13.01.2024;5;1.0;131;54;125;54;6;54
TE388;13.01.2024;6;1.0;138;53;132;53;6;51
TE388;13.01.2024;7;1.0;159;50;154;50;5;47
TE388;13.01.2024;8;1.0;269;53;258;53;11;50
TE388;13.01.2024;9;1.0;354;52;345;52;9;50
TE388;13.01.2024;10;1.0;404;50;398;50;6;50
TE388;13.01.2024;11;1.0;450;50;435;50;15;49
TE388;13.01.2024;12;1.0;503;48;493;48;10;48
TE388;13.01.2024;13;1.0;595;47;584;47;11;47
TE388;13.01.2024;14;1.0;621;48;610;48;11;48
TE388;13.01.2024;15;1.0;569;48;563;48;6;48
TE388;13.01.2024;16;1.0;625;45;618;45;7;42
TE388;13.01.2024;17;1.0;623;46;616;46;7;46
TE388;13.01.2024;18;1.0;543;47;534;47;9;47
TE388;13.01.2024;19;1.0;583;47;576;47;7;47
TE388;13.01.2024;20;1.0;517;47;504;47;13;46
TE388;13.01.2024;21;1.0;456;49;441;49;15;45
TE388;13.01.2024;22;1.0;426;49;419;49;7;47
TE388;13.01.2024;23;1.0;388;51;384;51;4;52
TE388;14.01.2024;0;1.0;342;53;337;53;5;53
TE388;14.01.2024;1;1.0;255;55;253;55;2;52
TE388;14.01.2024;2;1.0;196;54;195;54;1;57
TE388;14.01.2024;3;1.0;170;54;168;54;2;50
TE388;14.01.2024;4;1.0;114;53;111;53;3;49
TE388;14.01.2024;5;1.0;123;54;119;54;4;53
TE388;14.01.2024;6;1.0;108;56;103;56;5;56
TE388;14.01.2024;7;1.0;91;54;88;54;3;55
TE388;14.01.2024;8;1.0;150;53;143;53;7;50
TE388;14.01.2024;9;1.0;264;51;256;51;8;52
TE388;14.01.2024;10;1.0;320;50;319;50;1;56
TE388;14.01.2024;11;1.0;432;49;424;49;8;50
TE388;14.01.2024;12;1.0;447;49;443;49;4;46
TE388;14.01.2024;13;1.0;533;46;519;46;14;47
TE388;14.01.2024;14;1.0;529;46;517;46;12;46
TE388;14.01.2024;15;1.0;503;47;494;47;9;48
TE388;14.01.2024;16;1.0;450;46;445;46;5;45
TE388;14.01.2024;17;1.0;480;47;475;47;5;47
TE388;14.01.2024;18;1.0;471;48;463;48;8;48
TE388;14.01.2024;19;1.0;376;50;368;50;8;50
TE388;14.01.2024;20;1.0;357;51;347;51;10;50
TE388;14.01.2024;21;1.0;320;51;314;51;6;51
TE388;14.01.2024;22;1.0;251;53;248;53;3;52
TE388;14.01.2024;23;1.0;205;54;198;54;7;53
TE388;15.01.2024;0;1.0;129;55;122;54;7;53
TE388;15.01.2024;1;1.0;69;56;66;56;3;53
TE388;15.01.2024;2;1.0;80;54;76;54;4;51
TE388;15.01.2024;3;1.0;76;50;74;50;2;47
TE388;15.01.2024;4;1.0;107;52;101;52;6;49
TE388;15.01.2024;5;1.0;264;51;256;51;8;51
TE388;15.01.2024;6;1.0;475;49;455;49;20;49
TE388;15.01.2024;7;1.0;650;46;617;46;33;46
TE388;15.01.2024;8;1.0;746;44;721;44;25;42
TE388;15.01.2024;9;1.0;695;45;671;45;24;44
TE388;15.01.2024;10;1.0;634;42;616;42;19;38
TE388;15.01.2024;11;1.0;523;49;499;49;24;49
TE388;15.01.2024;12;1.0;548;48;529;48;19;48
TE388;15.01.2024;13;1.0;568;47;553;47;15;46
TE388;15.01.2024;14;1.0;641;47;633;47;8;46
TE388;15.01.2024;15;1.0;630;48;616;48;14;48
TE388;15.01.2024;16;1.0;578;47;568;46;10;48
TE388;15.01.2024;17;1.0;567;43;558;43;8;44
TE388;15.01.2024;18;1.0;517;47;500;47;17;47
TE388;15.01.2024;19;1.0;461;49;447;49;14;50
TE388;15.01.2024;20;1.0;342;49;331;49;11;47
TE388;15.01.2024;21;1.0;348;45;343;45;5;50
TE388;15.01.2024;22;1.0;311;50;307;51;4;48
TE388;15.01.2024;23;1.0;205;54;196;54;9;53
TE388;16.01.2024;0;1.0;138;57;129;58;9;57
TE388;16.01.2024;1;1.0;79;53;77;53;2;61
TE388;16.01.2024;2;1.0;74;42;71;42;3;53
TE388;16.01.2024;3;1.0;112;47;98;47;14;45
TE388;16.01.2024;4;1.0;125;43;113;43;13;45
TE388;16.01.2024;5;1.0;300;49;293;49;7;47
TE388;16.01.2024;6;1.0;478;45;465;45;13;43
TE388;16.01.2024;7;1.0;579;44;563;44;16;42
TE388;16.01.2024;8;1.0;656;46;640;46;16;44
TE388;16.01.2024;9;1.0;663;43;648;43;15;43
TE388;16.01.2024;10;1.0;737;47;725;47;12;44
TE388;16.01.2024;11;1.0;571;47;549;47;22;47
TE388;16.01.2024;12;1.0;589;49;570;49;19;48
TE388;16.01.2024;13;1.0;570;48;556;48;14;46
TE388;16.01.2024;14;1.0;603;50;591;50;12;50
TE388;16.01.2024;15;1.0;724;48;706;48;18;46
TE388;16.01.2024;16;1.0;650;46;633;46;17;46
TE388;16.01.2024;17;1.0;662;44;648;44;14;44
TE388;16.01.2024;18;1.0;627;46;616;46;11;45
TE388;16.01.2024;19;1.0;554;47;541;47;13;47
TE388;16.01.2024;20;1.0;409;49;399;49;10;49
TE388;16.01.2024;21;1.0;378;51;370;51;8;50
TE388;16.01.2024;22;1.0;321;49;308;49;13;49
TE388;16.01.2024;23;1.0;199;50;187;50;12;51
TE388;17.01.2024;0;1.0;149;50;143;50;6;46
TE388;17.01.2024;1;1.0;89;50;79;50;10;47
TE388;17.01.2024;2;1.0;75;49;70;48;5;54
TE388;17.01.2024;3;1.0;63;47;57;48;6;45
TE388;17.01.2024;4;1.0;112;50;101;50;11;50
TE388;17.01.2024;5;1.0;226;50;217;50;9;52
TE388;17.01.2024;6;1.0;432;46;416;46;16;47
TE388;17.01.2024;7;1.0;592;44;576;44;16;44
TE388;17.01.2024;8;1.0;706;44;668;44;38;44
TE388;17.01.2024;9;1.0;718;45;697;45;21;44
TE388;17.01.2024;10;1.0;591;45;569;45;22;45
TE388;17.01.2024;11;1.0;598;46;576;46;22;45
TE388;17.01.2024;12;1.0;580;45;553;45;27;45
TE388;17.01.2024;13;1.0;582;46;561;45;21;46
TE388;17.01.2024;14;1.0;699;47;681;47;18;48
TE388;17.01.2024;15;1.0;709;46;692;46;17;48
TE388;17.01.2024;16;1.0;693;47;681;47;12;46
TE388;17.01.2024;17;1.0;632;47;622;47;10;46
TE388;17.01.2024;18;1.0;547;47;538;47;9;47
TE388;17.01.2024;19;1.0;510;48;504;48;6;46
TE388;17.01.2024;20;1.0;406;49;394;49;12;48
TE388;17.01.2024;21;1.0;380;50;370;50;10;49
TE388;17.01.2024;22;1.0;332;53;325;53;7;53
TE388;17.01.2024;23;1.0;209;50;206;50;3;48
TE388;18.01.2024;0;1.0;163;52;158;52;5;52
TE388;18.01.2024;1;1.0;98;53;92;54;6;48
TE388;18.01.2024;2;1.0;78;54;72;54;6;52
TE388;18.01.2024;3;1.0;93;55;91;55;2;60
TE388;18.01.2024;4;1.0;107;55;101;55;6;54
TE388;18.01.2024;5;1.0;230;54;217;54;13;56
TE388;18.01.2024;6;1.0;436;48;417;48;19;49
TE388;18.01.2024;7;1.0;552;47;533;47;19;47
TE388;18.01.2024;8;1.0;701;45;672;45;29;45
TE388;18.01.2024;9;1.0;701;45;675;45;26;46
TE388;18.01.2024;10;1.0;576;47;551;47;25;48
TE388;18.01.2024;11;1.0;526;45;503;45;23;45
TE388;18.01.2024;12;1.0;575;44;545;44;30;41
TE388;18.01.2024;13;1.0;598;44;582;44;16;45
TE388;18.01.2024;14;1.0;647;44;623;44;24;43
TE388;18.01.2024;15;1.0;654;45;632;45;22;43
TE388;18.01.2024;16;1.0;656;41;642;41;13;43
TE388;18.01.2024;17;1.0;603;43;584;43;19;43
TE388;18.01.2024;18;1.0;630;41;615;41;15;41
TE388;18.01.2024;19;1.0;591;43;584;43;7;43
TE388;18.01.2024;20;1.0;423;45;407;45;16;45
TE388;18.01.2024;21;1.0;436;46;420;46;16;46
TE388;18.01.2024;22;1.0;408;46;394;46;14;45
TE388;18.01.2024;23;1.0;335;46;328;46;7;48
TE388;19.01.2024;0;1.0;174;50;164;50;10;51
TE388;19.01.2024;1;1.0;121;49;118;49;3;50
TE388;19.01.2024;2;1.0;77;52;72;53;5;49
TE388;19.01.2024;3;1.0;87;50;83;51;4;48
TE388;19.01.2024;4;1.0;116;49;107;49;9;50
TE388;19.01.2024;5;1.0;246;50;232;50;14;49
TE388;19.01.2024;6;1.0;434;45;411;45;23;45
TE388;19.01.2024;7;1.0;539;43;511;43;28;44
TE388;19.01.2024;8;1.0;696;43;665;43;31;43
TE388;19.01.2024;9;1.0;581;44;557;44;24;45
TE388;19.01.2024;10;1.0;584;44;552;44;32;45
TE388;19.01.2024;11;1.0;557;44;522;44;35;44
TE388;19.01.2024;12;1.0;598;44;566;44;32;43
TE388;19.01.2024;13;1.0;681;44;659;44;22;43
TE388;19.01.2024;14;1.0;592;45;579;45;13;44
TE388;19.01.2024;15;1.0;703;46;679;46;24;46
TE388;19.01.2024;16;1.0;688;45;666;45;22;44
TE388;19.01.2024;17;1.0;619;45;603;45;16;44
TE388;19.01.2024;18;1.0;606;47;594;47;12;48
TE388;19.01.2024;19;1.0;633;44;619;44;14;44
TE388;19.01.2024;20;1.0;512;46;502;46;10;46
TE388;19.01.2024;21;1.0;466;46;451;46;15;45
TE388;19.01.2024;22;1.0;442;46;434;46;8;48
TE388;19.01.2024;23;1.0;369;46;360;46;9;46
TE388;20.01.2024;0;1.0;370;46;362;46;8;48
TE388;20.01.2024;1;1.0;218;50;216;50;2;46
TE388;20.01.2024;2;1.0;166;48;162;48;4;44
TE388;20.01.2024;3;1.0;124;49;115;49;9;51
TE388;20.01.2024;4;1.0;121;51;110;51;11;51
TE388;20.01.2024;5;1.0;151;51;143;52;8;47
TE388;20.01.2024;6;1.0;164;51;150;51;14;49
TE388;20.01.2024;7;1.0;172;48;160;48;12;48
TE388;20.01.2024;8;1.0;275;49;254;49;21;48
TE388;20.01.2024;9;1.0;352;48;338;48;14;48
TE388;20.01.2024;10;1.0;442;49;426;49;16;48
TE388;20.01.2024;11;1.0;534;47;499;47;35;46
TE388;20.01.2024;12;1.0;647;47;628;47;19;46
TE388;20.01.2024;13;1.0;730;44;708;44;22;44
TE388;20.01.2024;14;1.0;699;44;672;44;27;43
TE388;20.01.2024;15;1.0;714;47;700;47;14;44
TE388;20.01.2024;16;1.0;616;44;599;44;17;43
TE388;20.01.2024;17;1.0;571;43;555;43;16;44
TE388;20.01.2024;18;1.0;553;44;544;44;9;44
TE388;20.01.2024;19;1.0;576;46;559;46;17;46
TE388;20.01.2024;20;1.0;474;45;461;45;13;46
TE388;20.01.2024;21;1.0;440;46;429;46;11;45
TE388;20.01.2024;22;1.0;466;46;460;46;6;47
TE388;20.01.2024;23;1.0;430;47;422;47;8;48
TE388;21.01.2024;0;1.0;353;47;347;47;6;49
TE388;21.01.2024;1;1.0;264;49;262;49;2;52
TE388;21.01.2024;2;1.0;203;53;200;53;3;52
TE388;21.01.2024;3;1.0;165;53;161;53;4;51
TE388;21.01.2024;4;1.0;134;54;132;54;2;52
TE388;21.01.2024;5;1.0;142;56;140;56;2;52
TE388;21.01.2024;6;1.0;124;55;116;55;8;58
TE388;21.01.2024;7;1.0;115;51;106;51;9;50
TE388;21.01.2024;8;1.0;198;52;189;52;9;56
TE388;21.01.2024;9;1.0;245;50;234;50;11;52
TE388;21.01.2024;10;1.0;357;48;339;48;18;48
TE388;21.01.2024;11;1.0;414;49;404;50;10;47
TE388;21.01.2024;12;1.0;452;45;443;45;9;45
TE388;21.01.2024;13;1.0;530;45;518;45;12;44
TE388;21.01.2024;14;1.0;548;45;536;45;12;47
TE388;21.01.2024;15;1.0;517;46;502;46;15;45
TE388;21.01.2024;16;1.0;569;45;556;45;13;45
TE388;21.01.2024;17;1.0;497;44;489;44;8;42
TE388;21.01.2024;18;1.0;472;47;464;47;8;44
TE388;21.01.2024;19;1.0;473;47;463;47;10;48
TE388;21.01.2024;20;1.0;357;46;352;46;5;48
TE388;21.01.2024;21;1.0;363;48;355;48;8;48
TE388;21.01.2024;22;1.0;280;48;271;48;9;46
TE388;21.01.2024;23;1.0;251;49;239;49;12;47
TE388;22.01.2024;0;1.0;118;50;112;50;6;52
TE388;22.01.2024;1;1.0;78;48;70;48;8;46
TE388;22.01.2024;2;1.0;65;48;58;49;7;47
TE388;22.01.2024;3;1.0;65;50;56;51;9;50
TE388;22.01.2024;4;1.0;85;51;70;51;15;51
TE388;22.01.2024;5;1.0;247;52;234;52;13;51
TE388;22.01.2024;6;1.0;469;49;422;49;47;50
TE388;22.01.2024;7;1.0;565;47;528;47;37;46
TE388;22.01.2024;8;1.0;655;46;603;46;52;46
TE388;22.01.2024;9;1.0;708;45;671;45;37;43
TE388;22.01.2024;10;1.0;609;44;578;44;31;44
TE388;22.01.2024;11;1.0;578;45;526;46;52;45
TE388;22.01.2024;12;1.0;571;46;523;46;48;46
TE388;22.01.2024;13;1.0;585;46;550;46;35;46
TE388;22.01.2024;14;1.0;601;48;559;48;42;48
TE388;22.01.2024;15;1.0;673;46;630;46;43;46
TE388;22.01.2024;16;1.0;638;45;620;45;18;46
TE388;22.01.2024;17;1.0;622;46;606;46;16;46
TE388;22.01.2024;18;1.0;589;45;573;45;16;46
TE388;22.01.2024;19;1.0;456;46;443;46;13;46
TE388;22.01.2024;20;1.0;435;46;418;46;17;46
TE388;22.01.2024;21;1.0;327;48;317;48;10;49
TE388;22.01.2024;22;1.0;308;48;299;48;9;47
TE388;22.01.2024;23;1.0;207;48;197;48;10;47
TE388;23.01.2024;0;1.0;139;47;133;47;6;47
TE388;23.01.2024;1;1.0;71;52;60;52;11;51
TE391;15.01.2024;8;1.0;0;-1;0;-1;0;-1
TE391;18.01.2024;16;1.0;0;-1;0;-1;0;-1
TE391;24.01.2024;9;1.0;0;-1;0;-1;0;-1
TE391;24.01.2024;10;1.0;18;7;13;8;5;6
TE391;24.01.2024;11;1.0;8;6;8;6;0;-1
TE391;24.01.2024;12;1.0;0;-1;0;-1;0;-1
TE391;24.01.2024;13;1.0;0;-1;0;-1;0;-1
TE391;24.01.2024;14;1.0;0;-1;0;-1;0;-1
TE391;24.01.2024;15;1.0;3;5;3;5;0;-1
TE391;24.01.2024;16;1.0;0;-1;0;-1;0;-1
TE391;24.01.2024;17;1.0;0;-1;0;-1;0;-1
TE391;24.01.2024;18;1.0;0;-1;0;-1;0;-1
TE391;24.01.2024;19;1.0;0;-1;0;-1;0;-1
TE391;24.01.2024;20;1.0;0;-1;0;-1;0;-1
TE391;24.01.2024;21;1.0;0;-1;0;-1;0;-1
TE391;24.01.2024;22;1.0;0;-1;0;-1;0;-1
TE391;24.01.2024;23;1.0;0;-1;0;-1;0;-1
TE391;25.01.2024;0;1.0;0;-1;0;-1;0;-1
TE391;25.01.2024;1;1.0;0;-1;0;-1;0;-1
TE391;25.01.2024;2;1.0;0;-1;0;-1;0;-1
TE391;25.01.2024;3;1.0;0;-1;0;-1;0;-1
TE391;25.01.2024;4;1.0;0;-1;0;-1;0;-1
TE391;25.01.2024;5;1.0;0;-1;0;-1;0;-1
TE391;25.01.2024;6;1.0;0;-1;0;-1;0;-1
TE391;25.01.2024;7;1.0;15;5;15;5;0;-1
TE391;25.01.2024;8;1.0;4;7;2;3;2;10
TE391;25.01.2024;9;1.0;2;3;2;3;0;-1
TE391;25.01.2024;10;1.0;2;9;2;9;0;-1
TE391;25.01.2024;11;1.0;4;9;4;9;0;-1
TE391;25.01.2024;12;1.0;0;-1;0;-1;0;-1
TE391;25.01.2024;13;1.0;5;5;4;4;1;9
TE391;25.01.2024;14;1.0;8;11;7;10;1;15
TE391;25.01.2024;15;1.0;0;-1;0;-1;0;-1
TE391;25.01.2024;16;1.0;0;-1;0;-1;0;-1
TE391;25.01.2024;17;1.0;0;-1;0;-1;0;-1
TE391;25.01.2024;18;1.0;0;-1;0;-1;0;-1
TE391;25.01.2024;19;1.0;0;-1;0;-1;0;-1
TE391;25.01.2024;20;1.0;0;-1;0;-1;0;-1
TE391;25.01.2024;21;1.0;0;-1;0;-1;0;-1
TE391;25.01.2024;22;1.0;0;-1;0;-1;0;-1
TE391;25.01.2024;23;1.0;0;-1;0;-1;0;-1
TE391;26.01.2024;0;1.0;0;-1;0;-1;0;-1
TE391;26.01.2024;1;1.0;0;-1;0;-1;0;-1
TE391;26.01.2024;2;1.0;0;-1;0;-1;0;-1
TE391;26.01.2024;3;1.0;0;-1;0;-1;0;-1
TE391;26.01.2024;4;1.0;0;-1;0;-1;0;-1
TE391;26.01.2024;5;1.0;0;-1;0;-1;0;-1
TE391;26.01.2024;6;1.0;0;-1;0;-1;0;-1
TE391;26.01.2024;7;1.0;10;12;10;12;0;-1
TE391;26.01.2024;8;1.0;0;-1;0;-1;0;-1
TE391;26.01.2024;9;1.0;0;-1;0;-1;0;-1
TE391;26.01.2024;10;1.0;6;10;6;10;0;-1
TE391;26.01.2024;11;1.0;2;12;1;16;1;9
TE391;26.01.2024;12;1.0;8;10;8;10;0;-1
TE391;29.01.2024;11;1.0;19;8;19;8;0;-1
TE391;29.01.2024;12;1.0;35;6;30;5;5;8
TE391;29.01.2024;13;1.0;3;5;3;5;0;-1
TE391;29.01.2024;14;1.0;28;9;24;8;4;10
TE391;29.01.2024;15;1.0;27;6;23;6;4;10
TE391;29.01.2024;16;1.0;0;-1;0;-1;0;-1
TE391;29.01.2024;17;1.0;0;-1;0;-1;0;-1
TE391;29.01.2024;18;1.0;0;-1;0;-1;0;-1
TE391;29.01.2024;19;1.0;0;-1;0;-1;0;-1
TE391;29.01.2024;20;1.0;0;-1;0;-1;0;-1
TE391;29.01.2024;21;1.0;0;-1;0;-1;0;-1
TE391;29.01.2024;22;1.0;0;-1;0;-1;0;-1
TE391;29.01.2024;23;1.0;0;-1;0;-1;0;-1
TE391;30.01.2024;0;1.0;0;-1;0;-1;0;-1
TE391;30.01.2024;1;1.0;0;-1;0;-1;0;-1
TE391;30.01.2024;2;1.0;0;-1;0;-1;0;-1
TE391;30.01.2024;3;1.0;0;-1;0;-1;0;-1
TE391;30.01.2024;4;1.0;0;-1;0;-1;0;-1
TE391;30.01.2024;5;1.0;0;-1;0;-1;0;-1
TE391;30.01.2024;6;1.0;1;3;1;3;0;-1
TE391;30.01.2024;7;1.0;23;7;21;7;2;9
TE391;30.01.2024;8;1.0;11;5;11;5;0;-1
TE391;30.01.2024;9;1.0;1;8;1;8;0;-1
TE391;30.01.2024;10;1.0;4;13;3;12;1;15
TE391;30.01.2024;11;1.0;7;8;7;8;0;-1
TE391;30.01.2024;12;1.0;2;8;2;8;0;-1
TE391;30.01.2024;13;1.0;0;-1;0;-1;0;-1
TE391;30.01.2024;14;1.0;5;10;5;10;0;-1
TE391;30.01.2024;15;1.0;0;-1;0;-1;0;-1
TE391;30.01.2024;16;1.0;0;-1;0;-1;0;-1
TE391;30.01.2024;17;1.0;0;-1;0;-1;0;-1
TE391;30.01.2024;18;1.0;0;-1;0;-1;0;-1
TE391;30.01.2024;19;1.0;0;-1;0;-1;0;-1
TE391;30.01.2024;20;1.0;0;-1;0;-1;0;-1
TE391;30.01.2024;21;1.0;0;-1;0;-1;0;-1
TE391;30.01.2024;22;1.0;0;-1;0;-1;0;-1
TE391;30.01.2024;23;1.0;0;-1;0;-1;0;-1
TE391;31.01.2024;0;1.0;0;-1;0;-1;0;-1
TE391;31.01.2024;1;1.0;0;-1;0;-1;0;-1
TE391;31.01.2024;2;1.0;0;-1;0;-1;0;-1
TE391;31.01.2024;3;1.0;0;-1;0;-1;0;-1
TE391;31.01.2024;4;1.0;0;-1;0;-1;0;-1
TE391;31.01.2024;5;1.0;0;-1;0;-1;0;-1
TE391;31.01.2024;6;1.0;0;-1;0;-1;0;-1
TE391;31.01.2024;13;1.0;9;13;8;13;1;13
TE391;31.01.2024;14;1.0;11;6;11;6;0;-1
TE391;31.01.2024;15;1.0;0;-1;0;-1;0;-1
TE391;31.01.2024;16;1.0;0;-1;0;-1;0;-1
TE391;31.01.2024;17;1.0;0;-1;0;-1;0;-1
TE391;31.01.2024;18;1.0;0;-1;0;-1;0;-1
TE391;31.01.2024;19;1.0;0;-1;0;-1;0;-1
TE391;31.01.2024;20;1.0;0;-1;0;-1;0;-1
TE391;31.01.2024;21;1.0;0;-1;0;-1;0;-1
TE391;31.01.2024;22;1.0;0;-1;0;-1;0;-1
TE391;31.01.2024;23;1.0;0;-1;0;-1;0;-1
TE392;01.01.2024;0;1.0;333;45;329;45;4;46
TE392;01.01.2024;1;1.0;550;45;546;45;4;45
TE392;01.01.2024;2;1.0;510;44;509;44;1;43
TE392;01.01.2024;3;1.0;436;45;436;45;0;-1
TE392;01.01.2024;4;1.0;398;47;396;47;2;46
TE392;01.01.2024;5;1.0;376;46;371;46;5;46
TE392;01.01.2024;6;1.0;353;48;351;48;2;44
TE392;01.01.2024;7;1.0;276;51;274;51;2;44
TE392;01.01.2024;8;1.0;271;49;271;49;0;-1
TE392;01.01.2024;9;1.0;252;50;250;50;2;46
TE392;01.01.2024;10;1.0;316;50;314;50;2;46
TE392;01.01.2024;11;1.0;345;51;344;51;1;42
TE392;01.01.2024;12;1.0;431;46;429;46;2;43
TE392;01.01.2024;13;1.0;470;46;466;46;4;47
TE392;01.01.2024;14;1.0;457;44;454;44;3;46
TE392;01.01.2024;15;1.0;478;44;474;44;4;45
TE392;01.01.2024;16;1.0;432;45;430;45;2;48
TE392;01.01.2024;17;1.0;428;44;425;44;3;43
TE392;01.01.2024;18;1.0;420;46;414;46;6;45
TE392;01.01.2024;19;1.0;382;48;377;48;5;42
TE392;01.01.2024;20;1.0;344;47;344;47;0;-1
TE392;01.01.2024;21;1.0;288;47;286;47;2;46
TE392;01.01.2024;22;1.0;220;49;220;49;0;-1
TE392;01.01.2024;23;1.0;210;48;207;48;3;51
TE392;02.01.2024;0;1.0;171;50;167;50;4;48
TE392;02.01.2024;1;1.0;124;49;124;49;0;-1
TE392;02.01.2024;2;1.0;97;46;97;46;0;-1
TE392;02.01.2024;3;1.0;120;45;116;45;4;47
TE392;02.01.2024;4;1.0;130;47;128;47;2;46
TE392;02.01.2024;5;1.0;246;45;243;45;3;47
TE392;02.01.2024;6;1.0;395;46;390;46;5;48
TE392;02.01.2024;7;1.0;430;48;420;48;10;47
TE392;02.01.2024;8;1.0;437;50;427;50;10;51
TE392;02.01.2024;9;1.0;445;49;441;49;4;51
TE392;02.01.2024;10;1.0;481;48;473;48;8;45
TE392;02.01.2024;11;1.0;489;47;478;47;11;46
TE392;02.01.2024;12;1.0;567;45;560;45;7;44
TE392;02.01.2024;13;1.0;572;47;562;47;10;45
TE392;02.01.2024;14;1.0;570;47;567;47;3;45
TE392;02.01.2024;15;1.0;681;46;672;46;9;46
TE392;02.01.2024;16;1.0;645;47;641;47;4;46
TE392;02.01.2024;17;1.0;596;46;589;46;7;47
TE392;02.01.2024;18;1.0;578;46;575;46;3;44
TE392;02.01.2024;19;1.0;452;49;450;49;2;48
TE392;02.01.2024;20;1.0;400;48;399;48;1;47
TE392;02.01.2024;21;1.0;329;48;328;48;1;46
TE392;03.01.2024;1;1.0;95;49;95;49;0;-1
TE392;03.01.2024;2;1.0;79;49;77;49;2;43
TE392;03.01.2024;3;1.0;87;51;86;51;1;41
TE392;03.01.2024;4;1.0;103;49;102;50;1;48
TE392;03.01.2024;5;1.0;214;47;212;47;2;48
TE392;03.01.2024;6;1.0;393;48;384;48;9;50
TE392;03.01.2024;7;1.0;426;48;420;47;6;49
TE392;03.01.2024;8;1.0;453;47;438;47;15;49
TE392;03.01.2024;9;1.0;484;44;467;44;17;45
TE392;03.01.2024;10;1.0;524;45;507;45;17;45
TE392;03.01.2024;11;1.0;588;45;569;45;19;45
TE392;03.01.2024;12;1.0;596;41;566;41;29;42
TE392;03.01.2024;13;1.0;589;44;566;44;23;44
TE392;03.01.2024;14;1.0;674;44;656;44;18;44
TE392;03.01.2024;15;1.0;702;42;686;42;16;43
TE392;03.01.2024;16;1.0;678;43;667;43;11;43
TE392;03.01.2024;17;1.0;655;44;647;44;8;45
TE392;03.01.2024;18;1.0;534;44;526;44;8;44
TE392;03.01.2024;19;1.0;491;46;481;46;10;48
TE392;03.01.2024;20;1.0;381;45;376;45;5;43
TE392;03.01.2024;21;1.0;354;45;347;45;7;44
TE392;03.01.2024;22;1.0;287;43;286;43;1;48
TE392;03.01.2024;23;1.0;212;48;211;49;1;42
TE392;04.01.2024;0;1.0;118;46;115;46;3;50
TE392;04.01.2024;1;1.0;92;49;92;49;0;-1
TE392;04.01.2024;2;1.0;71;45;67;45;3;51
TE392;04.01.2024;3;1.0;84;50;82;50;2;53
TE392;04.01.2024;4;1.0;122;52;121;52;1;51
TE392;04.01.2024;5;1.0;209;51;209;51;0;-1
TE392;04.01.2024;6;1.0;370;48;363;48;6;50
TE392;04.01.2024;7;1.0;431;48;424;48;7;51
TE392;04.01.2024;8;1.0;455;49;446;49;9;50
TE392;04.01.2024;9;1.0;555;47;539;47;16;46
TE392;04.01.2024;10;1.0;518;45;495;45;23;45
TE392;04.01.2024;11;1.0;573;45;549;45;24;44
TE392;04.01.2024;12;1.0;542;48;529;48;13;47
TE392;04.01.2024;13;1.0;609;41;586;41;24;40
TE392;04.01.2024;14;1.0;656;44;646;44;10;43
TE392;04.01.2024;15;1.0;721;45;710;45;11;43
TE392;04.01.2024;16;1.0;672;44;659;44;13;42
TE392;04.01.2024;17;1.0;662;44;657;44;5;45
TE392;04.01.2024;18;1.0;614;39;609;39;4;45
TE392;04.01.2024;19;1.0;527;42;522;42;5;45
TE392;04.01.2024;20;1.0;387;42;382;42;5;48
TE392;04.01.2024;21;1.0;315;47;313;47;2;50
TE392;04.01.2024;22;1.0;615;45;614;45;1;47
TE392;04.01.2024;23;1.0;239;50;236;50;3;49
TE392;05.01.2024;0;1.0;173;48;173;48;0;-1
TE392;05.01.2024;1;1.0;111;51;109;51;2;48
TE392;05.01.2024;2;1.0;74;51;73;51;1;50
TE392;05.01.2024;3;1.0;82;53;79;52;3;51
TE392;05.01.2024;4;1.0;124;52;120;52;4;53
TE392;05.01.2024;5;1.0;202;53;196;52;6;56
TE392;05.01.2024;6;1.0;358;49;339;49;19;49
TE392;05.01.2024;10;1.0;545;43;528;43;18;41
TE392;05.01.2024;11;1.0;528;45;512;45;16;44
TE392;05.01.2024;12;1.0;635;37;618;37;17;39
TE392;05.01.2024;13;1.0;635;45;625;45;10;43
TE392;05.01.2024;14;1.0;663;45;650;45;13;46
TE392;05.01.2024;15;1.0;703;44;695;44;8;44
TE392;05.01.2024;16;1.0;673;44;661;44;12;44
TE392;05.01.2024;17;1.0;585;42;579;42;5;46
TE392;05.01.2024;18;1.0;528;46;522;46;6;46
TE392;05.01.2024;19;1.0;534;44;532;44;2;46
TE392;05.01.2024;20;1.0;465;47;464;47;1;42
TE392;05.01.2024;21;1.0;530;46;528;46;2;48
TE392;05.01.2024;22;1.0;443;46;439;46;4;50
TE392;05.01.2024;23;1.0;365;48;363;48;2;49
TE392;06.01.2024;0;1.0;290;45;290;45;0;-1
TE392;06.01.2024;1;1.0;253;50;253;50;0;-1
TE392;06.01.2024;2;1.0;191;51;190;50;1;49
TE392;06.01.2024;3;1.0;196;52;191;52;5;49
TE392;06.01.2024;4;1.0;149;46;149;46;0;-1
TE392;06.01.2024;5;1.0;161;49;160;49;1;57
TE392;06.01.2024;6;1.0;142;49;140;49;2;57
TE392;06.01.2024;7;1.0;169;46;165;46;4;50
TE392;06.01.2024;8;1.0;218;50;216;50;2;50
TE392;06.01.2024;9;1.0;344;44;337;44;6;47
TE392;06.01.2024;10;1.0;367;48;362;48;5;47
TE392;06.01.2024;11;1.0;469;41;465;41;4;45
TE392;06.01.2024;12;1.0;466;46;458;46;8;44
TE392;06.01.2024;13;1.0;628;38;623;38;5;35
TE392;06.01.2024;14;1.0;618;40;610;40;6;44
TE392;06.01.2024;15;1.0;646;44;642;44;4;44
TE392;06.01.2024;16;1.0;589;44;580;44;9;44
TE392;06.01.2024;17;1.0;606;45;601;45;5;44
TE392;06.01.2024;18;1.0;567;41;561;42;4;43
TE392;06.01.2024;19;1.0;557;47;551;47;6;47
TE392;06.01.2024;20;1.0;461;45;457;45;4;46
TE392;06.01.2024;21;1.0;434;45;431;45;3;42
TE392;16.01.2024;7;1.0;658;40;642;39;16;42
TE392;16.01.2024;8;1.0;650;31;648;31;1;41
TE392;16.01.2024;14;1.0;680;35;672;35;8;34
TE392;16.01.2024;15;1.0;757;35;735;35;21;36
TE392;16.01.2024;16;1.0;673;39;666;39;7;40
TE392;16.01.2024;18;1.0;640;34;632;34;8;33
TE392;16.01.2024;19;1.0;539;35;538;35;1;45
TE392;16.01.2024;20;1.0;420;40;417;39;4;37
TE392;19.01.2024;13;1.0;639;31;620;31;18;31
TE392;19.01.2024;15;1.0;751;39;736;39;14;38
TE392;19.01.2024;16;1.0;645;34;642;34;3;29
TE392;19.01.2024;17;1.0;635;37;632;37;2;45
TE392;19.01.2024;18;1.0;611;37;607;37;3;45
TE392;19.01.2024;20;1.0;511;38;508;38;3;43
TE392;19.01.2024;22;1.0;625;34;623;34;2;44
TE392;19.01.2024;23;1.0;499;34;493;34;5;36
TE392;20.01.2024;0;1.0;399;39;398;39;1;43
TE392;20.01.2024;1;1.0;359;42;358;42;1;44
TE392;20.01.2024;3;1.0;210;38;207;38;3;45
TE392;20.01.2024;4;1.0;203;36;201;36;1;43
TE392;20.01.2024;5;1.0;182;35;181;35;1;43
TE392;20.01.2024;6;1.0;201;34;197;34;4;35
TE392;20.01.2024;7;1.0;236;34;236;34;0;-1
TE392;20.01.2024;9;1.0;366;46;363;46;3;55
TE392;20.01.2024;10;1.0;487;37;484;37;3;35
TE392;20.01.2024;11;1.0;560;36;550;36;9;38
TE392;20.01.2024;12;1.0;544;38;537;38;7;35
TE392;20.01.2024;13;1.0;592;37;585;37;6;39
TE392;20.01.2024;14;1.0;637;36;629;36;9;35
TE392;20.01.2024;15;1.0;628;34;617;34;11;33
TE392;20.01.2024;17;1.0;644;31;640;31;4;28
TE392;20.01.2024;18;1.0;617;37;611;37;6;34
TE392;20.01.2024;19;1.0;570;34;565;33;5;36
TE392;21.01.2024;2;1.0;342;37;342;37;0;-1
TE392;21.01.2024;3;1.0;279;42;277;42;2;50
TE392;21.01.2024;4;1.0;250;39;249;39;1;50
TE392;21.01.2024;9;1.0;313;40;311;40;2;49
TE392;21.01.2024;10;1.0;389;40;386;40;2;47
TE392;21.01.2024;11;1.0;502;36;500;36;3;33
TE392;21.01.2024;12;1.0;572;33;568;33;4;35
TE392;21.01.2024;14;1.0;583;38;580;38;4;33
TE392;22.01.2024;2;1.0;90;38;88;38;2;38
TE392;22.01.2024;3;1.0;63;37;62;36;1;53
TE392;22.01.2024;4;1.0;135;46;130;46;4;54
TE392;22.01.2024;6;1.0;484;36;478;36;7;34
TE392;22.01.2024;7;1.0;638;38;610;38;28;39
TE392;22.01.2024;16;1.0;648;40;630;40;19;39
TE392;22.01.2024;17;1.0;700;34;686;34;13;36
TE392;22.01.2024;18;1.0;653;36;652;36;1;41
TE392;22.01.2024;19;1.0;511;41;501;41;9;43
TE392;22.01.2024;20;1.0;368;37;363;37;5;35
TE392;22.01.2024;21;1.0;288;41;285;41;3;43
TE392;22.01.2024;22;1.0;253;47;252;47;1;47
TE392;22.01.2024;23;1.0;212;47;208;47;4;48
TE392;23.01.2024;0;1.0;130;43;129;43;1;46
TE392;23.01.2024;1;1.0;95;50;94;50;1;52
TE392;23.01.2024;2;1.0;88;50;88;50;0;-1
TE392;23.01.2024;3;1.0;74;43;73;43;1;44
TE392;23.01.2024;4;1.0;124;44;124;44;0;-1
TE392;23.01.2024;5;1.0;249;45;247;45;1;52
TE392;23.01.2024;6;1.0;509;43;497;43;13;41
TE392;23.01.2024;7;1.0;618;45;597;45;21;45
TE392;23.01.2024;10;1.0;574;43;535;43;39;42
TE392;23.01.2024;11;1.0;586;44;567;44;19;44
TE392;23.01.2024;12;1.0;653;34;619;34;35;33
TE392;23.01.2024;13;1.0;665;40;639;40;26;39
TE392;23.01.2024;14;1.0;673;45;654;45;19;45
TE392;23.01.2024;15;1.0;726;39;712;40;14;38
TE392;23.01.2024;17;1.0;719;33;713;33;6;34
TE392;23.01.2024;18;1.0;672;37;663;37;10;37
TE392;23.01.2024;19;1.0;576;39;569;39;6;40
TE392;23.01.2024;20;1.0;470;38;464;38;5;39
TE392;23.01.2024;21;1.0;349;44;343;44;6;41
TE392;23.01.2024;22;1.0;341;46;340;46;1;46
TE392;24.01.2024;11;1.0;692;43;659;43;33;41
TE392;24.01.2024;12;1.0;726;38;665;38;61;33
TE392;24.01.2024;19;1.0;613;42;608;42;4;44
TE395;01.01.2024;0;1.0;30;36;28;36;2;33
TE395;01.01.2024;1;1.0;90;32;90;32;0;-1
TE395;01.01.2024;2;1.0;104;32;104;32;0;-1
TE395;01.01.2024;3;1.0;101;33;101;33;0;-1
TE395;01.01.2024;4;1.0;53;33;52;33;1;37
TE395;01.01.2024;5;1.0;36;31;36;31;0;-1
TE395;01.01.2024;6;1.0;32;31;32;31;0;-1
TE395;01.01.2024;7;1.0;28;30;26;30;2;30
TE395;01.01.2024;8;1.0;27;31;24;32;3;28
TE395;01.01.2024;9;1.0;43;37;40;37;3;36
TE395;01.01.2024;10;1.0;47;35;42;35;5;37
TE395;01.01.2024;11;1.0;71;36;66;36;5;34
TE395;01.01.2024;12;1.0;94;33;91;33;3;31
TE395;01.01.2024;13;1.0;117;36;112;36;5;36
TE395;01.01.2024;14;1.0;122;35;119;35;3;30
TE395;01.01.2024;15;1.0;145;33;137;33;8;34
TE395;01.01.2024;16;1.0;177;32;174;32;3;30
TE395;01.01.2024;17;1.0;145;33;141;33;4;31
TE395;01.01.2024;18;1.0;138;30;134;31;4;28
TE395;01.01.2024;19;1.0;120;32;117;33;3;26
TE395;01.01.2024;20;1.0;88;32;86;32;2;28
TE395;01.01.2024;21;1.0;53;33;50;33;3;33
TE395;01.01.2024;22;1.0;55;31;51;30;4;34
TE395;01.01.2024;23;1.0;43;32;40;32;3;28
TE395;02.01.2024;0;1.0;18;32;17;32;1;33
TE395;02.01.2024;1;1.0;11;33;11;33;0;-1
TE395;02.01.2024;2;1.0;6;27;6;27;0;-1
TE395;02.01.2024;3;1.0;9;32;9;32;0;-1
TE395;02.01.2024;4;1.0;14;31;12;30;2;34
TE395;02.01.2024;5;1.0;39;31;37;31;2;32
TE395;02.01.2024;6;1.0;80;34;77;34;3;31
TE395;02.01.2024;7;1.0;162;34;152;35;10;30
TE395;02.01.2024;8;1.0;180;34;171;34;9;32
TE395;02.01.2024;9;1.0;191;34;185;34;6;33
TE395;02.01.2024;10;1.0;164;34;157;34;7;30
TE395;02.01.2024;11;1.0;221;34;214;34;7;26
TE395;02.01.2024;12;1.0;224;35;217;35;7;34
TE395;02.01.2024;13;1.0;234;34;227;34;7;34
TE395;02.01.2024;14;1.0;235;34;227;34;8;31
TE395;02.01.2024;15;1.0;263;33;256;33;7;28
TE395;02.01.2024;16;1.0;259;34;251;34;8;32
TE395;02.01.2024;17;1.0;274;32;262;32;12;30
TE395;02.01.2024;18;1.0;220;33;209;33;11;29
TE395;02.01.2024;19;1.0;172;31;165;32;7;27
TE395;02.01.2024;20;1.0;121;36;117;36;4;32
TE395;02.01.2024;21;1.0;85;33;81;33;4;32
TE395;02.01.2024;22;1.0;72;33;69;33;3;30
TE395;02.01.2024;23;1.0;45;34;43;34;2;34
TE395;03.01.2024;0;1.0;28;37;24;37;4;38
TE395;08.01.2024;8;1.0;308;30;299;30;9;30
TE395;08.01.2024;9;1.0;250;31;233;31;17;29
TE395;08.01.2024;10;1.0;230;32;221;31;9;31
TE395;08.01.2024;11;1.0;258;32;245;33;13;31
TE395;08.01.2024;12;1.0;274;34;259;34;15;33
TE395;08.01.2024;13;1.0;243;32;231;33;12;30
TE395;08.01.2024;14;1.0;288;32;280;32;8;30
TE395;08.01.2024;15;1.0;338;30;326;30;12;30
TE395;08.01.2024;16;1.0;325;31;313;31;12;30
TE395;08.01.2024;17;1.0;331;31;322;30;9;31
TE395;08.01.2024;18;1.0;293;30;285;31;8;26
TE395;08.01.2024;19;1.0;225;31;215;31;10;30
TE395;08.01.2024;20;1.0;157;32;149;32;8;33
TE395;08.01.2024;21;1.0;108;31;101;31;7;29
TE395;08.01.2024;22;1.0;102;32;97;32;5;30
TE395;08.01.2024;23;1.0;36;34;32;34;4;31
TE395;09.01.2024;0;1.0;30;42;28;42;2;41
TE395;09.01.2024;1;1.0;17;37;17;37;0;-1
TE395;09.01.2024;2;1.0;12;34;12;34;0;-1
TE395;09.01.2024;3;1.0;5;36;5;36;0;-1
TE395;09.01.2024;4;1.0;21;34;18;34;3;34
TE395;09.01.2024;5;1.0;53;31;47;31;6;27
TE395;09.01.2024;6;1.0;96;32;92;32;4;31
TE395;09.01.2024;7;1.0;296;31;284;31;12;28
TE395;09.01.2024;8;1.0;344;31;327;32;17;28
TE395;09.01.2024;9;1.0;259;33;247;33;12;34
TE395;09.01.2024;10;1.0;233;34;219;34;14;33
TE395;09.01.2024;11;1.0;250;33;240;33;10;33
TE395;09.01.2024;12;1.0;263;33;246;33;17;33
TE395;09.01.2024;13;1.0;273;32;259;32;14;32
TE395;09.01.2024;14;1.0;307;30;297;30;10;30
TE395;09.01.2024;15;1.0;343;31;333;31;10;31
TE395;09.01.2024;16;1.0;379;30;366;30;13;29
TE395;09.01.2024;17;1.0;336;30;324;30;12;29
TE395;09.01.2024;18;1.0;324;29;312;29;12;28
TE395;09.01.2024;19;1.0;219;32;211;32;8;31
TE395;09.01.2024;20;1.0;137;33;125;33;12;32
TE395;09.01.2024;21;1.0;115;33;112;33;3;30
TE395;09.01.2024;22;1.0;85;32;80;32;5;33
TE395;09.01.2024;23;1.0;44;34;40;34;4;30
TE395;10.01.2024;0;1.0;20;35;17;35;3;38
TE395;10.01.2024;1;1.0;12;27;12;27;0;-1
TE395;10.01.2024;2;1.0;5;31;5;31;0;-1
TE395;10.01.2024;3;1.0;5;32;5;32;0;-1
TE395;10.01.2024;4;1.0;19;32;17;32;2;40
TE395;10.01.2024;5;1.0;58;34;55;34;3;30
TE395;10.01.2024;6;1.0;120;33;119;33;1;35
TE395;10.01.2024;7;1.0;269;31;261;31;8;29
TE395;10.01.2024;8;1.0;373;33;363;33;10;30
TE395;10.01.2024;9;1.0;242;34;232;34;10;31
TE395;10.01.2024;10;1.0;232;33;219;33;13;31
TE395;10.01.2024;11;1.0;240;33;229;33;11;32
TE395;10.01.2024;12;1.0;291;32;278;32;13;32
TE395;10.01.2024;13;1.0;276;32;258;32;18;33
TE395;10.01.2024;14;1.0;266;32;253;33;13;31
TE395;10.01.2024;15;1.0;397;32;386;32;11;30
TE395;10.01.2024;16;1.0;360;32;349;32;11;30
TE395;10.01.2024;17;1.0;356;31;349;31;7;29
TE395;10.01.2024;18;1.0;328;31;318;31;10;30
TE395;10.01.2024;19;1.0;277;31;269;31;8;29
TE395;10.01.2024;20;1.0;163;32;156;33;7;30
TE395;10.01.2024;21;1.0;130;32;128;32;2;27
TE395;10.01.2024;22;1.0;97;31;93;31;4;28
TE395;10.01.2024;23;1.0;54;32;51;32;3;32
TE395;11.01.2024;0;1.0;26;32;24;32;2;27
TE395;11.01.2024;1;1.0;20;34;20;34;0;-1
TE395;11.01.2024;2;1.0;7;33;7;33;0;-1
TE395;11.01.2024;3;1.0;3;34;3;34;0;-1
TE395;11.01.2024;4;1.0;12;36;11;37;1;34
TE395;11.01.2024;5;1.0;56;34;53;34;3;34
TE395;11.01.2024;6;1.0;101;35;92;35;9;33
TE395;11.01.2024;7;1.0;283;34;265;34;18;32
TE395;11.01.2024;8;1.0;335;31;316;31;19;29
TE395;11.01.2024;9;1.0;320;33;310;33;10;32
TE395;11.01.2024;10;1.0;265;34;257;34;8;32
TE395;11.01.2024;11;1.0;307;32;295;32;12;28
TE395;11.01.2024;12;1.0;273;33;265;33;8;32
TE395;11.01.2024;13;1.0;276;33;267;33;9;33
TE395;11.01.2024;14;1.0;328;33;320;33;8;32
TE395;11.01.2024;15;1.0;374;33;363;33;11;33
TE395;11.01.2024;16;1.0;362;32;354;33;8;28
TE395;11.01.2024;17;1.0;344;32;340;32;4;27
TE395;11.01.2024;18;1.0;285;31;277;31;8;30
TE395;11.01.2024;19;1.0;202;33;193;33;9;33
TE395;11.01.2024;20;1.0;145;31;141;31;4;31
TE395;11.01.2024;21;1.0;99;34;95;34;4;34
TE395;11.01.2024;22;1.0;90;31;86;32;4;30
TE395;11.01.2024;23;1.0;65;32;62;32;3;25
TE395;12.01.2024;0;1.0;31;33;29;34;2;25
TE395;12.01.2024;1;1.0;14;32;14;32;0;-1
TE395;12.01.2024;2;1.0;9;30;9;30;0;-1
TE395;12.01.2024;3;1.0;8;32;7;32;1;35
TE395;12.01.2024;4;1.0;18;37;16;36;2;39
TE395;12.01.2024;5;1.0;54;35;50;36;4;30
TE395;12.01.2024;6;1.0;91;34;88;34;3;32
TE395;12.01.2024;7;1.0;220;33;211;33;9;30
TE395;12.01.2024;8;1.0;304;33;291;33;13;31
TE395;12.01.2024;9;1.0;273;34;258;34;15;33
TE395;12.01.2024;10;1.0;225;34;215;34;10;30
TE395;12.01.2024;11;1.0;226;34;213;34;13;30
TE395;12.01.2024;12;1.0;263;32;255;32;8;31
TE395;12.01.2024;13;1.0;292;34;284;34;8;31
TE395;12.01.2024;14;1.0;305;33;295;33;10;31
TE395;12.01.2024;15;1.0;364;31;354;31;10;30
TE395;12.01.2024;16;1.0;293;33;286;33;7;30
TE395;12.01.2024;17;1.0;276;33;269;33;7;29
TE395;12.01.2024;18;1.0;264;32;255;32;9;30
TE395;12.01.2024;19;1.0;215;32;208;32;7;29
TE395;12.01.2024;20;1.0;152;32;147;32;5;29
TE395;12.01.2024;21;1.0;112;31;109;31;3;29
TE395;12.01.2024;22;1.0;104;30;101;31;3;28
TE395;12.01.2024;23;1.0;71;32;67;32;4;30
TE395;13.01.2024;0;1.0;68;33;66;33;2;28
TE395;13.01.2024;1;1.0;39;34;39;34;0;-1
TE395;13.01.2024;2;1.0;23;34;23;34;0;-1
TE395;13.01.2024;3;1.0;12;34;11;34;1;34
TE395;13.01.2024;4;1.0;16;32;15;33;1;24
TE395;13.01.2024;5;1.0;21;32;20;32;1;27
TE395;13.01.2024;6;1.0;37;37;34;37;3;32
TE395;13.01.2024;7;1.0;42;36;39;36;3;33
TE395;13.01.2024;8;1.0;64;36;62;36;2;30
TE395;13.01.2024;9;1.0;109;36;104;37;5;33
TE395;13.01.2024;10;1.0;147;36;139;36;8;30
TE395;13.01.2024;11;1.0;209;34;200;34;9;34
TE395;13.01.2024;12;1.0;234;33;225;33;9;31
TE395;13.01.2024;13;1.0;281;32;272;33;9;27
TE395;13.01.2024;14;1.0;284;34;276;34;8;30
TE395;13.01.2024;15;1.0;319;33;311;34;8;32
TE395;13.01.2024;16;1.0;256;33;249;33;7;31
TE395;13.01.2024;17;1.0;250;33;243;33;7;31
TE395;13.01.2024;18;1.0;234;33;224;33;10;32
TE395;13.01.2024;19;1.0;196;32;188;32;8;29
TE395;13.01.2024;20;1.0;151;31;147;31;4;28
TE395;13.01.2024;21;1.0;107;33;103;33;4;31
TE395;13.01.2024;22;1.0;103;32;98;32;5;31
TE395;13.01.2024;23;1.0;81;34;78;34;3;22
TE395;14.01.2024;0;1.0;66;34;64;34;2;28
TE395;14.01.2024;1;1.0;53;33;53;33;0;-1
TE395;14.01.2024;2;1.0;22;30;22;30;0;-1
TE395;14.01.2024;3;1.0;24;34;24;34;0;-1
TE395;14.01.2024;4;1.0;14;31;14;31;0;-1
TE395;14.01.2024;5;1.0;10;30;10;30;0;-1
TE395;14.01.2024;6;1.0;19;30;19;30;0;-1
TE395;14.01.2024;7;1.0;26;33;24;33;2;36
TE395;14.01.2024;8;1.0;52;35;49;35;3;30
TE395;14.01.2024;9;1.0;81;35;78;35;3;39
TE395;14.01.2024;10;1.0;127;34;123;33;4;36
TE395;14.01.2024;11;1.0;125;34;122;34;3;36
TE395;14.01.2024;12;1.0;154;31;150;31;4;30
TE395;14.01.2024;13;1.0;189;35;182;35;7;32
TE395;14.01.2024;14;1.0;190;35;186;35;4;31
TE395;14.01.2024;15;1.0;193;32;187;32;6;30
TE395;14.01.2024;16;1.0;186;33;183;33;3;28
TE395;14.01.2024;17;1.0;168;34;163;34;5;31
TE395;14.01.2024;18;1.0;175;33;171;33;4;33
TE395;14.01.2024;19;1.0;136;33;132;32;4;34
TE395;14.01.2024;20;1.0;112;32;107;32;5;28
TE395;14.01.2024;21;1.0;72;34;68;34;4;34
TE395;14.01.2024;22;1.0;71;33;66;33;5;29
TE395;14.01.2024;23;1.0;46;33;43;34;3;27
TE395;15.01.2024;0;1.0;23;38;21;38;2;34
TE395;15.01.2024;1;1.0;10;36;10;36;0;-1
TE395;15.01.2024;2;1.0;5;33;5;33;0;-1
TE395;15.01.2024;3;1.0;13;30;13;30;0;-1
TE395;15.01.2024;4;1.0;16;32;14;33;2;29
TE395;15.01.2024;5;1.0;48;33;45;34;3;28
TE395;15.01.2024;6;1.0;108;34;102;34;6;35
TE395;15.01.2024;7;1.0;304;31;291;31;13;30
TE395;15.01.2024;8;1.0;410;27;380;27;30;22
TE395;15.01.2024;9;1.0;228;32;213;32;15;31
TE395;15.01.2024;10;1.0;262;35;247;34;15;37
TE395;15.01.2024;11;1.0;258;33;243;34;15;30
TE395;15.01.2024;12;1.0;254;34;245;34;9;31
TE395;15.01.2024;13;1.0;258;34;249;34;9;35
TE395;15.01.2024;14;1.0;285;33;280;33;5;28
TE395;15.01.2024;15;1.0;336;32;328;32;8;27
TE395;15.01.2024;16;1.0;334;32;325;32;9;27
TE395;15.01.2024;17;1.0;287;30;279;30;9;26
TE395;15.01.2024;18;1.0;259;31;247;31;12;30
TE395;15.01.2024;19;1.0;193;33;187;33;6;30
TE395;15.01.2024;20;1.0;158;33;154;33;4;28
TE395;15.01.2024;21;1.0;99;33;96;33;3;32
TE395;15.01.2024;22;1.0;73;33;68;34;5;32
TE395;15.01.2024;23;1.0;37;33;34;34;3;26
TE395;16.01.2024;0;1.0;28;34;26;34;2;26
TE395;16.01.2024;1;1.0;7;34;7;34;0;-1
TE395;16.01.2024;2;1.0;1;36;1;36;0;-1
TE395;16.01.2024;3;1.0;8;42;7;43;1;36
TE395;16.01.2024;4;1.0;13;37;12;38;1;30
TE395;16.01.2024;5;1.0;45;31;42;31;3;30
TE395;16.01.2024;6;1.0;82;32;79;32;3;32
TE395;16.01.2024;7;1.0;287;30;277;30;10;28
TE395;16.01.2024;8;1.0;343;31;331;31;12;28
TE395;16.01.2024;9;1.0;296;33;288;33;8;30
TE395;16.01.2024;10;1.0;240;33;233;33;7;30
TE395;16.01.2024;11;1.0;250;35;243;35;7;28
TE395;16.01.2024;12;1.0;235;35;229;35;6;35
TE395;16.01.2024;13;1.0;261;35;252;35;9;35
TE395;16.01.2024;14;1.0;254;34;246;34;8;32
TE395;16.01.2024;15;1.0;339;31;328;31;11;31
TE395;16.01.2024;16;1.0;316;32;308;32;8;31
TE395;16.01.2024;17;1.0;321;33;313;33;8;30
TE395;16.01.2024;18;1.0;251;30;245;30;6;28
TE395;16.01.2024;19;1.0;196;31;189;31;7;32
TE395;16.01.2024;20;1.0;105;34;99;34;6;30
TE395;16.01.2024;21;1.0;91;33;89;33;2;32
TE395;16.01.2024;22;1.0;79;32;76;32;3;28
TE395;16.01.2024;23;1.0;45;31;42;31;3;32
TE395;17.01.2024;0;1.0;24;36;22;36;2;36
TE395;17.01.2024;1;1.0;9;30;9;30;0;-1
TE395;17.01.2024;2;1.0;6;38;6;38;0;-1
TE395;17.01.2024;3;1.0;6;36;5;35;1;37
TE395;17.01.2024;4;1.0;15;37;14;35;1;57
TE395;17.01.2024;5;1.0;53;34;50;34;3;32
TE395;17.01.2024;6;1.0;102;34;97;34;5;34
TE395;17.01.2024;7;1.0;269;33;256;33;13;32
TE395;17.01.2024;8;1.0;326;33;316;33;10;32
TE395;17.01.2024;9;1.0;278;33;268;33;10;31
TE395;17.01.2024;10;1.0;227;35;217;35;10;35
TE395;17.01.2024;11;1.0;257;34;244;33;13;34
TE395;17.01.2024;12;1.0;306;34;293;33;13;34
TE395;17.01.2024;13;1.0;275;33;264;34;11;33
TE395;17.01.2024;14;1.0;334;33;324;33;10;31
TE395;17.01.2024;15;1.0;336;33;325;33;11;30
TE395;17.01.2024;16;1.0;291;33;278;32;13;32
TE395;17.01.2024;17;1.0;293;32;285;32;8;30
TE395;17.01.2024;18;1.0;280;32;274;32;6;29
TE395;17.01.2024;19;1.0;222;32;217;32;5;28
TE395;17.01.2024;20;1.0;122;33;118;33;4;33
TE395;17.01.2024;21;1.0;109;30;105;30;4;28
TE395;17.01.2024;22;1.0;102;33;99;33;3;27
TE395;17.01.2024;23;1.0;60;33;56;33;4;30
TE395;18.01.2024;0;1.0;21;33;19;32;2;34
TE395;18.01.2024;1;1.0;17;34;17;34;0;-1
TE395;18.01.2024;2;1.0;16;32;16;32;0;-1
TE395;18.01.2024;3;1.0;8;36;5;37;3;35
TE395;18.01.2024;4;1.0;22;34;21;35;1;30
TE395;18.01.2024;5;1.0;56;34;52;34;4;29
TE395;18.01.2024;6;1.0;106;35;103;36;3;33
TE395;18.01.2024;7;1.0;265;32;257;32;8;31
TE395;18.01.2024;8;1.0;347;33;335;32;12;31
TE395;18.01.2024;9;1.0;275;34;260;34;15;34
TE395;18.01.2024;10;1.0;232;34;222;34;10;34
TE395;18.01.2024;11;1.0;252;34;241;33;11;34
TE395;18.01.2024;12;1.0;272;34;265;34;7;34
TE395;18.01.2024;13;1.0;284;34;274;34;10;33
TE395;18.01.2024;14;1.0;273;31;261;31;12;29
TE395;18.01.2024;15;1.0;324;31;311;31;13;31
TE395;18.01.2024;16;1.0;319;29;311;29;7;31
TE395;18.01.2024;17;1.0;320;31;312;31;8;31
TE395;18.01.2024;18;1.0;273;31;261;32;12;31
TE395;18.01.2024;19;1.0;220;31;215;31;5;30
TE395;18.01.2024;20;1.0;150;32;147;32;3;30
TE395;18.01.2024;21;1.0;105;33;101;33;4;33
TE395;18.01.2024;22;1.0;99;31;96;31;3;28
TE395;18.01.2024;23;1.0;68;32;65;32;3;28
TE395;19.01.2024;0;1.0;34;33;33;34;1;35
TE395;19.01.2024;1;1.0;22;29;21;29;1;27
TE395;19.01.2024;2;1.0;13;35;13;35;0;-1
TE395;19.01.2024;3;1.0;10;42;9;42;1;39
TE395;19.01.2024;4;1.0;19;35;18;35;1;27
TE395;19.01.2024;5;1.0;61;36;56;36;5;36
TE395;19.01.2024;6;1.0;96;34;92;34;4;27
TE395;19.01.2024;7;1.0;283;32;263;32;20;30
TE395;19.01.2024;8;1.0;351;32;332;32;19;31
TE395;19.01.2024;9;1.0;228;32;213;32;15;31
TE395;19.01.2024;10;1.0;258;33;239;33;19;32
TE395;19.01.2024;11;1.0;272;32;261;32;11;33
TE395;19.01.2024;12;1.0;312;32;294;32;18;29
TE395;19.01.2024;13;1.0;345;32;330;32;15;30
TE395;19.01.2024;14;1.0;353;31;336;31;17;31
TE395;19.01.2024;15;1.0;344;32;331;32;13;33
TE395;19.01.2024;16;1.0;322;32;312;32;10;28
TE395;19.01.2024;17;1.0;284;30;278;30;6;27
TE395;19.01.2024;18;1.0;289;31;280;31;9;29
TE395;19.01.2024;19;1.0;251;30;243;30;8;28
TE395;19.01.2024;20;1.0;168;30;163;30;5;29
TE395;19.01.2024;21;1.0;129;31;128;31;1;30
TE395;19.01.2024;22;1.0;99;30;96;30;3;31
TE395;19.01.2024;23;1.0;83;31;79;31;4;30
TE395;20.01.2024;0;1.0;60;33;58;33;2;30
TE395;20.01.2024;1;1.0;31;31;31;31;0;-1
TE395;20.01.2024;2;1.0;13;28;13;28;0;-1
TE395;20.01.2024;3;1.0;20;30;20;30;0;-1
TE395;20.01.2024;4;1.0;11;31;10;30;1;41
TE395;20.01.2024;5;1.0;26;31;24;32;2;30
TE395;20.01.2024;6;1.0;38;35;36;35;2;34
TE395;20.01.2024;7;1.0;46;31;43;31;3;28
TE395;20.01.2024;8;1.0;88;34;82;34;6;36
TE395;20.01.2024;9;1.0;115;35;103;36;12;34
TE395;20.01.2024;10;1.0;176;33;167;33;9;32
TE395;20.01.2024;11;1.0;229;33;221;33;8;30
TE395;20.01.2024;12;1.0;256;32;246;31;10;32
TE395;20.01.2024;13;1.0;326;32;317;32;9;40
TE395;20.01.2024;14;1.0;270;33;261;32;9;31
TE395;20.01.2024;15;1.0;282;33;272;33;10;31
TE395;20.01.2024;16;1.0;304;30;294;30;10;29
TE395;20.01.2024;17;1.0;232;31;226;31;6;28
TE395;20.01.2024;18;1.0;236;32;230;32;6;28
TE395;20.01.2024;19;1.0;192;31;185;31;7;29
TE395;20.01.2024;20;1.0;158;32;152;32;6;33
TE395;20.01.2024;21;1.0;83;34;80;34;3;28
TE395;20.01.2024;22;1.0;98;32;95;32;3;29
TE395;20.01.2024;23;1.0;114;34;110;34;4;36
TE395;21.01.2024;0;1.0;163;32;158;32;5;30
TE395;21.01.2024;1;1.0;115;33;111;33;4;33
TE395;21.01.2024;2;1.0;82;33;81;33;1;28
TE395;21.01.2024;3;1.0;20;29;20;29;0;-1
TE395;21.01.2024;4;1.0;16;30;16;30;0;-1
TE395;21.01.2024;5;1.0;15;33;15;33;0;-1
TE395;21.01.2024;6;1.0;28;36;27;36;1;36
TE395;21.01.2024;7;1.0;29;36;27;37;2;32
TE395;21.01.2024;8;1.0;47;37;43;37;4;36
TE395;21.01.2024;9;1.0;98;34;95;34;3;31
TE395;21.01.2024;10;1.0;103;33;98;33;5;35
TE395;21.01.2024;11;1.0;132;34;128;34;4;33
TE395;21.01.2024;12;1.0;169;32;166;32;3;30
TE395;21.01.2024;13;1.0;185;34;180;34;5;32
TE395;21.01.2024;14;1.0;213;33;205;33;8;36
TE395;21.01.2024;15;1.0;193;32;190;32;3;29
TE395;21.01.2024;16;1.0;197;27;192;27;5;25
TE395;21.01.2024;17;1.0;164;31;161;31;3;26
TE395;21.01.2024;18;1.0;191;31;188;31;3;30
TE395;21.01.2024;19;1.0;162;30;159;30;3;27
TE395;21.01.2024;20;1.0;140;31;137;31;3;30
TE395;21.01.2024;21;1.0;78;34;73;34;5;32
TE395;21.01.2024;22;1.0;84;32;79;31;5;36
TE395;21.01.2024;23;1.0;41;33;38;33;3;31
TE395;22.01.2024;0;1.0;18;36;16;36;2;34
TE395;22.01.2024;1;1.0;11;43;11;43;0;-1
TE395;22.01.2024;2;1.0;9;30;9;30;0;-1
TE395;22.01.2024;3;1.0;7;31;7;31;0;-1
TE395;22.01.2024;4;1.0;17;27;14;27;3;29
TE395;22.01.2024;5;1.0;53;35;50;35;3;32
TE395;22.01.2024;6;1.0;99;34;93;34;6;33
TE395;22.01.2024;7;1.0;289;30;274;30;15;29
TE395;22.01.2024;8;1.0;342;32;319;32;23;32
TE395;22.01.2024;9;1.0;273;33;251;33;22;34
TE395;22.01.2024;10;1.0;241;34;223;34;18;32
TE395;22.01.2024;11;1.0;245;33;232;33;13;31
TE395;22.01.2024;12;1.0;294;30;278;30;16;28
TE395;22.01.2024;22;1.0;85;32;83;32;2;27
TE395;22.01.2024;23;1.0;46;33;43;33;3;36
TE395;23.01.2024;0;1.0;38;31;36;31;2;26
TE395;23.01.2024;1;1.0;8;30;8;30;0;-1
TE395;23.01.2024;2;1.0;5;35;5;35;0;-1
TE395;23.01.2024;3;1.0;7;36;7;36;0;-1
TE395;23.01.2024;4;1.0;13;35;12;35;1;35
TE395;23.01.2024;5;1.0;53;33;49;33;4;30
TE395;23.01.2024;6;1.0;99;33;91;33;8;29
TE395;23.01.2024;7;1.0;256;31;247;31;9;30
TE395;23.01.2024;8;1.0;342;31;323;32;19;30
TE395;23.01.2024;9;1.0;276;31;256;31;20;31
TE395;23.01.2024;10;1.0;263;33;245;33;18;32
TE395;23.01.2024;11;1.0;324;32;304;32;20;32
TE395;23.01.2024;12;1.0;317;32;288;32;29;32
TE395;23.01.2024;13;1.0;265;32;243;32;22;34
TE395;23.01.2024;14;1.0;307;31;292;31;15;31
TE395;23.01.2024;15;1.0;323;30;312;30;11;30
TE395;23.01.2024;16;1.0;375;31;365;31;10;31
TE395;23.01.2024;17;1.0;327;29;313;29;14;30
TE395;23.01.2024;18;1.0;278;29;270;29;8;29
TE395;23.01.2024;19;1.0;264;31;257;31;7;28
TE395;23.01.2024;20;1.0;144;30;141;30;3;26
TE395;23.01.2024;21;1.0;101;33;98;33;3;26
TE395;23.01.2024;22;1.0;91;32;88;33;3;25
TE395;23.01.2024;23;1.0;47;31;43;31;4;29
TE395;24.01.2024;0;1.0;22;35;20;35;2;34
TE395;24.01.2024;1;1.0;11;32;11;32;0;-1
TE395;24.01.2024;2;1.0;8;30;8;30;0;-1
TE395;24.01.2024;3;1.0;6;32;5;31;1;37
TE395;24.01.2024;4;1.0;15;34;14;34;1;34
TE395;24.01.2024;5;1.0;49;36;43;36;6;34
TE395;24.01.2024;6;1.0;116;33;107;33;9;32
TE395;24.01.2024;7;1.0;247;32;228;32;19;33
TE395;24.01.2024;8;1.0;321;33;293;33;28;33
TE395;24.01.2024;9;1.0;371;32;354;32;17;31
TE395;24.01.2024;10;1.0;273;35;253;35;20;35
TE395;24.01.2024;11;1.0;274;33;258;33;16;33
TE395;24.01.2024;12;1.0;267;33;255;34;12;31
TE395;24.01.2024;13;1.0;305;32;284;32;21;32
TE395;24.01.2024;14;1.0;314;33;289;32;25;38
TE395;24.01.2024;15;1.0;363;31;345;31;18;30
TE395;24.01.2024;16;1.0;392;30;378;30;14;30
TE395;24.01.2024;17;1.0;309;32;284;32;25;32
TE395;24.01.2024;18;1.0;264;31;255;31;9;30
TE395;24.01.2024;19;1.0;202;30;193;30;9;28
TE395;24.01.2024;20;1.0;156;31;150;31;6;30
TE395;24.01.2024;21;1.0;120;28;116;28;4;28
TE395;24.01.2024;22;1.0;102;31;98;32;4;28
TE395;24.01.2024;23;1.0;69;32;66;33;3;31
TE395;25.01.2024;0;1.0;32;31;29;32;3;28
TE395;25.01.2024;1;1.0;22;30;22;30;0;-1
TE395;25.01.2024;2;1.0;5;33;5;33;0;-1
TE395;25.01.2024;3;1.0;10;24;9;23;1;29
TE395;25.01.2024;4;1.0;21;33;20;33;1;34
TE395;25.01.2024;5;1.0;47;34;44;34;3;31
TE395;25.01.2024;6;1.0;117;32;110;32;7;31
TE395;25.01.2024;7;1.0;315;29;295;29;20;28
TE395;25.01.2024;8;1.0;337;33;315;33;22;33
TE395;25.01.2024;9;1.0;302;31;282;31;20;32
TE395;25.01.2024;10;1.0;232;33;224;33;8;30
TE395;25.01.2024;11;1.0;298;32;280;32;18;30
TE395;25.01.2024;12;1.0;289;32;273;32;15;34
TE395;25.01.2024;13;1.0;271;30;245;30;25;31
TE395;25.01.2024;14;1.0;268;28;253;28;14;28
TE395;25.01.2024;15;1.0;345;30;330;30;15;30
TE395;25.01.2024;16;1.0;351;23;341;23;10;20
TE395;25.01.2024;17;1.0;348;30;334;30;14;30
TE395;25.01.2024;18;1.0;272;24;269;24;3;21
TE395;25.01.2024;19;1.0;239;28;232;29;6;29
TE395;25.01.2024;21;1.0;109;29;105;29;4;30
TE395;25.01.2024;22;1.0;90;24;85;24;5;25
TE395;25.01.2024;23;1.0;70;26;66;26;4;24
TE395;26.01.2024;0;1.0;28;27;28;27;0;-1
TE395;26.01.2024;1;1.0;16;32;14;32;1;62
TE395;26.01.2024;3;1.0;10;33;10;33;0;-1
TE395;26.01.2024;4;1.0;24;26;24;26;0;-1
TE395;26.01.2024;5;1.0;64;26;60;27;4;22
TE395;26.01.2024;8;1.0;299;25;287;25;12;24
TE395;26.01.2024;9;1.0;250;24;239;24;11;23
TE395;26.01.2024;10;1.0;264;25;247;25;18;24
TE395;26.01.2024;12;1.0;313;25;297;25;16;25
TE395;26.01.2024;13;1.0;324;25;300;25;24;26
TE395;26.01.2024;14;1.0;324;27;284;26;40;33
TE395;26.01.2024;16;1.0;307;27;297;27;11;26
TE395;26.01.2024;18;1.0;272;27;262;27;10;28
TE395;26.01.2024;19;1.0;239;26;234;26;5;23
TE395;26.01.2024;20;1.0;159;24;158;24;1;33
TE395;26.01.2024;21;1.0;151;27;147;27;4;28
TE395;26.01.2024;22;1.0;126;32;123;32;3;24
TE395;26.01.2024;23;1.0;92;26;88;26;4;21
TE395;27.01.2024;0;1.0;59;31;56;31;3;31
TE395;27.01.2024;1;1.0;40;30;40;30;0;-1
TE395;27.01.2024;2;1.0;31;24;31;24;0;-1
TE395;27.01.2024;3;1.0;13;30;13;30;0;-1
TE395;27.01.2024;4;1.0;16;28;16;28;0;-1
TE395;27.01.2024;5;1.0;17;26;16;26;1;31
TE395;27.01.2024;6;1.0;45;31;43;31;2;26
TE395;27.01.2024;7;1.0;43;30;41;30;2;26
TE395;27.01.2024;8;1.0;85;24;80;25;6;20
TE395;27.01.2024;9;1.0;155;33;147;33;8;31
TE395;27.01.2024;10;1.0;203;33;195;33;8;29
TE395;27.01.2024;11;1.0;249;27;242;27;7;25
TE395;27.01.2024;12;1.0;283;28;270;28;13;29
TE395;27.01.2024;13;1.0;272;33;256;33;16;34
TE395;27.01.2024;14;1.0;328;29;318;30;8;33
TE395;27.01.2024;15;1.0;314;32;308;32;6;29
TE395;27.01.2024;16;1.0;292;31;284;31;8;31
TE395;27.01.2024;17;1.0;288;29;280;28;8;24
TE395;27.01.2024;18;1.0;253;30;246;30;7;29
TE395;27.01.2024;19;1.0;244;30;238;31;6;28
TE395;27.01.2024;20;1.0;161;29;156;29;5;28
TE395;27.01.2024;21;1.0;131;28;127;28;3;29
TE395;27.01.2024;22;1.0;123;30;120;30;3;26
TE395;27.01.2024;23;1.0;95;32;90;32;5;31
TE395;28.01.2024;0;1.0;73;28;71;28;2;26
TE395;28.01.2024;1;1.0;59;27;59;27;0;-1
TE395;28.01.2024;2;1.0;23;28;23;28;0;-1
TE395;28.01.2024;3;1.0;21;33;21;33;0;-1
TE395;28.01.2024;4;1.0;13;29;13;29;0;-1
TE395;28.01.2024;5;1.0;9;28;9;28;0;-1
TE395;28.01.2024;6;1.0;24;34;24;34;0;-1
TE395;28.01.2024;7;1.0;35;34;33;34;2;31
TE395;28.01.2024;8;1.0;61;33;58;33;3;30
TE395;28.01.2024;9;1.0;94;34;91;34;3;31
TE395;28.01.2024;10;1.0;135;29;132;29;3;31
TE395;28.01.2024;11;1.0;155;33;152;33;3;31
TE395;28.01.2024;12;1.0;190;29;188;29;2;26
TE395;28.01.2024;13;1.0;224;32;218;32;6;32
TE395;28.01.2024;14;1.0;284;32;279;32;5;31
TE395;28.01.2024;15;1.0;190;30;185;30;4;31
TE395;28.01.2024;16;1.0;202;28;200;28;1;27
TE395;28.01.2024;17;1.0;210;28;207;29;2;28
TE395;28.01.2024;18;1.0;206;28;202;28;4;33
TE395;28.01.2024;19;1.0;174;31;171;31;3;25
TE395;28.01.2024;20;1.0;131;31;128;31;3;28
TE395;28.01.2024;21;1.0;87;28;82;28;5;28
TE395;28.01.2024;22;1.0;75;31;71;31;4;35
TE395;28.01.2024;23;1.0;42;33;38;33;4;35
TE395;29.01.2024;0;1.0;30;26;28;26;2;23
TE395;29.01.2024;1;1.0;9;32;9;32;0;-1
TE395;29.01.2024;2;1.0;8;28;8;28;0;-1
TE395;29.01.2024;3;1.0;8;32;8;32;0;-1
TE395;29.01.2024;4;1.0;26;30;25;30;1;37
TE395;29.01.2024;5;1.0;39;27;37;28;1;37
TE395;29.01.2024;6;1.0;99;32;93;32;6;35
TE395;29.01.2024;7;1.0;281;30;271;31;10;29
TE395;29.01.2024;8;1.0;363;30;349;30;14;30
TE395;29.01.2024;9;1.0;269;32;257;32;12;32
TE395;29.01.2024;10;1.0;257;32;247;32;10;28
TE395;29.01.2024;11;1.0;271;31;254;31;17;30
TE395;29.01.2024;12;1.0;306;30;280;30;27;30
TE395;29.01.2024;13;1.0;324;32;304;32;20;32
TE395;29.01.2024;14;1.0;357;31;342;32;15;31
TE395;29.01.2024;15;1.0;379;31;369;31;10;32
TE395;29.01.2024;16;1.0;360;31;349;31;11;30
TE395;29.01.2024;17;1.0;307;30;294;30;13;29
TE395;29.01.2024;18;1.0;285;30;277;30;8;30
TE395;29.01.2024;19;1.0;220;31;211;31;9;29
TE395;29.01.2024;20;1.0;178;32;173;32;5;29
TE395;29.01.2024;21;1.0;118;31;116;31;2;30
TE395;29.01.2024;22;1.0;94;31;91;31;3;31
TE395;29.01.2024;23;1.0;48;32;45;33;3;27
TE395;30.01.2024;0;1.0;19;31;17;31;2;29
TE395;30.01.2024;1;1.0;12;30;12;30;0;-1
TE395;30.01.2024;2;1.0;8;33;8;33;0;-1
TE395;30.01.2024;3;1.0;9;32;9;32;0;-1
TE395;30.01.2024;4;1.0;24;30;22;29;2;35
TE395;30.01.2024;5;1.0;62;34;57;34;5;30
TE395;30.01.2024;6;1.0;119;29;111;29;7;30
TE395;30.01.2024;7;1.0;283;27;272;27;11;25
TE395;30.01.2024;8;1.0;309;29;298;28;12;30
TE395;30.01.2024;9;1.0;275;30;255;30;20;28
TE395;30.01.2024;10;1.0;253;30;242;30;11;29
TE395;30.01.2024;11;1.0;272;33;250;33;22;33
TE395;30.01.2024;12;1.0;313;32;282;32;31;33
TE395;30.01.2024;13;1.0;290;31;277;31;13;31
TE395;30.01.2024;14;1.0;334;32;322;32;12;30
TE395;30.01.2024;15;1.0;395;30;388;30;7;29
TE395;30.01.2024;16;1.0;371;32;361;32;10;30
TE395;30.01.2024;17;1.0;341;31;334;31;7;29
TE395;30.01.2024;18;1.0;301;30;290;30;11;30
TE395;30.01.2024;19;1.0;236;32;226;32;10;31
TE395;30.01.2024;20;1.0;144;32;137;32;7;29
TE395;30.01.2024;21;1.0;98;32;94;31;4;33
TE395;30.01.2024;22;1.0;83;30;79;30;4;28
TE395;30.01.2024;23;1.0;62;32;59;32;3;31
TE395;31.01.2024;0;1.0;32;28;30;28;2;21
TE395;31.01.2024;1;1.0;13;27;13;27;0;-1
TE395;31.01.2024;2;1.0;7;32;7;32;0;-1
TE395;31.01.2024;3;1.0;12;29;12;29;0;-1
TE395;31.01.2024;4;1.0;15;31;15;31;0;-1
TE395;31.01.2024;5;1.0;51;34;47;34;4;28
TE395;31.01.2024;6;1.0;128;33;122;33;6;29
TE395;31.01.2024;7;1.0;258;31;245;31;13;30
TE395;31.01.2024;8;1.0;305;32;284;32;21;32
TE395;31.01.2024;9;1.0;273;32;264;32;9;30
TE395;31.01.2024;10;1.0;217;32;212;32;5;31
TE395;31.01.2024;11;1.0;245;32;237;32;8;32
TE395;31.01.2024;12;1.0;250;34;238;34;12;32
TE395;31.01.2024;13;1.0;241;33;233;34;8;31
TE395;31.01.2024;14;1.0;303;33;293;33;10;36
TE395;31.01.2024;15;1.0;339;32;327;32;12;32
TE395;31.01.2024;16;1.0;330;32;321;32;9;33
TE395;31.01.2024;17;1.0;278;33;272;33;6;34
TE395;31.01.2024;18;1.0;295;33;289;33;6;29
TE395;31.01.2024;19;1.0;233;32;226;32;7;32
TE395;31.01.2024;20;1.0;131;31;126;32;5;30
TE395;31.01.2024;21;1.0;115;29;112;29;3;28
TE395;31.01.2024;22;1.0;79;30;75;30;3;32
TE395;31.01.2024;23;1.0;67;31;64;31;3;30
TE397;18.01.2024;13;1.0;575;37;556;36;19;37
TE397;18.01.2024;14;1.0;757;34;739;34;18;36
TE397;18.01.2024;15;1.0;749;33;731;33;18;34
TE397;18.01.2024;16;1.0;671;33;660;33;11;21
TE397;18.01.2024;17;1.0;602;34;591;34;11;32
TE397;18.01.2024;18;1.0;468;36;461;37;7;37
TE397;18.01.2024;19;1.0;304;38;303;38;1;37
TE397;18.01.2024;20;1.0;220;40;218;40;2;39
TE397;18.01.2024;21;1.0;189;40;185;40;4;39
TE397;18.01.2024;22;1.0;151;40;146;40;5;38
TE397;18.01.2024;23;1.0;85;39;84;39;1;37
TE397;19.01.2024;0;1.0;53;39;51;39;2;38
TE397;19.01.2024;1;1.0;30;39;30;39;0;-1
TE397;19.01.2024;2;1.0;23;39;20;38;3;48
TE397;19.01.2024;3;1.0;34;44;32;43;2;60
TE397;19.01.2024;4;1.0;64;39;63;39;1;43
TE397;19.01.2024;11;1.0;593;31;564;31;29;29
TE397;19.01.2024;12;1.0;596;29;575;29;21;31
TE397;19.01.2024;13;1.0;589;22;572;22;17;18
TE397;19.01.2024;14;1.0;728;27;705;28;23;23
TE397;19.01.2024;15;1.0;654;27;638;28;16;22
TE397;19.01.2024;16;1.0;586;39;581;39;5;38
TE397;19.01.2024;17;1.0;473;37;469;37;4;38
TE397;19.01.2024;18;1.0;411;39;401;39;10;38
TE397;19.01.2024;19;1.0;303;37;296;37;7;36
TE397;19.01.2024;20;1.0;256;37;254;37;2;40
TE397;19.01.2024;21;1.0;187;39;182;39;5;40
TE397;19.01.2024;22;1.0;164;40;155;40;9;39
TE397;19.01.2024;23;1.0;113;40;110;40;3;38
TE397;20.01.2024;0;1.0;58;39;58;39;0;-1
TE397;20.01.2024;1;1.0;65;39;65;39;0;-1
TE397;20.01.2024;2;1.0;33;39;31;39;2;36
TE397;20.01.2024;3;1.0;25;43;23;40;2;64
TE397;20.01.2024;4;1.0;31;43;30;43;1;47
TE397;20.01.2024;5;1.0;82;39;77;39;5;39
TE397;20.01.2024;6;1.0;88;43;85;43;3;40
TE397;20.01.2024;7;1.0;133;40;131;40;2;41
TE397;20.01.2024;8;1.0;216;34;215;34;1;43
TE397;28.01.2024;10;1.0;406;33;402;34;3;25
TE397;28.01.2024;11;1.0;432;39;418;39;14;40
TE397;28.01.2024;12;1.0;549;37;535;37;14;38
TE397;28.01.2024;13;1.0;636;36;632;36;4;36
TE397;28.01.2024;14;1.0;540;38;534;38;6;36
TE397;28.01.2024;15;1.0;516;40;511;40;5;38
TE397;28.01.2024;16;1.0;411;39;403;39;8;38
TE397;28.01.2024;17;1.0;498;37;491;37;7;40
TE397;28.01.2024;18;1.0;427;21;419;22;8;12
TE397;28.01.2024;19;1.0;232;39;225;39;7;38
TE397;28.01.2024;20;1.0;196;41;193;41;3;39
TE397;28.01.2024;21;1.0;138;39;136;39;2;39
TE397;28.01.2024;22;1.0;106;40;99;40;7;43
TE397;28.01.2024;23;1.0;59;39;56;39;3;41
TE397;29.01.2024;0;1.0;42;37;37;37;5;35
TE397;29.01.2024;1;1.0;27;39;27;39;0;-1
TE397;29.01.2024;2;1.0;17;41;16;41;1;50
TE397;29.01.2024;3;1.0;32;42;29;41;3;54
TE397;29.01.2024;4;1.0;46;38;42;38;4;38
TE397;29.01.2024;5;1.0;191;37;184;37;7;40
TE397;29.01.2024;6;1.0;397;41;382;41;15;39
TE397;29.01.2024;7;1.0;530;38;513;38;17;38
TE397;29.01.2024;8;1.0;654;35;632;35;22;34
TE397;29.01.2024;9;1.0;645;36;608;36;37;36
TE397;29.01.2024;10;1.0;516;38;484;38;32;37
TE397;29.01.2024;11;1.0;572;38;552;38;20;39
TE397;29.01.2024;12;1.0;621;37;595;37;26;39
TE397;29.01.2024;13;1.0;549;39;533;39;16;39
TE397;29.01.2024;14;1.0;783;36;733;36;50;36
TE397;29.01.2024;15;1.0;885;34;847;34;38;32
TE397;29.01.2024;16;1.0;704;36;690;36;14;33
TE397;29.01.2024;17;1.0;604;36;593;36;11;41
TE397;29.01.2024;18;1.0;442;38;434;38;8;41
TE397;29.01.2024;19;1.0;297;37;293;37;4;36
TE397;29.01.2024;20;1.0;202;40;200;40;2;40
TE397;29.01.2024;21;1.0;163;41;160;41;3;47
TE397;29.01.2024;22;1.0;131;41;120;41;11;40
TE397;29.01.2024;23;1.0;67;43;64;43;3;41
TE397;30.01.2024;0;1.0;31;41;31;41;0;-1
TE397;30.01.2024;1;1.0;17;40;17;40;0;-1
TE397;30.01.2024;2;1.0;24;38;21;39;3;34
TE397;30.01.2024;3;1.0;27;44;25;45;2;33
TE397;30.01.2024;4;1.0;58;38;53;38;5;39
TE397;30.01.2024;5;1.0;181;40;174;40;7;41
TE397;30.01.2024;6;1.0;379;42;359;42;20;40
TE397;30.01.2024;7;1.0;563;38;546;38;17;39
TE397;30.01.2024;8;1.0;590;31;566;31;24;30
TE397;30.01.2024;9;1.0;684;36;645;36;39;35
TE397;30.01.2024;10;1.0;619;37;589;37;30;36
TE397;30.01.2024;11;1.0;616;37;591;37;25;37
TE397;30.01.2024;12;1.0;565;37;537;37;28;37
TE397;30.01.2024;13;1.0;589;38;564;38;25;38
TE397;30.01.2024;14;1.0;723;34;687;34;36;35
TE397;30.01.2024;15;1.0;607;28;578;29;29;27
TE397;30.01.2024;16;1.0;675;35;648;36;27;31
TE397;30.01.2024;17;1.0;618;37;608;37;10;38
TE397;30.01.2024;18;1.0;502;38;493;38;9;40
TE397;30.01.2024;19;1.0;314;39;310;39;4;40
TE397;30.01.2024;20;1.0;223;42;218;42;5;49
TE397;30.01.2024;21;1.0;166;41;163;41;3;41
TE397;30.01.2024;22;1.0;135;43;127;43;8;45
TE397;30.01.2024;23;1.0;57;41;56;42;1;34
TE397;31.01.2024;0;1.0;30;40;27;40;3;37
TE397;31.01.2024;1;1.0;17;43;16;43;1;46
TE397;31.01.2024;2;1.0;29;43;23;41;6;51
TE397;31.01.2024;3;1.0;26;45;21;45;5;47
TE397;31.01.2024;4;1.0;52;41;47;41;5;40
TE397;31.01.2024;5;1.0;185;42;180;42;5;40
TE397;31.01.2024;6;1.0;365;47;360;47;5;46
TE397;31.01.2024;7;1.0;578;41;563;40;15;46
TE397;31.01.2024;8;1.0;582;44;575;44;7;43
TE397;31.01.2024;9;1.0;528;43;512;43;16;43
TE397;31.01.2024;10;1.0;525;40;503;40;22;43
TE397;31.01.2024;11;1.0;596;36;567;36;29;37
TE397;31.01.2024;12;1.0;561;40;527;40;34;40
TE397;31.01.2024;13;1.0;568;42;542;42;26;42
TE397;31.01.2024;14;1.0;695;38;662;38;33;39
TE397;31.01.2024;15;1.0;727;39;713;39;14;38
TE397;31.01.2024;16;1.0;693;41;683;41;10;38
TE397;31.01.2024;17;1.0;644;40;642;40;2;36
TE397;31.01.2024;18;1.0;708;39;706;39;2;34
TE397;31.01.2024;19;1.0;536;38;531;39;5;41
TE397;31.01.2024;20;1.0;231;43;224;43;7;44
TE397;31.01.2024;21;1.0;150;42;148;42;2;40
TE397;31.01.2024;22;1.0;181;38;174;38;7;42
TE397;31.01.2024;23;1.0;171;45;171;45;0;-1
TE398;03.01.2024;6;1.0;70;35;67;35;2;37
TE398;03.01.2024;7;1.0;113;36;94;35;19;38
TE398;03.01.2024;8;1.0;179;36;163;36;16;38
TE398;03.01.2024;9;1.0;212;36;195;36;17;36
TE398;03.01.2024;10;1.0;222;37;198;37;24;38
TE398;03.01.2024;11;1.0;273;39;249;39;24;40
TE398;03.01.2024;12;1.0;299;39;276;40;23;39
TE398;03.01.2024;13;1.0;275;39;254;39;21;41
TE398;03.01.2024;14;1.0;332;39;313;39;19;37
TE398;03.01.2024;15;1.0;386;38;361;38;25;37
TE398;03.01.2024;16;1.0;382;38;367;38;15;37
TE398;03.01.2024;17;1.0;371;38;352;38;19;37
TE398;03.01.2024;18;1.0;357;39;348;39;9;40
TE398;03.01.2024;19;1.0;263;38;251;38;12;41
TE398;03.01.2024;20;1.0;182;39;174;39;8;37
TE398;03.01.2024;21;1.0;129;42;120;42;9;41
TE398;03.01.2024;22;1.0;105;43;97;43;8;41
TE398;03.01.2024;23;1.0;82;44;75;44;7;43
TE398;04.01.2024;0;1.0;44;43;36;42;8;42
TE398;04.01.2024;1;1.0;48;44;43;44;5;38
TE398;04.01.2024;2;1.0;17;46;13;47;4;43
TE398;04.01.2024;3;1.0;18;43;13;44;5;40
TE398;04.01.2024;4;1.0;14;48;13;48;1;45
TE398;04.01.2024;5;1.0;28;47;26;47;2;43
TE398;04.01.2024;6;1.0;70;41;65;41;5;39
TE398;04.01.2024;7;1.0;124;39;111;39;13;38
TE398;04.01.2024;8;1.0;248;38;224;38;24;38
TE398;04.01.2024;9;1.0;221;38;217;38;4;40
TE398;04.01.2024;10;1.0;278;37;267;37;11;35
TE398;04.01.2024;11;1.0;290;35;277;35;13;36
TE398;04.01.2024;12;1.0;313;36;304;36;9;34
TE398;04.01.2024;13;1.0;336;39;322;39;14;38
TE398;04.01.2024;14;1.0;401;38;381;38;20;37
TE398;04.01.2024;15;1.0;413;38;400;38;13;37
TE398;04.01.2024;16;1.0;373;39;361;39;12;37
TE398;04.01.2024;17;1.0;352;41;347;41;5;40
TE398;04.01.2024;18;1.0;365;41;358;41;7;39
TE398;04.01.2024;19;1.0;262;40;256;40;6;38
TE398;04.01.2024;20;1.0;217;43;205;43;12;42
TE398;04.01.2024;21;1.0;126;44;124;44;2;46
TE398;04.01.2024;22;1.0;137;44;132;44;5;43
TE398;04.01.2024;23;1.0;88;46;87;46;1;49
TE398;05.01.2024;0;1.0;66;47;63;48;3;44
TE398;05.01.2024;1;1.0;44;46;42;46;2;44
TE398;05.01.2024;2;1.0;27;50;25;50;2;48
TE398;05.01.2024;3;1.0;21;42;19;42;2;39
TE398;05.01.2024;4;1.0;13;49;11;51;2;39
TE398;05.01.2024;5;1.0;28;44;27;44;1;46
TE398;05.01.2024;6;1.0;65;42;64;42;1;41
TE398;05.01.2024;7;1.0;124;39;114;39;10;38
TE398;05.01.2024;8;1.0;186;41;177;41;9;42
TE398;05.01.2024;9;1.0;228;39;222;39;6;44
TE398;05.01.2024;10;1.0;241;42;232;42;9;42
TE398;05.01.2024;11;1.0;275;40;265;40;10;39
TE398;05.01.2024;12;1.0;349;40;340;40;9;41
TE398;05.01.2024;13;1.0;360;40;346;40;14;40
TE398;05.01.2024;14;1.0;401;39;388;39;13;38
TE398;05.01.2024;15;1.0;395;39;383;39;12;39
TE398;05.01.2024;16;1.0;384;41;378;41;6;42
TE398;05.01.2024;17;1.0;352;41;348;41;4;40
TE398;05.01.2024;18;1.0;322;44;316;44;6;44
TE398;05.01.2024;19;1.0;236;44;232;44;4;46
TE398;05.01.2024;20;1.0;194;43;187;43;7;42
TE398;05.01.2024;21;1.0;139;46;138;46;1;44
TE398;05.01.2024;22;1.0;142;44;134;44;8;43
TE398;05.01.2024;23;1.0;94;47;92;47;2;48
TE398;06.01.2024;0;1.0;78;47;72;47;6;50
TE398;06.01.2024;1;1.0;39;49;39;49;0;-1
TE398;06.01.2024;2;1.0;36;48;36;48;0;-1
TE398;06.01.2024;3;1.0;32;50;32;50;0;-1
TE398;06.01.2024;4;1.0;32;49;31;49;1;50
TE398;06.01.2024;5;1.0;21;51;20;51;1;50
TE398;06.01.2024;6;1.0;27;45;26;45;1;50
TE398;06.01.2024;7;1.0;31;42;29;42;2;41
TE398;06.01.2024;8;1.0;59;44;59;44;0;-1
TE398;06.01.2024;9;1.0;102;44;100;44;2;42
TE398;06.01.2024;10;1.0;138;43;132;43;6;41
TE398;06.01.2024;11;1.0;221;42;216;42;5;43
TE398;06.01.2024;12;1.0;279;42;276;42;3;42
TE398;06.01.2024;13;1.0;293;43;285;43;8;43
TE398;06.01.2024;14;1.0;313;42;310;42;3;39
TE398;06.01.2024;15;1.0;314;42;308;42;6;42
TE398;06.01.2024;16;1.0;285;43;277;43;8;42
TE398;06.01.2024;17;1.0;267;44;263;44;4;43
TE398;06.01.2024;18;1.0;249;43;247;43;2;46
TE398;06.01.2024;19;1.0;210;43;207;43;3;44
TE398;06.01.2024;20;1.0;205;35;203;35;2;42
TE398;06.01.2024;21;1.0;119;47;116;47;3;46
TE398;06.01.2024;22;1.0;131;45;127;45;4;44
TE398;06.01.2024;23;1.0;103;46;95;46;8;46
TE398;07.01.2024;0;1.0;100;46;98;46;2;47
TE398;07.01.2024;1;1.0;49;48;48;48;1;42
TE398;07.01.2024;2;1.0;43;48;42;48;1;49
TE398;07.01.2024;3;1.0;38;46;37;46;1;49
TE398;07.01.2024;4;1.0;32;40;30;39;2;46
TE398;07.01.2024;5;1.0;30;43;30;43;0;-1
TE398;07.01.2024;6;1.0;18;45;18;45;0;-1
TE398;07.01.2024;7;1.0;24;40;24;40;0;-1
TE398;07.01.2024;8;1.0;33;46;33;46;0;-1
TE398;07.01.2024;9;1.0;67;44;62;44;5;45
TE398;07.01.2024;10;1.0;101;45;97;45;4;44
TE398;07.01.2024;11;1.0;140;45;138;45;2;44
TE398;07.01.2024;12;1.0;167;43;159;43;8;45
TE398;07.01.2024;13;1.0;193;43;191;43;2;41
TE398;07.01.2024;14;1.0;217;45;215;45;2;44
TE398;07.01.2024;15;1.0;177;43;174;43;3;42
TE398;07.01.2024;16;1.0;242;44;237;44;5;43
TE398;07.01.2024;17;1.0;204;44;201;44;3;43
TE398;07.01.2024;18;1.0;193;45;189;45;4;45
TE398;07.01.2024;19;1.0;172;45;169;45;3;44
TE398;07.01.2024;20;1.0;149;46;144;46;5;46
TE398;07.01.2024;21;1.0;108;42;106;42;2;38
TE398;07.01.2024;22;1.0;94;42;92;42;2;39
TE398;11.01.2024;15;1.0;512;39;504;39;8;38
TE398;11.01.2024;16;1.0;513;38;502;38;11;39
TE398;11.01.2024;17;1.0;485;39;477;39;8;39
TE398;11.01.2024;18;1.0;448;40;437;40;11;40
TE398;11.01.2024;19;1.0;346;41;338;41;8;42
TE398;11.01.2024;20;1.0;217;44;211;44;6;43
TE398;11.01.2024;21;1.0;131;44;126;44;5;43
TE398;11.01.2024;22;1.0;109;44;103;44;6;42
TE398;11.01.2024;23;1.0;89;44;83;43;6;46
TE398;12.01.2024;0;1.0;57;46;56;46;1;44
TE398;12.01.2024;1;1.0;22;49;19;49;3;46
TE398;12.01.2024;2;1.0;25;42;23;42;2;48
TE398;12.01.2024;3;1.0;17;45;15;45;2;48
TE398;12.01.2024;4;1.0;32;46;29;46;3;46
TE398;12.01.2024;5;1.0;31;43;31;43;0;-1
TE398;12.01.2024;6;1.0;75;41;73;41;2;34
TE398;12.01.2024;7;1.0;161;40;150;40;11;41
TE398;12.01.2024;8;1.0;265;41;257;41;8;40
TE398;12.01.2024;9;1.0;339;41;322;40;17;41
TE398;12.01.2024;10;1.0;284;41;262;41;22;41
TE398;12.01.2024;11;1.0;296;41;284;41;12;43
TE398;12.01.2024;12;1.0;387;40;374;40;13;40
TE398;12.01.2024;13;1.0;407;40;400;40;7;41
TE398;12.01.2024;14;1.0;471;41;456;41;15;40
TE398;12.01.2024;15;1.0;451;41;441;41;10;40
TE398;12.01.2024;16;1.0;381;41;370;41;11;42
TE398;12.01.2024;17;1.0;425;41;412;41;13;41
TE398;12.01.2024;18;1.0;364;44;358;44;6;43
TE398;12.01.2024;19;1.0;290;43;283;43;7;44
TE398;12.01.2024;20;1.0;232;44;223;44;9;43
TE398;12.01.2024;21;1.0;160;45;150;45;10;44
TE398;12.01.2024;22;1.0;143;43;140;43;3;39
TE398;12.01.2024;23;1.0;96;45;92;46;4;42
TE398;13.01.2024;0;1.0;88;48;83;48;5;47
TE398;13.01.2024;1;1.0;51;46;48;46;3;40
TE398;13.01.2024;2;1.0;38;46;38;46;0;-1
TE398;13.01.2024;3;1.0;24;49;22;50;2;39
TE398;13.01.2024;4;1.0;26;49;26;49;0;-1
TE398;13.01.2024;5;1.0;23;44;22;44;1;41
TE398;13.01.2024;6;1.0;31;48;29;48;2;41
TE398;13.01.2024;7;1.0;40;47;34;46;6;48
TE398;13.01.2024;8;1.0;56;46;51;47;5;43
TE398;13.01.2024;9;1.0;111;47;103;47;8;47
TE398;13.01.2024;10;1.0;138;45;132;45;6;47
TE398;13.01.2024;11;1.0;218;45;204;45;14;44
TE398;13.01.2024;12;1.0;263;45;260;45;3;44
TE398;13.01.2024;13;1.0;296;44;289;44;7;43
TE398;13.01.2024;14;1.0;275;46;268;46;7;48
TE398;13.01.2024;15;1.0;284;44;280;44;4;47
TE398;13.01.2024;16;1.0;274;44;268;44;6;43
TE398;13.01.2024;17;1.0;278;46;273;46;5;44
TE398;13.01.2024;18;1.0;260;44;257;44;3;46
TE398;13.01.2024;19;1.0;234;44;231;44;3;43
TE398;13.01.2024;20;1.0;186;43;168;43;18;43
TE398;13.01.2024;21;1.0;155;45;152;45;3;44
TE398;13.01.2024;22;1.0;121;45;117;45;4;45
TE398;13.01.2024;23;1.0;102;49;101;49;1;49
TE398;14.01.2024;0;1.0;94;50;89;50;5;47
TE398;14.01.2024;1;1.0;62;47;55;48;7;44
TE398;14.01.2024;2;1.0;50;50;48;50;2;50
TE398;14.01.2024;3;1.0;20;53;20;53;0;-1
TE398;14.01.2024;4;1.0;24;48;24;48;0;-1
TE398;14.01.2024;5;1.0;18;51;18;51;0;-1
TE398;14.01.2024;6;1.0;26;46;24;47;2;44
TE398;14.01.2024;7;1.0;20;42;20;42;0;-1
TE398;14.01.2024;8;1.0;35;46;35;46;0;-1
TE398;14.01.2024;9;1.0;61;49;56;48;5;52
TE398;14.01.2024;10;1.0;92;47;87;47;5;52
TE398;14.01.2024;11;1.0;120;47;118;47;2;48
TE398;14.01.2024;12;1.0;140;45;138;45;2;48
TE398;14.01.2024;13;1.0;203;46;196;46;7;46
TE398;14.01.2024;14;1.0;233;44;231;44;2;44
TE398;14.01.2024;15;1.0;202;41;195;41;7;41
TE398;14.01.2024;16;1.0;211;44;203;44;8;44
TE398;14.01.2024;17;1.0;208;44;201;44;7;43
TE398;14.01.2024;18;1.0;222;45;213;45;9;46
TE398;14.01.2024;19;1.0;162;45;158;45;4;42
TE398;14.01.2024;20;1.0;158;45;152;45;6;46
TE398;14.01.2024;21;1.0;132;47;124;47;8;48
TE398;14.01.2024;22;1.0;97;47;94;47;3;47
TE398;14.01.2024;23;1.0;73;48;70;48;3;50
TE398;15.01.2024;0;1.0;43;47;42;47;1;42
TE398;15.01.2024;1;1.0;27;53;25;54;2;45
TE398;15.01.2024;2;1.0;15;49;13;49;2;48
TE398;15.01.2024;3;1.0;19;46;17;45;2;51
TE398;15.01.2024;4;1.0;20;47;17;46;3;49
TE398;15.01.2024;5;1.0;30;47;28;47;2;53
TE398;15.01.2024;6;1.0;58;43;54;43;4;42
TE398;15.01.2024;7;1.0;180;40;175;40;5;40
TE398;15.01.2024;8;1.0;278;38;264;38;14;39
TE398;15.01.2024;9;1.0;267;39;243;39;24;39
TE398;15.01.2024;10;1.0;232;37;210;37;22;36
TE398;15.01.2024;11;1.0;273;40;249;40;24;40
TE398;15.01.2024;12;1.0;278;38;256;38;22;40
TE398;15.01.2024;13;1.0;290;42;279;42;11;40
TE398;15.01.2024;14;1.0;321;40;316;40;5;42
TE398;15.01.2024;15;1.0;417;41;410;41;7;40
TE398;15.01.2024;16;1.0;396;41;390;41;6;41
TE398;15.01.2024;17;1.0;417;41;401;41;16;42
TE398;15.01.2024;18;1.0;369;36;361;36;8;39
TE398;15.01.2024;19;1.0;299;44;293;44;6;44
TE398;15.01.2024;20;1.0;178;44;166;44;12;42
TE398;15.01.2024;21;1.0;141;43;137;43;4;43
TE398;15.01.2024;22;1.0;94;47;93;47;1;49
TE398;15.01.2024;23;1.0;76;47;74;46;2;49
TE398;16.01.2024;0;1.0;50;47;47;48;3;38
TE398;16.01.2024;1;1.0;21;43;19;44;2;37
TE398;16.01.2024;2;1.0;13;37;12;37;1;38
TE398;16.01.2024;3;1.0;17;39;12;39;5;39
TE398;16.01.2024;4;1.0;16;39;15;39;1;39
TE398;16.01.2024;5;1.0;22;41;21;41;1;40
TE398;16.01.2024;6;1.0;78;37;78;37;0;-1
TE398;16.01.2024;7;1.0;186;36;184;36;2;29
TE398;16.01.2024;8;1.0;217;37;211;37;6;39
TE398;16.01.2024;9;1.0;260;39;251;39;9;37
TE398;16.01.2024;10;1.0;259;39;247;39;12;38
TE398;16.01.2024;11;1.0;291;38;273;38;18;38
TE398;16.01.2024;12;1.0;295;38;289;38;6;39
TE398;16.01.2024;13;1.0;343;40;334;40;9;38
TE398;16.01.2024;14;1.0;396;39;384;39;12;38
TE398;16.01.2024;15;1.0;420;40;413;40;7;39
TE398;16.01.2024;16;1.0;438;40;429;40;9;40
TE398;16.01.2024;17;1.0;428;39;422;39;6;40
TE398;16.01.2024;18;1.0;436;41;429;41;7;43
TE398;16.01.2024;19;1.0;326;41;314;41;12;40
TE398;16.01.2024;20;1.0;184;44;174;44;10;44
TE398;16.01.2024;21;1.0;152;45;144;45;8;44
TE398;16.01.2024;22;1.0;114;43;109;43;5;39
TE398;16.01.2024;23;1.0;80;43;76;43;4;39
TE398;17.01.2024;0;1.0;66;42;63;42;3;42
TE398;17.01.2024;1;1.0;32;38;29;39;3;29
TE398;17.01.2024;2;1.0;19;42;17;40;2;54
TE398;17.01.2024;3;1.0;20;42;16;41;4;44
TE398;17.01.2024;4;1.0;16;39;15;39;1;35
TE398;17.01.2024;5;1.0;31;39;31;39;0;-1
TE398;17.01.2024;6;1.0;74;41;70;41;4;40
TE398;17.01.2024;7;1.0;201;38;199;38;2;38
TE398;17.01.2024;8;1.0;283;40;275;40;8;41
TE398;17.01.2024;9;1.0;283;36;273;36;10;36
TE398;17.01.2024;10;1.0;300;37;285;37;15;39
TE398;17.01.2024;11;1.0;262;41;254;41;8;41
TE398;17.01.2024;12;1.0;344;40;324;40;20;40
TE398;17.01.2024;13;1.0;372;39;354;39;18;40
TE398;17.01.2024;14;1.0;396;40;381;40;15;42
TE398;17.01.2024;15;1.0;442;38;416;38;26;37
TE398;17.01.2024;16;1.0;408;39;397;39;11;40
TE398;17.01.2024;17;1.0;391;41;370;41;21;40
TE398;17.01.2024;18;1.0;423;42;412;42;11;42
TE398;17.01.2024;19;1.0;335;43;323;43;12;44
TE398;17.01.2024;20;1.0;233;42;228;42;5;39
TE398;17.01.2024;21;1.0;123;47;122;47;1;47
TE398;17.01.2024;22;1.0;123;48;119;48;4;48
TE398;17.01.2024;23;1.0;69;47;67;46;2;52
TE398;18.01.2024;0;1.0;51;44;50;44;1;52
TE398;18.01.2024;1;1.0;26;49;25;49;1;52
TE398;18.01.2024;2;1.0;19;44;17;46;2;33
TE398;18.01.2024;3;1.0;22;46;19;47;3;43
TE398;18.01.2024;4;1.0;20;46;20;46;0;-1
TE398;18.01.2024;5;1.0;28;44;28;44;0;-1
TE398;18.01.2024;6;1.0;69;42;65;42;4;34
TE398;18.01.2024;7;1.0;168;40;159;40;9;38
TE398;18.01.2024;8;1.0;295;40;279;40;16;37
TE398;18.01.2024;9;1.0;272;40;259;40;13;41
TE398;18.01.2024;10;1.0;258;40;246;40;12;40
TE398;18.01.2024;11;1.0;260;38;255;38;5;38
TE398;18.01.2024;12;1.0;320;40;315;40;5;40
TE398;18.01.2024;13;1.0;368;38;356;38;12;39
TE398;18.01.2024;14;1.0;386;36;369;36;17;36
TE398;18.01.2024;15;1.0;440;37;427;37;13;36
TE398;18.01.2024;16;1.0;441;35;430;35;11;35
TE398;18.01.2024;17;1.0;459;37;444;37;15;36
TE398;18.01.2024;18;1.0;430;38;414;38;16;38
TE398;18.01.2024;19;1.0;320;36;314;36;6;36
TE398;18.01.2024;20;1.0;198;38;189;38;9;34
TE398;18.01.2024;21;1.0;157;40;150;40;7;39
TE398;18.01.2024;22;1.0;140;42;132;42;8;44
TE398;18.01.2024;23;1.0;109;42;106;42;3;45
TE398;19.01.2024;0;1.0;70;42;66;43;4;42
TE398;19.01.2024;1;1.0;32;45;30;45;2;41
TE398;19.01.2024;2;1.0;19;37;16;36;3;44
TE398;19.01.2024;3;1.0;13;43;11;42;2;49
TE398;19.01.2024;4;1.0;19;41;17;41;2;41
TE398;19.01.2024;5;1.0;24;40;22;40;2;41
TE398;19.01.2024;6;1.0;66;39;64;39;2;38
TE398;19.01.2024;7;1.0;181;35;172;35;9;35
TE398;19.01.2024;8;1.0;261;35;251;35;10;36
TE398;19.01.2024;9;1.0;249;35;235;35;14;35
TE398;19.01.2024;10;1.0;288;35;274;35;14;35
TE398;19.01.2024;11;1.0;338;36;318;36;20;37
TE398;19.01.2024;12;1.0;395;36;362;37;33;36
TE398;19.01.2024;13;1.0;475;34;450;34;25;35
TE398;19.01.2024;14;1.0;475;36;454;36;21;36
TE398;19.01.2024;15;1.0;480;36;461;36;19;36
TE398;19.01.2024;16;1.0;460;33;442;33;18;33
TE398;19.01.2024;17;1.0;398;39;381;39;17;39
TE398;19.01.2024;18;1.0;346;39;328;39;18;38
TE398;19.01.2024;19;1.0;336;36;306;36;30;37
TE398;19.01.2024;20;1.0;240;36;227;36;13;36
TE398;19.01.2024;21;1.0;184;39;173;39;11;38
TE398;19.01.2024;22;1.0;142;40;137;40;5;37
TE398;19.01.2024;23;1.0;119;38;111;38;8;39
TE398;20.01.2024;0;1.0;100;39;95;39;5;38
TE398;20.01.2024;1;1.0;53;41;51;41;2;39
TE398;20.01.2024;2;1.0;44;41;40;41;4;41
TE398;20.01.2024;3;1.0;18;39;17;39;1;39
TE398;20.01.2024;4;1.0;25;42;25;42;0;-1
TE398;20.01.2024;5;1.0;29;41;29;41;0;-1
TE398;20.01.2024;6;1.0;25;39;25;39;0;-1
TE398;20.01.2024;7;1.0;31;41;30;41;1;39
TE398;20.01.2024;8;1.0;65;40;60;40;5;41
TE398;20.01.2024;9;1.0;145;43;139;43;6;42
TE398;20.01.2024;10;1.0;170;43;161;43;9;42
TE398;20.01.2024;11;1.0;229;40;213;40;16;37
TE398;20.01.2024;12;1.0;260;41;243;41;17;43
TE398;20.01.2024;13;1.0;279;41;261;41;18;40
TE398;20.01.2024;14;1.0;291;41;279;41;12;41
TE398;20.01.2024;15;1.0;331;40;323;40;8;39
TE398;20.01.2024;16;1.0;294;40;289;40;5;38
TE398;20.01.2024;17;1.0;294;37;277;37;17;38
TE398;20.01.2024;18;1.0;291;39;283;39;8;39
TE398;20.01.2024;19;1.0;276;38;257;38;19;37
TE398;20.01.2024;20;1.0;184;40;179;40;5;43
TE398;20.01.2024;21;1.0;159;41;154;42;5;41
TE398;20.01.2024;22;1.0;158;41;150;41;8;41
TE398;20.01.2024;23;1.0;162;42;157;42;5;42
TE398;21.01.2024;0;1.0;88;42;81;42;7;39
TE398;21.01.2024;1;1.0;62;43;61;43;1;35
TE398;21.01.2024;2;1.0;40;48;40;48;0;-1
TE398;21.01.2024;3;1.0;40;48;39;48;1;44
TE398;21.01.2024;4;1.0;31;48;31;48;0;-1
TE398;21.01.2024;5;1.0;21;50;21;50;0;-1
TE398;21.01.2024;6;1.0;13;48;13;48;0;-1
TE398;21.01.2024;7;1.0;23;46;20;45;3;48
TE398;21.01.2024;8;1.0;33;48;33;48;0;-1
TE398;21.01.2024;9;1.0;98;43;91;43;7;42
TE398;21.01.2024;10;1.0;117;45;110;45;7;45
TE398;21.01.2024;11;1.0;158;44;155;44;3;43
TE398;21.01.2024;12;1.0;170;41;160;41;10;43
TE398;21.01.2024;13;1.0;219;41;212;41;7;40
TE398;21.01.2024;14;1.0;217;40;205;40;12;40
TE398;22.01.2024;7;1.0;206;35;190;35;16;35
TE398;22.01.2024;8;1.0;293;36;252;36;41;36
TE398;22.01.2024;9;1.0;272;37;235;37;37;36
TE398;22.01.2024;10;1.0;359;38;337;38;22;38
TE398;22.01.2024;11;1.0;309;38;274;38;35;37
TE398;22.01.2024;12;1.0;330;37;297;37;33;38
TE398;22.01.2024;13;1.0;366;38;349;38;17;39
TE398;22.01.2024;14;1.0;428;38;397;38;31;39
TE398;22.01.2024;15;1.0;431;39;402;39;29;38
TE398;22.01.2024;16;1.0;462;39;437;39;25;39
TE398;22.01.2024;17;1.0;509;37;487;37;22;36
TE398;22.01.2024;18;1.0;479;40;457;39;22;41
TE398;22.01.2024;19;1.0;318;38;297;38;21;38
TE398;22.01.2024;20;1.0;202;39;185;39;17;39
TE398;22.01.2024;21;1.0;138;41;126;41;12;43
TE398;22.01.2024;22;1.0;101;40;96;40;5;38
TE398;22.01.2024;23;1.0;72;41;65;41;7;39
TE398;23.01.2024;0;1.0;53;40;50;40;3;39
TE398;23.01.2024;1;1.0;35;46;33;46;2;47
TE398;23.01.2024;2;1.0;14;47;12;47;2;47
TE398;23.01.2024;3;1.0;14;43;12;44;2;36
TE398;23.01.2024;4;1.0;19;44;18;44;1;45
TE398;23.01.2024;5;1.0;29;42;27;42;2;42
TE398;23.01.2024;6;1.0;85;39;77;39;8;37
TE398;23.01.2024;7;1.0;178;37;169;37;9;35
TE398;23.01.2024;8;1.0;319;35;289;35;30;36
TE398;23.01.2024;9;1.0;306;36;284;37;22;35
TE398;23.01.2024;10;1.0;275;36;252;36;23;36
TE398;23.01.2024;11;1.0;312;36;281;36;31;36
TE398;23.01.2024;12;1.0;334;36;313;36;21;35
TE398;23.01.2024;13;1.0;380;38;342;38;38;38
TE398;23.01.2024;14;1.0;412;38;392;38;20;37
TE398;23.01.2024;15;1.0;451;36;418;36;33;37
TE398;23.01.2024;16;1.0;483;37;461;37;22;38
TE398;23.01.2024;17;1.0;461;35;452;35;9;35
TE398;23.01.2024;18;1.0;490;34;481;34;9;35
TE398;23.01.2024;19;1.0;346;38;326;38;20;38
TE398;23.01.2024;20;1.0;232;37;223;37;9;36
TE398;23.01.2024;21;1.0;139;40;134;40;5;41
TE398;23.01.2024;22;1.0;132;41;128;41;4;41
TE398;23.01.2024;23;1.0;73;45;67;45;6;44
TE398;24.01.2024;0;1.0;50;46;48;46;2;48
TE398;24.01.2024;1;1.0;27;46;27;46;0;-1
TE398;24.01.2024;2;1.0;11;43;9;44;2;36
TE398;24.01.2024;3;1.0;19;46;15;45;4;48
TE398;24.01.2024;4;1.0;22;36;17;35;5;40
TE398;24.01.2024;5;1.0;37;39;37;39;0;-1
TE398;24.01.2024;6;1.0;94;36;89;36;5;36
TE398;24.01.2024;7;1.0;226;37;203;37;23;37
TE398;24.01.2024;8;1.0;321;36;295;36;26;36
TE398;24.01.2024;9;1.0;322;37;276;37;46;36
TE398;24.01.2024;10;1.0;312;38;285;38;27;37
TE398;24.01.2024;11;1.0;300;38;277;38;23;40
TE398;24.01.2024;12;1.0;337;39;299;39;38;38
TE398;24.01.2024;13;1.0;406;38;368;38;38;39
TE398;24.01.2024;14;1.0;497;37;440;36;57;38
TE398;24.01.2024;15;1.0;501;37;463;37;38;37
TE398;24.01.2024;16;1.0;531;38;490;38;41;38
TE398;24.01.2024;17;1.0;500;37;478;37;22;37
TE398;24.01.2024;18;1.0;489;37;465;37;24;37
TE398;24.01.2024;19;1.0;361;36;342;36;19;36
TE398;24.01.2024;20;1.0;238;39;221;40;17;38
TE398;24.01.2024;21;1.0;165;42;156;42;9;41
TE398;24.01.2024;22;1.0;151;40;144;40;7;37
TE398;24.01.2024;23;1.0;98;42;94;42;4;42
TE398;25.01.2024;0;1.0;45;42;36;43;9;40
TE398;25.01.2024;1;1.0;35;47;32;47;3;46
TE398;25.01.2024;2;1.0;11;42;8;45;3;36
TE398;25.01.2024;3;1.0;22;39;20;38;2;44
TE398;25.01.2024;4;1.0;23;42;21;42;2;39
TE398;25.01.2024;5;1.0;36;41;35;41;1;45
TE398;25.01.2024;6;1.0;90;40;78;40;12;37
TE398;25.01.2024;7;1.0;189;38;168;38;21;38
TE398;25.01.2024;8;1.0;328;38;291;38;37;37
TE398;25.01.2024;9;1.0;301;37;262;37;39;37
TE398;25.01.2024;10;1.0;320;40;300;40;20;40
TE398;25.01.2024;11;1.0;351;34;320;34;31;34
TE398;25.01.2024;12;1.0;501;38;461;38;40;37
TE398;25.01.2024;13;1.0;388;39;368;39;20;39
TE398;25.01.2024;14;1.0;439;39;421;39;18;39
TE398;25.01.2024;15;1.0;517;35;496;35;21;35
TE398;25.01.2024;16;1.0;539;36;524;36;15;35
TE398;25.01.2024;17;1.0;482;41;474;41;8;38
TE398;25.01.2024;18;1.0;479;38;470;38;9;37
TE398;25.01.2024;19;1.0;345;42;330;42;15;41
TE398;25.01.2024;20;1.0;237;42;224;42;13;41
TE398;25.01.2024;21;1.0;161;44;156;44;5;45
TE398;25.01.2024;22;1.0;166;38;159;38;7;38
TE398;25.01.2024;23;1.0;109;39;104;39;5;38
TE398;26.01.2024;0;1.0;74;40;70;40;4;38
TE398;26.01.2024;1;1.0;37;38;37;38;0;-1
TE398;26.01.2024;2;1.0;19;40;16;40;3;37
TE398;26.01.2024;3;1.0;26;37;24;37;2;36
TE398;26.01.2024;4;1.0;23;47;21;48;2;45
TE398;26.01.2024;5;1.0;31;45;31;45;0;-1
TE398;26.01.2024;6;1.0;83;40;82;40;1;41
TE398;26.01.2024;7;1.0;181;35;174;35;7;34
TE398;26.01.2024;8;1.0;314;39;284;39;30;39
TE398;26.01.2024;9;1.0;244;41;227;41;17;41
TE398;26.01.2024;10;1.0;275;41;255;41;20;40
TE398;26.01.2024;11;1.0;339;39;320;39;19;40
TE398;26.01.2024;12;1.0;352;35;337;35;15;34
TE398;26.01.2024;13;1.0;448;38;431;38;17;38
TE398;26.01.2024;14;1.0;518;38;498;38;20;38
TE398;26.01.2024;15;1.0;489;38;471;38;18;38
TE398;26.01.2024;16;1.0;472;37;465;37;7;38
TE398;26.01.2024;17;1.0;436;37;420;37;16;37
TE398;26.01.2024;18;1.0;405;41;386;41;19;40
TE398;26.01.2024;19;1.0;331;39;316;39;15;40
TE398;26.01.2024;20;1.0;215;38;204;38;11;38
TE398;26.01.2024;21;1.0;174;40;166;40;8;40
TE398;26.01.2024;22;1.0;158;40;150;40;8;40
TE398;26.01.2024;23;1.0;125;41;117;41;8;42
TE398;27.01.2024;0;1.0;87;41;80;41;7;39
TE398;27.01.2024;1;1.0;56;43;55;43;1;41
TE398;27.01.2024;2;1.0;42;43;41;43;1;44
TE398;27.01.2024;3;1.0;33;46;32;46;1;44
TE398;27.01.2024;4;1.0;25;42;23;42;2;46
TE398;27.01.2024;5;1.0;13;41;12;42;1;27
TE398;27.01.2024;6;1.0;34;43;34;43;0;-1
TE398;27.01.2024;7;1.0;52;40;49;40;3;39
TE398;27.01.2024;8;1.0;95;41;87;41;8;38
TE398;27.01.2024;9;1.0;135;43;126;43;9;42
TE398;27.01.2024;10;1.0;163;43;158;43;5;45
TE398;27.01.2024;11;1.0;246;42;227;42;19;41
TE398;27.01.2024;12;1.0;329;43;318;43;11;42
TE398;27.01.2024;13;1.0;318;42;303;42;15;41
TE398;27.01.2024;14;1.0;308;39;293;39;15;39
TE398;27.01.2024;15;1.0;333;38;319;38;14;38
TE398;27.01.2024;16;1.0;302;37;295;37;7;37
TE398;27.01.2024;17;1.0;300;36;291;36;9;35
TE398;27.01.2024;18;1.0;296;35;283;35;13;35
TE398;27.01.2024;19;1.0;246;38;232;38;14;38
TE398;27.01.2024;20;1.0;240;37;225;37;15;37
TE398;27.01.2024;21;1.0;166;38;155;38;11;38
TE398;27.01.2024;22;1.0;155;40;148;40;7;40
TE398;27.01.2024;23;1.0;132;39;123;39;9;38
TE398;28.01.2024;0;1.0;117;40;113;40;4;42
TE398;28.01.2024;1;1.0;68;42;68;42;0;-1
TE398;28.01.2024;2;1.0;59;41;58;41;1;42
TE398;28.01.2024;3;1.0;37;41;35;41;2;40
TE398;28.01.2024;4;1.0;31;41;30;41;1;40
TE398;28.01.2024;5;1.0;21;39;21;39;0;-1
TE398;28.01.2024;6;1.0;22;38;22;38;0;-1
TE398;28.01.2024;7;1.0;23;39;23;39;0;-1
TE398;28.01.2024;8;1.0;41;40;40;40;1;45
TE398;28.01.2024;9;1.0;77;40;73;40;4;40
TE398;28.01.2024;10;1.0;108;39;105;39;3;37
TE398;28.01.2024;11;1.0;142;40;139;40;3;41
TE398;28.01.2024;12;1.0;197;40;186;40;11;42
TE398;28.01.2024;13;1.0;220;41;209;41;11;40
TE398;28.01.2024;14;1.0;231;38;221;38;10;38
TE398;28.01.2024;15;1.0;263;39;251;39;12;40
TE398;28.01.2024;16;1.0;258;39;249;39;9;38
TE398;28.01.2024;17;1.0;257;37;246;37;11;37
TE398;28.01.2024;18;1.0;225;39;213;39;12;38
TE398;28.01.2024;19;1.0;202;38;191;38;11;38
TE398;28.01.2024;20;1.0;161;38;148;38;13;38
TE398;28.01.2024;21;1.0;97;39;89;40;8;35
TE398;28.01.2024;22;1.0;101;39;97;39;4;39
TE398;28.01.2024;23;1.0;59;38;56;38;3;36
TE398;29.01.2024;0;1.0;43;42;40;42;3;39
TE398;29.01.2024;1;1.0;27;44;27;44;0;-1
TE398;29.01.2024;2;1.0;18;46;14;46;4;44
TE398;29.01.2024;3;1.0;21;40;19;39;2;44
TE398;29.01.2024;4;1.0;15;43;13;43;2;45
TE398;29.01.2024;5;1.0;37;38;36;38;1;45
TE398;29.01.2024;6;1.0;75;36;72;36;3;40
TE398;29.01.2024;7;1.0;211;34;193;34;18;33
TE398;29.01.2024;8;1.0;312;34;294;34;18;34
TE398;29.01.2024;9;1.0;296;34;247;34;49;34
TE398;29.01.2024;10;1.0;295;35;274;35;21;34
TE398;29.01.2024;11;1.0;327;34;297;34;30;34
TE398;29.01.2024;12;1.0;294;37;271;37;23;36
TE398;29.01.2024;13;1.0;381;37;368;37;13;36
TE398;29.01.2024;14;1.0;419;35;393;35;26;35
TE398;29.01.2024;15;1.0;428;36;422;36;6;35
TE398;29.01.2024;16;1.0;462;36;447;36;15;36
TE398;29.01.2024;17;1.0;430;36;411;36;19;36
TE398;29.01.2024;18;1.0;420;37;401;37;19;36
TE398;29.01.2024;19;1.0;321;37;299;37;22;37
TE398;29.01.2024;20;1.0;228;40;205;40;23;40
TE398;29.01.2024;21;1.0;124;39;116;39;8;38
TE398;29.01.2024;22;1.0;103;40;96;40;7;40
TE398;29.01.2024;23;1.0;58;41;51;41;7;41
TE398;30.01.2024;0;1.0;49;41;46;42;3;39
TE398;30.01.2024;1;1.0;36;44;34;44;2;40
TE398;30.01.2024;2;1.0;15;45;12;45;3;44
TE398;30.01.2024;3;1.0;12;40;7;39;5;41
TE398;30.01.2024;4;1.0;26;40;24;39;2;58
TE398;30.01.2024;5;1.0;34;39;32;38;2;47
TE398;30.01.2024;6;1.0;86;40;75;40;11;40
TE398;30.01.2024;7;1.0;198;35;180;35;18;34
TE398;30.01.2024;8;1.0;273;34;241;34;32;35
TE398;30.01.2024;9;1.0;319;34;296;34;23;36
TE398;30.01.2024;10;1.0;296;33;264;33;32;34
TE398;30.01.2024;11;1.0;328;36;305;36;23;34
TE398;30.01.2024;12;1.0;379;35;334;35;45;36
TE398;30.01.2024;13;1.0;404;36;368;36;36;37
TE398;30.01.2024;14;1.0;412;37;390;37;22;37
TE398;30.01.2024;15;1.0;449;37;424;37;25;36
TE398;30.01.2024;16;1.0;495;34;474;34;21;37
TE398;30.01.2024;17;1.0;466;35;452;35;14;32
TE398;30.01.2024;18;1.0;464;37;445;37;19;36
TE398;30.01.2024;19;1.0;336;40;318;40;18;38
TE398;30.01.2024;20;1.0;226;42;219;42;7;40
TE398;30.01.2024;21;1.0;180;42;177;42;3;40
TE398;30.01.2024;22;1.0;137;41;127;41;10;41
TE398;30.01.2024;23;1.0;78;41;73;41;5;44
TE398;31.01.2024;0;1.0;51;39;49;40;2;34
TE398;31.01.2024;1;1.0;28;45;25;44;3;51
TE398;31.01.2024;2;1.0;14;42;11;41;3;43
TE398;31.01.2024;3;1.0;20;39;18;39;2;42
TE398;31.01.2024;4;1.0;24;45;22;45;2;39
TE398;31.01.2024;5;1.0;35;44;28;44;7;42
TE398;31.01.2024;6;1.0;69;41;64;41;5;40
TE398;31.01.2024;7;1.0;186;37;172;37;14;37
TE398;31.01.2024;8;1.0;276;36;265;36;11;36
TE398;31.01.2024;9;1.0;266;34;249;34;17;31
TE398;31.01.2024;10;1.0;276;40;261;40;15;39
TE398;31.01.2024;11;1.0;314;39;280;39;34;38
TE398;31.01.2024;12;1.0;355;39;342;39;13;41
TE398;31.01.2024;13;1.0;408;38;396;39;12;37
TE398;31.01.2024;14;1.0;382;37;363;37;19;36
TE398;31.01.2024;15;1.0;452;39;442;39;10;40
TE398;31.01.2024;16;1.0;491;38;483;38;8;37
TE398;31.01.2024;17;1.0;433;39;419;39;14;40
TE398;31.01.2024;18;1.0;454;41;439;41;15;41
TE398;31.01.2024;19;1.0;359;42;342;42;17;42
TE398;31.01.2024;20;1.0;232;43;219;43;13;41
TE398;31.01.2024;21;1.0;146;44;137;44;9;44
TE398;31.01.2024;22;1.0;114;42;110;42;4;45
TE398;31.01.2024;23;1.0;86;49;81;49;5;47
TE414;01.01.2024;0;1.0;76;50;68;51;8;44
TE414;01.01.2024;1;1.0;167;50;164;50;3;46
TE414;01.01.2024;2;1.0;202;50;199;50;3;50
TE414;01.01.2024;3;1.0;166;49;164;49;2;46
TE414;01.01.2024;4;1.0;137;50;128;50;9;46
TE414;01.01.2024;5;1.0;113;50;109;50;4;47
TE414;01.01.2024;6;1.0;76;49;72;49;4;43
TE414;01.01.2024;7;1.0;75;49;69;49;6;45
TE414;01.01.2024;8;1.0;67;52;61;52;6;49
TE414;01.01.2024;9;1.0;90;51;83;50;7;54
TE414;01.01.2024;10;1.0;123;49;116;49;7;48
TE414;01.01.2024;11;1.0;197;37;192;37;5;39
TE414;01.01.2024;12;1.0;241;46;226;46;15;41
TE414;01.01.2024;13;1.0;309;47;302;47;7;45
TE414;01.01.2024;14;1.0;296;46;294;46;2;44
TE414;01.01.2024;15;1.0;298;46;290;46;8;47
TE414;01.01.2024;16;1.0;323;46;303;46;20;46
TE414;01.01.2024;17;1.0;295;46;290;47;5;44
TE414;01.01.2024;18;1.0;269;47;265;47;4;53
TE414;01.01.2024;19;1.0;221;50;216;50;5;51
TE414;01.01.2024;20;1.0;178;46;174;46;4;44
TE414;01.01.2024;21;1.0;169;49;164;50;5;47
TE414;01.01.2024;22;1.0;128;45;126;45;2;41
TE414;01.01.2024;23;1.0;89;48;85;48;4;51
TE414;02.01.2024;0;1.0;54;46;48;47;6;41
TE414;02.01.2024;1;1.0;37;54;35;54;2;48
TE414;02.01.2024;2;1.0;41;53;40;53;1;57
TE414;02.01.2024;3;1.0;72;51;69;51;3;48
TE414;02.01.2024;4;1.0;160;49;154;49;6;47
TE414;02.01.2024;5;1.0;564;45;543;45;21;46
TE414;02.01.2024;6;1.0;507;44;490;44;17;43
TE414;02.01.2024;7;1.0;562;43;540;43;22;43
TE414;02.01.2024;8;1.0;495;42;466;42;29;39
TE414;02.01.2024;9;1.0;451;46;429;46;22;46
TE414;02.01.2024;10;1.0;846;34;819;34;27;35
TE414;02.01.2024;11;1.0;945;33;924;33;21;34
TE414;02.01.2024;12;1.0;707;40;674;40;33;39
TE414;02.01.2024;13;1.0;780;41;755;41;25;42
TE414;02.01.2024;14;1.0;637;46;626;46;11;44
TE414;02.01.2024;15;1.0;666;47;657;47;9;45
TE414;02.01.2024;16;1.0;593;47;588;47;5;45
TE414;02.01.2024;17;1.0;515;48;509;48;6;48
TE414;02.01.2024;18;1.0;431;49;427;49;4;46
TE414;02.01.2024;19;1.0;295;47;294;46;1;45
TE414;02.01.2024;20;1.0;229;48;220;48;9;48
TE414;02.01.2024;21;1.0;257;51;249;51;8;48
TE414;02.01.2024;22;1.0;166;49;161;49;5;48
TE414;02.01.2024;23;1.0;126;48;124;48;2;46
TE414;03.01.2024;0;1.0;70;52;63;52;7;49
TE414;03.01.2024;1;1.0;44;52;41;52;3;53
TE414;03.01.2024;2;1.0;49;52;47;51;2;51
TE414;03.01.2024;3;1.0;81;52;71;53;10;48
TE414;03.01.2024;4;1.0;174;49;162;49;12;47
TE414;03.01.2024;5;1.0;568;44;533;44;35;44
TE414;03.01.2024;6;1.0;596;43;516;42;80;42
TE414;03.01.2024;7;1.0;620;40;522;41;98;41
TE414;03.01.2024;8;1.0;611;35;522;35;89;35
TE414;03.01.2024;9;1.0;745;35;636;35;109;36
TE414;04.01.2024;4;1.0;168;53;162;53;5;56
TE414;04.01.2024;5;1.0;529;52;511;52;18;54
TE414;04.01.2024;6;1.0;764;43;740;43;24;44
TE414;04.01.2024;7;1.0;715;35;683;35;32;35
TE414;04.01.2024;8;1.0;874;24;816;24;58;26
TE414;04.01.2024;9;1.0;567;40;480;39;87;41
TE414;04.01.2024;10;1.0;536;44;447;44;89;44
TE414;04.01.2024;11;1.0;816;27;738;27;78;28
TE414;04.01.2024;12;1.0;590;42;552;42;38;42
TE414;04.01.2024;13;1.0;916;28;852;27;64;35
TE414;04.01.2024;14;1.0;706;42;667;42;39;41
TE414;04.01.2024;15;1.0;718;44;682;44;36;44
TE414;04.01.2024;16;1.0;851;36;810;36;41;40
TE414;04.01.2024;17;1.0;742;40;705;40;37;38
TE414;04.01.2024;18;1.0;495;47;483;48;12;44
TE414;04.01.2024;19;1.0;356;47;342;47;14;46
TE414;04.01.2024;20;1.0;246;48;227;48;19;46
TE414;04.01.2024;21;1.0;236;51;224;51;12;50
TE414;04.01.2024;22;1.0;176;47;169;47;7;47
TE414;04.01.2024;23;1.0;127;52;121;52;6;48
TE414;05.01.2024;0;1.0;72;53;68;53;4;48
TE414;05.01.2024;1;1.0;41;51;39;51;2;48
TE414;05.01.2024;2;1.0;56;54;53;54;3;56
TE414;05.01.2024;3;1.0;74;56;66;56;8;53
TE414;05.01.2024;4;1.0;190;53;175;53;15;55
TE414;05.01.2024;5;1.0;550;48;504;48;46;48
TE414;05.01.2024;6;1.0;586;45;547;45;39;45
TE414;05.01.2024;7;1.0;658;40;607;41;51;40
TE414;05.01.2024;8;1.0;555;39;534;39;21;36
TE414;05.01.2024;9;1.0;561;44;545;44;16;44
TE414;05.01.2024;10;1.0;578;40;562;40;16;39
TE414;05.01.2024;11;1.0;586;46;554;46;32;43
TE414;05.01.2024;12;1.0;631;47;571;47;60;46
TE414;05.01.2024;13;1.0;668;46;632;46;36;47
TE414;05.01.2024;14;1.0;660;48;627;48;33;49
TE414;05.01.2024;15;1.0;615;48;598;48;17;48
TE414;05.01.2024;16;1.0;626;46;600;46;26;46
TE414;05.01.2024;17;1.0;537;48;520;48;17;47
TE414;05.01.2024;18;1.0;480;50;465;50;15;50
TE414;05.01.2024;19;1.0;357;48;345;48;12;50
TE414;05.01.2024;20;1.0;268;48;260;48;8;45
TE414;05.01.2024;21;1.0;232;53;224;53;8;50
TE414;05.01.2024;22;1.0;206;53;199;54;7;50
TE414;05.01.2024;23;1.0;142;52;139;52;3;45
TE414;06.01.2024;0;1.0;99;56;93;57;6;50
TE414;06.01.2024;1;1.0;80;54;78;54;2;63
TE414;06.01.2024;2;1.0;58;57;58;57;0;-1
TE414;06.01.2024;3;1.0;65;59;61;59;4;60
TE414;06.01.2024;4;1.0;120;55;116;55;4;50
TE414;06.01.2024;5;1.0;229;58;221;58;8;57
TE414;06.01.2024;6;1.0;117;55;114;55;3;58
TE414;06.01.2024;7;1.0;148;52;138;52;10;51
TE414;06.01.2024;8;1.0;258;49;245;49;13;46
TE414;06.01.2024;9;1.0;304;49;289;49;15;48
TE414;06.01.2024;10;1.0;382;46;365;46;17;46
TE414;06.01.2024;11;1.0;428;46;413;46;15;45
TE414;06.01.2024;12;1.0;484;46;474;46;10;47
TE414;06.01.2024;13;1.0;511;47;507;47;4;47
TE414;06.01.2024;14;1.0;573;46;565;46;8;46
TE414;06.01.2024;15;1.0;540;47;530;47;10;51
TE414;06.01.2024;16;1.0;527;47;507;47;20;47
TE414;06.01.2024;17;1.0;468;46;451;46;17;47
TE414;06.01.2024;18;1.0;421;47;409;47;12;50
TE414;06.01.2024;19;1.0;325;48;318;48;7;54
TE414;06.01.2024;20;1.0;254;53;251;53;3;49
TE414;06.01.2024;21;1.0;226;53;219;53;7;50
TE414;06.01.2024;22;1.0;180;54;171;54;9;52
TE414;06.01.2024;23;1.0;123;51;120;51;3;46
TE414;07.01.2024;0;1.0;125;53;119;53;6;48
TE414;07.01.2024;1;1.0;88;55;88;55;0;-1
TE414;07.01.2024;2;1.0;67;56;67;56;0;-1
TE414;07.01.2024;3;1.0;44;52;42;52;2;50
TE414;07.01.2024;4;1.0;45;47;43;47;2;52
TE414;07.01.2024;5;1.0;70;49;65;49;5;43
TE414;07.01.2024;6;1.0;76;46;76;46;0;-1
TE414;07.01.2024;7;1.0;51;51;47;51;4;49
TE414;07.01.2024;8;1.0;80;54;78;54;2;50
TE414;07.01.2024;9;1.0;154;51;153;51;1;51
TE414;07.01.2024;10;1.0;203;52;201;52;2;52
TE414;07.01.2024;11;1.0;225;47;220;48;5;41
TE414;07.01.2024;12;1.0;443;47;438;47;5;49
TE414;07.01.2024;13;1.0;357;48;350;48;7;49
TE414;07.01.2024;14;1.0;432;46;424;46;8;49
TE414;07.01.2024;15;1.0;391;49;390;49;1;49
TE414;07.01.2024;16;1.0;413;50;410;50;3;47
TE414;07.01.2024;17;1.0;372;50;357;50;15;49
TE414;07.01.2024;18;1.0;353;48;348;48;5;44
TE414;07.01.2024;19;1.0;293;48;290;48;3;48
TE414;07.01.2024;20;1.0;260;51;255;51;5;51
TE414;07.01.2024;21;1.0;214;50;203;50;11;50
TE414;07.01.2024;22;1.0;153;48;147;48;6;42
TE414;07.01.2024;23;1.0;110;48;102;48;8;44
TE414;08.01.2024;0;1.0;72;50;66;50;6;43
TE414;13.01.2024;22;1.0;199;52;188;52;11;49
TE414;13.01.2024;23;1.0;167;52;166;52;1;54
TE414;14.01.2024;0;1.0;138;54;135;54;3;45
TE414;14.01.2024;1;1.0;96;50;94;50;2;50
TE414;14.01.2024;2;1.0;59;54;59;54;0;-1
TE414;14.01.2024;3;1.0;49;56;48;56;1;44
TE414;14.01.2024;4;1.0;43;53;41;53;2;52
TE414;14.01.2024;5;1.0;84;52;79;52;5;50
TE414;14.01.2024;6;1.0;65;54;64;54;1;53
TE414;14.01.2024;7;1.0;65;53;65;53;0;-1
TE414;14.01.2024;8;1.0;101;47;100;47;1;52
TE414;14.01.2024;9;1.0;198;51;194;51;4;46
TE414;14.01.2024;10;1.0;205;52;201;52;4;45
TE414;14.01.2024;11;1.0;271;50;266;50;5;49
TE414;14.01.2024;12;1.0;386;48;379;48;7;49
TE414;14.01.2024;13;1.0;393;49;385;49;8;49
TE414;14.01.2024;14;1.0;417;51;412;51;5;48
TE414;14.01.2024;15;1.0;421;48;416;48;5;49
TE414;14.01.2024;16;1.0;415;47;406;47;9;46
TE414;14.01.2024;17;1.0;348;51;344;51;4;46
TE414;14.01.2024;18;1.0;342;49;337;49;5;52
TE414;14.01.2024;19;1.0;308;50;301;50;7;51
TE414;14.01.2024;20;1.0;259;52;256;52;3;52
TE414;14.01.2024;21;1.0;202;51;201;51;1;50
TE414;14.01.2024;22;1.0;168;50;165;50;3;52
TE414;14.01.2024;23;1.0;105;55;103;55;2;53
TE414;15.01.2024;0;1.0;77;54;71;54;6;49
TE414;15.01.2024;1;1.0;28;55;26;56;2;50
TE414;15.01.2024;2;1.0;50;54;50;54;0;-1
TE414;15.01.2024;3;1.0;95;56;86;56;9;56
TE414;15.01.2024;4;1.0;193;57;189;57;4;52
TE414;15.01.2024;5;1.0;598;48;574;48;24;51
TE414;15.01.2024;6;1.0;717;46;683;46;34;48
TE414;15.01.2024;7;1.0;910;27;872;27;38;28
TE414;15.01.2024;8;1.0;861;31;835;32;26;25
TE414;15.01.2024;9;1.0;661;45;619;45;42;44
TE414;15.01.2024;10;1.0;632;41;591;41;41;40
TE414;15.01.2024;11;1.0;580;40;541;40;39;39
TE414;15.01.2024;12;1.0;573;43;525;43;48;43
TE414;15.01.2024;13;1.0;675;39;642;39;33;41
TE414;15.01.2024;14;1.0;685;45;651;45;34;43
TE414;15.01.2024;15;1.0;837;36;812;36;24;36
TE414;15.01.2024;16;1.0;779;46;770;46;9;43
TE414;15.01.2024;17;1.0;580;46;571;46;9;44
TE414;15.01.2024;18;1.0;523;45;514;45;9;44
TE414;15.01.2024;19;1.0;347;47;343;47;4;45
TE414;15.01.2024;20;1.0;239;50;231;50;8;47
TE414;15.01.2024;21;1.0;231;49;227;49;4;46
TE414;15.01.2024;22;1.0;142;51;135;52;7;47
TE414;15.01.2024;23;1.0;106;54;101;54;5;53
TE414;16.01.2024;0;1.0;63;54;59;55;4;53
TE414;16.01.2024;1;1.0;30;56;30;56;0;-1
TE414;16.01.2024;2;1.0;32;46;32;46;0;-1
TE414;16.01.2024;3;1.0;104;36;100;36;4;39
TE414;16.01.2024;4;1.0;208;35;195;35;13;35
TE414;16.01.2024;5;1.0;568;32;562;32;6;32
TE414;16.01.2024;6;1.0;619;33;616;33;3;34
TE414;16.01.2024;7;1.0;728;32;716;33;12;32
TE414;16.01.2024;8;1.0;897;29;886;29;11;30
TE414;16.01.2024;9;1.0;780;33;751;33;29;35
TE414;16.01.2024;10;1.0;781;36;760;36;21;35
TE414;16.01.2024;11;1.0;607;39;534;39;73;38
TE414;16.01.2024;12;1.0;669;38;614;38;55;38
TE414;16.01.2024;13;1.0;720;39;663;40;57;40
TE414;16.01.2024;14;1.0;655;45;619;45;36;44
TE414;16.01.2024;15;1.0;780;46;747;46;33;45
TE414;16.01.2024;16;1.0;745;45;727;45;18;43
TE414;16.01.2024;17;1.0;617;45;608;45;9;47
TE414;16.01.2024;18;1.0;541;45;532;45;9;46
TE414;16.01.2024;19;1.0;352;49;347;49;5;47
TE414;16.01.2024;20;1.0;264;50;253;50;11;47
TE414;16.01.2024;21;1.0;241;53;235;53;6;51
TE414;16.01.2024;22;1.0;155;49;149;49;6;46
TE414;16.01.2024;23;1.0;113;50;107;51;6;46
TE414;17.01.2024;0;1.0;62;41;57;43;5;32
TE414;17.01.2024;1;1.0;52;50;49;50;3;47
TE414;17.01.2024;2;1.0;49;49;48;49;1;52
TE414;17.01.2024;3;1.0;88;53;78;53;10;53
TE414;17.01.2024;4;1.0;191;50;186;50;5;46
TE414;17.01.2024;5;1.0;585;44;555;44;30;42
TE414;17.01.2024;6;1.0;735;40;706;40;29;40
TE414;17.01.2024;7;1.0;897;33;860;33;37;34
TE414;17.01.2024;8;1.0;864;33;829;33;35;34
TE414;17.01.2024;9;1.0;709;38;672;38;37;38
TE414;17.01.2024;10;1.0;616;38;574;38;42;37
TE414;17.01.2024;11;1.0;597;41;540;41;57;41
TE414;17.01.2024;12;1.0;621;41;542;41;79;39
TE414;17.01.2024;13;1.0;620;42;569;42;51;41
TE414;17.01.2024;14;1.0;708;45;658;45;50;44
TE414;17.01.2024;15;1.0;876;29;840;28;36;34
TE414;17.01.2024;16;1.0;763;43;730;43;33;41
TE414;17.01.2024;17;1.0;684;46;658;46;26;43
TE414;17.01.2024;18;1.0;492;47;485;47;7;45
TE414;17.01.2024;19;1.0;363;46;361;46;2;41
TE414;17.01.2024;20;1.0;261;47;256;47;5;43
TE414;17.01.2024;21;1.0;227;47;225;47;2;44
TE414;17.01.2024;22;1.0;166;50;163;50;3;49
TE414;17.01.2024;23;1.0;117;51;113;51;4;48
TE414;18.01.2024;0;1.0;89;45;87;45;2;46
TE414;18.01.2024;1;1.0;75;43;75;43;0;-1
TE414;18.01.2024;2;1.0;75;53;73;54;2;56
TE414;18.01.2024;3;1.0;119;52;111;52;8;49
TE414;18.01.2024;4;1.0;197;49;190;49;7;44
TE414;18.01.2024;5;1.0;572;44;551;43;21;47
TE414;18.01.2024;6;1.0;697;40;685;40;12;38
TE414;18.01.2024;7;1.0;860;35;847;35;13;36
TE414;18.01.2024;8;1.0;849;35;816;35;33;33
TE414;18.01.2024;9;1.0;703;39;671;39;32;37
TE414;18.01.2024;10;1.0;597;43;540;43;57;43
TE414;18.01.2024;11;1.0;629;41;580;41;49;41
TE414;18.01.2024;12;1.0;598;40;531;40;67;39
TE414;18.01.2024;13;1.0;735;40;658;41;77;40
TE414;18.01.2024;14;1.0;703;42;636;42;67;42
TE414;18.01.2024;15;1.0;763;41;722;41;41;41
TE414;18.01.2024;16;1.0;800;38;768;38;31;39
TE414;18.01.2024;17;1.0;707;41;688;41;19;40
TE414;18.01.2024;18;1.0;595;44;584;44;11;42
TE414;18.01.2024;19;1.0;376;43;369;43;7;41
TE414;18.01.2024;20;1.0;290;44;281;45;9;43
TE414;18.01.2024;21;1.0;254;47;237;47;17;46
TE414;18.01.2024;22;1.0;178;44;174;44;4;42
TE414;18.01.2024;23;1.0;121;48;115;48;6;49
TE414;19.01.2024;0;1.0;61;51;57;51;4;50
TE414;19.01.2024;1;1.0;54;48;52;48;2;50
TE414;19.01.2024;2;1.0;42;56;40;56;2;50
TE414;19.01.2024;3;1.0;95;50;84;51;11;44
TE414;19.01.2024;4;1.0;166;50;158;50;8;47
TE414;19.01.2024;5;1.0;597;42;545;42;52;43
TE414;19.01.2024;6;1.0;649;40;610;40;39;39
TE414;19.01.2024;7;1.0;767;32;734;32;33;32
TE414;19.01.2024;8;1.0;728;35;682;35;46;34
TE414;19.01.2024;9;1.0;649;36;600;36;49;37
TE414;19.01.2024;10;1.0;628;37;562;37;66;38
TE414;19.01.2024;11;1.0;638;39;596;39;42;39
TE414;19.01.2024;12;1.0;696;39;635;39;61;39
TE414;19.01.2024;13;1.0;744;41;695;41;49;41
TE414;19.01.2024;14;1.0;901;35;840;35;61;36
TE414;19.01.2024;15;1.0;747;40;718;40;29;39
TE414;19.01.2024;16;1.0;698;45;682;45;16;44
TE414;19.01.2024;17;1.0;609;44;595;44;14;44
TE414;19.01.2024;18;1.0;525;46;506;46;19;47
TE414;19.01.2024;19;1.0;431;42;413;42;18;45
TE414;19.01.2024;20;1.0;293;44;285;44;8;40
TE414;19.01.2024;21;1.0;242;45;233;45;9;42
TE414;19.01.2024;22;1.0;233;47;228;47;5;44
TE414;19.01.2024;23;1.0;172;45;166;45;6;43
TE414;20.01.2024;0;1.0;126;46;122;47;4;42
TE414;20.01.2024;1;1.0;73;47;69;47;4;42
TE414;20.01.2024;2;1.0;72;50;71;51;1;49
TE414;20.01.2024;3;1.0;56;54;50;54;6;52
TE414;20.01.2024;4;1.0;90;48;83;48;7;48
TE414;20.01.2024;5;1.0;164;47;157;46;7;49
TE414;20.01.2024;6;1.0;150;48;137;48;13;49
TE414;20.01.2024;7;1.0;144;43;138;43;6;41
TE414;20.01.2024;8;1.0;236;46;218;45;18;46
TE414;20.01.2024;9;1.0;364;44;344;44;20;45
TE414;20.01.2024;10;1.0;408;44;387;44;21;42
TE414;20.01.2024;11;1.0;482;43;467;43;15;42
TE414;20.01.2024;12;1.0;541;44;532;44;9;43
TE414;20.01.2024;13;1.0;644;42;624;42;20;41
TE414;20.01.2024;14;1.0;629;42;611;42;18;43
TE414;20.01.2024;15;1.0;633;45;626;45;7;46
TE414;20.01.2024;16;1.0;579;40;558;40;21;41
TE414;20.01.2024;17;1.0;528;38;505;38;23;39
TE414;20.01.2024;18;1.0;449;43;440;43;9;38
TE414;20.01.2024;19;1.0;382;43;372;43;10;42
TE414;20.01.2024;20;1.0;296;44;287;44;9;42
TE414;20.01.2024;21;1.0;221;45;211;45;10;46
TE414;20.01.2024;22;1.0;243;45;229;45;14;45
TE414;20.01.2024;23;1.0;170;45;166;45;4;44
TE414;21.01.2024;0;1.0;142;47;135;48;7;40
TE414;21.01.2024;1;1.0;93;49;92;49;1;48
TE414;21.01.2024;2;1.0;61;49;60;49;1;39
TE414;21.01.2024;3;1.0;33;54;32;54;1;50
TE414;21.01.2024;4;1.0;40;54;38;55;2;53
TE414;21.01.2024;5;1.0;67;60;62;60;5;54
TE414;21.01.2024;6;1.0;61;53;61;53;0;-1
TE414;21.01.2024;7;1.0;50;55;47;56;3;51
TE414;21.01.2024;8;1.0;109;53;106;53;3;50
TE414;21.01.2024;9;1.0;183;49;182;49;1;50
TE414;21.01.2024;10;1.0;219;48;213;48;6;44
TE414;21.01.2024;11;1.0;310;51;304;51;6;52
TE414;21.01.2024;12;1.0;346;45;322;45;24;46
TE414;21.01.2024;13;1.0;379;46;368;46;11;46
TE414;21.01.2024;14;1.0;436;44;415;44;21;42
TE414;21.01.2024;15;1.0;420;45;400;44;20;45
TE414;21.01.2024;16;1.0;422;44;407;44;15;45
TE414;21.01.2024;17;1.0;370;43;361;43;9;43
TE414;21.01.2024;18;1.0;394;45;373;45;21;43
TE414;21.01.2024;19;1.0;299;46;282;46;17;48
TE414;21.01.2024;20;1.0;277;46;266;46;11;49
TE414;21.01.2024;21;1.0;232;50;218;50;14;50
TE414;21.01.2024;22;1.0;139;45;136;45;3;43
TE414;21.01.2024;23;1.0;94;44;89;44;5;43
TE414;22.01.2024;0;1.0;64;51;56;51;8;48
TE414;22.01.2024;1;1.0;41;46;36;46;5;47
TE414;22.01.2024;2;1.0;52;51;48;51;4;49
TE414;22.01.2024;3;1.0;86;50;75;50;11;48
TE414;22.01.2024;4;1.0;178;45;163;45;15;46
TE414;22.01.2024;5;1.0;604;40;553;40;51;42
TE414;22.01.2024;6;1.0;737;42;634;41;103;43
TE414;22.01.2024;7;1.0;892;31;791;30;101;34
TE414;22.01.2024;8;1.0;815;30;744;30;71;31
TE414;22.01.2024;9;1.0;738;34;659;34;79;33
TE414;22.01.2024;10;1.0;671;35;613;35;58;37
TE414;22.01.2024;11;1.0;740;36;649;36;91;37
TE414;22.01.2024;12;1.0;682;40;539;40;143;40
TE414;22.01.2024;13;1.0;721;37;634;36;87;41
TE414;22.01.2024;14;1.0;783;38;691;38;92;40
TE414;22.01.2024;15;1.0;774;39;712;38;62;41
TE414;22.01.2024;16;1.0;812;38;764;38;48;39
TE414;22.01.2024;17;1.0;650;40;626;39;24;39
TE414;22.01.2024;18;1.0;506;41;481;42;25;42
TE414;22.01.2024;19;1.0;348;40;328;39;20;41
TE414;22.01.2024;20;1.0;273;44;257;44;16;41
TE414;22.01.2024;21;1.0;230;47;219;47;11;46
TE414;22.01.2024;22;1.0;145;45;138;45;7;42
TE414;22.01.2024;23;1.0;118;45;110;45;8;43
TE414;23.01.2024;0;1.0;65;45;59;45;6;42
TE414;23.01.2024;1;1.0;48;46;43;46;5;42
TE414;23.01.2024;2;1.0;41;49;41;49;0;-1
TE414;23.01.2024;3;1.0;75;52;70;52;5;47
TE414;23.01.2024;4;1.0;182;51;172;51;10;50
TE414;23.01.2024;5;1.0;621;45;573;45;48;44
TE414;23.01.2024;6;1.0;776;40;717;40;59;41
TE414;23.01.2024;7;1.0;878;36;836;36;42;36
TE414;23.01.2024;8;1.0;823;34;780;34;43;35
TE414;23.01.2024;9;1.0;827;33;757;32;70;34
TE414;23.01.2024;10;1.0;878;25;804;24;74;30
TE414;23.01.2024;11;1.0;810;31;700;31;110;32
TE414;23.01.2024;12;1.0;682;38;593;38;89;36
TE414;23.01.2024;13;1.0;733;38;661;38;72;38
TE414;23.01.2024;14;1.0;729;42;664;42;65;41
TE414;23.01.2024;15;1.0;807;42;764;41;43;41
TE414;23.01.2024;16;1.0;781;43;735;43;46;43
TE414;23.01.2024;17;1.0;735;42;689;42;46;42
TE414;23.01.2024;18;1.0;615;42;579;42;36;43
TE414;23.01.2024;19;1.0;363;44;345;44;18;45
TE414;23.01.2024;20;1.0;279;44;249;44;30;47
TE414;23.01.2024;21;1.0;271;46;253;46;18;47
TE414;23.01.2024;22;1.0;164;47;157;48;7;44
TE414;23.01.2024;23;1.0;120;48;110;49;10;48
TE414;24.01.2024;0;1.0;48;53;47;53;1;39
TE414;24.01.2024;1;1.0;32;48;30;48;2;53
TE414;24.01.2024;2;1.0;53;49;52;50;1;44
TE414;24.01.2024;3;1.0;83;53;75;54;8;48
TE414;24.01.2024;4;1.0;180;50;168;51;12;51
TE414;24.01.2024;5;1.0;681;43;597;43;84;42
TE414;24.01.2024;6;1.0;749;41;593;41;156;41
TE414;24.01.2024;7;1.0;903;33;787;33;116;32
TE414;24.01.2024;8;1.0;947;29;879;29;68;29
TE414;24.01.2024;9;1.0;1020;20;942;19;78;22
TE414;24.01.2024;10;1.0;767;38;705;38;62;38
TE414;24.01.2024;11;1.0;663;25;568;25;95;25
TE414;24.01.2024;19;1.0;577;40;526;40;51;39
TE414;24.01.2024;20;1.0;486;38;461;39;25;37
TE414;24.01.2024;21;1.0;271;47;253;48;18;46
TE414;24.01.2024;22;1.0;174;46;165;46;9;44
TE414;24.01.2024;23;1.0;115;45;106;45;9;44
TE414;25.01.2024;0;1.0;61;51;55;52;6;44
TE414;25.01.2024;1;1.0;67;53;63;53;4;52
TE414;25.01.2024;2;1.0;50;55;38;55;12;54
TE414;25.01.2024;3;1.0;83;50;77;51;6;45
TE414;25.01.2024;4;1.0;183;49;176;49;7;50
TE414;25.01.2024;5;1.0;636;45;573;45;63;45
TE414;25.01.2024;6;1.0;776;42;688;42;88;41
TE414;25.01.2024;7;1.0;880;34;804;34;76;34
TE414;25.01.2024;8;1.0;900;35;817;35;83;33
TE414;25.01.2024;9;1.0;720;38;639;38;81;37
TE414;25.01.2024;10;1.0;716;39;644;39;72;39
TE414;25.01.2024;11;1.0;662;40;602;40;60;39
TE414;25.01.2024;12;1.0;700;39;623;39;77;39
TE414;25.01.2024;13;1.0;666;38;579;38;87;38
TE414;25.01.2024;14;1.0;772;41;710;41;62;41
TE414;25.01.2024;15;1.0;805;39;774;39;31;42
TE414;25.01.2024;16;1.0;799;38;768;38;31;40
TE414;25.01.2024;17;1.0;749;43;726;43;23;41
TE414;25.01.2024;18;1.0;586;48;569;48;17;46
TE414;25.01.2024;19;1.0;400;45;382;45;18;46
TE414;25.01.2024;20;1.0;289;48;278;48;11;45
TE414;25.01.2024;21;1.0;273;45;266;45;7;45
TE414;25.01.2024;22;1.0;184;44;174;44;10;42
TE414;25.01.2024;23;1.0;129;48;124;48;5;42
TE414;26.01.2024;0;1.0;82;49;77;50;5;43
TE414;26.01.2024;1;1.0;63;50;60;50;3;48
TE414;26.01.2024;2;1.0;64;49;62;49;2;42
TE414;26.01.2024;3;1.0;87;48;81;48;6;54
TE414;26.01.2024;4;1.0;178;48;170;48;8;47
TE414;26.01.2024;5;1.0;641;45;611;45;30;42
TE414;26.01.2024;6;1.0;806;39;769;39;37;39
TE414;26.01.2024;7;1.0;1038;15;1005;15;33;17
TE414;26.01.2024;8;1.0;739;12;724;12;15;13
TE414;26.01.2024;9;1.0;652;26;640;26;12;27
TE414;26.01.2024;10;1.0;616;40;582;40;34;40
TE414;26.01.2024;11;1.0;726;42;694;42;32;41
TE414;26.01.2024;12;1.0;769;39;709;39;60;39
TE414;26.01.2024;13;1.0;768;42;739;42;29;44
TE414;26.01.2024;14;1.0;937;41;924;41;13;41
TE414;26.01.2024;15;1.0;791;42;785;42;6;42
TE414;26.01.2024;16;1.0;766;38;759;38;7;40
TE414;26.01.2024;17;1.0;747;39;724;39;23;39
TE414;26.01.2024;18;1.0;642;42;631;42;11;43
TE414;26.01.2024;19;1.0;410;43;393;43;17;42
TE414;26.01.2024;20;1.0;331;44;314;44;17;43
TE414;26.01.2024;21;1.0;243;46;236;46;7;44
TE414;26.01.2024;22;1.0;221;42;213;42;8;42
TE414;26.01.2024;23;1.0;173;48;169;49;4;45
TE414;27.01.2024;0;1.0;122;48;111;48;11;46
TE414;27.01.2024;1;1.0;90;50;86;50;4;48
TE414;27.01.2024;2;1.0;65;48;60;48;5;50
TE414;27.01.2024;3;1.0;62;45;58;46;4;40
TE414;27.01.2024;4;1.0;82;49;77;49;5;45
TE414;27.01.2024;5;1.0;164;45;160;45;4;45
TE414;27.01.2024;6;1.0;122;49;115;49;7;49
TE414;27.01.2024;7;1.0;183;45;179;45;4;45
TE414;27.01.2024;8;1.0;250;45;238;45;12;44
TE414;27.01.2024;9;1.0;421;45;400;45;21;45
TE414;27.01.2024;10;1.0;436;46;417;46;19;44
TE414;27.01.2024;11;1.0;509;47;500;47;9;44
TE414;27.01.2024;12;1.0;558;46;549;46;9;46
TE414;27.01.2024;13;1.0;575;48;564;48;11;47
TE414;27.01.2024;14;1.0;646;42;631;42;15;41
TE414;27.01.2024;18;1.0;528;39;494;39;34;37
TE414;27.01.2024;19;1.0;392;44;378;44;14;44
TE414;27.01.2024;20;1.0;307;46;292;46;15;44
TE414;27.01.2024;21;1.0;228;48;216;48;12;48
TE414;27.01.2024;22;1.0;222;44;210;44;12;41
TE414;27.01.2024;23;1.0;205;44;195;44;10;42
TE414;28.01.2024;0;1.0;142;48;135;49;7;40
TE414;28.01.2024;1;1.0;83;49;80;49;3;48
TE414;28.01.2024;2;1.0;67;48;66;48;1;51
TE414;28.01.2024;3;1.0;63;48;59;48;4;42
TE414;28.01.2024;4;1.0;53;50;48;51;5;47
TE414;28.01.2024;5;1.0;84;47;79;47;5;38
TE414;28.01.2024;6;1.0;84;47;84;47;0;-1
TE414;28.01.2024;7;1.0;102;44;95;44;7;46
TE414;28.01.2024;8;1.0;111;45;108;45;3;44
TE414;28.01.2024;9;1.0;215;43;210;43;5;40
TE414;28.01.2024;10;1.0;286;44;279;44;7;46
TE414;28.01.2024;19;1.0;369;43;353;43;16;44
TE414;28.01.2024;20;1.0;277;46;264;46;13;43
TE414;28.01.2024;21;1.0;257;46;249;47;8;44
TE414;28.01.2024;22;1.0;163;47;157;47;6;50
TE414;28.01.2024;23;1.0;128;47;117;47;11;47
TE414;29.01.2024;0;1.0;75;48;67;48;8;46
TE414;29.01.2024;1;1.0;40;50;35;50;5;49
TE414;29.01.2024;2;1.0;53;50;48;50;5;52
TE414;29.01.2024;3;1.0;71;54;67;55;4;46
TE414;29.01.2024;4;1.0;176;49;164;49;12;47
TE414;29.01.2024;5;1.0;913;26;870;26;43;34
TE414;29.01.2024;6;1.0;933;28;904;28;29;28
TE414;29.01.2024;7;1.0;858;32;821;32;37;33
TE414;29.01.2024;8;1.0;921;32;842;32;79;31
TE414;29.01.2024;9;1.0;808;35;723;34;85;35
TE414;29.01.2024;10;1.0;644;30;557;30;87;33
TE414;29.01.2024;11;1.0;625;39;550;38;75;42
TE414;29.01.2024;12;1.0;648;28;554;28;94;30
TE414;29.01.2024;18;1.0;547;42;523;42;24;43
TE414;29.01.2024;19;1.0;375;44;354;44;21;43
TE414;29.01.2024;20;1.0;274;44;256;45;18;39
TE414;29.01.2024;21;1.0;238;47;229;47;9;45
TE414;29.01.2024;22;1.0;164;45;154;45;10;40
TE414;29.01.2024;23;1.0;102;46;98;46;4;36
TE414;30.01.2024;0;1.0;79;48;72;48;7;46
TE414;30.01.2024;1;1.0;41;49;38;49;3;48
TE414;30.01.2024;2;1.0;46;48;44;48;2;50
TE414;30.01.2024;3;1.0;82;49;74;49;8;50
TE414;30.01.2024;4;1.0;181;49;173;49;8;46
TE414;30.01.2024;5;1.0;578;42;545;42;33;43
TE414;30.01.2024;6;1.0;765;40;733;40;32;40
TE414;30.01.2024;7;1.0;875;31;822;30;53;30
TE414;30.01.2024;8;1.0;835;30;795;30;40;29
TE414;30.01.2024;9;1.0;631;37;562;37;69;37
TE414;30.01.2024;10;1.0;682;37;583;36;99;39
TE414;30.01.2024;11;1.0;666;36;580;36;86;35
TE414;30.01.2024;12;1.0;650;34;572;34;78;35
TE414;30.01.2024;13;1.0;722;34;633;34;89;34
TE414;30.01.2024;14;1.0;758;38;712;38;46;37
TE414;30.01.2024;15;1.0;860;34;800;34;60;36
TE414;30.01.2024;16;1.0;857;36;797;36;60;36
TE414;30.01.2024;17;1.0;670;39;641;39;29;40
TE414;30.01.2024;18;1.0;596;43;580;42;16;43
TE414;30.01.2024;19;1.0;415;43;398;43;17;43
TE414;30.01.2024;20;1.0;296;44;283;44;13;40
TE414;30.01.2024;21;1.0;259;45;248;45;11;44
TE414;30.01.2024;22;1.0;159;45;148;45;11;43
TE414;30.01.2024;23;1.0;89;47;84;47;5;43
TE414;31.01.2024;0;1.0;65;50;55;51;10;47
TE414;31.01.2024;1;1.0;50;50;46;50;4;56
TE414;31.01.2024;2;1.0;40;48;40;48;0;-1
TE414;31.01.2024;3;1.0;74;53;65;53;9;49
TE414;31.01.2024;4;1.0;176;51;159;51;17;51
TE414;31.01.2024;5;1.0;560;45;514;45;46;44
TE414;31.01.2024;6;1.0;775;41;705;41;70;42
TE414;31.01.2024;7;1.0;867;34;797;34;70;35
TE414;31.01.2024;8;1.0;904;34;856;34;48;33
TE414;31.01.2024;9;1.0;673;38;637;38;36;39
TE414;31.01.2024;10;1.0;673;41;612;41;61;38
TE414;31.01.2024;11;1.0;629;40;543;40;86;39
TE414;31.01.2024;12;1.0;660;37;580;37;80;38
TE414;31.01.2024;13;1.0;738;38;649;38;89;38
TE414;31.01.2024;14;1.0;735;41;685;41;50;42
TE414;31.01.2024;15;1.0;781;45;734;45;47;43
TE414;31.01.2024;16;1.0;779;45;731;45;48;43
TE414;31.01.2024;17;1.0;696;47;679;47;17;46
TE414;31.01.2024;18;1.0;644;47;625;47;19;44
TE414;31.01.2024;19;1.0;450;47;439;47;11;51
TE414;31.01.2024;20;1.0;302;48;286;48;16;48
TE414;31.01.2024;21;1.0;274;51;267;51;7;47
TE414;31.01.2024;22;1.0;318;48;301;48;17;42
TE414;31.01.2024;23;1.0;283;44;270;44;13;42
TE415;01.01.2024;0;1.0;223;39;183;39;40;37
TE415;01.01.2024;1;1.0;477;44;394;44;83;44
TE415;01.01.2024;2;1.0;392;50;346;51;46;47
TE415;01.01.2024;3;1.0;278;51;243;51;35;49
TE415;01.01.2024;4;1.0;193;52;168;52;25;49
TE415;01.01.2024;5;1.0;157;54;146;54;11;49
TE415;01.01.2024;6;1.0;116;54;110;54;6;48
TE415;01.01.2024;7;1.0;101;56;82;56;19;54
TE415;01.01.2024;8;1.0;92;55;83;56;9;56
TE415;01.01.2024;9;1.0;126;52;112;52;14;52
TE415;01.01.2024;10;1.0;178;52;170;52;8;52
TE415;01.01.2024;11;1.0;262;54;242;54;20;53
TE415;01.01.2024;12;1.0;367;53;333;53;34;52
TE415;01.01.2024;13;1.0;453;52;415;52;38;51
TE415;01.01.2024;14;1.0;494;52;481;52;13;51
TE415;01.01.2024;15;1.0;494;52;446;52;48;51
TE415;01.01.2024;16;1.0;507;46;437;46;71;42
TE415;01.01.2024;17;1.0;501;48;426;48;74;46
TE415;01.01.2024;18;1.0;406;50;328;50;78;49
TE415;01.01.2024;19;1.0;359;56;325;56;34;55
TE415;01.01.2024;20;1.0;316;51;296;51;20;52
TE415;01.01.2024;21;1.0;237;57;218;57;19;56
TE415;01.01.2024;22;1.0;179;57;152;57;27;55
TE415;01.01.2024;23;1.0;133;57;124;57;9;54
TE415;02.01.2024;0;1.0;85;57;73;57;12;54
TE415;02.01.2024;1;1.0;44;54;43;54;1;51
TE415;02.01.2024;2;1.0;39;56;38;56;1;51
TE415;02.01.2024;3;1.0;56;53;47;53;9;55
TE415;02.01.2024;4;1.0;107;53;92;53;15;53
TE415;02.01.2024;5;1.0;332;55;311;55;21;54
TE415;02.01.2024;6;1.0;511;56;483;56;28;56
TE415;02.01.2024;7;1.0;686;54;637;54;49;52
TE415;02.01.2024;8;1.0;676;53;642;53;34;53
TE415;02.01.2024;9;1.0;635;54;608;54;27;53
TE415;02.01.2024;10;1.0;758;53;699;54;59;51
TE415;02.01.2024;11;1.0;801;52;748;52;53;52
TE415;02.01.2024;12;1.0;786;53;723;53;63;51
TE415;02.01.2024;13;1.0;724;54;705;54;19;53
TE415;02.01.2024;14;1.0;856;51;839;51;17;52
TE415;02.01.2024;15;1.0;825;50;781;50;44;49
TE415;02.01.2024;16;1.0;793;51;619;52;174;49
TE415;02.01.2024;17;1.0;677;53;595;53;82;52
TE415;02.01.2024;18;1.0;575;56;361;57;214;53
TE415;02.01.2024;19;1.0;438;57;266;59;172;55
TE415;02.01.2024;20;1.0;325;56;193;57;132;54
TE415;02.01.2024;21;1.0;264;56;226;56;38;55
TE415;02.01.2024;22;1.0;206;55;182;55;24;56
TE415;02.01.2024;23;1.0;199;57;169;57;30;56
TE415;03.01.2024;0;1.0;117;56;94;57;23;54
TE415;03.01.2024;1;1.0;55;57;52;58;3;53
TE415;03.01.2024;2;1.0;49;49;41;48;8;53
TE415;03.01.2024;3;1.0;64;52;56;53;8;50
TE415;03.01.2024;4;1.0;128;52;110;52;18;54
TE415;03.01.2024;5;1.0;325;52;309;52;16;52
TE415;03.01.2024;6;1.0;550;51;519;51;31;52
TE415;03.01.2024;7;1.0;690;50;645;50;45;49
TE415;03.01.2024;8;1.0;766;49;731;49;35;48
TE415;03.01.2024;9;1.0;713;49;641;49;72;49
TE415;03.01.2024;10;1.0;742;49;683;49;59;49
TE415;03.01.2024;11;1.0;774;50;710;50;64;52
TE415;03.01.2024;12;1.0;802;49;744;49;58;49
TE415;03.01.2024;13;1.0;814;50;753;50;61;49
TE415;03.01.2024;14;1.0;819;37;757;37;61;37
TE415;03.01.2024;15;1.0;859;48;727;48;132;47
TE415;03.01.2024;16;1.0;829;47;628;48;201;47
TE415;03.01.2024;17;1.0;685;51;596;51;89;50
TE415;03.01.2024;18;1.0;673;51;564;51;109;50
TE415;03.01.2024;19;1.0;468;47;378;47;90;45
TE415;03.01.2024;20;1.0;361;54;257;55;104;53
TE415;03.01.2024;21;1.0;269;55;224;55;45;54
TE415;03.01.2024;22;1.0;234;54;172;55;62;54
TE415;03.01.2024;23;1.0;183;52;140;52;41;51
TE415;04.01.2024;0;1.0;104;58;90;58;14;55
TE415;04.01.2024;1;1.0;50;57;40;56;10;60
TE415;04.01.2024;2;1.0;56;59;52;59;4;60
TE415;04.01.2024;3;1.0;56;56;52;56;4;48
TE415;04.01.2024;4;1.0;104;54;92;55;12;52
TE415;04.01.2024;5;1.0;337;59;324;60;13;58
TE415;04.01.2024;6;1.0;537;60;521;60;16;61
TE415;04.01.2024;7;1.0;766;53;750;54;16;54
TE415;04.01.2024;8;1.0;873;41;832;41;41;41
TE415;04.01.2024;9;1.0;825;51;759;51;66;51
TE415;04.01.2024;10;1.0;800;51;741;51;59;51
TE415;04.01.2024;11;1.0;881;50;819;50;62;50
TE415;04.01.2024;12;1.0;784;50;699;50;85;50
TE415;04.01.2024;13;1.0;874;50;767;50;107;50
TE415;04.01.2024;14;1.0;840;49;715;49;125;48
TE415;04.01.2024;15;1.0;879;48;801;48;78;47
TE415;04.01.2024;16;1.0;920;49;866;49;54;48
TE415;04.01.2024;17;1.0;764;51;695;51;69;51
TE415;04.01.2024;18;1.0;601;53;542;53;59;53
TE415;04.01.2024;19;1.0;458;54;367;54;91;54
TE415;04.01.2024;20;1.0;313;54;286;54;27;54
TE415;04.01.2024;21;1.0;279;57;259;57;20;55
TE415;04.01.2024;22;1.0;259;57;232;58;27;55
TE415;04.01.2024;23;1.0;164;58;147;58;17;58
TE415;05.01.2024;0;1.0;128;58;111;57;17;60
TE415;05.01.2024;1;1.0;66;63;62;63;4;55
TE415;05.01.2024;2;1.0;45;58;41;58;4;66
TE415;05.01.2024;3;1.0;51;56;43;56;8;61
TE415;05.01.2024;4;1.0;117;58;101;57;16;66
TE415;05.01.2024;5;1.0;307;58;291;58;16;58
TE415;05.01.2024;6;1.0;514;56;473;56;41;56
TE415;05.01.2024;7;1.0;677;53;608;53;69;55
TE415;05.01.2024;8;1.0;725;48;690;48;34;47
TE415;05.01.2024;9;1.0;677;40;634;40;43;39
TE415;05.01.2024;10;1.0;694;53;667;53;27;53
TE415;05.01.2024;11;1.0;829;50;782;50;47;51
TE415;05.01.2024;12;1.0;839;51;669;51;170;51
TE415;05.01.2024;13;1.0;857;53;730;52;127;53
TE415;05.01.2024;14;1.0;802;52;676;51;126;51
TE415;05.01.2024;15;1.0;895;49;814;50;81;49
TE415;05.01.2024;16;1.0;780;50;672;50;108;52
TE415;05.01.2024;17;1.0;675;52;631;52;44;53
TE415;05.01.2024;18;1.0;658;53;608;52;50;53
TE415;05.01.2024;19;1.0;516;56;486;56;30;57
TE415;05.01.2024;20;1.0;377;57;331;57;46;58
TE415;05.01.2024;21;1.0;319;59;283;59;36;60
TE415;05.01.2024;22;1.0;287;58;266;59;21;57
TE415;05.01.2024;23;1.0;197;61;183;61;14;56
TE415;06.01.2024;0;1.0;137;61;121;61;16;64
TE415;06.01.2024;1;1.0;105;59;102;58;3;66
TE415;06.01.2024;2;1.0;73;58;72;59;1;49
TE415;06.01.2024;3;1.0;60;57;57;58;3;49
TE415;06.01.2024;4;1.0;92;57;84;56;8;66
TE415;06.01.2024;5;1.0;148;61;137;61;11;60
TE415;06.01.2024;6;1.0;150;57;133;57;17;55
TE415;06.01.2024;7;1.0;181;59;162;59;19;57
TE415;06.01.2024;8;1.0;326;57;287;57;39;58
TE415;06.01.2024;9;1.0;460;55;419;55;41;54
TE415;06.01.2024;10;1.0;593;52;556;52;37;52
TE415;06.01.2024;11;1.0;752;51;716;51;36;51
TE415;06.01.2024;12;1.0;782;52;716;52;66;51
TE415;06.01.2024;13;1.0;903;50;771;50;132;51
TE415;06.01.2024;14;1.0;828;43;693;42;134;44
TE415;06.01.2024;15;1.0;773;48;660;47;114;49
TE415;06.01.2024;16;1.0;694;52;639;52;55;52
TE415;06.01.2024;17;1.0;638;53;573;53;65;54
TE415;06.01.2024;18;1.0;581;50;496;50;86;50
TE415;06.01.2024;19;1.0;495;57;437;57;58;56
TE415;06.01.2024;20;1.0;384;57;350;57;34;57
TE415;06.01.2024;21;1.0;295;55;269;56;26;54
TE415;06.01.2024;22;1.0;279;56;255;56;24;56
TE415;06.01.2024;23;1.0;180;58;167;58;13;55
TE415;07.01.2024;0;1.0;195;60;168;60;27;60
TE415;07.01.2024;1;1.0;116;59;103;59;13;57
TE415;07.01.2024;2;1.0;72;58;61;58;11;59
TE415;07.01.2024;3;1.0;69;58;64;58;5;61
TE415;07.01.2024;4;1.0;61;54;55;54;6;54
TE415;07.01.2024;5;1.0;104;51;91;52;13;48
TE415;07.01.2024;6;1.0;119;53;111;53;8;53
TE415;07.01.2024;7;1.0;104;54;90;53;14;57
TE415;07.01.2024;8;1.0;141;56;131;57;10;52
TE415;07.01.2024;9;1.0;294;56;281;57;13;56
TE415;07.01.2024;10;1.0;365;56;342;56;23;57
TE415;07.01.2024;11;1.0;427;55;404;55;23;53
TE415;07.01.2024;12;1.0;586;53;563;53;23;53
TE415;07.01.2024;13;1.0;598;53;498;53;100;55
TE415;07.01.2024;15;1.0;534;50;487;50;46;50
TE415;07.01.2024;16;1.0;584;52;507;52;77;52
TE415;07.01.2024;17;1.0;529;50;465;50;64;51
TE415;07.01.2024;18;1.0;437;57;366;57;71;58
TE415;07.01.2024;19;1.0;417;56;355;57;62;55
TE415;07.01.2024;20;1.0;322;58;278;58;44;58
TE415;07.01.2024;21;1.0;239;54;174;54;65;51
TE415;07.01.2024;22;1.0;201;48;171;48;30;48
TE415;07.01.2024;23;1.0;110;54;92;54;18;48
TE415;08.01.2024;0;1.0;89;53;69;53;20;52
TE415;08.01.2024;1;1.0;45;57;39;56;6;60
TE415;08.01.2024;2;1.0;49;51;36;49;13;53
TE415;08.01.2024;3;1.0;51;52;43;52;8;47
TE415;08.01.2024;4;1.0;124;53;104;52;20;56
TE415;08.01.2024;5;1.0;431;54;370;54;61;54
TE415;08.01.2024;6;1.0;1167;46;1059;46;108;47
TE415;08.01.2024;7;1.0;1042;47;925;47;117;47
TE415;08.01.2024;8;1.0;1007;45;903;45;104;45
TE415;08.01.2024;9;1.0;795;48;711;48;84;48
TE415;08.01.2024;10;1.0;746;49;647;49;99;49
TE415;08.01.2024;11;1.0;814;48;723;48;91;48
TE415;08.01.2024;12;1.0;827;48;733;48;94;48
TE415;08.01.2024;13;1.0;783;37;737;37;45;37
TE415;08.01.2024;14;1.0;857;48;761;48;96;47
TE415;08.01.2024;15;1.0;953;45;889;45;64;45
TE415;08.01.2024;16;1.0;895;46;828;46;67;46
TE415;08.01.2024;17;1.0;833;48;784;48;49;47
TE415;08.01.2024;18;1.0;675;48;603;48;72;50
TE415;08.01.2024;19;1.0;475;50;437;50;38;49
TE415;08.01.2024;20;1.0;332;51;289;51;43;51
TE415;08.01.2024;21;1.0;275;51;245;51;30;53
TE415;08.01.2024;22;1.0;191;44;168;44;22;43
TE415;08.01.2024;23;1.0;570;43;490;43;81;43
TE415;09.01.2024;0;1.0;427;54;322;54;105;54
TE415;09.01.2024;1;1.0;136;56;99;56;37;57
TE415;09.01.2024;2;1.0;41;53;31;53;10;54
TE415;09.01.2024;3;1.0;52;52;39;52;13;51
TE415;09.01.2024;4;1.0;120;54;106;55;14;50
TE415;09.01.2024;5;1.0;379;55;343;55;36;55
TE415;09.01.2024;6;1.0;688;52;615;52;73;52
TE415;09.01.2024;7;1.0;1048;46;965;46;83;47
TE415;09.01.2024;8;1.0;1136;43;1030;43;106;43
TE415;09.01.2024;9;1.0;872;49;779;49;93;49
TE415;09.01.2024;10;1.0;781;49;707;49;74;50
TE415;09.01.2024;11;1.0;739;49;691;49;48;48
TE415;09.01.2024;12;1.0;843;49;759;49;84;49
TE415;09.01.2024;13;1.0;825;49;734;49;91;49
TE415;09.01.2024;14;1.0;865;47;765;47;100;46
TE415;09.01.2024;15;1.0;987;46;917;46;70;45
TE415;09.01.2024;16;1.0;959;45;904;45;55;45
TE415;09.01.2024;17;1.0;863;45;811;45;52;46
TE415;09.01.2024;18;1.0;719;46;652;46;67;47
TE415;09.01.2024;19;1.0;475;50;447;50;28;49
TE415;09.01.2024;20;1.0;347;52;314;53;33;51
TE415;09.01.2024;21;1.0;268;53;242;53;26;48
TE415;09.01.2024;22;1.0;212;53;175;54;37;51
TE415;09.01.2024;23;1.0;115;57;84;58;31;56
TE415;10.01.2024;0;1.0;79;55;60;56;19;53
TE415;10.01.2024;1;1.0;38;58;33;58;5;55
TE415;10.01.2024;2;1.0;45;53;39;55;6;47
TE415;10.01.2024;3;1.0;50;51;34;49;16;55
TE415;10.01.2024;4;1.0;133;54;100;54;33;54
TE415;10.01.2024;5;1.0;418;56;367;56;51;55
TE415;10.01.2024;6;1.0;721;53;597;53;124;52
TE415;10.01.2024;7;1.0;1041;47;920;47;121;48
TE415;10.01.2024;8;1.0;1075;45;991;45;84;45
TE415;10.01.2024;9;1.0;780;50;692;50;88;50
TE415;10.01.2024;10;1.0;757;50;687;50;70;50
TE415;10.01.2024;11;1.0;769;47;702;47;67;47
TE415;10.01.2024;12;1.0;830;48;760;48;70;48
TE415;10.01.2024;13;1.0;812;48;715;48;97;47
TE415;10.01.2024;14;1.0;893;46;807;46;86;45
TE415;10.01.2024;15;1.0;966;44;911;44;55;44
TE415;10.01.2024;16;1.0;905;37;839;37;66;37
TE415;10.01.2024;17;1.0;810;47;755;47;55;46
TE415;10.01.2024;18;1.0;736;48;678;48;58;47
TE415;10.01.2024;19;1.0;472;51;421;51;51;49
TE415;10.01.2024;20;1.0;361;53;331;53;30;50
TE415;10.01.2024;21;1.0;279;54;256;54;23;53
TE415;10.01.2024;22;1.0;207;55;189;55;18;53
TE415;10.01.2024;23;1.0;125;55;107;56;18;54
TE415;11.01.2024;0;1.0;91;56;76;56;15;54
TE415;11.01.2024;1;1.0;35;57;31;57;4;53
TE415;11.01.2024;2;1.0;55;59;52;59;3;62
TE415;11.01.2024;3;1.0;56;51;51;50;5;60
TE415;11.01.2024;4;1.0;128;47;112;47;15;49
TE415;11.01.2024;5;1.0;364;55;337;55;27;55
TE415;11.01.2024;6;1.0;702;57;655;57;47;56
TE415;11.01.2024;7;1.0;1061;51;883;52;178;47
TE415;11.01.2024;8;1.0;1060;41;826;41;234;44
TE415;11.01.2024;9;1.0;824;54;621;55;203;53
TE415;11.01.2024;10;1.0;794;53;698;52;96;52
TE415;11.01.2024;11;1.0;787;51;717;51;70;51
TE415;11.01.2024;12;1.0;820;50;682;50;138;49
TE415;11.01.2024;13;1.0;770;49;653;49;117;48
TE415;11.01.2024;14;1.0;878;52;797;51;81;52
TE415;11.01.2024;15;1.0;953;49;904;49;49;51
TE415;11.01.2024;16;1.0;955;48;906;48;49;50
TE415;11.01.2024;17;1.0;791;50;763;50;28;49
TE415;11.01.2024;18;1.0;690;50;665;50;25;48
TE415;11.01.2024;19;1.0;538;53;518;53;20;52
TE415;11.01.2024;20;1.0;367;56;348;56;19;55
TE415;11.01.2024;21;1.0;270;57;252;57;18;57
TE415;11.01.2024;22;1.0;242;57;229;57;13;54
TE415;11.01.2024;23;1.0;144;58;133;59;11;58
TE415;12.01.2024;0;1.0;85;58;75;58;10;54
TE415;12.01.2024;1;1.0;50;59;45;59;5;53
TE415;12.01.2024;2;1.0;37;56;33;56;4;55
TE415;12.01.2024;3;1.0;52;60;45;60;7;60
TE415;12.01.2024;4;1.0;132;55;117;55;14;56
TE415;12.01.2024;5;1.0;347;61;330;61;17;60
TE415;12.01.2024;6;1.0;604;56;573;56;31;57
TE415;12.01.2024;7;1.0;915;49;868;49;47;49
TE415;12.01.2024;8;1.0;928;48;892;48;36;51
TE415;12.01.2024;9;1.0;753;51;720;51;33;51
TE415;12.01.2024;10;1.0;692;52;657;52;35;51
TE415;12.01.2024;11;1.0;740;51;695;51;45;51
TE415;12.01.2024;12;1.0;813;50;771;50;42;51
TE415;12.01.2024;13;1.0;822;50;777;50;45;50
TE415;12.01.2024;14;1.0;843;51;809;51;34;52
TE415;12.01.2024;15;1.0;914;51;845;51;69;51
TE415;12.01.2024;16;1.0;832;51;802;51;30;51
TE415;12.01.2024;17;1.0;740;52;712;52;28;52
TE415;12.01.2024;18;1.0;715;52;680;52;35;52
TE415;12.01.2024;19;1.0;555;55;533;55;22;54
TE415;12.01.2024;20;1.0;388;57;368;57;20;58
TE415;12.01.2024;21;1.0;346;58;322;57;24;57
TE415;12.01.2024;22;1.0;266;59;251;59;15;56
TE415;12.01.2024;23;1.0;232;53;215;54;17;45
TE415;13.01.2024;0;1.0;154;59;142;59;12;56
TE415;13.01.2024;1;1.0;91;55;82;55;9;54
TE415;13.01.2024;2;1.0;60;56;56;56;4;53
TE415;13.01.2024;3;1.0;52;55;47;55;5;57
TE415;13.01.2024;4;1.0;57;58;45;58;12;58
TE415;13.01.2024;5;1.0;122;53;93;53;29;53
TE415;13.01.2024;6;1.0;141;52;122;52;20;49
TE415;13.01.2024;7;1.0;181;57;166;57;15;54
TE415;13.01.2024;8;1.0;304;59;280;59;24;58
TE415;13.01.2024;9;1.0;480;58;448;58;32;57
TE415;13.01.2024;11;1.0;794;52;751;52;43;52
TE415;13.01.2024;12;1.0;839;51;794;51;45;51
TE415;13.01.2024;13;1.0;856;52;797;52;59;51
TE415;13.01.2024;14;1.0;853;50;805;50;48;50
TE415;13.01.2024;15;1.0;807;52;755;52;52;53
TE415;13.01.2024;16;1.0;723;55;686;55;37;54
TE415;13.01.2024;17;1.0;616;55;586;55;30;55
TE415;13.01.2024;18;1.0;549;56;489;57;60;55
TE415;13.01.2024;19;1.0;450;58;430;58;20;58
TE415;13.01.2024;20;1.0;359;57;336;57;23;57
TE415;13.01.2024;21;1.0;271;58;259;58;12;56
TE415;13.01.2024;22;1.0;279;57;250;57;29;58
TE415;13.01.2024;23;1.0;221;61;189;61;32;59
TE415;14.01.2024;0;1.0;166;61;132;61;34;61
TE415;14.01.2024;1;1.0;99;60;88;60;11;56
TE415;14.01.2024;2;1.0;93;60;78;60;15;60
TE415;14.01.2024;3;1.0;70;62;68;62;2;60
TE415;14.01.2024;4;1.0;75;61;69;61;6;59
TE415;14.01.2024;5;1.0;109;57;105;57;4;57
TE415;14.01.2024;6;1.0;90;59;83;60;7;57
TE415;14.01.2024;7;1.0;132;56;122;56;10;52
TE415;14.01.2024;8;1.0;150;58;136;59;14;56
TE415;14.01.2024;9;1.0;327;54;292;54;36;52
TE415;14.01.2024;10;1.0;378;56;350;56;28;56
TE415;14.01.2024;11;1.0;482;54;440;54;42;54
TE415;14.01.2024;12;1.0;528;56;499;56;29;56
TE415;14.01.2024;13;1.0;607;55;539;55;68;54
TE415;14.01.2024;14;1.0;630;55;572;55;58;54
TE415;14.01.2024;15;1.0;566;55;518;56;48;54
TE415;14.01.2024;16;1.0;571;53;549;53;22;52
TE415;14.01.2024;17;1.0;504;54;491;54;13;54
TE415;14.01.2024;18;1.0;408;57;389;57;19;57
TE415;14.01.2024;19;1.0;416;56;389;56;27;56
TE415;14.01.2024;20;1.0;326;58;315;58;11;57
TE415;14.01.2024;21;1.0;247;58;227;58;20;59
TE415;14.01.2024;22;1.0;195;61;182;61;13;59
TE415;14.01.2024;23;1.0;125;59;116;59;9;56
TE415;15.01.2024;0;1.0;74;60;64;61;10;57
TE415;15.01.2024;1;1.0;47;60;45;60;2;48
TE415;15.01.2024;2;1.0;42;61;37;62;5;56
TE415;15.01.2024;3;1.0;57;55;51;54;6;61
TE415;15.01.2024;4;1.0;104;61;87;60;17;62
TE415;15.01.2024;5;1.0;378;61;357;61;21;61
TE415;15.01.2024;6;1.0;732;55;685;54;47;55
TE415;15.01.2024;7;1.0;1121;44;1023;44;98;45
TE415;15.01.2024;8;1.0;1056;38;982;38;74;41
TE415;15.01.2024;9;1.0;810;52;705;52;105;52
TE415;15.01.2024;10;1.0;741;52;659;52;82;51
TE415;15.01.2024;11;1.0;773;53;691;53;82;53
TE415;15.01.2024;12;1.0;745;53;619;53;126;53
TE415;15.01.2024;13;1.0;776;53;673;53;103;51
TE415;15.01.2024;14;1.0;855;52;757;52;98;51
TE415;15.01.2024;15;1.0;949;50;888;50;61;50
TE415;15.01.2024;16;1.0;900;51;848;51;52;51
TE415;15.01.2024;17;1.0;806;49;732;49;74;51
TE415;15.01.2024;18;1.0;672;49;632;50;40;50
TE415;15.01.2024;19;1.0;496;55;468;55;28;55
TE415;15.01.2024;20;1.0;330;54;313;54;17;55
TE415;15.01.2024;21;1.0;297;53;283;53;14;54
TE415;15.01.2024;22;1.0;176;60;167;60;9;54
TE415;15.01.2024;23;1.0;132;57;123;57;9;54
TE415;16.01.2024;1;1.0;48;56;43;55;5;59
TE415;16.01.2024;2;1.0;36;51;33;52;3;45
TE415;16.01.2024;3;1.0;45;47;36;48;9;46
TE415;16.01.2024;4;1.0;119;49;101;49;18;50
TE415;16.01.2024;5;1.0;403;45;387;45;16;46
TE415;16.01.2024;6;1.0;793;38;764;38;29;38
TE415;16.01.2024;7;1.0;1045;21;998;21;47;25
TE415;16.01.2024;8;1.0;1116;19;1085;19;31;18
TE415;16.01.2024;9;1.0;948;44;920;44;28;45
TE415;16.01.2024;10;1.0;799;50;764;50;35;51
TE415;16.01.2024;11;1.0;772;49;722;49;50;51
TE415;16.01.2024;12;1.0;762;52;727;52;35;52
TE415;16.01.2024;13;1.0;796;50;755;50;41;50
TE415;16.01.2024;14;1.0;835;50;781;50;54;49
TE415;16.01.2024;15;1.0;875;52;830;52;45;52
TE415;16.01.2024;16;1.0;877;49;831;49;46;50
TE415;16.01.2024;17;1.0;741;51;717;51;24;52
TE415;16.01.2024;18;1.0;697;49;668;49;29;50
TE415;16.01.2024;19;1.0;503;54;472;53;31;55
TE415;16.01.2024;20;1.0;389;57;375;57;14;56
TE415;16.01.2024;21;1.0;293;57;282;57;11;54
TE415;16.01.2024;22;1.0;647;55;605;55;42;57
TE415;16.01.2024;23;1.0;173;53;159;53;14;51
TE415;17.01.2024;0;1.0;95;53;78;54;16;52
TE415;17.01.2024;1;1.0;48;54;45;53;3;68
TE415;17.01.2024;2;1.0;47;53;44;53;3;56
TE415;17.01.2024;3;1.0;63;53;50;53;13;52
TE415;17.01.2024;4;1.0;118;53;100;53;18;55
TE415;17.01.2024;5;1.0;388;55;354;55;34;55
TE415;17.01.2024;6;1.0;662;50;620;50;42;51
TE415;17.01.2024;7;1.0;1074;45;991;45;83;46
TE415;17.01.2024;8;1.0;1032;46;968;46;64;47
TE415;17.01.2024;9;1.0;845;52;755;52;90;51
TE415;17.01.2024;10;1.0;768;50;711;50;57;51
TE415;17.01.2024;11;1.0;752;51;649;51;103;50
TE415;17.01.2024;12;1.0;751;52;665;52;86;52
TE415;17.01.2024;13;1.0;776;52;645;52;131;52
TE415;17.01.2024;14;1.0;835;50;741;50;94;51
TE415;17.01.2024;15;1.0;861;52;814;52;47;52
TE415;17.01.2024;16;1.0;866;46;818;46;48;47
TE415;17.01.2024;17;1.0;741;51;714;51;27;52
TE415;17.01.2024;18;1.0;696;52;666;52;30;52
TE415;17.01.2024;19;1.0;488;53;455;53;33;52
TE415;17.01.2024;20;1.0;356;50;328;51;28;50
TE415;17.01.2024;21;1.0;284;50;273;50;11;54
TE415;17.01.2024;22;1.0;214;53;205;53;9;52
TE415;17.01.2024;23;1.0;157;56;142;56;15;56
TE415;18.01.2024;0;1.0;101;49;89;49;13;48
TE415;18.01.2024;1;1.0;48;59;44;59;4;55
TE415;18.01.2024;2;1.0;49;58;47;58;2;60
TE415;18.01.2024;3;1.0;62;56;60;56;2;60
TE415;18.01.2024;4;1.0;139;55;121;55;18;55
TE415;18.01.2024;5;1.0;368;58;349;58;19;59
TE415;18.01.2024;6;1.0;692;54;670;54;22;53
TE415;18.01.2024;7;1.0;979;49;944;49;35;49
TE415;18.01.2024;8;1.0;1000;45;958;45;42;45
TE415;18.01.2024;9;1.0;837;50;764;50;73;50
TE415;18.01.2024;10;1.0;727;51;685;51;42;52
TE415;18.01.2024;11;1.0;775;51;717;51;58;50
TE415;18.01.2024;12;1.0;783;47;726;47;56;49
TE415;18.01.2024;13;1.0;805;46;713;46;92;45
TE415;18.01.2024;14;1.0;875;49;729;49;146;48
TE415;18.01.2024;15;1.0;946;49;826;48;120;49
TE415;18.01.2024;16;1.0;923;43;861;43;62;44
TE415;18.01.2024;17;1.0;897;48;822;48;75;49
TE415;18.01.2024;18;1.0;733;46;680;46;53;46
TE415;18.01.2024;19;1.0;513;50;465;50;48;49
TE415;18.01.2024;20;1.0;387;51;327;51;60;49
TE415;18.01.2024;21;1.0;266;54;249;54;17;52
TE415;18.01.2024;22;1.0;250;56;225;56;25;54
TE415;18.01.2024;23;1.0;129;56;109;57;20;53
TE415;19.01.2024;0;1.0;112;55;87;55;25;56
TE415;19.01.2024;1;1.0;68;60;58;60;10;61
TE415;19.01.2024;2;1.0;37;53;29;52;8;57
TE415;19.01.2024;3;1.0;58;56;47;55;11;60
TE415;19.01.2024;4;1.0;127;55;105;55;22;56
TE415;19.01.2024;5;1.0;345;57;302;57;43;57
TE415;19.01.2024;6;1.0;635;54;579;54;56;54
TE415;19.01.2024;7;1.0;903;50;847;49;56;51
TE415;19.01.2024;8;1.0;985;46;918;46;67;47
TE415;19.01.2024;9;1.0;871;50;800;50;71;50
TE415;19.01.2024;10;1.0;783;49;724;49;59;49
TE415;19.01.2024;11;1.0;856;47;781;47;75;46
TE415;19.01.2024;12;1.0;864;46;787;46;77;46
TE415;19.01.2024;13;1.0;875;48;776;48;99;47
TE415;19.01.2024;14;1.0;919;46;769;46;150;47
TE415;19.01.2024;15;1.0;944;45;792;45;152;45
TE415;19.01.2024;16;1.0;876;49;830;49;46;50
TE415;19.01.2024;17;1.0;877;47;812;47;65;48
TE415;19.01.2024;18;1.0;737;51;697;51;40;53
TE415;19.01.2024;19;1.0;585;49;524;49;61;49
TE415;19.01.2024;20;1.0;423;51;384;50;39;51
TE415;19.01.2024;21;1.0;336;52;315;52;21;50
TE415;19.01.2024;22;1.0;303;50;270;50;33;51
TE415;19.01.2024;23;1.0;215;52;185;53;30;50
TE415;20.01.2024;0;1.0;195;51;161;51;34;52
TE415;20.01.2024;1;1.0;89;51;79;52;10;49
TE415;20.01.2024;2;1.0;61;51;49;52;12;47
TE415;20.01.2024;3;1.0;63;52;53;53;10;48
TE415;20.01.2024;4;1.0;76;54;64;55;12;51
TE415;20.01.2024;5;1.0;131;53;121;53;10;54
TE415;20.01.2024;6;1.0;155;52;132;51;23;50
TE415;20.01.2024;7;1.0;179;46;160;47;19;42
TE415;20.01.2024;8;1.0;343;49;301;49;42;50
TE415;20.01.2024;9;1.0;528;53;456;53;72;53
TE415;20.01.2024;10;1.0;672;49;582;49;90;48
TE415;20.01.2024;11;1.0;789;49;684;49;105;49
TE415;20.01.2024;12;1.0;793;50;676;51;117;49
TE415;20.01.2024;13;1.0;834;50;631;51;203;49
TE415;20.01.2024;14;1.0;831;51;660;51;171;51
TE415;20.01.2024;15;1.0;729;52;626;52;103;50
TE415;20.01.2024;16;1.0;706;50;605;50;101;49
TE415;20.01.2024;17;1.0;677;49;591;49;86;49
TE415;20.01.2024;18;1.0;597;50;524;50;73;48
TE415;20.01.2024;19;1.0;520;51;455;51;65;50
TE415;20.01.2024;20;1.0;401;52;355;52;46;52
TE415;20.01.2024;21;1.0;331;49;286;49;44;48
TE415;20.01.2024;22;1.0;303;53;272;54;31;53
TE415;20.01.2024;23;1.0;273;53;241;53;32;53
TE415;21.01.2024;0;1.0;223;56;183;55;40;57
TE415;21.01.2024;1;1.0;122;54;105;54;17;49
TE415;21.01.2024;2;1.0;71;58;57;58;14;57
TE415;21.01.2024;3;1.0;66;58;60;58;6;57
TE415;21.01.2024;4;1.0;78;58;74;58;4;62
TE415;21.01.2024;5;1.0;86;58;77;58;9;59
TE415;21.01.2024;6;1.0;96;60;89;60;7;60
TE415;21.01.2024;7;1.0;108;57;96;57;12;54
TE415;21.01.2024;8;1.0;184;58;169;58;15;59
TE415;21.01.2024;9;1.0;353;55;316;55;37;53
TE415;21.01.2024;10;1.0;394;53;348;53;46;53
TE415;21.01.2024;11;1.0;536;55;489;55;47;55
TE415;21.01.2024;12;1.0;526;52;457;52;69;51
TE415;21.01.2024;13;1.0;612;50;528;50;84;49
TE415;21.01.2024;14;1.0;631;51;544;51;87;50
TE415;21.01.2024;15;1.0;585;50;504;50;81;49
TE415;21.01.2024;16;1.0;601;50;530;50;71;50
TE415;21.01.2024;17;1.0;549;49;494;49;55;49
TE415;21.01.2024;18;1.0;457;51;427;52;30;49
TE415;21.01.2024;19;1.0;480;51;438;51;42;50
TE415;21.01.2024;20;1.0;336;53;318;53;18;51
TE415;21.01.2024;21;1.0;286;54;231;54;55;52
TE415;21.01.2024;22;1.0;196;53;162;54;34;50
TE415;21.01.2024;23;1.0;135;54;116;54;19;52
TE415;22.01.2024;0;1.0;111;54;89;55;22;49
TE415;22.01.2024;1;1.0;45;54;37;55;8;54
TE415;22.01.2024;2;1.0;41;53;32;52;9;54
TE415;22.01.2024;3;1.0;39;54;32;54;7;53
TE415;22.01.2024;4;1.0;112;55;96;55;16;56
TE415;22.01.2024;5;1.0;404;56;360;56;44;56
TE415;22.01.2024;6;1.0;791;52;686;52;105;52
TE415;22.01.2024;7;1.0;1029;46;881;45;148;45
TE415;22.01.2024;8;1.0;1099;44;925;44;174;43
TE415;22.01.2024;9;1.0;896;47;748;48;148;46
TE415;22.01.2024;10;1.0;774;51;604;52;170;50
TE415;22.01.2024;11;1.0;828;50;738;50;90;50
TE415;22.01.2024;12;1.0;815;49;711;49;104;49
TE415;22.01.2024;13;1.0;832;50;720;50;112;49
TE415;22.01.2024;14;1.0;902;49;810;49;92;49
TE415;22.01.2024;15;1.0;946;49;789;49;157;48
TE415;22.01.2024;16;1.0;899;48;721;49;178;47
TE415;22.01.2024;17;1.0;793;49;655;48;138;48
TE415;22.01.2024;18;1.0;665;49;578;50;87;48
TE415;22.01.2024;19;1.0;473;52;390;52;83;50
TE415;22.01.2024;20;1.0;359;53;286;53;73;51
TE415;22.01.2024;21;1.0;271;51;219;51;51;50
TE415;22.01.2024;22;1.0;213;54;160;54;53;53
TE415;22.01.2024;23;1.0;133;54;108;54;25;53
TE415;23.01.2024;0;1.0;103;54;84;52;19;57
TE415;23.01.2024;1;1.0;34;58;30;59;4;48
TE415;23.01.2024;2;1.0;48;53;45;53;3;57
TE415;23.01.2024;3;1.0;51;53;40;53;11;50
TE415;23.01.2024;4;1.0;116;54;91;54;25;55
TE415;23.01.2024;5;1.0;418;52;391;52;27;52
TE415;23.01.2024;6;1.0;744;51;711;51;33;52
TE415;23.01.2024;7;1.0;1122;41;1058;41;64;42
TE415;23.01.2024;8;1.0;1083;39;989;39;94;41
TE415;23.01.2024;9;1.0;944;47;854;47;90;47
TE415;23.01.2024;10;1.0;805;49;696;49;109;48
TE415;23.01.2024;11;1.0;823;49;687;49;136;49
TE415;23.01.2024;12;1.0;862;46;702;46;159;45
TE415;23.01.2024;13;1.0;815;49;710;49;105;47
TE415;23.01.2024;14;1.0;817;47;668;47;149;45
TE415;23.01.2024;15;1.0;1011;45;894;45;117;45
TE415;23.01.2024;16;1.0;965;45;888;46;77;44
TE415;23.01.2024;17;1.0;791;47;719;47;72;46
TE415;23.01.2024;18;1.0;734;48;592;48;142;47
TE415;23.01.2024;19;1.0;493;50;412;50;81;49
TE415;23.01.2024;20;1.0;381;50;327;50;54;51
TE415;23.01.2024;21;1.0;335;51;291;51;44;50
TE415;23.01.2024;22;1.0;235;53;213;53;22;54
TE415;23.01.2024;23;1.0;156;53;122;53;34;51
TE415;24.01.2024;0;1.0;93;59;72;59;21;58
TE415;24.01.2024;1;1.0;43;56;35;57;8;53
TE415;24.01.2024;2;1.0;55;54;48;55;7;50
TE415;24.01.2024;3;1.0;49;59;45;59;4;56
TE415;24.01.2024;4;1.0;119;55;102;55;17;56
TE415;24.01.2024;5;1.0;437;56;411;56;26;56
TE415;24.01.2024;6;1.0;843;50;774;50;69;50
TE415;24.01.2024;7;1.0;1179;43;1026;43;153;43
TE415;24.01.2024;8;1.0;1102;27;976;27;126;30
TE415;24.01.2024;9;1.0;1028;32;860;32;168;32
TE415;24.01.2024;10;1.0;915;50;852;51;63;47
TE415;24.01.2024;11;1.0;771;51;707;51;64;51
TE415;24.01.2024;12;1.0;795;49;669;50;126;49
TE415;24.01.2024;13;1.0;768;48;636;49;132;48
TE415;24.01.2024;14;1.0;826;49;571;49;255;47
TE415;24.01.2024;15;1.0;887;47;774;47;113;47
TE415;24.01.2024;16;1.0;885;47;813;47;72;46
TE415;24.01.2024;17;1.0;825;46;765;47;60;45
TE415;24.01.2024;18;1.0;753;48;700;48;53;47
TE415;24.01.2024;19;1.0;536;51;500;51;36;51
TE415;24.01.2024;20;1.0;385;52;362;52;23;50
TE415;24.01.2024;21;1.0;272;54;262;54;10;50
TE415;24.01.2024;22;1.0;267;53;250;53;17;52
TE415;24.01.2024;23;1.0;146;52;113;52;34;49
TE415;25.01.2024;0;1.0;96;54;72;55;24;52
TE415;25.01.2024;1;1.0;45;48;37;49;7;53
TE415;25.01.2024;2;1.0;50;53;40;54;10;54
TE415;25.01.2024;3;1.0;57;55;46;55;11;54
TE415;25.01.2024;4;1.0;126;54;99;54;27;53
TE415;25.01.2024;5;1.0;399;55;363;55;36;56
TE415;25.01.2024;6;1.0;798;51;731;51;67;51
TE415;25.01.2024;7;1.0;1152;43;1039;43;113;41
TE415;25.01.2024;8;1.0;1160;44;1057;44;103;42
TE415;25.01.2024;9;1.0;947;48;839;48;108;46
TE415;25.01.2024;10;1.0;807;50;737;50;70;48
TE415;25.01.2024;11;1.0;854;50;763;51;91;49
TE415;25.01.2024;12;1.0;819;49;759;50;60;49
TE415;25.01.2024;13;1.0;854;49;760;49;94;48
TE415;25.01.2024;14;1.0;933;48;744;48;189;47
TE415;25.01.2024;15;1.0;1011;45;961;45;50;44
TE415;25.01.2024;16;1.0;980;45;933;45;47;44
TE415;25.01.2024;17;1.0;819;49;739;49;80;48
TE415;25.01.2024;18;1.0;712;52;549;52;163;52
TE415;25.01.2024;19;1.0;562;53;454;54;108;49
TE415;25.01.2024;20;1.0;416;54;359;55;57;54
TE415;25.01.2024;21;1.0;305;53;253;53;52;51
TE415;25.01.2024;22;1.0;261;51;243;51;18;50
TE415;25.01.2024;23;1.0;145;54;133;54;12;50
TE415;26.01.2024;0;1.0;113;53;92;53;21;52
TE415;26.01.2024;1;1.0;56;54;48;52;8;59
TE415;26.01.2024;2;1.0;35;47;31;47;4;47
TE415;26.01.2024;3;1.0;60;48;55;48;5;51
TE415;26.01.2024;4;1.0;137;51;118;52;19;50
TE415;26.01.2024;5;1.0;377;57;344;58;33;56
TE415;26.01.2024;6;1.0;681;55;631;55;50;54
TE415;26.01.2024;7;1.0;1195;33;1084;33;111;36
TE415;26.01.2024;8;1.0;1273;33;1116;33;157;33
TE415;26.01.2024;9;1.0;1119;43;1045;42;74;44
TE415;26.01.2024;10;1.0;953;50;857;51;96;48
TE415;26.01.2024;11;1.0;862;50;769;50;93;50
TE415;26.01.2024;12;1.0;903;46;789;46;114;44
TE415;26.01.2024;13;1.0;852;50;747;51;105;49
TE415;26.01.2024;14;1.0;895;50;817;50;78;49
TE415;26.01.2024;15;1.0;910;49;864;49;46;49
TE415;26.01.2024;16;1.0;911;46;847;46;64;46
TE415;26.01.2024;17;1.0;1010;39;814;38;196;40
TE415;26.01.2024;18;1.0;861;46;783;46;78;48
TE415;26.01.2024;19;1.0;584;50;486;50;98;50
TE415;26.01.2024;20;1.0;442;51;313;52;129;49
TE415;26.01.2024;21;1.0;343;50;303;50;40;51
TE415;26.01.2024;22;1.0;311;52;285;52;26;49
TE415;26.01.2024;23;1.0;226;53;196;53;30;52
TE415;27.01.2024;0;1.0;173;52;129;52;44;52
TE415;27.01.2024;1;1.0;100;55;65;56;35;52
TE415;27.01.2024;2;1.0;63;55;47;55;16;53
TE415;27.01.2024;3;1.0;62;54;43;57;19;49
TE415;27.01.2024;4;1.0;79;53;58;53;21;56
TE415;27.01.2024;5;1.0;141;49;121;49;19;48
TE415;27.01.2024;6;1.0;169;54;135;55;34;53
TE415;27.01.2024;7;1.0;213;55;159;55;54;54
TE415;27.01.2024;8;1.0;385;54;308;55;77;52
TE415;27.01.2024;9;1.0;569;53;428;53;141;52
TE415;27.01.2024;10;1.0;710;54;501;54;209;51
TE415;27.01.2024;11;1.0;792;52;680;52;112;52
TE415;27.01.2024;12;1.0;839;51;768;51;71;50
TE415;27.01.2024;13;1.0;908;50;824;50;84;49
TE415;27.01.2024;14;1.0;793;47;512;48;281;46
TE415;27.01.2024;15;1.0;769;47;505;48;264;46
TE415;27.01.2024;16;1.0;791;47;591;48;200;46
TE415;27.01.2024;17;1.0;696;46;584;47;112;46
TE415;27.01.2024;18;1.0;649;44;539;44;110;42
TE415;27.01.2024;19;1.0;548;49;466;50;82;47
TE415;27.01.2024;20;1.0;442;50;370;50;72;48
TE415;27.01.2024;21;1.0;349;50;263;52;86;46
TE415;27.01.2024;22;1.0;321;50;254;51;67;46
TE415;27.01.2024;23;1.0;256;50;215;50;41;49
TE415;28.01.2024;0;1.0;232;52;186;52;46;50
TE415;28.01.2024;1;1.0;131;38;74;41;56;36
TE415;28.01.2024;2;1.0;93;51;67;52;26;49
TE415;28.01.2024;3;1.0;81;49;65;50;16;48
TE415;28.01.2024;4;1.0;88;52;65;53;23;48
TE415;28.01.2024;5;1.0;127;51;106;53;21;47
TE415;28.01.2024;6;1.0;117;47;107;47;10;45
TE415;28.01.2024;7;1.0;118;51;98;50;20;50
TE415;28.01.2024;8;1.0;200;50;183;50;17;50
TE415;28.01.2024;9;1.0;347;50;304;50;43;48
TE415;28.01.2024;10;1.0;431;45;370;45;61;43
TE415;28.01.2024;11;1.0;545;48;482;48;63;47
TE415;28.01.2024;12;1.0;700;43;674;43;26;43
TE415;28.01.2024;13;1.0;752;47;654;47;98;46
TE415;28.01.2024;14;1.0;741;46;643;47;98;45
TE415;28.01.2024;15;1.0;676;49;440;50;236;47
TE415;28.01.2024;16;1.0;685;45;423;46;261;44
TE415;28.01.2024;17;1.0;641;47;524;48;117;45
TE415;28.01.2024;18;1.0;543;49;450;49;93;47
TE415;28.01.2024;19;1.0;482;49;430;49;52;47
TE415;28.01.2024;20;1.0;383;49;314;50;69;47
TE415;28.01.2024;21;1.0;252;51;193;51;59;49
TE415;28.01.2024;22;1.0;216;51;176;51;40;48
TE415;28.01.2024;23;1.0;138;54;120;54;18;50
TE415;29.01.2024;0;1.0;98;51;77;50;21;51
TE415;29.01.2024;1;1.0;50;51;45;51;5;52
TE415;29.01.2024;2;1.0;35;53;31;53;4;56
TE415;29.01.2024;3;1.0;50;53;40;53;10;51
TE415;29.01.2024;4;1.0;127;51;92;50;35;52
TE415;29.01.2024;5;1.0;472;50;415;50;57;50
TE415;29.01.2024;6;1.0;1065;44;949;43;116;47
TE415;29.01.2024;7;1.0;1066;43;927;43;139;43
TE415;29.01.2024;8;1.0;1125;40;1051;40;74;42
TE415;29.01.2024;9;1.0;906;46;798;46;108;46
TE415;29.01.2024;10;1.0;883;45;811;45;72;44
TE415;29.01.2024;11;1.0;863;46;783;46;80;45
TE415;29.01.2024;12;1.0;844;47;806;47;38;49
TE415;29.01.2024;13;1.0;824;46;777;47;47;46
TE415;29.01.2024;14;1.0;821;47;703;48;118;47
TE415;29.01.2024;15;1.0;959;46;799;46;160;45
TE415;29.01.2024;16;1.0;920;48;816;48;104;48
TE415;29.01.2024;17;1.0;797;46;705;46;92;45
TE415;29.01.2024;18;1.0;720;46;665;46;55;47
TE415;29.01.2024;19;1.0;516;48;468;49;48;47
TE415;29.01.2024;20;1.0;341;50;315;50;26;49
TE415;29.01.2024;21;1.0;306;51;274;51;32;49
TE415;29.01.2024;22;1.0;188;50;158;51;30;44
TE415;29.01.2024;23;1.0;124;53;104;53;20;52
TE415;30.01.2024;0;1.0;91;51;74;51;17;54
TE415;30.01.2024;1;1.0;43;54;39;55;4;53
TE415;30.01.2024;2;1.0;40;52;35;50;5;62
TE415;30.01.2024;3;1.0;45;55;39;55;6;60
TE415;30.01.2024;4;1.0;106;51;94;51;12;52
TE415;30.01.2024;5;1.0;401;51;373;51;28;49
TE415;30.01.2024;6;1.0;734;50;681;50;53;50
TE415;30.01.2024;7;1.0;1080;43;976;43;104;43
TE415;30.01.2024;8;1.0;1143;44;1015;43;128;45
TE415;30.01.2024;9;1.0;802;49;653;49;149;48
TE415;30.01.2024;10;1.0;793;48;609;48;184;46
TE415;30.01.2024;11;1.0;869;47;749;48;120;45
TE415;30.01.2024;12;1.0;876;48;752;48;124;47
TE415;30.01.2024;13;1.0;823;48;707;48;116;47
TE415;30.01.2024;14;1.0;857;44;728;44;129;43
TE415;30.01.2024;15;1.0;931;46;682;47;249;45
TE415;30.01.2024;16;1.0;989;44;764;44;225;42
TE415;30.01.2024;17;1.0;887;47;714;47;173;45
TE415;30.01.2024;18;1.0;699;48;567;49;132;46
TE415;30.01.2024;19;1.0;522;52;416;52;106;51
TE415;30.01.2024;20;1.0;382;55;350;55;32;55
TE415;30.01.2024;21;1.0;262;56;201;56;61;55
TE415;30.01.2024;22;1.0;232;55;164;56;68;53
TE415;30.01.2024;23;1.0;154;55;113;57;41;51
TE415;31.01.2024;0;1.0;99;56;79;56;20;57
TE415;31.01.2024;1;1.0;57;58;50;59;7;61
TE415;31.01.2024;2;1.0;53;55;41;54;12;59
TE415;31.01.2024;3;1.0;62;56;50;56;12;57
TE415;31.01.2024;4;1.0;116;56;91;56;25;56
TE415;31.01.2024;5;1.0;409;55;370;55;39;55
TE415;31.01.2024;6;1.0;705;52;656;52;49;52
TE415;31.01.2024;7;1.0;1069;46;972;46;97;45
TE415;31.01.2024;8;1.0;1021;44;922;44;99;45
TE415;31.01.2024;9;1.0;747;53;677;54;70;53
TE415;31.01.2024;10;1.0;790;51;614;51;176;48
TE415;31.01.2024;11;1.0;783;49;579;50;204;49
TE415;31.01.2024;12;1.0;871;51;655;51;216;50
TE415;31.01.2024;13;1.0;839;50;668;50;171;49
TE415;31.01.2024;14;1.0;875;50;750;50;125;49
TE415;31.01.2024;15;1.0;949;48;798;48;151;49
TE415;31.01.2024;16;1.0;908;46;780;46;128;45
TE415;31.01.2024;17;1.0;862;50;765;50;97;49
TE415;31.01.2024;18;1.0;771;52;712;52;59;50
TE415;31.01.2024;19;1.0;513;56;464;56;49;54
TE415;31.01.2024;20;1.0;418;56;362;56;56;55
TE415;31.01.2024;21;1.0;275;56;242;56;33;54
TE415;31.01.2024;22;1.0;232;57;190;57;42;54
TE415;31.01.2024;23;1.0;154;57;120;57;34;56
TE431;01.01.2024;10;1.0;320;49;314;49;6;49
TE431;01.01.2024;11;1.0;392;49;389;49;3;46
TE431;01.01.2024;12;1.0;547;46;534;46;13;45
TE431;01.01.2024;13;1.0;585;45;580;45;5;45
TE431;01.01.2024;14;1.0;599;44;597;44;2;44
TE431;01.01.2024;15;1.0;636;44;632;44;4;42
TE431;03.01.2024;11;1.0;734;42;688;42;46;40
TE431;03.01.2024;12;1.0;779;38;741;38;38;37
TE431;03.01.2024;13;1.0;747;39;716;39;31;39
TE431;03.01.2024;14;1.0;725;42;709;42;16;41
TE431;03.01.2024;15;1.0;787;40;764;40;23;40
TE431;03.01.2024;16;1.0;777;41;762;41;15;41
TE431;03.01.2024;17;1.0;764;41;755;41;9;41
TE435;01.01.2024;0;1.0;301;35;297;35;4;41
TE435;01.01.2024;1;1.0;424;36;420;36;4;20
TE435;01.01.2024;2;1.0;377;37;372;37;5;39
TE435;01.01.2024;3;1.0;321;37;319;36;2;40
TE435;01.01.2024;4;1.0;269;37;269;37;0;-1
TE435;01.01.2024;5;1.0;234;36;233;36;1;3
TE435;01.01.2024;6;1.0;171;39;169;39;2;22
TE435;01.01.2024;7;1.0;150;34;126;39;24;8
TE435;01.01.2024;8;1.0;109;41;105;41;4;50
TE435;01.01.2024;9;1.0;121;46;119;45;2;53
TE435;01.01.2024;10;1.0;173;43;167;43;6;54
TE435;01.01.2024;11;1.0;258;34;258;34;0;-1
TE435;01.01.2024;12;1.0;376;34;372;34;4;48
TE435;01.01.2024;13;1.0;461;36;457;36;4;50
TE435;01.01.2024;14;1.0;442;42;439;42;3;48
TE435;01.01.2024;15;1.0;404;42;402;42;2;44
TE435;01.01.2024;16;1.0;443;44;442;44;1;47
TE435;01.01.2024;17;1.0;460;43;456;43;4;46
TE435;01.01.2024;18;1.0;367;44;366;44;1;45
TE435;01.01.2024;19;1.0;360;45;358;45;2;48
TE435;01.01.2024;20;1.0;343;44;343;44;0;-1
TE435;01.01.2024;21;1.0;261;48;260;48;1;50
TE435;01.01.2024;22;1.0;212;48;212;48;0;-1
TE435;01.01.2024;23;1.0;161;45;160;45;1;50
TE435;02.01.2024;0;1.0;162;43;151;44;11;22
TE435;02.01.2024;1;1.0;75;35;74;35;1;48
TE435;02.01.2024;2;1.0;70;34;67;34;3;44
TE435;02.01.2024;3;1.0;70;37;58;41;12;14
TE435;02.01.2024;4;1.0;71;42;63;45;8;19
TE435;02.01.2024;5;1.0;176;44;174;44;2;52
TE435;02.01.2024;6;1.0;315;43;311;43;4;54
TE435;02.01.2024;7;1.0;462;48;457;47;5;47
TE435;02.01.2024;8;1.0;612;42;598;43;14;40
TE435;02.01.2024;9;1.0;630;43;620;43;10;47
TE435;02.01.2024;10;1.0;542;44;536;44;6;46
TE435;02.01.2024;11;1.0;619;42;611;43;8;39
TE435;02.01.2024;12;1.0;636;42;628;42;8;45
TE435;02.01.2024;13;1.0;720;43;715;43;5;44
TE435;02.01.2024;14;1.0;718;41;713;41;5;36
TE435;02.01.2024;15;1.0;711;41;702;41;9;37
TE435;02.01.2024;16;1.0;703;40;696;40;8;26
TE435;02.01.2024;17;1.0;669;40;666;40;3;45
TE435;02.01.2024;18;1.0;620;41;617;41;3;47
TE435;02.01.2024;19;1.0;478;45;471;46;7;3
TE435;02.01.2024;20;1.0;369;45;365;45;4;50
TE435;02.01.2024;21;1.0;290;43;280;43;10;50
TE435;02.01.2024;22;1.0;221;47;219;47;2;48
TE435;02.01.2024;23;1.0;179;43;175;43;4;51
TE435;03.01.2024;0;1.0;137;45;134;45;3;46
TE435;03.01.2024;1;1.0;122;34;117;33;5;37
TE435;03.01.2024;2;1.0;73;34;72;34;1;43
TE435;03.01.2024;3;1.0;72;40;69;40;3;46
TE435;03.01.2024;4;1.0;65;44;65;44;0;-1
TE435;03.01.2024;5;1.0;180;47;173;46;7;58
TE435;03.01.2024;6;1.0;264;48;250;48;14;51
TE435;03.01.2024;7;1.0;593;42;572;42;21;46
TE435;03.01.2024;8;1.0;852;40;825;40;27;43
TE435;03.01.2024;9;1.0;700;41;632;43;68;23
TE435;03.01.2024;10;1.0;652;41;627;41;25;43
TE435;03.01.2024;11;1.0;709;42;686;42;23;46
TE435;03.01.2024;12;1.0;672;42;649;42;23;46
TE435;03.01.2024;13;1.0;691;42;670;42;21;45
TE435;03.01.2024;14;1.0;728;39;716;39;12;44
TE435;03.01.2024;15;1.0;698;40;682;40;16;38
TE435;03.01.2024;16;1.0;755;38;742;37;13;40
TE435;03.01.2024;17;1.0;703;41;694;41;9;45
TE435;03.01.2024;18;1.0;603;41;594;41;9;43
TE435;03.01.2024;19;1.0;541;41;537;41;4;46
TE435;03.01.2024;20;1.0;421;39;415;38;6;45
TE435;03.01.2024;21;1.0;300;46;296;46;4;50
TE435;03.01.2024;22;1.0;296;37;293;37;3;3
TE435;03.01.2024;23;1.0;213;38;211;38;2;46
TE435;04.01.2024;0;1.0;155;40;153;40;2;43
TE435;04.01.2024;1;1.0;117;39;116;39;1;46
TE435;04.01.2024;2;1.0;144;22;139;22;5;33
TE435;04.01.2024;3;1.0;84;35;82;35;2;49
TE435;04.01.2024;4;1.0;154;21;153;21;1;51
TE435;04.01.2024;5;1.0;221;45;220;45;1;51
TE435;04.01.2024;6;1.0;356;39;352;39;4;52
TE435;04.01.2024;7;1.0;533;47;524;47;9;49
TE435;04.01.2024;8;1.0;703;43;687;43;16;44
TE435;04.01.2024;9;1.0;729;43;697;42;32;44
TE435;04.01.2024;10;1.0;627;43;596;43;31;44
TE435;04.01.2024;11;1.0;723;40;709;40;14;44
TE435;04.01.2024;12;1.0;670;44;665;44;5;49
TE435;04.01.2024;13;1.0;756;40;749;39;7;43
TE435;04.01.2024;14;1.0;787;39;771;39;16;42
TE435;04.01.2024;15;1.0;752;40;738;40;14;43
TE435;04.01.2024;16;1.0;732;39;726;39;6;42
TE435;04.01.2024;17;1.0;695;39;688;39;7;42
TE435;04.01.2024;18;1.0;736;39;729;39;7;44
TE435;04.01.2024;19;1.0;522;41;515;41;7;46
TE435;04.01.2024;20;1.0;475;38;471;38;4;35
TE435;04.01.2024;21;1.0;303;43;302;43;1;50
TE435;04.01.2024;22;1.0;234;44;231;44;3;50
TE435;04.01.2024;23;1.0;213;39;213;39;0;-1
TE435;05.01.2024;0;1.0;137;47;133;47;4;51
TE435;05.01.2024;1;1.0;108;41;103;41;5;37
TE435;05.01.2024;2;1.0;136;23;134;23;2;44
TE435;05.01.2024;3;1.0;90;28;89;28;1;44
TE435;05.01.2024;4;1.0;75;46;67;46;8;45
TE435;05.01.2024;5;1.0;177;46;168;46;9;54
TE435;05.01.2024;6;1.0;266;48;243;48;23;53
TE435;05.01.2024;7;1.0;485;45;472;45;13;50
TE435;05.01.2024;8;1.0;678;43;666;43;12;48
TE435;05.01.2024;9;1.0;685;43;673;43;12;48
TE435;05.01.2024;10;1.0;740;38;733;38;7;45
TE435;05.01.2024;11;1.0;660;43;649;42;11;45
TE435;05.01.2024;12;1.0;703;40;692;40;11;44
TE435;05.01.2024;13;1.0;678;42;663;41;15;44
TE435;05.01.2024;14;1.0;751;39;732;39;19;43
TE435;05.01.2024;15;1.0;747;37;730;36;17;42
TE435;05.01.2024;16;1.0;700;41;686;41;14;39
TE435;05.01.2024;17;1.0;636;41;628;41;8;45
TE435;05.01.2024;18;1.0;773;37;767;37;6;44
TE435;05.01.2024;19;1.0;619;40;613;40;6;46
TE435;05.01.2024;20;1.0;439;44;439;44;0;-1
TE435;05.01.2024;21;1.0;372;45;372;45;0;-1
TE435;05.01.2024;22;1.0;329;42;329;42;0;-1
TE435;05.01.2024;23;1.0;300;43;299;43;1;48
TE435;06.01.2024;0;1.0;214;43;211;44;3;30
TE435;06.01.2024;1;1.0;165;41;165;41;0;-1
TE435;06.01.2024;2;1.0;306;19;306;19;0;-1
TE435;06.01.2024;3;1.0;104;40;102;40;1;3
TE435;06.01.2024;4;1.0;79;39;77;41;2;24
TE435;06.01.2024;5;1.0;90;43;89;43;1;65
TE435;06.01.2024;6;1.0;98;43;95;43;3;58
TE435;06.01.2024;7;1.0;118;47;111;47;7;56
TE435;06.01.2024;8;1.0;241;34;235;34;6;51
TE435;06.01.2024;9;1.0;316;47;311;46;5;54
TE435;06.01.2024;10;1.0;434;47;432;47;2;48
TE435;06.01.2024;11;1.0;479;46;470;46;9;48
TE435;06.01.2024;12;1.0;594;43;589;43;5;45
TE435;06.01.2024;13;1.0;647;42;642;42;5;28
TE435;06.01.2024;14;1.0;795;37;790;37;5;42
TE435;06.01.2024;15;1.0;728;40;724;40;4;41
TE435;06.01.2024;16;1.0;737;37;733;37;4;42
TE435;06.01.2024;17;1.0;706;41;703;41;3;43
TE435;06.01.2024;18;1.0;811;34;805;34;6;38
TE435;06.01.2024;19;1.0;622;40;620;40;2;44
TE435;06.01.2024;20;1.0;568;43;563;43;5;36
TE435;06.01.2024;21;1.0;402;45;402;45;0;-1
TE435;06.01.2024;22;1.0;358;45;354;45;4;50
TE435;06.01.2024;23;1.0;276;44;274;44;2;52
TE435;07.01.2024;0;1.0;242;45;236;45;6;43
TE435;07.01.2024;1;1.0;212;40;211;40;1;51
TE435;07.01.2024;2;1.0;155;38;154;38;1;39
TE435;07.01.2024;3;1.0;147;35;147;35;0;-1
TE435;07.01.2024;4;1.0;84;35;82;35;2;46
TE435;07.01.2024;5;1.0;95;29;93;29;2;34
TE435;07.01.2024;6;1.0;93;41;92;41;1;34
TE435;07.01.2024;7;1.0;64;48;63;48;1;50
TE435;07.01.2024;8;1.0;110;43;109;43;1;49
TE435;07.01.2024;9;1.0;185;51;181;51;4;56
TE435;07.01.2024;10;1.0;239;49;235;49;4;54
TE435;07.01.2024;11;1.0;466;30;466;30;0;-1
TE435;07.01.2024;12;1.0;365;48;360;48;5;52
TE435;07.01.2024;13;1.0;486;43;486;43;0;-1
TE435;07.01.2024;14;1.0;473;46;469;46;4;38
TE435;07.01.2024;15;1.0;491;46;491;46;0;-1
TE435;07.01.2024;16;1.0;465;44;463;44;2;45
TE435;07.01.2024;17;1.0;486;45;484;45;2;46
TE435;07.01.2024;18;1.0;444;45;440;45;4;47
TE435;07.01.2024;19;1.0;384;45;382;45;2;49
TE435;07.01.2024;20;1.0;349;43;349;43;0;-1
TE435;07.01.2024;21;1.0;264;46;263;46;1;52
TE435;07.01.2024;22;1.0;242;43;242;43;0;-1
TE435;07.01.2024;23;1.0;166;41;165;41;1;54
TE435;08.01.2024;0;1.0;128;39;128;39;0;-1
TE435;08.01.2024;1;1.0;87;45;85;45;2;47
TE435;08.01.2024;2;1.0;82;38;79;37;3;37
TE435;08.01.2024;3;1.0;67;43;60;45;7;30
TE435;08.01.2024;4;1.0;76;47;69;47;7;46
TE435;08.01.2024;5;1.0;162;51;153;52;9;47
TE435;08.01.2024;6;1.0;386;51;369;51;17;53
TE435;08.01.2024;7;1.0;685;42;658;42;27;46
TE435;08.01.2024;8;1.0;936;39;910;38;26;44
TE435;08.01.2024;9;1.0;742;44;714;44;28;45
TE435;08.01.2024;10;1.0;580;44;563;44;17;46
TE435;08.01.2024;11;1.0;597;42;588;42;9;47
TE435;08.01.2024;12;1.0;608;43;596;43;12;46
TE435;08.01.2024;13;1.0;604;45;596;45;8;49
TE435;08.01.2024;14;1.0;625;40;617;40;8;46
TE435;08.01.2024;15;1.0;679;41;672;41;7;45
TE435;08.01.2024;16;1.0;654;41;651;41;3;46
TE435;08.01.2024;17;1.0;678;41;666;40;12;44
TE435;08.01.2024;18;1.0;604;42;593;42;11;32
TE435;08.01.2024;19;1.0;450;42;442;42;8;44
TE435;08.01.2024;20;1.0;370;42;368;42;2;46
TE435;08.01.2024;21;1.0;262;45;260;45;2;48
TE435;08.01.2024;22;1.0;209;44;208;44;1;51
TE435;08.01.2024;23;1.0;135;44;133;44;2;55
TE435;09.01.2024;0;1.0;102;46;100;46;2;53
TE435;09.01.2024;1;1.0;86;42;80;42;6;51
TE435;09.01.2024;2;1.0;87;37;83;36;4;55
TE435;09.01.2024;3;1.0;70;34;67;33;3;46
TE435;09.01.2024;4;1.0;174;19;171;19;3;45
TE435;09.01.2024;5;1.0;191;46;187;46;4;52
TE435;09.01.2024;6;1.0;421;50;410;49;11;52
TE435;09.01.2024;7;1.0;752;43;729;44;23;46
TE435;09.01.2024;8;1.0;1069;37;1046;37;23;36
TE435;09.01.2024;9;1.0;831;43;814;43;17;44
TE435;09.01.2024;10;1.0;841;44;815;44;26;43
TE435;09.01.2024;11;1.0;737;42;725;42;12;40
TE435;09.01.2024;12;1.0;744;42;730;42;14;44
TE435;09.01.2024;13;1.0;774;43;760;43;14;46
TE435;09.01.2024;14;1.0;807;42;800;42;7;35
TE435;09.01.2024;15;1.0;811;39;805;39;6;44
TE435;09.01.2024;16;1.0;781;38;775;38;6;41
TE435;09.01.2024;17;1.0;699;39;693;39;6;42
TE435;09.01.2024;19;1.0;504;41;499;41;5;48
TE435;09.01.2024;20;1.0;398;41;395;41;3;47
TE435;09.01.2024;21;1.0;325;42;300;45;25;12
TE435;09.01.2024;22;1.0;279;41;263;43;16;9
TE435;09.01.2024;23;1.0;184;44;183;43;1;55
TE435;10.01.2024;0;1.0;249;21;248;21;1;41
TE435;10.01.2024;1;1.0;104;33;99;32;5;47
TE435;10.01.2024;2;1.0;109;27;106;26;3;48
TE435;10.01.2024;3;1.0;62;36;59;36;3;37
TE435;10.01.2024;4;1.0;69;42;68;42;1;41
TE435;10.01.2024;5;1.0;218;42;211;42;7;50
TE435;10.01.2024;6;1.0;452;40;428;41;24;14
TE435;10.01.2024;7;1.0;807;40;778;40;29;32
TE435;10.01.2024;8;1.0;1045;37;1025;38;20;38
TE435;10.01.2024;9;1.0;894;39;878;39;16;45
TE435;10.01.2024;10;1.0;768;41;754;41;14;45
TE435;10.01.2024;11;1.0;726;40;714;40;12;42
TE435;10.01.2024;12;1.0;738;40;714;41;24;18
TE435;10.01.2024;13;1.0;753;38;711;39;42;26
TE435;10.01.2024;14;1.0;806;40;793;40;13;37
TE435;10.01.2024;15;1.0;863;37;844;36;19;38
TE435;10.01.2024;16;1.0;786;37;781;37;5;42
TE435;10.01.2024;17;1.0;833;36;825;36;8;43
TE435;10.01.2024;18;1.0;694;38;684;38;10;42
TE435;10.01.2024;19;1.0;600;39;595;39;5;46
TE435;10.01.2024;20;1.0;392;43;385;43;7;48
TE435;10.01.2024;21;1.0;291;42;288;42;3;47
TE435;10.01.2024;22;1.0;255;41;252;41;3;38
TE435;10.01.2024;23;1.0;253;33;242;34;11;10
TE435;11.01.2024;0;1.0;130;35;129;35;1;50
TE435;11.01.2024;1;1.0;94;35;91;35;3;45
TE435;11.01.2024;2;1.0;77;36;69;38;8;26
TE435;11.01.2024;3;1.0;290;12;286;12;4;49
TE435;11.01.2024;4;1.0;154;20;153;20;1;49
TE435;11.01.2024;5;1.0;218;41;210;40;8;50
TE435;11.01.2024;6;1.0;400;49;390;49;10;51
TE435;11.01.2024;7;1.0;730;45;717;45;13;48
TE435;11.01.2024;8;1.0;989;29;962;28;26;30
TE435;11.01.2024;9;1.0;1014;38;990;38;24;41
TE435;11.01.2024;10;1.0;772;45;761;45;11;47
TE435;11.01.2024;11;1.0;762;42;745;43;17;27
TE435;11.01.2024;12;1.0;797;42;793;42;4;45
TE435;11.01.2024;13;1.0;742;42;729;42;13;47
TE435;11.01.2024;14;1.0;845;41;838;41;7;45
TE435;11.01.2024;15;1.0;808;41;798;41;9;23
TE435;11.01.2024;16;1.0;786;40;769;40;17;30
TE435;11.01.2024;17;1.0;733;37;662;41;71;7
TE435;11.01.2024;18;1.0;747;39;714;40;34;7
TE435;11.01.2024;19;1.0;631;38;624;38;7;45
TE435;11.01.2024;20;1.0;396;42;391;42;5;46
TE435;11.01.2024;21;1.0;353;38;351;37;2;50
TE435;11.01.2024;22;1.0;327;41;324;41;3;51
TE435;11.01.2024;23;1.0;219;43;218;43;1;49
TE435;12.01.2024;0;1.0;145;39;141;39;4;53
TE435;12.01.2024;1;1.0;223;24;220;24;3;63
TE435;12.01.2024;2;1.0;94;33;88;31;6;53
TE435;12.01.2024;3;1.0;86;43;84;43;2;45
TE435;12.01.2024;4;1.0;117;31;112;30;5;49
TE435;12.01.2024;5;1.0;213;40;210;40;3;57
TE435;12.01.2024;6;1.0;328;47;324;47;4;52
TE435;12.01.2024;7;1.0;602;43;595;43;7;51
TE435;12.01.2024;8;1.0;884;40;875;40;9;45
TE435;12.01.2024;9;1.0;817;42;810;42;7;47
TE435;12.01.2024;10;1.0;703;43;698;43;5;37
TE435;12.01.2024;11;1.0;780;39;773;39;7;46
TE435;12.01.2024;12;1.0;730;41;719;41;11;37
TE435;12.01.2024;13;1.0;888;35;857;35;30;33
TE435;12.01.2024;14;1.0;753;42;745;42;8;44
TE435;12.01.2024;15;1.0;762;42;753;42;8;32
TE435;12.01.2024;16;1.0;852;33;848;33;4;43
TE435;12.01.2024;17;1.0;678;39;672;39;6;44
TE435;12.01.2024;18;1.0;706;40;701;40;5;26
TE435;12.01.2024;19;1.0;632;37;627;37;5;47
TE435;12.01.2024;20;1.0;653;34;649;34;4;50
TE435;12.01.2024;21;1.0;327;47;326;47;1;54
TE435;12.01.2024;22;1.0;361;44;359;44;2;26
TE435;12.01.2024;23;1.0;316;38;315;38;1;50
TE435;13.01.2024;0;1.0;266;44;262;44;4;26
TE435;13.01.2024;1;1.0;195;38;195;38;0;-1
TE435;13.01.2024;2;1.0;119;47;119;47;0;-1
TE435;13.01.2024;3;1.0;116;36;109;37;6;20
TE435;13.01.2024;4;1.0;120;27;120;27;0;-1
TE435;13.01.2024;5;1.0;111;37;111;37;0;-1
TE435;13.01.2024;6;1.0;90;49;89;49;1;54
TE435;13.01.2024;7;1.0;97;54;97;54;0;-1
TE435;13.01.2024;8;1.0;202;49;200;49;2;56
TE435;13.01.2024;9;1.0;336;50;334;50;2;52
TE435;13.01.2024;10;1.0;454;47;450;47;4;50
TE435;13.01.2024;11;1.0;617;42;608;41;9;50
TE435;13.01.2024;12;1.0;678;43;672;42;6;47
TE435;13.01.2024;13;1.0;757;42;751;42;6;46
TE435;13.01.2024;14;1.0;848;37;843;37;5;34
TE435;13.01.2024;15;1.0;851;36;842;36;9;44
TE435;13.01.2024;16;1.0;710;42;703;42;6;38
TE435;13.01.2024;17;1.0;710;41;707;41;3;45
TE435;13.01.2024;18;1.0;806;38;800;37;6;44
TE435;13.01.2024;19;1.0;827;39;822;39;5;48
TE435;13.01.2024;20;1.0;476;48;465;48;11;40
TE435;13.01.2024;21;1.0;335;47;334;47;1;31
TE435;13.01.2024;22;1.0;345;46;343;46;2;46
TE435;13.01.2024;23;1.0;362;39;359;40;3;32
TE435;14.01.2024;0;1.0;394;30;389;30;5;33
TE435;14.01.2024;1;1.0;198;45;190;47;8;3
TE435;14.01.2024;2;1.0;168;44;152;48;16;9
TE435;14.01.2024;3;1.0;143;41;140;41;3;50
TE435;14.01.2024;4;1.0;88;36;88;36;0;-1
TE435;14.01.2024;5;1.0;119;40;119;40;0;-1
TE435;14.01.2024;6;1.0;73;45;71;45;2;55
TE435;14.01.2024;7;1.0;60;51;59;51;1;65
TE435;14.01.2024;8;1.0;102;49;100;49;2;50
TE435;14.01.2024;9;1.0;191;48;189;48;2;56
TE435;14.01.2024;10;1.0;329;43;325;43;4;55
TE435;14.01.2024;11;1.0;370;47;368;47;2;50
TE435;14.01.2024;12;1.0;404;46;400;46;4;51
TE435;14.01.2024;13;1.0;473;47;468;47;4;38
TE435;14.01.2024;14;1.0;547;44;547;44;0;-1
TE435;14.01.2024;15;1.0;470;46;469;46;1;45
TE435;14.01.2024;16;1.0;492;43;490;43;2;46
TE435;14.01.2024;17;1.0;475;46;473;46;2;49
TE435;14.01.2024;18;1.0;438;42;437;42;1;50
TE435;14.01.2024;19;1.0;366;45;364;45;2;50
TE435;14.01.2024;20;1.0;308;49;306;49;2;54
TE435;20.01.2024;15;1.0;739;45;726;45;14;41
TE435;20.01.2024;16;1.0;694;41;688;41;6;38
TE435;20.01.2024;17;1.0;621;39;607;40;14;36
TE435;20.01.2024;18;1.0;651;40;645;40;6;40
TE435;20.01.2024;19;1.0;646;39;638;40;7;20
TE435;20.01.2024;20;1.0;548;42;542;42;6;37
TE435;20.01.2024;21;1.0;379;40;377;40;2;49
TE435;20.01.2024;22;1.0;384;37;381;37;3;41
TE435;20.01.2024;23;1.0;379;34;371;34;8;34
TE435;21.01.2024;0;1.0;452;25;434;25;19;20
TE435;21.01.2024;1;1.0;311;31;304;31;7;36
TE435;21.01.2024;2;1.0;232;34;224;35;8;16
TE435;21.01.2024;3;1.0;178;34;177;34;1;35
TE435;21.01.2024;4;1.0;131;34;130;34;1;35
TE435;21.01.2024;5;1.0;109;38;102;38;7;28
TE435;21.01.2024;6;1.0;121;31;121;31;0;-1
TE435;21.01.2024;7;1.0;99;41;97;40;2;54
TE435;21.01.2024;8;1.0;225;30;222;29;3;56
TE435;21.01.2024;9;1.0;264;40;262;39;2;50
TE435;21.01.2024;10;1.0;346;46;343;46;3;51
TE435;21.01.2024;11;1.0;365;44;364;44;1;48
TE435;21.01.2024;12;1.0;458;42;454;42;4;35
TE435;21.01.2024;13;1.0;487;46;482;46;5;46
TE435;21.01.2024;14;1.0;483;46;483;46;0;-1
TE435;21.01.2024;15;1.0;586;41;582;41;4;46
TE435;21.01.2024;16;1.0;551;39;549;39;2;48
TE435;21.01.2024;17;1.0;476;40;471;40;5;26
TE435;21.01.2024;18;1.0;438;44;434;44;4;46
TE435;21.01.2024;19;1.0;373;43;371;43;2;48
TE435;21.01.2024;20;1.0;491;31;487;31;4;34
TE435;21.01.2024;21;1.0;281;46;278;46;3;41
TE435;21.01.2024;22;1.0;206;42;203;42;3;39
TE435;21.01.2024;23;1.0;153;39;149;39;4;35
TE435;22.01.2024;0;1.0;127;29;116;32;11;7
TE435;22.01.2024;1;1.0;128;29;124;28;4;54
TE435;22.01.2024;2;1.0;97;32;92;32;5;38
TE435;22.01.2024;3;1.0;101;26;95;25;6;42
TE435;22.01.2024;4;1.0;145;20;144;20;1;48
TE435;22.01.2024;5;1.0;217;44;215;44;2;50
TE435;22.01.2024;6;1.0;567;32;552;32;15;51
TE435;22.01.2024;7;1.0;815;37;783;36;32;43
TE435;22.01.2024;8;1.0;974;38;937;38;37;41
TE435;22.01.2024;9;1.0;912;35;904;35;8;34
TE435;22.01.2024;10;1.0;773;40;749;41;24;22
TE435;22.01.2024;11;1.0;698;40;679;40;19;44
TE435;22.01.2024;12;1.0;739;40;697;40;42;38
TE435;22.01.2024;13;1.0;689;43;670;42;19;45
TE435;22.01.2024;14;1.0;731;41;712;41;19;44
TE435;22.01.2024;15;1.0;757;39;742;39;15;42
TE435;22.01.2024;16;1.0;866;36;847;36;19;38
TE435;22.01.2024;17;1.0;783;35;765;35;18;42
TE435;22.01.2024;18;1.0;686;37;677;37;9;40
TE435;22.01.2024;19;1.0;513;41;500;41;13;45
TE435;22.01.2024;20;1.0;323;44;317;44;6;44
TE435;22.01.2024;21;1.0;232;44;229;44;3;52
TE435;22.01.2024;22;1.0;206;43;203;42;3;50
TE435;22.01.2024;23;1.0;187;38;179;37;8;44
TE435;23.01.2024;0;1.0;115;41;112;41;3;53
TE435;23.01.2024;1;1.0;121;32;116;31;5;55
TE435;23.01.2024;2;1.0;77;30;73;30;4;28
TE435;23.01.2024;3;1.0;158;14;150;12;8;43
TE435;23.01.2024;4;1.0;84;35;82;34;2;40
TE435;23.01.2024;5;1.0;221;43;185;50;36;8
TE435;23.01.2024;6;1.0;413;45;373;48;40;17
TE435;23.01.2024;7;1.0;820;37;807;37;13;40
TE435;23.01.2024;8;1.0;1000;32;975;32;25;28
TE435;23.01.2024;9;1.0;958;38;933;38;25;40
TE435;23.01.2024;10;1.0;937;36;901;36;36;31
TE435;23.01.2024;11;1.0;900;34;873;33;27;44
TE435;23.01.2024;12;1.0;830;37;795;37;35;38
TE435;23.01.2024;13;1.0;854;36;825;37;29;39
TE435;23.01.2024;14;1.0;769;40;755;40;14;39
TE435;23.01.2024;15;1.0;789;39;769;39;20;42
TE435;23.01.2024;16;1.0;843;36;822;37;21;38
TE435;23.01.2024;17;1.0;727;32;703;32;24;33
TE435;23.01.2024;18;1.0;754;36;737;36;17;33
TE435;23.01.2024;19;1.0;540;35;526;35;14;43
TE435;23.01.2024;20;1.0;363;38;359;38;4;45
TE435;23.01.2024;21;1.0;316;40;315;40;1;49
TE435;23.01.2024;22;1.0;250;43;247;43;3;18
TE435;23.01.2024;23;1.0;235;33;233;32;2;51
TE435;24.01.2024;0;1.0;140;46;140;46;0;-1
TE435;24.01.2024;1;1.0;100;42;97;42;3;47
TE435;24.01.2024;2;1.0;286;11;282;11;4;42
TE435;24.01.2024;3;1.0;60;38;57;37;3;47
TE435;24.01.2024;4;1.0;74;42;72;42;2;52
TE435;24.01.2024;5;1.0;214;46;207;46;7;53
TE435;24.01.2024;6;1.0;408;48;393;48;15;51
TE435;24.01.2024;7;1.0;707;44;694;44;13;47
TE435;24.01.2024;8;1.0;999;33;943;33;56;33
TE435;24.01.2024;9;1.0;929;37;893;37;36;38
TE435;24.01.2024;10;1.0;961;36;905;37;56;20
TE435;24.01.2024;11;1.0;767;40;739;40;28;44
TE435;24.01.2024;12;1.0;722;44;702;44;20;46
TE435;24.01.2024;13;1.0;799;37;774;37;25;45
TE435;24.01.2024;14;1.0;757;41;731;41;26;41
TE435;24.01.2024;15;1.0;870;36;835;36;35;39
TE435;24.01.2024;16;1.0;936;34;918;34;18;34
TE435;24.01.2024;17;1.0;950;32;913;32;36;36
TE435;24.01.2024;18;1.0;857;36;822;37;35;15
TE435;24.01.2024;19;1.0;571;42;566;42;5;46
TE435;24.01.2024;20;1.0;388;43;381;43;7;47
TE435;24.01.2024;21;1.0;285;46;281;46;4;48
TE435;24.01.2024;22;1.0;341;38;340;37;1;48
TE435;24.01.2024;23;1.0;170;43;166;43;4;48
TE435;25.01.2024;0;1.0;181;28;174;27;7;44
TE435;25.01.2024;1;1.0;119;33;115;33;4;43
TE435;25.01.2024;2;1.0;230;16;225;16;5;43
TE435;25.01.2024;3;1.0;112;39;106;39;6;47
TE435;25.01.2024;4;1.0;84;40;83;40;1;42
TE435;25.01.2024;5;1.0;210;46;207;46;3;48
TE435;25.01.2024;6;1.0;475;37;455;37;20;49
TE435;25.01.2024;7;1.0;857;36;843;36;14;45
TE435;25.01.2024;8;1.0;1038;35;995;35;43;37
TE435;25.01.2024;9;1.0;883;39;856;38;27;41
TE435;25.01.2024;10;1.0;905;36;880;36;25;41
TE435;25.01.2024;11;1.0;946;23;921;22;25;28
TE435;25.01.2024;12;1.0;940;23;894;23;46;25
TE435;25.01.2024;13;1.0;870;40;856;40;14;41
TE435;25.01.2024;14;1.0;788;42;774;42;14;40
TE435;25.01.2024;15;1.0;869;38;840;38;30;28
TE435;25.01.2024;16;1.0;975;34;943;34;32;35
TE435;25.01.2024;17;1.0;978;31;943;31;35;22
TE435;25.01.2024;18;1.0;968;34;962;34;6;38
TE435;25.01.2024;19;1.0;586;41;573;41;13;41
TE435;25.01.2024;20;1.0;444;40;438;40;6;30
TE435;25.01.2024;21;1.0;401;33;399;33;2;48
TE435;25.01.2024;22;1.0;239;42;239;42;0;-1
TE435;25.01.2024;23;1.0;227;40;226;40;1;46
TE435;26.01.2024;0;1.0;146;41;143;41;3;47
TE435;26.01.2024;1;1.0;140;37;136;37;4;45
TE435;26.01.2024;2;1.0;86;29;83;29;3;44
TE435;26.01.2024;3;1.0;66;34;62;33;4;46
TE435;26.01.2024;4;1.0;94;33;89;32;5;51
TE435;26.01.2024;5;1.0;308;29;297;28;11;54
TE435;26.01.2024;6;1.0;316;47;303;47;13;51
TE435;26.01.2024;7;1.0;581;42;572;42;9;46
TE435;26.01.2024;8;1.0;833;43;819;43;14;46
TE435;26.01.2024;9;1.0;807;42;787;42;20;42
TE435;26.01.2024;10;1.0;782;43;775;43;7;42
TE435;26.01.2024;11;1.0;835;38;823;38;12;45
TE435;26.01.2024;12;1.0;848;35;835;35;13;37
TE435;26.01.2024;13;1.0;805;38;788;38;17;45
TE435;26.01.2024;14;1.0;817;40;804;40;13;43
TE435;26.01.2024;15;1.0;877;37;857;37;20;37
TE435;26.01.2024;16;1.0;889;36;867;36;21;28
TE435;26.01.2024;17;1.0;766;37;750;37;15;28
TE435;26.01.2024;18;1.0;732;38;715;38;17;44
TE435;26.01.2024;19;1.0;658;39;642;39;16;42
TE435;26.01.2024;20;1.0;509;39;502;39;7;45
TE435;26.01.2024;21;1.0;386;39;383;39;3;45
TE435;26.01.2024;22;1.0;394;38;376;39;18;16
TE435;26.01.2024;23;1.0;278;40;264;42;14;12
TE435;27.01.2024;0;1.0;240;41;237;41;3;16
TE435;27.01.2024;1;1.0;188;40;187;40;1;43
TE435;27.01.2024;2;1.0;167;36;166;36;1;3
TE435;27.01.2024;3;1.0;96;41;94;40;2;45
TE435;27.01.2024;4;1.0;106;37;105;37;1;34
TE435;27.01.2024;5;1.0;122;37;121;37;1;34
TE435;27.01.2024;6;1.0;175;27;173;27;2;50
TE435;27.01.2024;7;1.0;124;47;120;47;4;48
TE435;27.01.2024;8;1.0;227;46;223;46;4;51
TE435;27.01.2024;9;1.0;402;45;388;46;14;27
TE435;27.01.2024;10;1.0;513;45;508;45;5;32
TE435;27.01.2024;11;1.0;635;41;631;41;4;38
TE435;27.01.2024;12;1.0;816;40;803;40;13;44
TE435;27.01.2024;13;1.0;787;39;764;39;23;29
TE435;27.01.2024;14;1.0;865;37;829;38;36;8
TE435;27.01.2024;15;1.0;801;36;788;36;12;36
TE435;27.01.2024;16;1.0;813;35;783;36;30;9
TE435;27.01.2024;17;1.0;737;34;722;34;15;37
TE435;27.01.2024;18;1.0;815;32;808;32;7;27
TE435;27.01.2024;19;1.0;645;38;635;38;10;35
TE435;27.01.2024;20;1.0;491;40;485;40;6;46
TE435;27.01.2024;21;1.0;376;39;371;39;5;42
TE435;27.01.2024;22;1.0;367;39;363;39;4;43
TE435;27.01.2024;23;1.0;404;33;396;32;8;43
TE435;28.01.2024;0;1.0;292;36;291;36;1;43
TE435;28.01.2024;1;1.0;260;39;259;39;1;44
TE435;28.01.2024;2;1.0;195;37;194;37;1;45
TE435;28.01.2024;3;1.0;153;38;153;38;0;-1
TE435;28.01.2024;4;1.0;111;37;111;37;0;-1
TE435;28.01.2024;5;1.0;128;30;126;30;2;49
TE435;28.01.2024;6;1.0;85;37;84;37;1;54
TE435;28.01.2024;7;1.0;90;36;89;35;1;54
TE436;01.01.2024;0;1.0;230;50;229;50;1;50
TE436;01.01.2024;1;1.0;419;49;418;49;1;51
TE436;01.01.2024;2;1.0;372;47;363;47;9;43
TE436;01.01.2024;3;1.0;298;49;294;49;4;42
TE436;01.01.2024;4;1.0;246;46;241;46;4;45
TE436;01.01.2024;5;1.0;244;47;240;47;3;53
TE436;01.01.2024;6;1.0;166;53;165;53;1;54
TE436;01.01.2024;7;1.0;129;53;129;53;0;-1
TE436;01.01.2024;8;1.0;68;53;68;53;0;-1
TE436;01.01.2024;9;1.0;93;49;93;49;0;-1
TE436;01.01.2024;10;1.0;98;50;98;50;0;-1
TE436;01.01.2024;11;1.0;162;50;162;50;0;-1
TE436;01.01.2024;12;1.0;228;50;226;50;2;48
TE436;01.01.2024;13;1.0;218;50;218;50;0;-1
TE436;01.01.2024;14;1.0;292;49;292;49;0;-1
TE436;01.01.2024;15;1.0;275;49;275;49;0;-1
TE436;01.01.2024;16;1.0;347;49;344;49;3;51
TE436;01.01.2024;17;1.0;299;50;292;50;7;52
TE436;01.01.2024;18;1.0;329;51;329;51;0;-1
TE436;01.01.2024;19;1.0;258;50;258;50;0;-1
TE436;01.01.2024;20;1.0;235;46;233;46;2;50
TE436;01.01.2024;21;1.0;217;46;215;46;2;48
TE436;01.01.2024;22;1.0;167;46;166;46;1;45
TE436;01.01.2024;23;1.0;145;46;145;46;0;-1
TE436;02.01.2024;0;1.0;72;49;70;49;2;46
TE436;02.01.2024;1;1.0;65;49;58;49;7;51
TE436;02.01.2024;2;1.0;57;51;48;52;9;49
TE436;02.01.2024;3;1.0;55;52;41;52;14;54
TE436;02.01.2024;4;1.0;43;52;39;52;4;51
TE436;02.01.2024;5;1.0;49;49;49;49;0;-1
TE436;02.01.2024;6;1.0;120;54;108;54;12;52
TE436;02.01.2024;7;1.0;169;53;159;53;10;51
TE436;02.01.2024;8;1.0;274;52;262;52;12;53
TE436;02.01.2024;9;1.0;313;52;307;52;6;53
TE436;02.01.2024;10;1.0;358;52;348;52;10;54
TE436;02.01.2024;11;1.0;375;51;371;51;4;52
TE436;02.01.2024;12;1.0;469;52;465;52;4;52
TE436;02.01.2024;13;1.0;506;50;502;50;4;52
TE436;02.01.2024;14;1.0;549;53;544;53;5;54
TE436;02.01.2024;15;1.0;591;49;588;49;3;53
TE436;02.01.2024;16;1.0;652;52;649;52;3;54
TE436;02.01.2024;17;1.0;692;46;688;46;3;54
TE436;02.01.2024;18;1.0;595;47;594;47;1;51
TE436;02.01.2024;19;1.0;410;48;409;48;1;53
TE436;02.01.2024;20;1.0;335;50;328;50;7;50
TE436;02.01.2024;21;1.0;239;51;238;51;1;54
TE436;02.01.2024;22;1.0;265;50;265;50;0;-1
TE436;02.01.2024;23;1.0;201;51;201;51;0;-1
TE436;03.01.2024;0;1.0;120;51;119;51;1;49
TE436;03.01.2024;1;1.0;92;49;86;49;6;47
TE436;03.01.2024;2;1.0;56;51;50;51;6;57
TE436;03.01.2024;3;1.0;60;49;50;49;10;48
TE436;03.01.2024;4;1.0;33;49;29;49;4;49
TE436;03.01.2024;5;1.0;54;50;54;50;0;-1
TE436;03.01.2024;6;1.0;130;51;110;51;20;50
TE436;03.01.2024;7;1.0;216;49;203;49;13;51
TE436;03.01.2024;8;1.0;285;49;272;49;13;51
TE436;03.01.2024;9;1.0;398;49;384;49;14;50
TE436;03.01.2024;10;1.0;367;50;349;50;18;50
TE436;03.01.2024;11;1.0;435;48;415;48;20;49
TE436;03.01.2024;12;1.0;500;49;485;49;15;48
TE436;03.01.2024;13;1.0;510;44;500;44;11;44
TE436;03.01.2024;14;1.0;632;45;618;45;13;45
TE436;03.01.2024;15;1.0;660;44;650;44;9;47
TE436;03.01.2024;16;1.0;752;46;745;46;7;46
TE436;03.01.2024;17;1.0;812;48;799;48;13;48
TE436;03.01.2024;18;1.0;697;48;694;48;3;49
TE436;03.01.2024;19;1.0;512;48;507;48;5;49
TE436;03.01.2024;20;1.0;371;48;364;48;7;48
TE436;03.01.2024;21;1.0;277;49;275;49;2;53
TE436;03.01.2024;22;1.0;308;49;307;49;1;51
TE436;03.01.2024;23;1.0;205;48;204;48;1;51
TE436;04.01.2024;0;1.0;105;49;103;49;2;40
TE436;04.01.2024;1;1.0;70;50;64;50;6;52
TE436;04.01.2024;2;1.0;64;50;57;51;7;45
TE436;04.01.2024;3;1.0;59;50;53;51;6;46
TE436;04.01.2024;4;1.0;52;54;50;55;2;46
TE436;04.01.2024;5;1.0;41;50;41;50;0;-1
TE436;04.01.2024;6;1.0;111;56;110;56;1;51
TE436;04.01.2024;7;1.0;224;49;221;49;3;52
TE436;04.01.2024;8;1.0;463;46;447;46;16;44
TE436;04.01.2024;9;1.0;463;50;441;50;22;50
TE436;04.01.2024;10;1.0;412;50;392;50;20;49
TE436;04.01.2024;11;1.0;482;49;466;49;16;49
TE436;04.01.2024;12;1.0;510;50;501;50;9;50
TE436;04.01.2024;13;1.0;543;49;532;49;11;50
TE436;04.01.2024;14;1.0;690;50;681;50;9;49
TE436;04.01.2024;15;1.0;703;46;695;46;8;50
TE436;04.01.2024;16;1.0;811;50;800;50;11;52
TE436;04.01.2024;17;1.0;805;50;795;50;10;50
TE436;04.01.2024;18;1.0;711;50;707;50;4;50
TE436;04.01.2024;19;1.0;524;50;521;50;3;51
TE436;04.01.2024;20;1.0;379;51;375;51;4;51
TE436;04.01.2024;21;1.0;253;51;250;51;3;50
TE436;04.01.2024;22;1.0;327;49;326;49;1;49
TE436;04.01.2024;23;1.0;218;50;216;50;2;48
TE436;05.01.2024;0;1.0;124;52;122;52;2;53
TE436;05.01.2024;1;1.0;93;50;87;50;6;53
TE436;05.01.2024;2;1.0;78;53;75;53;3;49
TE436;05.01.2024;3;1.0;68;50;58;50;10;51
TE436;05.01.2024;4;1.0;51;52;46;52;5;57
TE436;05.01.2024;5;1.0;57;50;56;50;1;34
TE436;05.01.2024;6;1.0;102;49;93;49;7;52
TE436;05.01.2024;7;1.0;168;47;157;48;11;49
TE436;05.01.2024;8;1.0;275;55;265;55;10;53
TE436;05.01.2024;9;1.0;350;54;339;54;11;54
TE436;05.01.2024;10;1.0;409;53;401;53;8;55
TE436;05.01.2024;11;1.0;466;52;444;52;22;51
TE436;05.01.2024;12;1.0;523;52;514;52;9;51
TE436;05.01.2024;13;1.0;555;53;548;53;7;52
TE436;05.01.2024;14;1.0;668;51;656;51;12;52
TE436;05.01.2024;15;1.0;729;51;722;51;7;50
TE436;05.01.2024;16;1.0;712;50;704;50;8;49
TE436;05.01.2024;17;1.0;715;52;704;52;11;52
TE436;05.01.2024;18;1.0;606;51;605;51;1;52
TE436;05.01.2024;19;1.0;494;53;491;53;3;55
TE436;05.01.2024;20;1.0;394;52;390;52;4;52
TE436;05.01.2024;21;1.0;293;53;292;53;1;50
TE436;05.01.2024;22;1.0;327;53;326;53;1;54
TE436;05.01.2024;23;1.0;293;53;293;53;0;-1
TE436;06.01.2024;0;1.0;195;54;195;54;0;-1
TE436;06.01.2024;1;1.0;152;53;152;53;0;-1
TE436;06.01.2024;2;1.0;111;53;110;53;1;54
TE436;06.01.2024;3;1.0;125;48;124;48;1;54
TE436;06.01.2024;4;1.0;83;47;82;47;1;54
TE436;06.01.2024;5;1.0;70;50;70;50;0;-1
TE436;06.01.2024;6;1.0;61;54;58;54;3;54
TE436;06.01.2024;7;1.0;53;52;51;52;2;50
TE436;06.01.2024;8;1.0;128;55;126;55;2;50
TE436;06.01.2024;9;1.0;173;53;168;53;5;50
TE436;06.01.2024;10;1.0;241;53;232;53;9;54
TE436;06.01.2024;11;1.0;337;52;336;52;1;51
TE436;06.01.2024;12;1.0;374;52;370;52;4;52
TE436;06.01.2024;13;1.0;423;51;419;51;4;51
TE436;06.01.2024;14;1.0;457;51;451;51;6;51
TE436;06.01.2024;15;1.0;489;52;486;52;3;53
TE436;06.01.2024;16;1.0;529;52;525;52;4;51
TE436;06.01.2024;17;1.0;495;52;488;52;7;53
TE436;06.01.2024;18;1.0;458;52;453;52;5;51
TE436;06.01.2024;19;1.0;454;52;445;52;9;52
TE436;06.01.2024;20;1.0;453;51;451;51;2;54
TE436;06.01.2024;21;1.0;285;52;284;52;1;54
TE436;06.01.2024;22;1.0;363;51;363;51;0;-1
TE436;06.01.2024;23;1.0;284;53;282;53;2;52
TE436;07.01.2024;0;1.0;203;53;203;53;0;-1
TE436;07.01.2024;1;1.0;192;53;192;53;0;-1
TE436;07.01.2024;2;1.0;171;53;171;53;0;-1
TE436;07.01.2024;3;1.0;128;47;124;48;3;55
TE436;07.01.2024;4;1.0;81;45;81;45;0;-1
TE436;07.01.2024;5;1.0;81;50;81;50;0;-1
TE436;07.01.2024;6;1.0;67;52;67;52;0;-1
TE436;07.01.2024;7;1.0;40;52;40;52;0;-1
TE436;07.01.2024;8;1.0;65;52;65;52;0;-1
TE436;07.01.2024;9;1.0;109;52;109;52;0;-1
TE436;07.01.2024;10;1.0;172;54;170;54;2;48
TE436;07.01.2024;11;1.0;241;53;240;53;1;54
TE436;07.01.2024;12;1.0;222;52;221;52;1;48
TE436;07.01.2024;13;1.0;290;52;289;52;1;50
TE436;07.01.2024;14;1.0;345;52;343;52;2;50
TE436;07.01.2024;15;1.0;362;52;361;52;1;54
TE436;07.01.2024;16;1.0;395;52;395;52;0;-1
TE436;07.01.2024;17;1.0;388;52;386;52;2;54
TE436;07.01.2024;18;1.0;356;53;355;53;1;57
TE436;07.01.2024;19;1.0;296;55;295;55;1;53
TE436;07.01.2024;20;1.0;257;51;254;51;3;55
TE436;07.01.2024;21;1.0;233;45;226;45;7;53
TE436;07.01.2024;22;1.0;244;46;240;46;4;52
TE436;07.01.2024;23;1.0;117;46;116;46;1;49
TE436;08.01.2024;0;1.0;79;51;75;51;4;49
TE436;08.01.2024;1;1.0;81;53;76;53;5;56
TE436;08.01.2024;2;1.0;52;48;44;49;8;44
TE436;08.01.2024;3;1.0;56;52;43;52;13;53
TE436;08.01.2024;4;1.0;33;50;31;49;2;52
TE436;08.01.2024;5;1.0;66;49;61;49;5;45
TE436;08.01.2024;6;1.0;127;51;118;51;9;51
TE436;08.01.2024;7;1.0;251;50;242;50;9;51
TE436;08.01.2024;8;1.0;410;48;386;48;24;49
TE436;08.01.2024;9;1.0;388;48;364;48;24;49
TE436;08.01.2024;10;1.0;366;46;355;46;11;48
TE436;08.01.2024;11;1.0;424;47;406;47;18;48
TE436;08.01.2024;12;1.0;489;46;465;46;24;47
TE436;08.01.2024;13;1.0;505;47;489;47;16;46
TE436;08.01.2024;14;1.0;633;44;627;44;6;46
TE436;08.01.2024;15;1.0;666;43;649;43;18;42
TE436;08.01.2024;16;1.0;708;42;696;42;12;42
TE436;08.01.2024;17;1.0;735;42;723;42;10;46
TE436;08.01.2024;18;1.0;702;46;697;46;5;47
TE436;08.01.2024;19;1.0;476;46;469;46;7;47
TE436;08.01.2024;20;1.0;325;45;318;45;7;47
TE436;08.01.2024;21;1.0;226;44;222;44;4;31
TE436;08.01.2024;22;1.0;219;47;218;47;1;46
TE436;08.01.2024;23;1.0;148;44;148;44;0;-1
TE436;09.01.2024;0;1.0;101;49;100;49;1;46
TE436;09.01.2024;1;1.0;72;47;68;47;4;49
TE436;09.01.2024;2;1.0;61;49;47;49;14;47
TE436;09.01.2024;3;1.0;45;51;39;52;6;46
TE436;09.01.2024;4;1.0;23;48;21;48;2;52
TE436;09.01.2024;5;1.0;62;50;62;50;0;-1
TE436;09.01.2024;6;1.0;131;51;119;51;12;49
TE436;09.01.2024;7;1.0;308;49;293;49;15;49
TE436;09.01.2024;8;1.0;438;44;412;44;26;45
TE436;09.01.2024;9;1.0;452;43;434;43;18;42
TE436;09.01.2024;10;1.0;455;47;439;47;16;47
TE436;09.01.2024;11;1.0;507;46;498;46;9;47
TE436;09.01.2024;12;1.0;570;47;549;47;21;46
TE436;09.01.2024;13;1.0;589;47;572;47;17;46
TE436;09.01.2024;14;1.0;769;47;758;47;11;48
TE436;09.01.2024;15;1.0;889;47;869;47;20;46
TE436;09.01.2024;16;1.0;926;46;914;45;12;46
TE436;09.01.2024;17;1.0;889;46;880;46;9;46
TE436;09.01.2024;18;1.0;955;46;945;46;10;46
TE436;09.01.2024;19;1.0;750;47;738;47;12;46
TE436;09.01.2024;20;1.0;488;46;478;46;10;48
TE436;09.01.2024;21;1.0;343;47;339;47;4;46
TE436;09.01.2024;22;1.0;286;49;285;49;1;50
TE436;09.01.2024;23;1.0;148;48;147;48;1;44
TE436;10.01.2024;0;1.0;98;48;98;48;0;-1
TE436;10.01.2024;1;1.0;64;50;60;50;4;51
TE436;10.01.2024;2;1.0;61;49;56;49;4;57
TE436;10.01.2024;3;1.0;50;50;44;51;5;51
TE436;10.01.2024;4;1.0;47;44;46;44;1;44
TE436;10.01.2024;5;1.0;57;46;56;46;1;49
TE436;10.01.2024;6;1.0;126;47;116;47;8;53
TE436;10.01.2024;7;1.0;331;41;321;41;11;39
TE436;10.01.2024;8;1.0;456;49;434;49;22;49
TE436;10.01.2024;9;1.0;495;48;480;48;15;49
TE436;10.01.2024;10;1.0;483;48;457;48;26;49
TE436;10.01.2024;11;1.0;517;45;500;45;17;46
TE436;10.01.2024;12;1.0;508;46;494;46;14;47
TE436;10.01.2024;13;1.0;592;47;576;47;16;47
TE436;10.01.2024;14;1.0;803;47;783;47;20;48
TE436;10.01.2024;15;1.0;943;47;925;47;18;47
TE436;10.01.2024;16;1.0;924;45;914;45;10;44
TE436;10.01.2024;17;1.0;897;45;891;45;6;47
TE436;10.01.2024;18;1.0;824;46;816;46;8;46
TE436;10.01.2024;19;1.0;571;47;563;47;8;46
TE436;10.01.2024;20;1.0;418;47;410;47;8;48
TE436;10.01.2024;21;1.0;281;48;273;48;8;49
TE436;10.01.2024;22;1.0;316;47;315;47;1;47
TE436;10.01.2024;23;1.0;207;47;207;47;0;-1
TE436;11.01.2024;0;1.0;96;51;95;51;1;52
TE436;11.01.2024;1;1.0;95;48;91;49;4;35
TE436;11.01.2024;2;1.0;58;53;50;52;8;55
TE436;11.01.2024;3;1.0;53;49;47;50;6;47
TE436;11.01.2024;4;1.0;24;50;22;50;2;52
TE436;11.01.2024;5;1.0;61;51;61;51;0;-1
TE436;11.01.2024;6;1.0;131;57;125;57;6;52
TE436;11.01.2024;7;1.0;294;55;288;55;6;55
TE436;11.01.2024;8;1.0;422;50;412;50;10;54
TE436;11.01.2024;9;1.0;451;53;446;53;5;53
TE436;11.01.2024;10;1.0;438;52;423;52;15;52
TE436;11.01.2024;11;1.0;519;51;513;51;6;51
TE436;11.01.2024;12;1.0;630;51;622;51;8;51
TE436;11.01.2024;13;1.0;690;51;684;51;6;51
TE436;11.01.2024;14;1.0;812;51;803;51;9;51
TE436;11.01.2024;15;1.0;914;50;904;50;10;50
TE436;11.01.2024;16;1.0;989;41;981;41;8;46
TE436;11.01.2024;17;1.0;937;45;930;45;7;45
TE436;11.01.2024;18;1.0;658;26;640;27;18;14
TE436;11.01.2024;19;1.0;585;49;578;49;7;48
TE436;11.01.2024;20;1.0;419;49;408;49;11;49
TE436;11.01.2024;21;1.0;292;49;286;49;6;50
TE436;11.01.2024;22;1.0;306;50;306;50;0;-1
TE436;11.01.2024;23;1.0;206;50;206;50;0;-1
TE436;12.01.2024;0;1.0;112;50;112;50;0;-1
TE436;12.01.2024;1;1.0;100;52;93;52;7;52
TE436;12.01.2024;2;1.0;70;54;64;54;6;54
TE436;12.01.2024;3;1.0;54;52;44;52;10;50
TE436;12.01.2024;4;1.0;51;53;49;54;2;49
TE436;12.01.2024;5;1.0;63;51;63;51;0;-1
TE436;12.01.2024;6;1.0;130;54;125;54;5;48
TE436;12.01.2024;7;1.0;284;53;279;53;5;55
TE436;12.01.2024;8;1.0;417;52;404;52;13;53
TE436;12.01.2024;9;1.0;425;51;420;51;5;50
TE436;12.01.2024;10;1.0;469;50;461;50;8;50
TE436;12.01.2024;11;1.0;473;51;465;51;8;52
TE436;12.01.2024;12;1.0;532;52;524;52;8;51
TE436;12.01.2024;13;1.0;664;52;657;52;7;53
TE436;12.01.2024;14;1.0;787;52;777;52;10;53
TE436;12.01.2024;15;1.0;847;52;841;52;6;52
TE436;12.01.2024;16;1.0;804;51;800;51;4;52
TE436;12.01.2024;17;1.0;734;49;728;49;6;49
TE436;12.01.2024;18;1.0;619;50;616;50;3;50
TE436;12.01.2024;19;1.0;522;50;514;50;8;50
TE436;12.01.2024;20;1.0;395;51;391;51;4;54
TE436;12.01.2024;21;1.0;339;51;338;51;1;57
TE436;12.01.2024;22;1.0;385;50;384;50;1;48
TE436;12.01.2024;23;1.0;355;50;355;50;0;-1
TE436;13.01.2024;0;1.0;194;51;191;51;3;52
TE436;13.01.2024;1;1.0;197;51;196;51;1;52
TE436;13.01.2024;2;1.0;112;52;111;52;1;52
TE436;13.01.2024;3;1.0;133;54;131;54;2;48
TE436;13.01.2024;4;1.0;84;53;83;53;1;53
TE436;13.01.2024;5;1.0;79;54;77;54;2;60
TE436;13.01.2024;6;1.0;63;54;61;54;2;47
TE436;13.01.2024;7;1.0;73;51;73;51;0;-1
TE436;13.01.2024;8;1.0;107;53;100;53;7;49
TE436;13.01.2024;9;1.0;195;55;190;55;5;52
TE436;13.01.2024;10;1.0;301;54;300;54;1;52
TE436;13.01.2024;11;1.0;334;53;331;53;3;52
TE436;13.01.2024;12;1.0;395;51;394;51;1;48
TE436;13.01.2024;13;1.0;491;52;481;52;10;52
TE436;13.01.2024;14;1.0;562;53;557;53;5;53
TE436;13.01.2024;15;1.0;549;52;544;52;5;52
TE436;13.01.2024;16;1.0;592;51;586;51;6;51
TE436;13.01.2024;17;1.0;537;51;523;51;14;51
TE436;13.01.2024;18;1.0;502;51;493;51;9;51
TE436;13.01.2024;19;1.0;433;51;427;51;6;51
TE436;13.01.2024;20;1.0;362;51;355;51;7;52
TE436;13.01.2024;21;1.0;337;52;336;52;1;53
TE436;13.01.2024;22;1.0;372;51;372;51;0;-1
TE436;13.01.2024;23;1.0;326;52;326;52;0;-1
TE436;14.01.2024;0;1.0;248;53;248;53;0;-1
TE436;14.01.2024;1;1.0;180;51;180;51;0;-1
TE436;14.01.2024;2;1.0;172;54;170;54;2;54
TE436;14.01.2024;3;1.0;150;55;150;55;0;-1
TE436;14.01.2024;4;1.0;81;52;81;52;0;-1
TE436;14.01.2024;5;1.0;78;51;78;51;0;-1
TE436;14.01.2024;6;1.0;74;51;74;51;0;-1
TE436;14.01.2024;7;1.0;48;55;48;55;0;-1
TE436;14.01.2024;8;1.0;68;54;68;54;0;-1
TE436;14.01.2024;9;1.0;112;53;112;53;0;-1
TE436;14.01.2024;10;1.0;192;53;189;53;3;52
TE436;14.01.2024;11;1.0;227;53;226;53;1;49
TE436;14.01.2024;12;1.0;293;53;293;53;0;-1
TE436;14.01.2024;13;1.0;333;52;331;52;2;51
TE436;14.01.2024;14;1.0;374;51;372;51;2;52
TE436;14.01.2024;15;1.0;407;49;404;49;3;50
TE436;14.01.2024;16;1.0;430;50;426;50;4;49
TE436;14.01.2024;17;1.0;407;53;404;53;3;53
TE436;14.01.2024;18;1.0;339;52;336;52;3;54
TE436;14.01.2024;19;1.0;328;53;325;53;3;53
TE436;14.01.2024;20;1.0;303;52;301;52;2;51
TE436;14.01.2024;21;1.0;264;53;262;53;2;51
TE436;14.01.2024;22;1.0;250;53;250;53;0;-1
TE436;14.01.2024;23;1.0;159;52;159;52;0;-1
TE436;15.01.2024;0;1.0;90;54;88;54;2;50
TE436;15.01.2024;1;1.0;67;53;61;52;6;56
TE436;15.01.2024;2;1.0;57;52;49;52;8;51
TE436;15.01.2024;3;1.0;44;54;34;54;10;54
TE436;15.01.2024;4;1.0;45;54;44;54;1;52
TE436;15.01.2024;5;1.0;59;52;58;52;1;48
TE436;15.01.2024;6;1.0;132;51;124;52;8;50
TE436;15.01.2024;7;1.0;314;53;302;53;12;53
TE436;15.01.2024;8;1.0;413;50;404;50;9;52
TE436;15.01.2024;9;1.0;376;50;361;50;15;49
TE436;15.01.2024;10;1.0;390;49;372;49;18;49
TE436;15.01.2024;11;1.0;469;51;461;51;8;50
TE436;15.01.2024;12;1.0;507;50;493;50;14;49
TE436;15.01.2024;13;1.0;521;50;510;50;11;51
TE436;15.01.2024;14;1.0;642;51;628;51;14;51
TE436;15.01.2024;15;1.0;791;49;778;49;13;50
TE436;15.01.2024;16;1.0;755;50;746;50;9;50
TE436;15.01.2024;17;1.0;791;48;788;48;3;50
TE436;15.01.2024;18;1.0;697;49;692;49;5;51
TE436;15.01.2024;19;1.0;466;51;458;51;8;50
TE436;15.01.2024;20;1.0;356;52;346;52;10;54
TE436;15.01.2024;21;1.0;251;52;244;52;7;54
TE436;15.01.2024;22;1.0;231;53;230;53;1;56
TE436;15.01.2024;23;1.0;148;53;146;53;2;62
TE436;16.01.2024;0;1.0;103;54;101;54;2;56
TE436;16.01.2024;1;1.0;72;51;68;51;4;53
TE436;16.01.2024;2;1.0;50;40;40;40;10;45
TE436;16.01.2024;3;1.0;60;45;52;45;8;49
TE436;16.01.2024;4;1.0;24;51;22;51;2;44
TE436;16.01.2024;5;1.0;50;42;49;42;1;42
TE436;16.01.2024;6;1.0;122;46;118;46;4;43
TE436;16.01.2024;7;1.0;322;45;310;45;12;44
TE436;16.01.2024;8;1.0;451;47;443;47;8;48
TE436;16.01.2024;9;1.0;441;52;433;52;8;50
TE436;16.01.2024;10;1.0;439;52;431;52;8;55
TE436;16.01.2024;11;1.0;524;52;515;52;9;51
TE436;16.01.2024;12;1.0;553;51;542;51;11;51
TE436;16.01.2024;13;1.0;659;51;645;51;14;52
TE436;16.01.2024;14;1.0;765;52;756;52;9;53
TE436;16.01.2024;15;1.0;900;50;886;50;14;51
TE436;16.01.2024;16;1.0;953;47;946;47;7;46
TE436;16.01.2024;17;1.0;917;44;899;44;18;34
TE436;16.01.2024;18;1.0;806;49;800;49;6;45
TE436;16.01.2024;19;1.0;524;49;521;49;3;52
TE436;16.01.2024;20;1.0;398;51;391;51;7;52
TE436;16.01.2024;21;1.0;330;51;323;51;7;52
TE436;16.01.2024;22;1.0;305;51;303;51;2;47
TE436;16.01.2024;23;1.0;195;50;192;50;3;45
TE436;17.01.2024;0;1.0;119;46;117;46;2;46
TE436;17.01.2024;1;1.0;65;48;63;48;2;52
TE436;17.01.2024;2;1.0;62;51;56;52;6;48
TE436;17.01.2024;3;1.0;57;56;47;57;10;55
TE436;17.01.2024;4;1.0;35;53;34;52;1;62
TE436;17.01.2024;5;1.0;76;50;73;49;3;49
TE436;17.01.2024;6;1.0;138;50;125;51;13;48
TE436;17.01.2024;7;1.0;357;49;353;49;4;43
TE436;17.01.2024;8;1.0;447;50;425;50;22;49
TE436;17.01.2024;9;1.0;454;51;438;51;16;51
TE436;17.01.2024;10;1.0;550;49;527;49;23;49
TE436;17.01.2024;11;1.0;560;50;544;50;16;50
TE436;17.01.2024;12;1.0;619;48;597;48;22;48
TE436;17.01.2024;13;1.0;641;49;624;49;17;49
TE436;17.01.2024;14;1.0;790;50;781;50;9;48
TE436;17.01.2024;15;1.0;805;51;789;51;16;51
TE436;17.01.2024;16;1.0;817;49;809;49;8;50
TE436;17.01.2024;17;1.0;825;48;818;48;7;49
TE436;17.01.2024;18;1.0;669;50;665;50;4;51
TE436;17.01.2024;19;1.0;452;50;447;49;5;51
TE436;17.01.2024;20;1.0;440;50;432;50;8;50
TE436;17.01.2024;21;1.0;345;52;343;52;2;51
TE436;17.01.2024;22;1.0;314;54;312;54;2;52
TE436;17.01.2024;23;1.0;228;54;228;54;0;-1
TE436;18.01.2024;0;1.0;105;54;105;54;0;-1
TE436;18.01.2024;1;1.0;90;54;88;54;2;52
TE436;18.01.2024;2;1.0;69;55;65;55;4;52
TE436;18.01.2024;3;1.0;49;55;42;55;7;56
TE436;18.01.2024;4;1.0;43;54;40;54;3;59
TE436;18.01.2024;5;1.0;67;54;67;54;0;-1
TE436;18.01.2024;6;1.0;168;53;161;53;7;52
TE436;18.01.2024;7;1.0;277;53;271;53;6;53
TE436;18.01.2024;8;1.0;459;52;449;52;10;56
TE436;18.01.2024;9;1.0;484;53;466;53;18;55
TE436;18.01.2024;10;1.0;509;51;498;50;11;51
TE436;18.01.2024;11;1.0;491;50;480;50;11;50
TE436;18.01.2024;12;1.0;564;48;546;48;18;49
TE436;18.01.2024;13;1.0;597;48;579;48;18;48
TE436;18.01.2024;14;1.0;665;48;650;48;15;49
TE436;18.01.2024;15;1.0;876;46;861;46;15;46
TE436;18.01.2024;16;1.0;876;43;865;43;10;46
TE436;18.01.2024;17;1.0;973;45;962;45;11;44
TE436;18.01.2024;18;1.0;809;45;800;45;9;45
TE436;18.01.2024;19;1.0;618;45;610;45;8;46
TE436;18.01.2024;20;1.0;439;46;431;46;8;46
TE436;18.01.2024;21;1.0;327;47;321;47;6;45
TE436;18.01.2024;22;1.0;394;48;394;48;0;-1
TE436;18.01.2024;23;1.0;236;48;235;48;1;48
TE436;19.01.2024;0;1.0;142;50;142;50;0;-1
TE436;19.01.2024;1;1.0;99;53;97;53;2;46
TE436;19.01.2024;2;1.0;72;52;68;52;4;51
TE436;19.01.2024;3;1.0;80;51;71;51;9;51
TE436;19.01.2024;4;1.0;35;48;33;47;2;59
TE436;19.01.2024;5;1.0;62;48;62;48;0;-1
TE436;19.01.2024;6;1.0;156;50;151;50;5;52
TE436;19.01.2024;7;1.0;327;48;314;48;13;47
TE436;19.01.2024;8;1.0;475;46;456;46;19;47
TE436;19.01.2024;9;1.0;485;46;471;46;14;46
TE436;19.01.2024;10;1.0;563;47;544;47;19;46
TE436;19.01.2024;11;1.0;617;47;600;47;17;46
TE436;19.01.2024;12;1.0;615;46;594;46;21;47
TE436;19.01.2024;13;1.0;688;47;664;47;24;46
TE436;19.01.2024;14;1.0;846;47;825;47;21;46
TE436;19.01.2024;15;1.0;884;46;865;46;19;45
TE436;19.01.2024;16;1.0;859;47;848;47;11;48
TE436;19.01.2024;17;1.0;768;48;755;48;13;48
TE436;19.01.2024;18;1.0;650;48;641;48;9;48
TE436;19.01.2024;19;1.0;609;45;595;45;14;46
TE436;19.01.2024;20;1.0;437;46;427;46;10;45
TE436;19.01.2024;21;1.0;395;46;392;46;3;46
TE436;19.01.2024;22;1.0;434;47;433;47;1;50
TE436;19.01.2024;23;1.0;340;47;339;47;1;48
TE436;20.01.2024;0;1.0;246;48;243;48;3;46
TE436;20.01.2024;1;1.0;172;49;172;49;0;-1
TE436;20.01.2024;2;1.0;174;48;173;48;1;48
TE436;20.01.2024;3;1.0;126;51;124;51;2;52
TE436;20.01.2024;4;1.0;68;49;68;49;0;-1
TE436;20.01.2024;5;1.0;83;50;81;49;2;49
TE436;20.01.2024;6;1.0;69;48;66;48;3;51
TE436;20.01.2024;7;1.0;108;48;106;48;2;48
TE436;20.01.2024;8;1.0;149;50;147;50;2;52
TE436;20.01.2024;9;1.0;247;52;240;51;7;52
TE436;20.01.2024;10;1.0;343;51;339;51;4;52
TE436;20.01.2024;11;1.0;474;50;466;50;8;50
TE436;20.01.2024;12;1.0;491;50;482;50;9;49
TE436;20.01.2024;13;1.0;511;47;501;47;10;46
TE436;20.01.2024;14;1.0;578;49;573;49;5;46
TE436;20.01.2024;15;1.0;571;48;560;48;11;47
TE436;20.01.2024;16;1.0;587;47;582;47;5;47
TE436;20.01.2024;17;1.0;570;45;557;45;13;45
TE436;20.01.2024;18;1.0;536;46;530;46;6;46
TE436;20.01.2024;19;1.0;501;47;492;47;9;47
TE436;20.01.2024;20;1.0;445;47;439;47;6;49
TE436;20.01.2024;21;1.0;328;48;325;48;3;47
TE436;20.01.2024;22;1.0;372;47;372;47;0;-1
TE436;20.01.2024;23;1.0;375;47;374;47;1;48
TE436;21.01.2024;0;1.0;312;48;310;48;2;46
TE436;21.01.2024;1;1.0;233;49;233;49;0;-1
TE436;21.01.2024;2;1.0;171;51;167;51;4;50
TE436;21.01.2024;3;1.0;143;52;143;52;0;-1
TE436;21.01.2024;4;1.0;97;51;95;51;2;44
TE436;21.01.2024;5;1.0;96;50;96;50;0;-1
TE436;21.01.2024;6;1.0;71;51;70;51;1;39
TE436;21.01.2024;7;1.0;50;56;49;56;1;58
TE436;21.01.2024;8;1.0;79;53;78;52;1;49
TE436;21.01.2024;9;1.0;132;52;129;52;3;51
TE436;21.01.2024;10;1.0;217;50;217;50;0;-1
TE436;21.01.2024;11;1.0;291;50;289;50;2;50
TE436;21.01.2024;12;1.0;268;49;268;49;0;-1
TE436;21.01.2024;13;1.0;366;48;365;48;1;51
TE436;21.01.2024;14;1.0;432;49;430;49;2;50
TE436;21.01.2024;15;1.0;400;49;398;49;2;52
TE436;21.01.2024;16;1.0;419;48;417;48;2;46
TE436;21.01.2024;17;1.0;488;47;488;47;0;-1
TE436;21.01.2024;18;1.0;468;48;465;48;3;48
TE436;21.01.2024;19;1.0;351;49;351;49;0;-1
TE436;21.01.2024;20;1.0;303;49;301;49;2;49
TE436;21.01.2024;21;1.0;292;48;287;48;5;49
TE436;21.01.2024;22;1.0;219;49;217;49;2;47
TE436;21.01.2024;23;1.0;131;48;130;48;1;47
TE436;22.01.2024;0;1.0;83;49;81;49;2;50
TE436;22.01.2024;1;1.0;73;50;66;50;7;44
TE436;22.01.2024;2;1.0;65;49;53;49;12;50
TE436;22.01.2024;3;1.0;50;50;39;50;11;49
TE436;22.01.2024;4;1.0;33;52;28;52;5;50
TE436;22.01.2024;5;1.0;64;51;62;51;2;49
TE436;22.01.2024;6;1.0;130;50;117;50;13;51
TE436;22.01.2024;7;1.0;295;48;281;48;14;50
TE436;22.01.2024;8;1.0;431;48;404;48;27;48
TE436;22.01.2024;9;1.0;470;49;458;49;12;49
TE436;22.01.2024;10;1.0;473;48;455;48;18;48
TE436;22.01.2024;11;1.0;540;49;507;49;33;49
TE436;22.01.2024;12;1.0;559;47;545;47;14;48
TE436;22.01.2024;13;1.0;577;48;557;48;20;49
TE436;22.01.2024;14;1.0;720;49;698;49;22;49
TE436;22.01.2024;15;1.0;868;48;853;48;15;46
TE436;22.01.2024;16;1.0;846;46;836;46;10;46
TE436;22.01.2024;17;1.0;962;46;947;46;15;46
TE436;22.01.2024;18;1.0;959;46;952;46;7;46
TE436;22.01.2024;19;1.0;642;46;632;46;10;46
TE436;22.01.2024;20;1.0;355;47;347;47;8;46
TE436;22.01.2024;21;1.0;262;48;257;48;5;46
TE436;22.01.2024;22;1.0;306;48;305;48;1;49
TE436;22.01.2024;23;1.0;164;46;163;46;1;46
TE436;23.01.2024;0;1.0;118;46;115;46;3;48
TE436;23.01.2024;1;1.0;78;47;71;48;7;46
TE436;23.01.2024;2;1.0;57;49;46;50;11;47
TE436;23.01.2024;3;1.0;51;47;39;47;12;48
TE436;23.01.2024;4;1.0;26;48;24;47;2;48
TE436;23.01.2024;5;1.0;68;47;66;47;2;40
TE436;23.01.2024;6;1.0;140;50;131;50;9;51
TE436;23.01.2024;7;1.0;302;49;283;49;19;50
TE436;23.01.2024;8;1.0;406;49;387;49;19;48
TE436;23.01.2024;9;1.0;471;48;449;48;22;49
TE436;23.01.2024;10;1.0;446;48;427;48;19;46
TE436;23.01.2024;11;1.0;522;47;510;47;12;48
TE436;23.01.2024;12;1.0;573;48;556;48;17;47
TE436;23.01.2024;13;1.0;632;47;614;47;18;47
TE436;23.01.2024;14;1.0;774;47;761;47;13;47
TE436;23.01.2024;15;1.0;857;47;842;47;15;47
TE436;23.01.2024;16;1.0;914;45;905;45;9;45
TE436;23.01.2024;17;1.0;928;44;919;44;9;44
TE436;23.01.2024;18;1.0;839;44;831;44;8;43
TE436;23.01.2024;19;1.0;608;44;599;44;9;45
TE436;23.01.2024;20;1.0;412;46;400;46;12;46
TE436;23.01.2024;21;1.0;329;46;323;46;6;48
TE436;23.01.2024;22;1.0;333;47;332;47;1;45
TE436;23.01.2024;23;1.0;201;49;201;49;0;-1
TE436;24.01.2024;0;1.0;123;50;123;50;0;-1
TE436;24.01.2024;1;1.0;91;50;84;50;7;48
TE436;24.01.2024;2;1.0;71;49;65;49;6;45
TE436;24.01.2024;3;1.0;64;49;50;51;14;45
TE436;24.01.2024;4;1.0;50;50;43;50;7;56
TE436;24.01.2024;5;1.0;83;52;78;52;5;56
TE436;24.01.2024;6;1.0;157;50;138;50;19;50
TE436;24.01.2024;7;1.0;372;49;348;49;24;50
TE436;24.01.2024;8;1.0;479;47;458;47;21;46
TE436;24.01.2024;9;1.0;487;47;473;47;14;48
TE436;24.01.2024;10;1.0;529;48;516;48;13;49
TE436;24.01.2024;11;1.0;571;49;546;49;25;48
TE436;24.01.2024;12;1.0;609;47;578;47;31;47
TE436;24.01.2024;13;1.0;670;47;648;47;22;47
TE436;24.01.2024;14;1.0;782;47;761;47;21;48
TE436;24.01.2024;15;1.0;875;46;857;46;18;46
TE436;24.01.2024;16;1.0;853;38;826;38;27;38
TE436;24.01.2024;17;1.0;855;40;842;40;13;39
TE436;24.01.2024;18;1.0;880;45;869;45;11;46
TE436;24.01.2024;19;1.0;639;46;625;46;14;47
TE436;24.01.2024;20;1.0;453;47;444;47;9;46
TE436;24.01.2024;21;1.0;364;48;361;48;3;49
TE436;24.01.2024;22;1.0;324;46;323;46;1;47
TE436;24.01.2024;23;1.0;259;47;258;47;1;42
TE436;25.01.2024;0;1.0;120;47;117;47;3;45
TE436;25.01.2024;1;1.0;71;49;65;50;6;45
TE436;25.01.2024;2;1.0;70;49;61;49;9;48
TE436;25.01.2024;3;1.0;80;49;68;50;12;46
TE436;25.01.2024;4;1.0;38;48;33;48;5;48
TE436;25.01.2024;5;1.0;84;49;82;49;2;45
TE436;25.01.2024;6;1.0;172;50;159;51;13;50
TE436;25.01.2024;7;1.0;375;49;356;49;19;49
TE436;25.01.2024;8;1.0;512;47;500;47;12;47
TE436;25.01.2024;9;1.0;482;47;464;47;18;47
TE436;25.01.2024;10;1.0;531;46;519;46;12;47
TE436;25.01.2024;11;1.0;544;47;532;47;12;47
TE436;25.01.2024;12;1.0;585;48;571;48;14;49
TE436;25.01.2024;13;1.0;677;49;664;49;13;50
TE436;25.01.2024;14;1.0;867;47;859;47;8;49
TE436;25.01.2024;15;1.0;950;40;937;40;13;46
TE436;25.01.2024;16;1.0;1016;44;1009;44;7;45
TE436;25.01.2024;17;1.0;1005;42;994;42;11;43
TE436;25.01.2024;18;1.0;895;47;888;47;7;49
TE436;25.01.2024;19;1.0;607;49;602;49;5;50
TE436;25.01.2024;20;1.0;460;50;450;50;10;51
TE436;25.01.2024;21;1.0;340;50;338;50;2;54
TE436;25.01.2024;22;1.0;347;47;347;47;0;-1
TE436;25.01.2024;23;1.0;280;45;279;45;1;55
TE436;26.01.2024;0;1.0;138;45;137;45;1;44
TE436;26.01.2024;1;1.0;108;48;102;48;6;48
TE436;26.01.2024;2;1.0;63;49;56;49;7;50
TE436;26.01.2024;3;1.0;82;49;70;48;12;50
TE436;26.01.2024;4;1.0;61;52;60;52;1;42
TE436;26.01.2024;5;1.0;70;53;70;53;0;-1
TE436;26.01.2024;6;1.0;152;53;145;53;7;51
TE436;26.01.2024;7;1.0;333;48;322;48;11;48
TE436;26.01.2024;8;1.0;425;50;411;50;14;48
TE436;26.01.2024;9;1.0;445;52;435;52;10;51
TE436;26.01.2024;10;1.0;542;51;532;51;10;52
TE436;26.01.2024;11;1.0;600;50;590;50;10;49
TE436;26.01.2024;12;1.0;757;44;743;44;15;43
TE436;26.01.2024;13;1.0;846;48;841;48;5;49
TE436;26.01.2024;14;1.0;995;47;983;47;12;48
TE436;26.01.2024;15;1.0;1009;47;1001;47;8;46
TE436;26.01.2024;16;1.0;860;46;854;46;6;45
TE436;26.01.2024;17;1.0;840;45;816;45;24;44
TE436;26.01.2024;18;1.0;709;47;705;47;4;46
TE436;26.01.2024;19;1.0;578;47;571;47;7;47
TE436;26.01.2024;20;1.0;450;47;441;47;9;48
TE436;26.01.2024;21;1.0;388;47;385;47;3;47
TE436;26.01.2024;22;1.0;412;46;410;46;2;46
TE436;26.01.2024;23;1.0;347;47;345;47;2;47
TE436;27.01.2024;0;1.0;254;47;253;47;1;44
TE436;27.01.2024;1;1.0;181;49;181;49;0;-1
TE436;27.01.2024;2;1.0;144;48;143;48;1;45
TE436;27.01.2024;3;1.0;112;48;110;48;2;46
TE436;27.01.2024;4;1.0;79;48;79;48;0;-1
TE436;27.01.2024;5;1.0;87;47;86;47;1;41
TE436;27.01.2024;6;1.0;85;51;80;51;5;49
TE436;27.01.2024;7;1.0;85;49;79;49;6;51
TE436;27.01.2024;8;1.0;138;52;135;52;3;52
TE436;27.01.2024;9;1.0;224;51;217;51;7;50
TE436;27.01.2024;10;1.0;294;49;285;49;9;49
TE436;27.01.2024;11;1.0;413;50;407;50;6;51
TE436;27.01.2024;12;1.0;464;50;453;50;11;50
TE436;27.01.2024;13;1.0;507;49;500;49;7;50
TE436;27.01.2024;14;1.0;537;46;526;46;11;45
TE436;27.01.2024;15;1.0;583;46;572;46;11;46
TE436;27.01.2024;16;1.0;614;45;603;45;11;45
TE436;27.01.2024;17;1.0;609;45;599;45;10;45
TE436;27.01.2024;18;1.0;581;45;574;45;7;45
TE436;27.01.2024;19;1.0;527;45;514;45;13;47
TE436;27.01.2024;20;1.0;428;45;422;45;6;46
TE436;27.01.2024;21;1.0;349;45;347;45;2;46
TE436;27.01.2024;22;1.0;419;46;416;45;3;44
TE436;27.01.2024;23;1.0;368;44;365;44;3;46
TE436;28.01.2024;0;1.0;287;46;287;46;0;-1
TE436;28.01.2024;1;1.0;219;47;219;47;0;-1
TE436;28.01.2024;2;1.0;198;47;197;47;1;45
TE436;28.01.2024;3;1.0;137;46;137;46;0;-1
TE436;28.01.2024;4;1.0;134;48;133;48;1;56
TE436;28.01.2024;5;1.0;88;46;88;46;0;-1
TE436;28.01.2024;6;1.0;84;48;84;48;0;-1
TE436;28.01.2024;7;1.0;58;49;58;49;0;-1
TE436;28.01.2024;8;1.0;73;48;72;48;1;43
TE436;28.01.2024;9;1.0;138;47;138;47;0;-1
TE436;28.01.2024;10;1.0;221;46;217;46;4;45
TE436;28.01.2024;11;1.0;274;47;273;47;1;41
TE436;28.01.2024;12;1.0;347;47;345;47;2;45
TE436;28.01.2024;13;1.0;388;47;386;47;2;44
TE436;28.01.2024;14;1.0;467;45;466;45;1;45
TE436;28.01.2024;15;1.0;482;46;482;46;0;-1
TE436;28.01.2024;16;1.0;515;45;514;45;1;46
TE436;28.01.2024;17;1.0;548;45;538;45;10;45
TE436;28.01.2024;18;1.0;495;46;494;46;1;47
TE436;28.01.2024;19;1.0;362;46;360;46;2;45
TE436;28.01.2024;20;1.0;339;46;336;46;3;46
TE436;28.01.2024;21;1.0;277;46;275;46;2;48
TE436;28.01.2024;22;1.0;261;46;261;46;0;-1
TE436;28.01.2024;23;1.0;154;46;154;46;0;-1
TE436;29.01.2024;0;1.0;85;48;84;48;1;47
TE436;29.01.2024;1;1.0;75;46;69;46;6;45
TE436;29.01.2024;2;1.0;50;50;39;49;11;52
TE436;29.01.2024;3;1.0;60;49;47;48;13;50
TE436;29.01.2024;4;1.0;57;45;54;45;3;52
TE436;29.01.2024;5;1.0;57;46;55;46;2;47
TE436;29.01.2024;6;1.0;129;47;125;47;4;49
TE436;29.01.2024;7;1.0;295;46;288;46;7;46
TE436;29.01.2024;8;1.0;446;47;422;47;24;47
TE436;29.01.2024;9;1.0;523;46;500;46;23;45
TE436;29.01.2024;10;1.0;477;46;458;46;19;45
TE436;29.01.2024;11;1.0;506;46;488;46;18;47
TE436;29.01.2024;12;1.0;542;48;528;48;14;48
TE436;29.01.2024;13;1.0;609;46;594;46;15;45
TE436;29.01.2024;14;1.0;723;48;705;48;18;47
TE436;29.01.2024;15;1.0;874;47;862;47;12;47
TE436;29.01.2024;16;1.0;873;45;856;45;17;45
TE436;29.01.2024;17;1.0;892;44;884;44;8;44
TE436;29.01.2024;18;1.0;780;45;773;45;7;45
TE436;29.01.2024;19;1.0;532;46;528;46;4;48
TE436;29.01.2024;20;1.0;431;47;422;47;9;47
TE436;29.01.2024;21;1.0;297;47;290;47;7;46
TE436;29.01.2024;22;1.0;297;48;295;48;2;48
TE436;29.01.2024;23;1.0;153;48;152;48;1;53
TE436;30.01.2024;0;1.0;100;47;99;47;1;46
TE436;30.01.2024;1;1.0;90;48;88;48;2;49
TE436;30.01.2024;2;1.0;50;46;47;46;3;41
TE436;30.01.2024;3;1.0;56;50;52;50;4;52
TE436;30.01.2024;4;1.0;37;50;35;50;2;52
TE436;30.01.2024;5;1.0;51;47;51;47;0;-1
TE436;30.01.2024;6;1.0;144;48;131;48;13;49
TE436;30.01.2024;7;1.0;338;48;321;48;17;48
TE436;30.01.2024;8;1.0;492;48;476;48;16;47
TE436;30.01.2024;9;1.0;516;47;498;47;18;47
TE436;30.01.2024;10;1.0;461;47;442;47;19;46
TE436;30.01.2024;11;1.0;552;46;539;46;13;45
TE436;30.01.2024;12;1.0;598;47;585;47;13;47
TE436;30.01.2024;13;1.0;639;46;623;46;16;47
TE436;30.01.2024;14;1.0;792;47;778;47;14;48
TE436;30.01.2024;15;1.0;876;47;867;47;9;47
TE436;30.01.2024;16;1.0;951;46;940;46;11;47
TE436;30.01.2024;17;1.0;956;45;944;45;12;46
TE436;30.01.2024;18;1.0;908;45;901;45;7;46
TE436;30.01.2024;19;1.0;555;48;548;48;7;47
TE436;30.01.2024;20;1.0;451;49;445;49;6;50
TE436;30.01.2024;21;1.0;311;48;306;48;5;48
TE436;30.01.2024;22;1.0;320;48;319;48;1;52
TE436;30.01.2024;23;1.0;190;49;188;49;2;48
TE436;31.01.2024;0;1.0;110;48;110;48;0;-1
TE436;31.01.2024;1;1.0;76;50;71;51;5;43
TE436;31.01.2024;2;1.0;61;51;55;51;6;51
TE436;31.01.2024;3;1.0;55;50;49;50;6;49
TE436;31.01.2024;4;1.0;48;49;44;49;4;47
TE436;31.01.2024;5;1.0;71;49;68;49;3;42
TE436;31.01.2024;6;1.0;139;53;127;53;12;51
TE436;31.01.2024;7;1.0;333;50;320;50;13;51
TE436;31.01.2024;8;1.0;406;51;392;51;14;50
TE436;31.01.2024;9;1.0;487;51;477;51;10;50
TE436;31.01.2024;10;1.0;531;49;512;49;19;50
TE436;31.01.2024;11;1.0;552;50;538;50;14;50
TE436;31.01.2024;12;1.0;607;50;589;50;18;50
TE436;31.01.2024;13;1.0;662;50;647;50;15;49
TE436;31.01.2024;14;1.0;755;49;746;49;9;49
TE436;31.01.2024;15;1.0;913;49;904;49;9;50
TE436;31.01.2024;16;1.0;939;48;934;48;5;49
TE436;31.01.2024;17;1.0;922;48;915;48;7;47
TE436;31.01.2024;18;1.0;823;50;814;50;9;49
TE436;31.01.2024;19;1.0;613;51;607;51;6;50
TE436;31.01.2024;20;1.0;441;50;433;50;8;50
TE436;31.01.2024;21;1.0;300;51;293;51;7;49
TE436;31.01.2024;22;1.0;343;49;337;49;6;50
TE436;31.01.2024;23;1.0;248;50;247;50;1;48
TE437;12.01.2024;10;1.0;439;44;430;44;9;43
TE437;12.01.2024;11;1.0;491;44;484;44;7;44
TE437;12.01.2024;12;1.0;490;43;484;43;6;44
TE437;12.01.2024;13;1.0;523;43;521;43;2;42
TE437;12.01.2024;14;1.0;494;41;489;41;5;43
TE437;12.01.2024;15;1.0;590;40;587;40;3;46
TE437;12.01.2024;16;1.0;556;40;550;40;6;38
TE437;12.01.2024;17;1.0;585;41;580;41;5;40
TE437;12.01.2024;18;1.0;554;40;547;40;7;37
TE437;12.01.2024;19;1.0;470;44;469;44;1;45
TE437;12.01.2024;20;1.0;367;44;361;44;6;45
TE437;12.01.2024;21;1.0;317;45;316;45;1;44
TE437;12.01.2024;22;1.0;269;47;264;47;5;45
TE437;12.01.2024;23;1.0;198;48;196;48;2;50
TE437;13.01.2024;0;1.0;155;50;151;50;4;48
TE437;13.01.2024;1;1.0;121;49;121;49;0;-1
TE437;13.01.2024;2;1.0;83;48;83;48;0;-1
TE437;13.01.2024;3;1.0;65;49;65;49;0;-1
TE437;13.01.2024;4;1.0;48;48;48;48;0;-1
TE437;13.01.2024;5;1.0;48;50;48;50;0;-1
TE437;13.01.2024;6;1.0;70;50;69;50;1;44
TE437;13.01.2024;7;1.0;101;46;99;46;2;45
TE437;13.01.2024;8;1.0;181;46;174;46;7;45
TE437;13.01.2024;9;1.0;274;40;265;40;9;39
TE437;13.01.2024;10;1.0;331;40;325;40;6;39
TE437;13.01.2024;11;1.0;391;39;387;39;4;40
TE437;13.01.2024;12;1.0;496;38;485;38;11;38
TE437;13.01.2024;13;1.0;522;40;515;40;7;42
TE437;13.01.2024;14;1.0;485;41;483;41;2;41
TE437;13.01.2024;15;1.0;501;43;495;43;6;43
TE437;13.01.2024;16;1.0;439;41;435;41;4;36
TE437;13.01.2024;17;1.0;440;43;438;43;2;38
TE437;13.01.2024;18;1.0;458;42;455;42;3;41
TE437;13.01.2024;19;1.0;404;43;403;43;1;38
TE437;13.01.2024;20;1.0;339;46;338;46;1;46
TE437;13.01.2024;21;1.0;262;47;260;47;2;46
TE437;13.01.2024;22;1.0;254;46;251;46;3;44
TE437;13.01.2024;23;1.0;220;45;218;45;2;45
TE437;14.01.2024;0;1.0;171;44;166;44;5;41
TE437;14.01.2024;1;1.0;129;43;128;43;1;45
TE437;14.01.2024;2;1.0;88;46;88;46;0;-1
TE437;14.01.2024;3;1.0;72;48;71;48;1;49
TE437;14.01.2024;4;1.0;36;41;36;41;0;-1
TE437;14.01.2024;5;1.0;55;45;55;45;0;-1
TE437;14.01.2024;6;1.0;43;45;43;45;0;-1
TE437;14.01.2024;7;1.0;57;44;56;44;1;45
TE437;14.01.2024;8;1.0;92;46;90;46;2;45
TE437;14.01.2024;9;1.0;115;48;111;48;4;44
TE437;14.01.2024;10;1.0;191;43;185;43;6;45
TE437;14.01.2024;11;1.0;273;42;270;42;3;41
TE437;14.01.2024;12;1.0;321;44;317;44;4;46
TE437;14.01.2024;13;1.0;346;46;341;46;5;46
TE437;14.01.2024;14;1.0;370;45;365;45;5;48
TE437;14.01.2024;15;1.0;425;42;417;42;8;42
TE437;14.01.2024;16;1.0;402;43;400;43;2;43
TE437;14.01.2024;17;1.0;331;45;325;45;6;42
TE437;14.01.2024;18;1.0;356;44;352;44;4;44
TE437;14.01.2024;19;1.0;305;45;298;45;7;45
TE437;14.01.2024;20;1.0;267;44;263;44;4;46
TE437;14.01.2024;21;1.0;207;48;205;48;2;47
TE437;14.01.2024;22;1.0;161;49;157;49;4;52
TE437;14.01.2024;23;1.0;141;50;136;50;5;50
TE437;15.01.2024;0;1.0;107;50;106;50;1;48
TE437;15.01.2024;1;1.0;52;50;52;50;0;-1
TE437;15.01.2024;2;1.0;43;50;41;50;2;53
TE437;15.01.2024;3;1.0;32;46;32;46;0;-1
TE437;15.01.2024;4;1.0;29;49;26;49;3;47
TE437;15.01.2024;5;1.0;119;52;112;52;7;45
TE437;15.01.2024;6;1.0;254;48;251;48;3;49
TE437;15.01.2024;7;1.0;391;45;385;45;6;46
TE437;15.01.2024;8;1.0;290;28;283;28;7;7
TE437;15.01.2024;9;1.0;271;17;264;17;7;12
TE437;15.01.2024;10;1.0;349;41;333;41;16;40
TE437;15.01.2024;11;1.0;386;42;372;42;14;42
TE437;15.01.2024;12;1.0;388;41;380;41;8;40
TE437;15.01.2024;13;1.0;446;37;436;37;10;39
TE437;15.01.2024;14;1.0;427;38;423;38;4;37
TE437;15.01.2024;15;1.0;432;36;429;36;3;30
TE437;15.01.2024;16;1.0;537;38;535;38;2;35
TE437;15.01.2024;17;1.0;457;38;455;38;2;39
TE437;15.01.2024;18;1.0;502;39;500;39;2;38
TE437;15.01.2024;19;1.0;350;44;347;44;3;45
TE437;15.01.2024;20;1.0;310;43;305;43;5;43
TE437;15.01.2024;21;1.0;224;43;221;43;3;46
TE437;15.01.2024;22;1.0;197;44;195;44;2;46
TE437;15.01.2024;23;1.0;109;50;106;50;3;50
TE437;16.01.2024;0;1.0;80;49;79;49;1;54
TE437;16.01.2024;1;1.0;35;48;34;48;1;37
TE437;16.01.2024;2;1.0;28;39;27;38;1;55
TE437;16.01.2024;3;1.0;18;42;18;42;0;-1
TE437;16.01.2024;4;1.0;31;40;30;39;1;55
TE437;16.01.2024;5;1.0;100;42;98;42;2;41
TE437;16.01.2024;6;1.0;242;39;237;39;5;37
TE437;16.01.2024;7;1.0;394;34;381;34;13;36
TE437;16.01.2024;8;1.0;523;37;516;37;7;36
TE437;16.01.2024;9;1.0;516;37;511;37;5;36
TE437;16.01.2024;10;1.0;509;38;505;38;4;33
TE437;16.01.2024;11;1.0;504;42;486;42;18;41
TE437;16.01.2024;12;1.0;493;41;477;41;16;41
TE437;16.01.2024;13;1.0;505;42;493;42;12;41
TE437;16.01.2024;14;1.0;526;41;517;41;9;40
TE437;16.01.2024;15;1.0;545;39;531;39;14;40
TE437;16.01.2024;16;1.0;530;32;525;32;5;31
TE437;16.01.2024;17;1.0;623;38;620;38;3;34
TE437;16.01.2024;18;1.0;585;39;582;39;3;35
TE437;16.01.2024;19;1.0;495;41;489;41;6;38
TE437;16.01.2024;20;1.0;309;44;307;44;2;43
TE437;16.01.2024;21;1.0;242;44;240;44;2;46
TE437;16.01.2024;22;1.0;204;42;204;42;0;-1
TE437;16.01.2024;23;1.0;152;45;150;45;2;46
TE437;17.01.2024;0;1.0;97;42;95;42;2;42
TE437;17.01.2024;1;1.0;41;45;41;45;0;-1
TE437;17.01.2024;2;1.0;40;45;40;45;0;-1
TE437;17.01.2024;3;1.0;33;46;33;46;0;-1
TE437;17.01.2024;4;1.0;30;44;29;44;1;35
TE437;17.01.2024;5;1.0;105;42;99;42;6;39
TE437;17.01.2024;6;1.0;242;40;233;40;9;40
TE437;17.01.2024;7;1.0;413;39;399;39;14;40
TE437;17.01.2024;8;1.0;569;38;559;38;10;38
TE437;17.01.2024;9;1.0;553;39;539;39;14;39
TE437;17.01.2024;10;1.0;485;41;473;41;12;42
TE437;17.01.2024;11;1.0;480;39;467;39;13;39
TE437;17.01.2024;12;1.0;505;39;491;39;14;39
TE437;17.01.2024;13;1.0;512;40;495;40;17;39
TE437;17.01.2024;14;1.0;529;43;518;43;11;42
TE437;17.01.2024;15;1.0;580;41;568;41;12;38
TE437;17.01.2024;16;1.0;535;39;528;39;7;38
TE437;17.01.2024;17;1.0;530;41;521;41;9;41
TE437;17.01.2024;18;1.0;544;42;536;42;8;44
TE437;17.01.2024;19;1.0;420;42;417;42;3;44
TE437;17.01.2024;20;1.0;320;44;319;44;1;45
TE437;17.01.2024;21;1.0;204;50;204;50;0;-1
TE437;17.01.2024;22;1.0;199;48;199;48;0;-1
TE437;17.01.2024;23;1.0;174;48;172;48;2;45
TE437;18.01.2024;0;1.0;102;47;102;47;0;-1
TE437;18.01.2024;1;1.0;54;48;54;48;0;-1
TE437;18.01.2024;2;1.0;34;50;33;50;1;35
TE437;18.01.2024;3;1.0;33;49;33;49;0;-1
TE437;18.01.2024;4;1.0;44;43;44;43;0;-1
TE437;18.01.2024;5;1.0;106;48;98;49;8;45
TE437;18.01.2024;6;1.0;263;47;256;47;7;48
TE437;18.01.2024;7;1.0;413;43;405;43;8;44
TE437;18.01.2024;8;1.0;558;40;547;40;11;40
TE437;18.01.2024;9;1.0;488;40;473;40;15;39
TE437;18.01.2024;10;1.0;409;41;395;41;14;39
TE437;18.01.2024;11;1.0;492;40;480;40;12;40
TE437;18.01.2024;12;1.0;549;40;533;40;16;40
TE437;18.01.2024;13;1.0;482;40;473;40;9;42
TE437;18.01.2024;14;1.0;529;38;521;38;8;38
TE437;18.01.2024;15;1.0;564;36;555;36;9;35
TE437;18.01.2024;16;1.0;622;32;609;32;13;32
TE437;18.01.2024;17;1.0;569;37;562;37;7;37
TE437;18.01.2024;18;1.0;576;36;570;36;6;37
TE437;18.01.2024;19;1.0;480;37;475;37;5;37
TE437;18.01.2024;20;1.0;349;38;346;38;3;38
TE437;18.01.2024;21;1.0;296;41;295;41;1;38
TE437;18.01.2024;22;1.0;231;40;230;40;1;38
TE437;18.01.2024;23;1.0;169;40;166;40;3;41
TE437;19.01.2024;0;1.0;108;39;107;39;1;41
TE437;19.01.2024;1;1.0;53;45;53;45;0;-1
TE437;19.01.2024;2;1.0;35;40;35;40;0;-1
TE437;19.01.2024;3;1.0;46;43;45;43;1;38
TE437;19.01.2024;4;1.0;37;44;36;44;1;38
TE437;19.01.2024;5;1.0;116;43;114;43;2;43
TE437;19.01.2024;6;1.0;246;43;242;43;4;42
TE437;19.01.2024;7;1.0;410;37;400;37;10;36
TE437;19.01.2024;8;1.0;525;37;520;37;5;36
TE437;19.01.2024;9;1.0;466;37;461;37;5;36
TE437;19.01.2024;10;1.0;481;34;469;34;12;34
TE437;19.01.2024;11;1.0;475;36;461;36;14;37
TE437;19.01.2024;12;1.0;509;36;501;36;8;37
TE437;19.01.2024;13;1.0;523;37;515;37;8;36
TE437;19.01.2024;14;1.0;545;36;536;36;9;36
TE437;19.01.2024;15;1.0;557;37;546;37;11;37
TE437;19.01.2024;16;1.0;493;37;488;37;5;36
TE437;19.01.2024;17;1.0;503;39;499;39;4;41
TE437;19.01.2024;18;1.0;550;37;545;37;5;36
TE437;19.01.2024;19;1.0;453;38;450;38;3;34
TE437;19.01.2024;20;1.0;377;39;375;39;2;38
TE437;19.01.2024;21;1.0;284;39;281;39;3;40
TE437;19.01.2024;22;1.0;291;41;290;41;1;49
TE437;19.01.2024;23;1.0;213;40;211;40;2;40
TE437;20.01.2024;0;1.0;153;44;152;44;1;42
TE437;20.01.2024;1;1.0;106;43;105;43;1;43
TE437;20.01.2024;2;1.0;92;43;91;43;1;43
TE437;20.01.2024;3;1.0;63;47;63;47;0;-1
TE437;20.01.2024;4;1.0;36;45;36;45;0;-1
TE437;20.01.2024;5;1.0;62;42;60;42;2;41
TE437;20.01.2024;6;1.0;72;45;69;45;3;43
TE437;20.01.2024;7;1.0;114;42;108;42;6;41
TE437;20.01.2024;8;1.0;184;42;180;42;4;40
TE437;20.01.2024;9;1.0;282;42;277;42;5;44
TE437;20.01.2024;10;1.0;337;42;332;42;5;45
TE437;20.01.2024;11;1.0;449;40;438;40;11;42
TE437;20.01.2024;12;1.0;531;40;523;40;8;42
TE437;20.01.2024;13;1.0;521;35;507;36;14;33
TE437;20.01.2024;14;1.0;488;39;479;39;9;40
TE437;20.01.2024;15;1.0;479;40;472;40;7;36
TE437;20.01.2024;16;1.0;459;37;455;37;4;39
TE437;20.01.2024;17;1.0;464;37;456;37;8;37
TE437;20.01.2024;18;1.0;499;39;498;39;1;37
TE437;20.01.2024;19;1.0;446;37;441;37;5;37
TE437;20.01.2024;20;1.0;318;40;313;40;5;38
TE437;20.01.2024;21;1.0;239;41;237;41;2;40
TE437;20.01.2024;22;1.0;288;40;288;40;0;-1
TE437;20.01.2024;23;1.0;203;42;203;42;0;-1
TE437;21.01.2024;0;1.0;163;41;162;41;1;36
TE437;21.01.2024;1;1.0;122;41;122;41;0;-1
TE437;21.01.2024;2;1.0;76;46;75;46;1;48
TE437;21.01.2024;3;1.0;62;44;61;44;1;45
TE437;21.01.2024;4;1.0;60;46;60;46;0;-1
TE437;21.01.2024;5;1.0;59;55;58;55;1;45
TE437;21.01.2024;6;1.0;46;51;45;51;1;45
TE437;21.01.2024;7;1.0;48;49;46;50;2;31
TE437;21.01.2024;8;1.0;80;50;76;50;4;50
TE437;21.01.2024;9;1.0;137;41;133;41;4;42
TE437;21.01.2024;10;1.0;217;42;210;42;7;42
TE437;21.01.2024;11;1.0;261;43;256;43;5;44
TE437;21.01.2024;12;1.0;343;39;338;39;5;38
TE437;21.01.2024;13;1.0;325;41;319;41;6;40
TE437;21.01.2024;14;1.0;375;40;370;40;5;39
TE437;21.01.2024;15;1.0;508;40;496;40;12;40
TE437;21.01.2024;16;1.0;373;39;368;39;5;40
TE437;21.01.2024;17;1.0;376;38;369;38;7;37
TE437;21.01.2024;18;1.0;357;42;349;42;8;41
TE437;21.01.2024;19;1.0;289;43;286;42;3;43
TE437;21.01.2024;20;1.0;283;42;281;42;2;41
TE437;21.01.2024;21;1.0;220;43;215;43;5;40
TE437;21.01.2024;22;1.0;150;42;146;42;4;44
TE437;21.01.2024;23;1.0;121;44;118;44;3;46
TE437;22.01.2024;0;1.0;77;47;76;47;1;43
TE437;22.01.2024;1;1.0;37;45;36;45;1;48
TE437;22.01.2024;2;1.0;35;46;34;46;1;48
TE437;22.01.2024;3;1.0;26;49;26;49;0;-1
TE437;22.01.2024;4;1.0;39;49;38;49;1;41
TE437;22.01.2024;5;1.0;107;48;106;48;1;49
TE437;22.01.2024;6;1.0;283;46;278;46;5;47
TE437;22.01.2024;7;1.0;449;42;434;42;15;43
TE437;22.01.2024;8;1.0;596;40;581;40;15;41
TE437;22.01.2024;9;1.0;577;40;564;40;13;40
TE437;22.01.2024;10;1.0;479;40;470;40;9;41
TE437;22.01.2024;11;1.0;465;38;456;38;9;37
TE437;22.01.2024;12;1.0;490;39;473;39;17;40
TE437;22.01.2024;13;1.0;491;41;486;41;5;40
TE437;22.01.2024;14;1.0;533;41;521;41;12;39
TE437;22.01.2024;15;1.0;588;39;574;39;14;40
TE437;22.01.2024;16;1.0;600;38;582;38;18;38
TE437;22.01.2024;17;1.0;600;37;589;37;11;35
TE437;22.01.2024;18;1.0;639;36;621;36;18;37
TE437;22.01.2024;19;1.0;470;41;461;41;9;41
TE437;22.01.2024;20;1.0;286;40;283;40;3;42
TE437;22.01.2024;21;1.0;239;43;237;43;2;45
TE437;22.01.2024;22;1.0;225;43;224;43;1;47
TE437;22.01.2024;23;1.0;140;44;137;44;3;45
TE437;23.01.2024;0;1.0;65;47;65;47;0;-1
TE437;23.01.2024;1;1.0;53;45;53;45;0;-1
TE437;23.01.2024;2;1.0;33;48;31;48;2;50
TE437;23.01.2024;3;1.0;34;45;34;45;0;-1
TE437;23.01.2024;4;1.0;50;47;47;48;3;43
TE437;23.01.2024;5;1.0;121;46;118;46;3;40
TE437;23.01.2024;6;1.0;284;43;278;44;6;42
TE437;23.01.2024;7;1.0;414;41;403;41;11;42
TE437;23.01.2024;8;1.0;603;40;593;40;10;39
TE437;23.01.2024;9;1.0;554;41;541;41;13;39
TE437;23.01.2024;10;1.0;534;39;511;39;23;38
TE437;23.01.2024;11;1.0;500;39;480;39;20;40
TE437;23.01.2024;12;1.0;507;39;486;39;21;39
TE437;23.01.2024;13;1.0;541;38;530;38;11;39
TE437;23.01.2024;14;1.0;532;40;524;40;8;38
TE437;23.01.2024;15;1.0;604;39;599;39;5;39
TE437;23.01.2024;16;1.0;604;36;592;36;12;35
TE437;23.01.2024;17;1.0;584;36;580;36;4;37
TE437;23.01.2024;18;1.0;551;35;544;35;7;34
TE437;23.01.2024;19;1.0;463;34;459;34;4;34
TE437;23.01.2024;20;1.0;334;38;331;38;3;35
TE437;23.01.2024;21;1.0;236;41;230;41;6;42
TE437;23.01.2024;22;1.0;206;43;204;43;2;41
TE437;23.01.2024;23;1.0;164;46;164;46;0;-1
TE437;24.01.2024;0;1.0;78;45;76;45;2;52
TE437;24.01.2024;1;1.0;42;48;41;48;1;46
TE437;24.01.2024;2;1.0;48;46;48;46;0;-1
TE437;24.01.2024;3;1.0;35;46;34;46;1;46
TE437;24.01.2024;4;1.0;38;48;36;49;2;45
TE437;24.01.2024;5;1.0;128;50;125;49;3;53
TE437;24.01.2024;6;1.0;280;47;267;46;13;47
TE437;24.01.2024;7;1.0;472;40;454;40;18;39
TE437;24.01.2024;8;1.0;603;38;595;38;8;38
TE437;24.01.2024;9;1.0;586;40;566;40;20;39
TE437;24.01.2024;10;1.0;482;44;468;44;14;46
TE437;24.01.2024;11;1.0;524;41;516;41;8;38
TE437;24.01.2024;12;1.0;552;39;540;39;12;37
TE437;24.01.2024;13;1.0;567;40;555;40;12;38
TE437;24.01.2024;14;1.0;545;39;523;39;22;39
TE437;24.01.2024;15;1.0;650;36;639;36;11;37
TE437;24.01.2024;16;1.0;589;36;580;36;9;35
TE437;24.01.2024;17;1.0;632;36;622;36;10;37
TE437;24.01.2024;18;1.0;638;35;623;35;15;34
TE437;24.01.2024;19;1.0;485;36;480;36;5;37
TE437;24.01.2024;20;1.0;324;39;319;39;5;38
TE437;24.01.2024;21;1.0;285;42;281;42;4;41
TE437;24.01.2024;22;1.0;206;42;206;42;0;-1
TE437;24.01.2024;23;1.0;172;44;170;44;2;41
TE437;25.01.2024;0;1.0;96;42;96;42;0;-1
TE437;25.01.2024;1;1.0;64;47;64;47;0;-1
TE437;25.01.2024;2;1.0;34;50;34;50;0;-1
TE437;25.01.2024;3;1.0;31;48;28;48;3;43
TE437;25.01.2024;4;1.0;48;41;47;41;1;41
TE437;25.01.2024;5;1.0;122;45;118;45;4;44
TE437;25.01.2024;6;1.0;283;44;275;44;8;45
TE437;25.01.2024;7;1.0;449;41;441;41;8;41
TE437;25.01.2024;8;1.0;619;38;607;38;12;38
TE437;25.01.2024;9;1.0;580;37;569;37;11;36
TE437;25.01.2024;10;1.0;535;39;526;39;9;37
TE437;25.01.2024;11;1.0;605;40;589;40;16;39
TE437;25.01.2024;12;1.0;644;41;630;41;14;40
TE437;25.01.2024;13;1.0;607;40;603;40;4;40
TE437;25.01.2024;14;1.0;562;40;556;40;6;39
TE437;25.01.2024;15;1.0;633;36;629;36;4;38
TE437;25.01.2024;16;1.0;632;36;624;36;8;36
TE437;25.01.2024;17;1.0;619;39;610;39;9;40
TE437;25.01.2024;18;1.0;610;41;609;41;1;44
TE437;25.01.2024;19;1.0;490;43;485;43;5;44
TE437;25.01.2024;20;1.0;375;43;375;43;0;-1
TE437;25.01.2024;21;1.0;257;45;253;45;4;49
TE437;25.01.2024;22;1.0;226;38;225;38;1;37
TE437;25.01.2024;23;1.0;182;42;181;42;1;41
TE437;26.01.2024;0;1.0;98;43;97;43;1;41
TE437;26.01.2024;1;1.0;70;42;69;43;1;40
TE437;26.01.2024;2;1.0;45;45;44;45;1;40
TE437;26.01.2024;3;1.0;37;43;37;43;0;-1
TE437;26.01.2024;4;1.0;39;50;38;50;1;39
TE437;26.01.2024;5;1.0;113;52;111;52;2;51
TE437;26.01.2024;6;1.0;235;47;233;47;2;50
TE437;26.01.2024;7;1.0;380;38;370;38;10;39
TE437;26.01.2024;8;1.0;510;39;505;39;5;40
TE437;26.01.2024;9;1.0;480;44;472;44;8;44
TE437;26.01.2024;10;1.0;485;40;475;40;10;40
TE437;26.01.2024;11;1.0;528;41;517;41;11;42
TE437;26.01.2024;12;1.0;526;39;524;39;2;42
TE437;26.01.2024;13;1.0;529;43;519;43;10;43
TE437;26.01.2024;14;1.0;552;42;541;42;11;42
TE437;26.01.2024;15;1.0;642;40;635;40;7;41
TE437;26.01.2024;16;1.0;604;38;599;38;5;39
TE437;26.01.2024;17;1.0;576;37;573;37;3;36
TE437;26.01.2024;18;1.0;559;39;553;39;6;40
TE437;26.01.2024;19;1.0;518;37;508;37;10;36
TE437;26.01.2024;20;1.0;396;39;393;39;3;39
TE437;26.01.2024;21;1.0;339;39;337;39;2;40
TE437;26.01.2024;22;1.0;291;39;290;39;1;40
TE437;26.01.2024;23;1.0;234;40;233;40;1;42
TE437;27.01.2024;0;1.0;139;43;136;43;3;45
TE437;27.01.2024;1;1.0;114;42;114;42;0;-1
TE437;27.01.2024;2;1.0;89;42;89;42;0;-1
TE437;27.01.2024;3;1.0;55;44;55;44;0;-1
TE437;27.01.2024;4;1.0;49;42;48;42;1;40
TE437;27.01.2024;5;1.0;62;45;61;45;1;44
TE437;27.01.2024;6;1.0;69;47;68;47;1;42
TE437;27.01.2024;7;1.0;129;44;128;44;1;42
TE437;27.01.2024;8;1.0;176;44;173;44;3;46
TE437;27.01.2024;9;1.0;298;43;291;43;7;42
TE437;27.01.2024;10;1.0;363;44;353;44;10;43
TE437;27.01.2024;11;1.0;444;42;435;42;9;42
TE437;27.01.2024;12;1.0;503;41;497;41;6;41
TE437;27.01.2024;13;1.0;556;39;550;39;6;38
TE437;27.01.2024;14;1.0;579;35;567;35;12;35
TE437;27.01.2024;15;1.0;544;35;537;35;7;35
TE437;27.01.2024;16;1.0;524;35;519;35;5;33
TE437;27.01.2024;17;1.0;521;34;514;34;7;33
TE437;27.01.2024;18;1.0;498;35;497;35;1;35
TE437;27.01.2024;19;1.0;504;35;501;35;3;35
TE437;27.01.2024;20;1.0;394;36;391;36;3;36
TE437;27.01.2024;21;1.0;324;38;323;38;1;37
TE437;27.01.2024;22;1.0;275;37;273;37;2;38
TE437;27.01.2024;23;1.0;224;38;223;38;1;41
TE437;28.01.2024;0;1.0;200;39;198;39;2;37
TE437;28.01.2024;1;1.0;149;42;147;42;2;37
TE437;28.01.2024;2;1.0;97;41;96;41;1;36
TE437;28.01.2024;3;1.0;104;44;104;44;0;-1
TE437;28.01.2024;4;1.0;68;42;67;42;1;44
TE437;28.01.2024;5;1.0;43;43;43;43;0;-1
TE437;28.01.2024;6;1.0;60;41;60;41;0;-1
TE437;28.01.2024;7;1.0;68;44;67;44;1;30
TE437;28.01.2024;8;1.0;106;42;105;42;1;44
TE437;28.01.2024;9;1.0;179;40;175;40;4;36
TE437;28.01.2024;10;1.0;252;38;247;38;5;37
TE437;28.01.2024;11;1.0;390;39;384;39;6;37
TE437;28.01.2024;12;1.0;386;39;379;39;7;38
TE437;28.01.2024;13;1.0;461;36;458;36;3;35
TE437;28.01.2024;14;1.0;445;37;439;37;6;39
TE437;28.01.2024;15;1.0;466;37;461;37;5;38
TE437;28.01.2024;16;1.0;493;37;478;37;15;35
TE437;28.01.2024;17;1.0;497;35;492;35;5;34
TE437;28.01.2024;18;1.0;404;38;399;38;5;36
TE437;28.01.2024;19;1.0;305;37;300;37;5;37
TE437;28.01.2024;20;1.0;294;39;289;39;5;40
TE437;28.01.2024;21;1.0;258;40;252;40;6;39
TE437;28.01.2024;22;1.0;168;39;165;39;3;38
TE437;28.01.2024;23;1.0;133;42;128;42;5;42
TE437;29.01.2024;0;1.0;103;42;102;42;1;44
TE437;29.01.2024;1;1.0;40;46;40;46;0;-1
TE437;29.01.2024;2;1.0;33;43;32;43;1;44
TE437;29.01.2024;3;1.0;23;47;23;47;0;-1
TE437;29.01.2024;4;1.0;32;44;31;44;1;44
TE437;29.01.2024;5;1.0;77;43;74;43;3;42
TE437;29.01.2024;6;1.0;261;42;260;42;1;42
TE437;29.01.2024;7;1.0;429;37;419;37;10;36
TE437;29.01.2024;8;1.0;579;35;567;35;12;36
TE437;29.01.2024;9;1.0;553;39;545;39;8;39
TE437;29.01.2024;10;1.0;503;39;491;39;12;38
TE437;29.01.2024;11;1.0;521;37;507;37;14;37
TE437;29.01.2024;12;1.0;490;37;471;37;19;37
TE437;29.01.2024;13;1.0;513;37;501;37;12;35
TE437;29.01.2024;14;1.0;581;35;573;35;8;34
TE437;29.01.2024;15;1.0;589;36;585;36;4;37
TE437;29.01.2024;16;1.0;566;35;560;35;6;34
TE437;29.01.2024;17;1.0;547;33;542;33;5;34
TE437;29.01.2024;18;1.0;546;36;541;36;5;36
TE437;29.01.2024;19;1.0;412;37;410;37;2;42
TE437;29.01.2024;20;1.0;293;40;288;40;5;37
TE437;29.01.2024;21;1.0;253;39;247;39;6;41
TE437;29.01.2024;22;1.0;191;40;190;40;1;40
TE437;29.01.2024;23;1.0;132;42;131;42;1;44
TE437;30.01.2024;0;1.0;74;42;74;42;0;-1
TE437;30.01.2024;1;1.0;51;42;51;42;0;-1
TE437;30.01.2024;2;1.0;23;49;23;49;0;-1
TE437;30.01.2024;3;1.0;27;45;26;46;1;32
TE437;30.01.2024;4;1.0;42;45;40;45;2;48
TE437;30.01.2024;5;1.0;120;45;114;45;6;43
TE437;30.01.2024;6;1.0;295;41;288;41;7;43
TE437;30.01.2024;7;1.0;448;37;439;37;9;37
TE437;30.01.2024;8;1.0;627;36;619;36;8;36
TE437;30.01.2024;9;1.0;545;36;527;36;18;36
TE437;30.01.2024;10;1.0;496;38;482;38;14;38
TE437;30.01.2024;11;1.0;520;36;510;36;10;36
TE437;30.01.2024;12;1.0;499;37;492;37;7;37
TE437;30.01.2024;13;1.0;549;38;541;38;8;35
TE437;30.01.2024;14;1.0;595;37;582;37;13;37
TE437;30.01.2024;15;1.0;616;36;603;36;13;36
TE437;30.01.2024;16;1.0;618;34;609;34;9;35
TE437;30.01.2024;17;1.0;558;36;553;36;5;34
TE437;30.01.2024;18;1.0;550;36;544;36;6;36
TE437;30.01.2024;19;1.0;438;40;434;40;4;39
TE437;30.01.2024;20;1.0;333;42;331;42;2;39
TE437;30.01.2024;21;1.0;274;41;270;41;4;41
TE437;30.01.2024;22;1.0;207;42;199;42;8;42
TE437;30.01.2024;23;1.0;148;42;147;42;1;42
TE437;31.01.2024;0;1.0;77;43;75;43;2;48
TE437;31.01.2024;1;1.0;53;45;52;46;1;42
TE437;31.01.2024;2;1.0;28;49;28;49;0;-1
TE437;31.01.2024;3;1.0;29;50;27;51;2;36
TE437;31.01.2024;4;1.0;30;47;28;47;2;41
TE437;31.01.2024;5;1.0;108;48;106;48;2;49
TE437;31.01.2024;6;1.0;284;47;278;47;6;44
TE437;31.01.2024;7;1.0;418;42;408;42;10;38
TE437;31.01.2024;8;1.0;591;41;581;41;10;40
TE437;31.01.2024;9;1.0;487;43;481;43;6;41
TE437;31.01.2024;10;1.0;483;42;475;42;8;43
TE437;31.01.2024;11;1.0;526;43;513;43;13;43
TE437;31.01.2024;12;1.0;568;39;557;39;11;38
TE437;31.01.2024;13;1.0;538;41;530;41;8;41
TE437;31.01.2024;14;1.0;544;41;537;41;7;40
TE437;31.01.2024;15;1.0;606;39;596;39;10;40
TE437;31.01.2024;16;1.0;598;40;589;40;9;40
TE437;31.01.2024;17;1.0;589;39;586;39;3;39
TE437;31.01.2024;18;1.0;564;41;561;41;3;39
TE437;31.01.2024;19;1.0;419;42;418;42;1;39
TE437;31.01.2024;20;1.0;284;43;282;43;2;41
TE437;31.01.2024;21;1.0;248;45;248;45;0;-1
TE437;31.01.2024;22;1.0;186;45;182;45;4;45
TE437;31.01.2024;23;1.0;144;48;143;48;1;52
TE439;19.01.2024;9;1.0;817;36;339;38;478;35
TE439;19.01.2024;10;1.0;701;40;465;41;236;38
TE439;19.01.2024;11;1.0;767;42;423;43;344;42
TE439;19.01.2024;12;1.0;533;48;368;48;165;48
TE439;19.01.2024;13;1.0;770;39;398;38;372;41
TE439;19.01.2024;14;1.0;825;49;316;49;509;50
TE439;19.01.2024;15;1.0;881;41;537;40;344;44
TE439;19.01.2024;16;1.0;903;43;538;43;365;43
TE439;19.01.2024;17;1.0;938;49;516;48;422;49
TE439;19.01.2024;18;1.0;865;31;416;33;449;30
TE439;19.01.2024;19;1.0;831;41;199;46;632;39
TE439;19.01.2024;20;1.0;620;45;176;48;443;44
TE439;19.01.2024;21;1.0;472;50;133;52;339;49
TE439;19.01.2024;22;1.0;385;57;276;57;109;56
TE439;19.01.2024;23;1.0;366;55;144;56;222;55
TE439;20.01.2024;0;1.0;320;51;66;57;254;50
TE439;20.01.2024;1;1.0;258;58;120;63;138;54
TE439;20.01.2024;2;1.0;181;55;51;61;130;53
TE439;20.01.2024;3;1.0;100;53;33;58;67;50
TE439;20.01.2024;4;1.0;106;53;30;59;76;49
TE439;20.01.2024;5;1.0;118;60;100;60;18;59
TE439;20.01.2024;6;1.0;128;58;107;59;21;55
TE439;20.01.2024;7;1.0;214;50;86;56;128;47
TE439;20.01.2024;8;1.0;338;56;223;57;115;55
TE439;20.01.2024;9;1.0;569;52;364;53;205;50
TE439;20.01.2024;10;1.0;765;50;425;50;340;52
TE439;20.01.2024;11;1.0;842;45;361;48;481;43
TE439;20.01.2024;12;1.0;846;46;426;47;420;44
TE439;20.01.2024;13;1.0;835;43;293;45;542;41
TE439;20.01.2024;14;1.0;873;44;453;46;420;42
TE439;20.01.2024;15;1.0;899;43;471;45;428;41
TE439;20.01.2024;16;1.0;816;40;401;39;415;42
TE439;20.01.2024;17;1.0;831;37;311;38;520;36
TE439;20.01.2024;18;1.0;924;31;435;30;489;31
TE439;20.01.2024;19;1.0;699;39;139;43;560;38
TE439;20.01.2024;20;1.0;569;50;239;52;330;49
TE439;20.01.2024;21;1.0;401;50;209;50;192;50
TE439;20.01.2024;23;1.0;302;54;85;54;216;54
TE439;21.01.2024;0;1.0;253;47;137;51;116;42
TE439;21.01.2024;1;1.0;194;49;50;54;144;47
TE439;21.01.2024;2;1.0;137;56;80;61;57;49
TE439;21.01.2024;3;1.0;96;64;84;66;12;55
TE439;21.01.2024;4;1.0;101;61;55;63;46;58
TE439;21.01.2024;5;1.0;107;66;104;66;3;63
TE439;21.01.2024;6;1.0;100;66;92;67;8;67
TE439;21.01.2024;7;1.0;111;63;104;63;7;62
TE439;21.01.2024;8;1.0;190;64;180;64;10;62
TE439;21.01.2024;9;1.0;350;59;236;60;114;59
TE439;21.01.2024;10;1.0;519;49;195;48;324;49
TE439;21.01.2024;11;1.0;533;53;341;55;192;50
TE439;21.01.2024;12;1.0;649;50;241;50;408;50
TE439;21.01.2024;13;1.0;693;52;356;50;337;55
TE439;21.01.2024;14;1.0;806;48;456;48;350;48
TE439;21.01.2024;15;1.0;805;45;400;46;405;44
TE439;21.01.2024;16;1.0;977;36;676;36;301;35
TE439;21.01.2024;17;1.0;818;42;477;43;341;42
TE439;21.01.2024;18;1.0;826;46;487;47;339;45
TE439;21.01.2024;19;1.0;567;51;393;52;174;49
TE439;21.01.2024;20;1.0;374;56;287;56;87;55
TE439;21.01.2024;21;1.0;274;57;234;57;40;56
TE439;21.01.2024;22;1.0;230;52;120;55;110;49
TE439;21.01.2024;23;1.0;156;54;87;56;69;51
TE439;22.01.2024;0;1.0;104;56;71;57;33;57
TE439;22.01.2024;1;1.0;65;59;46;60;19;56
TE439;22.01.2024;2;1.0;58;60;50;61;8;58
TE439;22.01.2024;4;1.0;79;58;71;59;8;54
TE439;22.01.2024;5;1.0;276;61;250;61;26;62
TE439;22.01.2024;6;1.0;595;55;492;55;103;54
TE439;22.01.2024;7;1.0;851;39;698;40;153;39
TE439;22.01.2024;8;1.0;791;25;729;26;62;26
TE439;22.01.2024;9;1.0;802;32;447;32;355;32
TE439;22.01.2024;10;1.0;809;49;301;51;508;49
TE439;22.01.2024;11;1.0;808;45;480;47;328;43
TE439;22.01.2024;12;1.0;753;44;398;45;355;44
TE439;22.01.2024;13;1.0;733;44;571;44;161;44
TE439;22.01.2024;14;1.0;740;48;473;48;267;49
TE439;22.01.2024;15;1.0;814;34;552;32;262;41
TE439;22.01.2024;19;1.0;708;44;590;44;118;45
TE439;22.01.2024;20;1.0;471;53;457;53;14;55
TE439;22.01.2024;21;1.0;303;56;296;56;7;53
TE439;22.01.2024;22;1.0;259;54;252;54;7;54
TE439;22.01.2024;23;1.0;232;56;226;56;6;56
TE439;23.01.2024;0;1.0;171;60;167;60;4;56
TE439;23.01.2024;1;1.0;175;65;158;65;17;65
TE439;23.01.2024;2;1.0;127;64;121;64;6;67
TE439;23.01.2024;3;1.0;78;61;74;62;4;59
TE439;23.01.2024;4;1.0;91;60;85;60;6;58
TE439;23.01.2024;5;1.0;282;59;268;59;14;60
TE439;23.01.2024;6;1.0;613;58;410;59;203;58
TE439;23.01.2024;7;1.0;901;44;676;41;225;53
TE439;23.01.2024;8;1.0;785;25;731;25;54;26
TE439;23.01.2024;9;1.0;822;27;761;27;61;30
TE439;23.01.2024;10;1.0;813;34;550;33;263;36
TE439;23.01.2024;11;1.0;815;43;527;43;288;43
TE439;23.01.2024;12;1.0;839;43;480;44;359;42
TE439;23.01.2024;13;1.0;807;50;361;49;446;51
TE439;23.01.2024;14;1.0;815;46;781;46;34;44
TE439;23.01.2024;15;1.0;860;35;666;34;194;35
TE439;23.01.2024;16;1.0;787;26;719;26;68;28
TE439;23.01.2024;17;1.0;806;26;573;27;233;27
TE439;23.01.2024;18;1.0;856;29;550;28;306;30
TE439;23.01.2024;19;1.0;662;39;242;38;420;40
TE439;23.01.2024;20;1.0;478;47;198;52;280;43
TE439;23.01.2024;21;1.0;346;57;232;58;114;56
TE439;23.01.2024;22;1.0;284;58;194;59;90;57
TE439;23.01.2024;23;1.0;218;61;173;62;45;57
TE439;24.01.2024;0;1.0;117;65;113;65;4;64
TE439;24.01.2024;1;1.0;89;63;85;63;4;63
TE439;24.01.2024;2;1.0;71;61;68;61;3;55
TE439;24.01.2024;3;1.0;73;62;67;62;6;61
TE439;24.01.2024;4;1.0;106;63;97;63;9;63
TE439;24.01.2024;5;1.0;296;60;273;60;23;59
TE439;24.01.2024;6;1.0;682;55;534;55;148;54
TE439;24.01.2024;7;1.0;888;36;812;36;76;37
TE439;24.01.2024;8;1.0;749;25;709;24;40;30
TE439;24.01.2024;9;1.0;818;26;764;26;54;28
TE439;24.01.2024;10;1.0;792;29;718;29;74;33
TE439;24.01.2024;11;1.0;846;37;704;37;142;41
TE439;24.01.2024;12;1.0;898;44;705;44;193;44
TE439;24.01.2024;13;1.0;827;38;578;37;249;40
TE439;24.01.2024;14;1.0;819;39;691;40;128;34
TE439;24.01.2024;15;1.0;837;30;677;30;160;28
TE439;24.01.2024;16;1.0;774;26;751;26;23;28
TE439;24.01.2024;17;1.0;753;26;716;26;37;28
TE439;24.01.2024;18;1.0;814;27;758;27;56;29
TE439;24.01.2024;19;1.0;670;43;609;42;61;45
TE439;24.01.2024;20;1.0;580;49;562;49;18;50
TE439;24.01.2024;21;1.0;449;54;441;54;8;59
TE439;24.01.2024;22;1.0;356;55;343;55;13;57
TE439;24.01.2024;23;1.0;309;56;298;57;11;54
TE439;25.01.2024;0;1.0;250;61;238;61;12;60
TE439;25.01.2024;1;1.0;213;65;203;65;10;61
TE439;25.01.2024;2;1.0;195;65;187;65;8;62
TE439;25.01.2024;3;1.0;140;67;132;67;8;61
TE439;25.01.2024;4;1.0;110;61;103;61;7;63
TE439;25.01.2024;5;1.0;311;59;297;59;14;58
TE439;25.01.2024;6;1.0;649;55;564;55;85;54
TE439;25.01.2024;7;1.0;877;47;658;46;219;49
TE439;25.01.2024;8;1.0;824;28;785;28;39;30
TE439;25.01.2024;9;1.0;862;29;734;29;128;29
TE439;25.01.2024;10;1.0;878;33;683;33;195;33
TE439;25.01.2024;11;1.0;777;44;574;46;203;40
TE439;25.01.2024;12;1.0;810;46;621;45;189;49
TE439;25.01.2024;13;1.0;837;43;720;44;117;35
TE439;25.01.2024;14;1.0;855;36;732;36;123;32
TE439;25.01.2024;15;1.0;802;30;713;30;89;31
TE439;25.01.2024;16;1.0;789;25;742;25;47;25
TE439;25.01.2024;17;1.0;791;27;742;27;49;28
TE439;25.01.2024;18;1.0;798;27;767;27;31;27
TE439;25.01.2024;19;1.0;719;38;623;38;96;41
TE439;25.01.2024;20;1.0;559;55;450;55;109;55
TE439;25.01.2024;21;1.0;356;56;264;57;92;55
TE439;25.01.2024;22;1.0;385;53;357;53;28;54
TE439;25.01.2024;23;1.0;249;52;233;52;16;53
TE439;26.01.2024;0;1.0;200;53;183;53;17;53
TE439;26.01.2024;1;1.0;93;53;88;53;5;54
TE439;26.01.2024;2;1.0;91;54;82;54;9;50
TE439;26.01.2024;3;1.0;89;54;76;55;13;52
TE439;26.01.2024;4;1.0;89;59;79;60;10;57
TE439;26.01.2024;5;1.0;296;61;257;63;39;57
TE439;26.01.2024;6;1.0;561;60;463;61;98;59
TE439;26.01.2024;7;1.0;883;45;426;45;457;45
TE439;26.01.2024;8;1.0;885;25;749;25;136;28
TE439;26.01.2024;9;1.0;834;41;634;41;200;42
TE439;26.01.2024;10;1.0;840;40;553;39;287;41
TE439;26.01.2024;11;1.0;820;32;496;33;324;33
TE439;26.01.2024;12;1.0;837;34;595;32;243;38
TE439;26.01.2024;13;1.0;755;27;591;28;164;25
TE439;26.01.2024;14;1.0;727;28;480;26;247;31
TE439;26.01.2024;15;1.0;773;27;715;27;58;25
TE439;26.01.2024;16;1.0;763;25;708;25;55;26
TE439;26.01.2024;17;1.0;873;30;766;29;107;36
TE439;26.01.2024;18;1.0;865;27;732;27;133;28
TE439;26.01.2024;19;1.0;829;41;524;39;305;43
TE439;26.01.2024;20;1.0;848;44;497;43;351;45
TE439;26.01.2024;21;1.0;505;49;351;51;154;46
TE439;26.01.2024;22;1.0;416;49;129;55;287;47
TE439;26.01.2024;23;1.0;293;59;188;59;105;58
TE439;27.01.2024;0;1.0;255;61;179;62;76;58
TE439;27.01.2024;1;1.0;164;59;150;59;14;59
TE439;27.01.2024;2;1.0;138;57;132;57;6;53
TE439;27.01.2024;3;1.0;105;61;103;61;2;62
TE439;27.01.2024;4;1.0;102;57;95;57;7;56
TE439;27.01.2024;5;1.0;119;56;113;56;6;56
TE439;27.01.2024;6;1.0;148;61;118;61;30;57
TE439;27.01.2024;7;1.0;220;59;177;59;43;60
TE439;27.01.2024;8;1.0;324;57;268;57;56;55
TE439;27.01.2024;9;1.0;654;52;509;54;145;44
TE439;27.01.2024;10;1.0;761;50;508;50;253;49
TE439;27.01.2024;11;1.0;877;45;527;47;350;43
TE439;27.01.2024;12;1.0;820;36;634;36;186;37
TE439;27.01.2024;13;1.0;909;33;672;32;237;33
TE439;27.01.2024;14;1.0;861;32;669;31;192;33
TE439;27.01.2024;15;1.0;910;33;613;30;297;36
TE439;27.01.2024;16;1.0;845;28;520;29;325;28
TE439;27.01.2024;17;1.0;862;27;602;26;260;29
TE439;27.01.2024;18;1.0;890;26;729;26;161;29
TE439;27.01.2024;19;1.0;781;37;351;36;430;39
TE439;27.01.2024;20;1.0;633;47;182;50;451;47
TE439;27.01.2024;21;1.0;428;47;92;49;336;46
TE439;27.01.2024;22;1.0;439;51;105;53;334;50
TE439;27.01.2024;23;1.0;391;49;55;53;336;49
TE439;28.01.2024;0;1.0;223;38;32;33;191;39
TE439;28.01.2024;1;1.0;176;39;26;37;150;40
TE439;28.01.2024;2;1.0;165;56;87;57;78;56
TE439;28.01.2024;3;1.0;124;55;118;55;6;52
TE439;28.01.2024;4;1.0;91;56;87;56;4;58
TE439;28.01.2024;5;1.0;114;56;103;57;11;52
TE439;28.01.2024;6;1.0;117;59;110;59;7;57
TE439;28.01.2024;7;1.0;129;55;114;55;15;54
TE439;28.01.2024;8;1.0;221;52;174;52;47;51
TE439;28.01.2024;9;1.0;404;54;376;54;28;51
TE439;28.01.2024;10;1.0;554;50;294;52;260;49
TE439;28.01.2024;11;1.0;651;46;498;46;153;47
TE439;28.01.2024;12;1.0;744;46;508;46;236;46
TE439;28.01.2024;13;1.0;793;43;458;44;335;43
TE439;28.01.2024;17;1.0;939;29;676;28;263;29
TE439;28.01.2024;18;1.0;926;29;610;28;316;27
TE439;28.01.2024;19;1.0;671;43;169;46;502;42
TE439;28.01.2024;20;1.0;521;48;107;50;414;47
TE439;28.01.2024;21;1.0;377;48;66;54;311;46
TE439;28.01.2024;22;1.0;292;48;77;52;215;46
TE439;28.01.2024;23;1.0;203;51;47;53;156;51
TE439;29.01.2024;0;1.0;110;46;20;51;90;45
TE439;29.01.2024;1;1.0;82;44;11;53;71;42
TE439;29.01.2024;2;1.0;79;42;9;54;70;41
TE439;29.01.2024;3;1.0;48;55;24;59;24;52
TE439;29.01.2024;4;1.0;73;59;60;59;13;59
TE439;29.01.2024;5;1.0;281;58;226;58;55;57
TE439;29.01.2024;6;1.0;565;54;202;54;363;54
TE439;29.01.2024;7;1.0;879;43;264;43;615;43
TE439;29.01.2024;8;1.0;868;28;552;27;316;28
TE439;29.01.2024;9;1.0;865;27;739;27;126;26
TE439;29.01.2024;10;1.0;821;42;400;43;421;42
TE439;29.01.2024;11;1.0;872;38;626;37;246;39
TE439;29.01.2024;12;1.0;759;43;526;43;232;43
TE439;29.01.2024;13;1.0;781;40;632;40;149;39
TE439;29.01.2024;14;1.0;813;42;754;43;59;38
TE439;29.01.2024;15;1.0;863;35;791;35;72;32
TE439;29.01.2024;16;1.0;841;29;548;29;294;31
TE439;29.01.2024;17;1.0;850;44;288;43;562;44
TE439;29.01.2024;18;1.0;755;46;464;47;291;45
TE439;29.01.2024;19;1.0;556;48;190;49;366;47
TE439;29.01.2024;20;1.0;452;52;142;53;310;52
TE439;29.01.2024;21;1.0;300;51;255;51;45;50
TE439;29.01.2024;22;1.0;243;53;235;53;8;54
TE439;29.01.2024;23;1.0;157;57;148;57;9;56
TE439;30.01.2024;0;1.0;99;56;95;56;4;54
TE439;30.01.2024;1;1.0;56;56;51;57;5;45
TE439;30.01.2024;2;1.0;54;55;47;55;7;56
TE439;30.01.2024;3;1.0;54;56;49;56;5;53
TE439;30.01.2024;4;1.0;81;61;75;61;6;66
TE439;30.01.2024;5;1.0;272;61;231;61;41;62
TE439;30.01.2024;6;1.0;610;53;363;54;247;52
TE439;30.01.2024;7;1.0;910;37;550;36;360;40
TE439;30.01.2024;8;1.0;773;27;663;27;110;28
TE439;30.01.2024;9;1.0;832;32;620;32;212;31
TE439;30.01.2024;10;1.0;852;40;312;41;540;39
TE439;30.01.2024;11;1.0;784;46;289;45;495;47
TE439;30.01.2024;12;1.0;830;45;368;44;462;45
TE439;30.01.2024;13;1.0;745;45;483;44;262;46
TE439;30.01.2024;14;1.0;819;43;795;43;24;45
TE439;30.01.2024;15;1.0;884;39;852;39;32;38
TE439;30.01.2024;16;1.0;860;40;537;40;323;40
TE439;30.01.2024;17;1.0;859;40;764;41;95;33
TE439;30.01.2024;18;1.0;852;42;636;42;216;44
TE439;30.01.2024;19;1.0;609;51;595;51;14;52
TE439;30.01.2024;20;1.0;421;58;321;58;100;56
TE439;30.01.2024;21;1.0;345;56;272;56;73;56
TE439;30.01.2024;22;1.0;238;56;231;56;7;57
TE439;30.01.2024;23;1.0;177;55;171;55;6;55
TE439;31.01.2024;0;1.0;118;57;113;57;5;55
TE439;31.01.2024;1;1.0;74;60;54;62;20;52
TE439;31.01.2024;2;1.0;64;60;51;61;13;56
TE439;31.01.2024;3;1.0;63;61;53;61;10;60
TE439;31.01.2024;4;1.0;72;60;64;61;8;59
TE439;31.01.2024;5;1.0;272;61;249;62;23;61
TE439;31.01.2024;6;1.0;604;61;543;61;61;60
TE439;31.01.2024;7;1.0;903;47;754;46;149;49
TE439;31.01.2024;8;1.0;813;29;758;29;55;29
TE439;31.01.2024;9;1.0;708;26;660;26;48;26
TE439;31.01.2024;10;1.0;796;40;459;42;337;39
TE439;31.01.2024;11;1.0;803;45;732;45;71;46
TE439;31.01.2024;12;1.0;790;46;356;46;434;46
TE439;31.01.2024;13;1.0;826;49;446;50;380;47
TE439;31.01.2024;14;1.0;818;39;414;39;404;38
TE439;31.01.2024;15;1.0;855;35;433;36;422;33
TE439;31.01.2024;16;1.0;869;32;563;34;306;29
TE439;31.01.2024;17;1.0;937;42;474;44;463;39
TE439;31.01.2024;18;1.0;821;48;440;50;381;46
TE439;31.01.2024;19;1.0;712;55;366;55;346;54
TE439;31.01.2024;20;1.0;496;58;329;58;167;58
TE439;31.01.2024;21;1.0;327;57;224;59;103;55
TE439;31.01.2024;22;1.0;329;61;219;61;110;62
TE439;31.01.2024;23;1.0;527;60;451;60;76;61
TE440;19.01.2024;8;1.0;664;39;116;36;548;40
TE440;19.01.2024;9;1.0;605;38;165;37;440;39
TE440;19.01.2024;10;1.0;586;49;209;49;377;49
TE440;19.01.2024;11;1.0;555;45;177;45;378;45
TE440;19.01.2024;12;1.0;581;46;231;45;350;46
TE440;19.01.2024;13;1.0;702;47;157;45;545;46
TE440;19.01.2024;14;1.0;752;38;304;38;448;39
TE440;19.01.2024;15;1.0;753;30;439;29;314;30
TE440;19.01.2024;16;1.0;726;36;416;34;310;39
TE440;19.01.2024;17;1.0;713;45;170;45;543;44
TE440;19.01.2024;18;1.0;711;44;167;45;544;44
TE440;19.01.2024;19;1.0;587;34;131;36;456;34
TE440;19.01.2024;20;1.0;468;39;81;35;387;41
TE440;19.01.2024;21;1.0;390;43;49;38;341;44
TE440;19.01.2024;22;1.0;397;44;77;44;320;44
TE440;19.01.2024;23;1.0;336;48;187;49;149;47
TE440;20.01.2024;0;1.0;259;51;234;51;25;46
TE440;20.01.2024;1;1.0;182;54;164;54;18;54
TE440;20.01.2024;2;1.0;133;57;129;57;4;54
TE440;20.01.2024;3;1.0;70;56;64;57;6;42
TE440;20.01.2024;4;1.0;62;55;58;55;4;58
TE440;20.01.2024;5;1.0;71;55;66;55;5;55
TE440;20.01.2024;6;1.0;84;54;72;54;12;53
TE440;20.01.2024;7;1.0;156;50;117;51;39;48
TE440;20.01.2024;8;1.0;372;51;161;51;211;50
TE440;20.01.2024;9;1.0;504;52;246;52;258;52
TE440;20.01.2024;10;1.0;539;50;232;50;307;50
TE440;20.01.2024;11;1.0;580;48;157;51;423;47
TE440;20.01.2024;12;1.0;608;49;314;50;294;48
TE440;20.01.2024;13;1.0;668;46;535;46;133;46
TE440;20.01.2024;14;1.0;674;45;295;47;379;43
TE440;20.01.2024;15;1.0;642;48;277;48;365;47
TE440;20.01.2024;16;1.0;637;47;236;47;401;46
TE440;20.01.2024;17;1.0;614;42;108;43;506;42
TE440;20.01.2024;18;1.0;612;44;99;45;513;44
TE440;20.01.2024;19;1.0;542;43;79;45;463;43
TE440;20.01.2024;20;1.0;444;43;64;44;380;43
TE440;20.01.2024;21;1.0;374;42;46;39;328;42
TE440;20.01.2024;22;1.0;328;40;29;37;299;41
TE440;20.01.2024;23;1.0;271;39;46;32;225;40
TE440;21.01.2024;0;1.0;232;40;66;39;166;40
TE440;21.01.2024;1;1.0;142;33;57;30;85;35
TE440;21.01.2024;2;1.0;99;36;38;34;61;37
TE440;21.01.2024;3;1.0;79;53;35;56;44;51
TE440;21.01.2024;4;1.0;54;61;31;63;23;57
TE440;21.01.2024;5;1.0;59;59;47;63;12;40
TE440;21.01.2024;6;1.0;60;60;51;62;9;48
TE440;21.01.2024;7;1.0;109;53;57;58;52;48
TE440;21.01.2024;8;1.0;222;55;102;56;120;54
TE440;21.01.2024;9;1.0;374;44;56;48;318;43
TE440;21.01.2024;10;1.0;424;47;115;51;309;45
TE440;21.01.2024;11;1.0;469;51;137;52;332;50
TE440;21.01.2024;12;1.0;607;46;184;48;423;45
TE440;21.01.2024;13;1.0;615;48;207;48;408;47
TE440;21.01.2024;14;1.0;574;49;238;49;336;49
TE440;21.01.2024;15;1.0;512;49;168;50;344;49
TE440;21.01.2024;16;1.0;459;50;230;50;229;48
TE440;21.01.2024;17;1.0;531;50;207;50;324;50
TE440;21.01.2024;18;1.0;487;50;289;51;198;48
TE440;21.01.2024;19;1.0;405;51;243;51;162;49
TE440;21.01.2024;20;1.0;305;49;171;50;134;49
TE440;21.01.2024;21;1.0;241;51;134;52;107;50
TE440;21.01.2024;22;1.0;211;51;88;52;123;50
TE440;21.01.2024;23;1.0;133;55;64;57;69;54
TE440;22.01.2024;0;1.0;65;58;50;58;15;57
TE440;22.01.2024;1;1.0;43;56;31;60;12;47
TE440;22.01.2024;2;1.0;35;59;22;59;13;60
TE440;22.01.2024;3;1.0;29;64;21;64;8;63
TE440;22.01.2024;4;1.0;22;61;17;60;5;61
TE440;22.01.2024;5;1.0;91;54;69;55;22;49
TE440;22.01.2024;6;1.0;192;53;149;54;43;51
TE440;22.01.2024;7;1.0;452;51;319;51;133;51
TE440;22.01.2024;8;1.0;591;46;463;46;128;44
TE440;22.01.2024;9;1.0;623;45;506;44;117;46
TE440;22.01.2024;10;1.0;579;47;539;47;40;50
TE440;22.01.2024;11;1.0;598;46;457;47;141;44
TE440;22.01.2024;12;1.0;607;48;336;48;271;49
TE440;22.01.2024;13;1.0;689;44;581;44;108;46
TE440;22.01.2024;14;1.0;674;45;575;45;99;44
TE440;22.01.2024;15;1.0;753;40;612;40;141;41
TE440;22.01.2024;16;1.0;801;38;637;37;164;40
TE440;22.01.2024;17;1.0;755;39;531;39;224;38
TE440;22.01.2024;18;1.0;725;40;670;40;55;40
TE440;22.01.2024;19;1.0;572;46;544;46;28;48
TE440;22.01.2024;20;1.0;419;48;406;48;13;49
TE440;22.01.2024;21;1.0;292;50;277;50;15;44
TE440;22.01.2024;22;1.0;232;51;223;51;9;39
TE440;22.01.2024;23;1.0;186;51;179;51;7;52
TE440;23.01.2024;0;1.0;108;56;102;56;6;54
TE440;23.01.2024;1;1.0;76;60;71;60;5;57
TE440;23.01.2024;2;1.0;62;60;58;62;4;50
TE440;23.01.2024;3;1.0;45;55;42;55;3;51
TE440;23.01.2024;4;1.0;32;59;27;60;5;55
TE440;23.01.2024;5;1.0;94;53;86;53;8;52
TE440;23.01.2024;6;1.0;213;52;197;51;16;51
TE440;23.01.2024;7;1.0;449;47;421;47;28;45
TE440;23.01.2024;8;1.0;574;49;349;48;225;49
TE440;23.01.2024;9;1.0;629;45;379;45;250;44
TE440;23.01.2024;10;1.0;595;46;390;46;205;47
TE440;23.01.2024;11;1.0;620;46;385;46;235;45
TE440;23.01.2024;12;1.0;663;45;245;45;418;45
TE440;23.01.2024;13;1.0;691;44;451;43;240;43
TE440;23.01.2024;14;1.0;763;42;324;41;439;42
TE440;23.01.2024;15;1.0;760;36;434;36;326;37
TE440;23.01.2024;16;1.0;781;41;464;42;317;40
TE440;23.01.2024;17;1.0;709;37;354;38;355;36
TE440;23.01.2024;18;1.0;705;43;198;43;507;44
TE440;23.01.2024;19;1.0;594;45;133;47;461;45
TE440;23.01.2024;20;1.0;470;48;146;48;324;48
TE440;23.01.2024;21;1.0;322;49;307;49;15;50
TE440;23.01.2024;22;1.0;282;50;276;50;6;50
TE440;23.01.2024;23;1.0;173;55;166;55;7;56
TE440;24.01.2024;0;1.0;101;56;100;56;1;60
TE440;24.01.2024;1;1.0;60;60;58;61;2;58
TE440;24.01.2024;2;1.0;45;58;42;58;3;62
TE440;24.01.2024;3;1.0;51;55;48;55;3;59
TE440;24.01.2024;4;1.0;41;56;34;59;7;45
TE440;24.01.2024;5;1.0;94;57;86;57;8;60
TE440;24.01.2024;6;1.0;205;53;184;54;21;53
TE440;24.01.2024;7;1.0;502;46;463;46;39;41
TE440;24.01.2024;8;1.0;615;46;546;47;69;42
TE440;24.01.2024;9;1.0;681;41;621;41;60;33
TE440;24.01.2024;10;1.0;645;44;499;44;146;45
TE440;24.01.2024;11;1.0;640;46;580;46;60;42
TE440;24.01.2024;12;1.0;685;45;648;45;37;44
TE440;24.01.2024;13;1.0;759;40;718;40;41;38
TE440;24.01.2024;14;1.0;798;37;743;37;55;38
TE440;24.01.2024;15;1.0;833;30;781;31;52;30
TE440;24.01.2024;16;1.0;830;25;700;24;130;29
TE440;24.01.2024;17;1.0;799;34;467;32;332;37
TE440;24.01.2024;18;1.0;790;34;570;32;220;39
TE440;24.01.2024;19;1.0;606;45;532;45;74;40
TE440;24.01.2024;20;1.0;507;47;482;47;25;39
TE440;24.01.2024;21;1.0;400;49;388;49;12;47
TE440;24.01.2024;22;1.0;317;49;306;49;11;48
TE440;24.01.2024;23;1.0;231;52;220;52;11;52
TE440;25.01.2024;0;1.0;123;50;120;49;4;43
TE440;25.01.2024;1;1.0;116;59;112;59;4;54
TE440;25.01.2024;2;1.0;103;62;98;62;5;62
TE440;25.01.2024;3;1.0;94;65;91;65;3;63
TE440;25.01.2024;4;1.0;44;58;36;59;8;54
TE440;25.01.2024;5;1.0;96;54;84;54;12;53
TE440;25.01.2024;6;1.0;215;54;198;54;17;52
TE440;25.01.2024;7;1.0;528;45;496;45;32;46
TE440;25.01.2024;8;1.0;650;42;616;42;34;44
TE440;25.01.2024;9;1.0;684;40;659;40;25;39
TE440;25.01.2024;10;1.0;699;41;584;42;115;40
TE440;25.01.2024;11;1.0;889;26;701;26;188;26
TE440;25.01.2024;12;1.0;918;28;706;28;212;28
TE440;25.01.2024;13;1.0;845;33;529;32;316;35
TE440;25.01.2024;14;1.0;792;40;737;40;55;35
TE440;25.01.2024;15;1.0;774;30;490;30;284;31
TE440;25.01.2024;16;1.0;792;31;594;30;198;34
TE440;25.01.2024;17;1.0;780;37;601;36;179;39
TE440;25.01.2024;18;1.0;752;36;596;36;156;37
TE440;25.01.2024;19;1.0;641;44;453;43;188;45
TE440;25.01.2024;20;1.0;465;52;333;52;132;51
TE440;25.01.2024;21;1.0;360;51;338;52;22;38
TE440;25.01.2024;22;1.0;325;47;311;48;14;32
TE440;25.01.2024;23;1.0;218;48;209;48;9;47
TE440;26.01.2024;0;1.0;135;50;122;50;13;49
TE440;26.01.2024;1;1.0;73;53;71;53;2;52
TE440;26.01.2024;2;1.0;53;54;51;54;2;49
TE440;26.01.2024;3;1.0;47;52;40;53;7;47
TE440;26.01.2024;4;1.0;26;56;24;57;2;48
TE440;26.01.2024;5;1.0;79;55;74;55;5;49
TE440;26.01.2024;6;1.0;198;53;182;53;16;53
TE440;26.01.2024;7;1.0;486;42;353;43;133;41
TE440;26.01.2024;8;1.0;618;47;278;49;340;45
TE440;26.01.2024;9;1.0;601;47;424;46;177;47
TE440;26.01.2024;10;1.0;668;45;465;46;203;43
TE440;26.01.2024;11;1.0;651;47;413;47;238;46
TE440;26.01.2024;12;1.0;726;39;541;40;185;38
TE440;26.01.2024;13;1.0;810;36;694;35;116;40
TE440;26.01.2024;14;1.0;857;31;817;30;39;41
TE440;26.01.2024;15;1.0;779;29;544;29;235;29
TE440;26.01.2024;16;1.0;733;34;706;35;27;25
TE440;26.01.2024;17;1.0;716;42;695;42;21;36
TE440;26.01.2024;18;1.0;659;43;640;43;19;40
TE440;26.01.2024;19;1.0;597;44;584;44;13;45
TE440;26.01.2024;20;1.0;531;46;516;46;15;47
TE440;26.01.2024;21;1.0;389;43;372;43;17;40
TE440;26.01.2024;22;1.0;391;46;382;46;9;46
TE440;26.01.2024;23;1.0;301;48;292;48;9;48
TE440;27.01.2024;0;1.0;196;52;191;52;5;53
TE440;27.01.2024;1;1.0;126;52;122;52;4;50
TE440;27.01.2024;2;1.0;117;53;113;53;4;52
TE440;27.01.2024;3;1.0;62;56;60;56;2;58
TE440;27.01.2024;4;1.0;42;51;40;52;2;50
TE440;27.01.2024;5;1.0;60;52;55;53;5;46
TE440;27.01.2024;6;1.0;90;52;85;51;5;55
TE440;27.01.2024;7;1.0;155;50;143;50;12;51
TE440;27.01.2024;8;1.0;266;51;253;51;13;51
TE440;27.01.2024;9;1.0;490;49;466;48;24;49
TE440;27.01.2024;10;1.0;566;49;553;49;13;49
TE440;27.01.2024;11;1.0;643;47;626;47;17;44
TE440;27.01.2024;12;1.0;683;46;661;46;22;43
TE440;27.01.2024;13;1.0;733;45;718;45;15;41
TE440;27.01.2024;14;1.0;724;42;685;42;39;46
TE440;27.01.2024;15;1.0;680;42;645;42;35;46
TE440;27.01.2024;16;1.0;685;44;633;44;52;42
TE440;27.01.2024;17;1.0;654;43;285;45;369;42
TE440;27.01.2024;18;1.0;633;46;185;46;448;45
TE440;27.01.2024;19;1.0;558;43;183;46;375;42
TE440;27.01.2024;20;1.0;487;48;196;48;291;47
TE440;27.01.2024;21;1.0;411;48;117;49;294;47
TE440;27.01.2024;22;1.0;414;42;54;43;360;42
TE440;27.01.2024;23;1.0;391;44;62;48;329;43
TE440;28.01.2024;0;1.0;249;44;40;48;209;43
TE440;28.01.2024;1;1.0;201;50;71;52;130;49
TE440;28.01.2024;2;1.0;124;54;52;54;72;53
TE440;28.01.2024;3;1.0;102;52;41;52;61;52
TE440;28.01.2024;4;1.0;76;53;25;51;51;54
TE440;28.01.2024;5;1.0;59;48;17;50;42;48
TE440;28.01.2024;6;1.0;57;33;14;29;43;35
TE440;28.01.2024;7;1.0;106;29;36;26;70;30
TE440;28.01.2024;8;1.0;271;39;41;38;230;39
TE440;28.01.2024;9;1.0;425;41;80;42;345;40
TE440;28.01.2024;10;1.0;494;43;276;44;218;42
TE440;28.01.2024;11;1.0;728;40;639;40;89;40
TE440;28.01.2024;12;1.0;758;39;550;39;208;39
TE440;28.01.2024;13;1.0;836;36;488;34;348;41
TE440;28.01.2024;14;1.0;944;30;796;34;148;9
TE440;28.01.2024;15;1.0;839;31;664;30;175;35
TE440;28.01.2024;16;1.0;811;30;347;33;464;27
TE440;28.01.2024;17;1.0;746;35;470;29;276;44
TE440;28.01.2024;18;1.0;781;33;377;28;404;37
TE440;28.01.2024;19;1.0;611;37;337;32;274;42
TE440;28.01.2024;20;1.0;476;35;211;27;265;42
TE440;28.01.2024;21;1.0;388;38;168;33;220;42
TE440;28.01.2024;22;1.0;305;38;99;51;206;33
TE440;28.01.2024;23;1.0;183;48;41;52;142;47
TE440;29.01.2024;0;1.0;69;56;48;57;21;54
TE440;29.01.2024;1;1.0;55;53;32;54;23;51
TE440;29.01.2024;2;1.0;47;53;19;59;28;49
TE440;29.01.2024;3;1.0;48;52;22;53;26;51
TE440;29.01.2024;4;1.0;28;56;20;56;8;56
TE440;29.01.2024;5;1.0;95;52;32;53;63;51
TE440;29.01.2024;6;1.0;244;52;63;52;181;52
TE440;29.01.2024;7;1.0;573;45;100;44;473;45
TE440;29.01.2024;8;1.0;591;44;160;46;431;44
TE440;29.01.2024;9;1.0;672;35;449;30;223;44
TE440;29.01.2024;10;1.0;804;31;676;33;128;24
TE440;29.01.2024;11;1.0;866;30;728;32;138;19
TE440;29.01.2024;12;1.0;937;30;797;34;140;12
TE440;29.01.2024;13;1.0;944;31;864;33;80;16
TE440;29.01.2024;14;1.0;1085;29;1020;29;65;26
TE440;29.01.2024;15;1.0;1055;26;924;26;131;30
TE440;29.01.2024;16;1.0;1011;24;645;30;366;15
TE440;29.01.2024;17;1.0;986;29;764;28;223;35
TE440;29.01.2024;18;1.0;1008;30;680;31;328;28
TE440;29.01.2024;19;1.0;754;34;488;31;266;38
TE440;29.01.2024;20;1.0;542;34;260;33;282;35
TE440;29.01.2024;21;1.0;421;35;221;42;200;26
TE440;29.01.2024;22;1.0;304;38;139;38;165;37
TE440;29.01.2024;23;1.0;189;45;80;51;110;40
TE440;30.01.2024;0;1.0;106;44;61;48;45;38
TE440;30.01.2024;1;1.0;42;56;31;56;11;54
TE440;30.01.2024;2;1.0;49;60;33;60;16;59
TE440;30.01.2024;3;1.0;36;57;29;57;7;59
TE440;30.01.2024;4;1.0;29;56;22;56;7;53
TE440;30.01.2024;5;1.0;88;55;56;56;32;53
TE440;30.01.2024;6;1.0;201;53;101;55;100;52
TE440;30.01.2024;7;1.0;465;45;100;48;365;45
TE440;30.01.2024;8;1.0;552;48;227;50;325;47
TE440;30.01.2024;9;1.0;622;39;308;37;314;40
TE440;30.01.2024;10;1.0;680;34;471;36;209;32
TE440;30.01.2024;11;1.0;752;34;572;36;180;25
TE440;30.01.2024;12;1.0;875;32;625;36;250;24
TE440;30.01.2024;13;1.0;939;33;641;37;298;25
TE440;30.01.2024;14;1.0;981;34;559;36;422;29
TE440;30.01.2024;15;1.0;976;30;632;33;345;27
TE440;30.01.2024;16;1.0;902;32;625;35;277;25
TE440;30.01.2024;17;1.0;879;32;686;34;193;24
TE440;30.01.2024;18;1.0;777;39;573;40;204;36
TE440;30.01.2024;19;1.0;587;43;415;44;172;40
TE440;30.01.2024;20;1.0;422;50;342;51;80;44
TE440;30.01.2024;21;1.0;399;44;239;48;161;38
TE440;30.01.2024;22;1.0;284;46;160;45;124;47
TE440;30.01.2024;23;1.0;210;45;117;52;93;36
TE440;31.01.2024;0;1.0;104;49;72;56;32;32
TE440;31.01.2024;1;1.0;47;51;41;56;6;20
TE440;31.01.2024;2;1.0;54;47;35;61;19;23
TE440;31.01.2024;3;1.0;30;55;19;58;11;50
TE440;31.01.2024;4;1.0;36;58;23;59;13;56
TE440;31.01.2024;5;1.0;77;51;61;53;16;45
TE440;31.01.2024;6;1.0;179;55;158;55;21;53
TE440;31.01.2024;7;1.0;467;43;431;44;36;32
TE440;31.01.2024;8;1.0;492;45;442;47;50;37
TE440;31.01.2024;9;1.0;454;50;342;52;111;45
TE440;31.01.2024;10;1.0;515;50;357;49;158;52
TE440;31.01.2024;11;1.0;600;49;383;50;217;48
TE440;31.01.2024;12;1.0;650;47;298;47;352;46
TE440;31.01.2024;13;1.0;653;48;400;50;253;47
TE440;31.01.2024;14;1.0;756;41;418;43;338;38
TE440;31.01.2024;15;1.0;795;40;531;40;264;39
TE440;31.01.2024;16;1.0;771;41;456;40;315;41
TE440;31.01.2024;17;1.0;831;34;509;34;322;36
TE440;31.01.2024;18;1.0;796;42;510;43;286;39
TE440;31.01.2024;19;1.0;739;41;545;43;194;37
TE440;31.01.2024;20;1.0;480;52;288;51;192;51
TE440;31.01.2024;21;1.0;307;52;218;55;89;48
TE440;31.01.2024;22;1.0;316;53;220;53;96;52
TE440;31.01.2024;23;1.0;219;53;210;53;9;51
TE463;01.01.2024;0;1.0;73;41;64;40;9;47
TE463;01.01.2024;1;1.0;293;6;292;6;1;18
TE463;01.01.2024;2;1.0;380;25;349;23;31;47
TE463;01.01.2024;3;1.0;245;46;215;46;30;45
TE463;01.01.2024;4;1.0;164;23;129;23;35;26
TE463;01.01.2024;5;1.0;132;3;129;3;3;3
TE463;01.01.2024;6;1.0;89;3;79;3;10;3
TE463;01.01.2024;7;1.0;89;3;89;3;0;-1
TE463;01.01.2024;8;1.0;70;5;70;5;0;-1
TE463;01.01.2024;9;1.0;88;44;68;42;20;49
TE463;01.01.2024;10;1.0;186;44;130;44;56;44
TE463;01.01.2024;11;1.0;301;40;195;38;106;44
TE463;01.01.2024;12;1.0;330;4;325;4;5;11
TE463;01.01.2024;13;1.0;396;3;396;3;0;-1
TE463;01.01.2024;14;1.0;485;39;363;38;122;44
TE463;01.01.2024;15;1.0;465;42;329;42;136;43
TE463;01.01.2024;16;1.0;384;41;262;40;122;41
TE463;01.01.2024;17;1.0;403;18;347;16;56;30
TE463;01.01.2024;18;1.0;339;42;242;41;97;42
TE463;01.01.2024;19;1.0;277;47;218;46;59;48
TE463;01.01.2024;20;1.0;230;40;183;40;47;39
TE463;01.01.2024;21;1.0;230;52;188;53;42;50
TE463;01.01.2024;22;1.0;181;54;156;54;25;54
TE463;01.01.2024;23;1.0;93;42;86;43;7;30
TE463;02.01.2024;0;1.0;57;48;49;48;8;42
TE463;02.01.2024;1;1.0;37;39;32;39;5;40
TE463;02.01.2024;2;1.0;40;40;33;38;7;46
TE463;02.01.2024;3;1.0;35;43;22;40;13;47
TE463;02.01.2024;4;1.0;79;53;57;53;22;54
TE463;02.01.2024;5;1.0;249;37;170;36;79;40
TE463;02.01.2024;6;1.0;355;47;227;47;128;48
TE463;02.01.2024;7;1.0;424;44;303;43;121;46
TE463;02.01.2024;8;1.0;400;47;241;47;159;48
TE463;02.01.2024;9;1.0;403;40;280;39;123;44
TE463;02.01.2024;10;1.0;465;43;298;43;167;42
TE463;02.01.2024;11;1.0;506;41;363;41;143;42
TE463;02.01.2024;12;1.0;564;41;365;41;199;40
TE463;02.01.2024;13;1.0;588;40;383;39;205;40
TE463;02.01.2024;14;1.0;714;43;443;42;271;45
TE463;02.01.2024;15;1.0;632;24;552;24;80;26
TE463;02.01.2024;16;1.0;591;28;489;28;102;30
TE463;02.01.2024;17;1.0;607;26;493;23;114;36
TE463;02.01.2024;18;1.0;554;39;398;38;156;41
TE463;02.01.2024;19;1.0;422;42;331;42;91;43
TE463;02.01.2024;20;1.0;347;44;258;42;89;49
TE463;02.01.2024;21;1.0;265;37;226;35;39;48
TE463;02.01.2024;22;1.0;272;45;210;43;62;51
TE463;02.01.2024;23;1.0;160;32;144;31;16;43
TE463;03.01.2024;0;1.0;65;41;51;41;14;40
TE463;03.01.2024;1;1.0;47;38;43;36;4;50
TE463;03.01.2024;2;1.0;40;39;35;38;5;46
TE463;03.01.2024;3;1.0;34;47;24;45;10;52
TE463;03.01.2024;4;1.0;93;42;72;41;21;45
TE463;03.01.2024;5;1.0;266;38;215;37;51;42
TE463;03.01.2024;6;1.0;472;43;333;42;139;43
TE463;03.01.2024;7;1.0;332;40;234;40;98;40
TE463;03.01.2024;8;1.0;406;42;237;41;169;43
TE463;03.01.2024;9;1.0;419;39;282;38;137;39
TE463;03.01.2024;10;1.0;508;37;358;37;150;37
TE463;03.01.2024;11;1.0;536;39;368;39;168;40
TE463;03.01.2024;12;1.0;534;36;356;36;178;37
TE463;03.01.2024;13;1.0;630;33;452;32;179;34
TE463;03.01.2024;14;1.0;430;25;324;25;106;26
TE463;03.01.2024;15;1.0;700;28;561;27;139;30
TE463;03.01.2024;16;1.0;701;25;605;25;96;28
TE463;03.01.2024;17;1.0;706;35;502;35;204;38
TE463;03.01.2024;18;1.0;620;37;451;37;169;37
TE463;03.01.2024;19;1.0;542;26;461;24;81;34
TE463;03.01.2024;20;1.0;356;27;299;25;57;37
TE463;03.01.2024;21;1.0;364;44;301;44;63;44
TE463;03.01.2024;22;1.0;287;39;234;39;53;40
TE463;03.01.2024;23;1.0;177;49;147;49;30;49
TE463;04.01.2024;0;1.0;87;59;73;57;14;68
TE463;04.01.2024;1;1.0;45;43;41;42;4;54
TE463;04.01.2024;2;1.0;45;49;41;49;4;41
TE463;04.01.2024;3;1.0;49;49;43;48;6;55
TE463;04.01.2024;4;1.0;54;37;40;38;14;33
TE463;04.01.2024;5;1.0;266;49;202;48;64;50
TE463;04.01.2024;6;1.0;469;48;329;48;140;49
TE463;04.01.2024;7;1.0;481;45;298;45;183;46
TE463;04.01.2024;8;1.0;437;33;311;32;126;34
TE463;04.01.2024;9;1.0;522;31;376;30;146;32
TE463;04.01.2024;10;1.0;568;34;402;33;166;37
TE463;04.01.2024;11;1.0;572;37;401;36;171;37
TE463;04.01.2024;12;1.0;545;40;392;39;153;40
TE463;04.01.2024;13;1.0;613;34;465;34;148;38
TE463;04.01.2024;14;1.0;680;28;543;28;137;30
TE463;04.01.2024;15;1.0;653;27;523;26;130;30
TE463;04.01.2024;16;1.0;586;24;510;24;76;26
TE463;04.01.2024;17;1.0;697;25;594;24;103;28
TE463;04.01.2024;18;1.0;529;21;435;18;94;34
TE463;04.01.2024;19;1.0;529;31;368;28;161;37
TE463;04.01.2024;20;1.0;399;39;281;39;118;39
TE463;04.01.2024;21;1.0;316;44;228;43;88;45
TE463;04.01.2024;22;1.0;297;48;229;47;68;48
TE463;04.01.2024;23;1.0;199;43;147;43;52;45
TE463;05.01.2024;0;1.0;75;41;69;40;6;43
TE463;05.01.2024;1;1.0;52;39;45;39;7;41
TE463;05.01.2024;2;1.0;43;46;28;48;15;43
TE463;05.01.2024;3;1.0;46;24;41;24;5;25
TE463;05.01.2024;4;1.0;104;46;63;45;41;46
TE463;05.01.2024;5;1.0;281;45;190;46;91;44
TE463;05.01.2024;6;1.0;408;42;273;41;135;43
TE463;05.01.2024;7;1.0;448;40;299;39;149;41
TE463;05.01.2024;8;1.0;467;39;325;39;142;40
TE463;05.01.2024;9;1.0;508;40;342;40;166;39
TE463;05.01.2024;10;1.0;561;46;374;45;187;48
TE463;05.01.2024;11;1.0;648;39;448;38;200;40
TE463;05.01.2024;12;1.0;560;32;410;32;150;32
TE463;05.01.2024;13;1.0;686;35;500;34;186;37
TE463;05.01.2024;14;1.0;653;28;556;27;97;29
TE463;05.01.2024;15;1.0;642;21;552;20;90;27
TE463;05.01.2024;16;1.0;619;36;431;36;188;37
TE463;05.01.2024;17;1.0;566;45;403;44;163;47
TE463;05.01.2024;18;1.0;584;46;422;46;162;46
TE463;05.01.2024;19;1.0;468;46;332;45;136;46
TE463;05.01.2024;20;1.0;399;50;286;50;113;50
TE463;05.01.2024;21;1.0;338;48;251;49;87;43
TE463;05.01.2024;22;1.0;295;48;232;48;63;47
TE463;05.01.2024;23;1.0;207;45;173;45;34;47
TE463;06.01.2024;0;1.0;163;70;127;71;36;68
TE463;06.01.2024;1;1.0;102;54;86;54;16;54
TE463;06.01.2024;2;1.0;60;17;57;15;3;39
TE463;06.01.2024;3;1.0;55;29;50;29;4;36
TE463;06.01.2024;4;1.0;56;41;46;40;10;47
TE463;06.01.2024;5;1.0;112;46;77;45;35;48
TE463;06.01.2024;6;1.0;172;66;99;63;73;69
TE463;06.01.2024;7;1.0;155;55;112;55;43;58
TE463;06.01.2024;8;1.0;246;54;161;54;85;54
TE463;06.01.2024;9;1.0;344;44;236;42;108;47
TE463;06.01.2024;10;1.0;425;39;290;39;135;39
TE463;06.01.2024;11;1.0;511;39;332;39;179;40
TE463;06.01.2024;12;1.0;563;36;423;36;140;37
TE463;06.01.2024;13;1.0;536;39;364;39;172;40
TE463;06.01.2024;14;1.0;649;35;478;34;171;37
TE463;06.01.2024;15;1.0;581;37;423;37;158;37
TE463;06.01.2024;16;1.0;523;40;327;40;196;41
TE463;06.01.2024;17;1.0;534;40;377;40;157;41
TE463;06.01.2024;18;1.0;500;37;368;37;132;38
TE463;06.01.2024;19;1.0;455;43;325;43;130;42
TE463;06.01.2024;20;1.0;408;48;260;49;148;48
TE463;06.01.2024;21;1.0;326;44;221;44;105;45
TE463;06.01.2024;22;1.0;305;49;226;49;79;49
TE463;06.01.2024;23;1.0;251;44;205;44;46;43
TE463;07.01.2024;0;1.0;155;40;137;40;18;39
TE463;07.01.2024;1;1.0;105;47;91;46;14;52
TE463;07.01.2024;2;1.0;76;40;72;40;4;30
TE463;07.01.2024;3;1.0;40;43;37;43;3;47
TE463;07.01.2024;4;1.0;58;35;38;35;19;37
TE463;07.01.2024;5;1.0;102;36;38;34;64;37
TE463;07.01.2024;6;1.0;107;14;95;14;12;16
TE463;07.01.2024;7;1.0;53;32;41;27;12;47
TE463;07.01.2024;8;1.0;100;44;68;43;32;46
TE463;07.01.2024;9;1.0;215;41;136;40;79;42
TE463;07.01.2024;10;1.0;294;36;222;34;72;42
TE463;07.01.2024;11;1.0;417;29;341;27;76;36
TE463;07.01.2024;12;1.0;483;41;347;40;136;43
TE463;07.01.2024;13;1.0;511;47;371;47;140;46
TE463;07.01.2024;14;1.0;573;50;353;47;219;54
TE463;07.01.2024;15;1.0;478;45;331;44;147;45
TE463;07.01.2024;16;1.0;475;44;339;44;136;44
TE463;07.01.2024;17;1.0;450;44;318;44;132;44
TE463;07.01.2024;18;1.0;454;50;323;49;131;50
TE463;07.01.2024;19;1.0;404;47;291;46;113;48
TE463;07.01.2024;20;1.0;304;47;210;47;94;47
TE463;07.01.2024;21;1.0;279;38;216;37;63;42
TE463;07.01.2024;22;1.0;166;36;124;36;42;35
TE463;07.01.2024;23;1.0;100;38;87;39;13;33
TE463;08.01.2024;0;1.0;60;37;49;38;11;35
TE463;08.01.2024;1;1.0;52;32;48;31;4;36
TE463;08.01.2024;2;1.0;31;33;24;31;7;37
TE463;08.01.2024;3;1.0;58;38;49;36;9;48
TE463;08.01.2024;4;1.0;91;36;72;35;19;38
TE463;08.01.2024;5;1.0;298;38;219;37;79;39
TE463;08.01.2024;6;1.0;478;37;318;36;160;38
TE463;08.01.2024;7;1.0;446;30;320;30;126;31
TE463;08.01.2024;8;1.0;381;29;288;28;93;32
TE463;08.01.2024;9;1.0;513;18;436;15;77;32
TE463;08.01.2024;10;1.0;537;37;384;35;153;42
TE463;08.01.2024;11;1.0;456;40;309;40;147;41
TE463;08.01.2024;12;1.0;356;38;251;38;105;39
TE463;08.01.2024;13;1.0;573;31;419;31;154;31
TE463;08.01.2024;14;1.0;693;27;560;27;133;28
TE463;08.01.2024;15;1.0;757;25;669;25;88;26
TE463;08.01.2024;16;1.0;742;21;636;20;106;24
TE463;08.01.2024;17;1.0;664;23;545;23;119;24
TE463;08.01.2024;18;1.0;606;26;484;26;122;29
TE463;08.01.2024;19;1.0;457;35;304;36;153;35
TE463;08.01.2024;20;1.0;378;38;283;38;95;39
TE463;08.01.2024;21;1.0;301;25;251;23;50;36
TE463;08.01.2024;22;1.0;389;35;318;35;71;36
TE463;08.01.2024;23;1.0;157;40;133;40;24;40
TE463;09.01.2024;0;1.0;75;36;62;37;13;34
TE463;09.01.2024;1;1.0;37;29;34;30;3;19
TE463;09.01.2024;2;1.0;33;35;23;37;10;32
TE463;09.01.2024;3;1.0;53;46;25;46;28;46
TE463;09.01.2024;4;1.0;94;37;63;39;31;34
TE463;09.01.2024;5;1.0;249;37;179;37;70;37
TE463;09.01.2024;6;1.0;456;36;310;35;146;37
TE463;09.01.2024;7;1.0;477;26;351;24;126;28
TE463;09.01.2024;8;1.0;511;25;393;24;118;27
TE463;09.01.2024;9;1.0;477;26;405;25;72;28
TE463;09.01.2024;10;1.0;467;42;317;42;150;42
TE463;09.01.2024;11;1.0;544;40;372;40;172;42
TE463;09.01.2024;12;1.0;603;36;429;36;174;37
TE463;09.01.2024;13;1.0;636;29;498;29;138;32
TE463;09.01.2024;14;1.0;599;25;510;25;89;25
TE463;09.01.2024;15;1.0;765;26;653;25;112;29
TE463;09.01.2024;16;1.0;793;27;665;26;128;31
TE463;09.01.2024;17;1.0;779;26;658;26;121;27
TE463;09.01.2024;18;1.0;700;23;565;23;135;27
TE463;09.01.2024;19;1.0;529;29;374;27;155;32
TE463;09.01.2024;20;1.0;379;20;272;21;107;18
TE463;09.01.2024;21;1.0;347;40;273;40;74;41
TE463;09.01.2024;22;1.0;303;35;243;35;60;35
TE463;09.01.2024;23;1.0;138;33;105;33;33;35
TE463;10.01.2024;0;1.0;82;34;56;34;26;35
TE463;10.01.2024;1;1.0;49;45;46;44;3;48
TE463;10.01.2024;2;1.0;48;32;30;32;18;31
TE463;10.01.2024;3;1.0;48;22;40;21;8;26
TE463;10.01.2024;4;1.0;109;24;86;23;23;26
TE463;10.01.2024;5;1.0;294;34;210;32;84;40
TE463;10.01.2024;6;1.0;476;36;324;36;152;36
TE463;10.01.2024;7;1.0;503;26;402;26;101;29
TE463;10.01.2024;8;1.0;503;26;421;26;82;27
TE463;10.01.2024;9;1.0;519;39;371;38;148;40
TE463;10.01.2024;10;1.0;549;34;412;34;137;35
TE463;10.01.2024;11;1.0;628;35;435;35;193;35
TE463;10.01.2024;12;1.0;570;31;428;29;142;37
TE463;10.01.2024;13;1.0;572;28;441;27;131;31
TE463;10.01.2024;14;1.0;687;26;540;25;147;29
TE463;10.01.2024;15;1.0;760;27;612;26;148;28
TE463;10.01.2024;16;1.0;797;29;653;28;144;33
TE463;10.01.2024;17;1.0;783;26;652;25;131;30
TE463;10.01.2024;18;1.0;725;25;609;24;116;26
TE463;10.01.2024;19;1.0;560;34;431;33;129;35
TE463;10.01.2024;20;1.0;494;43;379;43;115;41
TE463;10.01.2024;21;1.0;360;41;288;41;72;42
TE463;10.01.2024;22;1.0;341;40;252;39;89;42
TE463;10.01.2024;23;1.0;196;45;139;45;57;44
TE463;11.01.2024;0;1.0;91;42;77;42;14;44
TE463;11.01.2024;1;1.0;56;50;40;51;15;49
TE463;11.01.2024;2;1.0;38;42;29;41;9;46
TE463;11.01.2024;3;1.0;53;48;42;49;11;42
TE463;11.01.2024;4;1.0;86;43;63;44;23;41
TE463;11.01.2024;5;1.0;267;14;228;12;39;28
TE463;11.01.2024;6;1.0;475;40;328;38;147;45
TE463;11.01.2024;7;1.0;521;36;401;35;120;39
TE463;11.01.2024;8;1.0;529;20;461;20;67;22
TE463;11.01.2024;9;1.0;503;15;447;12;56;38
TE463;11.01.2024;10;1.0;581;25;465;23;116;35
TE463;11.01.2024;11;1.0;579;35;419;35;160;38
TE463;11.01.2024;12;1.0;540;24;431;24;109;24
TE463;11.01.2024;13;1.0;619;25;538;24;81;30
TE463;11.01.2024;14;1.0;596;27;511;26;85;30
TE463;11.01.2024;15;1.0;787;28;679;28;108;31
TE463;11.01.2024;16;1.0;664;20;596;19;68;24
TE463;11.01.2024;17;1.0;706;24;615;25;91;26
TE463;11.01.2024;18;1.0;715;25;618;25;97;28
TE463;11.01.2024;19;1.0;591;35;464;33;127;42
TE463;11.01.2024;20;1.0;472;46;312;47;160;44
TE463;11.01.2024;21;1.0;382;53;262;53;120;52
TE463;11.01.2024;22;1.0;396;55;297;55;99;57
TE463;11.01.2024;23;1.0;244;52;192;52;52;52
TE463;12.01.2024;0;1.0;95;45;54;45;41;46
TE463;12.01.2024;1;1.0;71;67;45;65;26;70
TE463;12.01.2024;2;1.0;50;55;39;54;11;58
TE463;12.01.2024;3;1.0;59;57;51;56;8;58
TE463;12.01.2024;4;1.0;121;41;81;38;40;45
TE463;12.01.2024;5;1.0;248;3;245;3;3;5
TE463;12.01.2024;6;1.0;459;41;325;40;134;44
TE463;12.01.2024;7;1.0;494;38;353;37;141;41
TE463;12.01.2024;8;1.0;450;23;417;23;33;26
TE463;12.01.2024;9;1.0;471;39;312;38;159;41
TE463;12.01.2024;10;1.0;505;37;361;37;144;38
TE463;12.01.2024;11;1.0;581;36;419;35;162;39
TE463;12.01.2024;12;1.0;503;27;412;26;91;30
TE463;12.01.2024;13;1.0;608;29;514;27;94;33
TE463;12.01.2024;14;1.0;735;28;634;27;101;31
TE463;12.01.2024;15;1.0;692;25;601;24;91;28
TE463;12.01.2024;16;1.0;750;28;640;27;110;31
TE463;12.01.2024;17;1.0;606;22;529;22;77;26
TE463;12.01.2024;18;1.0;511;38;371;37;140;37
TE463;12.01.2024;19;1.0;323;45;225;45;98;46
TE463;12.01.2024;20;1.0;450;47;319;46;131;47
TE463;12.01.2024;21;1.0;359;53;271;53;88;52
TE463;12.01.2024;22;1.0;295;51;200;51;95;51
TE463;12.01.2024;23;1.0;241;53;209;52;32;54
TE463;13.01.2024;0;1.0;180;67;151;68;29;60
TE463;13.01.2024;1;1.0;112;49;95;48;17;53
TE463;13.01.2024;2;1.0;69;62;48;62;21;62
TE463;13.01.2024;3;1.0;69;49;59;49;10;52
TE463;13.01.2024;4;1.0;60;60;50;58;10;67
TE463;13.01.2024;5;1.0;110;17;99;14;11;37
TE463;13.01.2024;6;1.0;146;3;145;3;1;3
TE463;13.01.2024;7;1.0;156;3;156;3;0;-1
TE463;13.01.2024;8;1.0;242;16;224;14;18;41
TE463;13.01.2024;9;1.0;372;32;277;32;95;34
TE463;13.01.2024;10;1.0;483;46;329;46;154;46
TE463;13.01.2024;11;1.0;426;42;267;41;159;42
TE463;13.01.2024;12;1.0;614;44;405;44;209;44
TE463;13.01.2024;13;1.0;592;40;425;40;167;39
TE463;13.01.2024;14;1.0;612;42;414;42;198;42
TE463;13.01.2024;15;1.0;574;43;401;42;173;43
TE463;13.01.2024;16;1.0;544;46;373;45;171;47
TE463;13.01.2024;17;1.0;542;43;384;43;158;42
TE463;13.01.2024;18;1.0;559;43;387;41;172;46
TE463;13.01.2024;19;1.0;436;39;325;38;111;43
TE463;13.01.2024;20;1.0;402;52;289;52;113;52
TE463;13.01.2024;21;1.0;329;53;259;52;70;55
TE463;13.01.2024;22;1.0;324;27;267;26;57;34
TE463;13.01.2024;23;1.0;287;46;224;45;63;49
TE463;14.01.2024;0;1.0;213;65;165;64;48;66
TE463;14.01.2024;1;1.0;150;46;128;45;22;48
TE463;14.01.2024;2;1.0;94;61;83;60;11;68
TE463;14.01.2024;3;1.0;65;44;49;41;16;51
TE463;14.01.2024;4;1.0;71;61;59;61;12;59
TE463;14.01.2024;5;1.0;72;44;63;45;9;38
TE463;14.01.2024;6;1.0;105;55;81;54;24;60
TE463;14.01.2024;7;1.0;98;56;68;55;30;59
TE463;14.01.2024;8;1.0;130;57;87;58;43;55
TE463;14.01.2024;9;1.0;269;57;173;56;96;57
TE463;14.01.2024;10;1.0;404;46;298;47;106;46
TE463;14.01.2024;11;1.0;387;19;340;18;47;29
TE463;14.01.2024;12;1.0;521;38;383;36;138;44
TE463;14.01.2024;13;1.0;566;27;462;24;104;40
TE463;14.01.2024;14;1.0;596;46;420;46;176;46
TE463;14.01.2024;15;1.0;550;48;389;48;161;49
TE463;14.01.2024;16;1.0;548;48;350;48;198;50
TE463;14.01.2024;17;1.0;513;41;333;41;180;42
TE463;14.01.2024;18;1.0;517;52;355;51;162;52
TE463;14.01.2024;19;1.0;431;38;317;37;114;41
TE463;14.01.2024;20;1.0;267;23;192;24;75;19
TE463;14.01.2024;21;1.0;278;53;193;53;85;53
TE463;14.01.2024;22;1.0;185;51;134;52;51;48
TE463;14.01.2024;23;1.0;146;62;114;63;32;59
TE463;15.01.2024;0;1.0;77;63;68;63;9;65
TE463;15.01.2024;1;1.0;49;42;39;43;10;41
TE463;15.01.2024;2;1.0;37;47;29;46;8;50
TE463;15.01.2024;3;1.0;33;52;26;50;7;62
TE463;15.01.2024;4;1.0;108;53;69;53;39;53
TE463;15.01.2024;5;1.0;309;56;191;55;118;57
TE463;15.01.2024;6;1.0;433;39;305;38;128;41
TE463;15.01.2024;7;1.0;492;36;325;35;167;40
TE463;15.01.2024;8;1.0;486;19;434;20;52;16
TE463;15.01.2024;9;1.0;428;37;289;37;139;38
TE463;15.01.2024;10;1.0;527;42;340;41;187;43
TE463;15.01.2024;11;1.0;578;45;360;45;218;45
TE463;15.01.2024;12;1.0;565;41;378;41;187;41
TE463;15.01.2024;13;1.0;517;23;447;21;70;29
TE463;15.01.2024;14;1.0;698;32;557;32;141;36
TE463;15.01.2024;15;1.0;737;28;634;27;103;31
TE463;15.01.2024;16;1.0;630;26;528;25;102;27
TE463;15.01.2024;17;1.0;630;24;538;24;92;26
TE463;15.01.2024;18;1.0;570;28;471;27;99;30
TE463;15.01.2024;19;1.0;451;39;312;40;139;39
TE463;15.01.2024;20;1.0;349;30;252;26;97;40
TE463;15.01.2024;21;1.0;258;43;184;43;74;44
TE463;15.01.2024;22;1.0;263;43;193;44;70;41
TE463;15.01.2024;23;1.0;156;57;108;57;48;58
TE463;16.01.2024;0;1.0;64;54;50;55;14;52
TE463;16.01.2024;1;1.0;30;45;25;46;5;40
TE463;16.01.2024;2;1.0;27;31;19;29;8;36
TE463;16.01.2024;3;1.0;53;51;37;50;16;56
TE463;16.01.2024;4;1.0;79;19;55;17;24;24
TE463;16.01.2024;5;1.0;240;3;233;3;7;4
TE463;16.01.2024;6;1.0;302;18;251;15;51;30
TE463;16.01.2024;7;1.0;530;15;500;15;30;16
TE463;16.01.2024;8;1.0;547;12;533;12;14;19
TE463;16.01.2024;9;1.0;467;18;421;18;46;25
TE463;16.01.2024;10;1.0;518;39;368;37;150;40
TE463;16.01.2024;11;1.0;443;34;327;33;116;35
TE463;16.01.2024;12;1.0;520;21;465;21;55;22
TE463;16.01.2024;13;1.0;515;29;400;28;115;32
TE463;16.01.2024;14;1.0;576;25;492;25;84;27
TE463;16.01.2024;15;1.0;683;28;587;28;96;30
TE463;16.01.2024;16;1.0;708;30;596;28;112;31
TE463;16.01.2024;17;1.0;667;25;572;24;95;31
TE463;16.01.2024;18;1.0;640;21;552;20;88;27
TE463;16.01.2024;19;1.0;511;35;390;35;121;37
TE463;16.01.2024;20;1.0;370;7;344;7;26;7
TE463;16.01.2024;21;1.0;314;49;240;49;74;49
TE463;16.01.2024;22;1.0;314;50;226;49;88;50
TE463;16.01.2024;23;1.0;158;50;117;49;41;51
TE463;17.01.2024;0;1.0;81;38;73;38;8;40
TE463;17.01.2024;1;1.0;42;38;37;37;5;47
TE463;17.01.2024;2;1.0;48;29;41;30;7;26
TE463;17.01.2024;3;1.0;50;57;39;54;11;68
TE463;17.01.2024;4;1.0;101;43;84;43;17;43
TE463;17.01.2024;5;1.0;244;44;159;44;85;45
TE463;17.01.2024;6;1.0;455;37;329;37;126;37
TE463;17.01.2024;7;1.0;465;31;341;30;124;34
TE463;17.01.2024;8;1.0;512;21;425;21;87;26
TE463;17.01.2024;9;1.0;520;38;378;36;142;41
TE463;17.01.2024;10;1.0;518;22;432;19;86;35
TE463;17.01.2024;11;1.0;577;41;388;41;189;41
TE463;17.01.2024;12;1.0;575;38;397;37;178;38
TE463;17.01.2024;13;1.0;601;19;511;18;90;27
TE463;17.01.2024;14;1.0;667;33;496;33;171;34
TE463;17.01.2024;15;1.0;679;28;591;28;88;28
TE463;17.01.2024;16;1.0;763;32;604;31;159;34
TE463;17.01.2024;17;1.0;714;26;625;25;89;31
TE463;17.01.2024;18;1.0;637;28;531;28;106;33
TE463;17.01.2024;19;1.0;520;39;366;39;154;39
TE463;17.01.2024;20;1.0;406;26;322;24;84;36
TE463;17.01.2024;21;1.0;325;47;227;47;98;47
TE463;17.01.2024;22;1.0;292;43;217;43;75;43
TE463;17.01.2024;23;1.0;169;50;134;50;35;49
TE463;18.01.2024;0;1.0;94;32;75;30;19;38
TE463;18.01.2024;1;1.0;48;6;40;6;8;7
TE463;18.01.2024;2;1.0;42;19;36;16;6;33
TE463;18.01.2024;3;1.0;65;47;35;45;30;49
TE463;18.01.2024;4;1.0;96;40;49;37;47;43
TE463;18.01.2024;5;1.0;243;7;212;7;31;11
TE463;18.01.2024;6;1.0;417;40;280;40;137;40
TE463;18.01.2024;7;1.0;447;25;361;24;86;29
TE463;18.01.2024;8;1.0;258;32;183;31;75;35
TE463;18.01.2024;9;1.0;413;32;296;32;117;32
TE463;18.01.2024;10;1.0;434;11;395;10;39;20
TE463;18.01.2024;11;1.0;526;31;338;32;188;31
TE463;18.01.2024;12;1.0;614;35;455;34;159;37
TE463;18.01.2024;13;1.0;548;28;411;27;137;32
TE463;18.01.2024;14;1.0;568;27;478;27;90;31
TE463;18.01.2024;15;1.0;786;30;621;29;165;33
TE463;18.01.2024;16;1.0;714;23;581;22;132;25
TE463;18.01.2024;17;1.0;670;24;582;23;88;27
TE463;18.01.2024;18;1.0;532;26;442;26;90;30
TE463;18.01.2024;19;1.0;505;35;371;35;134;37
TE463;18.01.2024;20;1.0;425;43;290;43;135;43
TE463;18.01.2024;21;1.0;346;41;281;41;65;42
TE463;18.01.2024;22;1.0;342;38;223;37;119;39
TE463;18.01.2024;23;1.0;253;55;153;53;100;58
TE463;19.01.2024;0;1.0;99;37;87;37;12;41
TE463;19.01.2024;1;1.0;65;43;53;43;12;42
TE463;19.01.2024;2;1.0;41;45;29;44;12;50
TE463;19.01.2024;3;1.0;66;50;37;51;29;50
TE463;19.01.2024;4;1.0;138;46;45;44;93;46
TE463;19.01.2024;5;1.0;294;50;168;51;126;50
TE463;19.01.2024;6;1.0;527;45;373;45;154;44
TE463;19.01.2024;7;1.0;510;30;403;28;107;36
TE463;19.01.2024;8;1.0;529;32;427;30;102;37
TE463;19.01.2024;9;1.0;501;38;365;37;136;42
TE463;19.01.2024;10;1.0;607;41;416;41;191;41
TE463;19.01.2024;11;1.0;592;34;433;33;159;35
TE463;19.01.2024;12;1.0;598;35;447;35;151;39
TE463;19.01.2024;13;1.0;507;29;400;27;107;34
TE463;19.01.2024;14;1.0;705;19;485;21;220;16
TE463;19.01.2024;15;1.0;782;28;635;28;147;30
TE463;19.01.2024;16;1.0;749;29;634;28;115;32
TE463;19.01.2024;17;1.0;604;30;497;30;107;32
TE463;19.01.2024;18;1.0;674;44;499;44;175;45
TE463;19.01.2024;19;1.0;509;41;400;41;109;40
TE463;19.01.2024;20;1.0;390;34;296;34;94;34
TE463;19.01.2024;21;1.0;349;27;281;25;68;36
TE463;19.01.2024;22;1.0;365;20;329;18;36;33
TE463;19.01.2024;23;1.0;304;54;245;54;59;55
TE463;20.01.2024;0;1.0;192;62;96;59;96;64
TE463;20.01.2024;2;1.0;87;50;74;49;13;58
TE463;20.01.2024;3;1.0;54;52;42;51;12;55
TE463;20.01.2024;4;1.0;55;39;43;39;12;40
TE463;20.01.2024;5;1.0;98;48;71;47;27;49
TE463;20.01.2024;6;1.0;147;42;116;41;31;43
TE463;20.01.2024;7;1.0;202;16;172;15;30;26
TE463;20.01.2024;8;1.0;249;3;249;3;0;-1
TE463;20.01.2024;9;1.0;370;23;289;21;81;30
TE463;20.01.2024;10;1.0;407;3;407;3;0;-1
TE463;20.01.2024;11;1.0;553;10;527;8;26;33
TE463;20.01.2024;12;1.0;601;38;435;38;166;38
TE463;20.01.2024;13;1.0;522;38;384;38;138;40
TE463;20.01.2024;14;1.0;511;39;362;38;149;42
TE463;20.01.2024;15;1.0;625;44;471;44;154;43
TE463;20.01.2024;16;1.0;608;41;428;41;180;41
TE463;20.01.2024;17;1.0;516;38;357;38;159;37
TE463;20.01.2024;18;1.0;535;43;391;42;144;44
TE463;20.01.2024;19;1.0;532;46;369;46;163;45
TE463;20.01.2024;20;1.0;354;39;281;39;73;39
TE463;20.01.2024;21;1.0;326;42;252;42;74;43
TE463;20.01.2024;22;1.0;330;40;259;40;71;41
TE463;20.01.2024;23;1.0;300;41;246;41;54;40
TE463;21.01.2024;0;1.0;207;44;183;44;24;46
TE463;21.01.2024;1;1.0;120;43;114;43;6;43
TE463;21.01.2024;2;1.0;81;45;62;43;19;50
TE463;21.01.2024;3;1.0;60;57;45;55;15;60
TE463;21.01.2024;4;1.0;45;39;33;39;12;37
TE463;21.01.2024;5;1.0;79;44;46;46;33;41
TE463;21.01.2024;6;1.0;102;12;80;11;22;14
TE463;21.01.2024;7;1.0;53;3;24;3;29;3
TE463;21.01.2024;8;1.0;136;16;59;24;77;10
TE463;21.01.2024;9;1.0;244;37;183;34;61;46
TE463;21.01.2024;10;1.0;377;3;375;3;2;4
TE463;21.01.2024;11;1.0;440;3;440;3;0;-1
TE463;21.01.2024;12;1.0;520;3;520;3;0;-1
TE463;21.01.2024;13;1.0;566;3;566;3;0;-1
TE463;21.01.2024;14;1.0;574;5;568;5;6;14
TE463;21.01.2024;15;1.0;457;3;455;3;2;3
TE463;21.01.2024;16;1.0;511;35;383;33;128;42
TE463;21.01.2024;17;1.0;600;37;436;37;164;38
TE463;21.01.2024;18;1.0;543;43;397;44;146;43
TE463;21.01.2024;19;1.0;439;44;313;45;126;44
TE463;21.01.2024;20;1.0;294;25;255;25;39;21
TE463;21.01.2024;21;1.0;255;20;222;18;33;38
TE463;21.01.2024;22;1.0;192;29;179;28;13;44
TE463;21.01.2024;23;1.0;127;40;92;42;35;37
TE463;22.01.2024;0;1.0;81;44;48;44;33;42
TE463;22.01.2024;1;1.0;44;44;38;43;6;49
TE463;22.01.2024;2;1.0;30;45;28;44;2;50
TE463;22.01.2024;3;1.0;44;39;34;39;10;41
TE463;22.01.2024;4;1.0;100;43;80;42;20;46
TE463;22.01.2024;5;1.0;347;43;251;42;96;43
TE463;22.01.2024;6;1.0;543;36;393;36;150;37
TE463;22.01.2024;7;1.0;488;19;398;18;90;23
TE463;22.01.2024;8;1.0;486;20;398;20;88;20
TE463;22.01.2024;9;1.0;413;30;294;30;119;30
TE463;22.01.2024;10;1.0;578;38;397;39;181;38
TE463;22.01.2024;11;1.0;468;37;339;37;129;38
TE463;22.01.2024;12;1.0;500;30;392;30;108;31
TE463;22.01.2024;13;1.0;576;30;415;30;161;30
TE463;22.01.2024;14;1.0;728;26;549;26;179;28
TE463;22.01.2024;15;1.0;777;29;601;28;176;30
TE463;22.01.2024;16;1.0;738;28;568;27;170;31
TE463;22.01.2024;17;1.0;659;31;491;26;167;45
TE463;22.01.2024;18;1.0;662;36;445;36;217;37
TE463;22.01.2024;19;1.0;548;39;377;39;171;39
TE463;22.01.2024;20;1.0;432;40;318;39;114;40
TE463;22.01.2024;21;1.0;313;22;268;22;45;25
TE463;22.01.2024;22;1.0;313;42;242;41;71;42
TE463;22.01.2024;23;1.0;144;41;122;41;22;41
TE463;23.01.2024;0;1.0;83;46;66;45;17;49
TE463;23.01.2024;1;1.0;37;44;34;44;3;43
TE463;23.01.2024;2;1.0;37;43;30;41;7;52
TE463;23.01.2024;3;1.0;32;31;24;30;8;33
TE463;23.01.2024;4;1.0;81;38;61;37;20;40
TE463;23.01.2024;5;1.0;305;42;243;42;62;44
TE463;23.01.2024;6;1.0;578;38;440;38;138;43
TE463;23.01.2024;7;1.0;468;28;385;27;83;30
TE463;23.01.2024;8;1.0;470;24;384;24;86;26
TE463;23.01.2024;9;1.0;393;23;330;23;63;29
TE463;23.01.2024;10;1.0;392;34;283;34;109;35
TE463;23.01.2024;11;1.0;499;38;341;37;158;38
TE463;23.01.2024;12;1.0;573;29;450;28;123;31
TE463;23.01.2024;13;1.0;585;34;431;33;154;36
TE463;23.01.2024;14;1.0;681;25;557;25;124;27
TE463;23.01.2024;15;1.0;691;28;559;28;132;31
TE463;23.01.2024;16;1.0;712;27;586;27;126;31
TE463;23.01.2024;17;1.0;693;25;591;23;102;26
TE463;23.01.2024;18;1.0;548;25;451;25;97;27
TE463;23.01.2024;19;1.0;452;33;347;33;105;35
TE463;23.01.2024;20;1.0;430;38;322;39;108;37
TE463;23.01.2024;21;1.0;398;36;271;28;128;53
TE463;23.01.2024;23;1.0;157;41;130;40;27;47
TE463;24.01.2024;0;1.0;62;50;41;46;21;59
TE463;24.01.2024;1;1.0;40;38;39;38;1;36
TE463;24.01.2024;2;1.0;37;43;29;41;8;48
TE463;24.01.2024;3;1.0;46;45;35;44;11;48
TE463;24.01.2024;4;1.0;121;48;76;47;45;49
TE463;24.01.2024;5;1.0;342;43;239;43;103;43
TE463;24.01.2024;6;1.0;506;33;357;32;149;36
TE463;24.01.2024;7;1.0;380;21;333;21;47;22
TE463;24.01.2024;8;1.0;486;21;430;21;56;19
TE463;24.01.2024;9;1.0;558;28;419;28;139;28
TE463;24.01.2024;10;1.0;455;15;418;15;37;17
TE463;24.01.2024;11;1.0;534;34;392;34;142;33
TE463;24.01.2024;12;1.0;586;28;453;27;134;30
TE463;24.01.2024;13;1.0;666;35;473;35;193;36
TE463;24.01.2024;14;1.0;635;26;509;26;126;28
TE463;24.01.2024;15;1.0;842;28;723;27;119;31
TE463;24.01.2024;16;1.0;801;29;734;28;67;30
TE463;24.01.2024;17;1.0;722;28;637;28;85;30
TE463;24.01.2024;18;1.0;699;29;618;28;81;32
TE463;24.01.2024;19;1.0;485;34;389;33;96;36
TE463;24.01.2024;20;1.0;455;42;365;42;90;41
TE463;24.01.2024;21;1.0;271;43;208;43;63;43
TE463;24.01.2024;22;1.0;325;41;261;40;64;43
TE463;24.01.2024;23;1.0;168;35;146;34;22;38
TE463;25.01.2024;0;1.0;63;36;57;37;6;32
TE463;25.01.2024;1;1.0;55;42;38;43;17;42
TE463;25.01.2024;2;1.0;33;35;29;35;4;36
TE463;25.01.2024;3;1.0;50;38;38;37;12;41
TE463;25.01.2024;4;1.0;100;55;60;54;40;56
TE463;25.01.2024;5;1.0;285;42;234;42;51;44
TE463;25.01.2024;6;1.0;541;33;446;32;95;37
TE463;25.01.2024;7;1.0;559;25;495;24;64;25
TE463;25.01.2024;8;1.0;592;23;542;23;50;24
TE463;25.01.2024;9;1.0;445;30;365;30;80;34
TE463;25.01.2024;10;1.0;555;35;408;35;147;37
TE463;25.01.2024;11;1.0;642;45;473;45;169;47
TE463;25.01.2024;12;1.0;650;32;520;32;130;34
TE463;25.01.2024;13;1.0;751;28;643;28;108;27
TE463;25.01.2024;14;1.0;709;29;606;30;103;28
TE463;25.01.2024;15;1.0;851;30;744;29;107;32
TE463;25.01.2024;16;1.0;880;28;809;28;71;30
TE463;25.01.2024;17;1.0;764;29;690;28;74;30
TE463;25.01.2024;18;1.0;753;28;704;28;49;28
TE463;25.01.2024;19;1.0;599;33;507;32;92;40
TE463;25.01.2024;20;1.0;444;44;293;44;151;45
TE463;25.01.2024;21;1.0;357;39;290;40;67;39
TE463;25.01.2024;22;1.0;318;40;279;40;39;40
TE463;25.01.2024;23;1.0;183;40;166;40;17;42
TE463;26.01.2024;0;1.0;90;39;78;38;12;40
TE463;26.01.2024;1;1.0;43;31;38;31;5;27
TE463;26.01.2024;2;1.0;43;30;36;31;7;25
TE463;26.01.2024;3;1.0;39;35;33;34;6;42
TE463;26.01.2024;4;1.0;73;41;55;40;18;45
TE463;26.01.2024;5;1.0;270;43;185;43;85;44
TE463;26.01.2024;6;1.0;470;47;330;45;140;52
TE463;26.01.2024;7;1.0;402;36;309;36;93;35
TE463;26.01.2024;8;1.0;564;33;430;33;134;35
TE463;26.01.2024;9;1.0;610;30;523;30;87;33
TE463;26.01.2024;10;1.0;542;37;422;35;120;38
TE463;26.01.2024;11;1.0;595;33;510;32;85;36
TE463;26.01.2024;12;1.0;934;30;872;30;61;33
TE463;26.01.2024;13;1.0;906;25;858;25;48;24
TE463;26.01.2024;14;1.0;970;24;930;24;40;22
TE463;26.01.2024;15;1.0;1021;20;999;20;23;22
TE463;26.01.2024;17;1.0;967;31;921;31;46;33
TE463;26.01.2024;18;1.0;998;47;912;46;86;53
TE463;26.01.2024;19;1.0;845;44;811;44;34;42
TE463;26.01.2024;20;1.0;638;52;612;52;26;49
TE463;26.01.2024;21;1.0;541;42;524;42;17;27
TE463;26.01.2024;22;1.0;521;53;505;53;16;45
TE463;26.01.2024;23;1.0;358;54;342;54;16;54
TE463;27.01.2024;0;1.0;217;50;213;50;4;60
TE463;27.01.2024;1;1.0;124;58;122;58;2;54
TE463;27.01.2024;2;1.0;91;58;73;58;18;55
TE463;27.01.2024;3;1.0;71;58;61;59;10;54
TE463;27.01.2024;4;1.0;82;57;64;59;18;47
TE463;27.01.2024;5;1.0;165;55;144;55;21;52
TE463;27.01.2024;6;1.0;244;57;229;57;15;53
TE463;27.01.2024;7;1.0;276;56;255;56;21;57
TE463;27.01.2024;8;1.0;458;62;425;62;33;63
TE463;27.01.2024;9;1.0;647;54;620;54;27;55
TE463;27.01.2024;10;1.0;816;55;780;55;36;52
TE463;27.01.2024;11;1.0;1013;54;935;54;78;53
TE463;27.01.2024;12;1.0;1031;53;991;53;40;52
TE463;27.01.2024;13;1.0;982;40;929;40;53;48
TE463;27.01.2024;14;1.0;1019;30;976;29;43;35
TE463;27.01.2024;15;1.0;1049;45;1017;44;32;46
TE463;27.01.2024;16;1.0;952;49;926;49;26;49
TE463;27.01.2024;17;1.0;955;50;936;50;19;51
TE463;27.01.2024;18;1.0;860;49;846;49;14;45
TE463;27.01.2024;19;1.0;787;49;765;49;22;47
TE463;27.01.2024;20;1.0;569;52;542;52;27;50
TE463;27.01.2024;21;1.0;518;53;495;54;23;54
TE463;27.01.2024;22;1.0;475;52;450;52;25;48
TE463;27.01.2024;23;1.0;402;50;367;51;35;47
TE463;28.01.2024;0;1.0;273;52;273;52;0;-1
TE463;28.01.2024;1;1.0;190;52;183;52;7;50
TE463;28.01.2024;2;1.0;123;51;123;51;0;-1
TE463;28.01.2024;3;1.0;96;52;91;52;5;51
TE463;28.01.2024;4;1.0;84;51;82;51;2;58
TE463;28.01.2024;5;1.0;105;51;100;51;5;48
TE463;28.01.2024;6;1.0;142;56;140;55;2;57
TE463;28.01.2024;7;1.0;119;49;112;49;7;48
TE463;28.01.2024;8;1.0;250;50;224;50;26;45
TE463;28.01.2024;9;1.0;408;51;401;52;7;49
TE463;28.01.2024;10;1.0;696;49;674;49;22;45
TE463;28.01.2024;11;1.0;827;45;800;45;27;47
TE463;28.01.2024;12;1.0;968;48;941;48;27;47
TE463;28.01.2024;13;1.0;890;40;855;40;35;41
TE463;28.01.2024;14;1.0;953;30;942;30;11;43
TE463;28.01.2024;15;1.0;795;48;777;48;18;40
TE463;28.01.2024;16;1.0;783;49;762;49;21;49
TE463;28.01.2024;17;1.0;849;46;822;47;27;42
TE463;28.01.2024;18;1.0;769;46;747;46;22;42
TE463;28.01.2024;19;1.0;624;50;602;50;22;47
TE463;28.01.2024;20;1.0;461;52;426;52;35;48
TE463;28.01.2024;21;1.0;400;52;370;53;30;43
TE463;28.01.2024;22;1.0;343;50;311;51;32;44
TE463;28.01.2024;23;1.0;215;53;160;54;55;49
TE463;29.01.2024;0;1.0;119;55;85;57;34;52
TE463;29.01.2024;1;1.0;57;51;48;56;9;28
TE463;29.01.2024;2;1.0;46;56;42;56;4;58
TE463;29.01.2024;3;1.0;66;57;51;57;15;57
TE463;29.01.2024;4;1.0;133;56;119;57;14;53
TE463;29.01.2024;5;1.0;434;55;410;55;24;53
TE463;29.01.2024;6;1.0;739;49;671;49;68;47
TE463;29.01.2024;7;1.0;857;36;795;36;62;34
TE463;29.01.2024;8;1.0;814;41;757;42;57;38
TE463;29.01.2024;9;1.0;842;44;761;44;81;42
TE463;29.01.2024;10;1.0;938;42;843;42;95;43
TE463;29.01.2024;11;1.0;814;38;726;39;88;31
TE463;29.01.2024;12;1.0;930;42;848;41;82;44
TE463;29.01.2024;13;1.0;1001;29;860;30;141;23
TE463;29.01.2024;14;1.0;1201;31;1040;31;161;32
TE463;29.01.2024;15;1.0;1235;27;1103;26;132;32
TE463;29.01.2024;16;1.0;1205;25;1142;25;63;24
TE463;29.01.2024;17;1.0;1202;24;1153;24;49;24
TE463;29.01.2024;18;1.0;1139;31;1096;32;43;25
TE463;29.01.2024;19;1.0;785;51;763;51;22;48
TE463;29.01.2024;20;1.0;569;56;556;56;13;56
TE463;29.01.2024;21;1.0;406;57;398;57;8;56
TE463;29.01.2024;22;1.0;374;59;367;59;7;57
TE463;29.01.2024;23;1.0;198;59;193;59;5;58
TE463;30.01.2024;0;1.0;77;62;74;62;3;57
TE463;30.01.2024;1;1.0;50;61;48;62;2;47
TE463;30.01.2024;2;1.0;47;61;46;61;1;57
TE463;30.01.2024;3;1.0;57;60;55;60;2;58
TE463;30.01.2024;4;1.0;138;62;127;62;11;60
TE463;30.01.2024;5;1.0;396;59;379;59;17;57
TE463;30.01.2024;6;1.0;802;55;756;55;46;56
TE463;30.01.2024;7;1.0;941;47;872;47;69;48
TE463;30.01.2024;8;1.0;875;36;822;36;53;40
TE463;30.01.2024;9;1.0;871;42;806;42;65;39
TE463;30.01.2024;10;1.0;907;53;821;53;86;52
TE463;30.01.2024;11;1.0;942;47;856;48;86;46
TE463;30.01.2024;12;1.0;1086;43;978;43;108;45
TE463;30.01.2024;13;1.0;1065;34;931;34;134;35
TE463;30.01.2024;14;1.0;1275;34;1138;34;137;34
TE463;30.01.2024;15;1.0;1307;27;1206;27;101;27
TE463;30.01.2024;16;1.0;1244;25;1201;25;43;26
TE463;30.01.2024;17;1.0;1157;24;1119;24;38;24
TE463;30.01.2024;18;1.0;1181;42;1121;42;60;38
TE463;30.01.2024;19;1.0;901;55;878;55;23;58
TE463;30.01.2024;20;1.0;540;60;526;60;14;58
TE463;30.01.2024;21;1.0;450;59;444;59;6;57
TE463;30.01.2024;22;1.0;419;58;415;58;4;58
TE463;30.01.2024;23;1.0;217;60;208;60;9;57
TE463;31.01.2024;0;1.0;109;61;108;61;1;55
TE463;31.01.2024;1;1.0;54;59;52;59;2;52
TE463;31.01.2024;2;1.0;58;62;51;62;7;66
TE463;31.01.2024;3;1.0;52;64;45;64;7;61
TE463;31.01.2024;4;1.0;130;64;118;64;12;63
TE463;31.01.2024;5;1.0;410;59;388;59;22;58
TE463;31.01.2024;6;1.0;796;55;715;55;81;59
TE463;31.01.2024;7;1.0;850;37;797;37;53;37
TE463;31.01.2024;8;1.0;814;27;788;27;26;28
TE463;31.01.2024;9;1.0;902;46;861;46;41;45
TE463;31.01.2024;10;1.0;940;54;875;54;65;53
TE463;31.01.2024;11;1.0;976;49;894;49;82;44
TE463;31.01.2024;12;1.0;1037;45;966;45;71;43
TE463;31.01.2024;13;1.0;1082;33;1004;33;78;36
TE463;31.01.2024;14;1.0;1238;30;1181;30;57;30
TE463;31.01.2024;15;1.0;1267;26;1228;26;39;26
TE463;31.01.2024;16;1.0;1249;25;1183;26;66;25
TE463;31.01.2024;17;1.0;1288;24;1229;24;59;23
TE463;31.01.2024;18;1.0;1080;34;1051;34;29;31
TE463;31.01.2024;19;1.0;869;53;849;53;20;54
TE463;31.01.2024;20;1.0;619;59;613;59;6;60
TE463;31.01.2024;21;1.0;439;64;434;64;5;62
TE463;31.01.2024;22;1.0;435;66;429;65;6;68
TE463;31.01.2024;23;1.0;361;68;355;68;6;68
TE476;01.01.2024;0;1.0;194;58;193;58;1;56
TE476;01.01.2024;1;1.0;306;58;304;58;2;61
TE476;01.01.2024;2;1.0;337;58;333;58;4;58
TE476;01.01.2024;3;1.0;259;59;257;59;2;54
TE476;01.01.2024;4;1.0;259;58;252;58;7;58
TE476;01.01.2024;5;1.0;186;60;185;60;1;55
TE476;01.01.2024;6;1.0;353;61;348;61;5;59
TE476;01.01.2024;7;1.0;321;61;317;61;4;58
TE476;01.01.2024;8;1.0;242;61;235;61;7;58
TE476;01.01.2024;9;1.0;99;61;98;61;1;58
TE476;01.01.2024;10;1.0;132;60;128;60;4;58
TE476;01.01.2024;11;1.0;209;61;207;61;2;59
TE476;01.01.2024;12;1.0;206;60;203;60;3;59
TE476;01.01.2024;13;1.0;240;60;238;60;2;58
TE476;01.01.2024;14;1.0;309;59;307;59;2;58
TE476;01.01.2024;15;1.0;297;57;294;57;3;56
TE476;01.01.2024;16;1.0;305;56;304;56;1;59
TE476;01.01.2024;17;1.0;292;57;290;57;2;58
TE476;01.01.2024;18;1.0;277;57;274;57;3;56
TE476;01.01.2024;19;1.0;254;60;254;60;0;-1
TE476;01.01.2024;20;1.0;216;58;216;58;0;-1
TE476;01.01.2024;21;1.0;232;60;229;60;3;57
TE476;01.01.2024;22;1.0;178;58;177;58;1;62
TE476;01.01.2024;23;1.0;134;56;132;56;2;54
TE476;02.01.2024;0;1.0;97;60;94;60;3;54
TE476;02.01.2024;1;1.0;97;57;95;56;2;58
TE476;02.01.2024;2;1.0;90;59;88;59;2;70
TE476;02.01.2024;3;1.0;68;55;67;55;1;54
TE476;02.01.2024;4;1.0;119;63;112;63;7;58
TE476;02.01.2024;5;1.0;259;59;250;59;9;58
TE476;02.01.2024;6;1.0;311;59;303;59;8;59
TE476;02.01.2024;7;1.0;306;59;303;59;3;56
TE476;02.01.2024;8;1.0;309;59;305;59;4;57
TE476;02.01.2024;9;1.0;334;61;325;61;9;55
TE476;02.01.2024;10;1.0;391;63;384;63;7;63
TE476;02.01.2024;11;1.0;385;60;381;60;4;58
TE476;02.01.2024;12;1.0;348;62;347;62;1;62
TE476;02.01.2024;13;1.0;425;56;423;56;2;68
TE476;02.01.2024;14;1.0;401;62;399;62;2;62
TE476;02.01.2024;15;1.0;398;61;398;61;0;-1
TE476;02.01.2024;16;1.0;360;58;357;58;3;62
TE476;02.01.2024;17;1.0;372;57;369;57;3;59
TE476;02.01.2024;18;1.0;317;59;315;59;2;60
TE476;02.01.2024;19;1.0;330;58;328;58;2;58
TE476;02.01.2024;20;1.0;290;57;288;57;2;56
TE476;02.01.2024;21;1.0;235;51;235;51;0;-1
TE476;02.01.2024;22;1.0;240;55;235;56;5;52
TE476;02.01.2024;23;1.0;132;57;130;57;2;59
TE476;03.01.2024;0;1.0;125;57;123;57;2;55
TE476;03.01.2024;1;1.0;72;58;70;58;2;54
TE476;03.01.2024;2;1.0;66;56;64;55;2;57
TE476;03.01.2024;3;1.0;82;56;77;56;5;61
TE476;03.01.2024;4;1.0;103;59;96;59;7;57
TE476;03.01.2024;5;1.0;256;56;244;55;12;57
TE476;03.01.2024;6;1.0;353;56;326;56;27;56
TE476;03.01.2024;7;1.0;403;55;381;55;22;55
TE476;03.01.2024;8;1.0;412;56;403;56;9;54
TE476;03.01.2024;9;1.0;427;55;395;55;32;54
TE476;03.01.2024;10;1.0;410;55;380;55;30;55
TE476;03.01.2024;11;1.0;446;55;421;55;25;55
TE476;03.01.2024;12;1.0;432;56;419;56;13;57
TE476;03.01.2024;13;1.0;453;57;436;57;17;58
TE476;03.01.2024;14;1.0;508;55;490;55;18;56
TE476;03.01.2024;15;1.0;455;55;449;55;6;53
TE476;03.01.2024;16;1.0;369;54;364;54;5;54
TE476;03.01.2024;17;1.0;376;54;374;54;2;52
TE476;03.01.2024;18;1.0;392;54;389;54;3;55
TE476;03.01.2024;19;1.0;339;53;332;53;7;52
TE476;03.01.2024;20;1.0;314;53;311;53;3;54
TE476;03.01.2024;21;1.0;267;56;264;56;3;56
TE476;03.01.2024;22;1.0;217;57;208;57;9;56
TE476;03.01.2024;23;1.0;189;58;185;58;4;58
TE476;04.01.2024;0;1.0;144;57;137;57;7;59
TE476;04.01.2024;1;1.0;105;59;103;58;2;61
TE476;04.01.2024;2;1.0;66;59;65;59;1;61
TE476;04.01.2024;3;1.0;69;59;69;59;0;-1
TE476;04.01.2024;4;1.0;111;64;108;64;3;67
TE476;04.01.2024;5;1.0;237;60;226;60;11;59
TE476;04.01.2024;6;1.0;348;61;339;61;9;59
TE476;04.01.2024;7;1.0;378;61;372;61;6;59
TE476;04.01.2024;8;1.0;374;58;364;58;10;56
TE476;04.01.2024;9;1.0;429;57;412;57;17;58
TE476;04.01.2024;10;1.0;451;57;422;57;29;56
TE476;04.01.2024;11;1.0;488;56;458;56;30;56
TE476;04.01.2024;12;1.0;491;57;480;57;11;58
TE476;04.01.2024;13;1.0;472;56;461;56;11;58
TE476;04.01.2024;14;1.0;458;57;451;57;7;58
TE476;04.01.2024;15;1.0;418;56;405;56;13;57
TE476;04.01.2024;16;1.0;414;56;412;56;2;54
TE476;04.01.2024;17;1.0;403;55;401;55;2;56
TE476;04.01.2024;18;1.0;429;55;427;55;2;53
TE476;04.01.2024;19;1.0;385;55;383;55;2;52
TE476;04.01.2024;20;1.0;307;58;303;58;4;57
TE476;04.01.2024;21;1.0;274;59;272;59;2;55
TE476;04.01.2024;22;1.0;294;58;293;58;1;57
TE476;04.01.2024;23;1.0;195;60;190;60;5;62
TE476;05.01.2024;0;1.0;148;61;146;61;2;62
TE476;05.01.2024;1;1.0;97;59;97;59;0;-1
TE476;05.01.2024;2;1.0;92;65;90;65;2;62
TE476;05.01.2024;3;1.0;77;59;76;59;1;68
TE476;05.01.2024;4;1.0;101;66;95;65;6;67
TE476;05.01.2024;5;1.0;267;63;245;63;22;60
TE476;05.01.2024;6;1.0;318;61;305;61;13;61
TE476;05.01.2024;7;1.0;357;59;344;59;13;56
TE476;05.01.2024;8;1.0;334;64;327;64;7;65
TE476;05.01.2024;9;1.0;387;64;386;64;1;64
TE476;05.01.2024;10;1.0;390;62;386;62;4;61
TE476;05.01.2024;11;1.0;426;61;417;61;9;60
TE476;05.01.2024;12;1.0;402;60;396;60;6;62
TE476;05.01.2024;13;1.0;452;59;443;59;9;58
TE476;05.01.2024;14;1.0;516;58;507;58;9;58
TE476;05.01.2024;15;1.0;411;59;408;59;3;62
TE476;05.01.2024;16;1.0;410;56;405;56;5;57
TE476;05.01.2024;17;1.0;383;56;381;56;2;57
TE476;05.01.2024;18;1.0;389;58;385;58;4;60
TE476;05.01.2024;19;1.0;391;58;389;58;2;55
TE476;05.01.2024;20;1.0;317;60;316;60;1;63
TE476;05.01.2024;21;1.0;363;60;360;60;3;58
TE476;05.01.2024;22;1.0;283;61;283;61;0;-1
TE476;05.01.2024;23;1.0;245;62;243;62;2;60
TE476;06.01.2024;0;1.0;210;63;209;63;1;66
TE476;06.01.2024;1;1.0;156;66;153;66;3;62
TE476;06.01.2024;2;1.0;142;66;141;66;1;54
TE476;06.01.2024;3;1.0;113;64;111;64;2;59
TE476;06.01.2024;4;1.0;113;68;112;68;1;62
TE476;06.01.2024;5;1.0;133;66;131;66;2;66
TE476;06.01.2024;6;1.0;138;62;132;62;6;64
TE476;06.01.2024;7;1.0;205;62;202;62;3;63
TE476;06.01.2024;8;1.0;156;60;153;60;3;59
TE476;06.01.2024;9;1.0;255;59;243;59;12;61
TE476;06.01.2024;10;1.0;311;58;299;58;12;59
TE476;06.01.2024;11;1.0;358;58;348;58;10;59
TE476;06.01.2024;12;1.0;428;58;419;58;9;58
TE476;06.01.2024;13;1.0;518;56;517;56;1;58
TE476;06.01.2024;14;1.0;561;57;558;57;3;56
TE476;06.01.2024;15;1.0;479;58;474;58;5;58
TE476;06.01.2024;16;1.0;452;56;451;56;1;58
TE476;06.01.2024;17;1.0;384;58;383;58;1;58
TE476;06.01.2024;18;1.0;473;56;469;56;4;56
TE476;06.01.2024;19;1.0;450;57;449;57;1;58
TE476;06.01.2024;20;1.0;340;60;338;60;2;58
TE476;06.01.2024;21;1.0;354;59;349;59;5;56
TE476;06.01.2024;22;1.0;310;60;307;60;3;58
TE476;06.01.2024;23;1.0;297;61;296;61;1;62
TE476;07.01.2024;0;1.0;244;60;241;60;3;59
TE476;07.01.2024;1;1.0;217;61;216;61;1;62
TE476;07.01.2024;2;1.0;161;63;161;63;0;-1
TE476;07.01.2024;3;1.0;133;61;133;61;0;-1
TE476;07.01.2024;4;1.0;80;61;80;61;0;-1
TE476;07.01.2024;5;1.0;115;61;115;61;0;-1
TE476;07.01.2024;6;1.0;107;57;105;57;2;60
TE476;07.01.2024;7;1.0;98;63;98;63;0;-1
TE476;07.01.2024;8;1.0;117;62;117;62;0;-1
TE476;07.01.2024;9;1.0;155;63;152;63;3;59
TE476;07.01.2024;10;1.0;216;61;216;61;0;-1
TE476;07.01.2024;11;1.0;328;59;322;59;6;58
TE476;07.01.2024;12;1.0;334;59;328;59;6;57
TE476;07.01.2024;13;1.0;384;60;382;60;2;62
TE476;07.01.2024;14;1.0;394;59;392;59;2;56
TE476;07.01.2024;15;1.0;394;62;391;62;3;64
TE476;07.01.2024;16;1.0;407;59;406;59;1;60
TE476;07.01.2024;17;1.0;394;58;393;58;1;60
TE476;07.01.2024;18;1.0;343;61;343;61;0;-1
TE476;07.01.2024;19;1.0;341;60;341;60;0;-1
TE476;07.01.2024;20;1.0;279;59;276;58;3;63
TE476;07.01.2024;21;1.0;210;56;208;56;2;54
TE476;07.01.2024;22;1.0;243;57;243;57;0;-1
TE476;07.01.2024;23;1.0;190;57;188;57;2;60
TE476;08.01.2024;0;1.0;120;58;118;58;2;57
TE476;08.01.2024;1;1.0;92;58;88;58;4;53
TE476;08.01.2024;2;1.0;62;56;60;56;2;54
TE476;08.01.2024;3;1.0;85;60;81;60;4;58
TE476;08.01.2024;4;1.0;99;65;94;66;5;56
TE476;08.01.2024;5;1.0;290;60;282;60;8;58
TE476;08.01.2024;6;1.0;392;58;372;58;20;57
TE476;08.01.2024;7;1.0;403;56;390;56;13;55
TE476;08.01.2024;8;1.0;509;56;496;56;13;56
TE476;08.01.2024;9;1.0;406;56;399;56;7;56
TE476;08.01.2024;10;1.0;440;55;425;55;15;54
TE476;08.01.2024;11;1.0;420;54;405;54;15;54
TE476;08.01.2024;12;1.0;353;50;333;49;20;52
TE476;08.01.2024;13;1.0;433;53;425;53;8;52
TE476;08.01.2024;14;1.0;371;55;359;55;12;55
TE476;08.01.2024;15;1.0;381;54;373;54;8;56
TE476;08.01.2024;16;1.0;378;53;373;53;5;54
TE476;08.01.2024;17;1.0;362;54;355;54;7;54
TE476;08.01.2024;18;1.0;339;52;336;52;3;55
TE476;08.01.2024;19;1.0;291;52;288;52;3;53
TE476;08.01.2024;20;1.0;284;54;279;54;5;57
TE476;08.01.2024;21;1.0;239;55;238;55;1;56
TE476;08.01.2024;22;1.0;216;56;212;56;4;57
TE476;08.01.2024;23;1.0;152;59;149;59;3;55
TE476;09.01.2024;0;1.0;117;57;113;57;4;58
TE476;09.01.2024;1;1.0;90;58;89;58;1;65
TE476;09.01.2024;2;1.0;66;58;66;58;0;-1
TE476;09.01.2024;3;1.0;83;56;82;57;1;53
TE476;09.01.2024;4;1.0;97;62;93;62;4;60
TE476;09.01.2024;5;1.0;280;59;271;59;9;55
TE476;09.01.2024;6;1.0;390;58;385;58;5;58
TE476;09.01.2024;7;1.0;469;56;458;56;11;55
TE476;09.01.2024;8;1.0;545;54;537;54;8;53
TE476;09.01.2024;9;1.0;473;55;465;55;8;55
TE476;09.01.2024;10;1.0;450;56;442;56;8;55
TE476;09.01.2024;11;1.0;465;56;449;56;16;56
TE476;09.01.2024;12;1.0;457;55;445;55;12;56
TE476;09.01.2024;13;1.0;448;55;432;55;16;55
TE476;09.01.2024;14;1.0;435;54;425;54;10;54
TE476;09.01.2024;15;1.0;451;53;442;53;9;55
TE476;09.01.2024;16;1.0;415;52;411;52;4;50
TE476;09.01.2024;17;1.0;376;52;369;52;7;51
TE476;09.01.2024;18;1.0;384;48;382;48;2;50
TE476;09.01.2024;19;1.0;366;53;361;53;5;55
TE476;09.01.2024;20;1.0;267;57;265;57;2;54
TE476;09.01.2024;21;1.0;254;58;253;58;1;61
TE476;09.01.2024;22;1.0;243;56;243;56;0;-1
TE476;09.01.2024;23;1.0;163;59;157;58;6;60
TE476;10.01.2024;0;1.0;107;58;107;58;0;-1
TE476;10.01.2024;1;1.0;71;56;71;56;0;-1
TE476;10.01.2024;2;1.0;62;61;62;61;0;-1
TE476;10.01.2024;3;1.0;77;59;74;59;3;59
TE476;10.01.2024;4;1.0;117;61;116;61;1;62
TE476;10.01.2024;5;1.0;292;59;286;59;6;59
TE476;10.01.2024;6;1.0;422;60;409;60;13;60
TE476;10.01.2024;7;1.0;490;56;479;56;11;56
TE476;10.01.2024;8;1.0;524;54;517;54;7;51
TE476;10.01.2024;9;1.0;537;57;523;57;14;55
TE476;10.01.2024;10;1.0;464;56;452;56;12;57
TE476;10.01.2024;11;1.0;431;56;419;56;12;57
TE476;10.01.2024;12;1.0;451;54;439;54;12;52
TE476;10.01.2024;13;1.0;460;55;446;55;14;56
TE476;10.01.2024;14;1.0;436;55;425;55;11;56
TE476;10.01.2024;15;1.0;447;53;440;53;7;53
TE476;10.01.2024;16;1.0;406;53;402;53;4;51
TE476;10.01.2024;17;1.0;418;52;412;52;6;53
TE476;10.01.2024;18;1.0;364;52;363;52;1;49
TE476;10.01.2024;19;1.0;341;53;334;53;7;54
TE476;10.01.2024;20;1.0;293;55;292;54;1;55
TE476;10.01.2024;21;1.0;288;55;284;55;4;57
TE476;10.01.2024;22;1.0;266;55;263;55;3;58
TE476;10.01.2024;23;1.0;171;55;170;55;1;55
TE476;11.01.2024;0;1.0;131;57;128;57;3;60
TE476;11.01.2024;1;1.0;89;59;88;59;1;56
TE476;11.01.2024;2;1.0;75;62;73;62;2;59
TE476;11.01.2024;3;1.0;69;62;68;62;1;59
TE476;11.01.2024;4;1.0;109;65;107;65;2;62
TE476;11.01.2024;5;1.0;272;64;266;64;6;63
TE476;11.01.2024;6;1.0;374;65;372;65;2;68
TE476;11.01.2024;7;1.0;511;59;508;59;3;60
TE476;11.01.2024;8;1.0;495;48;479;48;16;45
TE476;11.01.2024;9;1.0;472;58;464;58;8;30
TE476;11.01.2024;10;1.0;463;61;454;61;9;60
TE476;11.01.2024;11;1.0;470;61;461;61;9;63
TE476;11.01.2024;12;1.0;408;60;404;60;4;62
TE476;11.01.2024;13;1.0;466;60;463;60;3;60
TE476;11.01.2024;14;1.0;431;59;426;59;5;59
TE476;11.01.2024;15;1.0;457;60;456;60;1;62
TE476;11.01.2024;16;1.0;407;59;406;59;1;59
TE476;11.01.2024;17;1.0;432;56;428;56;4;56
TE476;11.01.2024;18;1.0;412;56;412;56;0;-1
TE476;11.01.2024;19;1.0;361;55;361;55;0;-1
TE476;11.01.2024;20;1.0;326;58;319;58;7;56
TE476;11.01.2024;21;1.0;315;58;311;58;4;58
TE476;11.01.2024;22;1.0;262;59;259;59;3;55
TE476;11.01.2024;23;1.0;212;59;211;59;1;60
TE476;12.01.2024;0;1.0;154;62;150;62;4;58
TE476;12.01.2024;1;1.0;105;67;104;67;1;57
TE476;12.01.2024;2;1.0;75;63;72;64;3;49
TE476;12.01.2024;3;1.0;86;60;82;60;4;51
TE476;12.01.2024;4;1.0;105;66;104;66;1;69
TE476;12.01.2024;5;1.0;256;63;253;63;3;52
TE476;12.01.2024;6;1.0;370;62;366;62;4;58
TE476;12.01.2024;7;1.0;433;60;427;59;6;62
TE476;12.01.2024;8;1.0;475;59;472;59;3;59
TE476;12.01.2024;9;1.0;462;59;456;59;6;58
TE476;12.01.2024;10;1.0;387;61;378;61;9;60
TE476;12.01.2024;11;1.0;374;61;371;61;3;60
TE476;12.01.2024;12;1.0;410;60;407;60;3;60
TE476;12.01.2024;13;1.0;438;62;432;62;6;64
TE476;12.01.2024;14;1.0;471;59;468;59;3;63
TE476;12.01.2024;15;1.0;417;60;413;60;4;59
TE476;12.01.2024;16;1.0;387;60;384;60;3;57
TE476;12.01.2024;17;1.0;411;57;410;57;1;55
TE476;12.01.2024;18;1.0;357;57;354;57;3;56
TE476;12.01.2024;19;1.0;410;56;408;56;2;56
TE476;12.01.2024;20;1.0;400;58;394;58;6;59
TE476;12.01.2024;21;1.0;314;58;309;58;5;58
TE476;12.01.2024;22;1.0;309;57;306;57;3;57
TE476;12.01.2024;23;1.0;264;58;262;58;2;61
TE476;13.01.2024;0;1.0;216;57;214;57;2;60
TE476;13.01.2024;1;1.0;184;57;184;57;0;-1
TE476;13.01.2024;2;1.0;151;61;149;61;2;56
TE476;13.01.2024;3;1.0;145;63;142;63;3;61
TE476;13.01.2024;4;1.0;144;61;138;61;6;52
TE476;13.01.2024;5;1.0;149;61;148;61;1;64
TE476;13.01.2024;6;1.0;139;61;129;61;10;59
TE476;13.01.2024;7;1.0;192;59;190;59;2;62
TE476;13.01.2024;8;1.0;203;61;197;61;6;62
TE476;13.01.2024;9;1.0;286;65;282;65;4;66
TE476;13.01.2024;10;1.0;330;63;321;63;9;64
TE476;13.01.2024;11;1.0;392;62;389;62;3;61
TE476;13.01.2024;12;1.0;410;59;409;59;1;59
TE476;13.01.2024;13;1.0;429;59;429;59;0;-1
TE476;13.01.2024;14;1.0;435;61;434;61;1;69
TE476;13.01.2024;15;1.0;460;59;459;59;1;61
TE476;13.01.2024;16;1.0;491;58;490;58;1;69
TE476;13.01.2024;17;1.0;436;57;436;57;0;-1
TE476;13.01.2024;18;1.0;411;57;409;57;2;59
TE476;13.01.2024;19;1.0;370;58;367;58;3;59
TE476;13.01.2024;20;1.0;368;58;366;58;2;59
TE476;13.01.2024;21;1.0;272;59;272;59;0;-1
TE476;13.01.2024;22;1.0;359;57;356;57;3;59
TE476;13.01.2024;23;1.0;268;58;265;58;3;56
TE476;14.01.2024;0;1.0;290;60;288;60;2;60
TE476;14.01.2024;1;1.0;242;61;241;61;1;61
TE476;14.01.2024;2;1.0;175;62;175;62;0;-1
TE476;14.01.2024;3;1.0;147;63;146;63;1;63
TE476;14.01.2024;4;1.0;116;60;113;60;3;56
TE476;14.01.2024;5;1.0;108;60;107;60;1;54
TE476;14.01.2024;6;1.0;109;61;109;61;0;-1
TE476;14.01.2024;7;1.0;82;58;80;57;2;66
TE476;14.01.2024;8;1.0;120;62;118;62;2;61
TE476;14.01.2024;9;1.0;190;61;189;61;1;58
TE476;14.01.2024;10;1.0;258;63;258;63;0;-1
TE476;14.01.2024;11;1.0;329;63;326;63;3;62
TE476;14.01.2024;12;1.0;384;60;382;60;2;64
TE476;14.01.2024;13;1.0;429;58;429;58;0;-1
TE476;14.01.2024;14;1.0;442;57;436;57;6;58
TE476;14.01.2024;15;1.0;431;54;428;54;3;51
TE476;14.01.2024;16;1.0;396;56;391;56;5;56
TE476;14.01.2024;17;1.0;388;58;388;58;0;-1
TE476;14.01.2024;18;1.0;361;58;358;58;3;56
TE476;14.01.2024;19;1.0;352;59;352;59;0;-1
TE476;14.01.2024;20;1.0;306;58;305;58;1;54
TE476;14.01.2024;21;1.0;253;60;252;60;1;62
TE476;14.01.2024;22;1.0;262;62;260;62;2;62
TE476;14.01.2024;23;1.0;194;62;193;62;1;63
TE476;15.01.2024;0;1.0;105;61;104;61;1;63
TE476;15.01.2024;1;1.0;67;65;66;65;1;63
TE476;15.01.2024;2;1.0;56;64;55;64;1;57
TE476;15.01.2024;3;1.0;90;58;85;58;5;60
TE476;15.01.2024;4;1.0;119;63;114;63;5;61
TE476;15.01.2024;5;1.0;306;61;296;61;10;61
TE476;15.01.2024;6;1.0;391;59;379;59;12;58
TE476;15.01.2024;7;1.0;478;57;463;57;15;57
TE476;15.01.2024;8;1.0;520;51;510;51;10;51
TE476;15.01.2024;9;1.0;216;56;208;56;8;51
TE476;15.01.2024;10;1.0;217;41;211;41;6;46
TE476;15.01.2024;11;1.0;374;57;361;57;13;50
TE476;15.01.2024;12;1.0;374;61;357;61;17;61
TE476;15.01.2024;13;1.0;394;58;388;58;6;55
TE476;15.01.2024;14;1.0;377;62;371;62;6;64
TE476;15.01.2024;15;1.0;343;61;337;61;6;58
TE476;15.01.2024;16;1.0;317;59;313;59;4;60
TE476;15.01.2024;17;1.0;361;57;358;57;3;59
TE476;15.01.2024;18;1.0;343;56;337;56;6;53
TE476;15.01.2024;19;1.0;306;58;303;58;3;59
TE476;15.01.2024;20;1.0;270;61;267;61;3;61
TE476;15.01.2024;21;1.0;228;59;225;59;3;63
TE476;15.01.2024;22;1.0;264;61;261;61;3;57
TE476;15.01.2024;23;1.0;177;62;175;62;2;58
TE476;16.01.2024;0;1.0;125;62;125;62;0;-1
TE476;16.01.2024;1;1.0;83;61;80;60;3;64
TE476;16.01.2024;2;1.0;52;47;51;48;1;27
TE476;16.01.2024;3;1.0;58;46;55;47;3;45
TE476;16.01.2024;4;1.0;95;51;88;52;7;43
TE476;16.01.2024;5;1.0;267;54;266;54;1;55
TE476;16.01.2024;6;1.0;419;53;414;53;5;54
TE476;16.01.2024;7;1.0;487;52;484;52;3;49
TE476;16.01.2024;8;1.0;447;40;442;40;5;34
TE476;16.01.2024;9;1.0;530;51;522;51;8;52
TE476;16.01.2024;10;1.0;480;61;474;61;6;62
TE476;16.01.2024;11;1.0;420;60;411;60;9;60
TE476;16.01.2024;12;1.0;438;59;426;59;12;59
TE476;16.01.2024;13;1.0;406;58;401;59;5;55
TE476;16.01.2024;14;1.0;452;60;443;60;9;58
TE476;16.01.2024;15;1.0;367;59;365;59;2;62
TE476;16.01.2024;16;1.0;377;57;375;57;2;56
TE476;16.01.2024;17;1.0;353;55;352;55;1;54
TE476;16.01.2024;18;1.0;341;57;338;57;3;54
TE476;16.01.2024;19;1.0;338;56;333;56;5;55
TE476;16.01.2024;20;1.0;304;58;304;58;0;-1
TE476;16.01.2024;21;1.0;240;60;239;60;1;69
TE476;16.01.2024;22;1.0;256;60;249;60;7;60
TE476;16.01.2024;23;1.0;198;60;194;60;4;59
TE476;17.01.2024;0;1.0;130;60;128;60;2;67
TE476;17.01.2024;1;1.0;105;57;104;57;1;58
TE476;17.01.2024;2;1.0;65;56;64;56;1;58
TE476;17.01.2024;3;1.0;79;56;78;56;1;54
TE476;17.01.2024;4;1.0;105;63;102;62;3;63
TE476;17.01.2024;5;1.0;290;58;284;58;6;59
TE476;17.01.2024;6;1.0;394;59;384;58;10;60
TE476;17.01.2024;7;1.0;522;56;518;56;4;56
TE476;17.01.2024;8;1.0;539;52;530;52;9;52
TE476;17.01.2024;9;1.0;548;57;540;57;8;56
TE476;17.01.2024;10;1.0;516;59;494;59;22;58
TE476;17.01.2024;11;1.0;414;57;398;57;16;58
TE476;17.01.2024;12;1.0;462;58;451;58;11;57
TE476;17.01.2024;13;1.0;444;59;429;58;15;59
TE476;17.01.2024;14;1.0;464;59;460;59;4;60
TE476;17.01.2024;15;1.0;437;59;428;59;9;58
TE476;17.01.2024;16;1.0;428;58;424;58;4;55
TE476;17.01.2024;17;1.0;376;57;372;57;4;59
TE476;17.01.2024;18;1.0;356;57;355;57;1;57
TE476;17.01.2024;19;1.0;364;56;359;56;5;60
TE476;17.01.2024;21;1.0;300;61;298;61;2;62
TE476;17.01.2024;22;1.0;274;60;270;60;4;59
TE476;17.01.2024;23;1.0;187;63;185;63;2;60
TE476;18.01.2024;0;1.0;146;64;141;64;5;64
TE476;18.01.2024;1;1.0;95;65;93;65;2;64
TE476;18.01.2024;2;1.0;84;65;84;65;0;-1
TE476;18.01.2024;3;1.0;66;62;65;62;1;63
TE476;18.01.2024;4;1.0;112;66;112;66;0;-1
TE476;18.01.2024;5;1.0;283;64;282;64;1;63
TE476;18.01.2024;6;1.0;377;62;374;62;3;64
TE476;18.01.2024;7;1.0;488;58;482;58;6;60
TE476;18.01.2024;8;1.0;527;59;519;59;8;58
TE476;18.01.2024;9;1.0;540;60;532;60;8;59
TE476;18.01.2024;10;1.0;425;59;415;59;10;58
TE476;18.01.2024;11;1.0;496;59;485;59;11;60
TE476;18.01.2024;12;1.0;443;60;435;60;8;57
TE476;18.01.2024;13;1.0;443;56;437;56;6;55
TE476;18.01.2024;14;1.0;496;54;475;54;21;55
TE476;18.01.2024;15;1.0;476;52;465;52;11;54
TE476;18.01.2024;16;1.0;365;50;363;50;2;53
TE476;18.01.2024;17;1.0;391;53;384;53;7;53
TE476;18.01.2024;18;1.0;382;53;377;53;5;53
TE476;18.01.2024;19;1.0;331;51;323;51;8;53
TE476;18.01.2024;20;1.0;322;53;318;53;4;56
TE476;18.01.2024;21;1.0;342;54;341;54;1;51
TE476;18.01.2024;22;1.0;300;54;296;54;4;55
TE476;18.01.2024;23;1.0;184;56;181;56;3;59
TE476;19.01.2024;0;1.0;155;55;152;55;3;58
TE476;19.01.2024;1;1.0;126;57;126;57;0;-1
TE476;19.01.2024;2;1.0;84;58;82;58;2;56
TE476;19.01.2024;3;1.0;80;59;79;59;1;59
TE476;19.01.2024;4;1.0;110;61;107;61;3;55
TE476;19.01.2024;5;1.0;279;56;271;56;8;56
TE476;19.01.2024;6;1.0;376;55;361;54;15;54
TE476;19.01.2024;7;1.0;494;52;475;52;19;52
TE476;19.01.2024;8;1.0;463;53;437;53;26;54
TE476;19.01.2024;9;1.0;462;55;448;55;14;55
TE476;19.01.2024;10;1.0;421;53;402;53;19;53
TE476;19.01.2024;11;1.0;481;54;455;54;26;54
TE476;19.01.2024;12;1.0;473;55;457;55;16;54
TE476;19.01.2024;13;1.0;457;54;439;54;18;53
TE476;19.01.2024;14;1.0;316;53;312;53;4;53
TE476;19.01.2024;15;1.0;419;54;408;54;11;54
TE476;19.01.2024;16;1.0;363;56;355;56;8;52
TE476;19.01.2024;17;1.0;408;55;403;55;5;51
TE476;19.01.2024;18;1.0;358;54;352;54;6;54
TE476;19.01.2024;19;1.0;359;51;354;51;5;53
TE476;19.01.2024;20;1.0;337;53;331;53;6;52
TE476;19.01.2024;21;1.0;344;53;339;53;5;52
TE476;19.01.2024;22;1.0;342;54;339;54;3;55
TE476;19.01.2024;23;1.0;287;54;283;54;4;54
TE476;20.01.2024;0;1.0;228;55;226;55;2;54
TE476;20.01.2024;1;1.0;190;57;188;57;2;61
TE476;20.01.2024;2;1.0;139;58;138;58;1;54
TE476;20.01.2024;3;1.0;122;58;121;59;1;54
TE476;20.01.2024;4;1.0;136;61;131;61;5;59
TE476;20.01.2024;5;1.0;143;60;140;60;3;59
TE476;20.01.2024;6;1.0;150;59;136;59;14;57
TE476;20.01.2024;7;1.0;196;56;182;56;14;54
TE476;20.01.2024;8;1.0;210;58;201;58;9;58
TE476;20.01.2024;9;1.0;301;58;297;58;4;56
TE476;20.01.2024;10;1.0;422;58;412;58;10;57
TE476;20.01.2024;11;1.0;435;57;423;57;12;58
TE476;20.01.2024;12;1.0;500;56;491;56;9;60
TE476;20.01.2024;13;1.0;550;52;538;52;12;52
TE476;20.01.2024;14;1.0;541;55;533;55;8;55
TE476;20.01.2024;15;1.0;518;56;510;56;8;57
TE476;20.01.2024;16;1.0;441;55;437;55;4;55
TE476;20.01.2024;17;1.0;503;52;493;52;10;52
TE476;20.01.2024;18;1.0;458;52;455;52;3;55
TE476;20.01.2024;19;1.0;453;53;445;53;8;52
TE476;20.01.2024;20;1.0;390;53;387;53;3;53
TE476;20.01.2024;21;1.0;344;56;337;56;7;55
TE476;20.01.2024;22;1.0;376;54;374;54;2;58
TE476;20.01.2024;23;1.0;323;56;322;56;1;67
TE476;21.01.2024;0;1.0;291;57;287;57;4;55
TE476;21.01.2024;1;1.0;258;57;256;57;2;56
TE476;21.01.2024;2;1.0;191;60;191;60;0;-1
TE476;21.01.2024;3;1.0;127;62;127;62;0;-1
TE476;21.01.2024;4;1.0;106;62;106;62;0;-1
TE476;21.01.2024;5;1.0;121;65;121;65;0;-1
TE476;21.01.2024;6;1.0;104;66;102;66;2;65
TE476;21.01.2024;7;1.0;109;64;107;64;2;60
TE476;21.01.2024;8;1.0;134;65;134;65;0;-1
TE476;21.01.2024;9;1.0;181;62;178;62;3;58
TE476;21.01.2024;10;1.0;271;60;270;60;1;57
TE476;21.01.2024;11;1.0;345;62;341;62;4;62
TE476;21.01.2024;12;1.0;388;56;383;56;5;55
TE476;21.01.2024;13;1.0;390;58;387;58;3;56
TE476;21.01.2024;14;1.0;392;55;387;55;5;57
TE476;21.01.2024;15;1.0;469;55;468;55;1;54
TE476;21.01.2024;16;1.0;427;55;427;55;0;-1
TE476;21.01.2024;17;1.0;407;54;407;54;0;-1
TE476;21.01.2024;18;1.0;394;55;387;55;7;56
TE476;21.01.2024;19;1.0;348;55;339;55;9;56
TE476;21.01.2024;20;1.0;329;55;323;55;6;55
TE476;21.01.2024;21;1.0;250;56;245;56;5;53
TE476;21.01.2024;22;1.0;218;56;211;56;7;54
TE476;21.01.2024;23;1.0;171;57;167;57;4;56
TE476;22.01.2024;0;1.0;97;57;95;57;2;62
TE476;22.01.2024;1;1.0;77;58;75;58;2;52
TE476;22.01.2024;2;1.0;65;57;63;57;2;50
TE476;22.01.2024;3;1.0;72;56;70;56;2;54
TE476;22.01.2024;4;1.0;113;59;102;59;11;62
TE476;22.01.2024;5;1.0;305;56;289;56;16;57
TE476;22.01.2024;6;1.0;424;56;398;56;26;56
TE476;22.01.2024;7;1.0;517;53;487;53;30;53
TE476;22.01.2024;8;1.0;512;54;488;54;24;54
TE476;22.01.2024;9;1.0;510;56;484;56;26;54
TE476;22.01.2024;10;1.0;533;56;491;56;42;57
TE476;22.01.2024;11;1.0;464;55;441;55;23;56
TE476;22.01.2024;12;1.0;444;56;426;56;18;56
TE476;22.01.2024;13;1.0;468;56;439;56;29;56
TE476;22.01.2024;14;1.0;470;56;456;56;14;56
TE476;22.01.2024;15;1.0;447;55;420;55;27;55
TE476;22.01.2024;16;1.0;434;54;425;54;9;55
TE476;22.01.2024;17;1.0;385;54;378;54;7;53
TE476;22.01.2024;18;1.0;367;53;363;53;4;56
TE476;22.01.2024;19;1.0;343;52;334;53;9;52
TE476;22.01.2024;20;1.0;303;53;297;53;6;56
TE476;22.01.2024;21;1.0;236;54;235;54;1;55
TE476;22.01.2024;22;1.0;239;55;232;55;7;58
TE476;22.01.2024;23;1.0;147;54;144;54;3;55
TE476;23.01.2024;0;1.0;101;58;96;58;5;56
TE476;23.01.2024;1;1.0;76;57;71;57;5;59
TE476;23.01.2024;2;1.0;53;62;51;62;2;64
TE476;23.01.2024;3;1.0;74;57;72;57;2;72
TE476;23.01.2024;4;1.0;126;61;112;61;14;60
TE476;23.01.2024;5;1.0;273;57;259;57;14;56
TE476;23.01.2024;6;1.0;454;55;434;55;20;53
TE476;23.01.2024;7;1.0;561;53;541;53;20;53
TE476;23.01.2024;8;1.0;515;52;487;52;28;52
TE476;23.01.2024;9;1.0;501;54;479;54;22;55
TE476;23.01.2024;10;1.0;527;56;495;56;32;57
TE476;23.01.2024;11;1.0;545;55;512;55;33;54
TE476;23.01.2024;12;1.0;490;55;458;55;32;55
TE476;23.01.2024;13;1.0;493;56;472;55;21;56
TE476;23.01.2024;14;1.0;469;55;454;55;15;54
TE476;23.01.2024;15;1.0;465;54;454;55;11;54
TE476;23.01.2024;16;1.0;418;54;413;54;5;57
TE476;23.01.2024;17;1.0;398;51;385;51;13;49
TE476;23.01.2024;18;1.0;356;52;349;52;7;53
TE476;23.01.2024;19;1.0;366;53;359;53;7;51
TE476;23.01.2024;20;1.0;316;54;313;54;3;53
TE476;23.01.2024;21;1.0;268;55;266;55;2;48
TE476;23.01.2024;22;1.0;222;56;217;56;5;53
TE476;23.01.2024;23;1.0;214;58;214;58;0;-1
TE476;24.01.2024;0;1.0;131;59;126;59;5;58
TE476;24.01.2024;1;1.0;83;58;81;58;2;58
TE476;24.01.2024;2;1.0;68;60;66;60;2;60
TE476;24.01.2024;3;1.0;76;62;75;62;1;67
TE476;24.01.2024;4;1.0;115;61;106;61;9;63
TE476;24.01.2024;5;1.0;291;59;276;59;15;59
TE476;24.01.2024;6;1.0;451;57;419;57;32;58
TE476;24.01.2024;7;1.0;516;52;495;52;21;48
TE476;24.01.2024;8;1.0;515;40;491;40;24;32
TE476;24.01.2024;9;1.0;570;49;536;49;34;47
TE476;24.01.2024;10;1.0;559;55;534;55;25;56
TE476;24.01.2024;11;1.0;490;55;461;55;29;55
TE476;24.01.2024;12;1.0;452;56;420;56;32;56
TE476;24.01.2024;13;1.0;492;55;461;55;31;55
TE476;24.01.2024;14;1.0;471;56;456;56;15;56
TE476;24.01.2024;15;1.0;469;55;449;55;20;56
TE476;24.01.2024;16;1.0;417;56;399;56;18;56
TE476;24.01.2024;17;1.0;428;55;417;54;11;55
TE476;24.01.2024;18;1.0;427;53;419;53;8;56
TE476;24.01.2024;19;1.0;344;55;338;55;6;55
TE476;24.01.2024;20;1.0;365;54;358;54;7;56
TE476;24.01.2024;21;1.0;302;56;297;55;5;58
TE476;24.01.2024;22;1.0;255;56;254;56;1;60
TE476;24.01.2024;23;1.0;191;57;186;57;5;59
TE476;25.01.2024;0;1.0;119;57;117;57;2;56
TE476;25.01.2024;1;1.0;93;59;92;59;1;47
TE476;25.01.2024;2;1.0;71;59;66;58;5;64
TE476;25.01.2024;3;1.0;88;60;86;59;2;70
TE476;25.01.2024;4;1.0;132;62;122;61;10;65
TE476;25.01.2024;5;1.0;294;58;279;58;15;58
TE476;25.01.2024;6;1.0;459;58;435;58;24;57
TE476;25.01.2024;7;1.0;563;53;523;53;40;51
TE476;25.01.2024;8;1.0;507;44;489;44;18;47
TE476;25.01.2024;9;1.0;466;46;435;46;31;46
TE476;25.01.2024;12;1.0;494;56;481;56;13;55
TE476;25.01.2024;13;1.0;497;56;479;56;18;57
TE476;25.01.2024;14;1.0;450;56;441;56;9;55
TE476;25.01.2024;15;1.0;461;55;452;55;9;54
TE476;25.01.2024;16;1.0;407;55;399;55;8;52
TE476;25.01.2024;17;1.0;424;54;417;54;7;54
TE476;25.01.2024;18;1.0;397;55;392;55;5;56
TE476;25.01.2024;19;1.0;383;55;374;55;9;58
TE476;25.01.2024;20;1.0;314;56;312;56;2;56
TE476;25.01.2024;21;1.0;310;59;307;59;3;58
TE476;25.01.2024;22;1.0;264;52;261;53;3;51
TE476;25.01.2024;23;1.0;214;55;209;55;5;49
TE476;26.01.2024;0;1.0;172;54;172;54;0;-1
TE476;26.01.2024;1;1.0;119;58;118;58;1;57
TE476;26.01.2024;2;1.0;77;57;75;57;2;50
TE476;26.01.2024;3;1.0;73;57;72;57;1;56
TE476;26.01.2024;4;1.0;141;60;138;61;3;57
TE476;26.01.2024;5;1.0;264;64;262;64;2;70
TE476;26.01.2024;6;1.0;427;63;419;63;8;62
TE476;26.01.2024;7;1.0;638;52;624;52;14;55
TE476;26.01.2024;8;1.0;626;47;611;47;15;49
TE476;26.01.2024;9;1.0;611;55;593;55;18;57
TE476;26.01.2024;10;1.0;487;59;475;59;12;59
TE476;26.01.2024;11;1.0;493;57;476;57;17;59
TE476;26.01.2024;12;1.0;509;52;485;52;23;46
TE476;26.01.2024;13;1.0;525;47;514;47;11;47
TE476;26.01.2024;14;1.0;528;55;523;55;5;56
TE476;26.01.2024;15;1.0;463;53;459;53;4;53
TE476;26.01.2024;16;1.0;392;53;388;53;4;55
TE476;26.01.2024;17;1.0;416;52;411;52;5;53
TE476;26.01.2024;18;1.0;377;52;373;52;4;55
TE476;26.01.2024;19;1.0;368;50;361;50;7;50
TE476;26.01.2024;20;1.0;376;54;372;54;4;52
TE476;26.01.2024;21;1.0;329;54;326;54;3;50
TE476;26.01.2024;22;1.0;314;53;308;54;6;56
TE476;26.01.2024;23;1.0;261;55;257;55;4;59
TE476;27.01.2024;0;1.0;273;57;271;57;2;56
TE476;27.01.2024;1;1.0;235;56;231;56;4;55
TE476;27.01.2024;2;1.0;176;58;174;58;2;57
TE476;27.01.2024;3;1.0;144;61;138;61;6;59
TE476;27.01.2024;4;1.0;129;59;129;59;0;-1
TE476;27.01.2024;5;1.0;140;59;135;59;5;59
TE476;27.01.2024;6;1.0;162;59;146;59;16;61
TE476;27.01.2024;7;1.0;191;57;182;56;9;56
TE476;27.01.2024;8;1.0;196;58;194;58;2;54
TE476;27.01.2024;9;1.0;329;57;325;57;4;60
TE476;27.01.2024;10;1.0;419;59;407;59;12;59
TE476;27.01.2024;11;1.0;400;59;393;59;7;61
TE476;27.01.2024;12;1.0;424;59;419;60;5;58
TE476;27.01.2024;13;1.0;495;56;488;56;7;52
TE476;27.01.2024;14;1.0;502;54;493;54;9;54
TE476;27.01.2024;15;1.0;503;53;497;53;6;55
TE476;27.01.2024;16;1.0;445;53;441;53;4;53
TE476;27.01.2024;17;1.0;485;53;478;53;7;54
TE476;27.01.2024;18;1.0;491;52;480;52;11;53
TE476;27.01.2024;19;1.0;436;54;432;54;4;57
TE476;27.01.2024;20;1.0;385;52;378;52;7;51
TE476;27.01.2024;21;1.0;355;54;352;54;3;51
TE476;27.01.2024;22;1.0;356;54;351;54;5;51
TE476;27.01.2024;23;1.0;327;53;324;53;3;53
TE476;28.01.2024;0;1.0;292;55;291;55;1;52
TE476;28.01.2024;1;1.0;259;57;258;57;1;57
TE476;28.01.2024;2;1.0;200;57;200;57;0;-1
TE476;28.01.2024;3;1.0;160;58;157;58;3;60
TE476;28.01.2024;4;1.0;127;56;126;56;1;55
TE476;28.01.2024;5;1.0;148;58;148;58;0;-1
TE476;28.01.2024;6;1.0;124;57;123;57;1;52
TE476;28.01.2024;7;1.0;107;56;104;55;3;60
TE476;28.01.2024;8;1.0;154;55;149;55;5;57
TE476;28.01.2024;9;1.0;202;56;198;56;4;54
TE476;28.01.2024;10;1.0;328;55;326;55;2;53
TE476;28.01.2024;11;1.0;398;55;394;55;4;58
TE476;28.01.2024;12;1.0;368;55;367;55;1;58
TE476;28.01.2024;13;1.0;447;55;439;55;8;57
TE476;28.01.2024;14;1.0;486;55;481;55;5;55
TE476;28.01.2024;15;1.0;488;53;486;53;2;52
TE476;28.01.2024;16;1.0;441;54;435;54;6;52
TE476;28.01.2024;17;1.0;435;54;432;54;3;53
TE476;28.01.2024;18;1.0;421;53;419;54;2;53
TE476;28.01.2024;19;1.0;363;53;357;53;6;53
TE476;28.01.2024;20;1.0;327;55;325;55;2;52
TE476;28.01.2024;21;1.0;296;54;295;54;1;53
TE476;28.01.2024;22;1.0;214;53;208;53;6;52
TE476;28.01.2024;23;1.0;209;56;205;56;4;56
TE476;29.01.2024;0;1.0;133;56;131;56;2;55
TE476;29.01.2024;1;1.0;85;55;83;55;2;54
TE476;29.01.2024;2;1.0;70;56;70;56;0;-1
TE476;29.01.2024;3;1.0;62;58;61;58;1;57
TE476;29.01.2024;4;1.0;128;61;122;61;6;62
TE476;29.01.2024;5;1.0;332;56;319;56;13;57
TE476;29.01.2024;6;1.0;541;53;523;53;18;54
TE476;29.01.2024;7;1.0;526;53;511;53;15;52
TE476;29.01.2024;8;1.0;514;51;489;51;25;54
TE476;29.01.2024;9;1.0;530;53;493;53;37;53
TE476;29.01.2024;10;1.0;413;55;379;55;34;55
TE476;29.01.2024;11;1.0;460;55;437;55;23;56
TE476;29.01.2024;12;1.0;469;55;448;55;21;56
TE476;29.01.2024;13;1.0;464;55;438;55;26;53
TE476;29.01.2024;14;1.0;457;56;431;56;26;55
TE476;29.01.2024;15;1.0;408;54;390;55;18;51
TE476;29.01.2024;16;1.0;383;53;370;53;13;51
TE476;29.01.2024;17;1.0;395;52;385;52;10;53
TE476;29.01.2024;18;1.0;375;53;371;53;4;53
TE476;29.01.2024;19;1.0;327;52;324;52;3;54
TE476;29.01.2024;20;1.0;293;54;288;54;5;55
TE476;29.01.2024;21;1.0;262;54;258;54;4;53
TE476;29.01.2024;22;1.0;257;54;251;54;6;53
TE476;29.01.2024;23;1.0;154;56;151;56;3;58
TE476;30.01.2024;0;1.0;102;55;99;56;3;48
TE476;30.01.2024;1;1.0;77;58;76;58;1;61
TE476;30.01.2024;2;1.0;49;55;47;55;2;53
TE476;30.01.2024;3;1.0;70;56;68;57;2;54
TE476;30.01.2024;4;1.0;126;59;114;58;12;63
TE476;30.01.2024;5;1.0;296;57;280;57;16;57
TE476;30.01.2024;6;1.0;438;56;415;56;23;56
TE476;30.01.2024;7;1.0;514;53;494;53;20;53
TE476;30.01.2024;8;1.0;554;52;541;52;13;51
TE476;30.01.2024;9;1.0;518;55;497;55;21;56
TE476;30.01.2024;10;1.0;519;55;493;55;26;54
TE476;30.01.2024;11;1.0;482;54;461;54;21;53
TE476;30.01.2024;12;1.0;537;53;515;53;22;54
TE476;30.01.2024;13;1.0;502;55;481;55;21;57
TE476;30.01.2024;14;1.0;491;54;468;54;23;52
TE476;30.01.2024;15;1.0;484;55;473;55;11;53
TE476;30.01.2024;16;1.0;449;54;440;54;9;55
TE476;30.01.2024;17;1.0;437;52;432;52;5;52
TE476;30.01.2024;18;1.0;442;52;432;52;10;51
TE476;30.01.2024;19;1.0;301;54;291;54;10;55
TE476;30.01.2024;20;1.0;323;56;319;56;4;58
TE476;30.01.2024;21;1.0;279;56;274;56;5;60
TE476;30.01.2024;22;1.0;275;56;269;56;6;55
TE476;30.01.2024;23;1.0;178;56;176;56;2;58
TE476;31.01.2024;0;1.0;126;57;121;57;5;59
TE476;31.01.2024;1;1.0;88;59;83;59;5;51
TE476;31.01.2024;2;1.0;70;60;67;60;3;54
TE476;31.01.2024;3;1.0;66;55;62;55;4;55
TE476;31.01.2024;4;1.0;114;62;106;62;8;60
TE476;31.01.2024;5;1.0;280;58;263;58;17;59
TE476;31.01.2024;6;1.0;433;59;417;59;16;57
TE476;31.01.2024;7;1.0;483;57;471;57;12;60
TE476;31.01.2024;8;1.0;498;54;482;54;16;54
TE476;31.01.2024;9;1.0;464;57;442;57;22;58
TE476;31.01.2024;10;1.0;473;58;459;58;14;58
TE476;31.01.2024;11;1.0;476;57;459;57;17;58
TE476;31.01.2024;12;1.0;495;57;484;57;11;58
TE476;31.01.2024;13;1.0;492;57;476;57;16;59
TE476;31.01.2024;14;1.0;448;58;433;58;15;56
TE476;31.01.2024;15;1.0;487;58;484;58;3;56
TE476;31.01.2024;16;1.0;456;61;451;60;5;65
TE476;31.01.2024;17;1.0;419;60;414;60;5;62
TE476;31.01.2024;18;1.0;381;60;376;60;5;61
TE476;31.01.2024;19;1.0;370;59;366;59;4;60
TE476;31.01.2024;20;1.0;329;60;326;60;3;60
TE476;31.01.2024;21;1.0;316;58;313;58;3;57
TE476;31.01.2024;22;1.0;302;57;301;57;1;60
TE476;31.01.2024;23;1.0;219;59;215;59;4;56
TE478;01.01.2024;0;1.0;548;61;526;61;22;58
TE478;01.01.2024;1;1.0;874;58;861;58;13;58
TE478;01.01.2024;2;1.0;896;58;880;58;16;57
TE478;01.01.2024;3;1.0;757;61;742;61;15;57
TE478;01.01.2024;4;1.0;643;62;628;62;15;57
TE478;01.01.2024;5;1.0;564;63;549;63;15;58
TE478;01.01.2024;6;1.0;771;59;751;59;20;58
TE478;01.01.2024;7;1.0;561;62;550;62;11;59
TE478;01.01.2024;8;1.0;467;62;455;62;12;60
TE478;01.01.2024;9;1.0;275;62;259;62;16;56
TE478;01.01.2024;10;1.0;359;62;344;62;15;54
TE478;01.01.2024;11;1.0;480;59;462;60;18;53
TE478;01.01.2024;12;1.0;632;57;612;58;20;47
TE478;01.01.2024;13;1.0;740;56;722;57;18;48
TE478;01.01.2024;14;1.0;820;54;802;55;18;46
TE478;01.01.2024;15;1.0;849;53;833;53;16;46
TE478;01.01.2024;16;1.0;909;53;895;54;14;44
TE478;01.01.2024;17;1.0;883;52;863;52;20;52
TE478;01.01.2024;18;1.0;933;55;915;55;18;47
TE478;01.01.2024;19;1.0;845;55;833;55;12;47
TE478;01.01.2024;20;1.0;690;59;676;59;14;52
TE478;01.01.2024;21;1.0;693;59;681;60;12;46
TE478;01.01.2024;22;1.0;502;59;486;59;16;49
TE478;01.01.2024;23;1.0;444;58;431;59;13;48
TE478;02.01.2024;0;1.0;324;64;317;64;7;49
TE478;02.01.2024;1;1.0;252;66;244;66;8;51
TE478;02.01.2024;2;1.0;207;53;193;54;12;52
TE478;02.01.2024;3;1.0;149;66;137;66;12;64
TE478;02.01.2024;4;1.0;185;63;172;63;13;58
TE478;02.01.2024;5;1.0;291;62;273;62;18;60
TE478;02.01.2024;6;1.0;486;60;463;60;23;54
TE478;02.01.2024;7;1.0;652;58;620;58;32;57
TE478;02.01.2024;8;1.0;875;57;845;57;30;57
TE478;02.01.2024;9;1.0;850;57;818;58;32;52
TE478;02.01.2024;10;1.0;962;55;934;55;28;53
TE478;02.01.2024;11;1.0;976;54;930;54;46;53
TE478;02.01.2024;12;1.0;954;55;927;56;27;53
TE478;02.01.2024;13;1.0;1090;52;1059;52;31;49
TE478;02.01.2024;14;1.0;1043;53;1014;53;29;47
TE478;02.01.2024;15;1.0;1169;51;1136;51;33;47
TE478;02.01.2024;16;1.0;1157;48;1129;48;28;45
TE478;02.01.2024;17;1.0;1178;49;1156;50;22;40
TE478;02.01.2024;18;1.0;1104;48;1080;48;24;45
TE478;02.01.2024;19;1.0;956;55;936;55;20;50
TE478;02.01.2024;20;1.0;889;55;861;55;28;50
TE478;02.01.2024;21;1.0;675;60;657;60;18;55
TE478;02.01.2024;22;1.0;641;58;627;58;14;49
TE478;02.01.2024;23;1.0;492;60;478;60;14;49
TE478;03.01.2024;0;1.0;385;62;375;62;10;50
TE478;03.01.2024;1;1.0;258;64;248;64;10;54
TE478;03.01.2024;2;1.0;192;61;183;61;9;57
TE478;03.01.2024;3;1.0;142;65;129;65;13;63
TE478;03.01.2024;4;1.0;181;63;163;63;18;64
TE478;03.01.2024;5;1.0;301;60;284;60;17;58
TE478;03.01.2024;6;1.0;542;56;503;56;39;54
TE478;03.01.2024;7;1.0;774;53;715;53;59;53
TE478;03.01.2024;8;1.0;931;52;887;52;44;51
TE478;03.01.2024;9;1.0;921;53;844;53;77;52
TE478;03.01.2024;10;1.0;969;53;906;53;63;52
TE478;03.01.2024;11;1.0;1048;53;963;53;85;52
TE478;03.01.2024;12;1.0;1021;53;956;53;65;52
TE478;03.01.2024;13;1.0;1078;53;1026;53;52;49
TE478;03.01.2024;14;1.0;1119;51;1074;52;45;46
TE478;03.01.2024;15;1.0;1199;47;1157;47;42;44
TE478;03.01.2024;16;1.0;1172;49;1136;49;36;43
TE478;03.01.2024;17;1.0;1174;48;1140;48;34;42
TE478;03.01.2024;18;1.0;1062;52;1030;52;32;47
TE478;03.01.2024;19;1.0;885;53;865;53;20;47
TE478;03.01.2024;20;1.0;847;53;822;53;25;47
TE478;03.01.2024;21;1.0;732;56;711;56;21;48
TE478;03.01.2024;22;1.0;639;56;624;57;15;47
TE478;03.01.2024;23;1.0;529;58;508;58;21;53
TE478;04.01.2024;0;1.0;334;62;319;63;15;49
TE478;04.01.2024;1;1.0;260;65;249;65;11;56
TE478;04.01.2024;2;1.0;185;63;173;64;12;57
TE478;04.01.2024;3;1.0;169;67;154;68;15;60
TE478;04.01.2024;4;1.0;187;66;179;66;8;62
TE478;04.01.2024;5;1.0;300;64;286;64;14;55
TE478;04.01.2024;6;1.0;518;58;506;59;12;52
TE478;04.01.2024;7;1.0;719;55;701;55;18;51
TE478;04.01.2024;8;1.0;1011;52;968;52;43;52
TE478;04.01.2024;9;1.0;1014;53;918;53;96;52
TE478;04.01.2024;10;1.0;961;52;898;52;63;52
TE478;04.01.2024;11;1.0;976;52;924;52;52;52
TE478;04.01.2024;12;1.0;1047;53;1019;53;28;51
TE478;04.01.2024;13;1.0;1132;51;1087;51;45;49
TE478;04.01.2024;14;1.0;1148;50;1105;51;43;48
TE478;04.01.2024;15;1.0;1208;48;1174;47;34;45
TE478;04.01.2024;16;1.0;1268;42;1201;42;67;41
TE478;04.01.2024;17;1.0;1201;49;1168;49;33;46
TE478;04.01.2024;18;1.0;1163;50;1130;50;33;46
TE478;04.01.2024;19;1.0;1014;54;991;55;23;52
TE478;04.01.2024;20;1.0;890;55;866;55;24;54
TE478;04.01.2024;21;1.0;781;56;763;56;18;51
TE478;04.01.2024;22;1.0;685;47;669;47;16;41
TE478;04.01.2024;23;1.0;573;59;557;59;16;53
TE478;05.01.2024;0;1.0;373;62;362;62;11;54
TE478;05.01.2024;1;1.0;273;65;261;65;12;59
TE478;05.01.2024;2;1.0;212;65;197;64;15;64
TE478;05.01.2024;3;1.0;174;63;161;63;13;61
TE478;05.01.2024;4;1.0;169;66;150;66;19;65
TE478;05.01.2024;5;1.0;286;60;260;60;26;60
TE478;05.01.2024;6;1.0;540;57;481;57;59;56
TE478;05.01.2024;7;1.0;702;54;634;54;68;53
TE478;05.01.2024;8;1.0;843;54;818;54;25;52
TE478;05.01.2024;9;1.0;936;55;910;55;26;53
TE478;05.01.2024;10;1.0;1029;52;974;52;55;52
TE478;05.01.2024;11;1.0;1033;51;987;51;46;49
TE478;05.01.2024;12;1.0;1082;51;1034;52;48;51
TE478;05.01.2024;13;1.0;1168;48;1125;49;43;47
TE478;05.01.2024;14;1.0;1161;46;1115;46;46;43
TE478;05.01.2024;15;1.0;1155;46;1102;47;53;43
TE478;05.01.2024;16;1.0;1147;46;1094;46;53;45
TE478;05.01.2024;17;1.0;1184;50;1154;50;30;46
TE478;05.01.2024;18;1.0;1098;51;1068;51;30;48
TE478;05.01.2024;19;1.0;1105;53;1084;53;21;50
TE478;05.01.2024;20;1.0;1057;54;1039;54;18;52
TE478;05.01.2024;21;1.0;921;56;902;56;19;50
TE478;05.01.2024;22;1.0;884;55;865;55;19;51
TE478;05.01.2024;23;1.0;731;59;717;59;14;50
TE478;06.01.2024;0;1.0;575;63;565;63;10;52
TE478;06.01.2024;1;1.0;436;64;428;64;8;55
TE478;06.01.2024;2;1.0;355;65;346;66;9;59
TE478;06.01.2024;3;1.0;285;66;279;66;6;61
TE478;06.01.2024;4;1.0;248;67;239;68;9;64
TE478;06.01.2024;5;1.0;260;63;239;63;21;63
TE478;06.01.2024;6;1.0;269;60;248;60;21;57
TE478;06.01.2024;7;1.0;277;58;252;57;25;57
TE478;06.01.2024;8;1.0;423;59;388;59;35;57
TE478;06.01.2024;9;1.0;588;56;563;56;25;56
TE478;06.01.2024;10;1.0;790;54;765;55;25;50
TE478;06.01.2024;11;1.0;929;52;902;52;27;51
TE478;06.01.2024;12;1.0;1002;52;967;52;35;52
TE478;06.01.2024;13;1.0;1127;45;1089;45;38;46
TE478;06.01.2024;14;1.0;618;11;582;11;36;14
TE478;06.01.2024;15;1.0;879;37;837;37;42;25
TE478;06.01.2024;16;1.0;1105;50;1075;50;30;46
TE478;06.01.2024;17;1.0;1166;52;1132;52;34;51
TE478;06.01.2024;18;1.0;1133;51;1107;52;26;46
TE478;06.01.2024;19;1.0;1106;52;1087;53;19;47
TE478;06.01.2024;20;1.0;1062;53;1045;53;17;50
TE478;06.01.2024;21;1.0;968;52;952;52;16;48
TE478;06.01.2024;22;1.0;952;54;934;54;18;49
TE478;06.01.2024;23;1.0;839;56;823;56;16;53
TE478;07.01.2024;0;1.0;628;60;621;60;7;47
TE478;07.01.2024;1;1.0;529;63;521;63;8;56
TE478;07.01.2024;2;1.0;402;64;395;65;7;54
TE478;07.01.2024;3;1.0;304;64;295;64;9;61
TE478;07.01.2024;4;1.0;278;65;261;65;17;64
TE478;07.01.2024;5;1.0;255;63;248;63;7;59
TE478;07.01.2024;6;1.0;220;65;210;65;10;61
TE478;07.01.2024;7;1.0;231;62;220;62;11;60
TE478;07.01.2024;8;1.0;262;59;255;59;7;53
TE478;07.01.2024;9;1.0;477;57;466;57;11;54
TE478;07.01.2024;10;1.0;654;58;638;58;16;56
TE478;07.01.2024;11;1.0;749;56;732;56;17;53
TE478;07.01.2024;12;1.0;855;55;833;55;22;52
TE478;07.01.2024;13;1.0;998;55;981;55;17;52
TE478;07.01.2024;14;1.0;1013;54;997;54;16;50
TE478;07.01.2024;15;1.0;958;55;948;55;10;38
TE478;07.01.2024;16;1.0;988;56;972;56;16;48
TE478;07.01.2024;17;1.0;1090;55;1076;55;14;50
TE478;07.01.2024;18;1.0;1045;55;1026;55;19;48
TE478;07.01.2024;19;1.0;860;58;836;58;24;53
TE478;07.01.2024;20;1.0;792;56;780;56;12;51
TE478;07.01.2024;21;1.0;716;55;689;55;27;55
TE478;07.01.2024;22;1.0;604;58;578;58;26;57
TE478;07.01.2024;23;1.0;489;60;473;60;16;53
TE478;08.01.2024;0;1.0;363;63;346;63;17;55
TE478;08.01.2024;1;1.0;232;63;217;64;15;62
TE478;08.01.2024;2;1.0;167;62;151;63;16;58
TE478;08.01.2024;3;1.0;132;62;115;63;17;56
TE478;08.01.2024;4;1.0;168;63;141;63;27;61
TE478;08.01.2024;5;1.0;326;58;300;58;26;59
TE478;08.01.2024;6;1.0;606;57;554;57;52;57
TE478;08.01.2024;7;1.0;791;53;705;54;86;54
TE478;08.01.2024;8;1.0;1089;50;1025;50;64;49
TE478;08.01.2024;9;1.0;1037;52;977;53;60;49
TE478;08.01.2024;10;1.0;946;53;881;53;65;52
TE478;08.01.2024;11;1.0;977;54;915;54;62;54
TE478;08.01.2024;12;1.0;964;54;902;54;62;54
TE478;08.01.2024;13;1.0;1049;53;996;54;53;50
TE478;08.01.2024;14;1.0;1127;52;1083;52;44;46
TE478;08.01.2024;15;1.0;1189;51;1156;51;33;45
TE478;08.01.2024;16;1.0;1204;49;1158;49;46;45
TE478;08.01.2024;17;1.0;1209;51;1171;51;38;46
TE478;08.01.2024;18;1.0;1110;52;1066;52;44;47
TE478;08.01.2024;19;1.0;888;55;866;55;22;45
TE478;08.01.2024;20;1.0;728;55;701;56;27;51
TE478;08.01.2024;21;1.0;614;57;592;57;22;52
TE478;08.01.2024;22;1.0;552;59;536;59;16;50
TE478;08.01.2024;23;1.0;402;58;387;58;15;51
TE478;09.01.2024;0;1.0;273;64;260;64;13;55
TE478;09.01.2024;1;1.0;198;62;182;63;16;58
TE478;09.01.2024;2;1.0;148;62;135;63;13;57
TE478;09.01.2024;3;1.0;125;65;111;65;14;55
TE478;09.01.2024;4;1.0;145;62;129;62;16;62
TE478;09.01.2024;5;1.0;336;58;318;59;18;57
TE478;09.01.2024;6;1.0;610;56;569;56;41;55
TE478;09.01.2024;7;1.0;934;53;861;53;73;51
TE478;09.01.2024;8;1.0;1189;51;1113;51;76;51
TE478;09.01.2024;9;1.0;1174;48;1098;48;76;48
TE478;09.01.2024;10;1.0;1101;54;1023;54;78;53
TE478;09.01.2024;11;1.0;1105;53;1027;53;78;54
TE478;09.01.2024;12;1.0;1111;55;1023;55;88;57
TE478;09.01.2024;13;1.0;1158;53;1091;53;67;51
TE478;09.01.2024;14;1.0;1127;53;1077;53;50;50
TE478;09.01.2024;15;1.0;1249;44;1205;44;44;39
TE478;09.01.2024;16;1.0;1237;49;1198;49;39;44
TE478;09.01.2024;17;1.0;1226;49;1197;49;29;43
TE478;09.01.2024;18;1.0;1171;44;1134;44;37;41
TE478;09.01.2024;19;1.0;1037;56;1014;56;23;52
TE478;09.01.2024;20;1.0;879;56;852;56;27;52
TE478;09.01.2024;21;1.0;704;59;683;59;21;55
TE478;09.01.2024;22;1.0;659;58;638;58;21;52
TE478;09.01.2024;23;1.0;418;61;400;61;18;56
TE478;10.01.2024;0;1.0;309;63;296;63;13;59
TE478;10.01.2024;1;1.0;212;64;201;64;11;53
TE478;10.01.2024;2;1.0;190;63;173;64;17;62
TE478;10.01.2024;3;1.0;151;63;135;63;16;61
TE478;10.01.2024;4;1.0;166;66;152;66;14;63
TE478;10.01.2024;5;1.0;339;62;325;62;14;57
TE478;10.01.2024;6;1.0;682;57;654;57;28;57
TE478;10.01.2024;7;1.0;1033;51;967;51;66;51
TE478;10.01.2024;8;1.0;1201;44;1129;44;72;42
TE478;10.01.2024;9;1.0;1181;53;1119;53;62;49
TE478;10.01.2024;10;1.0;1084;55;1022;55;62;57
TE478;10.01.2024;11;1.0;1100;51;1010;51;90;51
TE478;10.01.2024;12;1.0;1194;54;1079;53;115;56
TE478;10.01.2024;13;1.0;1099;51;1013;51;86;51
TE478;10.01.2024;14;1.0;1201;44;1115;44;86;44
TE478;10.01.2024;15;1.0;1203;47;1151;47;52;44
TE478;10.01.2024;16;1.0;1228;42;1184;42;44;37
TE478;10.01.2024;17;1.0;1209;43;1156;43;53;38
TE478;10.01.2024;18;1.0;1205;43;1159;43;46;40
TE478;10.01.2024;19;1.0;1073;53;1033;53;40;51
TE478;10.01.2024;20;1.0;886;55;856;56;30;51
TE478;10.01.2024;21;1.0;751;57;722;57;29;57
TE478;10.01.2024;22;1.0;717;58;698;58;19;54
TE478;10.01.2024;23;1.0;569;60;554;60;15;53
TE478;11.01.2024;0;1.0;363;63;347;64;16;56
TE478;11.01.2024;1;1.0;241;64;231;64;10;55
TE478;11.01.2024;2;1.0;170;65;151;66;19;64
TE478;11.01.2024;3;1.0;141;66;127;66;14;60
TE478;11.01.2024;4;1.0;167;64;145;65;22;62
TE478;11.01.2024;5;1.0;306;63;293;63;13;61
TE478;11.01.2024;6;1.0;656;59;642;59;14;57
TE478;11.01.2024;7;1.0;935;52;877;52;58;48
TE478;11.01.2024;8;1.0;1145;44;1082;44;63;44
TE478;11.01.2024;9;1.0;1105;51;1056;51;49;48
TE478;11.01.2024;10;1.0;1102;53;1057;53;45;52
TE478;11.01.2024;11;1.0;1098;55;1046;55;52;55
TE478;11.01.2024;12;1.0;1108;53;1068;54;40;51
TE478;11.01.2024;13;1.0;1127;54;1089;55;38;49
TE478;11.01.2024;14;1.0;1179;51;1143;52;36;48
TE478;11.01.2024;15;1.0;1172;48;1134;48;38;41
TE478;11.01.2024;16;1.0;1143;31;1081;31;62;29
TE478;11.01.2024;17;1.0;1106;38;1076;39;30;32
TE478;11.01.2024;18;1.0;1190;39;1157;39;33;34
TE478;11.01.2024;19;1.0;1079;45;1048;45;31;38
TE478;11.01.2024;20;1.0;923;54;893;54;30;52
TE478;11.01.2024;21;1.0;772;56;753;56;19;53
TE478;11.01.2024;22;1.0;770;57;755;57;15;45
TE478;11.01.2024;23;1.0;643;58;622;59;21;54
TE478;12.01.2024;0;1.0;403;62;390;62;13;55
TE478;12.01.2024;1;1.0;316;65;305;65;11;54
TE478;12.01.2024;2;1.0;227;64;216;65;11;58
TE478;12.01.2024;3;1.0;189;65;178;65;11;62
TE478;12.01.2024;4;1.0;191;64;181;64;10;59
TE478;12.01.2024;5;1.0;318;62;307;63;11;59
TE478;12.01.2024;6;1.0;577;57;558;57;19;52
TE478;12.01.2024;7;1.0;874;54;838;54;36;51
TE478;12.01.2024;8;1.0;1123;52;1086;52;37;48
TE478;12.01.2024;9;1.0;1086;51;1042;51;44;51
TE478;12.01.2024;10;1.0;1094;52;1053;52;41;52
TE478;12.01.2024;11;1.0;1075;53;1040;53;35;54
TE478;12.01.2024;12;1.0;1158;52;1115;52;43;51
TE478;12.01.2024;13;1.0;1115;51;1081;51;34;50
TE478;12.01.2024;14;1.0;1186;49;1139;49;47;47
TE478;12.01.2024;15;1.0;1245;46;1206;46;39;46
TE478;12.01.2024;16;1.0;1122;43;1073;43;49;37
TE478;12.01.2024;17;1.0;1177;49;1147;49;30;41
TE478;12.01.2024;18;1.0;1240;49;1208;49;32;43
TE478;12.01.2024;19;1.0;1179;49;1159;49;20;44
TE478;12.01.2024;20;1.0;1026;55;998;55;28;51
TE478;12.01.2024;21;1.0;958;56;937;56;21;51
TE478;12.01.2024;22;1.0;891;57;870;57;21;53
TE478;12.01.2024;23;1.0;807;57;788;57;19;53
TE478;13.01.2024;0;1.0;654;63;641;63;13;57
TE478;13.01.2024;1;1.0;484;64;475;64;9;61
TE478;13.01.2024;2;1.0;335;65;329;65;6;59
TE478;13.01.2024;3;1.0;349;67;336;67;13;63
TE478;13.01.2024;4;1.0;248;67;242;67;6;63
TE478;13.01.2024;5;1.0;286;67;274;67;12;61
TE478;13.01.2024;6;1.0;268;62;261;63;7;56
TE478;13.01.2024;7;1.0;379;62;370;62;9;58
TE478;13.01.2024;8;1.0;479;60;464;61;15;55
TE478;13.01.2024;9;1.0;694;58;671;58;23;54
TE478;13.01.2024;10;1.0;839;57;820;57;19;53
TE478;13.01.2024;11;1.0;952;55;921;55;31;52
TE478;13.01.2024;12;1.0;996;54;964;54;32;53
TE478;13.01.2024;13;1.0;1031;54;1003;54;28;47
TE478;13.01.2024;14;1.0;1167;51;1138;51;29;48
TE478;13.01.2024;15;1.0;1143;50;1115;50;28;47
TE478;13.01.2024;16;1.0;1180;44;1148;44;32;44
TE478;13.01.2024;17;1.0;1142;48;1109;48;33;45
TE478;13.01.2024;18;1.0;1100;52;1084;52;16;47
TE478;13.01.2024;19;1.0;1147;52;1128;53;19;51
TE478;13.01.2024;20;1.0;1093;53;1068;53;25;47
TE478;13.01.2024;21;1.0;908;57;894;57;14;52
TE478;13.01.2024;22;1.0;899;56;885;56;14;48
TE478;13.01.2024;23;1.0;887;57;872;57;15;52
TE478;14.01.2024;0;1.0;698;63;688;63;10;50
TE478;14.01.2024;1;1.0;572;66;565;66;7;62
TE478;14.01.2024;2;1.0;441;65;438;65;3;49
TE478;14.01.2024;3;1.0;354;68;352;68;2;42
TE478;14.01.2024;4;1.0;308;66;305;66;3;49
TE478;14.01.2024;5;1.0;277;70;268;71;9;63
TE478;14.01.2024;6;1.0;248;70;238;70;10;67
TE478;14.01.2024;7;1.0;205;66;201;66;4;51
TE478;14.01.2024;8;1.0;279;61;271;61;8;58
TE478;14.01.2024;9;1.0;549;61;532;61;17;56
TE478;14.01.2024;10;1.0;740;59;722;59;18;54
TE478;14.01.2024;11;1.0;840;58;821;58;19;56
TE478;14.01.2024;12;1.0;882;57;860;57;22;54
TE478;14.01.2024;13;1.0;915;55;895;55;20;54
TE478;14.01.2024;14;1.0;1019;55;993;55;26;53
TE478;14.01.2024;15;1.0;1076;54;1055;54;21;46
TE478;14.01.2024;16;1.0;1057;52;1035;52;22;46
TE478;14.01.2024;17;1.0;1034;53;1014;53;20;48
TE478;14.01.2024;18;1.0;983;54;968;54;15;44
TE478;14.01.2024;19;1.0;921;55;910;56;11;43
TE478;14.01.2024;20;1.0;816;58;801;58;15;51
TE478;14.01.2024;21;1.0;630;58;618;58;12;52
TE478;14.01.2024;22;1.0;691;60;680;61;11;49
TE478;14.01.2024;23;1.0;417;62;405;62;12;48
TE478;15.01.2024;0;1.0;326;66;313;66;13;56
TE478;15.01.2024;1;1.0;225;67;217;68;8;56
TE478;15.01.2024;2;1.0;199;68;185;67;14;68
TE478;15.01.2024;3;1.0;135;68;128;68;7;63
TE478;15.01.2024;4;1.0;184;69;178;69;6;61
TE478;15.01.2024;5;1.0;281;63;267;63;14;59
TE478;15.01.2024;6;1.0;585;58;558;58;27;54
TE478;15.01.2024;7;1.0;860;54;805;54;55;53
TE478;15.01.2024;8;1.0;870;49;812;49;58;49
TE478;15.01.2024;9;1.0;583;52;541;52;42;52
TE478;15.01.2024;10;1.0;304;49;281;49;23;46
TE478;15.01.2024;11;1.0;836;55;791;55;45;52
TE478;15.01.2024;12;1.0;873;56;839;56;34;53
TE478;15.01.2024;13;1.0;925;55;889;55;36;49
TE478;15.01.2024;14;1.0;964;55;930;55;34;48
TE478;15.01.2024;15;1.0;1011;54;960;55;51;54
TE478;15.01.2024;16;1.0;1100;54;1069;54;31;51
TE478;15.01.2024;17;1.0;1159;49;1129;49;30;42
TE478;15.01.2024;18;1.0;1084;52;1054;52;30;45
TE478;15.01.2024;19;1.0;948;55;925;55;23;52
TE478;15.01.2024;20;1.0;770;58;750;59;20;54
TE478;15.01.2024;21;1.0;685;58;670;59;15;50
TE478;15.01.2024;22;1.0;646;60;633;60;13;49
TE478;15.01.2024;23;1.0;465;63;448;63;17;55
TE478;16.01.2024;0;1.0;335;64;321;64;14;57
TE478;16.01.2024;1;1.0;168;63;159;63;9;57
TE478;16.01.2024;2;1.0;163;50;152;50;11;51
TE478;16.01.2024;3;1.0;143;49;129;49;14;49
TE478;16.01.2024;4;1.0;184;54;177;54;7;54
TE478;16.01.2024;5;1.0;314;49;312;49;2;44
TE478;16.01.2024;6;1.0;553;52;537;52;16;49
TE478;16.01.2024;7;1.0;989;48;946;48;43;47
TE478;16.01.2024;8;1.0;1024;43;991;43;33;41
TE478;16.01.2024;9;1.0;971;53;949;54;22;44
TE478;16.01.2024;10;1.0;1061;52;1029;52;32;53
TE478;16.01.2024;11;1.0;1059;54;1015;54;44;52
TE478;16.01.2024;12;1.0;1081;53;1052;53;29;51
TE478;16.01.2024;13;1.0;1060;53;1033;53;27;48
TE478;16.01.2024;14;1.0;1180;50;1134;50;46;48
TE478;16.01.2024;15;1.0;1189;48;1145;48;44;42
TE478;16.01.2024;16;1.0;1232;47;1186;47;46;44
TE478;16.01.2024;17;1.0;1266;46;1237;46;29;43
TE478;16.01.2024;18;1.0;1152;46;1117;47;35;40
TE478;16.01.2024;19;1.0;1121;52;1102;52;19;43
TE478;16.01.2024;20;1.0;871;57;844;57;27;50
TE478;16.01.2024;21;1.0;759;57;740;57;19;49
TE478;16.01.2024;22;1.0;690;58;671;58;19;50
TE478;16.01.2024;23;1.0;503;61;484;61;19;56
TE478;17.01.2024;0;1.0;368;61;358;61;10;48
TE478;17.01.2024;1;1.0;235;66;225;67;10;59
TE478;17.01.2024;2;1.0;211;65;197;65;14;64
TE478;17.01.2024;3;1.0;132;65;120;66;12;57
TE478;17.01.2024;4;1.0;173;64;167;64;6;58
TE478;17.01.2024;5;1.0;335;61;319;61;16;57
TE478;17.01.2024;6;1.0;685;55;650;55;35;54
TE478;17.01.2024;7;1.0;968;53;917;53;51;53
TE478;17.01.2024;8;1.0;1152;50;1085;50;67;50
TE478;17.01.2024;9;1.0;1146;54;1092;54;54;53
TE478;17.01.2024;10;1.0;1078;46;1011;46;67;47
TE478;17.01.2024;11;1.0;1146;53;1076;53;70;52
TE478;17.01.2024;12;1.0;1137;55;1069;55;68;55
TE478;17.01.2024;13;1.0;1101;52;1045;52;56;46
TE478;17.01.2024;14;1.0;1148;55;1095;55;53;52
TE478;17.01.2024;15;1.0;1245;43;1197;43;48;41
TE478;17.01.2024;16;1.0;1210;40;1151;40;59;37
TE478;17.01.2024;17;1.0;1236;49;1196;49;40;44
TE478;17.01.2024;18;1.0;1249;48;1205;48;44;43
TE478;17.01.2024;19;1.0;1018;51;1002;51;16;40
TE478;17.01.2024;20;1.0;900;55;877;55;23;48
TE478;17.01.2024;21;1.0;777;58;766;58;11;41
TE478;17.01.2024;22;1.0;685;59;674;60;11;48
TE478;17.01.2024;23;1.0;512;60;500;61;12;54
TE478;18.01.2024;0;1.0;374;66;364;65;10;53
TE478;18.01.2024;1;1.0;258;66;249;66;9;59
TE478;18.01.2024;2;1.0;219;67;207;67;12;60
TE478;18.01.2024;3;1.0;190;65;181;66;9;63
TE478;18.01.2024;4;1.0;206;66;194;66;12;65
TE478;18.01.2024;5;1.0;351;62;337;62;14;60
TE478;18.01.2024;6;1.0;690;59;667;59;23;57
TE478;18.01.2024;7;1.0;996;52;956;52;40;47
TE478;18.01.2024;8;1.0;1229;48;1172;48;57;46
TE478;18.01.2024;9;1.0;1194;52;1131;51;63;50
TE478;18.01.2024;10;1.0;1057;56;1009;57;48;55
TE478;18.01.2024;11;1.0;1136;52;1077;52;59;52
TE478;18.01.2024;12;1.0;1117;54;1068;54;49;52
TE478;18.01.2024;13;1.0;1116;53;1075;53;41;48
TE478;18.01.2024;14;1.0;1106;41;1041;41;65;41
TE478;18.01.2024;15;1.0;1194;44;1152;44;42;40
TE478;18.01.2024;16;1.0;1260;41;1205;41;55;33
TE478;18.01.2024;17;1.0;1287;45;1235;45;52;41
TE478;18.01.2024;18;1.0;1258;47;1225;47;33;44
TE478;18.01.2024;19;1.0;1241;46;1212;46;29;43
TE478;18.01.2024;20;1.0;904;55;879;55;25;49
TE478;18.01.2024;21;1.0;797;57;780;57;17;52
TE478;18.01.2024;22;1.0;784;57;765;57;19;48
TE478;18.01.2024;23;1.0;585;58;573;59;12;49
TE478;19.01.2024;0;1.0;451;63;438;63;13;53
TE478;19.01.2024;1;1.0;297;65;287;65;10;57
TE478;19.01.2024;2;1.0;205;66;191;67;14;59
TE478;19.01.2024;3;1.0;173;66;161;66;12;62
TE478;19.01.2024;4;1.0;172;66;163;66;9;66
TE478;19.01.2024;5;1.0;319;61;301;61;18;60
TE478;19.01.2024;6;1.0;577;57;550;57;27;54
TE478;19.01.2024;7;1.0;906;52;850;52;56;51
TE478;19.01.2024;8;1.0;1123;47;1063;47;60;47
TE478;19.01.2024;9;1.0;1019;52;956;52;63;51
TE478;19.01.2024;10;1.0;1105;54;1039;54;66;55
TE478;19.01.2024;11;1.0;1114;51;1038;51;76;52
TE478;19.01.2024;12;1.0;1187;51;1126;51;61;49
TE478;19.01.2024;13;1.0;1128;50;1086;50;42;48
TE478;19.01.2024;14;1.0;1215;44;1160;45;55;39
TE478;19.01.2024;15;1.0;1270;43;1205;43;65;38
TE478;19.01.2024;16;1.0;1225;46;1194;46;31;41
TE478;19.01.2024;17;1.0;1206;45;1167;45;39;40
TE478;19.01.2024;18;1.0;1253;48;1222;48;31;44
TE478;19.01.2024;19;1.0;1228;46;1194;46;34;44
TE478;19.01.2024;20;1.0;1095;52;1069;52;26;48
TE478;19.01.2024;21;1.0;984;54;957;54;27;50
TE478;19.01.2024;22;1.0;919;54;905;55;14;49
TE478;19.01.2024;23;1.0;809;55;791;56;18;52
TE478;20.01.2024;0;1.0;698;61;683;61;15;56
TE478;20.01.2024;1;1.0;497;63;483;63;14;58
TE478;20.01.2024;2;1.0;382;63;369;63;13;66
TE478;20.01.2024;3;1.0;344;64;328;64;16;65
TE478;20.01.2024;4;1.0;309;63;298;64;11;61
TE478;20.01.2024;5;1.0;298;65;283;65;15;60
TE478;20.01.2024;6;1.0;314;61;296;61;18;59
TE478;20.01.2024;7;1.0;362;58;338;58;24;58
TE478;20.01.2024;8;1.0;501;57;457;56;44;59
TE478;20.01.2024;9;1.0;723;57;694;57;29;56
TE478;20.01.2024;10;1.0;895;55;839;55;56;55
TE478;20.01.2024;11;1.0;940;54;897;54;43;53
TE478;20.01.2024;12;1.0;925;42;857;42;68;37
TE478;20.01.2024;13;1.0;1152;38;1081;39;71;35
TE478;20.01.2024;14;1.0;1097;38;1055;39;42;34
TE478;20.01.2024;15;1.0;1174;50;1141;50;33;44
TE478;20.01.2024;16;1.0;1170;49;1136;49;34;45
TE478;20.01.2024;17;1.0;1189;45;1163;45;26;41
TE478;20.01.2024;18;1.0;1227;48;1193;48;34;43
TE478;20.01.2024;19;1.0;1183;52;1149;52;34;52
TE478;20.01.2024;20;1.0;1170;52;1150;52;20;50
TE478;20.01.2024;21;1.0;1033;54;1010;54;23;54
TE478;20.01.2024;22;1.0;1008;54;992;54;16;50
TE478;20.01.2024;23;1.0;964;50;955;50;9;50
TE478;21.01.2024;0;1.0;723;56;712;56;11;54
TE478;21.01.2024;1;1.0;612;63;607;63;5;57
TE478;21.01.2024;2;1.0;478;65;469;66;9;59
TE478;21.01.2024;3;1.0;369;66;364;66;5;56
TE478;21.01.2024;4;1.0;328;67;323;67;5;58
TE478;21.01.2024;5;1.0;266;66;259;66;7;56
TE478;21.01.2024;6;1.0;251;69;243;69;8;61
TE478;21.01.2024;7;1.0;222;65;212;64;10;62
TE478;21.01.2024;8;1.0;352;61;342;61;10;59
TE478;21.01.2024;9;1.0;502;63;480;63;22;59
TE478;21.01.2024;10;1.0;716;59;694;59;22;57
TE478;21.01.2024;11;1.0;838;59;816;59;22;54
TE478;21.01.2024;12;1.0;931;54;878;54;53;55
TE478;21.01.2024;13;1.0;1061;53;1025;53;36;51
TE478;21.01.2024;14;1.0;1050;53;1023;53;27;50
TE478;21.01.2024;15;1.0;1019;52;994;52;25;47
TE478;21.01.2024;16;1.0;1005;53;985;54;20;48
TE478;21.01.2024;17;1.0;1116;49;1088;49;28;44
TE478;21.01.2024;18;1.0;1109;52;1075;52;34;46
TE478;21.01.2024;19;1.0;911;54;885;55;26;49
TE478;21.01.2024;20;1.0;827;54;809;55;18;47
TE478;21.01.2024;21;1.0;684;56;668;56;16;47
TE478;21.01.2024;22;1.0;633;55;618;55;15;48
TE478;21.01.2024;23;1.0;475;57;456;58;19;48
TE478;22.01.2024;0;1.0;313;62;300;62;13;52
TE478;22.01.2024;1;1.0;205;62;194;62;11;58
TE478;22.01.2024;2;1.0;197;62;184;63;13;58
TE478;22.01.2024;3;1.0;129;63;113;64;16;56
TE478;22.01.2024;4;1.0;175;65;153;65;22;65
TE478;22.01.2024;5;1.0;367;60;339;60;28;59
TE478;22.01.2024;6;1.0;644;55;575;54;69;55
TE478;22.01.2024;7;1.0;949;50;843;50;106;51
TE478;22.01.2024;8;1.0;1226;46;1031;46;195;47
TE478;22.01.2024;9;1.0;1068;49;1005;49;63;46
TE478;22.01.2024;10;1.0;1117;50;1079;50;38;47
TE478;22.01.2024;11;1.0;1167;50;1021;50;146;51
TE478;22.01.2024;12;1.0;1153;52;940;51;213;53
TE478;22.01.2024;13;1.0;1134;51;933;51;201;53
TE478;22.01.2024;14;1.0;1242;51;1133;51;109;50
TE478;22.01.2024;15;1.0;1323;42;1215;42;108;41
TE478;22.01.2024;16;1.0;1248;40;1148;40;100;40
TE478;22.01.2024;17;1.0;1215;47;1170;47;45;45
TE478;22.01.2024;18;1.0;1167;46;1109;46;58;42
TE478;22.01.2024;19;1.0;1001;51;967;51;34;44
TE478;22.01.2024;20;1.0;834;52;813;52;21;48
TE478;22.01.2024;21;1.0;650;56;629;57;21;52
TE478;22.01.2024;22;1.0;642;55;627;55;15;48
TE478;22.01.2024;23;1.0;476;57;459;57;17;51
TE478;23.01.2024;0;1.0;318;60;308;60;10;52
TE478;23.01.2024;1;1.0;189;63;175;64;14;55
TE478;23.01.2024;2;1.0;157;64;147;64;10;57
TE478;23.01.2024;3;1.0;133;62;121;62;12;57
TE478;23.01.2024;4;1.0;176;63;153;63;23;62
TE478;23.01.2024;5;1.0;351;59;322;60;29;61
TE478;23.01.2024;6;1.0;659;55;628;55;31;53
TE478;23.01.2024;7;1.0;960;50;894;50;66;51
TE478;23.01.2024;8;1.0;1155;48;1065;48;90;46
TE478;23.01.2024;9;1.0;1154;49;1040;49;114;48
TE478;23.01.2024;10;1.0;1110;43;951;43;159;42
TE478;23.01.2024;11;1.0;1094;53;1019;54;75;52
TE478;23.01.2024;12;1.0;1155;50;1096;50;59;49
TE478;23.01.2024;13;1.0;1092;51;1048;52;44;48
TE478;23.01.2024;14;1.0;1189;51;1138;51;51;47
TE478;23.01.2024;15;1.0;1278;45;1236;45;42;43
TE478;23.01.2024;16;1.0;1228;45;1183;45;45;40
TE478;23.01.2024;17;1.0;1249;43;1202;43;47;39
TE478;23.01.2024;18;1.0;1251;43;1210;43;41;41
TE478;23.01.2024;19;1.0;1081;49;1057;49;24;46
TE478;23.01.2024;20;1.0;861;51;840;52;21;47
TE478;23.01.2024;21;1.0;787;54;764;55;23;48
TE478;23.01.2024;22;1.0;643;56;623;56;20;52
TE478;23.01.2024;23;1.0;548;60;533;60;15;53
TE478;24.01.2024;0;1.0;329;66;321;67;8;50
TE478;24.01.2024;1;1.0;200;66;190;66;10;60
TE478;24.01.2024;2;1.0;209;62;199;62;10;58
TE478;24.01.2024;3;1.0;146;65;136;65;10;62
TE478;24.01.2024;4;1.0;174;64;153;64;21;65
TE478;24.01.2024;5;1.0;370;59;337;59;33;59
TE478;24.01.2024;6;1.0;745;53;685;53;60;53
TE478;24.01.2024;7;1.0;1055;46;969;46;86;48
TE478;24.01.2024;8;1.0;1151;44;1086;44;65;43
TE478;24.01.2024;9;1.0;1153;49;1085;49;68;48
TE478;24.01.2024;10;1.0;1158;52;1107;52;51;51
TE478;24.01.2024;11;1.0;1134;51;1031;51;103;51
TE478;24.01.2024;12;1.0;1130;50;1021;50;109;50
TE478;24.01.2024;13;1.0;1122;51;1033;51;89;51
TE478;24.01.2024;14;1.0;1172;51;1096;51;76;48
TE478;24.01.2024;15;1.0;1254;47;1161;47;93;46
TE478;24.01.2024;16;1.0;1206;41;1148;41;58;40
TE478;24.01.2024;17;1.0;1215;42;1178;42;37;40
TE478;24.01.2024;18;1.0;1241;42;1212;42;29;38
TE478;24.01.2024;19;1.0;1103;50;1078;50;25;43
TE478;24.01.2024;20;1.0;934;52;904;52;30;50
TE478;24.01.2024;21;1.0;810;56;788;56;22;50
TE478;24.01.2024;22;1.0;771;54;750;54;21;49
TE478;24.01.2024;23;1.0;563;58;541;58;22;54
TE478;25.01.2024;0;1.0;402;62;383;62;19;56
TE478;25.01.2024;1;1.0;281;63;266;63;15;60
TE478;25.01.2024;2;1.0;181;63;172;63;9;57
TE478;25.01.2024;3;1.0;159;66;146;66;13;63
TE478;25.01.2024;4;1.0;198;62;178;62;20;62
TE478;25.01.2024;5;1.0;360;59;333;59;27;55
TE478;25.01.2024;6;1.0;702;54;672;54;30;53
TE478;25.01.2024;7;1.0;969;50;917;50;52;48
TE478;25.01.2024;8;1.0;1124;48;1069;48;55;47
TE478;25.01.2024;9;1.0;1116;49;1039;49;77;47
TE478;25.01.2024;10;1.0;1106;52;1069;52;37;49
TE478;25.01.2024;11;1.0;1099;51;1060;52;39;50
TE478;25.01.2024;12;1.0;1099;52;1062;52;37;50
TE478;25.01.2024;13;1.0;1135;50;1085;50;50;49
TE478;25.01.2024;14;1.0;1228;51;1186;51;42;47
TE478;25.01.2024;15;1.0;1231;41;1186;41;45;36
TE478;25.01.2024;16;1.0;1268;37;1224;37;44;37
TE478;25.01.2024;17;1.0;1250;45;1215;45;35;40
TE478;25.01.2024;18;1.0;1210;38;1171;38;39;35
TE478;25.01.2024;19;1.0;1235;50;1201;50;34;45
TE478;25.01.2024;20;1.0;974;55;952;55;22;47
TE478;25.01.2024;21;1.0;842;58;825;58;17;50
TE478;25.01.2024;22;1.0;834;53;810;53;24;48
TE478;25.01.2024;23;1.0;666;53;644;53;22;49
TE478;26.01.2024;0;1.0;426;60;412;60;14;52
TE478;26.01.2024;1;1.0;320;62;306;62;14;58
TE478;26.01.2024;2;1.0;228;62;212;62;16;62
TE478;26.01.2024;3;1.0;192;63;177;63;15;59
TE478;26.01.2024;4;1.0;205;66;188;66;17;67
TE478;26.01.2024;5;1.0;355;64;332;64;23;63
TE478;26.01.2024;6;1.0;655;59;631;59;24;57
TE478;26.01.2024;7;1.0;944;53;892;53;52;51
TE478;26.01.2024;8;1.0;1159;44;1075;44;84;44
TE478;26.01.2024;9;1.0;1007;52;950;52;57;52
TE478;26.01.2024;10;1.0;1128;54;1065;54;63;55
TE478;26.01.2024;11;1.0;1104;53;1065;53;39;51
TE478;26.01.2024;12;1.0;1192;38;1128;38;65;32
TE478;26.01.2024;13;1.0;901;23;839;23;62;23
TE478;26.01.2024;14;1.0;1197;49;1157;50;40;46
TE478;26.01.2024;15;1.0;1222;44;1186;44;36;41
TE478;26.01.2024;16;1.0;1232;46;1198;46;34;38
TE478;26.01.2024;17;1.0;1204;48;1150;48;54;47
TE478;26.01.2024;18;1.0;1189;42;1115;42;74;41
TE478;26.01.2024;19;1.0;1229;48;1196;48;33;44
TE478;26.01.2024;20;1.0;1136;48;1088;48;48;48
TE478;26.01.2024;21;1.0;1057;51;1033;51;24;49
TE478;26.01.2024;22;1.0;977;48;949;48;28;46
TE478;26.01.2024;23;1.0;913;55;897;55;16;51
TE478;27.01.2024;0;1.0;700;58;682;59;18;53
TE478;27.01.2024;1;1.0;568;62;561;62;7;56
TE478;27.01.2024;2;1.0;379;63;373;63;6;59
TE478;27.01.2024;3;1.0;335;65;324;65;11;61
TE478;27.01.2024;4;1.0;263;64;254;65;9;60
TE478;27.01.2024;5;1.0;307;63;287;64;20;59
TE478;27.01.2024;6;1.0;336;63;322;63;14;59
TE478;27.01.2024;7;1.0;393;60;376;60;17;58
TE478;27.01.2024;8;1.0;575;57;552;57;23;56
TE478;27.01.2024;9;1.0;741;56;720;56;21;52
TE478;27.01.2024;10;1.0;955;54;930;54;25;49
TE478;27.01.2024;11;1.0;1020;54;986;54;34;53
TE478;27.01.2024;12;1.0;1057;54;1031;55;26;51
TE478;27.01.2024;13;1.0;1107;53;1080;53;27;51
TE478;27.01.2024;14;1.0;1212;51;1169;51;43;47
TE478;27.01.2024;15;1.0;1159;46;1120;46;39;46
TE478;27.01.2024;16;1.0;1217;49;1174;49;43;42
TE478;27.01.2024;17;1.0;1253;43;1222;43;31;41
TE478;27.01.2024;18;1.0;1234;47;1206;47;28;43
TE478;27.01.2024;19;1.0;1192;47;1173;47;19;46
TE478;27.01.2024;20;1.0;1152;49;1130;49;22;45
TE478;27.01.2024;21;1.0;1021;52;1001;52;20;49
TE478;27.01.2024;22;1.0;1016;52;996;52;20;47
TE478;27.01.2024;23;1.0;958;51;943;52;15;49
TE478;28.01.2024;0;1.0;772;58;754;58;18;52
TE478;28.01.2024;1;1.0;683;60;674;60;9;56
TE478;28.01.2024;2;1.0;487;61;479;61;8;52
TE478;28.01.2024;3;1.0;389;63;378;63;11;58
TE478;28.01.2024;4;1.0;340;64;334;64;6;59
TE478;28.01.2024;5;1.0;315;65;305;66;10;57
TE478;28.01.2024;6;1.0;261;65;252;65;9;60
TE478;28.01.2024;7;1.0;269;61;259;61;10;59
TE478;28.01.2024;8;1.0;359;59;343;59;16;58
TE478;28.01.2024;9;1.0;593;57;576;57;17;54
TE478;28.01.2024;10;1.0;803;55;782;55;21;54
TE478;28.01.2024;11;1.0;932;53;912;53;20;49
TE478;28.01.2024;12;1.0;1021;53;1000;53;21;46
TE478;28.01.2024;13;1.0;1041;48;999;49;42;44
TE478;28.01.2024;14;1.0;1058;50;1012;50;46;47
TE478;28.01.2024;15;1.0;1045;49;1012;49;33;45
TE478;28.01.2024;16;1.0;1116;48;1091;48;25;43
TE478;28.01.2024;17;1.0;1119;48;1100;48;19;41
TE478;28.01.2024;18;1.0;1123;49;1098;49;25;45
TE478;28.01.2024;19;1.0;965;51;943;51;22;44
TE478;28.01.2024;20;1.0;915;51;895;51;20;47
TE478;28.01.2024;21;1.0;762;54;745;54;17;50
TE478;28.01.2024;22;1.0;704;54;683;54;21;47
TE478;28.01.2024;23;1.0;489;57;473;57;16;51
TE478;29.01.2024;0;1.0;368;59;354;60;14;53
TE478;29.01.2024;1;1.0;242;61;229;62;13;56
TE478;29.01.2024;2;1.0;171;61;157;61;14;56
TE478;29.01.2024;3;1.0;151;65;140;66;11;59
TE478;29.01.2024;4;1.0;185;61;170;61;15;60
TE478;29.01.2024;5;1.0;318;58;299;58;19;56
TE478;29.01.2024;6;1.0;611;54;573;54;38;52
TE478;29.01.2024;7;1.0;792;53;745;53;47;51
TE478;29.01.2024;8;1.0;1146;48;1066;48;80;49
TE478;29.01.2024;9;1.0;1126;49;1015;49;111;49
TE478;29.01.2024;10;1.0;1110;50;978;50;132;51
TE478;29.01.2024;11;1.0;1112;53;1039;53;73;52
TE478;29.01.2024;12;1.0;1107;53;1006;53;101;54
TE478;29.01.2024;13;1.0;1101;51;1018;51;83;49
TE478;29.01.2024;14;1.0;1175;49;1104;49;71;47
TE478;29.01.2024;15;1.0;1179;47;1096;47;83;43
TE478;29.01.2024;16;1.0;1281;41;1215;41;66;39
TE478;29.01.2024;17;1.0;1281;43;1233;43;48;41
TE478;29.01.2024;18;1.0;1276;47;1237;47;39;42
TE478;29.01.2024;19;1.0;1040;49;1006;49;34;45
TE478;29.01.2024;20;1.0;828;52;801;52;27;49
TE478;29.01.2024;21;1.0;723;53;701;54;22;49
TE478;29.01.2024;22;1.0;620;55;596;55;24;50
TE478;29.01.2024;23;1.0;484;56;465;57;19;48
TE478;30.01.2024;0;1.0;344;62;332;62;12;53
TE478;30.01.2024;1;1.0;212;60;199;61;13;54
TE478;30.01.2024;2;1.0;177;61;166;62;11;55
TE478;30.01.2024;3;1.0;133;63;122;63;11;54
TE478;30.01.2024;4;1.0;154;62;142;63;12;57
TE478;30.01.2024;5;1.0;335;59;318;59;17;56
TE478;30.01.2024;6;1.0;690;53;649;53;41;51
TE478;30.01.2024;7;1.0;1050;51;959;51;91;51
TE478;30.01.2024;8;1.0;1187;49;1095;49;92;48
TE478;30.01.2024;9;1.0;1123;53;1057;52;66;54
TE478;30.01.2024;10;1.0;1098;52;967;52;131;54
TE478;30.01.2024;11;1.0;1145;51;1067;51;78;52
TE478;30.01.2024;12;1.0;1101;51;1015;51;86;51
TE478;30.01.2024;13;1.0;1160;51;1093;51;67;48
TE478;30.01.2024;14;1.0;1213;47;1140;47;73;44
TE478;30.01.2024;15;1.0;1204;44;1125;44;79;46
TE478;30.01.2024;16;1.0;1299;44;1251;44;48;43
TE478;30.01.2024;17;1.0;1217;44;1182;44;35;41
TE478;30.01.2024;18;1.0;1199;47;1153;47;46;43
TE478;30.01.2024;19;1.0;1185;50;1158;50;27;42
TE478;30.01.2024;20;1.0;912;54;888;54;24;47
TE478;30.01.2024;21;1.0;788;54;766;54;22;48
TE478;30.01.2024;22;1.0;712;55;690;56;22;52
TE478;30.01.2024;23;1.0;528;56;505;56;23;48
TE478;31.01.2024;0;1.0;349;62;331;62;18;56
TE478;31.01.2024;1;1.0;227;64;215;64;12;58
TE478;31.01.2024;2;1.0;160;63;148;64;12;57
TE478;31.01.2024;3;1.0;122;62;104;63;18;60
TE478;31.01.2024;4;1.0;172;66;151;66;21;63
TE478;31.01.2024;5;1.0;340;60;315;61;25;59
TE478;31.01.2024;6;1.0;653;58;631;58;22;54
TE478;31.01.2024;7;1.0;1022;51;975;51;47;49
TE478;31.01.2024;8;1.0;1164;50;1118;50;46;46
TE478;31.01.2024;9;1.0;1080;54;1023;54;57;53
TE478;31.01.2024;10;1.0;1088;53;1051;53;37;48
TE478;31.01.2024;11;1.0;1186;51;1142;52;44;50
TE478;31.01.2024;12;1.0;1121;52;1080;52;41;52
TE478;31.01.2024;13;1.0;1133;52;1084;53;49;48
TE478;31.01.2024;14;1.0;1175;50;1130;50;45;47
TE478;31.01.2024;15;1.0;1264;44;1211;44;53;43
TE478;31.01.2024;16;1.0;1267;39;1202;39;65;39
TE478;31.01.2024;17;1.0;1253;47;1217;48;36;43
TE478;31.01.2024;18;1.0;1213;46;1179;47;34;38
TE478;31.01.2024;19;1.0;1120;54;1091;54;29;47
TE478;31.01.2024;20;1.0;887;57;867;57;20;49
TE478;31.01.2024;21;1.0;813;58;795;58;18;45
TE478;31.01.2024;22;1.0;687;59;669;59;18;50
TE478;31.01.2024;23;1.0;584;61;569;61;15;52
TE484;01.01.2024;0;1.0;232;48;232;48;0;-1
TE484;01.01.2024;1;1.0;475;48;472;48;3;53
TE484;01.01.2024;2;1.0;488;52;485;52;3;52
TE484;01.01.2024;3;1.0;409;51;406;52;3;49
TE484;01.01.2024;4;1.0;390;53;388;53;2;55
TE484;01.01.2024;5;1.0;452;53;447;53;5;48
TE484;01.01.2024;6;1.0;318;55;307;55;11;51
TE484;01.01.2024;7;1.0;234;51;229;51;4;60
TE484;01.01.2024;8;1.0;220;51;214;51;6;52
TE484;01.01.2024;9;1.0;248;48;237;48;10;43
TE484;01.01.2024;10;1.0;341;52;334;52;7;52
TE484;01.01.2024;11;1.0;435;49;430;49;4;58
TE484;01.01.2024;12;1.0;524;54;520;54;4;52
TE484;01.01.2024;13;1.0;661;52;656;52;5;57
TE484;01.01.2024;14;1.0;637;51;634;51;3;59
TE484;01.01.2024;15;1.0;703;50;693;50;10;53
TE484;01.01.2024;16;1.0;732;52;729;52;3;55
TE484;01.01.2024;17;1.0;689;52;687;52;2;50
TE484;01.01.2024;18;1.0;576;52;574;52;2;54
TE484;01.01.2024;19;1.0;544;55;537;55;7;55
TE484;01.01.2024;20;1.0;453;55;445;55;8;49
TE484;01.01.2024;21;1.0;401;51;399;51;2;59
TE484;01.01.2024;22;1.0;298;55;295;55;3;47
TE484;01.01.2024;23;1.0;208;54;206;54;2;42
TE484;02.01.2024;0;1.0;149;53;147;54;2;47
TE484;02.01.2024;1;1.0;115;54;114;54;1;58
TE484;02.01.2024;2;1.0;116;54;115;54;1;48
TE484;02.01.2024;3;1.0;153;51;148;51;5;49
TE484;02.01.2024;4;1.0;377;51;355;52;22;46
TE484;02.01.2024;5;1.0;926;50;882;50;44;49
TE484;02.01.2024;6;1.0;1029;50;982;51;47;49
TE484;02.01.2024;7;1.0;1045;51;1018;51;27;50
TE484;02.01.2024;8;1.0;998;52;967;52;31;51
TE484;02.01.2024;9;1.0;873;54;847;54;26;54
TE484;02.01.2024;10;1.0;872;54;849;54;23;55
TE484;02.01.2024;11;1.0;993;53;970;53;23;51
TE484;02.01.2024;12;1.0;981;53;965;53;16;49
TE484;02.01.2024;13;1.0;1033;54;1015;54;18;51
TE484;02.01.2024;14;1.0;961;52;953;52;8;51
TE484;02.01.2024;15;1.0;1056;52;1051;52;5;52
TE484;02.01.2024;16;1.0;1025;53;1016;53;9;52
TE484;02.01.2024;17;1.0;982;51;978;51;4;54
TE484;02.01.2024;18;1.0;926;52;920;52;6;48
TE484;02.01.2024;19;1.0;646;50;641;50;5;56
TE484;02.01.2024;20;1.0;573;50;573;50;0;-1
TE484;02.01.2024;21;1.0;504;51;498;51;5;54
TE484;02.01.2024;22;1.0;314;53;311;53;3;58
TE484;02.01.2024;23;1.0;227;55;225;55;2;46
TE484;03.01.2024;0;1.0;156;56;155;56;1;48
TE484;03.01.2024;1;1.0;122;49;118;50;4;48
TE484;03.01.2024;2;1.0;131;53;123;53;8;51
TE484;03.01.2024;3;1.0;161;52;150;52;11;55
TE484;03.01.2024;4;1.0;388;54;353;54;35;52
TE484;03.01.2024;5;1.0;969;51;927;51;42;50
TE484;03.01.2024;6;1.0;1148;46;1072;46;78;43
TE484;03.01.2024;7;1.0;1191;45;1121;46;69;43
TE484;03.01.2024;8;1.0;1077;45;1045;45;32;46
TE484;03.01.2024;9;1.0;1069;45;1019;45;49;43
TE484;03.01.2024;10;1.0;1093;48;1039;48;54;48
TE484;03.01.2024;11;1.0;1008;49;939;49;69;48
TE484;03.01.2024;12;1.0;979;50;941;50;38;50
TE484;03.01.2024;13;1.0;1095;46;1068;46;26;45
TE484;03.01.2024;14;1.0;1006;50;990;50;16;46
TE484;03.01.2024;15;1.0;1071;48;1046;48;25;48
TE484;03.01.2024;16;1.0;1175;42;1153;42;22;44
TE484;03.01.2024;17;1.0;996;44;967;44;29;41
TE484;03.01.2024;18;1.0;888;49;877;49;11;46
TE484;03.01.2024;19;1.0;707;48;699;49;8;47
TE484;03.01.2024;20;1.0;614;50;608;50;6;49
TE484;03.01.2024;21;1.0;499;53;490;53;9;46
TE484;03.01.2024;22;1.0;318;49;311;49;7;48
TE484;03.01.2024;23;1.0;213;43;211;43;2;54
TE484;04.01.2024;0;1.0;176;48;169;48;5;46
TE484;04.01.2024;1;1.0;120;49;115;50;4;48
TE484;04.01.2024;2;1.0;106;53;102;53;4;48
TE484;04.01.2024;3;1.0;162;53;152;53;10;51
TE484;04.01.2024;4;1.0;389;57;372;58;17;55
TE484;04.01.2024;5;1.0;986;57;953;57;33;53
TE484;04.01.2024;6;1.0;1132;54;1090;54;42;51
TE484;04.01.2024;7;1.0;1256;47;1218;47;37;48
TE484;04.01.2024;8;1.0;1161;44;1124;44;37;40
TE484;04.01.2024;9;1.0;1124;44;1046;44;78;43
TE484;04.01.2024;10;1.0;1101;45;1035;45;67;43
TE484;04.01.2024;11;1.0;1083;48;1034;48;49;47
TE484;04.01.2024;12;1.0;1091;49;1050;49;41;48
TE484;04.01.2024;13;1.0;1101;50;1054;50;47;49
TE484;04.01.2024;14;1.0;1053;48;1021;48;32;46
TE484;04.01.2024;15;1.0;1080;48;1064;48;16;46
TE484;04.01.2024;16;1.0;1173;46;1148;46;25;45
TE484;04.01.2024;17;1.0;1131;48;1122;48;9;44
TE484;04.01.2024;18;1.0;968;48;956;48;12;48
TE484;04.01.2024;19;1.0;745;50;741;51;4;50
TE484;04.01.2024;20;1.0;617;53;607;53;10;51
TE484;04.01.2024;21;1.0;485;54;477;55;8;52
TE484;04.01.2024;22;1.0;373;55;369;55;4;52
TE484;04.01.2024;23;1.0;255;56;247;56;8;57
TE484;05.01.2024;0;1.0;179;55;170;55;9;51
TE484;05.01.2024;1;1.0;138;55;133;55;5;49
TE484;05.01.2024;2;1.0;126;54;120;54;6;58
TE484;05.01.2024;3;1.0;147;49;134;49;12;46
TE484;05.01.2024;4;1.0;379;53;347;53;31;52
TE484;05.01.2024;5;1.0;886;51;831;51;56;49
TE484;05.01.2024;6;1.0;1107;49;1019;49;87;47
TE484;05.01.2024;7;1.0;1130;52;1087;52;43;51
TE484;05.01.2024;8;1.0;1020;52;1009;52;11;50
TE484;05.01.2024;9;1.0;1086;52;1074;52;12;51
TE484;05.01.2024;10;1.0;1039;53;1017;54;22;51
TE484;05.01.2024;11;1.0;994;51;956;51;38;49
TE484;05.01.2024;12;1.0;1058;51;1035;51;23;49
TE484;05.01.2024;13;1.0;1088;50;1071;50;17;47
TE484;05.01.2024;14;1.0;1027;50;1011;50;16;48
TE484;05.01.2024;15;1.0;1092;49;1085;49;7;47
TE484;05.01.2024;16;1.0;1019;48;1001;48;18;47
TE484;05.01.2024;17;1.0;1002;50;988;50;14;54
TE484;05.01.2024;18;1.0;972;52;967;52;5;54
TE484;05.01.2024;19;1.0;855;54;853;54;2;48
TE484;05.01.2024;20;1.0;696;56;692;56;4;56
TE484;05.01.2024;21;1.0;569;56;564;56;5;53
TE484;05.01.2024;22;1.0;403;57;399;57;4;60
TE484;05.01.2024;23;1.0;333;53;328;53;5;54
TE484;06.01.2024;0;1.0;270;52;265;52;4;57
TE484;06.01.2024;1;1.0;210;53;208;53;2;54
TE484;06.01.2024;2;1.0;149;52;144;52;5;55
TE484;06.01.2024;3;1.0;155;56;150;56;5;53
TE484;06.01.2024;4;1.0;229;57;222;57;7;53
TE484;06.01.2024;5;1.0;371;59;348;59;23;54
TE484;06.01.2024;6;1.0;300;58;282;58;18;53
TE484;06.01.2024;7;1.0;350;56;341;56;9;56
TE484;06.01.2024;8;1.0;470;53;460;53;10;55
TE484;06.01.2024;9;1.0;650;53;625;53;25;52
TE484;06.01.2024;10;1.0;729;53;710;53;19;53
TE484;06.01.2024;11;1.0;927;52;906;52;21;51
TE484;06.01.2024;12;1.0;1006;51;993;51;13;50
TE484;06.01.2024;13;1.0;1117;50;1110;50;7;52
TE484;06.01.2024;14;1.0;1087;50;1079;50;8;48
TE484;06.01.2024;15;1.0;1111;49;1103;49;8;48
TE484;06.01.2024;16;1.0;1123;50;1113;50;10;50
TE484;06.01.2024;17;1.0;1099;50;1097;50;2;45
TE484;06.01.2024;18;1.0;1032;52;1031;52;1;48
TE484;06.01.2024;19;1.0;839;49;837;49;2;56
TE484;06.01.2024;20;1.0;701;49;699;49;2;55
TE484;06.01.2024;21;1.0;599;49;595;49;4;50
TE484;06.01.2024;22;1.0;477;52;471;52;6;55
TE484;06.01.2024;23;1.0;395;52;391;52;4;53
TE484;07.01.2024;0;1.0;273;52;273;52;0;-1
TE484;07.01.2024;1;1.0;212;55;209;55;3;59
TE484;07.01.2024;2;1.0;178;54;178;54;0;-1
TE484;07.01.2024;3;1.0;151;53;149;53;2;51
TE484;07.01.2024;4;1.0;205;49;201;49;4;50
TE484;07.01.2024;5;1.0;251;49;247;49;4;43
TE484;07.01.2024;6;1.0;192;52;182;52;10;53
TE484;07.01.2024;7;1.0;247;58;241;57;6;60
TE484;07.01.2024;8;1.0;260;57;258;57;2;56
TE484;07.01.2024;9;1.0;440;54;437;54;3;54
TE484;07.01.2024;10;1.0;603;54;599;54;4;50
TE484;07.01.2024;11;1.0;693;52;692;52;1;60
TE484;07.01.2024;12;1.0;752;53;746;53;6;51
TE484;07.01.2024;13;1.0;908;53;905;53;3;52
TE484;07.01.2024;14;1.0;868;52;864;52;4;50
TE484;07.01.2024;15;1.0;924;54;920;54;4;54
TE484;07.01.2024;16;1.0;905;54;902;54;3;54
TE484;07.01.2024;17;1.0;972;50;969;50;3;53
TE484;07.01.2024;18;1.0;789;55;788;55;1;45
TE484;07.01.2024;19;1.0;585;56;580;56;5;54
TE484;07.01.2024;20;1.0;510;51;507;51;3;62
TE484;07.01.2024;21;1.0;437;42;431;42;6;40
TE484;07.01.2024;22;1.0;320;51;313;51;7;50
TE484;07.01.2024;23;1.0;240;51;231;51;9;48
TE484;08.01.2024;0;1.0;149;51;145;51;4;46
TE484;08.01.2024;1;1.0;112;52;107;52;5;54
TE484;08.01.2024;2;1.0;117;51;109;51;8;52
TE484;08.01.2024;3;1.0;162;46;154;46;8;40
TE484;08.01.2024;4;1.0;468;48;438;48;31;47
TE484;08.01.2024;5;1.0;1146;46;1090;46;56;45
TE484;08.01.2024;6;1.0;1375;47;1304;47;71;47
TE484;08.01.2024;7;1.0;1324;33;1270;33;54;32
TE484;08.01.2024;8;1.0;1196;42;1155;42;41;39
TE484;08.01.2024;9;1.0;1120;46;1096;46;24;45
TE484;08.01.2024;10;1.0;942;47;916;47;26;44
TE484;08.01.2024;11;1.0;956;47;913;47;43;46
TE484;08.01.2024;12;1.0;905;47;872;47;33;45
TE484;08.01.2024;13;1.0;1004;47;973;47;31;46
TE484;08.01.2024;14;1.0;918;46;895;46;23;46
TE484;08.01.2024;15;1.0;997;44;981;44;16;44
TE484;08.01.2024;16;1.0;1099;44;1081;44;18;43
TE484;08.01.2024;17;1.0;935;45;930;45;5;44
TE484;08.01.2024;18;1.0;879;45;871;45;8;47
TE484;08.01.2024;19;1.0;695;42;685;43;9;48
TE484;08.01.2024;20;1.0;574;44;572;44;2;49
TE484;08.01.2024;21;1.0;480;44;471;44;8;46
TE484;08.01.2024;22;1.0;332;49;325;49;7;45
TE484;08.01.2024;23;1.0;220;49;214;49;6;46
TE484;09.01.2024;0;1.0;147;49;141;48;6;44
TE484;09.01.2024;1;1.0;95;45;92;46;3;43
TE484;09.01.2024;2;1.0;97;49;97;49;0;-1
TE484;09.01.2024;3;1.0;155;52;152;52;3;47
TE484;09.01.2024;4;1.0;391;52;369;53;22;49
TE484;09.01.2024;5;1.0;1139;52;1102;52;37;51
TE484;09.01.2024;6;1.0;1536;46;1484;47;52;45
TE484;09.01.2024;7;1.0;1508;44;1469;44;39;42
TE484;09.01.2024;8;1.0;1436;44;1394;44;42;43
TE484;09.01.2024;9;1.0;1214;48;1177;48;37;47
TE484;09.01.2024;10;1.0;1068;50;1035;50;33;49
TE484;09.01.2024;11;1.0;1082;48;1029;48;53;46
TE484;09.01.2024;12;1.0;1086;47;1038;47;48;45
TE484;09.01.2024;13;1.0;1078;46;1039;46;39;44
TE484;09.01.2024;14;1.0;1011;45;981;45;30;43
TE484;09.01.2024;15;1.0;1074;45;1055;45;19;44
TE484;09.01.2024;16;1.0;1145;44;1121;44;24;44
TE484;09.01.2024;17;1.0;1121;44;1102;44;19;44
TE484;09.01.2024;18;1.0;990;45;977;45;13;44
TE484;09.01.2024;19;1.0;715;46;706;46;9;44
TE484;09.01.2024;20;1.0;631;42;628;42;3;43
TE484;09.01.2024;21;1.0;505;43;501;43;4;44
TE484;09.01.2024;22;1.0;334;43;330;43;4;44
TE484;09.01.2024;23;1.0;269;43;265;43;4;40
TE484;10.01.2024;0;1.0;167;41;165;41;2;40
TE484;10.01.2024;1;1.0;113;46;110;46;3;40
TE484;10.01.2024;2;1.0;105;49;103;49;2;48
TE484;10.01.2024;3;1.0;146;50;141;49;5;53
TE484;10.01.2024;4;1.0;426;54;412;54;14;51
TE484;10.01.2024;5;1.0;1220;53;1183;53;37;52
TE484;10.01.2024;6;1.0;1156;33;1100;33;56;28
TE484;10.01.2024;7;1.0;1535;39;1478;39;57;33
TE484;10.01.2024;8;1.0;1559;45;1514;45;45;44
TE484;10.01.2024;9;1.0;1379;47;1350;47;29;43
TE484;10.01.2024;10;1.0;1140;48;1107;48;33;45
TE484;10.01.2024;11;1.0;1131;47;1085;47;46;47
TE484;10.01.2024;12;1.0;1184;45;1116;45;68;44
TE484;10.01.2024;13;1.0;1148;46;1118;46;30;45
TE484;10.01.2024;14;1.0;1116;45;1079;45;37;44
TE484;10.01.2024;15;1.0;1248;44;1220;44;28;45
TE484;10.01.2024;16;1.0;1168;41;1147;41;21;42
TE484;10.01.2024;17;1.0;1222;41;1206;41;15;42
TE484;10.01.2024;18;1.0;1040;41;1025;41;14;42
TE484;10.01.2024;19;1.0;839;43;826;43;13;48
TE484;10.01.2024;20;1.0;662;49;659;49;3;52
TE484;10.01.2024;21;1.0;559;46;551;46;8;39
TE484;10.01.2024;22;1.0;395;50;388;50;7;49
TE484;10.01.2024;23;1.0;288;43;286;43;2;50
TE484;11.01.2024;0;1.0;192;51;189;51;3;44
TE484;11.01.2024;1;1.0;156;43;150;43;6;38
TE484;11.01.2024;2;1.0;89;45;88;45;1;54
TE484;11.01.2024;3;1.0;139;48;139;48;0;-1
TE484;11.01.2024;4;1.0;415;53;408;53;7;55
TE484;11.01.2024;5;1.0;1232;52;1227;52;5;54
TE484;11.01.2024;6;1.0;1609;44;1598;44;11;48
TE484;11.01.2024;7;1.0;1474;42;1455;42;19;42
TE484;11.01.2024;8;1.0;1473;44;1456;44;16;22
TE484;11.01.2024;9;1.0;1271;54;1256;54;15;49
TE484;11.01.2024;10;1.0;1160;54;1145;54;15;53
TE484;11.01.2024;11;1.0;1140;54;1129;54;11;54
TE484;11.01.2024;12;1.0;1190;53;1176;53;14;54
TE484;11.01.2024;13;1.0;1177;54;1170;54;7;55
TE484;11.01.2024;14;1.0;1139;49;1135;49;4;50
TE484;11.01.2024;15;1.0;1192;37;1175;37;18;38
TE484;11.01.2024;16;1.0;1158;46;1150;46;8;53
TE484;11.01.2024;18;1.0;999;40;991;40;7;40
TE484;11.01.2024;19;1.0;784;43;779;43;5;42
TE484;11.01.2024;20;1.0;648;40;646;40;1;51
TE484;11.01.2024;22;1.0;431;51;429;51;2;54
TE484;11.01.2024;23;1.0;298;50;296;50;2;52
TE484;12.01.2024;0;1.0;195;54;194;54;1;43
TE484;12.01.2024;1;1.0;150;46;149;46;1;53
TE484;12.01.2024;2;1.0;132;44;132;44;0;-1
TE484;12.01.2024;3;1.0;143;56;142;56;1;53
TE484;12.01.2024;4;1.0;456;55;440;56;17;50
TE484;12.01.2024;5;1.0;1158;52;1143;52;15;56
TE484;12.01.2024;6;1.0;1369;40;1356;40;13;40
TE484;12.01.2024;7;1.0;1426;48;1409;48;17;49
TE484;12.01.2024;8;1.0;1377;43;1368;43;10;40
TE484;12.01.2024;9;1.0;1141;52;1129;52;12;52
TE484;12.01.2024;10;1.0;1036;54;1020;54;16;51
TE484;12.01.2024;11;1.0;1137;52;1122;52;15;49
TE484;12.01.2024;12;1.0;1087;43;1057;43;30;41
TE484;12.01.2024;14;1.0;1112;45;1096;45;15;45
TE484;12.01.2024;15;1.0;1103;46;1096;46;6;48
TE484;12.01.2024;17;1.0;1156;46;1151;46;5;52
TE484;12.01.2024;18;1.0;1111;43;1111;43;0;-1
TE484;12.01.2024;19;1.0;858;49;855;49;3;53
TE484;12.01.2024;20;1.0;697;56;696;56;1;56
TE484;12.01.2024;21;1.0;599;52;599;52;0;-1
TE484;12.01.2024;22;1.0;473;47;470;47;3;55
TE484;12.01.2024;23;1.0;393;47;392;47;1;60
TE484;13.01.2024;0;1.0;325;51;324;51;1;48
TE484;13.01.2024;1;1.0;253;40;249;40;2;54
TE484;13.01.2024;2;1.0;188;42;181;42;7;38
TE484;13.01.2024;3;1.0;187;42;184;42;2;54
TE484;13.01.2024;4;1.0;253;44;243;45;7;42
TE484;13.01.2024;6;1.0;339;61;336;61;3;54
TE484;13.01.2024;7;1.0;408;44;400;44;9;36
TE484;13.01.2024;8;1.0;531;47;522;47;9;45
TE484;13.01.2024;9;1.0;781;41;765;41;17;44
TE484;13.01.2024;10;1.0;813;41;807;41;7;41
TE484;13.01.2024;12;1.0;1093;49;1085;49;8;45
TE484;13.01.2024;13;1.0;1167;45;1157;45;10;44
TE484;13.01.2024;14;1.0;1127;45;1121;45;5;51
TE484;13.01.2024;15;1.0;1152;51;1145;51;7;51
TE484;13.01.2024;16;1.0;1151;46;1151;46;0;-1
TE484;13.01.2024;17;1.0;1199;44;1195;44;3;43
TE484;13.01.2024;18;1.0;1161;44;1158;44;3;55
TE484;13.01.2024;19;1.0;913;47;909;47;3;44
TE484;13.01.2024;20;1.0;707;55;703;55;4;56
TE484;13.01.2024;21;1.0;612;52;611;52;1;58
TE484;13.01.2024;22;1.0;492;47;490;47;1;54
TE484;13.01.2024;23;1.0;451;49;446;49;5;57
TE484;14.01.2024;0;1.0;592;47;590;47;2;56
TE484;14.01.2024;2;1.0;226;53;225;53;1;42
TE484;14.01.2024;3;1.0;179;51;179;51;0;-1
TE484;14.01.2024;4;1.0;237;53;232;54;5;45
TE484;14.01.2024;5;1.0;297;57;294;57;3;51
TE484;14.01.2024;6;1.0;225;48;214;48;10;47
TE484;14.01.2024;7;1.0;227;53;223;53;4;56
TE484;14.01.2024;8;1.0;330;53;328;53;2;53
TE484;14.01.2024;9;1.0;511;53;507;52;4;52
TE484;14.01.2024;10;1.0;849;54;844;54;5;52
TE484;14.01.2024;11;1.0;973;52;969;52;4;52
TE484;14.01.2024;12;1.0;1064;43;1058;43;6;47
TE484;14.01.2024;13;1.0;1033;48;1025;48;7;51
TE484;14.01.2024;14;1.0;988;50;981;50;6;55
TE484;14.01.2024;15;1.0;979;53;972;53;7;49
TE484;14.01.2024;16;1.0;975;41;965;41;10;39
TE484;14.01.2024;17;1.0;842;47;837;47;6;50
TE484;14.01.2024;18;1.0;765;48;757;48;7;47
TE484;14.01.2024;19;1.0;652;48;650;48;2;53
TE484;14.01.2024;21;1.0;439;45;436;45;2;60
TE484;14.01.2024;22;1.0;359;54;356;54;3;56
TE484;14.01.2024;23;1.0;206;43;202;43;4;45
TE484;15.01.2024;1;1.0;103;48;103;48;0;-1
TE484;15.01.2024;2;1.0;115;41;113;40;2;57
TE484;15.01.2024;3;1.0;144;43;138;43;5;46
TE484;15.01.2024;4;1.0;376;50;357;51;18;47
TE484;15.01.2024;5;1.0;1113;49;1073;49;41;46
TE484;15.01.2024;6;1.0;1424;42;1385;42;40;41
TE484;15.01.2024;7;1.0;1378;50;1346;50;32;52
TE484;15.01.2024;8;1.0;1287;46;1254;46;33;45
TE484;15.01.2024;9;1.0;1246;47;1196;46;49;48
TE484;15.01.2024;10;1.0;1029;46;993;46;38;46
TE484;15.01.2024;11;1.0;830;48;788;48;42;51
TE484;15.01.2024;12;1.0;936;49;920;49;16;49
TE484;15.01.2024;13;1.0;965;44;941;44;24;43
TE484;15.01.2024;14;1.0;925;45;916;45;9;47
TE484;15.01.2024;15;1.0;974;51;962;51;12;51
TE484;15.01.2024;16;1.0;1070;43;1057;44;10;48
TE484;15.01.2024;17;1.0;1009;48;993;48;16;47
TE484;15.01.2024;18;1.0;846;46;834;46;12;49
TE484;15.01.2024;19;1.0;764;53;757;53;7;54
TE484;15.01.2024;20;1.0;575;50;571;50;3;51
TE484;15.01.2024;21;1.0;507;55;502;55;5;47
TE484;15.01.2024;22;1.0;334;52;330;52;4;53
TE484;15.01.2024;23;1.0;210;51;207;51;3;50
TE484;16.01.2024;0;1.0;133;54;128;54;4;56
TE484;16.01.2024;1;1.0;119;55;116;55;3;49
TE484;16.01.2024;2;1.0;104;44;103;44;1;47
TE484;16.01.2024;3;1.0;127;42;115;42;12;38
TE484;16.01.2024;4;1.0;400;45;384;45;16;43
TE484;16.01.2024;5;1.0;1075;45;1066;45;8;48
TE484;16.01.2024;6;1.0;1377;45;1359;45;18;47
TE484;16.01.2024;7;1.0;1466;42;1441;42;25;37
TE484;16.01.2024;8;1.0;1433;40;1416;40;17;38
TE484;16.01.2024;9;1.0;1261;51;1238;51;23;50
TE484;16.01.2024;10;1.0;1118;51;1088;51;30;48
TE484;16.01.2024;11;1.0;1052;51;1007;51;45;51
TE484;16.01.2024;12;1.0;1043;50;1010;49;33;48
TE484;16.01.2024;13;1.0;1079;50;1061;50;18;46
TE484;16.01.2024;14;1.0;981;46;960;46;21;47
TE484;16.01.2024;15;1.0;1081;50;1065;50;16;49
TE484;16.01.2024;16;1.0;1133;50;1116;50;17;50
TE484;16.01.2024;17;1.0;1073;46;1070;46;3;51
TE484;16.01.2024;18;1.0;888;52;881;52;7;51
TE484;16.01.2024;19;1.0;715;52;706;52;9;52
TE484;16.01.2024;20;1.0;598;46;594;46;3;51
TE484;16.01.2024;21;1.0;516;52;509;52;7;52
TE484;16.01.2024;22;1.0;316;42;312;42;4;39
TE484;16.01.2024;23;1.0;225;50;219;50;5;51
TE484;17.01.2024;0;1.0;152;45;150;45;1;50
TE484;17.01.2024;1;1.0;116;49;112;49;4;50
TE484;17.01.2024;2;1.0;118;47;116;47;2;46
TE484;17.01.2024;3;1.0;163;49;157;49;6;42
TE484;17.01.2024;4;1.0;411;52;390;52;21;50
TE484;17.01.2024;5;1.0;1105;42;1066;42;40;40
TE484;17.01.2024;6;1.0;1451;46;1406;46;45;45
TE484;17.01.2024;7;1.0;1530;37;1482;37;47;38
TE484;17.01.2024;8;1.0;1459;38;1418;38;41;36
TE484;17.01.2024;9;1.0;1181;49;1157;49;24;50
TE484;17.01.2024;10;1.0;1112;50;1074;50;38;47
TE484;17.01.2024;11;1.0;1079;45;1039;45;40;44
TE484;17.01.2024;12;1.0;1103;45;1045;45;58;45
TE484;17.01.2024;13;1.0;1081;45;1043;45;38;44
TE484;17.01.2024;14;1.0;1051;44;1012;44;39;43
TE484;17.01.2024;15;1.0;1119;41;1104;41;15;41
TE484;17.01.2024;16;1.0;1115;46;1097;46;18;44
TE484;17.01.2024;17;1.0;1118;46;1110;46;8;40
TE484;17.01.2024;18;1.0;953;47;946;47;7;53
TE484;17.01.2024;19;1.0;667;40;664;40;2;51
TE484;17.01.2024;22;1.0;383;43;381;43;1;51
TE484;17.01.2024;23;1.0;218;48;214;48;3;59
TE484;18.01.2024;0;1.0;135;41;131;41;4;35
TE484;18.01.2024;1;1.0;108;41;104;41;4;38
TE484;18.01.2024;2;1.0;108;44;107;43;1;51
TE484;18.01.2024;3;1.0;169;48;163;48;6;44
TE484;18.01.2024;4;1.0;427;48;408;48;19;47
TE484;18.01.2024;5;1.0;1237;42;1200;42;38;38
TE484;18.01.2024;6;1.0;1397;39;1375;39;23;37
TE484;18.01.2024;8;1.0;1442;34;1404;34;38;33
TE484;18.01.2024;9;1.0;1211;42;1188;42;24;40
TE484;18.01.2024;10;1.0;1072;42;1033;42;38;42
TE484;18.01.2024;11;1.0;1111;46;1071;46;40;45
TE484;18.01.2024;12;1.0;1013;41;980;42;32;41
TE484;18.01.2024;13;1.0;1112;39;1077;39;34;38
TE484;18.01.2024;14;1.0;984;36;961;36;23;35
TE484;18.01.2024;15;1.0;1075;34;1042;34;33;34
TE484;18.01.2024;17;1.0;1129;38;1118;38;11;37
TE484;18.01.2024;18;1.0;999;35;998;35;1;39
TE484;18.01.2024;19;1.0;732;38;721;38;10;42
TE484;18.01.2024;20;1.0;609;39;609;39;0;-1
TE484;18.01.2024;21;1.0;577;41;570;41;7;38
TE484;18.01.2024;22;1.0;364;41;360;41;3;43
TE484;18.01.2024;23;1.0;273;40;268;40;5;34
TE484;19.01.2024;0;1.0;158;45;153;46;4;47
TE484;19.01.2024;2;1.0;147;42;143;42;3;47
TE484;19.01.2024;3;1.0;180;38;166;39;13;38
TE484;19.01.2024;4;1.0;352;43;325;43;27;42
TE484;19.01.2024;5;1.0;1125;38;1070;38;56;37
TE484;19.01.2024;6;1.0;1297;36;1222;36;75;35
TE484;19.01.2024;8;1.0;1240;37;1180;37;61;37
TE484;19.01.2024;10;1.0;1069;35;1018;35;51;33
TE484;19.01.2024;11;1.0;1018;35;964;35;55;34
TE484;19.01.2024;14;1.0;1008;34;978;34;29;34
TE484;19.01.2024;15;1.0;1069;35;1049;35;20;35
TE484;19.01.2024;16;1.0;1093;42;1074;42;19;42
TE484;19.01.2024;17;1.0;1136;46;1121;46;15;46
TE484;19.01.2024;18;1.0;1097;42;1083;42;13;40
TE484;19.01.2024;19;1.0;838;35;831;35;8;35
TE484;19.01.2024;20;1.0;696;43;693;43;3;51
TE484;19.01.2024;21;1.0;634;40;628;40;7;41
TE484;19.01.2024;22;1.0;475;43;467;43;8;40
TE484;20.01.2024;1;1.0;228;46;224;46;3;43
TE484;20.01.2024;2;1.0;194;46;191;46;2;55
TE484;20.01.2024;3;1.0;176;38;170;38;6;28
TE484;20.01.2024;4;1.0;258;38;247;39;11;34
TE484;20.01.2024;5;1.0;380;45;353;45;27;45
TE484;20.01.2024;6;1.0;351;43;342;43;8;45
TE484;20.01.2024;7;1.0;434;41;424;41;8;44
TE484;20.01.2024;9;1.0;729;45;699;45;30;45
TE484;20.01.2024;10;1.0;887;46;870;46;16;46
TE484;20.01.2024;12;1.0;1019;46;1004;46;15;40
TE484;20.01.2024;13;1.0;1135;38;1120;38;16;35
TE484;20.01.2024;14;1.0;1172;36;1144;36;26;36
TE484;20.01.2024;15;1.0;1066;48;1054;48;12;50
TE484;20.01.2024;16;1.0;1205;37;1193;37;12;38
TE484;20.01.2024;17;1.0;1169;38;1156;38;13;36
TE484;20.01.2024;18;1.0;1109;36;1102;36;6;35
TE484;20.01.2024;19;1.0;829;40;826;40;2;48
TE484;20.01.2024;20;1.0;749;35;739;35;10;30
TE484;20.01.2024;21;1.0;577;36;571;36;7;33
TE484;20.01.2024;22;1.0;544;37;539;37;5;37
TE484;20.01.2024;23;1.0;409;37;396;37;13;36
TE484;21.01.2024;0;1.0;286;46;285;46;1;49
TE484;21.01.2024;1;1.0;273;41;272;41;1;48
TE484;21.01.2024;2;1.0;193;47;193;47;0;-1
TE484;21.01.2024;3;1.0;197;45;197;45;0;-1
TE484;21.01.2024;4;1.0;238;48;234;48;4;48
TE484;21.01.2024;5;1.0;308;49;301;50;8;40
TE484;21.01.2024;6;1.0;234;49;224;49;10;44
TE484;21.01.2024;7;1.0;250;53;241;54;8;54
TE484;21.01.2024;8;1.0;302;52;296;52;6;53
TE484;21.01.2024;9;1.0;545;49;535;49;8;52
TE484;21.01.2024;10;1.0;702;43;691;43;12;40
TE484;21.01.2024;11;1.0;786;49;774;49;10;52
TE484;21.01.2024;12;1.0;916;45;904;45;10;50
TE484;21.01.2024;13;1.0;1042;52;1031;52;11;50
TE484;21.01.2024;14;1.0;1013;51;999;51;14;52
TE484;21.01.2024;15;1.0;953;45;935;45;17;46
TE484;21.01.2024;16;1.0;955;46;942;46;14;45
TE484;21.01.2024;17;1.0;863;50;854;50;9;49
TE484;21.01.2024;18;1.0;766;49;760;49;6;56
TE484;21.01.2024;19;1.0;702;52;695;52;7;46
TE484;21.01.2024;20;1.0;517;52;511;52;6;52
TE484;21.01.2024;21;1.0;462;47;456;47;6;49
TE484;21.01.2024;22;1.0;334;44;328;44;7;42
TE484;21.01.2024;23;1.0;195;50;188;50;7;45
TE484;22.01.2024;0;1.0;145;52;142;52;3;53
TE484;22.01.2024;1;1.0;95;53;91;53;4;60
TE484;22.01.2024;2;1.0;103;46;100;46;3;51
TE484;22.01.2024;3;1.0;159;53;150;53;9;55
TE484;22.01.2024;4;1.0;427;54;389;54;38;51
TE484;22.01.2024;5;1.0;1173;54;1120;54;53;53
TE484;22.01.2024;6;1.0;1453;45;1346;45;106;43
TE484;22.01.2024;7;1.0;1513;41;1386;42;128;40
TE484;22.01.2024;8;1.0;1427;44;1302;44;125;44
TE484;22.01.2024;9;1.0;1159;47;1104;47;55;47
TE484;22.01.2024;10;1.0;1104;48;1058;48;46;48
TE484;22.01.2024;11;1.0;1083;46;1017;46;66;46
TE484;22.01.2024;12;1.0;1065;48;985;48;80;48
TE484;22.01.2024;13;1.0;1074;46;1016;46;57;45
TE484;22.01.2024;14;1.0;1083;45;1022;45;61;44
TE484;22.01.2024;15;1.0;1109;48;1062;48;47;48
TE484;22.01.2024;16;1.0;1175;47;1140;47;35;45
TE484;22.01.2024;17;1.0;1088;47;1074;47;14;46
TE484;22.01.2024;18;1.0;892;48;872;48;20;50
TE484;22.01.2024;19;1.0;761;46;750;46;11;45
TE484;22.01.2024;20;1.0;591;45;583;45;6;51
TE484;22.01.2024;21;1.0;486;39;482;39;5;40
TE484;22.01.2024;23;1.0;218;41;216;41;2;47
TE484;23.01.2024;0;1.0;155;45;149;46;4;50
TE484;23.01.2024;1;1.0;110;43;107;44;2;38
TE484;23.01.2024;3;1.0;142;43;137;43;4;49
TE484;23.01.2024;4;1.0;389;44;371;45;18;44
TE484;23.01.2024;5;1.0;1180;42;1110;42;69;41
TE484;23.01.2024;6;1.0;1513;39;1419;39;94;37
TE484;23.01.2024;7;1.0;1517;38;1446;38;71;40
TE484;23.01.2024;8;1.0;1593;32;1494;32;99;29
TE484;23.01.2024;9;1.0;1234;45;1128;45;104;46
TE484;23.01.2024;11;1.0;1202;45;1107;45;95;44
TE484;23.01.2024;12;1.0;1156;49;1096;49;60;47
TE484;23.01.2024;13;1.0;1203;36;1146;36;55;36
TE484;23.01.2024;14;1.0;1103;36;1070;36;33;33
TE484;23.01.2024;15;1.0;1180;35;1138;35;42;34
TE484;23.01.2024;16;1.0;1250;45;1218;45;32;45
TE484;23.01.2024;17;1.0;1099;37;1078;37;21;37
TE484;23.01.2024;18;1.0;1050;45;1026;45;24;45
TE484;23.01.2024;19;1.0;793;42;774;42;20;42
TE484;23.01.2024;20;1.0;629;45;622;45;7;45
TE484;23.01.2024;21;1.0;540;50;532;50;8;45
TE484;23.01.2024;22;1.0;378;51;373;51;5;54
TE484;23.01.2024;23;1.0;222;54;218;54;4;53
TE484;24.01.2024;0;1.0;138;49;132;49;6;47
TE484;24.01.2024;1;1.0;108;55;106;55;2;50
TE484;24.01.2024;2;1.0;108;54;102;54;6;51
TE484;24.01.2024;3;1.0;165;53;153;53;12;49
TE484;24.01.2024;4;1.0;403;46;376;46;27;48
TE484;24.01.2024;5;1.0;1257;48;1174;48;84;45
TE484;24.01.2024;6;1.0;1619;45;1469;45;150;43
TE484;24.01.2024;7;1.0;1562;36;1407;36;155;36
TE484;24.01.2024;8;1.0;1369;17;1264;17;105;14
TE484;24.01.2024;9;1.0;1180;27;1101;26;79;27
TE484;24.01.2024;10;1.0;1206;37;1155;37;52;36
TE484;24.01.2024;11;1.0;1171;49;1099;49;72;48
TE484;24.01.2024;12;1.0;1169;44;1058;44;111;44
TE484;24.01.2024;13;1.0;1241;43;1190;44;51;41
TE484;24.01.2024;14;1.0;1164;46;1128;46;36;45
TE484;24.01.2024;15;1.0;1197;39;1162;39;36;39
TE484;24.01.2024;16;1.0;1275;42;1252;42;22;41
TE484;24.01.2024;17;1.0;1283;42;1257;42;25;39
TE484;24.01.2024;18;1.0;1019;39;992;39;26;40
TE484;24.01.2024;19;1.0;832;48;817;48;15;46
TE484;24.01.2024;20;1.0;641;45;628;45;12;44
TE484;24.01.2024;21;1.0;587;46;578;46;8;46
TE484;24.01.2024;22;1.0;414;48;408;48;6;49
TE484;24.01.2024;23;1.0;273;46;272;46;1;45
TE484;25.01.2024;0;1.0;192;44;182;44;11;40
TE484;25.01.2024;1;1.0;144;41;139;41;5;35
TE484;25.01.2024;2;1.0;111;46;103;46;7;49
TE484;25.01.2024;3;1.0;168;52;147;52;21;52
TE484;25.01.2024;4;1.0;453;52;420;53;33;50
TE484;25.01.2024;5;1.0;1179;47;1103;48;76;46
TE484;25.01.2024;6;1.0;1565;46;1458;46;107;44
TE484;25.01.2024;7;1.0;1644;40;1528;40;117;38
TE484;25.01.2024;8;1.0;1520;44;1419;44;101;40
TE484;25.01.2024;9;1.0;1295;44;1250;44;45;41
TE484;25.01.2024;10;1.0;1202;46;1171;46;29;43
TE484;25.01.2024;11;1.0;1172;37;1139;37;34;34
TE484;25.01.2024;12;1.0;1279;43;1225;44;54;40
TE484;25.01.2024;13;1.0;1234;42;1184;42;48;42
TE484;25.01.2024;14;1.0;1215;45;1175;45;40;43
TE484;25.01.2024;15;1.0;1205;40;1168;41;37;38
TE484;25.01.2024;16;1.0;1314;44;1285;44;29;42
TE484;25.01.2024;17;1.0;1205;43;1189;43;16;43
TE484;25.01.2024;18;1.0;1065;44;1055;43;9;46
TE484;25.01.2024;19;1.0;868;49;858;49;10;48
TE484;25.01.2024;20;1.0;689;52;685;52;4;52
TE484;25.01.2024;21;1.0;609;43;602;43;7;37
TE484;25.01.2024;22;1.0;389;45;383;45;6;45
TE484;25.01.2024;23;1.0;292;50;290;50;2;44
TE484;26.01.2024;0;1.0;186;43;177;43;10;40
TE484;26.01.2024;1;1.0;143;49;139;49;4;48
TE484;26.01.2024;2;1.0;137;42;135;42;2;46
TE484;26.01.2024;3;1.0;168;45;155;46;12;44
TE484;26.01.2024;4;1.0;429;48;401;48;28;47
TE484;26.01.2024;5;1.0;1175;55;1148;55;27;54
TE484;26.01.2024;6;1.0;1536;49;1464;49;72;46
TE484;26.01.2024;7;1.0;1493;43;1415;43;78;41
TE484;26.01.2024;8;1.0;1479;45;1393;45;86;44
TE484;26.01.2024;9;1.0;1294;47;1242;47;53;44
TE484;26.01.2024;10;1.0;1135;44;1081;44;54;44
TE484;26.01.2024;11;1.0;1152;40;1111;40;40;40
TE484;26.01.2024;12;1.0;1112;42;1062;42;50;43
TE484;26.01.2024;13;1.0;1217;38;1190;38;27;36
TE484;26.01.2024;14;1.0;1155;49;1139;49;16;52
TE484;26.01.2024;15;1.0;1172;48;1157;48;15;49
TE484;26.01.2024;16;1.0;1157;42;1138;42;20;41
TE484;26.01.2024;17;1.0;1191;42;1167;42;24;41
TE484;26.01.2024;18;1.0;1102;47;1091;47;11;45
TE484;26.01.2024;19;1.0;961;47;951;47;10;47
TE484;26.01.2024;20;1.0;760;47;748;47;12;48
TE484;26.01.2024;21;1.0;688;48;679;48;9;45
TE484;26.01.2024;22;1.0;520;44;512;45;8;39
TE484;26.01.2024;23;1.0;446;49;441;49;5;50
TE484;27.01.2024;0;1.0;397;49;393;49;4;44
TE484;27.01.2024;1;1.0;268;45;260;46;6;47
TE484;27.01.2024;2;1.0;206;47;204;47;2;45
TE484;27.01.2024;5;1.0;420;53;402;53;18;50
TE484;27.01.2024;6;1.0;357;42;346;42;11;40
TE484;27.01.2024;7;1.0;482;48;467;48;15;50
TE484;27.01.2024;8;1.0;613;51;596;51;17;56
TE484;27.01.2024;9;1.0;904;50;880;50;24;54
TE484;27.01.2024;10;1.0;1002;44;966;43;36;45
TE484;27.01.2024;11;1.0;1056;46;1041;46;15;46
TE484;27.01.2024;12;1.0;1241;37;1224;37;17;39
TE484;27.01.2024;13;1.0;1239;41;1220;41;19;40
TE484;27.01.2024;14;1.0;1329;40;1296;40;34;40
TE484;27.01.2024;15;1.0;1224;39;1195;39;29;38
TE484;27.01.2024;16;1.0;1303;45;1270;45;33;41
TE484;27.01.2024;17;1.0;1381;40;1346;40;35;40
TE484;27.01.2024;18;1.0;1214;34;1186;33;28;35
TE484;27.01.2024;19;1.0;966;43;956;43;11;40
TE484;27.01.2024;20;1.0;810;39;796;39;14;36
TE484;27.01.2024;21;1.0;697;44;691;44;6;46
TE484;27.01.2024;22;1.0;588;44;582;44;5;42
TE484;27.01.2024;23;1.0;537;45;534;45;2;50
TE484;28.01.2024;0;1.0;511;49;503;49;8;46
TE484;28.01.2024;1;1.0;334;49;330;49;4;52
TE484;28.01.2024;2;1.0;267;51;267;51;0;-1
TE484;28.01.2024;3;1.0;199;45;197;45;2;42
TE484;28.01.2024;4;1.0;235;50;232;50;3;45
TE484;28.01.2024;5;1.0;342;46;335;46;5;44
TE484;28.01.2024;6;1.0;248;49;238;49;10;46
TE484;28.01.2024;7;1.0;250;47;242;48;8;47
TE484;28.01.2024;8;1.0;360;43;351;43;8;48
TE484;28.01.2024;9;1.0;552;38;540;38;11;40
TE484;28.01.2024;10;1.0;823;42;794;42;29;43
TE484;28.01.2024;11;1.0;905;38;887;38;18;35
TE484;28.01.2024;12;1.0;1007;44;978;44;29;43
TE484;28.01.2024;13;1.0;1088;45;1065;45;23;45
TE484;28.01.2024;14;1.0;1174;45;1152;45;22;46
TE484;28.01.2024;15;1.0;1098;47;1076;47;22;47
TE484;28.01.2024;16;1.0;1066;43;1054;43;11;44
TE484;28.01.2024;17;1.0;1199;45;1181;45;18;44
TE484;28.01.2024;18;1.0;964;47;949;47;15;46
TE484;28.01.2024;19;1.0;741;47;734;47;7;48
TE484;28.01.2024;20;1.0;601;45;589;44;12;45
TE484;28.01.2024;21;1.0;517;49;511;49;6;47
TE484;28.01.2024;22;1.0;332;49;329;49;3;51
TE484;28.01.2024;23;1.0;259;50;254;50;5;46
TE484;29.01.2024;0;1.0;181;49;179;49;2;47
TE484;29.01.2024;1;1.0;131;47;129;47;2;48
TE484;29.01.2024;2;1.0;105;40;102;40;3;44
TE484;29.01.2024;3;1.0;140;48;133;49;7;48
TE484;29.01.2024;4;1.0;448;48;425;48;25;47
TE484;29.01.2024;5;1.0;1206;48;1145;48;61;48
TE484;29.01.2024;6;1.0;1390;33;1320;33;70;32
TE484;29.01.2024;7;1.0;1536;38;1461;38;75;39
TE484;29.01.2024;9;1.0;1182;38;1096;38;85;38
TE484;29.01.2024;10;1.0;1217;45;1098;45;119;45
TE484;29.01.2024;11;1.0;1084;42;995;42;89;42
TE484;29.01.2024;12;1.0;1123;46;1027;46;96;45
TE484;29.01.2024;13;1.0;1155;42;1084;42;70;43
TE484;29.01.2024;14;1.0;1063;48;985;48;78;49
TE484;29.01.2024;15;1.0;1242;46;1185;46;57;47
TE484;29.01.2024;16;1.0;1257;45;1201;45;56;45
TE484;29.01.2024;17;1.0;1134;46;1093;46;41;47
TE484;29.01.2024;18;1.0;939;47;912;47;27;48
TE484;29.01.2024;19;1.0;811;47;792;47;19;46
TE484;29.01.2024;20;1.0;648;47;630;47;18;48
TE484;29.01.2024;21;1.0;485;48;474;48;11;48
TE484;29.01.2024;22;1.0;347;50;338;50;9;52
TE484;29.01.2024;23;1.0;216;46;211;46;5;49
TE484;30.01.2024;0;1.0;148;41;145;41;3;48
TE484;30.01.2024;1;1.0;116;49;111;49;5;41
TE484;30.01.2024;2;1.0;112;43;107;43;5;41
TE484;30.01.2024;3;1.0;145;45;139;45;6;54
TE484;30.01.2024;4;1.0;449;48;422;49;27;48
TE484;30.01.2024;5;1.0;1103;46;1033;46;70;44
TE484;30.01.2024;6;1.0;1621;46;1524;46;97;45
TE484;30.01.2024;7;1.0;1466;33;1384;32;83;29
TE484;30.01.2024;8;1.0;1577;40;1498;41;78;39
TE484;30.01.2024;9;1.0;1268;46;1183;46;85;45
TE484;30.01.2024;10;1.0;1136;48;1042;48;94;48
TE484;30.01.2024;11;1.0;1077;46;1012;46;65;46
TE484;30.01.2024;12;1.0;1151;43;1092;43;59;41
TE484;30.01.2024;13;1.0;1101;43;1048;43;54;42
TE484;30.01.2024;14;1.0;1052;42;1018;42;34;43
TE484;30.01.2024;15;1.0;1161;47;1130;47;31;47
TE484;30.01.2024;16;1.0;1189;45;1159;45;30;45
TE484;30.01.2024;17;1.0;1029;46;1015;46;14;44
TE484;30.01.2024;18;1.0;921;47;898;47;23;49
TE484;30.01.2024;19;1.0;777;48;759;48;18;48
TE484;30.01.2024;20;1.0;606;47;592;47;15;47
TE484;30.01.2024;21;1.0;496;42;481;42;16;41
TE484;30.01.2024;22;1.0;395;38;389;38;6;43
TE484;30.01.2024;23;1.0;251;51;247;51;4;49
TE484;31.01.2024;0;1.0;169;42;160;42;8;39
TE484;31.01.2024;1;1.0;127;52;122;53;5;48
TE484;31.01.2024;2;1.0;137;45;124;46;13;42
TE484;31.01.2024;3;1.0;148;52;133;52;15;49
TE484;31.01.2024;4;1.0;404;50;361;50;42;49
TE484;31.01.2024;5;1.0;1170;53;1111;53;59;52
TE484;31.01.2024;6;1.0;1488;51;1424;51;64;50
TE484;31.01.2024;7;1.0;1615;40;1556;40;59;39
TE484;31.01.2024;8;1.0;1477;34;1412;34;65;32
TE484;31.01.2024;9;1.0;1366;39;1308;39;58;37
TE484;31.01.2024;10;1.0;1249;45;1169;45;81;43
TE484;31.01.2024;11;1.0;1152;45;1100;45;51;43
TE484;31.01.2024;12;1.0;1209;49;1146;49;63;46
TE484;31.01.2024;13;1.0;1199;49;1133;49;66;47
TE484;31.01.2024;14;1.0;1083;44;1031;44;52;43
TE484;31.01.2024;15;1.0;1209;44;1169;44;40;43
TE484;31.01.2024;16;1.0;1214;48;1176;48;38;46
TE484;31.01.2024;17;1.0;1254;48;1227;48;27;47
TE484;31.01.2024;18;1.0;1098;46;1069;46;30;44
TE484;31.01.2024;19;1.0;795;49;784;49;12;53
TE484;31.01.2024;20;1.0;618;55;608;55;10;56
TE484;31.01.2024;21;1.0;527;45;517;45;10;40
TE484;31.01.2024;22;1.0;363;54;353;54;10;53
TE484;31.01.2024;23;1.0;268;52;258;52;10;46
TE490;01.01.2024;0;1.0;469;16;278;18;191;13
TE490;01.01.2024;1;1.0;866;34;327;39;539;31
TE490;01.01.2024;2;1.0;776;31;446;32;330;29
TE490;01.01.2024;3;1.0;694;26;402;27;292;24
TE490;01.01.2024;4;1.0;476;15;424;13;52;31
TE490;01.01.2024;5;1.0;550;15;404;16;146;11
TE490;01.01.2024;6;1.0;440;13;391;13;49;10
TE490;01.01.2024;7;1.0;399;12;342;12;56;13
TE490;01.01.2024;8;1.0;417;10;407;10;10;17
TE490;01.01.2024;9;1.0;452;10;451;10;1;51
TE490;01.01.2024;10;1.0;788;44;319;43;469;45
TE490;01.01.2024;11;1.0;789;41;511;42;278;40
TE490;01.01.2024;12;1.0;862;44;703;44;159;44
TE490;01.01.2024;13;1.0;905;44;777;44;128;43
TE490;01.01.2024;14;1.0;920;43;779;44;141;38
TE490;01.01.2024;15;1.0;980;42;783;44;197;35
TE490;01.01.2024;16;1.0;959;41;862;41;97;38
TE490;01.01.2024;17;1.0;971;40;810;41;161;37
TE490;01.01.2024;18;1.0;882;42;661;43;221;40
TE490;01.01.2024;19;1.0;884;42;480;45;404;37
TE490;01.01.2024;20;1.0;860;43;386;44;474;42
TE490;01.01.2024;21;1.0;760;34;286;42;474;29
TE490;01.01.2024;22;1.0;623;20;208;27;415;17
TE490;01.01.2024;23;1.0;595;25;149;28;446;24
TE490;02.01.2024;0;1.0;477;12;229;11;248;12
TE490;02.01.2024;1;1.0;386;7;327;7;59;7
TE490;02.01.2024;2;1.0;359;6;358;6;1;41
TE490;02.01.2024;3;1.0;357;6;357;6;0;-1
TE490;02.01.2024;4;1.0;418;13;215;17;203;10
TE490;02.01.2024;5;1.0;877;25;516;26;361;24
TE490;02.01.2024;6;1.0;971;34;558;38;413;29
TE490;02.01.2024;7;1.0;1196;39;769;42;427;35
TE490;02.01.2024;8;1.0;976;40;729;42;247;32
TE490;02.01.2024;9;1.0;1077;46;873;47;204;42
TE490;02.01.2024;10;1.0;1077;46;893;46;184;45
TE490;02.01.2024;11;1.0;1160;45;810;46;350;43
TE490;02.01.2024;12;1.0;1219;44;1011;45;208;42
TE490;02.01.2024;13;1.0;1137;47;980;47;157;44
TE490;02.01.2024;14;1.0;1224;46;1010;47;214;42
TE490;02.01.2024;15;1.0;1167;47;995;47;172;44
TE490;02.01.2024;16;1.0;1234;45;1131;46;103;42
TE490;02.01.2024;17;1.0;1250;46;966;47;284;42
TE490;02.01.2024;18;1.0;1227;45;837;47;390;42
TE490;02.01.2024;19;1.0;1016;43;576;47;440;37
TE490;02.01.2024;20;1.0;960;44;498;48;462;41
TE490;02.01.2024;21;1.0;932;43;412;46;520;41
TE490;02.01.2024;22;1.0;707;31;223;33;484;30
TE490;02.01.2024;23;1.0;591;18;221;23;370;14
TE490;03.01.2024;0;1.0;622;21;130;26;492;19
TE490;03.01.2024;1;1.0;653;37;119;31;534;38
TE490;03.01.2024;2;1.0;672;25;95;30;577;24
TE490;03.01.2024;3;1.0;572;23;121;16;451;24
TE490;03.01.2024;4;1.0;728;29;198;32;530;28
TE490;03.01.2024;5;1.0;908;33;660;34;248;31
TE490;03.01.2024;6;1.0;1034;41;802;42;232;37
TE490;03.01.2024;7;1.0;1148;41;1027;41;121;38
TE490;03.01.2024;8;1.0;1143;42;1022;42;121;39
TE490;03.01.2024;9;1.0;1062;40;964;40;98;38
TE490;03.01.2024;10;1.0;1080;41;993;41;87;40
TE490;03.01.2024;11;1.0;898;40;582;42;316;37
TE490;03.01.2024;12;1.0;904;40;603;43;302;35
TE490;03.01.2024;13;1.0;819;36;661;36;158;36
TE490;03.01.2024;14;1.0;946;40;672;41;274;37
TE490;03.01.2024;15;1.0;1125;43;816;44;309;41
TE490;03.01.2024;16;1.0;989;44;711;45;278;42
TE490;03.01.2024;17;1.0;943;40;661;43;282;33
TE490;03.01.2024;18;1.0;990;41;779;42;211;38
TE490;03.01.2024;19;1.0;951;42;846;42;105;39
TE490;03.01.2024;20;1.0;917;39;680;40;237;37
TE490;03.01.2024;21;1.0;796;39;604;39;192;37
TE490;03.01.2024;22;1.0;718;33;380;35;338;32
TE490;03.01.2024;23;1.0;713;29;246;31;467;28
TE490;04.01.2024;0;1.0;486;15;314;12;172;22
TE490;04.01.2024;1;1.0;642;25;89;26;553;24
TE490;04.01.2024;2;1.0;452;16;100;20;352;15
TE490;04.01.2024;3;1.0;536;12;263;10;273;15
TE490;04.01.2024;4;1.0;641;21;180;30;461;18
TE490;04.01.2024;5;1.0;972;34;638;35;334;32
TE490;04.01.2024;6;1.0;1107;45;948;46;159;39
TE490;04.01.2024;7;1.0;1135;45;989;46;146;41
TE490;04.01.2024;8;1.0;1118;44;924;45;194;40
TE490;04.01.2024;9;1.0;1161;41;926;42;235;34
TE490;04.01.2024;10;1.0;1188;44;963;44;225;41
TE490;04.01.2024;11;1.0;1189;43;963;43;226;39
TE490;04.01.2024;12;1.0;1212;42;1004;43;208;40
TE490;04.01.2024;13;1.0;1247;41;945;43;302;38
TE490;04.01.2024;14;1.0;1241;40;873;42;368;36
TE490;04.01.2024;15;1.0;1299;44;1047;44;252;40
TE490;04.01.2024;16;1.0;1305;43;981;44;324;42
TE490;04.01.2024;17;1.0;1263;45;998;46;265;42
TE490;04.01.2024;18;1.0;1250;42;801;44;449;37
TE490;04.01.2024;19;1.0;1006;38;568;41;438;34
TE490;04.01.2024;20;1.0;719;34;425;40;294;25
TE490;04.01.2024;21;1.0;661;40;324;46;337;33
TE490;04.01.2024;22;1.0;317;23;182;31;135;12
TE490;04.01.2024;23;1.0;211;17;198;17;13;10
TE490;05.01.2024;0;1.0;374;20;167;22;207;19
TE490;05.01.2024;1;1.0;306;9;237;9;69;7
TE490;05.01.2024;2;1.0;560;19;62;27;498;18
TE490;05.01.2024;3;1.0;491;19;59;28;432;18
TE490;05.01.2024;4;1.0;390;28;89;39;301;25
TE490;05.01.2024;5;1.0;565;30;344;36;221;19
TE490;05.01.2024;6;1.0;845;37;686;41;159;19
TE490;05.01.2024;7;1.0;1122;43;709;47;413;37
TE490;05.01.2024;8;1.0;943;42;601;46;342;34
TE490;05.01.2024;9;1.0;1104;48;907;49;197;42
TE490;05.01.2024;10;1.0;1112;41;691;47;421;31
TE490;05.01.2024;11;1.0;1144;38;716;44;428;28
TE490;05.01.2024;12;1.0;1112;39;680;45;432;29
TE490;05.01.2024;13;1.0;1189;41;726;45;463;34
TE490;05.01.2024;14;1.0;1269;43;785;47;484;37
TE490;05.01.2024;15;1.0;1084;41;715;46;369;32
TE490;05.01.2024;16;1.0;1255;41;777;46;478;31
TE490;05.01.2024;17;1.0;1276;41;799;45;477;35
TE490;05.01.2024;18;1.0;1171;45;759;47;412;39
TE490;05.01.2024;19;1.0;1142;45;721;46;421;42
TE490;05.01.2024;20;1.0;846;39;457;45;389;32
TE490;05.01.2024;21;1.0;594;27;343;37;251;14
TE490;05.01.2024;22;1.0;480;19;246;28;234;10
TE490;05.01.2024;23;1.0;507;20;161;29;346;16
TE490;06.01.2024;0;1.0;401;18;162;27;239;11
TE490;06.01.2024;1;1.0;259;18;184;21;75;10
TE490;06.01.2024;2;1.0;217;12;167;14;50;4
TE490;06.01.2024;3;1.0;392;23;61;39;330;19
TE490;06.01.2024;4;1.0;117;27;96;31;21;6
TE490;06.01.2024;5;1.0;278;23;168;31;110;12
TE490;06.01.2024;6;1.0;346;33;152;44;194;25
TE490;06.01.2024;7;1.0;272;36;169;49;103;14
TE490;06.01.2024;8;1.0;411;29;289;37;122;9
TE490;06.01.2024;9;1.0;474;36;325;46;150;14
TE490;06.01.2024;10;1.0;680;36;447;42;233;24
TE490;06.01.2024;11;1.0;939;38;570;43;369;29
TE490;06.01.2024;12;1.0;1136;37;702;44;434;27
TE490;06.01.2024;13;1.0;1196;39;700;43;496;32
TE490;06.01.2024;14;1.0;1176;41;735;46;441;33
TE490;06.01.2024;15;1.0;892;39;650;45;242;24
TE490;06.01.2024;16;1.0;715;50;517;51;198;45
TE490;06.01.2024;17;1.0;854;41;620;43;234;37
TE490;06.01.2024;18;1.0;905;44;613;47;292;38
TE490;06.01.2024;19;1.0;679;45;446;48;232;40
TE490;06.01.2024;20;1.0;470;38;343;45;127;17
TE490;06.01.2024;21;1.0;392;41;252;45;140;34
TE490;06.01.2024;22;1.0;299;26;188;37;111;6
TE490;06.01.2024;23;1.0;197;27;144;30;53;19
TE490;07.01.2024;0;1.0;259;28;141;29;118;27
TE490;07.01.2024;1;1.0;460;29;72;43;388;27
TE490;07.01.2024;2;1.0;429;29;53;47;376;27
TE490;07.01.2024;3;1.0;486;31;43;43;443;30
TE490;07.01.2024;4;1.0;505;32;39;42;466;31
TE490;07.01.2024;5;1.0;518;29;58;40;460;28
TE490;07.01.2024;6;1.0;514;28;75;49;439;24
TE490;07.01.2024;7;1.0;501;31;67;53;434;28
TE490;07.01.2024;8;1.0;521;31;110;51;411;26
TE490;07.01.2024;9;1.0;492;29;164;49;328;19
TE490;07.01.2024;10;1.0;357;35;245;42;112;20
TE490;07.01.2024;11;1.0;379;42;354;44;25;15
TE490;07.01.2024;12;1.0;500;40;376;45;124;25
TE490;07.01.2024;13;1.0;682;31;438;41;244;11
TE490;07.01.2024;14;1.0;833;33;524;44;309;13
TE490;07.01.2024;15;1.0;952;40;584;47;368;30
TE490;07.01.2024;16;1.0;733;34;510;43;223;14
TE490;07.01.2024;17;1.0;1020;39;695;45;325;28
TE490;07.01.2024;18;1.0;824;39;460;45;364;30
TE490;07.01.2024;19;1.0;472;35;348;42;124;15
TE490;07.01.2024;20;1.0;357;40;290;43;67;30
TE490;07.01.2024;21;1.0;532;28;230;40;302;19
TE490;07.01.2024;22;1.0;503;28;109;39;394;24
TE490;07.01.2024;23;1.0;485;30;76;40;409;28
TE490;08.01.2024;0;1.0;489;29;54;39;435;27
TE490;08.01.2024;1;1.0;460;30;7;34;453;30
TE490;08.01.2024;2;1.0;529;33;21;38;508;32
TE490;08.01.2024;3;1.0;420;32;30;42;390;31
TE490;08.01.2024;4;1.0;503;27;114;37;389;24
TE490;08.01.2024;5;1.0;561;29;317;37;244;18
TE490;08.01.2024;6;1.0;1052;37;643;43;409;28
TE490;08.01.2024;7;1.0;939;35;603;42;336;23
TE490;08.01.2024;8;1.0;781;33;548;39;233;20
TE490;08.01.2024;9;1.0;799;36;565;42;234;21
TE490;08.01.2024;10;1.0;503;40;441;43;62;15
TE490;08.01.2024;12;1.0;539;37;467;41;72;15
TE490;08.01.2024;13;1.0;629;43;492;42;137;44
TE490;08.01.2024;17;1.0;692;36;527;42;165;16
TE490;08.01.2024;18;1.0;723;34;517;39;206;20
TE490;08.01.2024;19;1.0;645;33;392;41;253;20
TE490;08.01.2024;20;1.0;689;30;308;39;381;22
TE490;08.01.2024;21;1.0;683;29;274;40;409;22
TE490;08.01.2024;22;1.0;616;24;185;32;431;20
TE490;08.01.2024;23;1.0;501;26;130;32;371;24
TE490;09.01.2024;0;1.0;524;25;97;32;427;23
TE490;09.01.2024;1;1.0;428;24;72;30;356;22
TE490;09.01.2024;2;1.0;504;22;82;28;422;21
TE490;09.01.2024;3;1.0;456;23;63;33;393;21
TE490;09.01.2024;4;1.0;572;26;156;32;416;23
TE490;09.01.2024;5;1.0;792;29;416;36;376;20
TE490;09.01.2024;6;1.0;826;34;557;42;269;17
TE490;09.01.2024;7;1.0;840;37;652;43;188;18
TE490;09.01.2024;8;1.0;885;30;665;36;219;16
TE490;09.01.2024;9;1.0;776;37;635;42;141;17
TE490;09.01.2024;10;1.0;696;34;535;39;161;20
TE490;09.01.2024;11;1.0;558;39;500;41;58;21
TE490;09.01.2024;12;1.0;477;45;461;45;17;39
TE490;09.01.2024;14;1.0;623;36;469;42;154;19
TE490;09.01.2024;16;1.0;586;35;503;38;82;16
TE490;09.01.2024;17;1.0;557;39;485;43;71;10
TE490;09.01.2024;19;1.0;550;35;410;41;140;14
TE490;09.01.2024;20;1.0;427;34;310;40;117;17
TE490;09.01.2024;22;1.0;469;25;158;35;311;20
TE490;09.01.2024;23;1.0;517;27;125;34;392;24
TE490;10.01.2024;0;1.0;463;25;80;36;383;23
TE490;10.01.2024;1;1.0;422;22;60;31;362;20
TE490;10.01.2024;2;1.0;448;23;55;33;393;22
TE490;10.01.2024;3;1.0;457;28;54;38;403;27
TE490;10.01.2024;4;1.0;551;28;152;38;399;25
TE490;10.01.2024;5;1.0;410;38;355;40;55;28
TE490;10.01.2024;6;1.0;575;49;568;49;7;49
TE490;10.01.2024;7;1.0;611;43;609;43;2;45
TE490;10.01.2024;8;1.0;514;32;505;32;9;21
TE490;10.01.2024;9;1.0;547;48;539;48;8;48
TE490;10.01.2024;10;1.0;519;44;515;44;4;44
TE490;10.01.2024;11;1.0;459;45;434;46;25;26
TE490;10.01.2024;12;1.0;566;40;481;44;85;20
TE490;10.01.2024;13;1.0;613;39;498;43;116;18
TE490;10.01.2024;14;1.0;600;32;507;35;94;13
TE490;10.01.2024;15;1.0;606;38;536;40;70;17
TE490;10.01.2024;18;1.0;835;36;566;42;269;23
TE490;10.01.2024;19;1.0;752;32;438;42;314;18
TE490;10.01.2024;20;1.0;679;30;337;41;342;19
TE490;10.01.2024;21;1.0;678;29;285;41;393;20
TE490;10.01.2024;22;1.0;566;24;201;36;365;18
TE490;10.01.2024;23;1.0;478;23;118;35;360;19
TE490;11.01.2024;0;1.0;453;18;70;33;383;15
TE490;11.01.2024;1;1.0;478;21;46;35;432;20
TE490;11.01.2024;2;1.0;465;21;37;35;428;20
TE490;11.01.2024;3;1.0;515;22;52;34;463;21
TE490;11.01.2024;4;1.0;513;21;142;37;371;15
TE490;11.01.2024;7;1.0;790;35;605;40;185;18
TE490;11.01.2024;8;1.0;614;16;443;17;171;12
TE490;11.01.2024;9;1.0;766;33;524;40;242;17
TE490;11.01.2024;10;1.0;784;37;467;47;317;21
TE490;11.01.2024;11;1.0;746;37;477;47;269;18
TE490;11.01.2024;12;1.0;724;37;471;47;253;18
TE490;11.01.2024;13;1.0;717;38;542;45;175;17
TE490;11.01.2024;14;1.0;663;38;560;42;103;16
TE490;11.01.2024;15;1.0;787;39;572;45;216;22
TE490;11.01.2024;16;1.0;909;41;651;43;258;33
TE490;11.01.2024;17;1.0;830;39;666;42;164;27
TE490;11.01.2024;18;1.0;703;37;551;42;152;16
TE490;11.01.2024;19;1.0;737;33;533;37;204;23
TE490;11.01.2024;20;1.0;507;31;404;35;103;16
TE490;11.01.2024;21;1.0;434;27;361;31;73;10
TE490;11.01.2024;22;1.0;366;20;242;24;124;11
TE490;11.01.2024;23;1.0;300;14;264;16;36;6
TE490;12.01.2024;0;1.0;318;11;216;13;102;6
TE490;12.01.2024;1;1.0;298;9;217;8;81;11
TE490;12.01.2024;2;1.0;305;8;195;8;110;8
TE490;12.01.2024;3;1.0;476;17;86;30;390;14
TE490;12.01.2024;4;1.0;398;21;230;25;168;16
TE490;12.01.2024;5;1.0;609;27;424;35;185;9
TE490;12.01.2024;6;1.0;1046;39;681;45;365;29
TE490;12.01.2024;7;1.0;1255;42;852;44;403;36
TE490;12.01.2024;8;1.0;827;30;598;30;229;31
TE490;12.01.2024;9;1.0;809;38;603;42;205;25
TE490;12.01.2024;10;1.0;963;36;655;41;308;24
TE490;12.01.2024;11;1.0;1139;41;656;45;483;36
TE490;12.01.2024;12;1.0;1087;38;656;45;431;27
TE490;12.01.2024;13;1.0;714;43;546;48;168;27
TE490;12.01.2024;14;1.0;755;48;561;49;194;43
TE490;12.01.2024;15;1.0;848;46;638;48;210;42
TE490;12.01.2024;16;1.0;843;44;593;47;250;38
TE490;12.01.2024;17;1.0;745;40;544;48;201;21
TE490;12.01.2024;18;1.0;622;44;506;48;116;24
TE490;12.01.2024;20;1.0;604;38;371;45;233;27
TE490;12.01.2024;21;1.0;612;35;327;39;285;31
TE490;12.01.2024;22;1.0;492;22;289;27;203;15
TE490;12.01.2024;23;1.0;364;16;287;19;77;6
TE490;13.01.2024;0;1.0;425;21;167;27;259;16
TE490;13.01.2024;1;1.0;296;13;283;12;13;25
TE490;13.01.2024;2;1.0;297;10;282;10;15;6
TE490;13.01.2024;3;1.0;373;8;258;9;115;5
TE490;13.01.2024;4;1.0;367;18;216;12;151;27
TE490;13.01.2024;5;1.0;379;26;214;24;165;28
TE490;13.01.2024;6;1.0;213;28;165;31;48;19
TE490;13.01.2024;7;1.0;402;39;197;42;205;35
TE490;13.01.2024;8;1.0;560;29;338;33;222;22
TE490;13.01.2024;9;1.0;798;35;553;39;245;25
TE490;13.01.2024;10;1.0;1118;41;550;46;568;35
TE490;13.01.2024;11;1.0;1328;42;747;46;581;37
TE490;13.01.2024;12;1.0;1302;43;853;45;449;40
TE490;13.01.2024;13;1.0;1340;44;912;45;428;41
TE490;13.01.2024;14;1.0;1298;45;884;47;414;43
TE490;13.01.2024;15;1.0;1278;46;821;47;457;43
TE490;13.01.2024;16;1.0;1285;43;824;46;461;39
TE490;13.01.2024;17;1.0;1287;45;852;46;435;42
TE490;13.01.2024;18;1.0;1149;47;787;48;362;43
TE490;13.01.2024;19;1.0;1066;39;705;45;361;30
TE490;13.01.2024;20;1.0;903;35;458;40;445;28
TE490;13.01.2024;21;1.0;751;30;363;37;388;22
TE490;13.01.2024;22;1.0;509;19;395;21;114;11
TE490;13.01.2024;23;1.0;323;19;220;23;103;8
TE490;14.01.2024;0;1.0;427;20;206;29;221;13
TE490;14.01.2024;1;1.0;254;14;225;15;29;4
TE490;14.01.2024;2;1.0;204;15;185;17;20;3
TE490;14.01.2024;3;1.0;172;20;126;19;46;24
TE490;14.01.2024;4;1.0;47;46;47;46;0;-1
TE490;14.01.2024;5;1.0;81;48;81;48;0;-1
TE490;14.01.2024;6;1.0;64;50;63;51;1;44
TE490;14.01.2024;7;1.0;59;56;59;56;0;-1
TE490;14.01.2024;8;1.0;138;41;121;46;17;6
TE490;14.01.2024;9;1.0;403;37;239;45;164;26
TE490;14.01.2024;10;1.0;858;39;397;46;461;32
TE490;14.01.2024;11;1.0;1065;42;584;46;481;37
TE490;14.01.2024;12;1.0;1130;45;726;47;404;41
TE490;14.01.2024;13;1.0;1199;45;807;46;392;43
TE490;14.01.2024;14;1.0;1210;44;827;46;383;40
TE490;14.01.2024;15;1.0;913;40;584;44;329;32
TE490;14.01.2024;16;1.0;1176;44;857;45;319;40
TE490;14.01.2024;17;1.0;1107;42;886;43;221;36
TE490;14.01.2024;18;1.0;1113;44;680;46;433;42
TE490;14.01.2024;19;1.0;944;39;506;44;438;34
TE490;14.01.2024;20;1.0;736;36;357;41;379;31
TE490;14.01.2024;21;1.0;644;26;278;40;366;15
TE490;14.01.2024;22;1.0;425;20;195;29;230;12
TE490;14.01.2024;23;1.0;321;10;293;11;28;5
TE490;15.01.2024;0;1.0;298;10;230;11;68;10
TE490;15.01.2024;1;1.0;356;12;199;7;157;18
TE490;15.01.2024;2;1.0;294;24;111;16;183;28
TE490;15.01.2024;3;1.0;402;25;54;32;348;23
TE490;15.01.2024;4;1.0;367;18;248;23;119;7
TE490;15.01.2024;5;1.0;874;31;501;38;373;21
TE490;15.01.2024;6;1.0;1338;45;930;47;408;42
TE490;15.01.2024;7;1.0;1346;40;865;44;481;33
TE490;15.01.2024;8;1.0;1160;37;866;39;294;34
TE490;15.01.2024;9;1.0;680;33;566;34;114;32
TE490;15.01.2024;10;1.0;795;42;604;41;191;43
TE490;15.01.2024;11;1.0;819;42;563;44;255;40
TE490;15.01.2024;12;1.0;836;46;621;47;215;41
TE490;15.01.2024;13;1.0;1120;42;685;45;435;38
TE490;15.01.2024;14;1.0;1117;39;729;43;388;31
TE490;15.01.2024;15;1.0;1299;45;892;47;407;39
TE490;15.01.2024;16;1.0;1211;43;964;44;247;38
TE490;15.01.2024;17;1.0;1169;40;808;43;361;33
TE490;15.01.2024;18;1.0;1072;39;665;44;407;29
TE490;15.01.2024;19;1.0;970;39;513;44;457;32
TE490;15.01.2024;20;1.0;604;35;312;44;292;26
TE490;15.01.2024;21;1.0;247;39;231;40;16;12
TE490;15.01.2024;22;1.0;165;32;163;32;2;50
TE490;15.01.2024;23;1.0;68;39;68;39;0;-1
TE490;16.01.2024;0;1.0;198;10;171;10;27;11
TE490;16.01.2024;1;1.0;436;26;147;29;289;25
TE490;16.01.2024;3;1.0;412;14;62;18;350;13
TE490;16.01.2024;4;1.0;424;19;127;32;297;14
TE490;16.01.2024;5;1.0;501;33;354;40;148;17
TE490;16.01.2024;6;1.0;829;39;631;43;198;23
TE490;16.01.2024;7;1.0;656;42;608;44;48;12
TE490;16.01.2024;9;1.0;835;35;656;35;178;38
TE490;16.01.2024;10;1.0;885;46;588;48;297;42
TE490;16.01.2024;11;1.0;767;50;538;50;229;49
TE490;16.01.2024;12;1.0;753;38;660;36;93;48
TE490;16.01.2024;13;1.0;698;40;589;41;109;33
TE490;16.01.2024;14;1.0;726;44;571;48;156;31
TE490;16.01.2024;15;1.0;861;48;668;50;193;43
TE490;16.01.2024;16;1.0;849;48;689;49;160;43
TE490;16.01.2024;17;1.0;842;52;575;51;267;54
TE490;16.01.2024;18;1.0;939;48;636;49;302;46
TE490;16.01.2024;19;1.0;606;40;432;44;175;31
TE490;16.01.2024;20;1.0;384;44;281;49;103;30
TE490;16.01.2024;21;1.0;401;51;228;52;173;49
TE490;16.01.2024;22;1.0;244;43;139;45;105;40
TE490;16.01.2024;23;1.0;184;29;102;37;82;19
TE490;17.01.2024;0;1.0;43;43;42;43;1;46
TE490;17.01.2024;1;1.0;30;48;30;48;0;-1
TE490;17.01.2024;2;1.0;26;43;26;43;0;-1
TE490;17.01.2024;3;1.0;44;31;32;41;12;4
TE490;17.01.2024;7;1.0;669;39;578;42;91;24
TE490;17.01.2024;8;1.0;778;42;539;47;240;30
TE490;17.01.2024;10;1.0;760;34;541;41;219;17
TE490;17.01.2024;11;1.0;1095;35;663;42;432;24
TE490;17.01.2024;12;1.0;1319;41;841;46;478;34
TE490;17.01.2024;13;1.0;1251;37;671;44;580;30
TE490;17.01.2024;14;1.0;1256;44;711;48;545;39
TE490;17.01.2024;15;1.0;1211;43;766;48;445;33
TE490;17.01.2024;16;1.0;1222;41;801;47;421;28
TE490;17.01.2024;17;1.0;779;36;539;45;240;17
TE490;17.01.2024;18;1.0;957;37;606;45;351;23
TE490;17.01.2024;19;1.0;716;39;481;46;235;24
TE490;17.01.2024;20;1.0;518;31;337;41;181;12
TE490;17.01.2024;21;1.0;464;29;342;36;122;12
TE490;17.01.2024;22;1.0;426;21;268;25;158;15
TE490;17.01.2024;23;1.0;412;15;249;18;164;12
TE490;18.01.2024;0;1.0;454;17;174;18;280;15
TE490;18.01.2024;1;1.0;378;14;236;12;142;17
TE490;18.01.2024;2;1.0;347;11;164;11;183;10
TE490;18.01.2024;3;1.0;349;11;271;9;78;19
TE490;18.01.2024;4;1.0;407;24;169;31;238;19
TE490;18.01.2024;5;1.0;590;31;382;38;208;18
TE490;18.01.2024;6;1.0;709;39;545;44;164;21
TE490;18.01.2024;7;1.0;815;41;594;47;221;23
TE490;18.01.2024;8;1.0;674;34;552;39;121;16
TE490;18.01.2024;9;1.0;842;36;660;43;182;12
TE490;18.01.2024;10;1.0;900;37;596;44;304;24
TE490;18.01.2024;11;1.0;680;35;485;43;195;12
TE490;18.01.2024;12;1.0;987;39;613;45;374;29
TE490;18.01.2024;13;1.0;1055;34;678;40;377;25
TE490;18.01.2024;14;1.0;1246;40;884;42;362;37
TE490;18.01.2024;15;1.0;1244;38;728;41;516;33
TE490;18.01.2024;16;1.0;1072;34;695;38;378;27
TE490;18.01.2024;17;1.0;628;37;548;40;80;18
TE490;18.01.2024;18;1.0;605;37;502;42;103;11
TE490;18.01.2024;19;1.0;533;35;458;38;74;14
TE490;18.01.2024;20;1.0;528;33;310;41;218;23
TE490;18.01.2024;21;1.0;560;30;193;45;367;22
TE490;18.01.2024;22;1.0;500;21;173;33;327;14
TE490;18.01.2024;23;1.0;512;19;139;30;373;14
TE490;19.01.2024;0;1.0;501;17;62;26;439;16
TE490;19.01.2024;1;1.0;442;16;73;25;369;15
TE490;19.01.2024;2;1.0;521;15;57;23;464;14
TE490;19.01.2024;3;1.0;484;17;75;27;409;16
TE490;19.01.2024;4;1.0;521;20;136;31;385;16
TE490;19.01.2024;5;1.0;595;26;325;36;270;14
TE490;19.01.2024;6;1.0;735;34;554;40;181;17
TE490;19.01.2024;7;1.0;703;31;597;34;107;20
TE490;19.01.2024;8;1.0;703;33;541;37;162;18
TE490;19.01.2024;9;1.0;662;31;483;36;179;16
TE490;19.01.2024;10;1.0;1144;37;683;39;461;33
TE490;19.01.2024;11;1.0;1254;40;841;41;413;40
TE490;19.01.2024;12;1.0;1245;37;1040;37;205;35
TE490;19.01.2024;13;1.0;1209;39;871;40;338;37
TE490;19.01.2024;14;1.0;1259;40;939;40;320;38
TE490;19.01.2024;15;1.0;1401;42;944;43;457;41
TE490;19.01.2024;16;1.0;1361;44;919;46;442;40
TE490;19.01.2024;17;1.0;1259;42;874;45;385;36
TE490;19.01.2024;18;1.0;1286;41;836;44;450;35
TE490;19.01.2024;19;1.0;770;34;505;39;265;26
TE490;19.01.2024;20;1.0;611;30;381;36;230;19
TE490;19.01.2024;21;1.0;452;27;334;34;118;8
TE490;19.01.2024;22;1.0;216;30;165;36;51;10
TE490;19.01.2024;23;1.0;117;42;116;42;1;43
TE490;20.01.2024;0;1.0;158;33;90;42;68;20
TE490;20.01.2024;1;1.0;277;22;60;42;217;16
TE490;20.01.2024;2;1.0;279;23;61;42;218;18
TE490;20.01.2024;3;1.0;246;25;35;39;211;24
TE490;20.01.2024;4;1.0;294;20;46;44;247;16
TE490;20.01.2024;5;1.0;289;23;108;37;181;15
TE490;20.01.2024;6;1.0;260;29;109;47;150;16
TE490;20.01.2024;7;1.0;257;30;145;45;113;10
TE490;20.01.2024;8;1.0;240;46;213;49;27;20
TE490;20.01.2024;9;1.0;757;42;421;45;336;39
TE490;20.01.2024;10;1.0;874;40;480;43;394;36
TE490;20.01.2024;11;1.0;1063;40;587;44;476;35
TE490;20.01.2024;12;1.0;1206;44;848;45;358;40
TE490;20.01.2024;13;1.0;1205;41;1029;41;176;37
TE490;20.01.2024;14;1.0;1242;41;989;41;253;38
TE490;20.01.2024;15;1.0;1273;41;796;42;477;38
TE490;20.01.2024;16;1.0;1266;38;702;41;564;35
TE490;20.01.2024;17;1.0;1235;38;684;41;551;34
TE490;20.01.2024;18;1.0;989;31;566;37;423;22
TE490;20.01.2024;19;1.0;704;30;417;38;287;17
TE490;20.01.2024;20;1.0;369;31;277;37;92;13
TE490;20.01.2024;21;1.0;312;35;259;40;53;12
TE490;20.01.2024;22;1.0;185;36;165;38;20;19
TE490;20.01.2024;23;1.0;108;40;102;40;6;35
TE490;21.01.2024;0;1.0;96;37;93;37;3;39
TE490;21.01.2024;1;1.0;80;40;71;40;9;40
TE490;21.01.2024;2;1.0;64;43;59;43;5;43
TE490;21.01.2024;3;1.0;40;45;34;45;6;45
TE490;21.01.2024;4;1.0;49;42;43;42;6;40
TE490;21.01.2024;5;1.0;64;45;59;45;5;48
TE490;21.01.2024;6;1.0;84;48;78;48;6;47
TE490;21.01.2024;7;1.0;62;52;53;52;9;50
TE490;21.01.2024;8;1.0;108;51;96;51;12;50
TE490;21.01.2024;9;1.0;229;49;213;49;16;49
TE490;21.01.2024;10;1.0;545;34;301;43;244;23
TE490;21.01.2024;11;1.0;1024;39;474;45;550;34
TE490;21.01.2024;12;1.0;1074;38;572;43;502;32
TE490;21.01.2024;13;1.0;1110;43;721;44;389;41
TE490;21.01.2024;14;1.0;1269;42;698;44;571;40
TE490;21.01.2024;15;1.0;1131;42;586;45;545;37
TE490;21.01.2024;16;1.0;1150;42;607;45;543;40
TE490;21.01.2024;17;1.0;1142;38;537;42;605;35
TE490;21.01.2024;18;1.0;1158;42;508;46;650;40
TE490;21.01.2024;19;1.0;1053;43;486;46;567;40
TE490;21.01.2024;20;1.0;992;44;343;46;649;43
TE490;21.01.2024;21;1.0;800;37;284;43;516;34
TE490;21.01.2024;22;1.0;674;24;158;32;516;22
TE490;21.01.2024;23;1.0;612;18;96;25;516;17
TE490;22.01.2024;0;1.0;554;16;148;20;406;14
TE490;22.01.2024;1;1.0;453;18;107;22;346;18
TE490;22.01.2024;2;1.0;538;19;84;16;454;19
TE490;22.01.2024;3;1.0;596;16;123;17;473;17
TE490;22.01.2024;4;1.0;627;27;334;32;293;22
TE490;22.01.2024;5;1.0;911;36;732;36;179;33
TE490;22.01.2024;6;1.0;1124;44;1010;44;114;41
TE490;22.01.2024;7;1.0;1266;42;1060;43;206;40
TE490;22.01.2024;8;1.0;1105;38;969;38;136;36
TE490;22.01.2024;9;1.0;1182;42;897;43;285;39
TE490;22.01.2024;10;1.0;1087;41;833;42;254;34
TE490;22.01.2024;11;1.0;1067;43;924;44;143;41
TE490;22.01.2024;12;1.0;1080;42;974;42;106;42
TE490;22.01.2024;13;1.0;998;43;911;43;87;43
TE490;22.01.2024;14;1.0;1107;42;994;42;113;40
TE490;22.01.2024;15;1.0;1108;44;1050;44;58;44
TE490;22.01.2024;16;1.0;1055;43;972;43;83;41
TE490;22.01.2024;17;1.0;1143;42;985;43;158;39
TE490;22.01.2024;18;1.0;1107;43;759;45;348;41
TE490;22.01.2024;19;1.0;1056;41;649;43;407;40
TE490;22.01.2024;20;1.0;911;41;470;43;441;38
TE490;22.01.2024;21;1.0;870;40;305;42;565;39
TE490;22.01.2024;22;1.0;783;31;212;36;571;30
TE490;22.01.2024;23;1.0;695;35;76;37;619;35
TE490;23.01.2024;0;1.0;581;19;91;20;490;19
TE490;23.01.2024;1;1.0;526;14;113;12;413;14
TE490;23.01.2024;2;1.0;636;22;71;22;565;21
TE490;23.01.2024;3;1.0;668;24;69;25;599;23
TE490;23.01.2024;4;1.0;753;23;262;27;491;21
TE490;23.01.2024;5;1.0;1085;31;541;35;544;27
TE490;23.01.2024;6;1.0;1279;42;989;43;290;39
TE490;23.01.2024;7;1.0;1348;40;1129;41;219;36
TE490;23.01.2024;8;1.0;875;20;755;20;120;18
TE490;23.01.2024;9;1.0;1154;40;1015;41;139;35
TE490;23.01.2024;10;1.0;1120;42;948;42;172;38
TE490;23.01.2024;11;1.0;1047;41;843;41;204;38
TE490;23.01.2024;12;1.0;1030;38;919;39;111;39
TE490;23.01.2024;13;1.0;1037;43;943;43;94;40
TE490;23.01.2024;14;1.0;1041;43;954;43;87;41
TE490;23.01.2024;15;1.0;1063;42;997;42;66;42
TE490;23.01.2024;16;1.0;1141;40;1076;41;65;38
TE490;23.01.2024;17;1.0;1147;39;1029;39;118;34
TE490;23.01.2024;18;1.0;1114;39;964;39;150;37
TE490;23.01.2024;19;1.0;1008;36;649;37;359;34
TE490;23.01.2024;20;1.0;877;33;415;38;462;29
TE490;23.01.2024;21;1.0;835;34;292;40;543;31
TE490;23.01.2024;22;1.0;633;19;198;26;435;16
TE490;23.01.2024;23;1.0;643;27;163;29;480;26
TE490;24.01.2024;0;1.0;409;7;388;6;21;21
TE490;24.01.2024;1;1.0;413;6;407;5;6;43
TE490;24.01.2024;2;1.0;404;11;261;5;143;21
TE490;24.01.2024;3;1.0;393;14;103;19;290;12
TE490;24.01.2024;4;1.0;718;26;238;30;480;24
TE490;24.01.2024;5;1.0;926;36;757;37;169;35
TE490;24.01.2024;6;1.0;1149;44;936;44;213;42
TE490;24.01.2024;7;1.0;1090;36;976;37;114;36
TE490;24.01.2024;8;1.0;1037;33;974;33;63;30
TE490;24.01.2024;9;1.0;1164;35;1034;35;130;35
TE490;24.01.2024;10;1.0;1182;42;1032;42;150;38
TE490;24.01.2024;11;1.0;1035;42;954;42;81;41
TE490;24.01.2024;12;1.0;1020;42;931;42;89;41
TE490;24.01.2024;13;1.0;1116;42;1017;42;99;40
TE490;24.01.2024;14;1.0;1075;41;993;41;82;41
TE490;24.01.2024;15;1.0;1152;42;1015;43;137;41
TE490;24.01.2024;16;1.0;1155;41;1026;41;129;41
TE490;24.01.2024;17;1.0;1236;41;1139;42;97;39
TE490;24.01.2024;18;1.0;1144;43;1043;43;101;48
TE490;24.01.2024;19;1.0;979;41;878;41;101;41
TE490;24.01.2024;20;1.0;905;40;638;41;267;37
TE490;24.01.2024;21;1.0;851;41;398;43;453;40
TE490;24.01.2024;22;1.0;778;33;288;34;490;31
TE490;24.01.2024;23;1.0;675;29;185;29;490;28
TE490;25.01.2024;0;1.0;561;26;239;21;322;29
TE490;25.01.2024;1;1.0;496;27;222;28;274;27
TE490;25.01.2024;2;1.0;554;30;112;31;442;30
TE490;25.01.2024;3;1.0;507;19;195;21;312;18
TE490;25.01.2024;4;1.0;663;34;344;36;319;31
TE490;25.01.2024;5;1.0;934;36;791;36;143;34
TE490;25.01.2024;6;1.0;1262;41;1173;41;89;38
TE490;25.01.2024;7;1.0;1170;31;1066;31;104;31
TE490;25.01.2024;8;1.0;764;18;717;18;47;22
TE490;25.01.2024;9;1.0;1307;40;1208;40;99;39
TE490;25.01.2024;10;1.0;1230;41;1110;41;120;38
TE490;25.01.2024;11;1.0;1196;41;1027;41;169;39
TE490;25.01.2024;12;1.0;1208;42;1125;42;83;41
TE490;25.01.2024;13;1.0;1181;39;1126;39;55;39
TE490;25.01.2024;14;1.0;1148;40;1078;40;70;40
TE490;25.01.2024;15;1.0;1231;39;1158;39;73;37
TE490;25.01.2024;16;1.0;1246;37;1169;37;77;35
TE490;25.01.2024;17;1.0;1152;37;1081;37;71;33
TE490;25.01.2024;18;1.0;1160;42;1117;42;43;42
TE490;25.01.2024;19;1.0;1079;42;1000;42;79;41
TE490;25.01.2024;20;1.0;972;40;686;41;286;38
TE490;25.01.2024;21;1.0;903;41;515;42;388;38
TE490;25.01.2024;22;1.0;666;31;359;33;307;29
TE490;25.01.2024;23;1.0;542;19;242;24;300;16
TE490;26.01.2024;0;1.0;421;14;190;17;231;11
TE490;26.01.2024;1;1.0;382;13;218;10;164;16
TE490;26.01.2024;2;1.0;409;22;92;25;317;21
TE490;26.01.2024;3;1.0;539;26;92;32;447;24
TE490;26.01.2024;4;1.0;452;28;233;30;219;26
TE490;26.01.2024;5;1.0;1001;27;546;35;455;18
TE490;26.01.2024;6;1.0;1090;44;800;45;290;39
TE490;26.01.2024;7;1.0;1222;47;850;46;372;49
TE490;26.01.2024;8;1.0;1286;37;1031;38;255;35
TE490;26.01.2024;9;1.0;1212;43;1112;44;100;36
TE490;26.01.2024;10;1.0;1217;46;1168;46;49;45
TE490;26.01.2024;11;1.0;1081;44;998;44;83;42
TE490;26.01.2024;12;1.0;1242;39;1145;40;97;37
TE490;26.01.2024;13;1.0;1194;45;1111;45;83;42
TE490;26.01.2024;14;1.0;1257;44;1152;45;105;43
TE490;26.01.2024;15;1.0;1223;43;1090;43;133;41
TE490;26.01.2024;16;1.0;1276;42;1173;42;103;41
TE490;26.01.2024;17;1.0;1216;37;1116;37;100;36
TE490;26.01.2024;18;1.0;1260;41;1178;42;82;39
TE490;26.01.2024;19;1.0;1149;41;997;41;152;39
TE490;26.01.2024;20;1.0;1035;39;766;39;269;39
TE490;26.01.2024;21;1.0;970;41;624;41;346;40
TE490;26.01.2024;22;1.0;729;21;443;23;286;18
TE490;26.01.2024;23;1.0;581;15;470;16;111;12
TE490;27.01.2024;0;1.0;458;12;388;12;70;11
TE490;27.01.2024;1;1.0;370;11;369;11;1;3
TE490;27.01.2024;2;1.0;341;12;224;14;117;7
TE490;27.01.2024;3;1.0;329;9;307;10;22;6
TE490;27.01.2024;4;1.0;337;8;308;9;29;7
TE490;27.01.2024;5;1.0;442;17;224;23;218;10
TE490;27.01.2024;6;1.0;493;22;240;28;253;17
TE490;27.01.2024;7;1.0;746;28;282;37;464;23
TE490;27.01.2024;8;1.0;1028;40;485;45;543;36
TE490;27.01.2024;9;1.0;1110;41;718;44;392;33
TE490;27.01.2024;10;1.0;1134;42;926;42;208;39
TE490;27.01.2024;11;1.0;1250;45;1166;45;84;44
TE490;27.01.2024;12;1.0;1306;42;1192;43;114;30
TE490;27.01.2024;13;1.0;1308;43;1217;44;91;39
TE490;27.01.2024;14;1.0;1289;36;1217;36;72;34
TE490;27.01.2024;15;1.0;978;28;917;28;61;26
TE490;27.01.2024;16;1.0;1279;39;1245;39;34;35
TE490;27.01.2024;17;1.0;1292;37;1151;37;141;35
TE490;27.01.2024;18;1.0;1227;40;1031;40;196;37
TE490;27.01.2024;19;1.0;1124;37;891;38;233;31
TE490;27.01.2024;20;1.0;1086;38;590;38;496;36
TE490;27.01.2024;21;1.0;994;38;533;40;461;35
TE490;27.01.2024;22;1.0;728;24;331;28;397;21
TE490;27.01.2024;23;1.0;571;18;212;23;359;14
TE490;28.01.2024;0;1.0;453;18;226;24;227;12
TE490;28.01.2024;1;1.0;264;21;127;30;137;12
TE490;28.01.2024;2;1.0;329;12;276;12;53;8
TE490;28.01.2024;3;1.0;166;16;152;13;14;42
TE490;28.01.2024;4;1.0;75;30;65;32;10;18
TE490;28.01.2024;5;1.0;78;40;78;40;0;-1
TE490;28.01.2024;6;1.0;79;46;79;46;0;-1
TE490;28.01.2024;7;1.0;74;46;74;46;0;-1
TE490;28.01.2024;8;1.0;180;46;179;46;1;36
TE490;28.01.2024;9;1.0;837;39;476;42;361;35
TE490;28.01.2024;10;1.0;1007;39;859;40;148;37
TE490;28.01.2024;11;1.0;948;38;885;38;63;31
TE490;28.01.2024;12;1.0;881;41;608;42;273;36
TE490;28.01.2024;13;1.0;1062;41;793;42;269;37
TE490;28.01.2024;14;1.0;1215;37;964;38;251;33
TE490;28.01.2024;15;1.0;1158;40;1075;40;83;39
TE490;28.01.2024;16;1.0;1161;41;1101;41;60;37
TE490;28.01.2024;17;1.0;1219;40;1080;40;139;39
TE490;28.01.2024;18;1.0;1146;39;982;40;164;37
TE490;28.01.2024;19;1.0;1057;38;725;40;332;36
TE490;28.01.2024;20;1.0;931;41;560;42;371;38
TE490;28.01.2024;21;1.0;704;31;336;39;368;23
TE490;28.01.2024;22;1.0;397;21;204;27;193;14
TE490;28.01.2024;23;1.0;230;21;128;25;102;15
TE490;29.01.2024;0;1.0;95;18;87;20;8;3
TE490;29.01.2024;1;1.0;153;9;152;9;1;42
TE490;29.01.2024;2;1.0;24;43;24;43;0;-1
TE490;29.01.2024;3;1.0;148;10;130;11;18;7
TE490;29.01.2024;4;1.0;161;28;135;31;26;16
TE490;29.01.2024;5;1.0;666;27;456;32;210;14
TE490;29.01.2024;6;1.0;1186;34;762;38;424;26
TE490;29.01.2024;7;1.0;1254;32;928;34;326;25
TE490;29.01.2024;8;1.0;1461;36;948;38;513;31
TE490;29.01.2024;9;1.0;1103;38;931;38;172;34
TE490;29.01.2024;10;1.0;1007;38;735;40;272;34
TE490;29.01.2024;11;1.0;888;40;687;41;201;34
TE490;29.01.2024;12;1.0;1120;42;796;42;324;41
TE490;29.01.2024;13;1.0;1226;45;966;43;260;54
TE490;29.01.2024;14;1.0;1084;42;1016;42;68;41
TE490;29.01.2024;15;1.0;1116;42;1055;42;61;40
TE490;29.01.2024;16;1.0;1273;40;1182;41;91;39
TE490;29.01.2024;17;1.0;1198;40;1140;40;58;39
TE490;29.01.2024;18;1.0;1178;39;1082;39;96;37
TE490;29.01.2024;19;1.0;1027;39;861;39;166;37
TE490;29.01.2024;20;1.0;975;41;493;43;482;40
TE490;29.01.2024;21;1.0;877;35;364;40;513;31
TE490;29.01.2024;22;1.0;691;21;251;26;440;18
TE490;29.01.2024;23;1.0;527;21;140;24;387;19
TE490;30.01.2024;0;1.0;463;10;307;9;156;13
TE490;30.01.2024;1;1.0;286;8;247;6;39;17
TE490;30.01.2024;2;1.0;163;18;66;19;97;18
TE490;30.01.2024;3;1.0;207;14;62;22;145;11
TE490;30.01.2024;4;1.0;301;18;123;28;178;12
TE490;30.01.2024;5;1.0;926;27;459;33;467;22
TE490;30.01.2024;6;1.0;1457;41;896;43;561;36
TE490;30.01.2024;7;1.0;1406;39;1024;40;382;36
TE490;30.01.2024;8;1.0;1241;30;1005;32;236;27
TE490;30.01.2024;9;1.0;1288;37;992;39;296;32
TE490;30.01.2024;10;1.0;1211;40;1092;40;119;41
TE490;30.01.2024;11;1.0;1136;38;1031;39;105;38
TE490;30.01.2024;12;1.0;1133;40;1036;40;97;40
TE490;30.01.2024;13;1.0;1097;40;1012;40;85;39
TE490;30.01.2024;14;1.0;1177;40;1096;40;81;39
TE490;30.01.2024;15;1.0;1206;41;1126;41;80;41
TE490;30.01.2024;16;1.0;1293;40;1191;40;102;40
TE490;30.01.2024;17;1.0;1338;40;1265;40;73;39
TE490;30.01.2024;18;1.0;1146;38;1049;38;97;38
TE490;30.01.2024;19;1.0;986;41;902;41;84;38
TE490;30.01.2024;20;1.0;754;41;671;41;83;41
TE490;30.01.2024;21;1.0;864;39;603;40;261;38
TE490;30.01.2024;22;1.0;713;29;335;30;378;27
TE490;30.01.2024;23;1.0;669;29;243;28;426;30
TE490;31.01.2024;0;1.0;551;12;316;11;235;15
TE490;31.01.2024;1;1.0;423;5;406;6;17;6
TE490;31.01.2024;2;1.0;674;34;137;15;537;39
TE490;31.01.2024;3;1.0;710;45;84;37;626;46
TE490;31.01.2024;4;1.0;797;27;196;32;601;25
TE490;31.01.2024;5;1.0;902;31;692;32;210;28
TE490;31.01.2024;6;1.0;1154;46;961;47;193;39
TE490;31.01.2024;7;1.0;1320;43;1221;44;99;39
TE490;31.01.2024;8;1.0;1201;41;1070;42;131;34
TE490;31.01.2024;9;1.0;1286;43;1104;44;182;41
TE490;31.01.2024;10;1.0;1252;40;932;41;320;35
TE490;31.01.2024;11;1.0;1195;40;1065;41;130;38
TE490;31.01.2024;12;1.0;1228;44;1073;44;155;43
TE490;31.01.2024;13;1.0;1277;43;1136;44;141;38
TE490;31.01.2024;14;1.0;1199;43;1070;43;129;39
TE490;31.01.2024;15;1.0;1249;43;1125;43;124;41
TE490;31.01.2024;16;1.0;1263;36;1033;36;230;35
TE490;31.01.2024;17;1.0;1053;41;756;43;297;38
TE490;31.01.2024;18;1.0;1024;41;638;45;386;36
TE490;31.01.2024;19;1.0;543;42;375;46;168;32
TE490;31.01.2024;20;1.0;472;43;331;45;141;37
TE490;31.01.2024;21;1.0;490;43;309;46;181;38
TE490;31.01.2024;22;1.0;300;34;163;37;136;30
TE490;31.01.2024;23;1.0;119;42;97;43;22;39
TE502;01.01.2024;1;1.0;69;32;67;32;2;37
TE502;01.01.2024;3;1.0;26;41;25;40;1;45
TE502;01.01.2024;4;1.0;37;47;36;47;1;46
TE502;01.01.2024;5;1.0;21;46;20;46;1;46
TE502;01.01.2024;6;1.0;21;48;21;48;0;-1
TE502;01.01.2024;7;1.0;15;46;15;46;0;-1
TE502;01.01.2024;9;1.0;36;43;35;43;1;50
TE502;01.01.2024;10;1.0;35;41;34;41;1;47
TE502;01.01.2024;11;1.0;52;38;51;38;1;38
TE502;01.01.2024;12;1.0;75;34;71;34;4;30
TE502;01.01.2024;13;1.0;95;32;95;32;0;-1
TE502;01.01.2024;14;1.0;106;35;102;35;3;40
TE502;01.01.2024;15;1.0;107;31;106;31;1;22
TE502;01.01.2024;16;1.0;96;30;93;31;3;26
TE502;01.01.2024;17;1.0;82;35;81;35;1;40
TE502;01.01.2024;18;1.0;88;35;87;35;1;40
TE502;01.01.2024;19;1.0;101;34;99;34;3;27
TE502;01.01.2024;20;1.0;64;33;64;33;0;-1
TE502;01.01.2024;21;1.0;61;37;58;38;2;46
TE502;01.01.2024;22;1.0;55;39;55;39;0;-1
TE502;01.01.2024;23;1.0;41;37;39;37;2;44
TE502;02.01.2024;0;1.0;34;44;34;44;0;-1
TE502;02.01.2024;1;1.0;17;41;17;41;0;-1
TE502;02.01.2024;2;1.0;9;45;9;45;0;-1
TE502;02.01.2024;3;1.0;4;37;4;37;0;-1
TE502;02.01.2024;4;1.0;13;32;13;32;0;-1
TE502;02.01.2024;5;1.0;57;38;56;38;1;44
TE502;02.01.2024;6;1.0;86;40;82;40;4;42
TE502;02.01.2024;7;1.0;131;39;129;39;2;36
TE502;02.01.2024;8;1.0;147;38;140;38;7;36
TE502;02.01.2024;9;1.0;131;40;127;40;4;38
TE502;02.01.2024;10;1.0;123;38;119;39;4;36
TE502;02.01.2024;11;1.0;156;34;153;35;2;35
TE502;02.01.2024;12;1.0;164;40;162;40;2;46
TE502;02.01.2024;13;1.0;192;37;189;37;3;45
TE502;02.01.2024;14;1.0;178;39;176;39;2;42
TE502;02.01.2024;15;1.0;240;38;236;38;3;40
TE502;02.01.2024;16;1.0;191;39;187;39;4;44
TE502;02.01.2024;17;1.0;184;36;182;36;1;42
TE502;02.01.2024;18;1.0;175;39;171;39;3;43
TE502;02.01.2024;19;1.0;142;36;137;36;5;36
TE502;02.01.2024;20;1.0;127;32;123;32;4;34
TE502;02.01.2024;21;1.0;93;40;92;40;1;45
TE502;02.01.2024;22;1.0;77;39;75;39;2;48
TE502;02.01.2024;23;1.0;62;38;57;38;5;39
TE502;03.01.2024;0;1.0;46;43;42;42;4;49
TE502;03.01.2024;1;1.0;17;36;17;36;0;-1
TE502;03.01.2024;2;1.0;18;49;18;49;0;-1
TE502;03.01.2024;3;1.0;15;43;15;43;0;-1
TE502;03.01.2024;4;1.0;34;43;34;43;0;-1
TE502;03.01.2024;5;1.0;67;36;66;36;1;38
TE502;03.01.2024;6;1.0;124;36;121;35;3;40
TE502;03.01.2024;7;1.0;136;36;132;36;3;39
TE502;03.01.2024;8;1.0;208;34;200;34;8;32
TE502;03.01.2024;9;1.0;214;35;205;35;9;34
TE502;03.01.2024;10;1.0;168;32;164;33;4;30
TE502;03.01.2024;11;1.0;190;36;182;36;8;35
TE502;03.01.2024;12;1.0;214;38;205;38;9;36
TE502;03.01.2024;13;1.0;191;39;185;40;6;37
TE502;03.01.2024;14;1.0;223;40;213;40;10;40
TE502;03.01.2024;15;1.0;230;41;221;41;9;41
TE502;03.01.2024;16;1.0;221;39;215;39;6;42
TE502;03.01.2024;17;1.0;207;39;200;39;7;38
TE502;03.01.2024;18;1.0;194;37;191;37;3;40
TE502;03.01.2024;19;1.0;159;36;155;36;4;42
TE502;03.01.2024;20;1.0;140;40;134;40;6;40
TE502;03.01.2024;21;1.0;107;40;104;40;3;46
TE502;08.01.2024;10;1.0;128;38;124;38;4;31
TE502;08.01.2024;11;1.0;109;36;100;36;10;36
TE502;08.01.2024;12;1.0;113;34;108;34;5;33
TE502;08.01.2024;13;1.0;136;34;126;35;10;34
TE502;08.01.2024;14;1.0;186;38;175;38;11;31
TE502;08.01.2024;15;1.0;204;40;192;40;12;40
TE502;08.01.2024;16;1.0;193;35;187;34;7;33
TE502;08.01.2024;17;1.0;148;34;143;34;5;38
TE502;08.01.2024;18;1.0;170;38;165;38;5;41
TE502;08.01.2024;19;1.0;139;39;135;39;4;41
TE502;08.01.2024;20;1.0;102;40;96;40;6;42
TE502;08.01.2024;21;1.0;68;37;66;37;2;40
TE502;08.01.2024;22;1.0;53;37;49;37;3;41
TE502;08.01.2024;23;1.0;47;45;46;45;1;47
TE502;09.01.2024;0;1.0;24;43;22;43;2;47
TE502;09.01.2024;1;1.0;21;33;21;33;0;-1
TE502;09.01.2024;9;1.0;247;32;237;32;11;31
TE502;09.01.2024;10;1.0;176;38;166;38;10;37
TE502;09.01.2024;11;1.0;155;38;148;38;7;37
TE502;09.01.2024;12;1.0;147;39;144;39;3;39
TE502;09.01.2024;13;1.0;175;39;169;39;6;37
TE502;09.01.2024;14;1.0;220;38;215;38;5;37
TE502;09.01.2024;15;1.0;277;38;273;38;4;38
TE502;09.01.2024;16;1.0;269;36;260;37;9;35
TE502;09.01.2024;17;1.0;234;36;226;36;8;36
TE502;09.01.2024;18;1.0;221;35;215;35;6;38
TE502;09.01.2024;19;1.0;192;37;187;37;5;40
TE502;09.01.2024;20;1.0;151;39;146;39;5;40
TE502;09.01.2024;21;1.0;100;41;99;41;1;44
TE502;09.01.2024;22;1.0;74;42;72;43;2;37
TE502;09.01.2024;23;1.0;55;43;53;44;2;36
TE502;10.01.2024;0;1.0;40;43;38;43;2;34
TE502;10.01.2024;1;1.0;17;43;17;43;0;-1
TE502;10.01.2024;2;1.0;10;46;10;46;0;-1
TE502;10.01.2024;10;1.0;160;39;152;39;8;41
TE502;10.01.2024;11;1.0;172;39;169;39;3;40
TE502;10.01.2024;12;1.0;265;38;257;38;8;39
TE502;10.01.2024;13;1.0;256;39;248;39;8;36
TE502;10.01.2024;14;1.0;308;37;293;38;15;38
TE502;10.01.2024;15;1.0;362;38;354;38;8;38
TE502;10.01.2024;16;1.0;362;34;352;35;10;28
TE502;10.01.2024;17;1.0;287;36;282;36;5;37
TE502;10.01.2024;18;1.0;332;38;325;37;7;39
TE502;10.01.2024;19;1.0;214;40;209;40;5;42
TE502;10.01.2024;20;1.0;147;42;140;42;7;45
TE502;10.01.2024;21;1.0;119;41;116;41;3;43
TE502;10.01.2024;22;1.0;73;40;69;41;4;34
TE502;10.01.2024;23;1.0;73;43;72;43;1;38
TE502;11.01.2024;0;1.0;45;44;43;44;2;45
TE502;11.01.2024;1;1.0;15;47;15;47;0;-1
TE502;11.01.2024;2;1.0;13;47;13;47;0;-1
TE502;11.01.2024;3;1.0;12;47;12;47;0;-1
TE502;11.01.2024;4;1.0;14;42;12;42;2;38
TE502;11.01.2024;5;1.0;78;36;77;36;1;35
TE502;11.01.2024;6;1.0;145;43;143;43;2;44
TE502;11.01.2024;7;1.0;252;40;250;40;2;43
TE502;11.01.2024;8;1.0;340;36;331;36;9;39
TE502;11.01.2024;9;1.0;321;37;315;37;5;39
TE502;11.01.2024;10;1.0;241;41;233;41;8;40
TE502;11.01.2024;11;1.0;252;40;245;40;7;42
TE502;11.01.2024;12;1.0;230;40;223;40;7;41
TE502;11.01.2024;13;1.0;279;38;269;38;10;38
TE502;11.01.2024;14;1.0;271;42;268;42;3;45
TE502;11.01.2024;15;1.0;375;38;366;38;9;38
TE502;11.01.2024;16;1.0;313;39;311;39;2;38
TE502;11.01.2024;17;1.0;344;35;339;34;5;38
TE502;17.01.2024;11;1.0;168;40;159;40;9;38
TE502;17.01.2024;12;1.0;198;40;189;40;9;39
TE502;17.01.2024;13;1.0;197;41;187;41;10;41
TE502;17.01.2024;14;1.0;247;41;235;41;12;40
TE502;17.01.2024;15;1.0;262;42;257;42;5;43
TE502;17.01.2024;16;1.0;272;40;267;40;5;41
TE502;17.01.2024;17;1.0;247;39;244;39;3;42
TE502;17.01.2024;18;1.0;260;38;258;38;2;40
TE502;17.01.2024;19;1.0;190;40;188;40;2;38
TE502;17.01.2024;20;1.0;116;44;112;44;4;44
TE502;17.01.2024;21;1.0;101;43;100;43;1;39
TE502;17.01.2024;22;1.0;91;43;90;43;1;39
TE502;17.01.2024;23;1.0;64;46;64;46;0;-1
TE502;18.01.2024;0;1.0;54;44;53;44;1;44
TE502;18.01.2024;1;1.0;17;47;17;47;0;-1
TE502;18.01.2024;2;1.0;12;48;12;48;0;-1
TE502;18.01.2024;3;1.0;12;43;12;43;0;-1
TE502;18.01.2024;4;1.0;29;42;29;42;0;-1
TE502;18.01.2024;5;1.0;62;42;61;42;1;44
TE502;18.01.2024;6;1.0;106;41;104;41;2;50
TE502;18.01.2024;7;1.0;219;38;217;38;2;43
TE502;18.01.2024;8;1.0;261;38;257;38;4;38
TE502;18.01.2024;9;1.0;225;41;218;41;7;40
TE502;18.01.2024;10;1.0;212;39;201;39;11;39
TE502;18.01.2024;11;1.0;204;39;196;39;8;33
TE502;18.01.2024;12;1.0;185;40;179;40;6;34
TE502;18.01.2024;13;1.0;211;38;206;38;5;36
TE502;18.01.2024;14;1.0;254;38;248;38;6;40
TE502;18.01.2024;15;1.0;237;39;235;39;2;41
TE502;18.01.2024;16;1.0;139;34;134;34;5;31
TE502;18.01.2024;17;1.0;253;40;247;40;6;41
TE502;18.01.2024;18;1.0;270;38;267;38;3;38
TE502;18.01.2024;19;1.0;212;39;206;39;6;37
TE502;18.01.2024;20;1.0;151;38;147;37;4;37
TE502;18.01.2024;21;1.0;138;39;135;39;3;41
TE502;18.01.2024;22;1.0;125;41;123;41;2;44
TE502;18.01.2024;23;1.0;88;40;86;40;2;42
TE502;19.01.2024;0;1.0;47;44;46;44;1;43
TE502;19.01.2024;1;1.0;45;49;45;49;0;-1
TE502;19.01.2024;2;1.0;19;50;19;50;0;-1
TE502;19.01.2024;3;1.0;23;48;23;48;0;-1
TE502;19.01.2024;4;1.0;35;41;35;41;0;-1
TE502;19.01.2024;5;1.0;76;43;75;43;1;43
TE502;19.01.2024;6;1.0;112;41;108;41;4;46
TE502;19.01.2024;7;1.0;143;37;140;37;3;39
TE502;19.01.2024;8;1.0;116;34;113;34;3;32
TE502;19.01.2024;9;1.0;102;35;100;35;2;37
TE502;19.01.2024;10;1.0;66;36;65;36;1;43
TE502;19.01.2024;11;1.0;73;38;69;37;4;38
TE502;19.01.2024;12;1.0;70;39;67;39;3;41
TE502;19.01.2024;13;1.0;118;38;111;39;7;40
TE502;19.01.2024;14;1.0;155;34;153;35;2;34
TE502;19.01.2024;15;1.0;189;31;185;31;4;35
TE502;19.01.2024;16;1.0;222;36;214;36;8;34
TE502;19.01.2024;17;1.0;201;38;194;38;7;43
TE502;19.01.2024;18;1.0;189;40;186;40;3;42
TE502;19.01.2024;19;1.0;152;40;147;39;5;43
TE502;19.01.2024;20;1.0;140;40;135;40;5;39
TE502;19.01.2024;21;1.0;126;42;120;42;6;40
TE502;19.01.2024;22;1.0;121;41;118;41;3;40
TE502;19.01.2024;23;1.0;107;40;105;40;2;40
TE502;20.01.2024;0;1.0;98;42;96;43;2;38
TE502;20.01.2024;1;1.0;51;44;50;44;1;29
TE502;20.01.2024;2;1.0;34;45;34;45;0;-1
TE502;20.01.2024;3;1.0;26;46;26;46;0;-1
TE502;20.01.2024;4;1.0;25;41;25;41;0;-1
TE502;20.01.2024;5;1.0;24;43;22;42;2;52
TE502;20.01.2024;6;1.0;32;41;32;41;0;-1
TE502;20.01.2024;7;1.0;33;40;32;40;1;38
TE502;20.01.2024;8;1.0;68;42;66;42;2;44
TE502;20.01.2024;9;1.0;92;42;89;42;3;44
TE502;20.01.2024;10;1.0;98;42;95;42;3;42
TE502;20.01.2024;11;1.0;118;42;113;42;5;47
TE502;20.01.2024;12;1.0;133;42;129;42;4;43
TE502;20.01.2024;13;1.0;186;40;182;40;4;42
TE502;20.01.2024;14;1.0;167;40;165;40;2;40
TE502;20.01.2024;15;1.0;184;40;180;40;4;42
TE502;20.01.2024;16;1.0;194;41;192;41;2;38
TE502;20.01.2024;17;1.0;135;39;132;39;3;41
TE502;20.01.2024;18;1.0;171;39;165;39;6;39
TE502;20.01.2024;19;1.0;147;42;144;42;3;44
TE502;20.01.2024;20;1.0;121;42;116;42;5;44
TE502;20.01.2024;21;1.0;81;42;77;41;4;38
TE502;20.01.2024;22;1.0;109;41;106;41;3;42
TE502;20.01.2024;23;1.0;86;43;84;43;2;41
TE502;21.01.2024;0;1.0;79;45;76;45;3;45
TE502;21.01.2024;1;1.0;58;42;58;42;0;-1
TE502;21.01.2024;2;1.0;25;42;25;42;0;-1
TE502;21.01.2024;3;1.0;16;47;16;47;0;-1
TE502;21.01.2024;4;1.0;14;47;14;47;0;-1
TE502;21.01.2024;5;1.0;19;42;19;42;0;-1
TE502;21.01.2024;6;1.0;22;44;22;44;0;-1
TE502;21.01.2024;7;1.0;15;44;14;44;1;47
TE502;21.01.2024;8;1.0;41;49;40;49;1;47
TE502;21.01.2024;9;1.0;55;45;51;45;4;42
TE502;21.01.2024;10;1.0;77;42;72;42;5;39
TE502;21.01.2024;11;1.0;90;39;89;39;1;37
TE502;21.01.2024;12;1.0;89;39;86;39;3;34
TE502;21.01.2024;13;1.0;143;41;140;42;3;34
TE502;21.01.2024;14;1.0;128;40;125;40;3;39
TE502;21.01.2024;15;1.0;136;40;133;40;3;38
TE502;21.01.2024;16;1.0;191;40;188;40;3;37
TE502;21.01.2024;17;1.0;213;35;208;35;5;37
TE502;21.01.2024;18;1.0;181;37;180;37;1;33
TE502;21.01.2024;19;1.0;109;40;105;40;4;44
TE502;21.01.2024;20;1.0;87;42;85;42;2;37
TE502;21.01.2024;21;1.0;82;41;78;41;4;43
TE502;21.01.2024;22;1.0;50;40;46;40;4;40
TE502;21.01.2024;23;1.0;44;41;41;41;3;44
TE502;22.01.2024;0;1.0;26;40;23;41;3;36
TE502;22.01.2024;1;1.0;19;47;19;47;0;-1
TE502;22.01.2024;2;1.0;11;52;9;52;2;49
TE502;22.01.2024;3;1.0;6;45;6;45;0;-1
TE502;22.01.2024;4;1.0;10;40;9;38;1;63
TE502;22.01.2024;5;1.0;61;38;60;38;1;38
TE502;22.01.2024;6;1.0;134;38;129;38;5;38
TE502;22.01.2024;7;1.0;248;35;236;35;12;36
TE502;22.01.2024;8;1.0;283;37;268;37;15;37
TE502;22.01.2024;9;1.0;322;38;308;38;14;40
TE502;22.01.2024;10;1.0;237;42;233;42;4;41
TE502;22.01.2024;11;1.0;205;38;187;39;18;35
TE502;22.01.2024;12;1.0;203;40;191;40;12;40
TE502;22.01.2024;13;1.0;218;41;206;41;12;42
TE502;22.01.2024;14;1.0;232;39;213;39;19;40
TE502;22.01.2024;15;1.0;266;38;255;38;11;39
TE502;22.01.2024;16;1.0;214;39;205;39;9;37
TE502;22.01.2024;17;1.0;276;38;264;38;12;36
TE502;22.01.2024;18;1.0;218;40;211;40;7;39
TE502;22.01.2024;19;1.0;193;38;183;38;10;38
TE502;22.01.2024;20;1.0;125;40;121;40;4;39
TE502;22.01.2024;21;1.0;100;41;98;41;2;45
TE502;22.01.2024;22;1.0;84;32;81;32;3;30
TE502;28.01.2024;11;1.0;135;40;132;40;3;46
TE502;28.01.2024;12;1.0;129;38;126;38;3;39
TE502;28.01.2024;13;1.0;177;38;173;38;4;41
TE502;28.01.2024;14;1.0;197;41;191;41;6;38
TE502;28.01.2024;15;1.0;220;39;216;39;4;37
TE502;28.01.2024;16;1.0;203;38;201;38;2;40
TE502;28.01.2024;17;1.0;173;39;168;39;5;44
TE502;28.01.2024;18;1.0;155;38;149;38;6;38
TE502;28.01.2024;19;1.0;140;38;138;38;2;40
TE502;28.01.2024;20;1.0;94;38;91;38;3;37
TE502;28.01.2024;21;1.0;68;41;66;41;2;40
TE502;28.01.2024;22;1.0;75;40;71;40;4;40
TE502;28.01.2024;23;1.0;42;38;40;38;2;40
TE502;29.01.2024;0;1.0;32;37;29;37;3;36
TE502;29.01.2024;1;1.0;21;45;21;45;0;-1
TE502;29.01.2024;2;1.0;11;39;11;39;0;-1
TE502;29.01.2024;3;1.0;11;39;10;38;1;53
TE502;29.01.2024;4;1.0;13;38;13;38;0;-1
TE502;29.01.2024;5;1.0;59;36;57;36;2;29
TE502;29.01.2024;6;1.0;113;37;111;37;2;36
TE502;29.01.2024;7;1.0;255;36;251;36;4;38
TE502;29.01.2024;8;1.0;287;36;278;36;9;34
TE502;29.01.2024;9;1.0;290;37;279;37;11;37
TE502;29.01.2024;10;1.0;240;36;227;36;13;35
TE502;29.01.2024;11;1.0;249;36;240;36;9;33
TE502;29.01.2024;12;1.0;221;37;206;37;15;35
TE502;29.01.2024;13;1.0;186;39;183;39;3;39
TE502;29.01.2024;14;1.0;273;39;264;39;9;39
TE502;29.01.2024;15;1.0;263;38;253;38;10;34
TE502;29.01.2024;16;1.0;313;37;309;37;4;37
TE502;29.01.2024;17;1.0;279;36;272;36;7;36
TE502;29.01.2024;18;1.0;222;38;220;38;2;40
TE502;29.01.2024;19;1.0;190;37;187;37;3;40
TE502;29.01.2024;20;1.0;122;39;118;39;4;37
TE502;29.01.2024;21;1.0;98;38;97;38;1;38
TE502;29.01.2024;22;1.0;78;42;75;42;3;41
TE502;29.01.2024;23;1.0;60;44;60;44;0;-1
TE502;30.01.2024;0;1.0;27;42;23;44;4;38
TE502;30.01.2024;1;1.0;25;46;25;46;0;-1
TE502;30.01.2024;2;1.0;8;44;8;44;0;-1
TE502;30.01.2024;3;1.0;11;32;11;32;0;-1
TE502;30.01.2024;4;1.0;12;38;12;38;0;-1
TE502;30.01.2024;5;1.0;75;40;73;39;2;40
TE502;30.01.2024;6;1.0;145;36;139;36;6;34
TE502;30.01.2024;7;1.0;261;36;252;36;9;38
TE502;30.01.2024;8;1.0;287;38;277;38;10;38
TE502;30.01.2024;9;1.0;249;40;242;39;7;40
TE502;30.01.2024;10;1.0;236;39;230;39;6;40
TE502;30.01.2024;11;1.0;224;40;217;40;7;41
TE502;30.01.2024;12;1.0;220;39;215;39;5;38
TE502;30.01.2024;13;1.0;241;40;235;40;6;40
TE502;30.01.2024;14;1.0;235;38;226;38;9;36
TE502;30.01.2024;15;1.0;322;36;314;36;8;36
TE502;30.01.2024;16;1.0;317;37;309;37;8;36
TE502;30.01.2024;17;1.0;263;36;256;36;7;37
TE502;30.01.2024;18;1.0;240;37;235;37;5;38
TE502;30.01.2024;19;1.0;212;39;208;39;4;38
TE502;30.01.2024;20;1.0;114;41;108;41;6;40
TE502;30.01.2024;21;1.0;112;40;110;40;2;39
TE502;30.01.2024;22;1.0;92;39;88;40;4;41
TE502;30.01.2024;23;1.0;66;39;64;39;2;38
TE502;31.01.2024;0;1.0;40;42;37;43;3;34
TE502;31.01.2024;1;1.0;23;46;20;46;3;49
TE502;31.01.2024;2;1.0;9;47;8;46;1;58
TE502;31.01.2024;3;1.0;12;41;12;41;0;-1
TE502;31.01.2024;4;1.0;36;42;34;43;2;36
TE502;31.01.2024;5;1.0;67;40;64;40;3;38
TE502;31.01.2024;6;1.0;128;42;126;42;2;44
TE502;31.01.2024;7;1.0;233;37;227;37;6;43
TE502;31.01.2024;8;1.0;297;38;291;38;6;40
TE502;31.01.2024;9;1.0;295;40;293;40;2;41
TE502;31.01.2024;10;1.0;225;40;218;40;7;42
TE502;31.01.2024;11;1.0;219;40;215;40;4;39
TE502;31.01.2024;12;1.0;226;39;213;39;13;37
TE502;31.01.2024;13;1.0;231;41;224;41;7;42
TE502;31.01.2024;14;1.0;267;37;257;36;11;37
TE502;31.01.2024;15;1.0;310;39;302;39;8;41
TE502;31.01.2024;16;1.0;295;39;289;39;6;39
TE502;31.01.2024;17;1.0;279;40;268;40;11;42
TE502;31.01.2024;18;1.0;251;39;248;39;3;39
TE502;31.01.2024;19;1.0;217;40;215;40;2;42
TE502;31.01.2024;20;1.0;151;43;145;43;6;40
TE502;31.01.2024;21;1.0;117;44;115;44;2;40
TE502;31.01.2024;22;1.0;95;42;93;42;2;42
TE502;31.01.2024;23;1.0;56;46;53;46;3;40
TE508;01.01.2024;1;1.0;323;52;200;46;123;62
TE508;17.01.2024;21;1.0;306;57;189;49;117;70
TE508;18.01.2024;1;1.0;89;59;54;51;36;68
TE508;18.01.2024;7;1.0;789;61;427;46;362;79
TE508;18.01.2024;10;1.0;387;39;376;39;11;40
TE508;18.01.2024;16;1.0;379;32;373;32;5;35
TE508;20.01.2024;12;1.0;612;52;350;42;262;65
TE508;22.01.2024;1;1.0;59;50;35;43;24;62
TE508;25.01.2024;15;1.0;975;50;556;38;419;66
TE508;25.01.2024;17;1.0;1011;52;576;40;435;67
TE508;25.01.2024;19;1.0;693;58;414;43;279;79
TE508;26.01.2024;11;1.0;438;38;412;38;26;38
TE508;26.01.2024;12;1.0;458;33;439;33;20;34
TE508;28.01.2024;11;1.0;301;27;287;27;15;28
TE508;28.01.2024;12;1.0;350;34;344;34;6;35
TE508;28.01.2024;13;1.0;393;33;384;33;9;33
TE508;28.01.2024;14;1.0;432;35;419;35;13;34
TE508;28.01.2024;15;1.0;390;36;379;36;11;36
TE508;28.01.2024;16;1.0;389;36;384;36;5;36
TE508;28.01.2024;17;1.0;361;35;354;35;7;34
TE508;28.01.2024;18;1.0;368;33;355;33;13;32
TE508;28.01.2024;19;1.0;408;45;396;46;12;34
TE509;10.01.2024;13;1.0;923;47;894;47;29;46
TE509;10.01.2024;14;1.0;985;46;963;46;22;46
TE509;10.01.2024;15;1.0;1170;44;1146;44;24;45
TE509;10.01.2024;16;1.0;1186;42;1168;42;18;42
TE509;10.01.2024;17;1.0;916;40;901;40;15;37
TE509;10.01.2024;18;1.0;1023;43;1011;43;12;42
TE509;10.01.2024;19;1.0;745;46;740;46;5;43
TE509;10.01.2024;20;1.0;528;47;528;47;0;-1
TE509;10.01.2024;21;1.0;330;51;329;51;1;42
TE509;10.01.2024;22;1.0;280;48;279;48;1;46
TE509;10.01.2024;23;1.0;179;48;178;48;1;35
TE509;11.01.2024;0;1.0;103;47;102;47;1;37
TE509;11.01.2024;1;1.0;65;52;65;52;0;-1
TE509;11.01.2024;2;1.0;37;48;36;48;1;43
TE509;11.01.2024;3;1.0;32;54;32;54;0;-1
TE509;11.01.2024;4;1.0;30;52;29;52;1;59
TE509;11.01.2024;5;1.0;125;61;123;61;2;56
TE509;11.01.2024;6;1.0;288;59;287;59;1;67
TE509;11.01.2024;7;1.0;723;52;714;52;9;51
TE509;11.01.2024;8;1.0;1137;46;1132;46;4;50
TE509;11.01.2024;9;1.0;1009;52;1004;52;5;55
TE509;11.01.2024;10;1.0;896;52;890;52;6;50
TE509;11.01.2024;11;1.0;869;51;864;51;5;51
TE509;11.01.2024;12;1.0;918;50;914;50;4;52
TE509;11.01.2024;13;1.0;917;52;915;52;2;50
TE509;11.01.2024;14;1.0;1082;51;1078;51;4;48
TE509;11.01.2024;15;1.0;1199;48;1197;48;2;52
TE509;11.01.2024;16;1.0;1164;43;1162;43;2;44
TE509;11.01.2024;17;1.0;1083;40;1079;40;4;44
TE509;11.01.2024;18;1.0;1112;43;1111;43;1;38
TE509;11.01.2024;19;1.0;827;46;824;46;3;41
TE509;11.01.2024;20;1.0;468;52;466;52;2;54
TE509;11.01.2024;21;1.0;341;52;337;52;4;41
TE509;11.01.2024;22;1.0;303;51;303;51;0;-1
TE509;11.01.2024;23;1.0;205;54;204;54;1;61
TE509;12.01.2024;0;1.0;122;53;119;53;3;49
TE509;12.01.2024;1;1.0;84;52;84;52;0;-1
TE509;12.01.2024;2;1.0;74;52;74;52;0;-1
TE509;12.01.2024;3;1.0;48;51;47;51;1;46
TE509;12.01.2024;4;1.0;55;55;52;55;3;54
TE509;12.01.2024;5;1.0;113;58;111;58;2;47
TE509;12.01.2024;6;1.0;234;60;232;60;2;62
TE509;12.01.2024;7;1.0;606;54;605;54;1;36
TE509;12.01.2024;8;1.0;1034;52;1032;52;2;49
TE509;12.01.2024;9;1.0;832;53;830;53;2;59
TE509;12.01.2024;10;1.0;820;52;814;52;6;51
TE509;12.01.2024;11;1.0;806;53;795;53;11;52
TE509;12.01.2024;12;1.0;887;52;880;52;7;50
TE509;12.01.2024;13;1.0;943;52;935;52;8;55
TE509;12.01.2024;14;1.0;1009;46;1001;46;8;50
TE509;12.01.2024;15;1.0;1059;50;1057;50;2;45
TE509;12.01.2024;16;1.0;951;47;948;47;3;48
TE509;12.01.2024;17;1.0;1056;45;1052;45;4;45
TE509;12.01.2024;18;1.0;1036;46;1028;46;8;41
TE509;12.01.2024;19;1.0;865;48;863;48;2;47
TE509;12.01.2024;20;1.0;577;50;575;50;2;50
TE509;12.01.2024;21;1.0;452;51;446;51;6;50
TE509;12.01.2024;22;1.0;402;52;402;52;0;-1
TE509;12.01.2024;23;1.0;292;52;291;52;1;51
TE509;13.01.2024;0;1.0;199;52;198;52;1;48
TE509;13.01.2024;1;1.0;143;53;143;53;0;-1
TE509;13.01.2024;2;1.0;116;54;114;54;2;44
TE509;13.01.2024;3;1.0;92;52;91;53;1;55
TE509;13.01.2024;4;1.0;58;51;58;51;0;-1
TE509;13.01.2024;5;1.0;68;53;68;53;0;-1
TE509;13.01.2024;6;1.0;80;53;80;53;0;-1
TE509;13.01.2024;7;1.0;97;54;93;54;4;54
TE509;13.01.2024;8;1.0;159;55;159;55;0;-1
TE509;13.01.2024;9;1.0;329;55;325;55;4;54
TE509;13.01.2024;10;1.0;472;56;472;56;0;-1
TE509;13.01.2024;11;1.0;636;54;634;54;2;48
TE509;13.01.2024;12;1.0;757;52;756;52;1;63
TE509;13.01.2024;13;1.0;887;50;885;50;2;51
TE509;13.01.2024;14;1.0;913;50;906;50;7;53
TE509;13.01.2024;15;1.0;1016;50;1011;50;5;43
TE509;13.01.2024;16;1.0;944;48;942;48;2;50
TE509;13.01.2024;17;1.0;927;45;920;45;7;45
TE509;13.01.2024;18;1.0;992;46;987;46;5;46
TE509;13.01.2024;19;1.0;767;49;767;49;0;-1
TE509;13.01.2024;20;1.0;628;51;627;51;1;55
TE509;13.01.2024;21;1.0;455;52;453;52;2;44
TE509;13.01.2024;22;1.0;412;52;411;52;1;45
TE509;13.01.2024;23;1.0;333;53;333;53;0;-1
TE509;14.01.2024;0;1.0;273;54;273;54;0;-1
TE509;14.01.2024;1;1.0;218;54;218;54;0;-1
TE509;14.01.2024;2;1.0;172;53;172;53;0;-1
TE509;14.01.2024;3;1.0;116;56;116;56;0;-1
TE509;14.01.2024;4;1.0;116;52;115;52;1;61
TE509;14.01.2024;5;1.0;75;53;75;53;0;-1
TE509;14.01.2024;6;1.0;76;52;76;52;0;-1
TE509;14.01.2024;7;1.0;71;55;71;55;0;-1
TE509;14.01.2024;8;1.0;124;57;124;57;0;-1
TE509;14.01.2024;9;1.0;229;57;228;57;1;45
TE509;14.01.2024;10;1.0;434;56;433;56;1;63
TE509;14.01.2024;11;1.0;411;56;410;56;1;44
TE509;14.01.2024;12;1.0;512;56;511;56;1;51
TE509;14.01.2024;13;1.0;692;55;689;55;3;57
TE509;14.01.2024;14;1.0;773;54;771;54;2;49
TE509;14.01.2024;15;1.0;710;53;707;53;3;53
TE509;14.01.2024;16;1.0;698;51;693;51;5;50
TE509;14.01.2024;17;1.0;702;49;698;49;4;52
TE509;14.01.2024;18;1.0;552;53;552;53;0;-1
TE509;14.01.2024;19;1.0;508;51;506;51;2;45
TE509;14.01.2024;20;1.0;335;51;335;51;0;-1
TE509;14.01.2024;21;1.0;283;56;283;56;0;-1
TE509;14.01.2024;22;1.0;245;53;244;53;1;45
TE509;14.01.2024;23;1.0;167;54;167;54;0;-1
TE509;15.01.2024;0;1.0;113;55;113;55;0;-1
TE509;15.01.2024;1;1.0;60;54;60;54;0;-1
TE509;15.01.2024;2;1.0;40;52;40;52;0;-1
TE509;15.01.2024;3;1.0;38;54;38;54;0;-1
TE509;15.01.2024;4;1.0;59;54;56;54;3;52
TE509;15.01.2024;5;1.0;108;59;108;59;0;-1
TE509;15.01.2024;6;1.0;335;54;330;54;5;55
TE509;15.01.2024;7;1.0;640;48;637;48;3;51
TE509;15.01.2024;8;1.0;880;50;870;50;10;48
TE509;15.01.2024;9;1.0;810;52;799;52;11;56
TE509;15.01.2024;10;1.0;729;52;717;52;12;52
TE509;15.01.2024;11;1.0;736;52;729;52;7;49
TE509;15.01.2024;12;1.0;737;52;726;52;11;55
TE509;15.01.2024;13;1.0;763;54;758;54;5;57
TE509;15.01.2024;14;1.0;854;53;850;53;4;55
TE509;15.01.2024;15;1.0;1001;50;998;50;3;49
TE509;15.01.2024;16;1.0;1041;48;1037;48;4;52
TE509;15.01.2024;17;1.0;880;47;876;47;4;47
TE509;15.01.2024;18;1.0;870;47;865;47;5;42
TE509;15.01.2024;19;1.0;622;51;620;51;2;54
TE509;15.01.2024;20;1.0;398;52;396;52;2;57
TE509;15.01.2024;21;1.0;292;52;292;52;0;-1
TE509;15.01.2024;22;1.0;248;54;248;54;0;-1
TE509;15.01.2024;23;1.0;156;53;156;53;0;-1
TE509;16.01.2024;0;1.0;95;53;95;53;0;-1
TE509;16.01.2024;1;1.0;44;53;43;52;1;60
TE509;16.01.2024;2;1.0;31;42;31;42;0;-1
TE509;16.01.2024;3;1.0;23;42;23;42;0;-1
TE509;16.01.2024;4;1.0;33;42;33;42;0;-1
TE509;16.01.2024;5;1.0;88;47;88;47;0;-1
TE509;16.01.2024;6;1.0;267;44;266;44;1;52
TE509;16.01.2024;7;1.0;685;43;683;43;2;36
TE509;16.01.2024;8;1.0;1012;45;1008;45;4;42
TE509;16.01.2024;9;1.0;961;45;956;45;5;46
TE509;16.01.2024;10;1.0;875;52;871;52;4;55
TE509;16.01.2024;11;1.0;887;52;871;52;16;51
TE509;16.01.2024;12;1.0;858;52;848;52;10;55
TE509;16.01.2024;13;1.0;883;53;866;53;17;55
TE509;16.01.2024;14;1.0;1006;52;992;52;14;54
TE509;16.01.2024;15;1.0;1054;49;1046;49;8;48
TE509;16.01.2024;16;1.0;1107;46;1097;46;10;48
TE509;16.01.2024;17;1.0;1139;44;1139;44;0;-1
TE509;16.01.2024;18;1.0;1076;45;1074;45;2;50
TE509;16.01.2024;19;1.0;727;49;726;49;1;41
TE509;16.01.2024;20;1.0;488;51;487;51;1;57
TE509;16.01.2024;21;1.0;310;52;309;52;1;57
TE509;16.01.2024;22;1.0;300;51;299;51;1;45
TE509;16.01.2024;23;1.0;188;52;187;52;1;58
TE509;17.01.2024;0;1.0;95;48;94;48;1;42
TE509;17.01.2024;1;1.0;60;51;60;51;0;-1
TE509;17.01.2024;2;1.0;40;48;39;48;1;52
TE509;17.01.2024;3;1.0;37;49;37;49;0;-1
TE509;17.01.2024;4;1.0;44;48;42;47;2;62
TE509;17.01.2024;5;1.0;110;51;109;51;1;51
TE509;17.01.2024;6;1.0;313;51;308;51;5;47
TE509;17.01.2024;7;1.0;778;49;773;49;5;41
TE509;17.01.2024;8;1.0;1158;50;1148;50;10;48
TE509;17.01.2024;9;1.0;1034;50;1025;50;9;51
TE509;17.01.2024;10;1.0;919;50;903;50;16;46
TE509;17.01.2024;11;1.0;897;53;881;53;16;50
TE509;17.01.2024;12;1.0;906;51;891;51;15;52
TE509;17.01.2024;13;1.0;926;50;920;50;6;48
TE509;17.01.2024;14;1.0;976;53;968;53;8;50
TE509;17.01.2024;15;1.0;1113;49;1104;49;9;56
TE509;17.01.2024;16;1.0;1029;48;1015;48;14;52
TE509;17.01.2024;17;1.0;956;48;949;48;7;47
TE509;17.01.2024;18;1.0;875;47;869;47;6;44
TE509;17.01.2024;19;1.0;621;49;614;49;7;52
TE509;17.01.2024;20;1.0;457;50;455;50;2;51
TE509;17.01.2024;21;1.0;332;54;330;54;2;45
TE509;17.01.2024;22;1.0;270;52;269;52;1;57
TE509;17.01.2024;23;1.0;204;54;202;54;2;63
TE509;18.01.2024;0;1.0;103;55;100;55;3;57
TE509;18.01.2024;1;1.0;68;55;66;55;2;51
TE509;18.01.2024;2;1.0;39;54;38;54;1;42
TE509;18.01.2024;3;1.0;47;47;47;47;0;-1
TE509;18.01.2024;4;1.0;51;54;49;53;2;58
TE509;18.01.2024;5;1.0;118;59;117;59;1;67
TE509;18.01.2024;6;1.0;265;58;263;58;2;68
TE509;18.01.2024;7;1.0;683;54;679;54;4;53
TE509;18.01.2024;8;1.0;1128;51;1108;51;20;51
TE509;18.01.2024;9;1.0;954;54;939;53;15;54
TE509;18.01.2024;10;1.0;846;54;836;54;10;53
TE509;18.01.2024;11;1.0;862;54;842;54;20;52
TE509;18.01.2024;12;1.0;893;51;875;51;18;51
TE509;18.01.2024;13;1.0;816;48;811;48;5;47
TE509;18.01.2024;14;1.0;1007;48;1002;48;5;50
TE509;18.01.2024;15;1.0;1086;45;1082;45;4;49
TE509;18.01.2024;16;1.0;1019;39;1010;39;9;25
TE509;18.01.2024;17;1.0;1060;45;1050;45;10;50
TE509;18.01.2024;18;1.0;1066;43;1063;43;3;40
TE509;18.01.2024;19;1.0;809;46;807;46;2;49
TE509;18.01.2024;20;1.0;550;48;549;48;1;53
TE509;18.01.2024;21;1.0;416;47;414;47;2;42
TE509;18.01.2024;22;1.0;326;48;325;48;1;58
TE509;18.01.2024;23;1.0;205;48;203;48;2;51
TE509;19.01.2024;0;1.0;134;48;134;48;0;-1
TE509;19.01.2024;1;1.0;75;48;75;48;0;-1
TE509;19.01.2024;2;1.0;64;47;64;47;0;-1
TE509;19.01.2024;3;1.0;49;46;49;46;0;-1
TE509;19.01.2024;4;1.0;52;50;50;50;2;47
TE509;19.01.2024;5;1.0;120;52;114;52;6;46
TE509;19.01.2024;6;1.0;278;50;273;50;5;50
TE509;19.01.2024;7;1.0;619;50;613;50;6;49
TE509;19.01.2024;8;1.0;979;48;968;48;11;51
TE509;19.01.2024;9;1.0;936;48;927;48;9;48
TE509;19.01.2024;10;1.0;879;48;869;48;10;47
TE509;19.01.2024;11;1.0;857;48;843;48;14;50
TE509;19.01.2024;12;1.0;912;48;896;48;16;49
TE509;19.01.2024;13;1.0;947;49;933;49;14;47
TE509;19.01.2024;14;1.0;1072;47;1061;47;11;47
TE509;19.01.2024;15;1.0;1096;45;1082;45;14;45
TE509;19.01.2024;16;1.0;1050;45;1042;45;8;49
TE509;19.01.2024;17;1.0;964;44;954;44;10;42
TE509;19.01.2024;18;1.0;999;44;991;44;8;40
TE509;19.01.2024;19;1.0;918;44;912;44;6;43
TE509;19.01.2024;20;1.0;633;46;628;46;5;47
TE509;19.01.2024;21;1.0;531;47;531;47;0;-1
TE509;19.01.2024;22;1.0;417;50;414;50;3;46
TE509;19.01.2024;23;1.0;313;50;311;50;2;54
TE509;20.01.2024;0;1.0;235;50;234;50;1;57
TE509;20.01.2024;1;1.0;169;48;168;48;1;39
TE509;20.01.2024;2;1.0;154;50;154;50;0;-1
TE509;20.01.2024;3;1.0;94;51;93;51;1;50
TE509;20.01.2024;4;1.0;90;50;89;49;1;58
TE509;20.01.2024;5;1.0;79;51;74;51;5;44
TE509;20.01.2024;6;1.0;91;53;89;53;2;50
TE509;20.01.2024;7;1.0;128;51;127;51;1;59
TE509;20.01.2024;8;1.0;202;54;197;55;5;57
TE509;20.01.2024;9;1.0;415;53;408;53;7;52
TE509;20.01.2024;10;1.0;544;53;542;53;2;61
TE509;20.01.2024;11;1.0;688;52;681;52;7;49
TE509;20.01.2024;12;1.0;728;51;723;51;5;52
TE509;20.01.2024;13;1.0;804;49;802;49;2;54
TE509;20.01.2024;14;1.0;989;49;983;49;6;48
TE509;20.01.2024;15;1.0;1021;50;1014;50;7;49
TE509;20.01.2024;16;1.0;929;47;922;47;7;43
TE509;20.01.2024;17;1.0;981;43;979;43;2;44
TE509;20.01.2024;18;1.0;1114;40;1100;40;14;39
TE509;20.01.2024;19;1.0;853;45;848;45;5;41
TE509;20.01.2024;20;1.0;696;45;692;46;4;44
TE509;20.01.2024;21;1.0;471;49;471;49;0;-1
TE509;20.01.2024;22;1.0;419;47;417;47;2;53
TE509;20.01.2024;23;1.0;370;48;370;48;0;-1
TE509;21.01.2024;0;1.0;305;49;304;49;1;34
TE509;21.01.2024;1;1.0;222;49;221;49;1;60
TE509;21.01.2024;2;1.0;158;48;158;48;0;-1
TE509;21.01.2024;3;1.0;98;53;98;53;0;-1
TE509;21.01.2024;4;1.0;78;50;78;50;0;-1
TE509;21.01.2024;5;1.0;69;59;69;59;0;-1
TE509;21.01.2024;6;1.0;62;58;62;58;0;-1
TE509;21.01.2024;7;1.0;67;53;67;53;0;-1
TE509;21.01.2024;8;1.0;118;58;118;58;0;-1
TE509;21.01.2024;9;1.0;238;53;236;53;2;34
TE509;21.01.2024;10;1.0;432;55;431;55;1;46
TE509;21.01.2024;11;1.0;400;54;398;54;2;50
TE509;21.01.2024;12;1.0;579;53;577;53;2;60
TE509;21.01.2024;13;1.0;718;53;710;53;8;47
TE509;21.01.2024;14;1.0;792;51;790;51;2;56
TE509;21.01.2024;15;1.0;877;51;876;51;1;53
TE509;21.01.2024;16;1.0;785;51;780;51;5;55
TE509;21.01.2024;17;1.0;729;48;720;48;9;45
TE509;21.01.2024;18;1.0;585;51;579;51;6;50
TE509;21.01.2024;19;1.0;512;50;509;50;3;51
TE509;21.01.2024;20;1.0;400;51;400;51;0;-1
TE509;21.01.2024;21;1.0;321;51;320;51;1;42
TE509;21.01.2024;22;1.0;257;50;255;51;2;44
TE509;21.01.2024;23;1.0;191;50;190;50;1;59
TE509;22.01.2024;0;1.0;112;49;111;49;1;38
TE509;22.01.2024;1;1.0;75;49;75;49;0;-1
TE509;22.01.2024;2;1.0;51;51;50;51;1;36
TE509;22.01.2024;3;1.0;47;48;47;48;0;-1
TE509;22.01.2024;4;1.0;52;52;49;52;3;59
TE509;22.01.2024;5;1.0;108;54;105;54;3;60
TE509;22.01.2024;6;1.0;370;55;345;55;25;51
TE509;22.01.2024;7;1.0;864;53;823;53;41;52
TE509;22.01.2024;8;1.0;1122;49;1092;49;30;48
TE509;22.01.2024;9;1.0;968;51;944;51;24;46
TE509;22.01.2024;10;1.0;788;50;767;50;21;50
TE509;22.01.2024;11;1.0;901;52;858;52;43;51
TE509;22.01.2024;12;1.0;1030;50;986;50;44;52
TE509;22.01.2024;13;1.0;915;53;887;53;28;53
TE509;22.01.2024;14;1.0;980;52;938;52;42;51
TE509;22.01.2024;15;1.0;1162;48;1106;47;56;51
TE509;22.01.2024;16;1.0;1192;48;1166;48;26;50
TE509;22.01.2024;17;1.0;1037;45;1018;45;19;43
TE509;22.01.2024;18;1.0;1047;43;1034;43;13;45
TE509;22.01.2024;19;1.0;760;46;755;46;5;47
TE509;22.01.2024;20;1.0;450;49;450;49;0;-1
TE509;22.01.2024;21;1.0;307;51;307;51;0;-1
TE509;22.01.2024;22;1.0;267;49;265;49;2;50
TE509;22.01.2024;23;1.0;168;49;168;49;0;-1
TE509;23.01.2024;0;1.0;92;50;92;50;0;-1
TE509;23.01.2024;1;1.0;64;50;63;50;1;36
TE509;23.01.2024;2;1.0;45;49;44;49;1;46
TE509;23.01.2024;3;1.0;39;49;39;49;0;-1
TE509;23.01.2024;4;1.0;49;52;46;52;3;53
TE509;23.01.2024;5;1.0;103;54;99;54;4;56
TE509;23.01.2024;6;1.0;312;52;307;52;5;34
TE509;23.01.2024;7;1.0;741;52;731;52;10;50
TE509;23.01.2024;8;1.0;1148;50;1133;50;15;51
TE509;23.01.2024;9;1.0;1166;50;1141;50;25;51
TE509;23.01.2024;10;1.0;1087;52;1072;52;15;49
TE509;23.01.2024;11;1.0;1044;51;1012;52;32;53
TE509;23.01.2024;12;1.0;1133;50;1110;50;23;50
TE509;23.01.2024;13;1.0;1026;50;1013;50;13;50
TE509;23.01.2024;14;1.0;880;49;871;49;9;48
TE509;23.01.2024;15;1.0;1072;44;1052;44;20;43
TE509;23.01.2024;16;1.0;1059;45;1051;45;8;45
TE509;23.01.2024;17;1.0;1130;44;1124;44;6;46
TE509;23.01.2024;18;1.0;995;43;989;43;6;45
TE509;23.01.2024;19;1.0;759;46;753;46;6;46
TE509;23.01.2024;20;1.0;448;48;447;48;1;50
TE509;23.01.2024;21;1.0;313;50;311;51;2;53
TE509;23.01.2024;22;1.0;261;52;259;52;2;48
TE509;23.01.2024;23;1.0;167;52;166;52;1;59
TE509;24.01.2024;0;1.0;100;50;100;50;0;-1
TE509;24.01.2024;1;1.0;64;52;64;52;0;-1
TE509;24.01.2024;2;1.0;51;37;51;37;0;-1
TE509;24.01.2024;4;1.0;51;53;49;53;2;40
TE509;24.01.2024;5;1.0;107;55;106;55;1;50
TE509;24.01.2024;6;1.0;281;55;275;55;6;50
TE509;24.01.2024;7;1.0;783;50;770;50;13;49
TE509;24.01.2024;8;1.0;1130;47;1116;47;14;45
TE509;24.01.2024;9;1.0;1020;49;997;49;23;49
TE509;24.01.2024;10;1.0;823;52;809;52;14;50
TE509;24.01.2024;11;1.0;931;51;911;51;20;51
TE509;24.01.2024;12;1.0;1112;51;1078;51;34;50
TE509;24.01.2024;13;1.0;1147;50;1119;50;28;52
TE509;24.01.2024;14;1.0;1009;51;1000;51;9;48
TE509;24.01.2024;15;1.0;1094;46;1071;46;23;46
TE509;24.01.2024;16;1.0;1009;42;995;42;14;44
TE509;24.01.2024;18;1.0;1132;44;1122;44;10;46
TE509;24.01.2024;19;1.0;795;48;788;48;7;44
TE509;24.01.2024;20;1.0;467;49;465;49;2;46
TE509;24.01.2024;21;1.0;391;51;391;51;0;-1
TE509;24.01.2024;22;1.0;269;50;268;50;1;50
TE509;24.01.2024;23;1.0;183;50;181;50;2;46
TE509;25.01.2024;0;1.0;126;51;123;51;3;52
TE509;25.01.2024;1;1.0;69;51;68;51;1;52
TE509;25.01.2024;2;1.0;39;54;39;54;0;-1
TE509;25.01.2024;3;1.0;37;49;36;49;1;40
TE509;25.01.2024;4;1.0;46;56;41;55;5;62
TE509;25.01.2024;5;1.0;109;57;108;57;1;62
TE509;25.01.2024;6;1.0;313;54;304;54;9;52
TE509;25.01.2024;7;1.0;714;52;700;52;14;51
TE509;25.01.2024;8;1.0;1072;50;1057;50;15;49
TE509;25.01.2024;9;1.0;1007;50;997;50;10;49
TE509;25.01.2024;10;1.0;868;51;852;51;16;49
TE509;25.01.2024;11;1.0;946;51;939;51;7;51
TE509;25.01.2024;12;1.0;983;52;964;52;19;50
TE509;25.01.2024;13;1.0;1002;52;992;52;10;51
TE509;25.01.2024;14;1.0;1033;49;1028;49;5;46
TE509;25.01.2024;15;1.0;1119;46;1105;46;14;44
TE509;25.01.2024;16;1.0;1122;43;1113;43;9;45
TE509;25.01.2024;17;1.0;1165;44;1162;44;3;41
TE509;25.01.2024;18;1.0;1138;45;1134;45;4;48
TE509;25.01.2024;19;1.0;862;45;858;45;4;46
TE509;25.01.2024;20;1.0;532;50;532;50;0;-1
TE509;25.01.2024;21;1.0;321;52;320;52;1;38
TE509;25.01.2024;22;1.0;319;46;318;46;1;43
TE509;25.01.2024;23;1.0;231;47;231;47;0;-1
TE509;26.01.2024;0;1.0;124;48;123;48;1;48
TE509;26.01.2024;1;1.0;78;48;76;48;2;53
TE509;26.01.2024;2;1.0;60;49;58;49;2;42
TE509;26.01.2024;3;1.0;27;49;26;47;1;85
TE509;26.01.2024;4;1.0;53;53;53;53;0;-1
TE509;26.01.2024;5;1.0;100;54;100;54;0;-1
TE509;26.01.2024;6;1.0;242;59;241;59;1;31
TE509;26.01.2024;7;1.0;648;47;639;47;9;44
TE509;26.01.2024;8;1.0;963;48;951;48;12;46
TE509;26.01.2024;9;1.0;867;53;861;53;6;56
TE509;26.01.2024;10;1.0;932;54;921;54;11;54
TE509;26.01.2024;11;1.0;993;52;977;52;16;53
TE509;26.01.2024;12;1.0;944;47;915;47;29;44
TE509;26.01.2024;13;1.0;790;50;778;50;12;50
TE509;26.01.2024;14;1.0;998;49;988;49;10;47
TE509;26.01.2024;15;1.0;1092;45;1076;45;16;44
TE509;26.01.2024;16;1.0;1110;46;1104;46;6;44
TE509;26.01.2024;17;1.0;1095;43;1091;43;4;45
TE509;26.01.2024;18;1.0;1003;46;1000;46;3;45
TE509;26.01.2024;19;1.0;893;45;891;45;2;48
TE509;26.01.2024;20;1.0;658;47;657;47;1;44
TE509;26.01.2024;21;1.0;504;49;504;49;0;-1
TE509;26.01.2024;22;1.0;388;48;386;48;2;50
TE509;26.01.2024;23;1.0;366;50;365;50;1;45
TE509;27.01.2024;0;1.0;237;50;234;50;3;53
TE509;27.01.2024;1;1.0;166;52;166;52;0;-1
TE509;27.01.2024;2;1.0;104;52;103;52;1;60
TE509;27.01.2024;3;1.0;95;51;93;51;2;49
TE509;27.01.2024;4;1.0;67;52;61;51;6;54
TE509;27.01.2024;5;1.0;67;54;63;54;4;54
TE509;27.01.2024;6;1.0;116;55;115;55;1;45
TE509;27.01.2024;7;1.0;137;54;134;54;3;60
TE509;27.01.2024;8;1.0;215;54;213;54;2;60
TE509;27.01.2024;9;1.0;382;55;373;55;9;56
TE509;27.01.2024;10;1.0;592;53;588;53;4;58
TE509;27.01.2024;11;1.0;650;52;647;52;3;60
TE509;27.01.2024;12;1.0;820;52;812;52;8;53
TE509;27.01.2024;13;1.0;943;50;938;50;5;51
TE509;27.01.2024;14;1.0;962;46;958;46;4;49
TE509;27.01.2024;15;1.0;904;45;896;45;8;45
TE509;27.01.2024;16;1.0;1016;44;1012;44;4;44
TE509;27.01.2024;17;1.0;1053;43;1045;43;8;41
TE509;27.01.2024;18;1.0;1003;40;994;40;9;40
TE509;27.01.2024;19;1.0;905;44;896;44;9;43
TE509;27.01.2024;20;1.0;725;44;718;44;7;48
TE509;27.01.2024;21;1.0;485;48;484;48;1;52
TE509;27.01.2024;22;1.0;489;48;489;48;0;-1
TE509;27.01.2024;23;1.0;387;47;387;47;0;-1
TE509;28.01.2024;0;1.0;309;49;309;49;0;-1
TE509;28.01.2024;1;1.0;230;48;229;48;1;51
TE509;28.01.2024;2;1.0;164;48;164;48;0;-1
TE509;28.01.2024;3;1.0;126;50;126;50;0;-1
TE509;28.01.2024;4;1.0;91;49;90;49;1;47
TE509;28.01.2024;5;1.0;78;50;78;50;0;-1
TE509;28.01.2024;6;1.0;78;47;78;47;0;-1
TE509;28.01.2024;7;1.0;86;51;85;51;1;52
TE509;28.01.2024;8;1.0;153;50;153;50;0;-1
TE509;28.01.2024;9;1.0;265;51;262;51;3;50
TE509;28.01.2024;10;1.0;470;52;466;52;4;56
TE509;28.01.2024;11;1.0;585;51;579;51;6;50
TE509;28.01.2024;12;1.0;571;52;563;52;8;49
TE509;28.01.2024;13;1.0;715;50;709;50;6;49
TE509;28.01.2024;14;1.0;795;49;778;49;17;48
TE509;28.01.2024;15;1.0;775;50;767;50;8;50
TE509;28.01.2024;16;1.0;902;51;898;51;4;51
TE509;28.01.2024;17;1.0;867;48;853;48;14;49
TE509;28.01.2024;18;1.0;717;47;710;47;7;47
TE509;28.01.2024;19;1.0;544;48;538;48;6;50
TE509;28.01.2024;20;1.0;359;50;359;50;0;-1
TE509;28.01.2024;21;1.0;302;48;299;48;3;47
TE509;28.01.2024;22;1.0;251;49;251;49;0;-1
TE509;28.01.2024;23;1.0;146;48;146;48;0;-1
TE509;29.01.2024;0;1.0;106;48;106;48;0;-1
TE509;29.01.2024;1;1.0;66;47;66;47;0;-1
TE509;29.01.2024;2;1.0;50;51;50;51;0;-1
TE509;29.01.2024;3;1.0;38;49;38;49;0;-1
TE509;29.01.2024;4;1.0;47;51;44;51;3;51
TE509;29.01.2024;5;1.0;104;51;104;51;0;-1
TE509;29.01.2024;6;1.0;279;53;272;53;7;53
TE509;29.01.2024;7;1.0;709;49;701;49;8;47
TE509;29.01.2024;8;1.0;1099;48;1080;48;19;49
TE509;29.01.2024;9;1.0;1001;49;979;49;22;48
TE509;29.01.2024;10;1.0;824;50;802;50;22;50
TE509;29.01.2024;11;1.0;802;51;762;51;40;51
TE509;29.01.2024;12;1.0;813;50;767;50;46;50
TE509;29.01.2024;13;1.0;789;50;758;49;31;50
TE509;29.01.2024;14;1.0;899;49;865;49;34;50
TE509;29.01.2024;15;1.0;999;46;955;46;44;45
TE509;29.01.2024;16;1.0;1064;45;1035;45;29;43
TE509;29.01.2024;17;1.0;1101;44;1086;44;15;44
TE509;29.01.2024;18;1.0;926;46;918;46;8;44
TE509;29.01.2024;19;1.0;657;48;657;48;0;-1
TE509;29.01.2024;20;1.0;431;49;429;49;2;46
TE509;29.01.2024;21;1.0;268;50;267;50;1;54
TE509;29.01.2024;22;1.0;228;49;225;49;3;50
TE509;29.01.2024;23;1.0;146;50;145;50;1;49
TE509;30.01.2024;0;1.0;88;51;87;51;1;50
TE509;30.01.2024;1;1.0;50;48;50;48;0;-1
TE509;30.01.2024;2;1.0;48;47;48;47;0;-1
TE509;30.01.2024;3;1.0;32;51;32;51;0;-1
TE509;30.01.2024;4;1.0;48;49;47;49;1;44
TE509;30.01.2024;5;1.0;101;54;99;54;2;46
TE509;30.01.2024;6;1.0;327;52;324;52;3;49
TE509;30.01.2024;7;1.0;701;51;689;51;12;50
TE509;30.01.2024;8;1.0;1090;50;1075;50;15;53
TE509;30.01.2024;9;1.0;1119;50;1090;50;29;51
TE509;30.01.2024;10;1.0;1041;49;1011;49;30;51
TE509;30.01.2024;11;1.0;934;49;905;49;29;51
TE509;30.01.2024;12;1.0;882;49;858;49;24;47
TE509;30.01.2024;13;1.0;873;51;854;51;19;48
TE509;30.01.2024;14;1.0;1085;50;1065;50;20;49
TE509;30.01.2024;15;1.0;1149;47;1117;47;32;48
TE509;30.01.2024;16;1.0;1110;46;1082;46;28;47
TE509;30.01.2024;17;1.0;1139;43;1114;43;25;44
TE509;30.01.2024;18;1.0;1052;47;1045;47;7;46
TE509;30.01.2024;19;1.0;775;49;773;49;2;58
TE509;30.01.2024;20;1.0;494;50;485;50;9;46
TE509;30.01.2024;21;1.0;316;52;313;52;3;43
TE509;30.01.2024;22;1.0;304;51;302;51;2;44
TE509;30.01.2024;23;1.0;175;52;172;52;3;53
TE509;31.01.2024;0;1.0;86;51;85;51;1;62
TE509;31.01.2024;1;1.0;88;52;86;52;2;52
TE509;31.01.2024;2;1.0;79;50;79;50;0;-1
TE509;31.01.2024;3;1.0;45;51;45;51;0;-1
TE509;31.01.2024;4;1.0;44;53;43;53;1;50
TE509;31.01.2024;5;1.0;106;54;105;54;1;58
TE509;31.01.2024;6;1.0;292;56;287;56;5;57
TE509;31.01.2024;7;1.0;734;52;727;52;7;51
TE509;31.01.2024;8;1.0;1021;53;1014;53;7;52
TE509;31.01.2024;9;1.0;998;53;988;53;10;51
TE509;31.01.2024;10;1.0;797;52;783;52;14;52
TE509;31.01.2024;11;1.0;865;51;850;51;15;47
TE509;31.01.2024;12;1.0;903;51;894;51;9;50
TE509;31.01.2024;13;1.0;896;53;890;53;6;54
TE509;31.01.2024;14;1.0;952;52;947;52;5;57
TE509;31.01.2024;15;1.0;1023;53;1016;53;7;50
TE509;31.01.2024;16;1.0;1106;50;1096;50;10;46
TE509;31.01.2024;17;1.0;1056;47;1056;47;0;-1
TE509;31.01.2024;18;1.0;995;48;995;48;0;-1
TE509;31.01.2024;19;1.0;764;48;762;48;2;50
TE509;31.01.2024;20;1.0;454;53;454;53;0;-1
TE509;31.01.2024;21;1.0;310;54;310;54;0;-1
TE509;31.01.2024;22;1.0;285;52;284;52;1;57
TE509;31.01.2024;23;1.0;207;53;207;53;0;-1
TE510;01.01.2024;0;1.0;330;50;328;50;2;53
TE510;01.01.2024;1;1.0;501;54;497;54;4;56
TE510;01.01.2024;2;1.0;455;54;454;54;1;56
TE510;01.01.2024;3;1.0;347;55;345;55;2;58
TE510;01.01.2024;4;1.0;261;51;257;51;4;56
TE510;01.01.2024;5;1.0;213;53;213;53;0;-1
TE510;01.01.2024;6;1.0;143;56;141;56;2;54
TE510;01.01.2024;7;1.0;98;55;97;55;1;49
TE510;01.01.2024;8;1.0;88;53;88;53;0;-1
TE510;01.01.2024;9;1.0;124;53;122;53;2;56
TE510;01.01.2024;10;1.0;134;49;131;49;3;58
TE510;01.01.2024;11;1.0;226;51;225;51;1;54
TE510;01.01.2024;12;1.0;319;49;317;49;2;46
TE510;01.01.2024;13;1.0;348;51;347;51;1;44
TE510;01.01.2024;14;1.0;371;51;367;51;4;52
TE510;01.01.2024;15;1.0;409;50;406;50;3;50
TE510;01.01.2024;16;1.0;456;49;454;49;2;48
TE510;01.01.2024;17;1.0;447;49;444;49;3;50
TE510;01.01.2024;18;1.0;480;50;474;50;6;48
TE510;01.01.2024;19;1.0;385;52;384;52;1;49
TE510;01.01.2024;20;1.0;321;51;321;51;0;-1
TE510;01.01.2024;21;1.0;276;54;274;54;2;50
TE510;01.01.2024;22;1.0;268;47;266;47;2;50
TE510;01.01.2024;23;1.0;166;48;166;48;0;-1
TE510;02.01.2024;0;1.0;119;50;119;50;0;-1
TE510;02.01.2024;1;1.0;74;58;74;58;0;-1
TE510;02.01.2024;2;1.0;55;55;54;55;1;49
TE510;02.01.2024;3;1.0;51;54;50;54;1;49
TE510;02.01.2024;4;1.0;63;54;58;54;5;51
TE510;02.01.2024;5;1.0;128;55;123;55;5;53
TE510;02.01.2024;6;1.0;221;54;219;54;2;56
TE510;02.01.2024;7;1.0;347;54;335;54;12;53
TE510;02.01.2024;8;1.0;515;53;503;53;12;53
TE510;02.01.2024;9;1.0;557;51;545;51;12;51
TE510;02.01.2024;10;1.0;563;49;556;49;7;53
TE510;02.01.2024;11;1.0;633;48;630;48;3;50
TE510;02.01.2024;12;1.0;707;49;703;49;4;46
TE510;02.01.2024;13;1.0;685;40;681;40;5;36
TE510;02.01.2024;14;1.0;764;43;760;43;4;50
TE510;02.01.2024;15;1.0;785;47;777;47;8;48
TE510;02.01.2024;16;1.0;832;50;829;50;3;50
TE510;02.01.2024;17;1.0;799;51;796;51;3;51
TE510;02.01.2024;18;1.0;774;51;773;51;1;51
TE510;02.01.2024;19;1.0;552;49;545;50;7;46
TE510;02.01.2024;20;1.0;386;50;386;50;0;-1
TE510;02.01.2024;21;1.0;313;51;313;51;0;-1
TE510;02.01.2024;22;1.0;314;50;313;50;1;51
TE510;02.01.2024;23;1.0;180;51;178;51;2;46
TE510;03.01.2024;0;1.0;111;53;109;54;2;42
TE510;03.01.2024;1;1.0;71;54;71;54;0;-1
TE510;03.01.2024;2;1.0;59;55;56;55;3;52
TE510;03.01.2024;3;1.0;42;56;41;56;1;62
TE510;03.01.2024;4;1.0;67;55;65;55;2;62
TE510;03.01.2024;5;1.0;126;58;117;58;9;61
TE510;03.01.2024;6;1.0;249;54;231;54;18;55
TE510;03.01.2024;7;1.0;400;51;386;51;14;50
TE510;03.01.2024;8;1.0;602;44;575;44;26;46
TE510;03.01.2024;9;1.0;640;45;604;45;37;46
TE510;03.01.2024;10;1.0;603;48;570;48;33;48
TE510;03.01.2024;11;1.0;705;47;672;47;33;48
TE510;03.01.2024;12;1.0;680;48;660;48;20;48
TE510;03.01.2024;13;1.0;712;45;691;45;21;47
TE510;03.01.2024;14;1.0;782;46;764;46;18;45
TE510;03.01.2024;15;1.0;849;49;831;49;18;49
TE510;03.01.2024;16;1.0;848;49;829;49;19;51
TE510;03.01.2024;17;1.0;882;49;872;49;10;45
TE510;03.01.2024;18;1.0;777;48;772;48;5;43
TE510;03.01.2024;19;1.0;597;47;589;46;8;47
TE510;03.01.2024;20;1.0;432;48;427;48;5;48
TE510;03.01.2024;21;1.0;329;50;327;50;2;52
TE510;03.01.2024;22;1.0;286;51;284;51;2;52
TE510;03.01.2024;23;1.0;231;52;231;52;0;-1
TE510;04.01.2024;0;1.0;118;53;118;53;0;-1
TE510;04.01.2024;1;1.0;78;54;78;54;0;-1
TE510;04.01.2024;2;1.0;73;53;72;54;1;44
TE510;04.01.2024;3;1.0;44;50;42;50;2;47
TE510;04.01.2024;4;1.0;49;60;47;60;2;60
TE510;04.01.2024;5;1.0;133;59;133;59;0;-1
TE510;04.01.2024;6;1.0;232;56;227;56;5;56
TE510;04.01.2024;7;1.0;368;55;361;55;7;52
TE510;04.01.2024;8;1.0;653;50;638;50;15;52
TE510;04.01.2024;9;1.0;680;47;650;47;30;45
TE510;04.01.2024;10;1.0;628;47;606;47;22;47
TE510;04.01.2024;11;1.0;684;47;657;47;27;46
TE510;04.01.2024;12;1.0;698;47;690;47;8;46
TE510;04.01.2024;13;1.0;796;46;786;46;10;46
TE510;04.01.2024;14;1.0;794;46;778;46;16;43
TE510;04.01.2024;15;1.0;859;50;851;50;8;49
TE510;04.01.2024;16;1.0;896;50;894;50;2;52
TE510;04.01.2024;17;1.0;905;51;902;51;3;51
TE510;04.01.2024;18;1.0;860;51;855;51;5;52
TE510;04.01.2024;19;1.0;625;44;623;44;2;48
TE510;04.01.2024;20;1.0;435;46;433;45;2;50
TE510;04.01.2024;21;1.0;306;51;304;51;2;50
TE510;04.01.2024;22;1.0;332;53;332;53;0;-1
TE510;04.01.2024;23;1.0;234;52;234;52;0;-1
TE510;05.01.2024;0;1.0;142;55;142;55;0;-1
TE510;05.01.2024;1;1.0;83;57;83;57;0;-1
TE510;05.01.2024;2;1.0;71;55;71;55;0;-1
TE510;05.01.2024;3;1.0;55;54;55;54;0;-1
TE510;05.01.2024;4;1.0;63;57;60;57;3;51
TE510;05.01.2024;5;1.0;126;58;121;58;5;55
TE510;05.01.2024;6;1.0;217;56;212;57;5;53
TE510;05.01.2024;7;1.0;377;51;364;51;13;51
TE510;05.01.2024;8;1.0;538;54;536;54;2;49
TE510;05.01.2024;9;1.0;628;52;627;52;1;55
TE510;05.01.2024;10;1.0;643;51;639;51;4;50
TE510;05.01.2024;11;1.0;656;50;652;50;4;49
TE510;05.01.2024;12;1.0;724;49;717;49;7;47
TE510;05.01.2024;13;1.0;731;44;724;44;6;47
TE510;05.01.2024;14;1.0;720;44;710;44;10;43
TE510;05.01.2024;15;1.0;806;51;804;51;2;52
TE510;05.01.2024;16;1.0;817;49;815;49;2;46
TE510;05.01.2024;17;1.0;803;49;795;49;8;46
TE510;05.01.2024;18;1.0;711;51;710;51;1;49
TE510;05.01.2024;19;1.0;657;49;656;49;1;46
TE510;05.01.2024;20;1.0;423;50;419;50;4;54
TE510;05.01.2024;21;1.0;332;52;331;52;1;57
TE510;05.01.2024;22;1.0;374;51;372;51;2;54
TE510;05.01.2024;23;1.0;261;55;259;55;2;56
TE510;06.01.2024;0;1.0;209;57;206;57;3;55
TE510;06.01.2024;1;1.0;172;59;172;59;0;-1
TE510;06.01.2024;2;1.0;106;57;106;57;0;-1
TE510;06.01.2024;3;1.0;80;58;79;58;1;44
TE510;06.01.2024;4;1.0;76;57;76;57;0;-1
TE510;06.01.2024;5;1.0;92;58;90;58;2;62
TE510;06.01.2024;6;1.0;86;53;84;53;2;50
TE510;06.01.2024;7;1.0;129;50;127;50;2;55
TE510;06.01.2024;8;1.0;192;47;187;46;5;53
TE510;06.01.2024;9;1.0;303;51;297;51;6;54
TE510;06.01.2024;10;1.0;390;51;383;51;7;46
TE510;06.01.2024;11;1.0;522;49;518;49;4;49
TE510;06.01.2024;12;1.0;634;47;629;47;5;48
TE510;06.01.2024;13;1.0;711;46;708;46;3;46
TE510;06.01.2024;14;1.0;788;46;784;46;4;46
TE510;06.01.2024;15;1.0;805;44;802;44;3;45
TE510;06.01.2024;16;1.0;747;46;743;46;4;44
TE510;06.01.2024;17;1.0;753;45;747;45;6;43
TE510;06.01.2024;18;1.0;727;49;724;49;3;42
TE510;06.01.2024;19;1.0;579;50;578;50;1;49
TE510;06.01.2024;20;1.0;487;51;486;51;1;48
TE510;06.01.2024;21;1.0;350;52;348;52;2;39
TE510;06.01.2024;22;1.0;387;53;387;53;0;-1
TE510;06.01.2024;23;1.0;333;54;333;54;0;-1
TE510;07.01.2024;0;1.0;246;57;244;57;2;53
TE510;07.01.2024;1;1.0;171;56;171;56;0;-1
TE510;07.01.2024;2;1.0;152;57;152;57;0;-1
TE510;07.01.2024;3;1.0;115;57;114;57;1;54
TE510;07.01.2024;4;1.0;78;52;77;52;1;41
TE510;07.01.2024;5;1.0;84;52;81;52;3;55
TE510;07.01.2024;6;1.0;54;51;54;51;0;-1
TE510;07.01.2024;7;1.0;56;55;55;55;1;48
TE510;07.01.2024;8;1.0;71;55;71;55;0;-1
TE510;07.01.2024;9;1.0;137;54;137;54;0;-1
TE510;07.01.2024;10;1.0;202;54;202;54;0;-1
TE510;07.01.2024;11;1.0;302;53;302;53;0;-1
TE510;07.01.2024;12;1.0;397;53;397;53;0;-1
TE510;07.01.2024;13;1.0;489;52;487;52;2;54
TE510;07.01.2024;14;1.0;473;52;470;52;3;48
TE510;07.01.2024;15;1.0;530;48;528;48;2;46
TE510;07.01.2024;16;1.0;524;50;523;50;1;51
TE510;07.01.2024;17;1.0;568;51;565;51;3;49
TE510;07.01.2024;18;1.0;530;53;529;53;1;55
TE510;07.01.2024;19;1.0;428;53;425;53;3;53
TE510;07.01.2024;20;1.0;327;53;324;53;3;55
TE510;07.01.2024;21;1.0;267;50;266;50;1;42
TE510;07.01.2024;22;1.0;255;51;255;51;0;-1
TE510;07.01.2024;23;1.0;133;52;132;52;1;42
TE510;08.01.2024;0;1.0;101;53;100;53;1;45
TE510;08.01.2024;1;1.0;67;53;64;53;3;50
TE510;08.01.2024;2;1.0;39;53;39;53;0;-1
TE510;08.01.2024;3;1.0;54;54;54;54;0;-1
TE510;08.01.2024;4;1.0;67;55;62;54;5;57
TE510;08.01.2024;5;1.0;129;55;123;55;6;48
TE510;08.01.2024;6;1.0;315;47;308;47;8;44
TE510;08.01.2024;7;1.0;434;47;423;47;11;45
TE510;08.01.2024;8;1.0;792;45;785;45;6;47
TE510;08.01.2024;9;1.0;577;44;560;44;18;43
TE510;08.01.2024;10;1.0;617;49;601;49;16;48
TE510;08.01.2024;11;1.0;608;48;584;48;24;47
TE510;08.01.2024;12;1.0;621;47;610;47;11;48
TE510;08.01.2024;13;1.0;595;49;585;49;10;49
TE510;08.01.2024;14;1.0;727;47;711;47;16;46
TE510;08.01.2024;15;1.0;746;49;736;49;10;48
TE510;08.01.2024;16;1.0;850;48;835;48;15;46
TE510;08.01.2024;17;1.0;807;49;794;49;13;47
TE510;08.01.2024;18;1.0;866;49;862;49;4;46
TE510;08.01.2024;19;1.0;610;49;607;49;3;48
TE510;08.01.2024;20;1.0;394;50;391;50;3;48
TE510;08.01.2024;21;1.0;325;51;325;51;0;-1
TE510;08.01.2024;22;1.0;255;50;252;50;3;42
TE510;08.01.2024;23;1.0;170;52;169;52;1;50
TE510;09.01.2024;0;1.0;105;56;105;56;0;-1
TE510;09.01.2024;1;1.0;56;55;55;55;1;49
TE510;09.01.2024;2;1.0;46;52;46;52;0;-1
TE510;09.01.2024;3;1.0;50;54;50;54;0;-1
TE510;09.01.2024;4;1.0;47;54;45;54;2;50
TE510;09.01.2024;5;1.0;135;57;132;57;3;52
TE510;09.01.2024;6;1.0;293;49;289;49;4;50
TE510;09.01.2024;7;1.0;607;47;600;47;7;51
TE510;09.01.2024;8;1.0;821;46;810;46;10;46
TE510;09.01.2024;9;1.0;831;48;818;48;13;50
TE510;09.01.2024;10;1.0;768;46;742;46;26;47
TE510;09.01.2024;11;1.0;681;47;667;47;14;48
TE510;09.01.2024;12;1.0;783;46;761;46;22;46
TE510;09.01.2024;13;1.0;794;47;770;47;24;47
TE510;09.01.2024;14;1.0;792;47;765;47;27;47
TE510;09.01.2024;15;1.0;885;48;870;48;15;48
TE510;09.01.2024;16;1.0;932;47;914;47;18;47
TE510;09.01.2024;17;1.0;928;48;919;48;9;47
TE510;09.01.2024;18;1.0;905;49;900;49;5;50
TE510;09.01.2024;19;1.0;757;49;747;49;10;49
TE510;09.01.2024;20;1.0;464;50;460;50;4;49
TE510;09.01.2024;21;1.0;347;52;345;52;2;53
TE510;09.01.2024;22;1.0;292;53;291;53;1;58
TE510;09.01.2024;23;1.0;174;51;174;51;0;-1
TE510;10.01.2024;0;1.0;116;53;116;53;0;-1
TE510;10.01.2024;1;1.0;51;53;51;53;0;-1
TE510;10.01.2024;2;1.0;38;50;37;50;1;62
TE510;10.01.2024;3;1.0;32;44;32;44;0;-1
TE510;10.01.2024;4;1.0;59;58;58;58;1;55
TE510;10.01.2024;5;1.0;148;59;142;59;6;60
TE510;10.01.2024;6;1.0;314;54;304;54;10;54
TE510;10.01.2024;7;1.0;627;52;614;52;13;53
TE510;10.01.2024;8;1.0;815;51;793;51;22;51
TE510;10.01.2024;9;1.0;801;48;780;48;21;44
TE510;10.01.2024;10;1.0;715;46;689;46;26;47
TE510;10.01.2024;11;1.0;761;39;728;39;32;39
TE510;10.01.2024;12;1.0;804;46;772;46;32;46
TE510;10.01.2024;13;1.0;811;48;779;48;32;47
TE510;10.01.2024;14;1.0;797;47;780;47;17;46
TE510;10.01.2024;15;1.0;836;49;826;49;10;48
TE510;10.01.2024;16;1.0;1065;45;1042;45;23;44
TE510;10.01.2024;17;1.0;940;49;926;49;14;45
TE510;10.01.2024;18;1.0;900;50;890;50;10;50
TE510;10.01.2024;19;1.0;720;47;710;47;10;44
TE510;10.01.2024;20;1.0;462;50;458;50;4;48
TE510;10.01.2024;21;1.0;369;51;369;51;0;-1
TE510;10.01.2024;22;1.0;318;51;317;51;1;52
TE510;10.01.2024;23;1.0;210;54;210;54;0;-1
TE510;11.01.2024;0;1.0;126;55;124;55;2;52
TE510;11.01.2024;1;1.0;59;59;58;58;1;50
TE510;11.01.2024;2;1.0;56;54;56;54;0;-1
TE510;11.01.2024;3;1.0;43;55;43;55;0;-1
TE510;11.01.2024;4;1.0;55;56;53;56;2;71
TE510;11.01.2024;5;1.0;139;64;137;64;2;68
TE510;11.01.2024;6;1.0;282;60;277;59;5;58
TE510;11.01.2024;7;1.0;570;55;559;55;11;55
TE510;11.01.2024;8;1.0;792;50;786;50;5;55
TE510;11.01.2024;9;1.0;803;52;779;52;24;52
TE510;11.01.2024;10;1.0;795;50;788;50;7;52
TE510;11.01.2024;11;1.0;750;48;745;48;5;43
TE510;11.01.2024;12;1.0;784;48;776;48;8;46
TE510;11.01.2024;13;1.0;817;48;810;48;7;47
TE510;11.01.2024;14;1.0;805;48;802;48;3;45
TE510;11.01.2024;15;1.0;877;49;872;49;5;49
TE510;11.01.2024;16;1.0;884;49;880;49;4;48
TE510;11.01.2024;17;1.0;882;46;879;46;3;45
TE510;11.01.2024;18;1.0;912;48;908;48;4;46
TE510;11.01.2024;19;1.0;707;46;704;46;3;44
TE510;11.01.2024;20;1.0;464;49;462;49;2;48
TE510;11.01.2024;21;1.0;328;51;326;51;2;45
TE510;11.01.2024;22;1.0;426;50;425;50;1;51
TE510;11.01.2024;23;1.0;240;53;239;53;1;49
TE510;12.01.2024;0;1.0;167;55;167;55;0;-1
TE510;12.01.2024;1;1.0;96;57;96;57;0;-1
TE510;12.01.2024;2;1.0;67;56;67;56;0;-1
TE510;12.01.2024;3;1.0;61;57;58;56;3;64
TE510;12.01.2024;4;1.0;66;55;64;56;2;46
TE510;12.01.2024;5;1.0;143;60;141;59;2;68
TE510;12.01.2024;6;1.0;266;55;263;55;3;64
TE510;12.01.2024;7;1.0;522;52;518;52;4;53
TE510;12.01.2024;8;1.0;769;51;766;51;3;51
TE510;12.01.2024;9;1.0;761;49;754;49;7;48
TE510;12.01.2024;10;1.0;705;49;698;49;7;49
TE510;12.01.2024;11;1.0;752;50;749;50;3;49
TE510;12.01.2024;12;1.0;752;49;745;49;7;49
TE510;12.01.2024;13;1.0;788;47;778;47;10;47
TE510;12.01.2024;14;1.0;875;46;866;46;9;43
TE510;12.01.2024;15;1.0;834;52;833;52;1;51
TE510;12.01.2024;16;1.0;918;49;912;49;6;45
TE510;12.01.2024;17;1.0;866;51;865;51;1;49
TE510;12.01.2024;18;1.0;891;49;890;49;1;46
TE510;12.01.2024;19;1.0;741;46;740;46;1;46
TE510;12.01.2024;20;1.0;549;49;548;49;1;52
TE510;12.01.2024;21;1.0;434;52;434;52;0;-1
TE510;12.01.2024;22;1.0;502;51;500;51;2;50
TE510;12.01.2024;23;1.0;338;53;335;53;3;52
TE510;13.01.2024;0;1.0;253;56;251;56;2;59
TE510;13.01.2024;1;1.0;185;57;184;57;1;60
TE510;13.01.2024;2;1.0;153;57;152;57;1;58
TE510;13.01.2024;3;1.0;103;56;102;56;1;60
TE510;13.01.2024;4;1.0;68;57;68;57;0;-1
TE510;13.01.2024;5;1.0;90;60;88;59;2;59
TE510;13.01.2024;6;1.0;88;55;85;55;3;61
TE510;13.01.2024;7;1.0;124;53;124;53;0;-1
TE510;13.01.2024;8;1.0;196;53;195;53;1;60
TE510;13.01.2024;9;1.0;336;53;335;53;1;53
TE510;13.01.2024;10;1.0;393;52;393;52;0;-1
TE510;13.01.2024;11;1.0;623;48;623;48;0;-1
TE510;13.01.2024;12;1.0;681;47;677;47;4;48
TE510;13.01.2024;13;1.0;802;46;799;46;3;51
TE510;13.01.2024;14;1.0;883;43;871;43;12;49
TE510;13.01.2024;15;1.0;865;44;860;44;5;46
TE510;13.01.2024;16;1.0;824;43;813;43;11;42
TE510;13.01.2024;17;1.0;823;44;814;44;9;39
TE510;13.01.2024;18;1.0;817;46;807;46;10;46
TE510;13.01.2024;19;1.0;617;49;615;49;2;44
TE510;13.01.2024;20;1.0;490;49;487;49;3;51
TE510;13.01.2024;21;1.0;511;51;511;51;0;-1
TE510;13.01.2024;22;1.0;398;53;393;53;5;53
TE510;13.01.2024;23;1.0;409;53;405;53;4;56
TE510;14.01.2024;0;1.0;324;57;324;57;0;-1
TE510;14.01.2024;1;1.0;232;59;232;59;0;-1
TE510;14.01.2024;2;1.0;199;57;198;57;1;53
TE510;14.01.2024;3;1.0;159;61;158;61;1;51
TE510;14.01.2024;4;1.0;100;57;100;57;0;-1
TE510;14.01.2024;5;1.0;72;57;70;57;2;59
TE510;14.01.2024;6;1.0;85;56;85;56;0;-1
TE510;14.01.2024;7;1.0;69;57;69;57;0;-1
TE510;14.01.2024;8;1.0;92;56;92;56;0;-1
TE510;14.01.2024;9;1.0;174;56;171;56;3;57
TE510;14.01.2024;10;1.0;234;55;234;55;0;-1
TE510;14.01.2024;11;1.0;341;54;341;54;0;-1
TE510;14.01.2024;12;1.0;473;52;471;52;2;47
TE510;14.01.2024;13;1.0;513;51;509;51;4;50
TE510;14.01.2024;14;1.0;574;51;570;51;4;51
TE510;14.01.2024;15;1.0;570;50;569;50;1;53
TE510;14.01.2024;16;1.0;590;49;586;49;4;50
TE510;14.01.2024;17;1.0;553;52;553;52;0;-1
TE510;14.01.2024;18;1.0;531;51;530;51;1;52
TE510;14.01.2024;19;1.0;444;52;443;52;1;51
TE510;14.01.2024;20;1.0;320;52;318;52;2;51
TE510;14.01.2024;21;1.0;282;53;280;54;2;53
TE510;14.01.2024;22;1.0;312;55;312;55;0;-1
TE510;14.01.2024;23;1.0;191;55;191;55;0;-1
TE510;15.01.2024;0;1.0;105;57;105;57;0;-1
TE510;15.01.2024;1;1.0;68;60;68;60;0;-1
TE510;15.01.2024;2;1.0;46;59;46;59;0;-1
TE510;15.01.2024;3;1.0;59;59;58;59;1;56
TE510;15.01.2024;4;1.0;55;59;54;59;1;57
TE510;15.01.2024;5;1.0;146;60;140;60;6;62
TE510;15.01.2024;6;1.0;298;54;293;54;5;50
TE510;15.01.2024;7;1.0;502;52;496;52;6;51
TE510;15.01.2024;8;1.0;727;48;709;48;18;49
TE510;15.01.2024;9;1.0;525;48;507;48;18;47
TE510;15.01.2024;10;1.0;449;48;443;48;6;50
TE510;15.01.2024;11;1.0;461;48;455;48;6;49
TE510;15.01.2024;12;1.0;490;48;484;48;6;46
TE510;15.01.2024;13;1.0;506;48;501;48;5;44
TE510;15.01.2024;14;1.0;614;47;611;47;3;41
TE510;15.01.2024;15;1.0;720;50;713;50;7;49
TE510;15.01.2024;16;1.0;817;51;810;51;7;51
TE510;15.01.2024;17;1.0;729;52;728;52;1;44
TE510;15.01.2024;18;1.0;739;51;731;51;8;48
TE510;15.01.2024;19;1.0;600;50;598;50;2;54
TE510;15.01.2024;20;1.0;370;50;367;50;3;45
TE510;15.01.2024;21;1.0;384;52;382;52;2;47
TE510;15.01.2024;22;1.0;294;54;291;54;3;49
TE510;15.01.2024;23;1.0;185;56;183;56;2;47
TE510;16.01.2024;0;1.0;105;58;105;58;0;-1
TE510;16.01.2024;1;1.0;68;54;68;54;0;-1
TE510;16.01.2024;2;1.0;30;42;30;42;0;-1
TE510;16.01.2024;3;1.0;46;42;44;42;2;42
TE510;16.01.2024;4;1.0;44;43;43;43;1;37
TE510;16.01.2024;5;1.0;131;51;131;51;0;-1
TE510;16.01.2024;6;1.0;257;47;255;47;2;50
TE510;16.01.2024;7;1.0;600;45;597;45;3;46
TE510;16.01.2024;8;1.0;779;46;776;46;3;45
TE510;16.01.2024;9;1.0;803;47;798;47;5;46
TE510;16.01.2024;10;1.0;788;49;785;49;3;48
TE510;16.01.2024;11;1.0;757;49;746;49;11;46
TE510;16.01.2024;12;1.0;777;46;767;46;10;42
TE510;16.01.2024;13;1.0;773;47;763;47;10;48
TE510;16.01.2024;14;1.0;813;47;806;47;7;47
TE510;16.01.2024;15;1.0;881;47;875;47;6;46
TE510;16.01.2024;16;1.0;917;44;907;44;10;45
TE510;16.01.2024;17;1.0;899;50;895;50;4;48
TE510;16.01.2024;18;1.0;935;49;927;49;8;48
TE510;16.01.2024;19;1.0;743;49;742;49;1;53
TE510;16.01.2024;20;1.0;458;53;457;53;1;49
TE510;16.01.2024;21;1.0;343;54;342;54;1;42
TE510;16.01.2024;22;1.0;394;53;392;53;2;53
TE510;16.01.2024;23;1.0;216;54;214;54;2;51
TE510;17.01.2024;0;1.0;121;54;120;54;1;52
TE510;17.01.2024;1;1.0;69;53;69;53;0;-1
TE510;17.01.2024;2;1.0;35;53;35;53;0;-1
TE510;17.01.2024;3;1.0;50;51;48;51;2;44
TE510;17.01.2024;4;1.0;69;55;66;55;3;46
TE510;17.01.2024;5;1.0;155;58;154;58;1;56
TE510;17.01.2024;6;1.0;309;53;305;53;4;54
TE510;17.01.2024;7;1.0;599;51;584;51;15;51
TE510;17.01.2024;8;1.0;845;51;833;51;12;51
TE510;17.01.2024;9;1.0;883;47;866;47;17;47
TE510;17.01.2024;10;1.0;734;47;721;47;13;52
TE510;17.01.2024;11;1.0;770;50;755;50;15;50
TE510;17.01.2024;12;1.0;808;49;791;49;17;48
TE510;17.01.2024;13;1.0;840;49;828;49;12;47
TE510;17.01.2024;14;1.0;844;48;841;48;3;44
TE510;17.01.2024;15;1.0;942;49;934;49;8;51
TE510;17.01.2024;16;1.0;853;49;846;49;7;50
TE510;17.01.2024;17;1.0;866;50;863;50;3;52
TE510;17.01.2024;18;1.0;815;51;814;51;1;52
TE510;17.01.2024;19;1.0;807;46;801;46;6;46
TE510;17.01.2024;20;1.0;518;51;516;51;2;49
TE510;17.01.2024;21;1.0;357;54;356;54;1;51
TE510;17.01.2024;22;1.0;337;52;336;52;1;51
TE510;17.01.2024;23;1.0;214;56;214;56;0;-1
TE510;18.01.2024;0;1.0;137;59;136;59;1;45
TE510;18.01.2024;1;1.0;72;56;71;56;1;66
TE510;18.01.2024;2;1.0;43;58;43;58;0;-1
TE510;18.01.2024;3;1.0;49;60;48;60;1;45
TE510;18.01.2024;4;1.0;76;58;75;58;1;63
TE510;18.01.2024;5;1.0;126;62;125;62;1;61
TE510;18.01.2024;6;1.0;287;55;284;55;3;55
TE510;18.01.2024;7;1.0;529;52;524;52;5;54
TE510;18.01.2024;8;1.0;851;50;839;50;12;48
TE510;18.01.2024;9;1.0;798;48;787;48;11;49
TE510;18.01.2024;10;1.0;696;49;687;49;9;48
TE510;18.01.2024;11;1.0;708;49;697;49;11;47
TE510;18.01.2024;12;1.0;797;47;778;47;19;46
TE510;18.01.2024;13;1.0;811;46;797;46;14;46
TE510;18.01.2024;14;1.0;861;46;852;46;9;46
TE510;18.01.2024;15;1.0;902;50;891;50;11;48
TE510;18.01.2024;16;1.0;1014;44;1005;44;9;42
TE510;18.01.2024;17;1.0;893;48;880;48;13;47
TE510;18.01.2024;18;1.0;963;47;952;47;11;47
TE510;18.01.2024;19;1.0;812;44;805;44;7;42
TE510;18.01.2024;20;1.0;527;49;523;49;4;40
TE510;18.01.2024;21;1.0;384;51;383;51;1;50
TE510;18.01.2024;22;1.0;475;50;472;50;3;45
TE510;18.01.2024;23;1.0;274;52;274;52;0;-1
TE510;19.01.2024;0;1.0;180;56;178;56;2;56
TE510;19.01.2024;1;1.0;96;55;95;55;1;47
TE510;19.01.2024;2;1.0;79;52;77;52;2;42
TE510;19.01.2024;3;1.0;81;54;78;54;3;50
TE510;19.01.2024;4;1.0;51;57;50;57;1;47
TE510;19.01.2024;5;1.0;144;55;136;55;8;54
TE510;19.01.2024;6;1.0;274;51;267;51;7;50
TE510;19.01.2024;7;1.0;568;49;551;49;17;46
TE510;19.01.2024;8;1.0;884;47;863;47;21;46
TE510;19.01.2024;9;1.0;723;47;686;47;37;46
TE510;19.01.2024;10;1.0;740;46;711;46;29;45
TE510;19.01.2024;11;1.0;766;47;740;47;26;46
TE510;19.01.2024;12;1.0;823;45;784;45;39;45
TE510;19.01.2024;13;1.0;850;46;817;46;33;46
TE510;19.01.2024;14;1.0;965;45;920;45;45;44
TE510;19.01.2024;15;1.0;863;42;829;42;34;37
TE510;19.01.2024;16;1.0;846;48;840;49;6;44
TE510;19.01.2024;17;1.0;897;49;888;49;9;49
TE510;19.01.2024;18;1.0;878;50;874;50;4;50
TE510;19.01.2024;19;1.0;733;44;724;44;9;43
TE510;19.01.2024;20;1.0;562;47;560;47;2;42
TE510;19.01.2024;21;1.0;472;48;469;48;3;44
TE510;19.01.2024;22;1.0;563;49;561;49;2;50
TE510;19.01.2024;23;1.0;395;49;395;49;0;-1
TE510;20.01.2024;0;1.0;274;53;273;53;1;62
TE510;20.01.2024;1;1.0;225;53;225;53;0;-1
TE510;20.01.2024;2;1.0;167;53;167;53;0;-1
TE510;20.01.2024;3;1.0;99;54;99;54;0;-1
TE510;20.01.2024;4;1.0;108;56;106;56;2;54
TE510;20.01.2024;5;1.0;105;55;102;55;3;53
TE510;20.01.2024;6;1.0;92;50;88;51;4;49
TE510;20.01.2024;7;1.0;129;49;121;49;8;49
TE510;20.01.2024;8;1.0;235;49;223;49;12;46
TE510;20.01.2024;9;1.0;422;50;410;50;12;48
TE510;20.01.2024;10;1.0;515;49;502;49;13;49
TE510;20.01.2024;11;1.0;579;49;564;49;15;48
TE510;20.01.2024;12;1.0;712;47;706;47;6;49
TE510;20.01.2024;13;1.0;572;45;561;45;11;47
TE510;20.01.2024;14;1.0;756;44;742;44;14;47
TE510;20.01.2024;15;1.0;797;44;789;44;8;46
TE510;20.01.2024;16;1.0;810;44;795;44;15;46
TE510;20.01.2024;17;1.0;754;43;745;43;9;46
TE510;20.01.2024;18;1.0;723;45;715;45;8;44
TE510;20.01.2024;19;1.0;650;45;644;45;6;42
TE510;20.01.2024;20;1.0;510;47;502;47;8;47
TE510;20.01.2024;21;1.0;500;50;498;50;2;50
TE510;20.01.2024;22;1.0;485;50;483;50;2;48
TE510;20.01.2024;23;1.0;422;50;422;50;0;-1
TE510;21.01.2024;0;1.0;314;53;312;53;2;50
TE510;21.01.2024;1;1.0;252;54;251;54;1;51
TE510;21.01.2024;2;1.0;170;55;169;55;1;53
TE510;21.01.2024;3;1.0;125;58;125;58;0;-1
TE510;21.01.2024;4;1.0;122;58;121;58;1;53
TE510;21.01.2024;5;1.0;80;58;77;58;3;52
TE510;21.01.2024;6;1.0;65;62;63;62;2;56
TE510;21.01.2024;7;1.0;80;58;79;58;1;59
TE510;21.01.2024;8;1.0;127;58;126;58;1;49
TE510;21.01.2024;9;1.0;212;53;211;53;1;59
TE510;21.01.2024;10;1.0;263;51;261;51;2;48
TE510;21.01.2024;11;1.0;371;50;369;50;2;51
TE510;21.01.2024;12;1.0;410;49;401;49;9;50
TE510;21.01.2024;13;1.0;485;49;480;49;5;50
TE510;21.01.2024;14;1.0;506;48;501;48;5;45
TE510;21.01.2024;15;1.0;503;47;500;47;3;47
TE510;21.01.2024;16;1.0;515;49;511;49;4;48
TE510;21.01.2024;17;1.0;679;46;673;46;6;47
TE510;21.01.2024;18;1.0;588;48;585;48;3;47
TE510;21.01.2024;19;1.0;428;48;422;48;6;47
TE510;21.01.2024;20;1.0;371;48;371;48;0;-1
TE510;21.01.2024;21;1.0;328;50;326;50;2;48
TE510;21.01.2024;22;1.0;278;49;276;49;2;50
TE510;21.01.2024;23;1.0;155;51;152;51;3;51
TE510;22.01.2024;0;1.0;106;53;106;53;0;-1
TE510;22.01.2024;1;1.0;63;55;63;55;0;-1
TE510;22.01.2024;2;1.0;52;50;51;50;1;53
TE510;22.01.2024;3;1.0;44;59;44;59;0;-1
TE510;22.01.2024;4;1.0;47;57;43;57;4;57
TE510;22.01.2024;5;1.0;164;57;155;56;9;58
TE510;22.01.2024;6;1.0;280;53;267;53;13;52
TE510;22.01.2024;7;1.0;560;50;537;50;23;51
TE510;22.01.2024;8;1.0;799;48;762;48;37;48
TE510;22.01.2024;9;1.0;778;47;740;47;38;46
TE510;22.01.2024;10;1.0;709;46;684;46;25;46
TE510;22.01.2024;11;1.0;708;48;674;48;34;47
TE510;22.01.2024;12;1.0;700;47;667;47;33;47
TE510;22.01.2024;13;1.0;743;47;712;47;31;47
TE510;22.01.2024;14;1.0;793;47;772;47;21;46
TE510;22.01.2024;15;1.0;789;49;765;49;24;48
TE510;22.01.2024;16;1.0;809;49;795;49;14;49
TE510;22.01.2024;17;1.0;892;47;874;47;18;46
TE510;22.01.2024;18;1.0;887;48;874;47;13;48
TE510;22.01.2024;19;1.0;655;46;638;46;17;45
TE510;22.01.2024;20;1.0;434;48;432;48;2;50
TE510;22.01.2024;21;1.0;344;50;341;50;3;50
TE510;22.01.2024;22;1.0;302;50;299;50;3;52
TE510;22.01.2024;23;1.0;249;51;248;51;1;53
TE510;23.01.2024;0;1.0;131;52;131;52;0;-1
TE510;23.01.2024;1;1.0;50;52;46;53;4;40
TE510;23.01.2024;2;1.0;31;57;31;57;0;-1
TE510;23.01.2024;3;1.0;42;54;38;54;4;56
TE510;23.01.2024;4;1.0;48;54;45;54;3;55
TE510;23.01.2024;5;1.0;130;57;122;58;8;53
TE510;23.01.2024;6;1.0;313;52;306;52;7;52
TE510;23.01.2024;7;1.0;578;50;561;50;17;50
TE510;23.01.2024;8;1.0;835;48;803;48;32;49
TE510;23.01.2024;9;1.0;795;44;733;44;62;44
TE510;23.01.2024;10;1.0;748;46;718;46;30;46
TE510;23.01.2024;11;1.0;757;46;726;46;31;46
TE510;23.01.2024;12;1.0;799;44;772;44;27;44
TE510;23.01.2024;13;1.0;766;48;738;48;28;46
TE510;23.01.2024;14;1.0;832;45;814;45;18;45
TE510;23.01.2024;15;1.0;867;48;844;48;23;46
TE510;23.01.2024;16;1.0;910;48;902;48;8;48
TE510;23.01.2024;17;1.0;884;47;874;47;10;48
TE510;23.01.2024;18;1.0;892;47;874;47;18;46
TE510;23.01.2024;19;1.0;694;47;677;47;17;46
TE510;23.01.2024;20;1.0;479;48;475;48;4;46
TE510;23.01.2024;21;1.0;355;50;353;50;2;49
TE510;23.01.2024;22;1.0;322;50;319;50;3;46
TE510;23.01.2024;23;1.0;191;53;188;53;3;46
TE510;24.01.2024;0;1.0;124;56;123;56;1;56
TE510;24.01.2024;1;1.0;71;55;71;55;0;-1
TE510;24.01.2024;4;1.0;60;56;57;56;3;59
TE510;24.01.2024;5;1.0;150;57;144;57;6;56
TE510;24.01.2024;6;1.0;316;54;298;53;18;55
TE510;24.01.2024;7;1.0;570;50;533;50;37;49
TE510;24.01.2024;8;1.0;820;46;792;46;28;46
TE510;24.01.2024;9;1.0;832;46;791;46;41;45
TE510;24.01.2024;10;1.0;753;48;730;48;23;46
TE510;24.01.2024;11;1.0;736;46;701;46;35;47
TE510;24.01.2024;12;1.0;728;47;702;47;26;47
TE510;24.01.2024;13;1.0;832;46;784;46;48;45
TE510;24.01.2024;14;1.0;819;47;778;47;41;47
TE510;24.01.2024;15;1.0;825;49;799;49;26;49
TE510;24.01.2024;16;1.0;878;48;855;48;23;48
TE510;24.01.2024;17;1.0;897;49;879;49;18;50
TE510;24.01.2024;18;1.0;860;48;833;48;27;46
TE510;24.01.2024;19;1.0;762;46;749;46;13;48
TE510;24.01.2024;20;1.0;474;48;463;48;11;47
TE510;24.01.2024;21;1.0;413;51;409;51;4;48
TE510;24.01.2024;22;1.0;367;50;364;50;3;47
TE510;24.01.2024;23;1.0;231;52;230;52;1;54
TE510;25.01.2024;0;1.0;146;54;141;55;5;48
TE510;25.01.2024;1;1.0;70;55;69;55;1;56
TE510;25.01.2024;2;1.0;55;53;55;53;0;-1
TE510;25.01.2024;3;1.0;48;55;47;55;1;57
TE510;25.01.2024;4;1.0;53;56;50;56;3;48
TE510;25.01.2024;5;1.0;153;59;149;59;4;57
TE510;25.01.2024;6;1.0;308;55;286;55;22;55
TE510;25.01.2024;7;1.0;604;50;578;50;26;51
TE510;25.01.2024;8;1.0;868;49;848;49;20;49
TE510;25.01.2024;9;1.0;761;47;734;47;27;48
TE510;25.01.2024;10;1.0;776;47;753;47;23;47
TE510;25.01.2024;11;1.0;807;47;780;47;27;47
TE510;25.01.2024;12;1.0;833;47;817;47;16;47
TE510;25.01.2024;13;1.0;803;48;787;48;16;47
TE510;25.01.2024;14;1.0;800;49;793;49;7;49
TE510;25.01.2024;15;1.0;877;48;863;48;14;49
TE510;25.01.2024;16;1.0;924;48;911;48;13;46
TE510;25.01.2024;17;1.0;854;51;849;51;5;49
TE510;25.01.2024;18;1.0;844;51;838;51;6;50
TE510;25.01.2024;19;1.0;715;51;707;51;8;51
TE510;25.01.2024;20;1.0;528;52;522;53;6;48
TE510;25.01.2024;21;1.0;382;54;380;54;2;56
TE510;25.01.2024;22;1.0;527;49;520;49;7;47
TE510;25.01.2024;23;1.0;288;51;287;51;1;56
TE510;26.01.2024;0;1.0;169;53;168;53;1;49
TE510;26.01.2024;1;1.0;115;51;115;51;0;-1
TE510;26.01.2024;2;1.0;70;54;69;54;1;54
TE510;26.01.2024;3;1.0;72;53;72;53;0;-1
TE510;26.01.2024;4;1.0;47;57;44;57;3;55
TE510;26.01.2024;5;1.0;146;58;143;58;3;62
TE510;26.01.2024;6;1.0;256;57;252;57;4;62
TE510;26.01.2024;7;1.0;566;52;547;52;19;52
TE510;26.01.2024;8;1.0;748;52;738;52;10;49
TE510;26.01.2024;9;1.0;748;49;737;49;11;49
TE510;26.01.2024;10;1.0;729;49;712;49;17;48
TE510;26.01.2024;11;1.0;785;46;757;46;28;45
TE510;26.01.2024;12;1.0;749;42;730;43;20;40
TE510;26.01.2024;13;1.0;744;47;731;47;13;46
TE510;26.01.2024;14;1.0;839;46;828;46;11;45
TE510;26.01.2024;15;1.0;855;50;840;50;15;49
TE510;26.01.2024;16;1.0;846;48;839;48;7;48
TE510;26.01.2024;17;1.0;799;49;790;50;9;49
TE510;26.01.2024;18;1.0;750;50;740;50;10;50
TE510;26.01.2024;19;1.0;668;45;664;45;4;45
TE510;26.01.2024;20;1.0;501;48;496;48;5;49
TE510;26.01.2024;21;1.0;424;48;422;48;2;48
TE510;26.01.2024;22;1.0;486;47;482;47;4;44
TE510;26.01.2024;23;1.0;386;49;380;49;6;51
TE510;27.01.2024;0;1.0;264;53;263;53;1;54
TE510;27.01.2024;1;1.0;212;54;210;54;2;50
TE510;27.01.2024;2;1.0;164;55;164;55;0;-1
TE510;27.01.2024;3;1.0;120;55;119;55;1;49
TE510;27.01.2024;4;1.0;74;56;71;57;3;49
TE510;27.01.2024;5;1.0;77;55;71;55;6;52
TE510;27.01.2024;6;1.0;88;53;85;53;3;53
TE510;27.01.2024;7;1.0;141;53;138;52;3;56
TE510;27.01.2024;8;1.0;234;52;230;52;4;54
TE510;27.01.2024;9;1.0;404;49;392;49;12;48
TE510;27.01.2024;10;1.0;547;49;533;49;14;50
TE510;27.01.2024;11;1.0;621;49;612;49;9;48
TE510;27.01.2024;12;1.0;757;48;750;48;7;45
TE510;27.01.2024;13;1.0;842;45;831;45;11;48
TE510;27.01.2024;14;1.0;764;44;754;44;10;44
TE510;27.01.2024;15;1.0;758;44;746;44;12;44
TE510;27.01.2024;16;1.0;803;42;787;42;16;42
TE510;27.01.2024;17;1.0;811;43;784;43;27;45
TE510;27.01.2024;18;1.0;717;42;703;42;14;37
TE510;27.01.2024;19;1.0;633;43;620;43;13;41
TE510;27.01.2024;20;1.0;573;46;563;46;10;46
TE510;27.01.2024;21;1.0;445;48;444;48;1;46
TE510;27.01.2024;22;1.0;485;48;482;48;3;47
TE510;27.01.2024;23;1.0;429;48;427;48;2;49
TE510;28.01.2024;0;1.0;322;53;321;53;1;49
TE510;28.01.2024;1;1.0;239;53;238;53;1;46
TE510;28.01.2024;2;1.0;199;53;197;53;2;54
TE510;28.01.2024;3;1.0;132;54;131;54;1;46
TE510;28.01.2024;4;1.0;120;54;119;54;1;57
TE510;28.01.2024;5;1.0;98;53;98;53;0;-1
TE510;28.01.2024;6;1.0;81;54;80;54;1;56
TE510;28.01.2024;7;1.0;98;50;98;50;0;-1
TE510;28.01.2024;8;1.0;113;51;112;51;1;40
TE510;28.01.2024;9;1.0;230;48;226;49;4;44
TE510;28.01.2024;10;1.0;302;50;299;50;3;48
TE510;28.01.2024;11;1.0;418;49;416;49;2;50
TE510;28.01.2024;12;1.0;531;48;528;48;3;50
TE510;28.01.2024;13;1.0;523;50;520;50;3;48
TE510;28.01.2024;14;1.0;598;49;594;49;4;51
TE510;28.01.2024;15;1.0;610;49;604;49;6;49
TE510;28.01.2024;16;1.0;589;47;585;47;4;47
TE510;28.01.2024;17;1.0;619;46;602;46;17;46
TE510;28.01.2024;18;1.0;562;48;556;48;6;47
TE510;28.01.2024;19;1.0;495;49;487;49;8;48
TE510;28.01.2024;20;1.0;374;48;372;48;2;51
TE510;28.01.2024;21;1.0;335;49;333;50;2;48
TE510;28.01.2024;22;1.0;333;49;333;49;0;-1
TE510;28.01.2024;23;1.0;203;51;201;51;2;49
TE510;29.01.2024;0;1.0;108;53;107;53;1;53
TE510;29.01.2024;1;1.0;54;55;54;55;0;-1
TE510;29.01.2024;2;1.0;39;52;38;52;1;35
TE510;29.01.2024;3;1.0;54;55;54;55;0;-1
TE510;29.01.2024;4;1.0;53;55;49;55;4;48
TE510;29.01.2024;5;1.0;135;55;129;55;6;54
TE510;29.01.2024;6;1.0;295;52;278;52;17;52
TE510;29.01.2024;7;1.0;583;50;565;50;18;49
TE510;29.01.2024;8;1.0;836;47;798;47;38;48
TE510;29.01.2024;9;1.0;746;48;707;48;39;49
TE510;29.01.2024;10;1.0;694;45;652;45;42;43
TE510;29.01.2024;12;1.0;766;46;746;46;20;46
TE510;29.01.2024;13;1.0;728;49;707;49;21;49
TE510;29.01.2024;14;1.0;754;47;743;47;11;47
TE510;29.01.2024;15;1.0;848;48;819;48;29;48
TE510;29.01.2024;16;1.0;854;48;840;48;14;49
TE510;29.01.2024;17;1.0;768;50;762;50;6;50
TE510;29.01.2024;18;1.0;824;48;815;48;9;49
TE510;29.01.2024;19;1.0;638;47;630;47;8;47
TE510;29.01.2024;20;1.0;420;49;413;49;7;48
TE510;29.01.2024;21;1.0;324;50;323;50;1;48
TE510;29.01.2024;22;1.0;236;51;235;51;1;55
TE510;29.01.2024;23;1.0;157;51;155;51;2;50
TE510;30.01.2024;0;1.0;94;53;94;53;0;-1
TE510;30.01.2024;1;1.0;58;54;58;54;0;-1
TE510;30.01.2024;2;1.0;46;50;46;50;0;-1
TE510;30.01.2024;3;1.0;34;57;33;57;1;55
TE510;30.01.2024;4;1.0;57;56;56;56;1;47
TE510;30.01.2024;5;1.0;130;57;126;57;4;56
TE510;30.01.2024;6;1.0;292;53;280;53;12;54
TE510;30.01.2024;7;1.0;559;49;542;49;17;50
TE510;30.01.2024;8;1.0;807;48;781;48;26;49
TE510;30.01.2024;9;1.0;782;47;746;47;36;47
TE510;30.01.2024;10;1.0;794;46;753;46;41;45
TE510;30.01.2024;11;1.0;748;46;706;46;42;46
TE510;30.01.2024;12;1.0;748;46;733;46;15;44
TE510;30.01.2024;13;1.0;818;47;785;47;33;47
TE510;30.01.2024;14;1.0;771;47;737;47;34;47
TE510;30.01.2024;15;1.0;868;47;852;47;16;47
TE510;30.01.2024;16;1.0;892;46;871;46;21;45
TE510;30.01.2024;17;1.0;902;48;891;48;11;48
TE510;30.01.2024;18;1.0;841;48;828;48;13;50
TE510;30.01.2024;19;1.0;700;49;695;49;5;48
TE510;30.01.2024;20;1.0;459;49;453;49;6;48
TE510;30.01.2024;21;1.0;352;51;352;51;0;-1
TE510;30.01.2024;22;1.0;374;51;370;51;4;50
TE510;30.01.2024;23;1.0;190;52;188;52;2;52
TE510;31.01.2024;0;1.0;90;53;89;53;1;55
TE510;31.01.2024;1;1.0;70;52;68;52;2;51
TE510;31.01.2024;2;1.0;45;54;45;54;0;-1
TE510;31.01.2024;3;1.0;36;53;34;52;2;57
TE510;31.01.2024;4;1.0;63;57;61;57;2;47
TE510;31.01.2024;5;1.0;154;56;146;56;8;48
TE510;31.01.2024;6;1.0;267;58;259;58;8;54
TE510;31.01.2024;7;1.0;554;53;536;53;18;52
TE510;31.01.2024;8;1.0;770;52;754;52;16;52
TE510;31.01.2024;9;1.0;756;47;727;47;29;48
TE510;31.01.2024;10;1.0;732;48;717;48;15;45
TE510;31.01.2024;11;1.0;795;47;786;47;9;47
TE510;31.01.2024;12;1.0;758;48;731;48;27;45
TE510;31.01.2024;13;1.0;769;48;756;48;13;48
TE510;31.01.2024;14;1.0;797;48;787;48;10;51
TE510;31.01.2024;15;1.0;829;46;810;46;19;46
TE510;31.01.2024;16;1.0;872;46;857;46;15;44
TE510;31.01.2024;17;1.0;851;52;846;52;5;48
TE510;31.01.2024;18;1.0;809;54;809;54;0;-1
TE510;31.01.2024;19;1.0;715;52;712;52;3;51
TE510;31.01.2024;20;1.0;462;53;462;53;0;-1
TE510;31.01.2024;21;1.0;392;53;390;53;2;54
TE510;31.01.2024;22;1.0;374;53;370;53;4;54
TE510;31.01.2024;23;1.0;241;52;241;52;0;-1
TE511;01.01.2024;0;1.0;118;43;116;43;2;35
TE511;01.01.2024;1;1.0;291;44;288;44;3;47
TE511;01.01.2024;2;1.0;221;46;216;46;5;49
TE511;01.01.2024;3;1.0;164;47;159;47;5;49
TE511;01.01.2024;4;1.0;147;46;146;46;1;42
TE511;01.01.2024;5;1.0;120;50;118;50;2;56
TE511;01.01.2024;6;1.0;90;49;89;49;1;52
TE511;01.01.2024;7;1.0;61;47;60;47;1;52
TE511;01.01.2024;8;1.0;57;45;52;46;5;35
TE511;01.01.2024;9;1.0;56;44;48;45;8;35
TE511;01.01.2024;10;1.0;62;47;56;47;6;46
TE511;01.01.2024;11;1.0;106;43;99;44;7;41
TE511;01.01.2024;12;1.0;140;46;137;46;3;40
TE511;01.01.2024;13;1.0;184;42;177;42;7;40
TE511;01.01.2024;14;1.0;173;45;167;45;6;47
TE511;01.01.2024;15;1.0;240;44;234;45;6;41
TE511;01.01.2024;16;1.0;241;40;234;40;7;39
TE511;01.01.2024;17;1.0;242;44;238;44;4;42
TE511;01.01.2024;18;1.0;233;43;227;43;6;42
TE511;01.01.2024;19;1.0;189;44;185;43;4;45
TE511;01.01.2024;20;1.0;198;43;192;43;6;41
TE511;01.01.2024;21;1.0;167;44;163;44;4;42
TE511;01.01.2024;22;1.0;116;46;111;46;5;45
TE511;01.01.2024;23;1.0;93;47;89;47;4;42
TE511;02.01.2024;0;1.0;41;52;37;53;4;50
TE511;02.01.2024;1;1.0;37;48;36;48;1;45
TE511;02.01.2024;2;1.0;28;53;27;54;1;45
TE511;02.01.2024;3;1.0;24;51;23;51;1;47
TE511;02.01.2024;4;1.0;34;49;32;49;2;44
TE511;02.01.2024;5;1.0;56;46;55;46;1;42
TE511;02.01.2024;6;1.0;99;45;94;45;5;44
TE511;02.01.2024;7;1.0;183;43;175;43;8;43
TE511;02.01.2024;8;1.0;231;41;224;41;7;40
TE511;02.01.2024;9;1.0;264;37;259;37;5;40
TE511;02.01.2024;10;1.0;302;43;292;43;10;42
TE511;02.01.2024;11;1.0;297;42;294;42;3;38
TE511;02.01.2024;12;1.0;326;44;324;44;2;46
TE511;02.01.2024;13;1.0;344;43;337;43;7;43
TE511;02.01.2024;14;1.0;391;41;388;41;3;40
TE511;02.01.2024;15;1.0;402;43;399;43;3;42
TE511;02.01.2024;16;1.0;415;40;411;40;4;38
TE511;02.01.2024;17;1.0;401;41;395;41;6;42
TE511;02.01.2024;18;1.0;364;40;361;40;3;41
TE511;02.01.2024;19;1.0;252;43;248;43;4;45
TE511;02.01.2024;20;1.0;194;45;192;45;2;45
TE511;02.01.2024;21;1.0;148;43;148;43;0;-1
TE511;02.01.2024;22;1.0;144;47;142;47;2;49
TE511;02.01.2024;23;1.0;96;49;96;49;0;-1
TE511;03.01.2024;0;1.0;82;49;77;49;5;51
TE511;03.01.2024;1;1.0;48;51;47;51;1;37
TE511;03.01.2024;2;1.0;41;48;39;48;2;52
TE511;03.01.2024;3;1.0;26;54;24;55;2;50
TE511;03.01.2024;4;1.0;29;54;27;54;2;54
TE511;03.01.2024;5;1.0;64;49;60;49;4;50
TE511;03.01.2024;6;1.0;149;46;143;46;6;44
TE511;03.01.2024;7;1.0;215;47;198;47;17;47
TE511;03.01.2024;8;1.0;303;44;296;44;7;45
TE511;03.01.2024;9;1.0;315;41;303;41;12;41
TE511;03.01.2024;10;1.0;384;44;361;44;23;44
TE511;03.01.2024;11;1.0;451;44;427;44;24;43
TE511;03.01.2024;12;1.0;401;42;376;42;25;42
TE511;03.01.2024;13;1.0;430;39;412;39;18;38
TE511;03.01.2024;14;1.0;440;39;425;39;15;38
TE511;03.01.2024;15;1.0;471;40;456;40;15;42
TE511;03.01.2024;16;1.0;501;38;489;38;12;36
TE511;03.01.2024;17;1.0;478;39;470;40;8;37
TE511;03.01.2024;18;1.0;424;39;417;39;7;36
TE511;03.01.2024;19;1.0;356;39;354;39;2;40
TE511;03.01.2024;20;1.0;231;41;228;41;3;38
TE511;03.01.2024;21;1.0;174;46;173;46;1;41
TE511;03.01.2024;22;1.0;166;46;160;46;6;46
TE511;03.01.2024;23;1.0;119;47;117;47;2;46
TE511;04.01.2024;0;1.0;75;45;73;45;2;40
TE511;04.01.2024;1;1.0;49;49;47;49;2;43
TE511;04.01.2024;2;1.0;25;50;25;50;0;-1
TE511;04.01.2024;3;1.0;17;57;17;57;0;-1
TE511;04.01.2024;4;1.0;29;42;28;42;1;42
TE511;04.01.2024;5;1.0;69;49;68;49;1;38
TE511;04.01.2024;6;1.0;122;46;122;46;0;-1
TE511;04.01.2024;7;1.0;213;43;208;43;5;42
TE511;04.01.2024;8;1.0;341;43;330;43;11;41
TE511;04.01.2024;9;1.0;362;43;338;43;24;44
TE511;04.01.2024;10;1.0;411;43;388;43;23;43
TE511;04.01.2024;11;1.0;412;45;386;45;26;45
TE511;04.01.2024;12;1.0;405;43;380;43;25;42
TE511;04.01.2024;13;1.0;404;45;390;45;14;44
TE511;04.01.2024;14;1.0;444;41;429;41;15;42
TE511;04.01.2024;15;1.0;543;36;526;36;17;39
TE511;04.01.2024;16;1.0;497;39;477;39;20;37
TE511;04.01.2024;17;1.0;568;40;555;40;13;39
TE511;04.01.2024;18;1.0;460;35;449;35;11;42
TE511;04.01.2024;19;1.0;386;41;381;41;5;39
TE511;04.01.2024;20;1.0;260;44;255;44;5;42
TE511;04.01.2024;21;1.0;205;45;204;45;1;45
TE511;04.01.2024;22;1.0;192;48;192;48;0;-1
TE511;04.01.2024;23;1.0;138;47;133;47;5;43
TE511;05.01.2024;0;1.0;83;47;82;47;1;37
TE511;05.01.2024;1;1.0;57;46;51;47;6;36
TE511;05.01.2024;2;1.0;31;44;31;44;0;-1
TE511;05.01.2024;3;1.0;31;59;29;59;2;61
TE511;05.01.2024;4;1.0;29;44;28;44;1;46
TE511;05.01.2024;5;1.0;71;48;70;48;1;46
TE511;05.01.2024;6;1.0;126;48;114;48;12;49
TE511;05.01.2024;7;1.0;228;49;207;49;21;49
TE511;05.01.2024;8;1.0;285;41;284;41;1;38
TE511;05.01.2024;9;1.0;343;41;338;41;5;40
TE511;05.01.2024;10;1.0;306;41;288;41;18;42
TE511;05.01.2024;11;1.0;428;40;395;40;33;40
TE511;05.01.2024;12;1.0;396;41;383;41;13;41
TE511;05.01.2024;13;1.0;393;42;384;42;9;42
TE511;05.01.2024;14;1.0;454;41;444;41;10;44
TE511;05.01.2024;15;1.0;491;38;472;38;19;36
TE511;05.01.2024;16;1.0;507;37;493;37;14;37
TE511;05.01.2024;17;1.0;441;39;433;39;8;41
TE511;05.01.2024;18;1.0;423;40;417;40;6;42
TE511;05.01.2024;19;1.0;342;38;336;38;6;41
TE511;05.01.2024;20;1.0;239;43;234;43;5;44
TE511;05.01.2024;21;1.0;195;43;193;43;2;45
TE511;05.01.2024;22;1.0;184;43;182;42;2;46
TE511;05.01.2024;23;1.0;163;45;163;45;0;-1
TE511;06.01.2024;0;1.0;115;43;112;43;3;43
TE511;06.01.2024;1;1.0;68;46;67;46;1;53
TE511;06.01.2024;2;1.0;61;47;61;47;0;-1
TE511;06.01.2024;3;1.0;51;46;50;46;1;41
TE511;06.01.2024;4;1.0;50;49;46;49;4;46
TE511;06.01.2024;5;1.0;52;43;48;43;4;41
TE511;06.01.2024;6;1.0;65;42;54;42;11;44
TE511;06.01.2024;7;1.0;77;39;75;39;2;42
TE511;06.01.2024;8;1.0;131;44;120;44;11;42
TE511;06.01.2024;9;1.0;194;45;188;45;6;45
TE511;06.01.2024;10;1.0;284;43;266;43;18;44
TE511;06.01.2024;11;1.0;344;38;326;38;18;38
TE511;06.01.2024;12;1.0;407;43;384;43;23;44
TE511;06.01.2024;13;1.0;417;40;404;40;13;42
TE511;06.01.2024;14;1.0;425;41;414;41;11;40
TE511;06.01.2024;15;1.0;395;40;375;40;20;39
TE511;06.01.2024;16;1.0;427;40;412;40;15;40
TE511;06.01.2024;17;1.0;360;40;352;40;8;40
TE511;06.01.2024;18;1.0;368;40;362;40;6;38
TE511;06.01.2024;19;1.0;309;41;301;41;8;44
TE511;06.01.2024;20;1.0;306;41;299;41;7;45
TE511;06.01.2024;21;1.0;208;42;206;42;2;44
TE511;06.01.2024;22;1.0;235;44;230;44;5;50
TE511;06.01.2024;23;1.0;197;44;193;43;4;44
TE511;07.01.2024;0;1.0;121;45;121;45;0;-1
TE511;07.01.2024;1;1.0;107;46;102;46;5;47
TE511;07.01.2024;2;1.0;76;50;74;50;2;57
TE511;07.01.2024;3;1.0;73;42;70;42;3;43
TE511;07.01.2024;4;1.0;54;37;53;38;1;31
TE511;07.01.2024;5;1.0;57;42;56;42;1;39
TE511;07.01.2024;6;1.0;45;45;45;45;0;-1
TE511;07.01.2024;7;1.0;41;44;38;44;3;37
TE511;07.01.2024;8;1.0;58;43;54;43;4;39
TE511;07.01.2024;9;1.0;112;45;105;45;7;47
TE511;07.01.2024;10;1.0;126;47;121;47;5;45
TE511;07.01.2024;11;1.0;166;45;156;45;10;44
TE511;07.01.2024;12;1.0;226;42;217;42;9;49
TE511;07.01.2024;13;1.0;280;43;273;43;7;47
TE511;07.01.2024;14;1.0;278;45;265;45;13;47
TE511;07.01.2024;15;1.0;361;44;356;44;5;45
TE511;07.01.2024;16;1.0;303;39;291;39;12;40
TE511;07.01.2024;17;1.0;313;41;306;41;7;42
TE511;07.01.2024;18;1.0;299;40;288;40;11;38
TE511;07.01.2024;19;1.0;320;41;310;41;10;40
TE511;07.01.2024;20;1.0;205;42;193;42;12;44
TE511;07.01.2024;21;1.0;190;39;181;39;9;39
TE511;07.01.2024;22;1.0;154;40;149;40;5;39
TE511;07.01.2024;23;1.0;90;40;87;40;3;45
TE511;08.01.2024;0;1.0;59;43;56;43;3;43
TE511;08.01.2024;1;1.0;43;43;42;43;1;38
TE511;08.01.2024;2;1.0;35;45;35;45;0;-1
TE511;08.01.2024;3;1.0;21;37;21;37;0;-1
TE511;08.01.2024;4;1.0;38;45;37;45;1;43
TE511;08.01.2024;5;1.0;65;41;64;41;1;37
TE511;08.01.2024;6;1.0;156;41;145;41;11;38
TE511;08.01.2024;7;1.0;315;36;303;36;12;34
TE511;08.01.2024;8;1.0;403;37;388;37;15;37
TE511;08.01.2024;9;1.0;378;37;360;37;18;37
TE511;08.01.2024;10;1.0;364;38;340;38;24;38
TE511;08.01.2024;11;1.0;372;36;357;36;15;36
TE511;08.01.2024;12;1.0;363;37;353;37;10;37
TE511;08.01.2024;13;1.0;414;36;396;36;18;35
TE511;08.01.2024;14;1.0;409;35;391;35;18;37
TE511;08.01.2024;15;1.0;414;38;396;38;18;39
TE511;08.01.2024;16;1.0;400;34;392;34;8;32
TE511;08.01.2024;17;1.0;453;32;443;32;10;32
TE511;08.01.2024;18;1.0;393;33;386;33;7;32
TE511;08.01.2024;19;1.0;282;33;273;33;9;34
TE511;08.01.2024;20;1.0;234;37;227;36;7;38
TE511;08.01.2024;21;1.0;150;40;146;40;4;38
TE511;08.01.2024;22;1.0;145;41;134;41;11;43
TE511;08.01.2024;23;1.0;108;42;100;42;8;44
TE511;09.01.2024;0;1.0;58;46;56;46;2;52
TE511;09.01.2024;1;1.0;38;48;38;48;0;-1
TE511;09.01.2024;2;1.0;28;38;27;38;1;34
TE511;09.01.2024;3;1.0;16;48;16;48;0;-1
TE511;09.01.2024;4;1.0;36;41;36;41;0;-1
TE511;09.01.2024;5;1.0;60;45;59;45;1;47
TE511;09.01.2024;6;1.0;158;44;150;45;8;42
TE511;09.01.2024;7;1.0;316;40;307;40;9;44
TE511;09.01.2024;8;1.0;333;40;322;40;11;42
TE511;09.01.2024;9;1.0;404;37;378;37;26;37
TE511;09.01.2024;10;1.0;352;39;328;38;24;43
TE511;09.01.2024;11;1.0;336;35;323;35;13;35
TE511;09.01.2024;12;1.0;348;38;336;38;12;39
TE511;09.01.2024;13;1.0;388;35;377;35;11;35
TE511;09.01.2024;14;1.0;441;35;406;35;35;36
TE511;09.01.2024;15;1.0;460;36;446;36;14;33
TE511;09.01.2024;16;1.0;471;34;460;34;11;35
TE511;09.01.2024;17;1.0;492;35;478;35;14;37
TE511;09.01.2024;18;1.0;539;29;513;29;26;26
TE511;09.01.2024;19;1.0;411;32;405;32;6;34
TE511;09.01.2024;20;1.0;275;40;271;40;4;43
TE511;09.01.2024;21;1.0;202;40;196;40;6;38
TE511;09.01.2024;22;1.0;177;42;177;42;0;-1
TE511;09.01.2024;23;1.0;101;43;97;43;4;47
TE511;10.01.2024;0;1.0;68;44;67;44;1;50
TE511;10.01.2024;1;1.0;42;46;42;46;0;-1
TE511;10.01.2024;2;1.0;27;47;27;47;0;-1
TE511;10.01.2024;3;1.0;23;43;23;43;0;-1
TE511;10.01.2024;4;1.0;34;43;34;43;0;-1
TE511;10.01.2024;5;1.0;70;40;70;40;0;-1
TE511;10.01.2024;6;1.0;153;41;147;41;6;41
TE511;10.01.2024;7;1.0;270;38;263;38;7;36
TE511;10.01.2024;8;1.0;360;38;348;38;12;38
TE511;10.01.2024;9;1.0;378;39;360;39;18;40
TE511;10.01.2024;10;1.0;338;40;313;40;25;40
TE511;10.01.2024;11;1.0;329;38;315;38;14;38
TE511;10.01.2024;12;1.0;393;39;379;39;14;39
TE511;10.01.2024;13;1.0;395;37;378;37;17;38
TE511;10.01.2024;14;1.0;440;36;415;36;25;37
TE511;10.01.2024;15;1.0;459;38;436;38;23;37
TE511;10.01.2024;16;1.0;502;34;475;34;27;35
TE511;10.01.2024;17;1.0;475;38;466;38;9;37
TE511;10.01.2024;18;1.0;461;37;455;37;6;35
TE511;10.01.2024;19;1.0;356;38;349;38;7;38
TE511;10.01.2024;20;1.0;272;38;268;38;4;40
TE511;10.01.2024;21;1.0;182;43;181;43;1;45
TE511;10.01.2024;22;1.0;172;42;168;42;4;43
TE511;10.01.2024;23;1.0;121;43;116;43;5;43
TE511;11.01.2024;0;1.0;78;43;76;43;2;45
TE511;11.01.2024;1;1.0;54;42;53;42;1;47
TE511;11.01.2024;2;1.0;39;48;37;48;2;51
TE511;11.01.2024;3;1.0;22;49;22;49;0;-1
TE511;11.01.2024;4;1.0;30;46;30;46;0;-1
TE511;11.01.2024;5;1.0;76;48;75;48;1;55
TE511;11.01.2024;6;1.0;160;44;154;44;6;44
TE511;11.01.2024;7;1.0;263;43;259;43;4;42
TE511;11.01.2024;8;1.0;368;37;356;37;12;35
TE511;11.01.2024;9;1.0;367;40;361;40;6;40
TE511;11.01.2024;10;1.0;344;38;334;38;10;43
TE511;11.01.2024;11;1.0;374;43;359;43;15;43
TE511;11.01.2024;12;1.0;364;40;348;40;16;42
TE511;11.01.2024;13;1.0;344;43;337;43;7;43
TE511;11.01.2024;14;1.0;383;44;379;44;4;43
TE511;11.01.2024;15;1.0;416;39;411;39;5;39
TE511;11.01.2024;16;1.0;437;35;433;35;4;37
TE511;11.01.2024;17;1.0;443;31;438;31;5;28
TE511;11.01.2024;18;1.0;401;37;399;37;2;40
TE511;11.01.2024;19;1.0;314;41;313;41;1;40
TE511;11.01.2024;20;1.0;249;42;248;42;1;41
TE511;11.01.2024;21;1.0;214;44;214;44;0;-1
TE511;11.01.2024;22;1.0;185;43;180;43;5;44
TE511;11.01.2024;23;1.0;116;47;112;47;4;49
TE511;12.01.2024;0;1.0;85;43;83;43;2;44
TE511;12.01.2024;1;1.0;52;45;52;45;0;-1
TE511;12.01.2024;2;1.0;35;50;33;50;2;51
TE511;12.01.2024;3;1.0;33;51;33;51;0;-1
TE511;12.01.2024;4;1.0;27;51;27;51;0;-1
TE511;12.01.2024;5;1.0;65;49;63;49;2;45
TE511;12.01.2024;6;1.0;129;43;124;43;5;44
TE511;12.01.2024;7;1.0;287;39;285;39;2;40
TE511;12.01.2024;8;1.0;366;32;360;33;6;31
TE511;12.01.2024;9;1.0;373;41;366;40;7;44
TE511;12.01.2024;10;1.0;364;40;354;40;10;43
TE511;12.01.2024;11;1.0;436;40;406;40;30;40
TE511;12.01.2024;12;1.0;392;43;365;42;27;47
TE511;12.01.2024;13;1.0;448;40;432;40;16;40
TE511;12.01.2024;14;1.0;454;35;438;35;16;39
TE511;12.01.2024;15;1.0;494;35;484;35;10;39
TE511;12.01.2024;16;1.0;503;39;488;39;15;39
TE511;12.01.2024;17;1.0;477;36;469;36;8;34
TE511;12.01.2024;18;1.0;400;37;391;37;9;41
TE511;12.01.2024;19;1.0;341;38;338;38;3;38
TE511;12.01.2024;20;1.0;266;41;262;41;4;44
TE511;12.01.2024;21;1.0;220;42;215;42;5;40
TE511;12.01.2024;22;1.0;197;42;190;42;7;39
TE511;12.01.2024;23;1.0;164;40;161;40;3;39
TE511;13.01.2024;0;1.0;152;42;144;42;8;51
TE511;13.01.2024;1;1.0;94;45;92;45;2;41
TE511;13.01.2024;2;1.0;85;47;82;48;3;43
TE511;13.01.2024;3;1.0;45;48;45;48;0;-1
TE511;13.01.2024;4;1.0;58;45;55;45;3;47
TE511;13.01.2024;5;1.0;56;50;55;50;1;55
TE511;13.01.2024;6;1.0;46;48;44;48;2;50
TE511;13.01.2024;7;1.0;77;45;77;45;0;-1
TE511;13.01.2024;8;1.0;142;41;141;41;1;45
TE511;13.01.2024;9;1.0;215;43;209;43;6;44
TE511;13.01.2024;10;1.0;271;41;264;41;7;40
TE511;13.01.2024;11;1.0;331;39;321;39;10;40
TE511;13.01.2024;12;1.0;417;38;393;38;24;39
TE511;13.01.2024;13;1.0;395;35;385;35;10;40
TE511;13.01.2024;14;1.0;384;40;376;40;8;43
TE511;13.01.2024;15;1.0;419;37;416;36;3;38
TE511;13.01.2024;16;1.0;399;38;394;38;5;39
TE511;13.01.2024;17;1.0;361;38;354;38;7;45
TE511;13.01.2024;18;1.0;305;38;305;38;0;-1
TE511;13.01.2024;19;1.0;339;38;339;38;0;-1
TE511;13.01.2024;20;1.0;219;40;219;40;0;-1
TE511;13.01.2024;21;1.0;184;43;180;43;4;45
TE511;13.01.2024;22;1.0;180;40;174;40;6;42
TE511;13.01.2024;23;1.0;143;44;143;44;0;-1
TE511;14.01.2024;0;1.0;140;43;138;43;2;42
TE511;14.01.2024;1;1.0;117;41;117;41;0;-1
TE511;14.01.2024;2;1.0;90;42;90;42;0;-1
TE511;14.01.2024;3;1.0;68;47;67;47;1;54
TE511;14.01.2024;4;1.0;61;45;61;45;0;-1
TE511;14.01.2024;5;1.0;48;46;47;46;1;39
TE511;14.01.2024;6;1.0;40;45;40;45;0;-1
TE511;14.01.2024;7;1.0;46;44;46;44;0;-1
TE511;14.01.2024;8;1.0;61;43;57;43;4;37
TE511;14.01.2024;9;1.0;108;44;101;45;7;36
TE511;14.01.2024;10;1.0;134;47;128;47;6;44
TE511;14.01.2024;11;1.0;180;44;168;44;12;42
TE511;14.01.2024;12;1.0;229;44;221;44;8;45
TE511;14.01.2024;13;1.0;276;43;263;43;13;45
TE511;14.01.2024;14;1.0;253;42;247;42;6;41
TE511;14.01.2024;15;1.0;302;41;297;41;5;39
TE511;14.01.2024;16;1.0;303;40;299;40;4;40
TE511;14.01.2024;17;1.0;306;40;301;40;5;39
TE511;14.01.2024;18;1.0;312;39;305;39;7;38
TE511;14.01.2024;19;1.0;220;43;214;43;6;40
TE511;14.01.2024;20;1.0;240;38;234;38;6;37
TE511;14.01.2024;21;1.0;120;38;111;38;9;30
TE511;14.01.2024;22;1.0;93;43;87;43;6;46
TE511;14.01.2024;23;1.0;76;40;69;40;7;45
TE511;15.01.2024;0;1.0;50;39;44;39;6;38
TE511;15.01.2024;1;1.0;27;44;26;43;1;67
TE511;15.01.2024;2;1.0;36;36;36;36;0;-1
TE511;15.01.2024;3;1.0;33;32;29;32;4;32
TE511;15.01.2024;4;1.0;29;39;27;39;2;45
TE511;15.01.2024;5;1.0;59;37;54;37;5;31
TE511;15.01.2024;6;1.0;178;43;170;42;8;44
TE511;15.01.2024;7;1.0;337;39;332;39;5;42
TE511;15.01.2024;8;1.0;378;27;373;27;5;16
TE511;15.01.2024;9;1.0;260;24;255;24;5;20
TE511;15.01.2024;10;1.0;326;40;316;40;10;39
TE511;15.01.2024;11;1.0;463;35;450;35;13;32
TE511;15.01.2024;12;1.0;337;40;321;40;16;40
TE511;15.01.2024;13;1.0;456;39;435;39;21;38
TE511;15.01.2024;14;1.0;479;34;467;34;12;39
TE511;15.01.2024;15;1.0;453;34;428;34;25;33
TE511;15.01.2024;16;1.0;428;31;422;31;6;30
TE511;15.01.2024;17;1.0;427;36;424;36;3;34
TE511;15.01.2024;18;1.0;388;38;385;38;3;39
TE511;15.01.2024;19;1.0;285;40;283;40;2;37
TE511;15.01.2024;20;1.0;222;42;214;42;8;44
TE511;15.01.2024;21;1.0;160;46;152;46;8;48
TE511;15.01.2024;22;1.0;149;42;142;42;7;43
TE511;15.01.2024;23;1.0;97;47;95;47;2;50
TE511;16.01.2024;0;1.0;52;50;51;50;1;52
TE511;16.01.2024;1;1.0;31;45;31;45;0;-1
TE511;16.01.2024;2;1.0;32;32;27;33;5;23
TE511;16.01.2024;3;1.0;20;38;19;38;1;30
TE511;16.01.2024;4;1.0;37;47;33;48;4;38
TE511;16.01.2024;5;1.0;72;38;68;39;4;31
TE511;16.01.2024;6;1.0;153;37;148;37;5;34
TE511;16.01.2024;7;1.0;356;32;350;32;6;28
TE511;16.01.2024;8;1.0;377;31;376;31;1;39
TE511;16.01.2024;9;1.0;374;36;365;36;9;36
TE511;16.01.2024;10;1.0;405;37;395;37;10;35
TE511;16.01.2024;11;1.0;375;41;358;41;17;41
TE511;16.01.2024;12;1.0;379;38;364;38;15;39
TE511;16.01.2024;13;1.0;360;40;335;39;25;41
TE511;16.01.2024;14;1.0;431;42;407;42;24;43
TE511;16.01.2024;15;1.0;452;34;432;34;20;35
TE511;16.01.2024;16;1.0;515;37;495;37;20;36
TE511;16.01.2024;17;1.0;462;34;446;34;16;34
TE511;16.01.2024;18;1.0;394;36;387;36;7;36
TE511;16.01.2024;19;1.0;327;38;313;38;14;39
TE511;16.01.2024;20;1.0;220;39;213;39;7;40
TE511;16.01.2024;21;1.0;200;44;196;44;4;42
TE511;16.01.2024;22;1.0;182;41;181;41;1;33
TE511;16.01.2024;23;1.0;115;39;114;39;1;50
TE511;17.01.2024;0;1.0;86;42;83;42;3;37
TE511;17.01.2024;1;1.0;51;39;50;39;1;44
TE511;17.01.2024;2;1.0;26;47;26;47;0;-1
TE511;17.01.2024;3;1.0;19;41;19;41;0;-1
TE511;17.01.2024;4;1.0;35;42;30;42;5;41
TE511;17.01.2024;5;1.0;69;43;68;43;1;40
TE511;17.01.2024;6;1.0;163;39;155;39;8;39
TE511;17.01.2024;7;1.0;341;37;323;37;18;37
TE511;17.01.2024;8;1.0;334;39;324;39;10;38
TE511;17.01.2024;9;1.0;438;39;420;39;18;38
TE511;17.01.2024;10;1.0;418;38;401;37;17;39
TE511;17.01.2024;11;1.0;405;39;374;39;31;39
TE511;17.01.2024;12;1.0;450;38;420;38;30;40
TE511;17.01.2024;13;1.0;434;38;412;38;22;40
TE511;17.01.2024;14;1.0;419;34;403;34;16;39
TE511;17.01.2024;15;1.0;456;39;439;39;17;39
TE511;17.01.2024;16;1.0;478;36;452;36;26;38
TE511;17.01.2024;17;1.0;467;35;459;35;8;32
TE511;17.01.2024;18;1.0;403;37;388;37;15;38
TE511;17.01.2024;19;1.0;323;36;318;36;5;41
TE511;17.01.2024;20;1.0;225;36;223;36;2;39
TE511;17.01.2024;21;1.0;150;41;148;41;2;44
TE511;17.01.2024;22;1.0;144;42;142;42;2;42
TE511;17.01.2024;23;1.0;118;42;113;42;5;47
TE511;18.01.2024;0;1.0;76;41;71;41;5;39
TE511;18.01.2024;1;1.0;40;37;40;37;0;-1
TE511;18.01.2024;2;1.0;32;40;31;40;1;47
TE511;18.01.2024;3;1.0;22;49;22;49;0;-1
TE511;18.01.2024;4;1.0;33;44;32;44;1;46
TE511;18.01.2024;5;1.0;66;46;62;46;4;43
TE511;18.01.2024;6;1.0;165;45;156;45;9;47
TE511;18.01.2024;7;1.0;295;43;280;43;15;47
TE511;18.01.2024;8;1.0;419;42;403;42;16;43
TE511;18.01.2024;10;1.0;425;40;398;40;27;41
TE511;18.01.2024;11;1.0;424;39;391;39;33;42
TE511;18.01.2024;12;1.0;453;40;417;40;36;39
TE511;18.01.2024;13;1.0;419;39;397;39;22;40
TE511;18.01.2024;14;1.0;480;35;460;35;20;32
TE511;18.01.2024;15;1.0;502;34;483;34;19;32
TE511;18.01.2024;16;1.0;529;31;511;31;19;31
TE511;18.01.2024;17;1.0;475;37;469;37;6;37
TE511;18.01.2024;18;1.0;458;35;446;35;12;33
TE511;18.01.2024;19;1.0;374;38;359;38;15;40
TE511;18.01.2024;20;1.0;303;38;299;38;4;42
TE511;18.01.2024;21;1.0;236;39;232;39;4;40
TE511;18.01.2024;22;1.0;225;39;221;39;4;39
TE511;18.01.2024;23;1.0;107;38;102;38;5;40
TE511;19.01.2024;0;1.0;94;38;92;38;2;38
TE511;19.01.2024;1;1.0;42;40;42;40;0;-1
TE511;19.01.2024;2;1.0;38;38;37;38;1;33
TE511;19.01.2024;3;1.0;28;44;27;44;1;50
TE511;19.01.2024;4;1.0;34;46;32;46;2;46
TE511;19.01.2024;5;1.0;72;47;71;47;1;43
TE511;19.01.2024;6;1.0;140;44;137;44;3;41
TE511;19.01.2024;7;1.0;331;40;324;40;7;44
TE511;19.01.2024;8;1.0;453;39;433;39;20;41
TE511;19.01.2024;9;1.0;450;36;426;36;24;37
TE511;19.01.2024;10;1.0;491;29;474;30;17;26
TE511;19.01.2024;11;1.0;420;38;389;38;31;41
TE511;19.01.2024;12;1.0;440;38;411;38;29;38
TE511;19.01.2024;13;1.0;447;39;430;39;17;38
TE511;19.01.2024;14;1.0;472;33;449;33;23;34
TE511;19.01.2024;15;1.0;466;37;450;38;16;36
TE511;19.01.2024;16;1.0;458;34;424;34;34;35
TE511;19.01.2024;17;1.0;464;34;446;34;18;35
TE511;19.01.2024;18;1.0;431;36;412;36;19;36
TE511;19.01.2024;19;1.0;342;38;330;38;12;37
TE511;19.01.2024;20;1.0;273;39;265;39;8;36
TE511;19.01.2024;21;1.0;230;38;228;38;2;36
TE511;19.01.2024;22;1.0;217;41;212;41;5;39
TE511;19.01.2024;23;1.0;184;41;182;41;2;36
TE511;20.01.2024;0;1.0;144;44;139;44;5;43
TE511;20.01.2024;1;1.0;108;45;103;45;5;45
TE511;20.01.2024;2;1.0;75;48;75;48;0;-1
TE511;20.01.2024;3;1.0;56;50;55;50;1;45
TE511;20.01.2024;4;1.0;51;48;49;47;2;50
TE511;20.01.2024;5;1.0;45;47;42;47;3;37
TE511;20.01.2024;6;1.0;76;46;66;46;10;45
TE511;20.01.2024;7;1.0;67;43;63;43;4;42
TE511;20.01.2024;8;1.0;137;46;124;46;13;46
TE511;20.01.2024;9;1.0;184;42;177;42;7;41
TE511;20.01.2024;10;1.0;298;41;286;41;12;40
TE511;20.01.2024;11;1.0;399;35;374;35;25;38
TE511;20.01.2024;12;1.0;384;38;351;38;33;37
TE511;20.01.2024;13;1.0;436;36;418;36;18;37
TE511;20.01.2024;14;1.0;400;39;386;39;14;37
TE511;20.01.2024;15;1.0;358;39;347;39;11;38
TE511;20.01.2024;16;1.0;419;38;408;38;11;37
TE511;20.01.2024;17;1.0;391;38;389;38;2;37
TE511;20.01.2024;18;1.0;341;39;335;39;6;40
TE511;20.01.2024;19;1.0;310;37;296;37;14;38
TE511;20.01.2024;20;1.0;234;36;231;36;3;36
TE511;20.01.2024;21;1.0;203;39;201;39;2;36
TE511;20.01.2024;22;1.0;223;40;218;40;5;40
TE511;20.01.2024;23;1.0;221;40;214;40;7;42
TE511;21.01.2024;0;1.0;163;41;158;42;5;34
TE511;21.01.2024;1;1.0;121;42;118;42;3;43
TE511;21.01.2024;2;1.0;88;43;88;43;0;-1
TE511;21.01.2024;3;1.0;72;43;71;43;1;39
TE511;21.01.2024;4;1.0;57;44;55;44;2;42
TE511;21.01.2024;5;1.0;63;46;62;46;1;41
TE511;21.01.2024;6;1.0;51;45;50;45;1;41
TE511;21.01.2024;7;1.0;46;39;44;39;2;40
TE511;21.01.2024;8;1.0;61;43;57;43;4;42
TE511;21.01.2024;9;1.0;136;43;130;43;6;44
TE511;21.01.2024;10;1.0;213;42;204;42;9;40
TE511;21.01.2024;11;1.0;217;43;208;43;9;42
TE511;21.01.2024;12;1.0;278;43;269;43;9;42
TE511;21.01.2024;13;1.0;280;42;265;42;15;40
TE511;21.01.2024;14;1.0;323;41;313;41;10;39
TE511;21.01.2024;15;1.0;313;42;307;42;6;42
TE511;21.01.2024;16;1.0;287;42;277;42;10;43
TE511;21.01.2024;17;1.0;353;41;343;41;10;40
TE511;21.01.2024;18;1.0;378;43;364;43;14;42
TE511;21.01.2024;19;1.0;310;44;300;44;10;46
TE511;21.01.2024;20;1.0;246;43;236;43;10;41
TE511;21.01.2024;21;1.0;164;43;160;43;4;41
TE511;21.01.2024;22;1.0;126;44;120;44;6;42
TE511;21.01.2024;23;1.0;102;43;100;43;2;42
TE511;22.01.2024;0;1.0;64;47;59;47;5;45
TE511;22.01.2024;1;1.0;33;48;31;48;2;52
TE511;22.01.2024;2;1.0;30;50;30;50;0;-1
TE511;22.01.2024;3;1.0;19;53;18;54;1;46
TE511;22.01.2024;4;1.0;42;46;39;46;3;44
TE511;22.01.2024;5;1.0;88;48;88;48;0;-1
TE511;22.01.2024;6;1.0;183;47;170;47;13;48
TE511;22.01.2024;7;1.0;342;45;323;45;19;46
TE511;22.01.2024;8;1.0;402;43;376;43;26;43
TE511;22.01.2024;9;1.0;379;42;352;42;27;43
TE511;22.01.2024;10;1.0;379;43;372;43;7;44
TE511;22.01.2024;11;1.0;374;40;347;40;27;41
TE511;22.01.2024;12;1.0;446;42;412;42;34;42
TE511;22.01.2024;13;1.0;397;41;367;41;30;40
TE511;22.01.2024;14;1.0;504;43;478;43;26;43
TE511;22.01.2024;15;1.0;494;42;475;42;19;42
TE511;22.01.2024;16;1.0;504;39;473;39;31;37
TE511;22.01.2024;17;1.0;523;36;501;36;22;28
TE511;22.01.2024;18;1.0;409;30;401;30;8;18
TE511;22.01.2024;19;1.0;392;41;388;41;4;42
TE511;22.01.2024;20;1.0;282;42;278;42;4;43
TE511;22.01.2024;21;1.0;191;44;187;44;4;42
TE511;22.01.2024;22;1.0;182;44;177;44;5;43
TE511;22.01.2024;23;1.0;95;49;95;49;0;-1
TE511;23.01.2024;0;1.0;60;49;59;49;1;46
TE511;23.01.2024;1;1.0;46;46;44;46;2;42
TE511;23.01.2024;2;1.0;30;48;30;48;0;-1
TE511;23.01.2024;3;1.0;21;56;21;56;0;-1
TE511;23.01.2024;4;1.0;32;48;31;48;1;45
TE511;23.01.2024;5;1.0;61;43;61;43;0;-1
TE511;23.01.2024;6;1.0;162;45;156;45;6;47
TE511;23.01.2024;7;1.0;319;43;305;43;14;42
TE511;23.01.2024;8;1.0;424;43;407;43;17;44
TE511;23.01.2024;9;1.0;461;42;435;43;26;42
TE511;23.01.2024;10;1.0;445;43;412;43;33;45
TE511;23.01.2024;11;1.0;422;42;403;42;19;42
TE511;23.01.2024;12;1.0;418;37;395;37;23;38
TE511;23.01.2024;13;1.0;403;40;388;40;15;41
TE511;23.01.2024;14;1.0;474;39;462;39;12;39
TE511;23.01.2024;15;1.0;492;39;477;39;15;38
TE511;23.01.2024;16;1.0;538;37;515;37;23;39
TE511;23.01.2024;17;1.0;515;37;495;37;20;39
TE511;23.01.2024;18;1.0;500;37;475;37;25;37
TE511;23.01.2024;19;1.0;409;36;396;36;13;38
TE511;23.01.2024;20;1.0;285;39;275;39;10;37
TE511;23.01.2024;21;1.0;205;42;203;42;2;40
TE511;23.01.2024;22;1.0;174;43;173;43;1;44
TE511;23.01.2024;23;1.0;128;43;127;43;1;46
TE511;24.01.2024;0;1.0;64;45;64;45;0;-1
TE511;24.01.2024;1;1.0;60;44;59;45;1;44
TE511;24.01.2024;2;1.0;34;41;32;41;2;44
TE511;24.01.2024;3;1.0;26;54;25;54;1;53
TE511;24.01.2024;4;1.0;36;47;36;47;0;-1
TE511;24.01.2024;5;1.0;81;48;79;48;2;52
TE511;24.01.2024;6;1.0;180;48;159;48;21;50
TE511;24.01.2024;7;1.0;370;44;347;44;23;44
TE511;24.01.2024;8;1.0;463;43;441;43;22;42
TE511;24.01.2024;9;1.0;445;43;421;43;24;43
TE511;24.01.2024;10;1.0;428;40;418;40;10;37
TE511;24.01.2024;11;1.0;418;41;378;41;40;41
TE511;24.01.2024;12;1.0;497;40;466;40;31;39
TE511;24.01.2024;13;1.0;429;42;398;43;31;41
TE511;24.01.2024;14;1.0;482;40;468;40;14;42
TE511;24.01.2024;15;1.0;499;38;486;38;13;37
TE511;24.01.2024;16;1.0;492;34;482;34;10;34
TE511;24.01.2024;17;1.0;485;36;474;36;11;39
TE511;24.01.2024;18;1.0;504;37;490;37;14;37
TE511;24.01.2024;19;1.0;404;39;393;39;11;38
TE511;24.01.2024;20;1.0;328;39;321;39;7;41
TE511;24.01.2024;21;1.0;213;41;213;41;0;-1
TE511;24.01.2024;22;1.0;194;45;192;46;2;43
TE511;24.01.2024;23;1.0;157;44;156;44;1;45
TE511;25.01.2024;0;1.0;74;44;74;44;0;-1
TE511;25.01.2024;1;1.0;49;49;49;49;0;-1
TE511;25.01.2024;2;1.0;27;49;25;50;2;49
TE511;25.01.2024;3;1.0;35;48;35;48;0;-1
TE511;25.01.2024;4;1.0;34;44;32;44;2;42
TE511;25.01.2024;5;1.0;79;47;71;47;8;47
TE511;25.01.2024;6;1.0;166;44;157;44;9;44
TE511;25.01.2024;7;1.0;324;42;315;42;9;43
TE511;25.01.2024;8;1.0;403;42;377;42;26;41
TE511;25.01.2024;9;1.0;449;40;441;40;8;39
TE511;25.01.2024;10;1.0;399;39;391;39;8;41
TE511;25.01.2024;11;1.0;396;38;379;38;17;39
TE511;25.01.2024;12;1.0;413;40;397;40;16;36
TE511;25.01.2024;13;1.0;431;39;415;39;16;37
TE511;25.01.2024;14;1.0;482;37;471;37;11;37
TE511;25.01.2024;15;1.0;513;35;503;35;10;34
TE511;25.01.2024;16;1.0;517;38;508;38;9;38
TE511;25.01.2024;17;1.0;446;34;434;35;12;26
TE511;25.01.2024;18;1.0;451;37;446;37;5;39
TE511;25.01.2024;19;1.0;357;41;345;41;12;41
TE511;25.01.2024;20;1.0;271;38;270;38;1;40
TE511;25.01.2024;21;1.0;233;41;229;41;4;41
TE511;25.01.2024;22;1.0;271;40;265;40;6;40
TE511;25.01.2024;23;1.0;157;41;151;41;6;39
TE511;26.01.2024;0;1.0;125;42;124;42;1;39
TE511;26.01.2024;1;1.0;56;43;56;43;0;-1
TE511;26.01.2024;2;1.0;44;47;43;47;1;44
TE511;26.01.2024;3;1.0;36;44;36;44;0;-1
TE511;26.01.2024;4;1.0;33;41;33;41;0;-1
TE511;26.01.2024;5;1.0;82;46;79;46;3;44
TE511;26.01.2024;6;1.0;154;44;148;44;6;42
TE511;26.01.2024;7;1.0;323;40;306;40;17;38
TE511;26.01.2024;8;1.0;365;41;346;41;19;41
TE511;26.01.2024;9;1.0;374;41;359;41;15;41
TE511;26.01.2024;10;1.0;389;39;378;39;11;37
TE511;26.01.2024;11;1.0;387;40;373;40;14;40
TE511;26.01.2024;12;1.0;422;35;396;35;26;35
TE511;26.01.2024;13;1.0;458;29;443;29;15;27
TE511;26.01.2024;14;1.0;429;39;421;39;8;33
TE511;26.01.2024;15;1.0;447;39;438;39;9;35
TE511;26.01.2024;16;1.0;469;38;459;38;10;36
TE511;26.01.2024;17;1.0;467;38;457;38;10;37
TE511;26.01.2024;18;1.0;427;37;422;37;5;37
TE511;26.01.2024;19;1.0;392;40;385;40;7;41
TE511;26.01.2024;20;1.0;335;42;332;42;3;40
TE511;26.01.2024;21;1.0;291;43;284;43;7;42
TE511;26.01.2024;22;1.0;231;42;229;42;2;40
TE511;26.01.2024;23;1.0;203;43;198;43;5;39
TE511;27.01.2024;0;1.0;172;43;172;43;0;-1
TE511;27.01.2024;1;1.0;103;43;98;43;5;41
TE511;27.01.2024;2;1.0;99;43;95;43;4;38
TE511;27.01.2024;3;1.0;63;45;62;45;1;45
TE511;27.01.2024;4;1.0;57;47;56;47;1;45
TE511;27.01.2024;5;1.0;75;41;74;41;1;45
TE511;27.01.2024;6;1.0;70;47;66;47;4;44
TE511;27.01.2024;7;1.0;101;42;98;42;3;41
TE511;27.01.2024;8;1.0;137;46;129;46;8;45
TE511;27.01.2024;9;1.0;270;39;265;39;5;37
TE511;27.01.2024;10;1.0;282;40;270;40;12;44
TE511;27.01.2024;11;1.0;342;37;328;36;14;40
TE511;27.01.2024;12;1.0;411;34;404;34;7;33
TE511;27.01.2024;13;1.0;448;37;440;37;8;38
TE511;27.01.2024;14;1.0;470;37;451;37;19;35
TE511;27.01.2024;15;1.0;460;38;452;38;8;38
TE511;27.01.2024;16;1.0;462;37;445;37;17;37
TE511;27.01.2024;17;1.0;441;34;426;34;15;35
TE511;27.01.2024;18;1.0;452;34;442;34;10;35
TE511;27.01.2024;19;1.0;451;34;431;34;20;32
TE511;27.01.2024;20;1.0;368;34;355;34;13;32
TE511;27.01.2024;21;1.0;300;38;295;38;5;36
TE511;27.01.2024;22;1.0;309;38;303;38;6;37
TE511;27.01.2024;23;1.0;239;42;232;42;7;42
TE511;28.01.2024;0;1.0;200;43;197;43;3;41
TE511;28.01.2024;1;1.0;171;42;171;42;0;-1
TE511;28.01.2024;2;1.0;121;41;121;41;0;-1
TE511;28.01.2024;3;1.0;94;45;86;45;8;44
TE511;28.01.2024;4;1.0;70;43;69;44;1;39
TE511;28.01.2024;5;1.0;70;45;68;45;2;39
TE511;28.01.2024;6;1.0;65;41;65;41;0;-1
TE511;28.01.2024;7;1.0;62;45;62;45;0;-1
TE511;28.01.2024;8;1.0;84;43;81;43;3;48
TE511;28.01.2024;9;1.0;170;41;161;41;9;39
TE511;28.01.2024;10;1.0;223;42;211;42;12;42
TE511;28.01.2024;11;1.0;293;41;285;41;8;43
TE511;28.01.2024;12;1.0;281;40;275;40;6;41
TE511;28.01.2024;13;1.0;354;39;341;39;13;39
TE511;28.01.2024;14;1.0;391;40;381;40;10;41
TE511;28.01.2024;15;1.0;440;40;428;40;12;40
TE511;28.01.2024;16;1.0;389;38;373;38;16;39
TE511;28.01.2024;17;1.0;382;38;358;38;24;38
TE511;28.01.2024;18;1.0;453;37;437;37;16;37
TE511;28.01.2024;19;1.0;326;39;316;39;10;39
TE511;28.01.2024;20;1.0;306;38;298;38;8;36
TE511;28.01.2024;21;1.0;197;39;193;39;4;36
TE511;28.01.2024;22;1.0;170;42;163;42;7;41
TE511;28.01.2024;23;1.0;112;42;106;42;6;45
TE511;29.01.2024;0;1.0;74;44;71;45;3;42
TE511;29.01.2024;1;1.0;46;43;44;44;2;35
TE511;29.01.2024;2;1.0;25;45;25;45;0;-1
TE511;29.01.2024;3;1.0;18;42;18;42;0;-1
TE511;29.01.2024;4;1.0;34;47;34;47;0;-1
TE511;29.01.2024;5;1.0;75;42;75;42;0;-1
TE511;29.01.2024;6;1.0;177;40;171;40;6;33
TE511;29.01.2024;7;1.0;352;38;338;38;14;38
TE511;29.01.2024;8;1.0;463;37;444;37;19;37
TE511;29.01.2024;9;1.0;449;38;434;38;15;35
TE511;29.01.2024;10;1.0;414;40;389;40;25;40
TE511;29.01.2024;11;1.0;410;38;393;38;17;38
TE511;29.01.2024;12;1.0;447;38;429;38;18;39
TE511;29.01.2024;13;1.0;432;40;402;40;30;39
TE511;29.01.2024;14;1.0;534;38;499;38;35;39
TE511;29.01.2024;15;1.0;521;38;482;38;39;37
TE511;29.01.2024;16;1.0;544;34;522;34;22;35
TE511;29.01.2024;17;1.0;494;36;475;36;19;36
TE511;29.01.2024;18;1.0;483;37;467;37;16;37
TE511;29.01.2024;19;1.0;415;38;407;38;8;38
TE511;29.01.2024;20;1.0;280;39;269;39;11;41
TE511;29.01.2024;21;1.0;245;41;229;41;16;40
TE511;29.01.2024;22;1.0;154;41;148;41;6;42
TE511;29.01.2024;23;1.0;109;44;105;44;4;43
TE511;30.01.2024;0;1.0;72;47;72;47;0;-1
TE511;30.01.2024;1;1.0;35;44;35;44;0;-1
TE511;30.01.2024;2;1.0;35;46;34;46;1;38
TE511;30.01.2024;3;1.0;27;47;27;47;0;-1
TE511;30.01.2024;4;1.0;29;47;28;47;1;38
TE511;30.01.2024;5;1.0;83;46;78;46;5;42
TE511;30.01.2024;6;1.0;166;43;157;43;9;42
TE511;30.01.2024;7;1.0;393;40;385;40;8;40
TE511;30.01.2024;8;1.0;469;39;450;39;19;38
TE511;30.01.2024;9;1.0;522;37;498;38;24;38
TE511;30.01.2024;10;1.0;454;38;439;38;15;40
TE511;30.01.2024;11;1.0;470;38;446;38;24;38
TE511;30.01.2024;12;1.0;511;38;482;38;29;38
TE511;30.01.2024;13;1.0;484;37;460;37;24;36
TE511;30.01.2024;14;1.0;474;38;444;38;30;39
TE511;30.01.2024;15;1.0;510;38;495;38;15;37
TE511;30.01.2024;16;1.0;463;37;440;37;23;37
TE511;30.01.2024;17;1.0;484;35;474;35;10;34
TE511;30.01.2024;18;1.0;491;36;480;36;11;36
TE511;30.01.2024;19;1.0;389;41;386;41;3;39
TE511;30.01.2024;20;1.0;291;44;287;44;4;50
TE511;30.01.2024;21;1.0;211;42;210;42;1;45
TE511;30.01.2024;22;1.0;205;44;200;44;5;45
TE511;30.01.2024;23;1.0;131;42;128;42;3;44
TE511;31.01.2024;0;1.0;74;49;74;49;0;-1
TE511;31.01.2024;1;1.0;42;47;39;47;3;46
TE511;31.01.2024;2;1.0;32;52;32;52;0;-1
TE511;31.01.2024;3;1.0;33;45;33;45;0;-1
TE511;31.01.2024;4;1.0;41;52;39;52;2;53
TE511;31.01.2024;5;1.0;75;46;72;46;3;48
TE511;31.01.2024;6;1.0;160;44;152;44;8;46
TE511;31.01.2024;7;1.0;316;40;303;40;13;42
TE511;31.01.2024;8;1.0;388;41;369;41;19;40
TE511;31.01.2024;9;1.0;352;39;342;39;10;43
TE511;31.01.2024;10;1.0;439;40;422;40;17;40
TE511;31.01.2024;11;1.0;440;40;414;40;26;40
TE511;31.01.2024;12;1.0;453;41;426;41;27;41
TE511;31.01.2024;13;1.0;433;40;406;40;27;39
TE511;31.01.2024;14;1.0;484;38;469;39;15;38
TE511;31.01.2024;15;1.0;492;38;477;38;15;37
TE511;31.01.2024;16;1.0;513;34;500;34;13;35
TE511;31.01.2024;17;1.0;500;36;492;36;8;37
TE511;31.01.2024;18;1.0;440;38;424;38;16;37
TE511;31.01.2024;19;1.0;436;37;433;37;3;36
TE511;31.01.2024;20;1.0;274;40;269;40;5;39
TE511;31.01.2024;21;1.0;201;43;199;43;2;40
TE511;31.01.2024;22;1.0;196;43;195;43;1;46
TE511;31.01.2024;23;1.0;147;44;145;44;2;48
TE519;01.01.2024;0;1.0;321;24;312;24;9;24
TE519;01.01.2024;1;1.0;583;28;578;28;5;28
TE519;01.01.2024;2;1.0;591;29;584;29;7;29
TE519;01.01.2024;3;1.0;479;29;476;29;3;30
TE519;01.01.2024;4;1.0;496;29;492;29;4;30
TE519;01.01.2024;5;1.0;456;30;452;30;4;28
TE519;01.01.2024;6;1.0;423;31;420;31;3;28
TE519;01.01.2024;7;1.0;340;29;336;29;4;29
TE519;01.01.2024;8;1.0;266;32;264;32;2;32
TE519;01.01.2024;9;1.0;228;34;227;34;1;32
TE519;01.01.2024;10;1.0;194;33;189;33;5;33
TE519;01.01.2024;11;1.0;222;34;220;34;2;32
TE519;01.01.2024;12;1.0;265;32;264;32;1;30
TE519;01.01.2024;13;1.0;341;31;340;31;1;34
TE519;01.01.2024;14;1.0;349;31;348;31;1;31
TE519;01.01.2024;15;1.0;374;30;371;30;3;31
TE519;01.01.2024;16;1.0;358;30;357;30;1;31
TE519;01.01.2024;17;1.0;367;30;366;30;1;32
TE519;01.01.2024;18;1.0;366;31;365;31;1;33
TE519;01.01.2024;19;1.0;346;30;342;30;4;32
TE519;01.01.2024;20;1.0;323;32;323;32;0;-1
TE519;01.01.2024;21;1.0;285;32;285;32;0;-1
TE519;01.01.2024;22;1.0;259;32;259;32;0;-1
TE519;01.01.2024;23;1.0;236;34;234;34;2;35
TE519;02.01.2024;0;1.0;210;34;209;34;1;36
TE519;02.01.2024;1;1.0;146;35;143;35;3;36
TE519;02.01.2024;2;1.0;117;34;112;34;5;35
TE519;02.01.2024;3;1.0;118;31;115;31;3;31
TE519;02.01.2024;4;1.0;106;32;102;32;4;30
TE519;02.01.2024;5;1.0;176;32;174;32;2;30
TE519;02.01.2024;6;1.0;214;30;211;30;3;32
TE519;02.01.2024;7;1.0;261;31;253;31;8;30
TE519;02.01.2024;8;1.0;288;31;281;31;7;29
TE519;02.01.2024;9;1.0;269;32;266;32;3;31
TE519;02.01.2024;10;1.0;339;31;334;31;5;32
TE519;02.01.2024;11;1.0;402;31;400;31;2;32
TE519;02.01.2024;12;1.0;437;30;436;30;1;29
TE519;02.01.2024;13;1.0;415;32;414;32;1;32
TE519;02.01.2024;14;1.0;498;30;498;30;0;-1
TE519;02.01.2024;15;1.0;517;30;513;30;4;27
TE519;02.01.2024;16;1.0;537;29;537;29;0;-1
TE519;02.01.2024;17;1.0;516;29;514;29;2;28
TE519;02.01.2024;18;1.0;442;30;440;30;2;31
TE519;02.01.2024;19;1.0;421;30;420;30;1;29
TE519;02.01.2024;20;1.0;341;30;339;30;2;28
TE519;02.01.2024;21;1.0;312;31;312;31;0;-1
TE519;02.01.2024;22;1.0;293;31;292;31;1;32
TE519;02.01.2024;23;1.0;231;31;230;31;1;28
TE519;03.01.2024;0;1.0;170;31;166;31;4;32
TE519;03.01.2024;1;1.0;146;31;141;31;5;30
TE519;03.01.2024;2;1.0;116;31;111;31;5;28
TE519;03.01.2024;3;1.0;104;31;100;31;4;30
TE519;03.01.2024;4;1.0;69;30;68;30;1;29
TE519;03.01.2024;5;1.0;151;31;149;31;2;29
TE519;03.01.2024;6;1.0;198;30;194;30;4;30
TE519;03.01.2024;7;1.0;262;30;253;30;9;29
TE519;03.01.2024;8;1.0;320;28;317;28;3;29
TE519;03.01.2024;9;1.0;395;29;378;29;17;30
TE519;03.01.2024;10;1.0;366;30;349;30;17;31
TE519;03.01.2024;11;1.0;374;31;351;31;23;31
TE519;03.01.2024;12;1.0;443;28;413;28;29;28
TE519;03.01.2024;13;1.0;443;30;432;30;11;31
TE519;03.01.2024;14;1.0;511;29;500;29;11;30
TE519;03.01.2024;15;1.0;588;28;575;28;13;30
TE519;03.01.2024;16;1.0;593;28;578;28;15;28
TE519;03.01.2024;17;1.0;403;23;395;23;8;14
TE519;03.01.2024;18;1.0;470;29;469;29;1;29
TE519;03.01.2024;19;1.0;392;28;385;28;7;31
TE519;03.01.2024;20;1.0;370;29;365;29;5;29
TE519;03.01.2024;21;1.0;324;31;322;31;2;32
TE519;03.01.2024;22;1.0;310;30;310;30;0;-1
TE519;03.01.2024;23;1.0;277;31;276;31;1;30
TE519;04.01.2024;0;1.0;193;32;191;32;2;32
TE519;04.01.2024;1;1.0;121;33;118;33;3;33
TE519;04.01.2024;2;1.0;99;32;96;32;3;33
TE519;04.01.2024;3;1.0;112;32;107;32;5;33
TE519;04.01.2024;4;1.0;79;33;78;33;1;33
TE519;04.01.2024;5;1.0;132;33;131;33;1;34
TE519;04.01.2024;6;1.0;189;32;188;32;1;34
TE519;04.01.2024;7;1.0;253;31;247;31;6;31
TE519;04.01.2024;8;1.0;328;30;323;30;5;31
TE519;04.01.2024;9;1.0;400;30;375;30;25;30
TE519;04.01.2024;10;1.0;409;29;383;29;26;29
TE519;04.01.2024;11;1.0;461;31;435;31;26;31
TE519;04.01.2024;12;1.0;485;30;476;30;9;30
TE519;04.01.2024;13;1.0;505;30;493;30;12;30
TE519;04.01.2024;14;1.0;575;30;569;30;6;28
TE519;04.01.2024;15;1.0;697;28;686;28;11;28
TE519;04.01.2024;16;1.0;608;29;599;29;9;30
TE519;04.01.2024;17;1.0;583;29;577;29;6;29
TE519;04.01.2024;18;1.0;589;29;585;29;4;27
TE519;04.01.2024;19;1.0;505;30;497;30;8;28
TE519;04.01.2024;20;1.0;416;30;413;30;3;31
TE519;04.01.2024;21;1.0;370;31;369;31;1;32
TE519;04.01.2024;22;1.0;390;31;387;31;3;31
TE519;04.01.2024;23;1.0;296;33;295;33;1;35
TE519;05.01.2024;0;1.0;229;32;226;32;3;31
TE519;05.01.2024;1;1.0;155;32;152;32;3;31
TE519;05.01.2024;2;1.0;151;31;145;31;5;32
TE519;05.01.2024;3;1.0;130;33;126;33;4;32
TE519;05.01.2024;4;1.0;119;33;111;33;8;33
TE519;05.01.2024;5;1.0;154;33;150;33;4;35
TE519;05.01.2024;6;1.0;205;31;195;31;10;30
TE519;05.01.2024;7;1.0;261;30;244;30;17;30
TE519;05.01.2024;8;1.0;311;30;306;30;5;29
TE519;05.01.2024;9;1.0;356;29;355;29;1;30
TE519;05.01.2024;10;1.0;396;30;393;30;3;30
TE519;05.01.2024;11;1.0;448;30;440;30;8;29
TE519;05.01.2024;12;1.0;520;29;507;29;13;28
TE519;05.01.2024;13;1.0;579;29;577;29;2;26
TE519;05.01.2024;14;1.0;622;30;614;30;8;30
TE519;05.01.2024;15;1.0;607;29;604;29;3;29
TE519;05.01.2024;16;1.0;526;30;524;30;2;30
TE519;05.01.2024;17;1.0;520;29;517;29;3;29
TE519;05.01.2024;18;1.0;545;31;543;31;2;32
TE519;05.01.2024;19;1.0;484;30;483;30;1;29
TE519;05.01.2024;20;1.0;488;30;484;30;4;29
TE519;05.01.2024;21;1.0;421;31;421;31;0;-1
TE519;05.01.2024;22;1.0;407;32;406;32;1;29
TE519;05.01.2024;23;1.0;426;32;425;32;1;29
TE519;06.01.2024;0;1.0;394;32;393;32;1;29
TE519;06.01.2024;1;1.0;341;32;340;32;1;28
TE519;06.01.2024;2;1.0;263;30;263;30;0;-1
TE519;06.01.2024;3;1.0;220;33;220;33;0;-1
TE519;06.01.2024;4;1.0;183;32;183;32;0;-1
TE519;06.01.2024;5;1.0;175;33;174;33;1;28
TE519;06.01.2024;6;1.0;154;31;154;31;0;-1
TE519;06.01.2024;7;1.0;162;26;161;26;1;29
TE519;06.01.2024;8;1.0;228;32;224;32;4;31
TE519;06.01.2024;9;1.0;253;32;251;32;2;32
TE519;06.01.2024;10;1.0;303;30;300;30;3;31
TE519;06.01.2024;11;1.0;343;31;341;31;2;32
TE519;06.01.2024;12;1.0;426;31;425;31;1;31
TE519;06.01.2024;13;1.0;423;30;422;30;1;30
TE519;06.01.2024;14;1.0;441;30;441;30;0;-1
TE519;06.01.2024;15;1.0;462;30;461;30;1;29
TE519;06.01.2024;16;1.0;456;30;456;30;0;-1
TE519;06.01.2024;17;1.0;494;30;494;30;0;-1
TE519;06.01.2024;18;1.0;467;30;465;30;2;29
TE519;06.01.2024;19;1.0;458;30;456;30;2;30
TE519;06.01.2024;20;1.0;464;30;460;30;4;30
TE519;06.01.2024;21;1.0;445;31;443;31;2;31
TE519;06.01.2024;22;1.0;449;31;447;31;2;30
TE519;06.01.2024;23;1.0;486;30;486;30;0;-1
TE519;07.01.2024;0;1.0;464;31;462;31;2;31
TE519;07.01.2024;1;1.0;403;30;402;30;1;32
TE519;07.01.2024;2;1.0;316;33;316;33;0;-1
TE519;07.01.2024;3;1.0;277;31;274;31;3;31
TE519;07.01.2024;4;1.0;220;30;217;30;3;28
TE519;07.01.2024;5;1.0;159;32;158;32;1;28
TE519;07.01.2024;6;1.0;117;31;117;31;0;-1
TE519;07.01.2024;7;1.0;128;30;128;30;0;-1
TE519;07.01.2024;8;1.0;130;32;129;32;1;31
TE519;07.01.2024;9;1.0;189;31;189;31;0;-1
TE519;07.01.2024;10;1.0;240;32;240;32;0;-1
TE519;07.01.2024;11;1.0;288;31;288;31;0;-1
TE519;07.01.2024;12;1.0;381;31;380;31;1;32
TE519;07.01.2024;13;1.0;471;30;469;30;2;32
TE519;07.01.2024;14;1.0;424;30;424;30;0;-1
TE519;07.01.2024;15;1.0;411;30;411;30;0;-1
TE519;07.01.2024;16;1.0;429;31;429;31;0;-1
TE519;07.01.2024;17;1.0;508;29;503;29;5;31
TE519;07.01.2024;18;1.0;481;31;479;31;2;32
TE519;07.01.2024;19;1.0;376;31;374;31;2;32
TE519;07.01.2024;20;1.0;386;31;383;31;3;32
TE519;07.01.2024;21;1.0;312;31;311;31;1;32
TE519;07.01.2024;22;1.0;318;33;317;33;1;32
TE519;07.01.2024;23;1.0;236;33;233;33;3;32
TE519;08.01.2024;0;1.0;193;34;190;34;3;32
TE519;08.01.2024;1;1.0;125;33;120;33;5;33
TE519;08.01.2024;2;1.0;77;32;72;32;5;32
TE519;08.01.2024;3;1.0;92;34;87;34;5;35
TE519;08.01.2024;4;1.0;93;34;90;34;3;35
TE519;08.01.2024;5;1.0;163;32;159;32;4;34
TE519;08.01.2024;6;1.0;229;31;222;31;7;32
TE519;08.01.2024;7;1.0;325;30;303;30;22;30
TE519;08.01.2024;8;1.0;371;30;351;30;20;29
TE519;08.01.2024;9;1.0;407;30;383;30;24;30
TE519;08.01.2024;10;1.0;395;29;376;29;19;29
TE519;08.01.2024;11;1.0;416;30;403;30;13;29
TE519;08.01.2024;12;1.0;448;29;434;29;14;31
TE519;08.01.2024;13;1.0;477;28;466;28;11;28
TE519;08.01.2024;14;1.0;505;29;499;29;6;29
TE519;08.01.2024;15;1.0;647;29;641;29;6;27
TE519;08.01.2024;16;1.0;571;28;562;28;9;28
TE519;08.01.2024;17;1.0;593;29;591;29;2;28
TE519;08.01.2024;18;1.0;480;29;472;29;8;29
TE519;08.01.2024;19;1.0;438;29;431;29;7;29
TE519;08.01.2024;20;1.0;366;29;362;29;4;30
TE519;08.01.2024;21;1.0;301;29;296;29;5;28
TE519;08.01.2024;22;1.0;285;31;282;31;3;53
TE519;08.01.2024;23;1.0;220;32;218;32;2;29
TE519;09.01.2024;0;1.0;173;32;171;32;2;32
TE519;09.01.2024;1;1.0;130;33;126;33;4;32
TE519;09.01.2024;2;1.0;85;33;80;33;5;34
TE519;09.01.2024;3;1.0;77;33;71;33;6;33
TE519;09.01.2024;4;1.0;77;32;73;32;4;34
TE519;09.01.2024;5;1.0;141;33;141;33;0;-1
TE519;09.01.2024;6;1.0;240;31;231;31;9;31
TE519;09.01.2024;7;1.0;387;29;369;29;18;29
TE519;09.01.2024;8;1.0;468;29;444;29;24;29
TE519;09.01.2024;9;1.0;501;30;486;30;15;30
TE519;09.01.2024;10;1.0;472;29;451;29;21;29
TE519;09.01.2024;11;1.0;517;29;498;29;19;29
TE519;09.01.2024;12;1.0;572;30;559;30;13;30
TE519;09.01.2024;13;1.0;517;28;511;28;6;28
TE519;09.01.2024;14;1.0;594;29;582;29;12;29
TE519;09.01.2024;15;1.0;646;20;625;20;21;17
TE519;09.01.2024;16;1.0;636;19;611;19;25;16
TE519;09.01.2024;17;1.0;568;16;549;16;19;15
TE519;09.01.2024;18;1.0;589;26;579;26;10;24
TE519;09.01.2024;19;1.0;482;30;472;30;10;29
TE519;09.01.2024;20;1.0;356;31;352;31;4;30
TE519;09.01.2024;21;1.0;363;32;361;32;2;32
TE519;09.01.2024;22;1.0;298;32;297;32;1;34
TE519;09.01.2024;23;1.0;271;34;269;34;2;34
TE519;10.01.2024;0;1.0;192;33;191;33;1;34
TE519;10.01.2024;1;1.0;135;33;131;33;4;32
TE519;10.01.2024;2;1.0;105;33;99;33;6;31
TE519;10.01.2024;3;1.0;108;33;98;33;10;31
TE519;10.01.2024;4;1.0;78;32;78;32;0;-1
TE519;10.01.2024;5;1.0;174;32;170;32;4;31
TE519;10.01.2024;6;1.0;295;30;289;30;6;31
TE519;10.01.2024;7;1.0;415;29;394;29;21;29
TE519;10.01.2024;8;1.0;517;29;506;29;11;30
TE519;10.01.2024;9;1.0;584;29;560;29;24;28
TE519;10.01.2024;10;1.0;467;29;451;29;16;30
TE519;10.01.2024;11;1.0;526;29;514;29;12;29
TE519;10.01.2024;12;1.0;610;28;597;28;13;29
TE519;10.01.2024;13;1.0;604;29;590;29;14;28
TE519;10.01.2024;14;1.0;615;28;609;28;6;27
TE519;10.01.2024;15;1.0;596;15;572;15;24;17
TE519;10.01.2024;16;1.0;590;12;563;12;27;13
TE519;10.01.2024;17;1.0;545;12;521;12;24;15
TE519;10.01.2024;18;1.0;682;14;654;14;28;17
TE519;10.01.2024;19;1.0;569;29;561;29;8;21
TE519;10.01.2024;20;1.0;435;30;431;30;4;29
TE519;10.01.2024;21;1.0;405;30;403;30;2;30
TE519;10.01.2024;22;1.0;352;31;351;31;1;32
TE519;10.01.2024;23;1.0;359;32;352;32;7;32
TE519;11.01.2024;0;1.0;229;33;227;33;2;33
TE519;11.01.2024;1;1.0;186;33;182;33;4;32
TE519;11.01.2024;2;1.0;125;32;121;32;4;32
TE519;11.01.2024;3;1.0;94;31;91;31;3;32
TE519;11.01.2024;4;1.0;95;32;94;32;1;31
TE519;11.01.2024;5;1.0;160;34;159;34;1;34
TE519;11.01.2024;6;1.0;247;33;247;33;0;-1
TE519;11.01.2024;7;1.0;384;30;382;30;2;30
TE519;11.01.2024;8;1.0;514;26;511;26;2;27
TE519;11.01.2024;9;1.0;527;29;520;29;7;26
TE519;11.01.2024;10;1.0;524;31;523;31;1;26
TE519;11.01.2024;11;1.0;525;31;520;31;5;31
TE519;11.01.2024;12;1.0;573;30;570;30;3;27
TE519;11.01.2024;13;1.0;601;29;597;29;4;27
TE519;11.01.2024;14;1.0;660;28;652;28;8;18
TE519;11.01.2024;15;1.0;654;15;648;15;6;12
TE519;11.01.2024;16;1.0;603;12;588;12;15;13
TE519;11.01.2024;17;1.0;548;12;535;12;13;14
TE519;11.01.2024;18;1.0;549;11;536;11;13;11
TE519;11.01.2024;19;1.0;471;14;466;14;5;11
TE519;11.01.2024;20;1.0;452;29;446;29;6;26
TE519;11.01.2024;21;1.0;402;32;402;32;0;-1
TE519;11.01.2024;22;1.0;440;31;438;31;2;30
TE519;11.01.2024;23;1.0;358;32;357;32;1;31
TE519;12.01.2024;0;1.0;295;34;293;34;2;32
TE519;12.01.2024;1;1.0;195;34;193;34;2;33
TE519;12.01.2024;2;1.0;162;34;158;34;4;33
TE519;12.01.2024;3;1.0;151;33;148;33;3;33
TE519;12.01.2024;4;1.0;109;34;107;34;2;34
TE519;12.01.2024;5;1.0;148;33;147;33;1;35
TE519;12.01.2024;6;1.0;246;31;246;31;0;-1
TE519;12.01.2024;7;1.0;326;30;325;30;1;35
TE519;12.01.2024;8;1.0;434;30;434;30;0;-1
TE519;12.01.2024;9;1.0;448;30;444;30;4;31
TE519;12.01.2024;10;1.0;458;31;453;31;5;31
TE519;12.01.2024;11;1.0;496;30;495;30;1;32
TE519;12.01.2024;12;1.0;538;30;534;30;4;32
TE519;12.01.2024;13;1.0;621;21;611;21;10;14
TE519;12.01.2024;14;1.0;631;21;625;21;6;20
TE519;12.01.2024;15;1.0;557;10;541;10;16;11
TE519;12.01.2024;16;1.0;645;23;633;23;12;18
TE519;12.01.2024;17;1.0;582;28;579;28;3;18
TE519;12.01.2024;18;1.0;603;27;596;27;7;24
TE519;12.01.2024;19;1.0;557;28;555;28;2;30
TE519;12.01.2024;20;1.0;468;31;466;31;2;30
TE519;12.01.2024;21;1.0;424;30;422;30;2;30
TE519;12.01.2024;22;1.0;479;26;472;26;7;25
TE519;12.01.2024;23;1.0;472;28;470;28;2;26
TE519;13.01.2024;0;1.0;411;31;411;31;0;-1
TE519;13.01.2024;1;1.0;372;32;372;32;0;-1
TE519;13.01.2024;2;1.0;326;33;326;33;0;-1
TE519;13.01.2024;3;1.0;282;33;281;33;1;34
TE519;13.01.2024;4;1.0;252;33;252;33;0;-1
TE519;13.01.2024;5;1.0;206;34;206;34;0;-1
TE519;19.01.2024;12;1.0;553;29;544;29;9;30
TE519;19.01.2024;13;1.0;648;28;622;28;26;27
TE519;19.01.2024;14;1.0;668;28;652;28;16;28
TE519;19.01.2024;15;1.0;652;22;633;22;19;19
TE519;19.01.2024;16;1.0;649;27;638;27;11;20
TE519;19.01.2024;17;1.0;580;29;576;29;4;28
TE519;19.01.2024;18;1.0;624;28;620;28;4;28
TE519;19.01.2024;19;1.0;584;28;577;28;7;27
TE519;19.01.2024;20;1.0;498;29;494;29;4;28
TE519;19.01.2024;21;1.0;484;28;483;28;1;30
TE519;19.01.2024;22;1.0;503;31;497;31;6;31
TE519;19.01.2024;23;1.0;497;31;487;31;10;30
TE519;20.01.2024;0;1.0;518;29;514;29;4;28
TE519;20.01.2024;1;1.0;454;30;452;30;2;31
TE519;20.01.2024;2;1.0;360;29;358;29;2;30
TE519;20.01.2024;3;1.0;312;30;310;30;2;30
TE519;20.01.2024;4;1.0;241;32;241;32;0;-1
TE519;20.01.2024;5;1.0;190;31;190;31;0;-1
TE519;20.01.2024;6;1.0;185;29;183;29;2;30
TE519;20.01.2024;7;1.0;196;30;193;30;3;30
TE519;20.01.2024;8;1.0;252;30;247;30;5;29
TE519;20.01.2024;9;1.0;287;32;284;32;3;32
TE519;20.01.2024;10;1.0;360;32;357;32;3;32
TE519;20.01.2024;11;1.0;411;32;409;32;2;32
TE519;20.01.2024;12;1.0;417;32;411;32;6;32
TE519;20.01.2024;13;1.0;514;29;506;29;8;29
TE519;20.01.2024;14;1.0;590;29;583;29;7;28
TE519;20.01.2024;15;1.0;438;31;436;31;2;31
TE519;20.01.2024;16;1.0;518;26;516;26;2;28
TE519;20.01.2024;17;1.0;544;27;540;27;4;28
TE519;20.01.2024;18;1.0;544;23;536;23;8;24
TE519;20.01.2024;19;1.0;445;26;442;26;3;19
TE519;20.01.2024;20;1.0;520;29;515;29;5;28
TE519;20.01.2024;21;1.0;485;30;484;30;1;29
TE519;20.01.2024;22;1.0;519;29;518;29;1;28
TE519;20.01.2024;23;1.0;513;30;513;30;0;-1
TE519;21.01.2024;0;1.0;430;31;422;31;8;29
TE519;21.01.2024;1;1.0;484;31;480;31;4;32
TE519;21.01.2024;2;1.0;438;30;436;30;2;31
TE519;21.01.2024;3;1.0;343;30;338;30;5;30
TE519;21.01.2024;4;1.0;264;31;264;31;0;-1
TE519;21.01.2024;5;1.0;221;31;221;31;0;-1
TE519;21.01.2024;6;1.0;190;32;189;32;1;30
TE519;21.01.2024;7;1.0;157;32;157;32;0;-1
TE519;21.01.2024;8;1.0;149;33;148;33;1;32
TE519;21.01.2024;9;1.0;207;33;205;33;2;32
TE519;21.01.2024;10;1.0;274;33;270;33;4;34
TE519;21.01.2024;11;1.0;365;32;364;32;1;34
TE519;21.01.2024;12;1.0;448;31;446;31;2;34
TE519;21.01.2024;13;1.0;504;31;500;31;4;32
TE519;21.01.2024;14;1.0;458;31;454;31;4;32
TE519;21.01.2024;15;1.0;481;29;476;29;5;29
TE519;21.01.2024;16;1.0;437;30;437;30;0;-1
TE519;21.01.2024;17;1.0;476;28;475;28;1;29
TE519;21.01.2024;18;1.0;470;30;468;30;2;30
TE519;21.01.2024;19;1.0;541;30;537;30;4;30
TE519;21.01.2024;20;1.0;412;30;407;30;5;29
TE519;21.01.2024;21;1.0;336;31;334;31;2;31
TE519;21.01.2024;22;1.0;280;31;278;31;2;31
TE519;21.01.2024;23;1.0;242;31;239;31;3;42
TE519;22.01.2024;0;1.0;167;32;166;32;1;33
TE519;22.01.2024;1;1.0;147;32;142;32;5;33
TE519;22.01.2024;2;1.0;111;32;107;32;4;32
TE519;22.01.2024;3;1.0;77;31;74;31;3;30
TE519;22.01.2024;4;1.0;88;31;84;31;4;30
TE519;22.01.2024;5;1.0;148;32;147;32;1;31
TE519;22.01.2024;6;1.0;258;31;251;31;7;31
TE519;22.01.2024;7;1.0;355;29;339;29;16;29
TE519;22.01.2024;8;1.0;473;29;442;29;31;28
TE519;22.01.2024;9;1.0;500;29;492;29;8;29
TE519;22.01.2024;10;1.0;440;30;432;30;8;30
TE519;22.01.2024;11;1.0;498;29;483;29;15;29
TE519;22.01.2024;12;1.0;575;29;534;29;41;28
TE519;22.01.2024;13;1.0;564;30;524;30;40;30
TE519;22.01.2024;14;1.0;601;30;569;30;32;29
TE519;22.01.2024;15;1.0;617;18;558;18;59;19
TE519;22.01.2024;16;1.0;508;12;481;12;27;11
TE519;22.01.2024;17;1.0;528;18;508;18;20;13
TE519;22.01.2024;18;1.0;524;29;522;29;2;15
TE519;22.01.2024;19;1.0;467;29;462;29;5;27
TE519;22.01.2024;20;1.0;377;28;373;29;4;28
TE519;22.01.2024;21;1.0;305;31;303;31;2;30
TE519;22.01.2024;22;1.0;276;30;276;30;0;-1
TE519;22.01.2024;23;1.0;255;31;254;31;1;29
TE519;23.01.2024;0;1.0;182;31;180;31;2;32
TE519;23.01.2024;1;1.0;109;33;100;33;9;34
TE519;23.01.2024;2;1.0;87;31;84;31;3;31
TE519;23.01.2024;3;1.0;83;32;80;32;3;32
TE519;23.01.2024;4;1.0;87;32;86;31;1;31
TE519;23.01.2024;5;1.0;155;31;154;31;1;32
TE519;23.01.2024;6;1.0;278;30;278;30;0;-1
TE519;23.01.2024;7;1.0;367;28;363;28;4;29
TE519;23.01.2024;8;1.0;456;27;442;27;14;28
TE519;23.01.2024;9;1.0;520;28;498;28;22;28
TE519;23.01.2024;10;1.0;484;29;469;29;15;29
TE519;23.01.2024;11;1.0;528;29;495;29;33;29
TE519;23.01.2024;12;1.0;562;29;553;29;9;30
TE519;23.01.2024;13;1.0;573;30;554;30;19;29
TE519;23.01.2024;14;1.0;643;28;618;28;25;29
TE519;23.01.2024;15;1.0;533;16;505;16;28;18
TE519;23.01.2024;16;1.0;558;16;528;16;30;14
TE519;23.01.2024;17;1.0;587;25;579;25;8;21
TE519;23.01.2024;18;1.0;466;18;450;18;16;15
TE519;24.01.2024;12;1.0;521;30;488;30;33;31
TE519;24.01.2024;13;1.0;625;27;576;27;49;26
TE519;24.01.2024;14;1.0;634;26;599;26;35;27
TE519;24.01.2024;15;1.0;467;12;436;12;31;15
TE519;24.01.2024;16;1.0;486;12;469;12;17;15
TE519;24.01.2024;17;1.0;515;12;499;12;16;12
TE519;24.01.2024;18;1.0;499;14;475;14;24;14
TE519;24.01.2024;19;1.0;517;25;509;25;8;20
TE519;24.01.2024;20;1.0;464;29;456;29;8;27
TE519;24.01.2024;21;1.0;385;31;384;31;1;28
TE519;24.01.2024;22;1.0;387;30;385;30;2;30
TE519;24.01.2024;23;1.0;336;30;326;30;10;30
TE519;25.01.2024;0;1.0;236;32;234;32;2;30
TE519;25.01.2024;1;1.0;170;33;160;33;10;32
TE519;25.01.2024;2;1.0;116;32;110;32;6;30
TE519;25.01.2024;3;1.0;111;33;106;33;5;31
TE519;25.01.2024;4;1.0;101;32;99;32;2;33
TE519;25.01.2024;5;1.0;190;32;190;32;0;-1
TE519;25.01.2024;6;1.0;310;31;309;31;1;33
TE519;25.01.2024;7;1.0;443;29;433;29;10;28
TE519;25.01.2024;8;1.0;486;29;479;29;7;27
TE519;25.01.2024;9;1.0;584;28;567;28;17;28
TE519;25.01.2024;10;1.0;535;29;519;29;16;29
TE519;25.01.2024;11;1.0;532;29;520;29;12;29
TE519;25.01.2024;12;1.0;617;30;613;30;4;30
TE519;25.01.2024;13;1.0;648;26;624;26;24;24
TE519;25.01.2024;14;1.0;664;23;650;23;14;21
TE519;25.01.2024;15;1.0;566;15;548;15;18;15
TE519;25.01.2024;16;1.0;606;14;581;15;25;10
TE519;25.01.2024;17;1.0;580;14;564;14;16;14
TE519;25.01.2024;18;1.0;522;15;506;15;16;14
TE519;25.01.2024;19;1.0;573;18;553;18;20;13
TE519;25.01.2024;20;1.0;505;30;497;30;8;31
TE519;28.01.2024;12;1.0;541;29;533;29;8;29
TE519;28.01.2024;13;1.0;492;29;491;29;1;27
TE519;28.01.2024;14;1.0;508;29;498;29;10;29
TE519;28.01.2024;15;1.0;482;27;467;27;15;28
TE519;28.01.2024;16;1.0;544;24;521;25;23;17
TE519;28.01.2024;17;1.0;577;27;570;27;7;27
TE519;28.01.2024;18;1.0;512;28;503;28;9;28
TE519;28.01.2024;19;1.0;470;28;464;28;6;28
TE519;28.01.2024;20;1.0;418;28;415;28;3;26
TE519;28.01.2024;21;1.0;342;29;341;29;1;28
TE519;28.01.2024;22;1.0;339;29;335;29;4;28
TE519;28.01.2024;23;1.0;273;30;270;30;3;30
TE519;29.01.2024;0;1.0;216;29;213;29;3;28
TE519;29.01.2024;4;1.0;80;31;78;31;2;29
TE519;29.01.2024;5;1.0;156;31;150;31;6;30
TE519;29.01.2024;6;1.0;269;30;262;30;7;31
TE519;29.01.2024;7;1.0;383;28;377;28;6;30
TE519;29.01.2024;8;1.0;490;28;475;28;15;27
TE519;29.01.2024;9;1.0;501;28;488;28;13;28
TE519;29.01.2024;10;1.0;484;28;455;28;29;27
TE519;29.01.2024;12;1.0;556;28;521;28;35;29
TE519;29.01.2024;13;1.0;537;29;505;29;32;30
TE519;29.01.2024;14;1.0;645;29;618;29;27;30
TE519;29.01.2024;15;1.0;536;17;505;17;31;16
TE519;29.01.2024;16;1.0;518;15;499;15;19;13
TE519;29.01.2024;17;1.0;559;20;539;20;20;13
TE519;29.01.2024;18;1.0;564;27;553;27;11;21
TE519;29.01.2024;19;1.0;442;28;423;28;19;31
TE519;29.01.2024;20;1.0;367;28;354;28;13;27
TE519;29.01.2024;21;1.0;333;30;329;30;4;28
TE519;29.01.2024;22;1.0;329;29;327;29;2;29
TE519;29.01.2024;23;1.0;228;30;223;30;5;30
TE519;30.01.2024;0;1.0;169;30;167;30;2;29
TE519;30.01.2024;1;1.0;118;29;113;29;5;28
TE519;30.01.2024;2;1.0;103;30;99;30;4;29
TE519;30.01.2024;3;1.0;84;31;81;31;3;31
TE519;30.01.2024;4;1.0;78;30;76;30;2;30
TE519;30.01.2024;5;1.0;128;31;128;31;0;-1
TE519;30.01.2024;6;1.0;284;29;278;29;6;30
TE519;30.01.2024;7;1.0;386;28;376;28;10;28
TE519;30.01.2024;8;1.0;491;29;476;29;15;29
TE519;30.01.2024;11;1.0;455;29;428;29;27;28
TE519;30.01.2024;12;1.0;565;27;533;27;32;34
TE519;30.01.2024;13;1.0;567;29;546;29;21;28
TE519;30.01.2024;16;1.0;518;13;507;13;11;13
TE519;30.01.2024;17;1.0;511;18;498;18;13;11
TE519;30.01.2024;18;1.0;550;26;541;26;9;24
TE519;30.01.2024;19;1.0;469;30;465;30;4;31
TE519;30.01.2024;20;1.0;384;30;378;30;6;31
TE519;30.01.2024;21;1.0;352;30;347;30;5;30
TE519;30.01.2024;22;1.0;379;30;377;30;2;31
TE519;30.01.2024;23;1.0;260;31;258;31;2;32
TE519;31.01.2024;0;1.0;171;31;169;31;2;30
TE519;31.01.2024;1;1.0;159;32;154;32;5;32
TE519;31.01.2024;2;1.0;113;32;105;32;8;30
TE519;31.01.2024;3;1.0;111;32;105;32;6;32
TE519;31.01.2024;4;1.0;82;32;82;32;0;-1
TE519;31.01.2024;5;1.0;133;33;133;33;0;-1
TE519;31.01.2024;6;1.0;242;32;242;32;0;-1
TE519;31.01.2024;7;1.0;376;29;369;29;7;29
TE519;31.01.2024;8;1.0;503;27;498;27;5;28
TE519;31.01.2024;9;1.0;507;30;495;30;12;32
TE519;31.01.2024;10;1.0;460;30;450;30;10;30
TE519;31.01.2024;11;1.0;487;26;477;26;10;25
TE519;31.01.2024;12;1.0;504;27;492;27;12;24
TE519;31.01.2024;13;1.0;616;29;601;29;15;29
TE519;31.01.2024;14;1.0;618;28;606;28;12;29
TE519;31.01.2024;15;1.0;556;15;538;15;18;16
TE519;31.01.2024;16;1.0;569;13;546;13;23;14
TE519;31.01.2024;17;1.0;485;18;472;18;13;13
TE519;31.01.2024;18;1.0;582;30;578;30;4;19
TE519;31.01.2024;19;1.0;462;32;458;32;4;31
TE519;31.01.2024;20;1.0;420;31;420;31;0;-1
TE519;31.01.2024;21;1.0;351;32;350;32;1;32
TE519;31.01.2024;22;1.0;374;31;372;31;2;31
TE519;31.01.2024;23;1.0;290;34;289;34;1;35
TE520;01.01.2024;0;1.0;326;32;321;32;5;35
TE520;01.01.2024;1;1.0;542;38;537;38;5;37
TE520;01.01.2024;2;1.0;597;39;592;39;5;39
TE520;01.01.2024;3;1.0;541;37;530;37;11;34
TE520;01.01.2024;4;1.0;508;41;504;41;4;41
TE520;01.01.2024;5;1.0;541;41;532;41;9;40
TE520;01.01.2024;6;1.0;439;44;432;44;7;44
TE520;01.01.2024;7;1.0;377;43;373;43;4;42
TE520;01.01.2024;8;1.0;306;41;303;41;3;30
TE520;01.01.2024;9;1.0;236;45;232;45;4;45
TE520;01.01.2024;10;1.0;246;44;242;44;4;44
TE520;01.01.2024;11;1.0;261;46;259;46;2;24
TE520;01.01.2024;12;1.0;304;43;302;43;2;43
TE520;01.01.2024;13;1.0;327;42;324;42;3;43
TE520;01.01.2024;14;1.0;394;43;392;43;2;41
TE520;01.01.2024;15;1.0;374;41;371;41;3;41
TE520;01.01.2024;16;1.0;438;41;436;41;2;42
TE520;01.01.2024;17;1.0;387;34;387;34;0;-1
TE520;01.01.2024;18;1.0;387;39;386;39;1;45
TE520;01.01.2024;19;1.0;309;45;309;45;0;-1
TE520;01.01.2024;20;1.0;313;45;307;45;6;44
TE520;01.01.2024;21;1.0;292;46;290;46;2;48
TE520;01.01.2024;22;1.0;223;47;222;47;1;46
TE520;01.01.2024;23;1.0;225;47;222;47;3;46
TE520;02.01.2024;0;1.0;156;47;156;47;0;-1
TE520;02.01.2024;1;1.0;158;43;155;43;3;46
TE520;02.01.2024;2;1.0;141;47;137;47;4;47
TE520;02.01.2024;3;1.0;116;44;109;44;7;41
TE520;02.01.2024;4;1.0;103;46;101;46;2;44
TE520;02.01.2024;5;1.0;227;46;215;46;12;45
TE520;02.01.2024;6;1.0;301;44;285;44;16;43
TE520;02.01.2024;7;1.0;314;44;301;44;13;44
TE520;02.01.2024;8;1.0;335;45;321;45;14;45
TE520;02.01.2024;9;1.0;346;47;341;47;5;46
TE520;02.01.2024;10;1.0;368;44;356;44;12;44
TE520;02.01.2024;11;1.0;396;42;391;42;5;44
TE520;02.01.2024;12;1.0;459;40;453;40;7;37
TE520;02.01.2024;13;1.0;395;41;394;41;1;44
TE520;02.01.2024;14;1.0;385;45;378;45;7;46
TE520;02.01.2024;15;1.0;379;44;377;44;2;45
TE520;02.01.2024;16;1.0;440;44;439;44;1;45
TE520;02.01.2024;17;1.0;380;45;379;45;1;44
TE520;02.01.2024;18;1.0;390;44;387;44;3;44
TE520;02.01.2024;19;1.0;337;45;336;45;1;45
TE520;02.01.2024;20;1.0;297;46;295;46;2;48
TE520;02.01.2024;21;1.0;275;46;274;46;1;47
TE520;02.01.2024;22;1.0;366;45;364;45;2;47
TE520;02.01.2024;23;1.0;174;44;173;44;1;42
TE520;03.01.2024;0;1.0;187;43;181;43;6;43
TE520;03.01.2024;1;1.0;141;43;140;43;1;41
TE520;03.01.2024;2;1.0;128;44;125;44;3;44
TE520;03.01.2024;3;1.0;91;43;89;43;2;44
TE520;03.01.2024;4;1.0;84;45;83;45;1;48
TE520;03.01.2024;5;1.0;219;42;217;42;2;48
TE520;03.01.2024;6;1.0;316;42;298;42;18;41
TE520;03.01.2024;7;1.0;318;41;307;41;11;41
TE520;03.01.2024;8;1.0;386;42;379;42;7;41
TE520;03.01.2024;9;1.0;439;41;414;41;25;41
TE520;03.01.2024;10;1.0;405;42;369;42;36;42
TE520;03.01.2024;11;1.0;417;38;377;38;39;38
TE520;03.01.2024;12;1.0;422;38;398;38;24;38
TE520;03.01.2024;13;1.0;463;37;437;37;25;39
TE520;03.01.2024;14;1.0;473;37;446;37;27;38
TE520;03.01.2024;15;1.0;414;41;400;41;14;40
TE520;03.01.2024;16;1.0;424;41;411;41;13;41
TE520;03.01.2024;17;1.0;463;39;456;39;7;36
TE520;03.01.2024;18;1.0;443;36;437;36;5;37
TE520;03.01.2024;19;1.0;375;41;371;41;4;40
TE520;03.01.2024;20;1.0;317;41;313;41;4;42
TE520;03.01.2024;21;1.0;315;42;312;42;3;42
TE520;03.01.2024;22;1.0;273;43;271;43;2;42
TE520;03.01.2024;23;1.0;241;44;238;44;3;44
TE520;04.01.2024;0;1.0;181;44;178;44;3;45
TE520;04.01.2024;1;1.0;147;45;143;45;4;46
TE520;04.01.2024;2;1.0;106;44;102;44;4;44
TE520;04.01.2024;3;1.0;114;46;105;46;9;46
TE520;04.01.2024;4;1.0;94;48;94;48;0;-1
TE520;04.01.2024;5;1.0;199;49;194;49;5;49
TE520;04.01.2024;6;1.0;311;46;309;46;2;43
TE520;04.01.2024;7;1.0;346;45;341;45;5;43
TE520;04.01.2024;8;1.0;358;43;337;43;21;43
TE520;04.01.2024;9;1.0;432;38;406;38;26;38
TE520;04.01.2024;10;1.0;453;37;418;38;35;37
TE520;04.01.2024;11;1.0;466;38;441;38;25;38
TE520;04.01.2024;12;1.0;432;40;422;40;10;39
TE520;04.01.2024;13;1.0;447;35;432;35;16;35
TE520;04.01.2024;14;1.0;451;39;433;39;17;39
TE520;04.01.2024;15;1.0;483;36;468;36;15;34
TE520;04.01.2024;16;1.0;451;37;439;37;12;38
TE520;04.01.2024;17;1.0;470;40;466;40;4;41
TE520;04.01.2024;18;1.0;458;41;449;41;9;42
TE520;04.01.2024;19;1.0;461;41;457;41;4;41
TE520;04.01.2024;20;1.0;377;42;372;42;5;41
TE520;04.01.2024;21;1.0;318;44;316;44;2;45
TE520;04.01.2024;22;1.0;384;44;381;44;3;46
TE520;04.01.2024;23;1.0;282;45;282;45;0;-1
TE520;05.01.2024;0;1.0;199;46;197;46;2;45
TE520;05.01.2024;1;1.0;202;46;197;46;5;44
TE520;05.01.2024;2;1.0;146;46;139;46;7;44
TE520;05.01.2024;3;1.0;101;46;93;46;8;45
TE520;05.01.2024;4;1.0;99;47;99;47;0;-1
TE520;05.01.2024;5;1.0;210;47;206;47;4;48
TE520;05.01.2024;6;1.0;310;43;289;43;21;43
TE520;05.01.2024;7;1.0;352;42;330;42;22;42
TE520;05.01.2024;8;1.0;341;41;340;41;1;42
TE520;05.01.2024;9;1.0;381;42;379;42;2;45
TE520;05.01.2024;10;1.0;447;39;436;39;11;39
TE520;05.01.2024;11;1.0;476;43;457;43;19;43
TE520;05.01.2024;12;1.0;490;43;475;43;15;43
TE520;05.01.2024;13;1.0;478;42;470;42;8;39
TE520;05.01.2024;14;1.0;500;42;487;42;13;43
TE520;05.01.2024;15;1.0;489;42;483;42;6;44
TE520;05.01.2024;16;1.0;467;39;465;39;2;44
TE520;05.01.2024;17;1.0;489;42;489;42;0;-1
TE520;05.01.2024;18;1.0;489;43;483;43;6;44
TE520;05.01.2024;19;1.0;446;44;446;44;0;-1
TE520;05.01.2024;20;1.0;459;44;458;44;1;46
TE520;05.01.2024;21;1.0;502;43;497;43;5;46
TE520;05.01.2024;22;1.0;394;44;392;44;2;44
TE520;05.01.2024;23;1.0;408;44;408;44;0;-1
TE520;06.01.2024;0;1.0;388;45;388;45;0;-1
TE520;06.01.2024;1;1.0;330;44;327;44;3;46
TE520;06.01.2024;2;1.0;281;41;280;41;1;46
TE520;06.01.2024;3;1.0;227;39;227;39;0;-1
TE520;06.01.2024;4;1.0;170;43;169;43;1;47
TE520;06.01.2024;5;1.0;175;42;170;42;4;46
TE520;06.01.2024;6;1.0;151;46;145;46;6;47
TE520;06.01.2024;7;1.0;133;47;128;47;5;48
TE520;06.01.2024;8;1.0;187;45;185;45;2;44
TE520;06.01.2024;9;1.0;272;46;265;46;7;46
TE520;06.01.2024;10;1.0;282;46;276;46;6;46
TE520;06.01.2024;11;1.0;367;45;365;45;2;42
TE520;06.01.2024;12;1.0;435;44;431;44;4;44
TE520;06.01.2024;13;1.0;470;44;466;44;4;44
TE520;06.01.2024;14;1.0;466;44;463;44;3;43
TE520;06.01.2024;15;1.0;476;44;474;44;2;42
TE520;06.01.2024;16;1.0;458;43;454;43;4;44
TE520;06.01.2024;17;1.0;470;44;466;44;4;44
TE520;06.01.2024;18;1.0;473;43;472;43;1;43
TE520;06.01.2024;19;1.0;491;43;485;43;6;42
TE520;06.01.2024;20;1.0;443;44;440;44;3;46
TE520;06.01.2024;21;1.0;387;44;386;44;1;42
TE520;06.01.2024;22;1.0;398;45;397;45;1;44
TE520;06.01.2024;23;1.0;437;41;434;41;3;45
TE520;07.01.2024;0;1.0;419;42;418;42;1;42
TE520;07.01.2024;1;1.0;405;41;405;41;0;-1
TE520;07.01.2024;2;1.0;338;46;337;46;1;46
TE520;07.01.2024;3;1.0;301;44;301;44;0;-1
TE520;07.01.2024;4;1.0;210;45;210;45;0;-1
TE520;07.01.2024;5;1.0;115;45;113;45;2;46
TE520;07.01.2024;6;1.0;83;44;80;44;3;43
TE520;07.01.2024;7;1.0;98;45;97;45;1;43
TE520;07.01.2024;8;1.0;117;47;115;47;2;48
TE520;07.01.2024;9;1.0;191;47;190;47;1;46
TE520;07.01.2024;10;1.0;250;46;250;46;0;-1
TE520;07.01.2024;11;1.0;353;44;349;44;4;46
TE520;07.01.2024;12;1.0;407;43;405;43;2;43
TE520;07.01.2024;13;1.0;443;43;440;43;3;41
TE520;07.01.2024;14;1.0;411;44;407;44;4;42
TE520;07.01.2024;15;1.0;450;43;449;43;1;45
TE520;07.01.2024;16;1.0;407;39;407;39;0;-1
TE520;07.01.2024;17;1.0;489;39;487;39;2;44
TE520;07.01.2024;18;1.0;388;41;386;41;2;44
TE520;07.01.2024;19;1.0;377;45;375;45;2;44
TE520;07.01.2024;20;1.0;325;44;317;44;8;43
TE520;07.01.2024;21;1.0;330;44;328;44;2;43
TE520;07.01.2024;22;1.0;327;43;322;43;5;44
TE520;07.01.2024;23;1.0;227;44;224;44;3;42
TE520;08.01.2024;0;1.0;171;46;170;46;1;48
TE520;08.01.2024;1;1.0;130;45;126;45;4;43
TE520;08.01.2024;2;1.0;105;45;97;45;8;44
TE520;08.01.2024;3;1.0;72;45;67;45;5;43
TE520;08.01.2024;4;1.0;76;46;71;46;5;47
TE520;08.01.2024;5;1.0;249;45;232;45;17;44
TE520;08.01.2024;6;1.0;378;42;347;42;31;41
TE520;08.01.2024;7;1.0;460;41;432;41;28;42
TE520;08.01.2024;8;1.0;564;40;527;40;37;37
TE520;08.01.2024;9;1.0;561;41;535;41;26;41
TE520;08.01.2024;10;1.0;456;42;429;42;27;42
TE520;08.01.2024;11;1.0;410;38;389;38;21;37
TE520;08.01.2024;12;1.0;427;39;420;39;7;35
TE520;08.01.2024;13;1.0;420;38;410;38;10;38
TE520;08.01.2024;14;1.0;425;38;418;38;8;35
TE520;08.01.2024;15;1.0;428;41;419;41;9;41
TE520;08.01.2024;16;1.0;399;37;384;37;15;37
TE520;08.01.2024;17;1.0;405;41;402;41;3;39
TE520;08.01.2024;18;1.0;405;42;393;42;12;40
TE520;08.01.2024;19;1.0;370;43;365;43;5;42
TE520;08.01.2024;20;1.0;363;43;361;43;2;42
TE520;08.01.2024;21;1.0;311;43;305;43;6;42
TE520;08.01.2024;22;1.0;270;43;267;43;3;43
TE520;08.01.2024;23;1.0;201;44;200;44;1;43
TE520;09.01.2024;0;1.0;165;45;164;45;1;45
TE520;09.01.2024;1;1.0;127;46;123;46;4;44
TE520;09.01.2024;2;1.0;106;42;101;42;4;46
TE520;09.01.2024;3;1.0;69;43;65;43;3;45
TE520;09.01.2024;4;1.0;101;41;95;41;7;38
TE520;09.01.2024;5;1.0;227;41;220;41;7;39
TE520;09.01.2024;6;1.0;470;40;442;40;28;42
TE520;09.01.2024;7;1.0;516;40;494;40;22;39
TE520;09.01.2024;8;1.0;694;38;675;38;19;37
TE520;09.01.2024;9;1.0;636;42;616;42;20;40
TE520;09.01.2024;10;1.0;511;41;487;41;24;41
TE520;09.01.2024;11;1.0;435;43;424;42;11;43
TE520;09.01.2024;12;1.0;511;42;493;42;18;42
TE520;09.01.2024;13;1.0;486;42;476;42;10;42
TE520;09.01.2024;14;1.0;443;37;424;37;19;37
TE520;09.01.2024;15;1.0;493;41;484;41;9;40
TE520;09.01.2024;16;1.0;465;41;458;41;7;41
TE520;09.01.2024;17;1.0;473;39;467;39;6;40
TE520;09.01.2024;18;1.0;471;42;464;42;7;43
TE520;09.01.2024;19;1.0;394;43;384;43;10;43
TE520;09.01.2024;20;1.0;392;43;388;43;4;42
TE520;09.01.2024;21;1.0;311;43;310;43;1;44
TE520;09.01.2024;22;1.0;305;40;305;40;0;-1
TE520;09.01.2024;23;1.0;285;41;285;41;0;-1
TE520;10.01.2024;0;1.0;177;41;175;41;2;44
TE520;10.01.2024;1;1.0;156;40;152;40;4;42
TE520;10.01.2024;2;1.0;113;42;107;42;7;39
TE520;10.01.2024;3;1.0;93;41;88;41;4;46
TE520;10.01.2024;4;1.0;82;43;77;43;4;45
TE520;10.01.2024;5;1.0;239;45;227;45;12;42
TE520;10.01.2024;6;1.0;473;41;451;41;22;41
TE520;10.01.2024;7;1.0;595;39;577;39;18;39
TE520;10.01.2024;8;1.0;702;27;660;27;42;22
TE520;10.01.2024;9;1.0;677;19;612;19;65;17
TE520;10.01.2024;10;1.0;547;36;508;37;39;31
TE520;10.01.2024;11;1.0;437;41;422;41;15;41
TE520;10.01.2024;12;1.0;501;41;485;41;16;41
TE520;10.01.2024;13;1.0;504;41;489;41;15;41
TE520;10.01.2024;14;1.0;456;41;436;41;20;39
TE520;10.01.2024;15;1.0;524;37;497;37;27;38
TE520;10.01.2024;16;1.0;546;30;525;31;21;20
TE520;10.01.2024;17;1.0;549;36;530;36;19;34
TE520;10.01.2024;18;1.0;516;36;508;36;8;34
TE520;10.01.2024;19;1.0;489;41;484;41;5;42
TE520;10.01.2024;20;1.0;382;39;380;39;2;42
TE520;10.01.2024;21;1.0;390;43;385;43;5;45
TE520;10.01.2024;22;1.0;321;45;321;45;0;-1
TE520;10.01.2024;23;1.0;287;34;287;34;0;-1
TE520;11.01.2024;0;1.0;210;45;207;45;3;45
TE520;11.01.2024;1;1.0;158;42;154;42;4;44
TE520;11.01.2024;2;1.0;110;42;105;42;5;46
TE520;11.01.2024;3;1.0;92;42;85;42;7;38
TE520;11.01.2024;4;1.0;88;45;87;45;1;44
TE520;11.01.2024;5;1.0;244;45;243;45;1;45
TE520;11.01.2024;6;1.0;463;42;452;42;11;42
TE520;11.01.2024;7;1.0;611;40;602;40;9;41
TE520;11.01.2024;8;1.0;623;20;601;20;22;20
TE520;11.01.2024;9;1.0;601;21;579;21;22;19
TE520;11.01.2024;10;1.0;503;40;498;40;5;17
TE520;11.01.2024;11;1.0;521;41;509;41;12;41
TE520;11.01.2024;12;1.0;495;40;485;40;10;39
TE520;11.01.2024;13;1.0;516;45;511;45;5;44
TE520;11.01.2024;14;1.0;509;36;505;36;4;32
TE520;11.01.2024;16;1.0;403;14;386;14;17;9
TE520;11.01.2024;17;1.0;492;25;469;26;23;13
TE520;11.01.2024;18;1.0;442;18;428;18;13;12
TE520;11.01.2024;19;1.0;508;40;503;40;5;40
TE520;11.01.2024;20;1.0;409;43;404;43;5;43
TE520;11.01.2024;21;1.0;377;36;374;36;2;42
TE520;11.01.2024;22;1.0;390;36;390;36;0;-1
TE520;11.01.2024;23;1.0;338;36;337;36;1;47
TE520;12.01.2024;0;1.0;257;38;257;38;0;-1
TE520;12.01.2024;1;1.0;209;40;208;40;1;47
TE520;12.01.2024;2;1.0;162;38;161;38;1;47
TE520;12.01.2024;3;1.0;143;38;140;38;2;48
TE520;12.01.2024;12;1.0;558;35;550;35;8;36
TE520;12.01.2024;13;1.0;519;35;512;35;7;37
TE520;12.01.2024;14;1.0;534;35;530;35;4;31
TE520;12.01.2024;15;1.0;496;42;493;42;3;41
TE520;12.01.2024;16;1.0;530;33;524;32;7;36
TE520;12.01.2024;17;1.0;545;36;541;36;4;41
TE520;12.01.2024;18;1.0;525;33;512;33;13;30
TE520;12.01.2024;19;1.0;523;34;522;34;1;40
TE520;12.01.2024;20;1.0;479;44;478;44;1;42
TE520;12.01.2024;21;1.0;448;36;446;36;1;42
TE520;12.01.2024;22;1.0;397;35;395;35;2;42
TE520;12.01.2024;23;1.0;424;37;422;37;2;40
TE520;13.01.2024;0;1.0;398;40;397;40;1;46
TE520;13.01.2024;1;1.0;358;38;356;38;1;44
TE520;13.01.2024;2;1.0;350;42;350;42;0;-1
TE520;13.01.2024;3;1.0;264;35;263;35;1;48
TE520;13.01.2024;4;1.0;195;35;195;35;0;-1
TE520;13.01.2024;5;1.0;226;40;223;40;2;48
TE520;13.01.2024;6;1.0;192;43;191;43;1;48
TE520;13.01.2024;7;1.0;183;47;182;47;1;44
TE520;13.01.2024;8;1.0;180;44;180;44;0;-1
TE520;13.01.2024;9;1.0;291;46;290;46;1;46
TE520;13.01.2024;10;1.0;365;42;362;42;3;46
TE520;13.01.2024;11;1.0;406;41;401;41;4;46
TE520;13.01.2024;12;1.0;466;45;465;45;1;46
TE520;13.01.2024;13;1.0;494;37;491;37;4;34
TE520;13.01.2024;14;1.0;540;40;538;40;2;43
TE520;13.01.2024;15;1.0;594;36;586;37;8;35
TE520;13.01.2024;16;1.0;556;35;551;35;5;25
TE520;13.01.2024;17;1.0;521;31;521;31;0;-1
TE520;13.01.2024;18;1.0;567;31;567;31;0;-1
TE520;13.01.2024;19;1.0;553;33;552;33;1;46
TE520;13.01.2024;20;1.0;496;43;492;43;4;46
TE520;13.01.2024;21;1.0;454;41;452;41;2;44
TE520;13.01.2024;22;1.0;476;42;475;42;1;46
TE520;13.01.2024;23;1.0;466;45;464;45;2;45
TE520;14.01.2024;0;1.0;466;45;464;45;2;46
TE520;14.01.2024;1;1.0;437;38;436;38;1;46
TE520;14.01.2024;2;1.0;398;42;397;42;1;49
TE520;14.01.2024;3;1.0;336;39;336;39;0;-1
TE520;14.01.2024;4;1.0;242;42;242;42;0;-1
TE520;14.01.2024;5;1.0;220;48;218;48;2;50
TE520;14.01.2024;6;1.0;197;40;194;40;2;48
TE520;14.01.2024;7;1.0;121;49;118;49;3;49
TE520;14.01.2024;8;1.0;126;46;126;46;0;-1
TE520;14.01.2024;9;1.0;200;40;199;40;1;51
TE520;14.01.2024;10;1.0;320;47;319;47;1;46
TE520;14.01.2024;11;1.0;421;45;416;45;5;44
TE520;14.01.2024;12;1.0;448;37;446;37;1;46
TE520;14.01.2024;13;1.0;471;42;467;42;4;45
TE520;14.01.2024;14;1.0;518;40;514;40;4;41
TE520;14.01.2024;15;1.0;460;39;456;39;4;44
TE520;14.01.2024;16;1.0;460;35;457;35;2;42
TE520;14.01.2024;17;1.0;490;40;488;40;2;44
TE520;14.01.2024;18;1.0;493;35;487;35;6;37
TE520;14.01.2024;19;1.0;386;37;384;37;2;46
TE520;14.01.2024;20;1.0;316;45;315;45;1;44
TE520;14.01.2024;21;1.0;259;35;259;35;0;-1
TE520;14.01.2024;22;1.0;416;39;409;39;7;33
TE520;14.01.2024;23;1.0;263;38;263;38;0;-1
TE520;15.01.2024;0;1.0;178;44;178;44;0;-1
TE520;15.01.2024;1;1.0;129;43;125;43;3;44
TE520;15.01.2024;2;1.0;93;35;89;35;4;33
TE520;15.01.2024;3;1.0;84;43;82;43;2;45
TE520;15.01.2024;4;1.0;97;47;96;47;1;45
TE520;15.01.2024;5;1.0;262;43;257;43;4;44
TE520;15.01.2024;6;1.0;425;34;417;34;8;34
TE520;15.01.2024;7;1.0;580;38;571;38;10;38
TE520;15.01.2024;8;1.0;585;39;575;39;10;38
TE520;15.01.2024;10;1.0;618;39;593;39;25;41
TE520;15.01.2024;11;1.0;490;44;471;44;19;44
TE520;15.01.2024;12;1.0;486;44;469;44;17;44
TE520;15.01.2024;13;1.0;444;40;437;40;7;37
TE520;15.01.2024;14;1.0;476;40;466;40;10;40
TE520;15.01.2024;15;1.0;488;40;472;40;16;36
TE520;15.01.2024;16;1.0;463;39;455;40;8;21
TE520;15.01.2024;17;1.0;451;38;443;38;8;36
TE520;15.01.2024;18;1.0;455;40;449;40;5;40
TE520;15.01.2024;19;1.0;439;40;434;40;4;42
TE520;15.01.2024;20;1.0;351;45;350;45;1;47
TE520;15.01.2024;21;1.0;310;45;307;45;3;46
TE520;15.01.2024;22;1.0;335;45;334;45;1;47
TE520;15.01.2024;23;1.0;247;46;247;46;0;-1
TE520;16.01.2024;0;1.0;176;47;176;47;0;-1
TE520;16.01.2024;1;1.0;132;44;130;44;2;46
TE520;16.01.2024;2;1.0;89;34;86;34;3;42
TE520;16.01.2024;3;1.0;75;36;72;37;3;35
TE520;16.01.2024;4;1.0;71;35;69;35;2;35
TE520;16.01.2024;5;1.0;218;41;217;41;1;43
TE520;16.01.2024;6;1.0;444;40;443;40;1;37
TE520;16.01.2024;7;1.0;589;34;580;34;9;33
TE520;16.01.2024;8;1.0;655;25;643;25;12;21
TE520;16.01.2024;9;1.0;599;21;576;21;23;24
TE520;16.01.2024;10;1.0;538;35;527;35;11;32
TE520;16.01.2024;11;1.0;515;40;509;40;5;44
TE520;16.01.2024;12;1.0;459;40;446;40;13;40
TE520;16.01.2024;13;1.0;497;43;490;43;7;43
TE520;16.01.2024;14;1.0;464;44;453;44;11;44
TE520;16.01.2024;15;1.0;508;44;495;44;13;43
TE520;16.01.2024;16;1.0;475;41;472;41;3;42
TE520;16.01.2024;17;1.0;463;42;459;42;4;42
TE520;16.01.2024;18;1.0;460;43;456;43;4;43
TE520;16.01.2024;19;1.0;390;44;386;44;4;44
TE520;16.01.2024;20;1.0;381;44;381;44;0;-1
TE520;16.01.2024;21;1.0;298;46;295;46;3;44
TE520;16.01.2024;22;1.0;433;43;428;43;5;43
TE520;16.01.2024;23;1.0;290;44;290;44;0;-1
TE520;17.01.2024;0;1.0;213;44;212;44;1;44
TE520;17.01.2024;1;1.0;172;45;166;45;6;44
TE520;17.01.2024;2;1.0;103;44;99;44;4;42
TE520;17.01.2024;3;1.0;91;44;85;45;6;43
TE520;17.01.2024;4;1.0;97;41;96;41;1;47
TE520;17.01.2024;5;1.0;239;39;228;40;11;37
TE520;17.01.2024;6;1.0;489;37;473;38;15;38
TE520;17.01.2024;7;1.0;573;35;544;35;28;37
TE520;17.01.2024;8;1.0;699;31;663;32;36;23
TE520;17.01.2024;9;1.0;685;39;652;39;33;36
TE520;17.01.2024;10;1.0;481;43;459;43;22;43
TE520;17.01.2024;11;1.0;537;40;509;40;27;41
TE520;17.01.2024;12;1.0;460;43;443;43;17;43
TE520;17.01.2024;13;1.0;447;43;425;43;22;44
TE520;17.01.2024;14;1.0;509;43;492;43;17;43
TE520;17.01.2024;15;1.0;472;44;465;44;7;44
TE520;17.01.2024;16;1.0;459;44;452;44;7;45
TE520;17.01.2024;17;1.0;474;41;470;41;4;42
TE520;17.01.2024;18;1.0;486;42;484;42;2;43
TE520;17.01.2024;19;1.0;403;43;402;43;1;43
TE520;17.01.2024;20;1.0;405;43;405;43;0;-1
TE520;17.01.2024;21;1.0;342;44;340;44;2;43
TE520;17.01.2024;22;1.0;365;45;365;45;0;-1
TE520;17.01.2024;23;1.0;243;46;243;46;0;-1
TE520;18.01.2024;0;1.0;263;47;262;47;1;41
TE520;18.01.2024;1;1.0;174;46;169;46;5;45
TE520;18.01.2024;2;1.0;152;46;147;46;5;44
TE520;18.01.2024;3;1.0;110;46;105;46;5;42
TE520;18.01.2024;4;1.0;109;39;106;39;4;34
TE520;18.01.2024;5;1.0;242;38;232;38;11;39
TE520;18.01.2024;6;1.0;449;36;440;36;8;38
TE520;18.01.2024;7;1.0;609;34;588;34;21;33
TE520;18.01.2024;8;1.0;686;19;632;19;54;19
TE520;18.01.2024;9;1.0;611;34;590;34;20;31
TE520;18.01.2024;10;1.0;492;33;476;33;16;33
TE520;18.01.2024;11;1.0;494;38;479;38;16;37
TE520;18.01.2024;12;1.0;485;36;473;36;12;35
TE520;18.01.2024;13;1.0;535;31;523;31;12;32
TE520;18.01.2024;14;1.0;464;34;455;34;10;31
TE520;18.01.2024;15;1.0;537;40;526;40;11;40
TE520;18.01.2024;16;1.0;548;33;542;33;5;34
TE520;19.01.2024;7;1.0;514;36;498;36;15;36
TE520;19.01.2024;8;1.0;592;32;578;32;14;29
TE520;19.01.2024;9;1.0;490;41;479;41;11;39
TE520;19.01.2024;10;1.0;528;38;514;38;14;38
TE520;19.01.2024;11;1.0;524;40;507;40;17;40
TE520;19.01.2024;12;1.0;563;40;537;40;26;40
TE520;19.01.2024;13;1.0;530;41;508;41;22;42
TE520;19.01.2024;14;1.0;494;40;480;40;14;40
TE520;19.01.2024;15;1.0;505;40;494;40;11;41
TE520;19.01.2024;16;1.0;506;41;495;41;11;42
TE520;19.01.2024;17;1.0;489;41;484;41;5;41
TE520;19.01.2024;18;1.0;543;42;536;42;7;43
TE520;19.01.2024;19;1.0;553;41;551;41;2;41
TE520;19.01.2024;20;1.0;562;40;554;40;8;38
TE520;19.01.2024;21;1.0;468;36;460;36;8;34
TE520;19.01.2024;22;1.0;520;42;520;42;0;-1
TE520;19.01.2024;23;1.0;461;43;459;43;2;42
TE520;20.01.2024;0;1.0;423;41;421;41;2;41
TE520;20.01.2024;1;1.0;444;42;443;42;1;44
TE520;20.01.2024;2;1.0;385;42;383;42;2;45
TE520;20.01.2024;3;1.0;317;44;315;44;2;46
TE520;20.01.2024;4;1.0;241;46;241;46;0;-1
TE520;20.01.2024;5;1.0;231;42;224;42;8;40
TE520;20.01.2024;6;1.0;190;43;182;43;8;41
TE520;20.01.2024;7;1.0;207;40;200;40;8;37
TE520;20.01.2024;8;1.0;237;42;232;42;5;41
TE520;20.01.2024;9;1.0;300;42;286;42;14;43
TE520;20.01.2024;10;1.0;388;44;372;44;16;44
TE520;20.01.2024;11;1.0;458;41;448;41;10;40
TE520;20.01.2024;12;1.0;484;43;470;43;14;43
TE520;20.01.2024;13;1.0;561;41;548;41;13;41
TE520;20.01.2024;14;1.0;535;41;527;41;8;41
TE520;20.01.2024;15;1.0;506;43;498;43;8;42
TE520;20.01.2024;16;1.0;537;40;529;40;8;39
TE520;20.01.2024;17;1.0;538;39;528;39;10;40
TE520;20.01.2024;18;1.0;514;38;506;38;8;39
TE520;20.01.2024;19;1.0;532;40;521;40;11;39
TE520;20.01.2024;20;1.0;506;41;502;41;4;40
TE520;20.01.2024;21;1.0;454;41;451;41;3;43
TE520;20.01.2024;22;1.0;487;40;485;40;2;39
TE520;20.01.2024;23;1.0;515;37;508;37;7;34
TE520;21.01.2024;0;1.0;461;42;456;42;5;42
TE520;21.01.2024;1;1.0;452;43;452;43;0;-1
TE520;21.01.2024;2;1.0;433;43;432;43;1;39
TE520;21.01.2024;3;1.0;387;43;386;43;1;45
TE520;21.01.2024;4;1.0;273;44;272;44;1;45
TE520;21.01.2024;5;1.0;233;46;230;46;3;44
TE520;21.01.2024;6;1.0;198;45;195;45;3;41
TE520;21.01.2024;7;1.0;144;46;144;46;0;-1
TE520;21.01.2024;8;1.0;163;47;162;47;1;47
TE520;21.01.2024;9;1.0;241;46;235;46;6;48
TE520;21.01.2024;10;1.0;296;42;289;42;7;38
TE520;21.01.2024;11;1.0;393;41;384;41;9;39
TE520;21.01.2024;12;1.0;423;39;419;39;4;41
TE520;21.01.2024;13;1.0;463;35;455;35;8;37
TE520;21.01.2024;14;1.0;452;41;443;41;9;42
TE520;21.01.2024;15;1.0;491;37;487;37;4;40
TE520;21.01.2024;16;1.0;520;40;512;40;8;40
TE520;21.01.2024;17;1.0;524;35;515;35;9;33
TE520;21.01.2024;18;1.0;465;43;458;43;7;42
TE520;21.01.2024;19;1.0;432;42;430;42;2;42
TE520;21.01.2024;20;1.0;356;42;349;42;7;42
TE520;21.01.2024;21;1.0;328;42;326;42;2;42
TE520;21.01.2024;22;1.0;270;43;268;43;2;42
TE520;21.01.2024;23;1.0;226;38;223;38;3;40
TE520;22.01.2024;0;1.0;161;43;159;43;2;43
TE520;22.01.2024;1;1.0;153;42;149;42;4;42
TE520;22.01.2024;2;1.0;96;40;89;40;7;37
TE520;22.01.2024;3;1.0;77;41;75;41;2;44
TE520;22.01.2024;4;1.0;82;41;80;41;2;45
TE520;23.01.2024;7;1.0;554;32;533;32;21;31
TE520;23.01.2024;9;1.0;541;18;506;19;35;16
TE520;23.01.2024;10;1.0;525;38;483;38;42;36
TE520;23.01.2024;11;1.0;531;40;484;40;47;40
TE520;23.01.2024;12;1.0;518;40;486;40;32;40
TE520;23.01.2024;13;1.0;483;39;451;39;32;38
TE520;23.01.2024;14;1.0;507;40;475;40;32;39
TE520;23.01.2024;15;1.0;465;41;446;41;19;42
TE520;23.01.2024;16;1.0;518;34;499;34;20;33
TE520;23.01.2024;17;1.0;458;36;447;36;11;36
TE520;23.01.2024;18;1.0;508;35;499;35;10;35
TE520;23.01.2024;19;1.0;461;40;448;40;13;39
TE520;23.01.2024;20;1.0;416;39;413;39;3;39
TE520;23.01.2024;21;1.0;353;41;349;41;4;40
TE520;23.01.2024;22;1.0;307;43;305;43;2;43
TE520;23.01.2024;23;1.0;250;44;248;44;2;44
TE520;24.01.2024;0;1.0;209;47;209;47;0;-1
TE520;24.01.2024;1;1.0;159;48;154;48;5;51
TE520;24.01.2024;2;1.0;112;46;109;46;3;50
TE520;24.01.2024;3;1.0;81;45;75;45;6;49
TE520;24.01.2024;4;1.0;89;45;86;45;3;43
TE520;24.01.2024;5;1.0;243;44;228;44;15;45
TE520;24.01.2024;6;1.0;575;39;527;38;48;39
TE520;24.01.2024;7;1.0;563;21;513;21;50;17
TE520;24.01.2024;8;1.0;462;16;418;16;44;14
TE520;24.01.2024;9;1.0;556;16;515;17;41;16
TE520;24.01.2024;10;1.0;556;24;518;24;38;27
TE520;24.01.2024;11;1.0;519;38;472;38;47;38
TE520;24.01.2024;12;1.0;492;37;445;37;47;36
TE520;24.01.2024;13;1.0;501;35;460;35;40;31
TE520;24.01.2024;14;1.0;542;36;497;36;45;36
TE520;24.01.2024;15;1.0;503;35;470;35;33;36
TE520;24.01.2024;16;1.0;543;36;493;36;50;32
TE520;24.01.2024;17;1.0;433;14;416;14;17;11
TE520;24.01.2024;18;1.0;509;34;493;34;16;25
TE520;24.01.2024;19;1.0;480;41;471;41;9;42
TE520;24.01.2024;20;1.0;383;42;379;42;4;42
TE520;24.01.2024;21;1.0;370;42;369;42;1;41
TE520;24.01.2024;22;1.0;335;43;333;43;2;43
TE520;24.01.2024;23;1.0;303;41;299;41;4;43
TE520;25.01.2024;0;1.0;246;43;243;43;3;42
TE520;25.01.2024;1;1.0;192;43;186;43;6;43
TE520;25.01.2024;2;1.0;128;44;119;44;9;43
TE520;25.01.2024;3;1.0;110;45;101;45;9;44
TE520;25.01.2024;4;1.0;76;42;70;41;7;38
TE520;25.01.2024;5;1.0;252;40;237;40;15;41
TE520;25.01.2024;6;1.0;579;36;527;36;52;34
TE520;25.01.2024;7;1.0;629;29;592;29;37;29
TE520;25.01.2024;8;1.0;569;22;536;22;31;19
TE520;25.01.2024;9;1.0;530;16;502;16;28;16
TE520;25.01.2024;10;1.0;499;36;480;36;19;38
TE520;25.01.2024;11;1.0;542;43;511;43;31;41
TE520;25.01.2024;12;1.0;502;44;484;44;18;44
TE520;25.01.2024;13;1.0;538;41;514;41;24;40
TE520;25.01.2024;14;1.0;572;37;532;36;40;38
TE520;25.01.2024;15;1.0;519;27;496;27;23;21
TE520;25.01.2024;16;1.0;389;14;372;14;17;14
TE520;25.01.2024;17;1.0;442;24;425;25;17;16
TE520;25.01.2024;18;1.0;521;31;509;31;12;16
TE520;25.01.2024;19;1.0;443;36;440;36;3;32
TE520;25.01.2024;20;1.0;496;40;485;41;11;27
TE520;25.01.2024;21;1.0;432;43;431;43;1;25
TE520;25.01.2024;22;1.0;466;39;462;39;4;40
TE520;25.01.2024;23;1.0;392;39;385;39;7;38
TE520;26.01.2024;0;1.0;338;39;335;39;3;39
TE520;26.01.2024;1;1.0;255;41;251;41;4;39
TE520;26.01.2024;2;1.0;180;41;173;41;7;40
TE520;26.01.2024;3;1.0;121;43;116;43;5;44
TE520;26.01.2024;4;1.0;108;44;103;44;5;42
TE520;26.01.2024;5;1.0;264;46;248;46;16;46
TE520;26.01.2024;6;1.0;521;39;502;39;20;38
TE520;26.01.2024;7;1.0;576;29;548;30;28;22
TE520;26.01.2024;8;1.0;600;33;552;33;48;34
TE520;26.01.2024;9;1.0;491;32;480;32;11;34
TE520;26.01.2024;10;1.0;553;32;538;32;15;33
TE520;26.01.2024;11;1.0;543;43;518;43;25;44
TE520;26.01.2024;12;1.0;553;35;526;35;27;34
TE520;26.01.2024;14;1.0;493;29;463;29;30;20
TE520;26.01.2024;15;1.0;430;29;422;29;8;18
TE520;26.01.2024;16;1.0;515;31;504;31;11;30
TE520;26.01.2024;17;1.0;491;35;487;35;4;40
TE520;26.01.2024;18;1.0;529;38;518;38;11;38
TE520;26.01.2024;19;1.0;596;38;584;38;12;31
TE520;26.01.2024;20;1.0;541;40;536;40;5;42
TE520;26.01.2024;21;1.0;477;36;477;36;0;-1
TE520;26.01.2024;22;1.0;476;38;472;38;4;40
TE520;26.01.2024;23;1.0;489;37;488;37;1;37
TE520;27.01.2024;0;1.0;500;41;498;41;2;41
TE520;27.01.2024;1;1.0;424;41;423;41;1;41
TE520;27.01.2024;2;1.0;401;38;401;38;0;-1
TE520;27.01.2024;3;1.0;290;39;287;39;3;43
TE520;27.01.2024;4;1.0;250;39;250;39;0;-1
TE520;27.01.2024;5;1.0;240;39;236;39;4;39
TE520;27.01.2024;6;1.0;225;47;221;47;4;44
TE520;27.01.2024;7;1.0;226;45;219;45;7;45
TE520;27.01.2024;8;1.0;234;47;224;47;10;48
TE520;27.01.2024;9;1.0;347;46;340;46;7;43
TE520;27.01.2024;10;1.0;342;46;336;46;6;45
TE520;27.01.2024;11;1.0;498;43;482;43;16;44
TE520;27.01.2024;12;1.0;530;43;520;43;10;45
TE520;27.01.2024;13;1.0;569;40;551;40;18;36
TE520;27.01.2024;14;1.0;531;29;501;30;30;18
TE520;27.01.2024;15;1.0;576;37;564;37;12;33
TE520;27.01.2024;16;1.0;541;34;526;34;15;24
TE520;27.01.2024;17;1.0;512;28;493;28;19;19
TE520;27.01.2024;18;1.0;563;38;548;38;15;37
TE520;27.01.2024;19;1.0;566;37;563;37;3;37
TE520;27.01.2024;20;1.0;546;39;545;39;1;38
TE520;27.01.2024;21;1.0;495;39;492;39;3;39
TE520;27.01.2024;22;1.0;557;37;555;37;2;35
TE520;27.01.2024;23;1.0;529;35;526;35;3;37
TE520;28.01.2024;0;1.0;502;36;497;36;4;42
TE520;28.01.2024;1;1.0;474;40;472;40;2;40
TE520;28.01.2024;2;1.0;413;41;413;41;0;-1
TE520;28.01.2024;3;1.0;370;40;370;40;0;-1
TE520;28.01.2024;4;1.0;304;43;303;43;1;41
TE520;28.01.2024;5;1.0;240;43;238;43;2;42
TE520;28.01.2024;12;1.0;507;41;499;41;8;41
TE520;28.01.2024;13;1.0;521;41;519;41;2;41
TE520;28.01.2024;14;1.0;537;39;531;39;6;41
TE520;28.01.2024;15;1.0;515;40;512;40;3;40
TE520;28.01.2024;16;1.0;554;28;535;28;19;23
TE520;28.01.2024;17;1.0;553;36;546;36;7;29
TE520;28.01.2024;18;1.0;544;37;539;37;5;34
TE520;28.01.2024;19;1.0;436;36;434;36;2;42
TE520;28.01.2024;20;1.0;444;37;443;37;1;38
TE520;28.01.2024;21;1.0;355;40;351;40;4;38
TE520;28.01.2024;22;1.0;290;40;286;40;4;42
TE520;28.01.2024;23;1.0;244;41;243;41;1;40
TE520;29.01.2024;0;1.0;195;41;193;41;2;44
TE520;29.01.2024;1;1.0;136;41;127;41;9;41
TE520;29.01.2024;2;1.0;118;40;111;40;7;38
TE520;29.01.2024;3;1.0;75;43;70;44;5;39
TE520;29.01.2024;4;1.0;63;43;59;44;4;41
TE520;29.01.2024;5;1.0;239;43;230;43;9;41
TE520;29.01.2024;6;1.0;552;40;528;40;24;40
TE520;29.01.2024;7;1.0;563;38;535;38;28;37
TE520;29.01.2024;8;1.0;677;34;644;34;33;36
TE520;29.01.2024;9;1.0;594;39;576;39;18;39
TE520;29.01.2024;10;1.0;512;38;474;38;38;39
TE520;29.01.2024;11;1.0;474;41;438;41;36;41
TE520;29.01.2024;12;1.0;475;41;438;41;37;40
TE520;29.01.2024;13;1.0;515;41;478;41;37;41
TE520;29.01.2024;14;1.0;465;40;434;40;31;40
TE520;29.01.2024;15;1.0;506;38;483;38;23;38
TE520;29.01.2024;16;1.0;474;39;459;39;15;40
TE520;29.01.2024;17;1.0;447;39;441;39;6;39
TE520;29.01.2024;18;1.0;476;35;465;35;11;34
TE520;29.01.2024;19;1.0;374;36;372;36;2;38
TE520;29.01.2024;20;1.0;344;36;340;36;3;41
TE520;29.01.2024;21;1.0;302;37;300;37;2;40
TE520;29.01.2024;22;1.0;305;40;304;40;1;40
TE520;29.01.2024;23;1.0;225;41;221;41;4;40
TE520;30.01.2024;0;1.0;184;43;182;43;2;42
TE520;30.01.2024;1;1.0;120;41;115;41;5;40
TE520;30.01.2024;2;1.0;106;41;100;41;6;40
TE520;30.01.2024;3;1.0;84;44;80;44;4;46
TE520;30.01.2024;4;1.0;85;45;81;45;4;47
TE520;30.01.2024;5;1.0;218;45;210;45;8;46
TE520;30.01.2024;6;1.0;471;41;445;41;26;41
TE520;30.01.2024;7;1.0;574;41;554;41;20;40
TE520;30.01.2024;8;1.0;625;27;607;27;18;23
TE520;30.01.2024;9;1.0;557;26;524;26;34;26
TE520;30.01.2024;10;1.0;542;41;517;41;25;40
TE520;30.01.2024;11;1.0;485;41;451;41;34;40
TE520;30.01.2024;12;1.0;527;37;502;37;25;35
TE520;30.01.2024;13;1.0;525;41;503;41;22;39
TE520;30.01.2024;14;1.0;545;37;514;37;32;36
TE520;30.01.2024;15;1.0;504;41;483;41;21;41
TE520;30.01.2024;16;1.0;504;36;494;36;10;36
TE520;30.01.2024;17;1.0;457;37;449;37;8;35
TE520;30.01.2024;18;1.0;484;37;480;37;4;42
TE520;30.01.2024;19;1.0;421;41;415;41;6;42
TE520;30.01.2024;20;1.0;385;42;380;42;5;42
TE520;30.01.2024;21;1.0;354;42;349;42;5;44
TE520;30.01.2024;22;1.0;284;42;279;42;5;42
TE520;30.01.2024;23;1.0;252;42;248;42;4;42
TE520;31.01.2024;0;1.0;203;42;203;42;0;-1
TE520;31.01.2024;1;1.0;170;44;161;44;9;41
TE520;31.01.2024;2;1.0;122;44;117;44;5;44
TE520;31.01.2024;3;1.0;83;44;76;43;7;44
TE520;31.01.2024;4;1.0;85;44;80;44;5;42
TE520;31.01.2024;5;1.0;223;45;217;45;6;45
TE520;31.01.2024;6;1.0;475;43;464;43;11;42
TE520;31.01.2024;7;1.0;529;42;517;42;12;43
TE520;31.01.2024;8;1.0;561;26;538;26;23;31
TE520;31.01.2024;9;1.0;593;30;565;30;28;29
TE520;31.01.2024;10;1.0;545;42;520;42;25;41
TE520;31.01.2024;11;1.0;468;40;441;40;27;37
TE520;31.01.2024;12;1.0;500;39;481;39;19;39
TE520;31.01.2024;13;1.0;509;43;487;43;22;42
TE520;31.01.2024;14;1.0;529;43;519;43;10;43
TE520;31.01.2024;15;1.0;540;36;528;36;12;36
TE520;31.01.2024;16;1.0;538;35;527;35;11;31
TE520;31.01.2024;17;1.0;485;39;478;38;8;39
TE520;31.01.2024;18;1.0;524;38;512;38;12;32
TE520;31.01.2024;19;1.0;461;40;460;40;1;33
TE520;31.01.2024;20;1.0;382;41;382;41;0;-1
TE520;31.01.2024;21;1.0;334;46;331;46;3;45
TE520;31.01.2024;22;1.0;312;45;312;45;0;-1
TE520;31.01.2024;23;1.0;287;47;287;47;0;-1
TE521;01.01.2024;0;1.0;54;52;48;53;6;50
TE521;01.01.2024;1;1.0;154;57;147;57;7;55
TE521;01.01.2024;2;1.0;229;55;209;55;20;55
TE521;01.01.2024;3;1.0;160;56;138;56;22;53
TE521;01.01.2024;4;1.0;98;53;93;53;5;49
TE521;01.01.2024;5;1.0;76;57;73;57;3;60
TE521;01.01.2024;6;1.0;72;57;68;56;4;63
TE521;01.01.2024;7;1.0;57;59;55;59;2;62
TE521;01.01.2024;8;1.0;66;56;60;56;6;50
TE521;01.01.2024;9;1.0;75;55;66;55;9;52
TE521;01.01.2024;10;1.0;124;54;115;55;9;51
TE521;01.01.2024;11;1.0;167;56;157;56;10;53
TE521;01.01.2024;12;1.0;234;55;219;55;15;56
TE521;01.01.2024;13;1.0;324;52;304;52;20;53
TE521;01.01.2024;14;1.0;389;54;381;54;8;53
TE521;01.01.2024;15;1.0;358;54;346;54;12;54
TE521;01.01.2024;16;1.0;377;53;357;53;20;54
TE521;01.01.2024;17;1.0;390;52;378;52;12;52
TE521;01.01.2024;18;1.0;310;55;301;55;9;52
TE521;01.01.2024;19;1.0;240;56;231;56;9;54
TE521;01.01.2024;20;1.0;165;52;157;51;8;54
TE521;01.01.2024;21;1.0;150;56;147;56;3;52
TE521;01.01.2024;22;1.0;124;55;120;55;4;52
TE521;01.01.2024;23;1.0;89;55;83;55;6;50
TE521;02.01.2024;0;1.0;49;59;47;59;2;60
TE521;02.01.2024;1;1.0;26;58;21;59;5;52
TE521;02.01.2024;2;1.0;37;55;30;56;7;56
TE521;02.01.2024;3;1.0;26;53;22;54;4;48
TE521;02.01.2024;4;1.0;85;53;77;52;8;55
TE521;02.01.2024;5;1.0;234;52;223;52;11;51
TE521;02.01.2024;6;1.0;403;54;388;54;15;52
TE521;02.01.2024;7;1.0;480;54;461;54;19;54
TE521;02.01.2024;8;1.0;505;56;488;56;17;55
TE521;02.01.2024;9;1.0;422;59;403;59;19;59
TE521;02.01.2024;10;1.0;459;56;440;56;19;56
TE521;02.01.2024;11;1.0;613;56;587;56;26;57
TE521;02.01.2024;12;1.0;515;59;499;59;16;56
TE521;02.01.2024;13;1.0;584;58;571;58;13;59
TE521;02.01.2024;14;1.0;673;58;653;58;20;56
TE521;02.01.2024;15;1.0;688;58;675;58;13;61
TE521;02.01.2024;16;1.0;681;58;658;58;23;58
TE521;02.01.2024;17;1.0;584;57;564;57;20;59
TE521;02.01.2024;18;1.0;490;59;476;59;14;58
TE521;02.01.2024;19;1.0;298;58;292;58;6;57
TE521;02.01.2024;20;1.0;246;56;237;56;9;53
TE521;02.01.2024;21;1.0;183;55;180;55;3;52
TE521;02.01.2024;22;1.0;163;55;159;55;4;55
TE521;02.01.2024;23;1.0;102;55;99;55;3;55
TE521;03.01.2024;0;1.0;69;55;63;55;6;55
TE521;03.01.2024;1;1.0;37;55;34;55;3;47
TE521;03.01.2024;2;1.0;19;52;15;55;4;42
TE521;03.01.2024;3;1.0;22;55;18;52;4;68
TE521;03.01.2024;4;1.0;74;49;70;50;4;46
TE521;03.01.2024;5;1.0;263;51;257;51;6;51
TE521;03.01.2024;6;1.0;492;52;457;52;35;53
TE521;03.01.2024;7;1.0;549;51;509;51;40;50
TE521;03.01.2024;8;1.0;585;52;543;52;42;52
TE521;03.01.2024;9;1.0;501;52;462;52;39;52
TE521;03.01.2024;10;1.0;519;52;483;52;36;51
TE521;03.01.2024;11;1.0;547;53;507;53;40;52
TE521;03.01.2024;12;1.0;548;53;502;53;46;52
TE521;03.01.2024;13;1.0;543;55;516;55;27;55
TE521;03.01.2024;14;1.0;741;53;705;53;36;53
TE521;03.01.2024;15;1.0;706;50;676;50;30;53
TE521;03.01.2024;16;1.0;690;53;672;53;18;52
TE521;03.01.2024;17;1.0;813;51;792;51;21;48
TE521;03.01.2024;18;1.0;520;53;502;53;18;51
TE521;03.01.2024;19;1.0;334;53;324;53;10;50
TE521;03.01.2024;20;1.0;235;54;225;54;10;55
TE521;03.01.2024;21;1.0;216;56;211;56;5;57
TE521;03.01.2024;22;1.0;176;56;171;56;5;53
TE521;03.01.2024;23;1.0;114;52;108;53;6;47
TE521;04.01.2024;0;1.0;64;56;59;56;5;49
TE521;04.01.2024;1;1.0;37;57;32;57;5;57
TE521;04.01.2024;2;1.0;20;56;16;58;4;48
TE521;04.01.2024;3;1.0;26;51;21;51;5;49
TE521;04.01.2024;4;1.0;68;58;63;58;5;49
TE521;04.01.2024;5;1.0;253;56;247;56;6;57
TE521;04.01.2024;6;1.0;478;59;448;59;30;59
TE521;04.01.2024;7;1.0;591;59;558;59;33;57
TE521;04.01.2024;8;1.0;649;55;628;55;21;56
TE521;04.01.2024;9;1.0;523;54;501;54;22;53
TE521;04.01.2024;10;1.0;490;57;458;57;32;55
TE521;04.01.2024;11;1.0;527;56;484;56;43;55
TE521;04.01.2024;12;1.0;541;58;522;58;19;57
TE521;04.01.2024;13;1.0;598;57;576;57;22;56
TE521;04.01.2024;14;1.0;699;54;676;54;23;53
TE521;04.01.2024;15;1.0;770;56;751;56;19;59
TE521;04.01.2024;16;1.0;710;55;694;55;16;54
TE521;04.01.2024;17;1.0;693;54;665;54;28;56
TE521;04.01.2024;18;1.0;503;58;494;58;9;58
TE521;04.01.2024;19;1.0;350;57;341;57;9;57
TE521;04.01.2024;20;1.0;246;59;238;59;8;56
TE521;04.01.2024;21;1.0;186;61;183;61;3;61
TE521;04.01.2024;22;1.0;182;58;177;58;5;58
TE521;04.01.2024;23;1.0;109;57;104;57;5;59
TE521;05.01.2024;0;1.0;64;58;60;59;4;53
TE521;05.01.2024;1;1.0;33;62;30;63;3;59
TE521;05.01.2024;2;1.0;30;58;28;59;2;51
TE521;05.01.2024;3;1.0;31;61;28;60;3;68
TE521;05.01.2024;4;1.0;70;58;64;58;6;56
TE521;05.01.2024;5;1.0;249;59;243;59;6;54
TE521;05.01.2024;6;1.0;444;58;423;58;21;58
TE521;05.01.2024;7;1.0;553;56;527;56;26;56
TE521;05.01.2024;8;1.0;535;56;524;56;11;53
TE521;05.01.2024;9;1.0;494;58;482;58;12;57
TE521;05.01.2024;10;1.0;458;58;444;58;14;58
TE521;05.01.2024;11;1.0;502;58;480;58;22;57
TE521;05.01.2024;12;1.0;521;56;489;56;32;56
TE521;05.01.2024;13;1.0;644;56;616;56;28;56
TE521;05.01.2024;14;1.0;796;55;778;55;18;53
TE521;05.01.2024;15;1.0;758;55;735;55;23;55
TE521;05.01.2024;16;1.0;676;55;659;55;17;56
TE521;05.01.2024;17;1.0;568;55;556;55;12;53
TE521;05.01.2024;18;1.0;492;58;478;58;14;56
TE521;05.01.2024;19;1.0;410;58;403;58;7;57
TE521;05.01.2024;20;1.0;286;59;278;59;8;59
TE521;05.01.2024;21;1.0;243;61;238;61;5;55
TE521;05.01.2024;22;1.0;240;59;237;59;3;56
TE521;05.01.2024;23;1.0;140;59;136;59;4;53
TE521;06.01.2024;0;1.0;88;59;83;59;5;57
TE521;06.01.2024;1;1.0;54;63;51;62;3;68
TE521;06.01.2024;2;1.0;50;59;48;59;2;58
TE521;06.01.2024;3;1.0;37;60;34;60;3;65
TE521;06.01.2024;4;1.0;48;58;45;58;3;51
TE521;06.01.2024;5;1.0;82;60;78;60;4;55
TE521;06.01.2024;6;1.0;96;61;93;61;3;56
TE521;06.01.2024;7;1.0;156;57;145;58;11;53
TE521;06.01.2024;8;1.0;184;59;174;59;10;56
TE521;06.01.2024;9;1.0;282;59;268;59;14;58
TE521;06.01.2024;10;1.0;386;57;374;57;12;54
TE521;06.01.2024;11;1.0;467;56;458;56;9;55
TE521;06.01.2024;12;1.0;570;56;555;56;15;55
TE521;06.01.2024;13;1.0;594;56;576;56;18;55
TE521;06.01.2024;14;1.0;669;56;654;56;15;55
TE521;06.01.2024;15;1.0;631;55;618;55;13;53
TE521;06.01.2024;16;1.0;561;57;551;57;10;58
TE521;06.01.2024;17;1.0;531;56;522;56;9;54
TE521;06.01.2024;18;1.0;428;57;418;57;10;55
TE521;06.01.2024;19;1.0;338;58;330;58;8;57
TE521;06.01.2024;20;1.0;271;57;263;57;8;54
TE521;06.01.2024;21;1.0;203;57;197;57;6;54
TE521;06.01.2024;22;1.0;189;52;186;52;3;50
TE521;06.01.2024;23;1.0;142;54;138;54;4;50
TE521;07.01.2024;0;1.0;99;58;94;58;5;60
TE521;07.01.2024;1;1.0;87;59;85;58;2;70
TE521;07.01.2024;2;1.0;46;58;42;57;4;59
TE521;07.01.2024;3;1.0;41;60;40;60;1;52
TE521;07.01.2024;4;1.0;39;51;37;51;2;48
TE521;07.01.2024;5;1.0;52;52;48;52;4;42
TE521;07.01.2024;6;1.0;71;52;69;52;2;38
TE521;07.01.2024;7;1.0;55;55;52;55;3;59
TE521;07.01.2024;8;1.0;74;60;71;60;3;57
TE521;07.01.2024;9;1.0;152;58;147;58;5;56
TE521;07.01.2024;10;1.0;203;59;199;59;4;58
TE521;07.01.2024;11;1.0;286;58;280;58;6;55
TE521;07.01.2024;12;1.0;336;59;329;59;7;60
TE521;07.01.2024;13;1.0;381;58;370;58;11;57
TE521;07.01.2024;14;1.0;453;58;444;58;9;58
TE521;07.01.2024;15;1.0;455;58;449;58;6;59
TE521;07.01.2024;16;1.0;450;58;443;58;7;56
TE521;07.01.2024;17;1.0;417;59;410;59;7;53
TE521;07.01.2024;18;1.0;386;60;378;60;8;59
TE521;07.01.2024;19;1.0;310;60;302;60;8;57
TE521;07.01.2024;20;1.0;248;59;241;59;7;56
TE521;07.01.2024;21;1.0;193;53;188;53;5;56
TE521;07.01.2024;22;1.0;141;52;136;52;5;52
TE521;07.01.2024;23;1.0;95;52;92;52;3;52
TE521;08.01.2024;0;1.0;66;54;59;54;7;53
TE521;08.01.2024;1;1.0;33;58;32;58;1;59
TE521;08.01.2024;2;1.0;41;50;32;52;9;45
TE521;08.01.2024;3;1.0;29;54;24;53;5;55
TE521;08.01.2024;4;1.0;92;54;82;54;10;54
TE521;08.01.2024;5;1.0;324;53;315;53;9;53
TE521;08.01.2024;6;1.0;475;52;454;52;21;53
TE521;08.01.2024;7;1.0;705;51;677;51;28;50
TE521;08.01.2024;8;1.0;664;51;647;51;17;51
TE521;08.01.2024;9;1.0;543;52;514;52;29;52
TE521;08.01.2024;10;1.0;469;53;443;53;26;53
TE521;08.01.2024;11;1.0;420;54;393;54;27;52
TE521;08.01.2024;12;1.0;468;54;439;54;29;53
TE521;08.01.2024;13;1.0;500;55;479;55;21;53
TE521;08.01.2024;14;1.0;675;53;647;53;28;53
TE521;08.01.2024;15;1.0;751;51;733;51;18;51
TE521;08.01.2024;16;1.0;729;51;718;51;11;52
TE521;08.01.2024;17;1.0;610;51;595;51;15;49
TE521;08.01.2024;18;1.0;523;52;510;52;13;50
TE521;08.01.2024;19;1.0;330;53;323;53;7;52
TE521;08.01.2024;20;1.0;248;53;238;54;10;49
TE521;08.01.2024;21;1.0;167;52;162;52;5;48
TE521;08.01.2024;22;1.0;183;53;179;53;4;51
TE521;08.01.2024;23;1.0;79;55;76;55;3;55
TE521;09.01.2024;0;1.0;35;55;31;55;4;60
TE521;09.01.2024;1;1.0;23;49;21;49;2;54
TE521;09.01.2024;2;1.0;20;56;18;55;2;63
TE521;09.01.2024;3;1.0;29;54;26;54;3;58
TE521;09.01.2024;4;1.0;66;55;62;55;4;64
TE521;09.01.2024;5;1.0;289;55;281;55;8;52
TE521;09.01.2024;6;1.0;621;53;604;53;17;52
TE521;09.01.2024;7;1.0;813;51;787;51;26;50
TE521;09.01.2024;8;1.0;959;47;924;47;35;45
TE521;09.01.2024;9;1.0;641;53;616;53;25;52
TE521;09.01.2024;10;1.0;462;55;438;55;24;55
TE521;09.01.2024;11;1.0;486;55;459;55;27;54
TE521;09.01.2024;12;1.0;529;53;502;53;27;53
TE521;09.01.2024;13;1.0;574;54;542;54;32;53
TE521;09.01.2024;14;1.0;698;51;678;51;20;51
TE521;09.01.2024;15;1.0;818;49;794;49;24;48
TE521;09.01.2024;16;1.0;773;48;761;48;12;47
TE521;09.01.2024;17;1.0;722;49;705;49;17;47
TE521;09.01.2024;18;1.0;570;50;557;50;13;51
TE521;09.01.2024;19;1.0;416;53;408;53;8;52
TE521;09.01.2024;20;1.0;248;55;240;55;8;51
TE521;10.01.2024;11;1.0;541;53;510;53;31;52
TE521;10.01.2024;12;1.0;561;52;537;52;24;50
TE521;10.01.2024;13;1.0;628;50;600;50;28;50
TE521;10.01.2024;14;1.0;647;38;627;38;20;38
TE521;10.01.2024;15;1.0;799;49;782;49;17;47
TE521;10.01.2024;16;1.0;787;51;776;51;11;50
TE521;10.01.2024;17;1.0;723;49;710;49;13;49
TE521;10.01.2024;18;1.0;641;49;632;49;9;50
TE521;10.01.2024;19;1.0;391;51;386;51;5;50
TE521;10.01.2024;20;1.0;302;52;291;52;11;47
TE521;10.01.2024;21;1.0;221;41;216;41;5;47
TE521;11.01.2024;9;1.0;594;57;536;57;58;57
TE521;11.01.2024;10;1.0;502;59;493;59;9;54
TE521;11.01.2024;11;1.0;546;58;539;58;7;57
TE521;11.01.2024;12;1.0;550;58;541;58;9;58
TE521;11.01.2024;13;1.0;635;57;627;57;8;53
TE521;11.01.2024;14;1.0;707;55;699;55;8;54
TE521;11.01.2024;15;1.0;790;56;766;56;24;56
TE521;11.01.2024;16;1.0;781;54;746;54;35;55
TE521;11.01.2024;17;1.0;705;52;679;52;26;52
TE521;11.01.2024;18;1.0;609;52;598;52;11;52
TE521;11.01.2024;19;1.0;434;55;425;55;9;51
TE521;11.01.2024;20;1.0;273;55;266;55;7;51
TE521;11.01.2024;21;1.0;207;57;204;57;3;54
TE521;11.01.2024;22;1.0;230;56;226;56;4;54
TE521;11.01.2024;23;1.0;113;55;108;54;5;54
TE521;12.01.2024;0;1.0;72;56;66;56;6;54
TE521;12.01.2024;1;1.0;32;58;28;58;4;62
TE521;12.01.2024;2;1.0;24;55;22;56;2;46
TE521;12.01.2024;3;1.0;40;54;34;53;6;60
TE521;12.01.2024;4;1.0;72;57;62;56;10;59
TE521;12.01.2024;5;1.0;299;55;295;55;4;54
TE521;12.01.2024;6;1.0;540;54;531;54;9;54
TE521;12.01.2024;7;1.0;690;53;675;53;15;50
TE521;12.01.2024;8;1.0;698;54;689;54;9;54
TE521;12.01.2024;9;1.0;523;53;508;53;15;54
TE521;12.01.2024;10;1.0;494;54;481;54;13;52
TE521;12.01.2024;11;1.0;562;56;551;56;11;56
TE521;12.01.2024;12;1.0;580;56;567;56;13;56
TE521;12.01.2024;13;1.0;699;57;689;57;10;58
TE521;12.01.2024;14;1.0;805;55;798;55;7;53
TE521;12.01.2024;15;1.0;773;56;759;56;14;55
TE521;12.01.2024;16;1.0;775;55;767;55;8;54
TE521;12.01.2024;17;1.0;685;55;676;55;9;52
TE521;12.01.2024;18;1.0;553;55;545;55;8;55
TE521;12.01.2024;19;1.0;401;59;396;59;5;56
TE521;12.01.2024;20;1.0;316;58;308;58;8;55
TE521;12.01.2024;21;1.0;223;59;219;59;4;54
TE521;12.01.2024;22;1.0;225;57;222;57;3;56
TE521;12.01.2024;23;1.0;149;56;145;56;4;58
TE521;13.01.2024;0;1.0;99;57;95;57;4;54
TE521;13.01.2024;1;1.0;72;58;68;58;4;56
TE521;13.01.2024;2;1.0;46;57;43;57;3;52
TE521;13.01.2024;3;1.0;43;59;40;59;3;59
TE521;13.01.2024;4;1.0;54;57;52;57;2;61
TE521;13.01.2024;5;1.0;77;57;74;58;3;53
TE521;13.01.2024;6;1.0;86;58;84;58;2;60
TE521;13.01.2024;7;1.0;118;57;114;57;4;48
TE521;13.01.2024;8;1.0;198;58;189;58;9;53
TE521;13.01.2024;9;1.0;301;61;295;61;6;58
TE521;13.01.2024;10;1.0;404;60;395;60;9;57
TE521;13.01.2024;11;1.0;520;58;510;58;10;58
TE521;13.01.2024;12;1.0;596;57;585;57;11;52
TE521;13.01.2024;13;1.0;571;58;564;58;7;56
TE521;13.01.2024;14;1.0;714;57;705;57;9;57
TE521;13.01.2024;15;1.0;621;58;613;58;8;56
TE521;13.01.2024;16;1.0;590;58;584;58;6;58
TE521;13.01.2024;17;1.0;486;57;478;57;8;58
TE521;13.01.2024;18;1.0;434;58;423;58;11;58
TE521;13.01.2024;19;1.0;338;59;330;59;8;57
TE521;13.01.2024;20;1.0;220;59;212;59;8;58
TE521;13.01.2024;21;1.0;189;61;183;61;6;58
TE521;13.01.2024;22;1.0;198;60;194;60;4;58
TE521;13.01.2024;23;1.0;166;58;162;58;4;59
TE521;14.01.2024;0;1.0;101;62;97;62;4;56
TE521;14.01.2024;1;1.0;97;60;93;61;4;57
TE521;14.01.2024;2;1.0;56;62;54;62;2;67
TE521;14.01.2024;3;1.0;50;65;48;66;2;61
TE521;14.01.2024;4;1.0;40;56;37;57;3;57
TE521;14.01.2024;5;1.0;64;59;58;58;6;68
TE521;14.01.2024;6;1.0;71;57;68;57;3;54
TE521;14.01.2024;7;1.0;63;58;61;58;2;53
TE521;14.01.2024;8;1.0;81;60;75;60;6;49
TE521;14.01.2024;9;1.0;131;58;127;58;4;55
TE521;14.01.2024;10;1.0;237;60;231;60;6;56
TE521;14.01.2024;11;1.0;291;57;285;57;6;54
TE521;14.01.2024;12;1.0;306;58;296;58;10;57
TE521;14.01.2024;13;1.0;437;59;430;59;7;57
TE521;14.01.2024;14;1.0;453;59;446;59;7;59
TE521;14.01.2024;15;1.0;463;57;451;58;12;57
TE521;14.01.2024;16;1.0;419;57;409;57;10;57
TE521;14.01.2024;17;1.0;441;59;433;59;8;60
TE521;14.01.2024;18;1.0;418;58;410;58;8;57
TE521;14.01.2024;19;1.0;313;60;307;60;6;62
TE521;14.01.2024;20;1.0;235;55;228;55;7;48
TE521;14.01.2024;21;1.0;159;61;156;61;3;56
TE521;14.01.2024;22;1.0;162;59;156;59;6;62
TE521;14.01.2024;23;1.0;90;59;86;59;4;58
TE521;15.01.2024;0;1.0;43;61;40;61;3;58
TE521;15.01.2024;1;1.0;27;62;25;62;2;64
TE521;15.01.2024;2;1.0;23;59;21;59;2;64
TE521;15.01.2024;3;1.0;30;56;28;55;2;64
TE521;15.01.2024;4;1.0;78;58;75;58;3;46
TE521;15.01.2024;5;1.0;290;59;284;59;6;57
TE521;15.01.2024;6;1.0;748;55;717;55;31;54
TE521;15.01.2024;7;1.0;854;53;832;53;22;53
TE521;15.01.2024;8;1.0;893;52;865;53;28;50
TE521;15.01.2024;9;1.0;576;55;551;55;25;55
TE521;15.01.2024;10;1.0;462;57;442;57;20;56
TE521;15.01.2024;11;1.0;507;60;485;60;22;60
TE521;15.01.2024;12;1.0;507;60;489;60;18;59
TE521;15.01.2024;13;1.0;541;58;525;58;16;58
TE521;15.01.2024;14;1.0;723;58;707;58;16;58
TE521;15.01.2024;15;1.0;734;58;717;58;17;56
TE521;15.01.2024;16;1.0;801;58;790;58;11;58
TE521;15.01.2024;17;1.0;623;57;615;57;8;57
TE521;15.01.2024;18;1.0;534;52;524;52;10;51
TE521;15.01.2024;19;1.0;337;58;330;59;7;48
TE521;15.01.2024;20;1.0;265;57;259;57;6;57
TE521;15.01.2024;21;1.0;195;56;192;57;3;47
TE521;15.01.2024;22;1.0;177;57;174;57;3;56
TE521;15.01.2024;23;1.0;117;55;113;55;4;58
TE521;16.01.2024;0;1.0;37;57;33;57;4;54
TE521;16.01.2024;1;1.0;35;60;32;59;3;62
TE521;16.01.2024;2;1.0;20;50;20;50;0;-1
TE521;16.01.2024;3;1.0;20;45;18;44;2;56
TE521;16.01.2024;4;1.0;81;46;77;47;4;42
TE521;16.01.2024;5;1.0;251;44;247;44;4;42
TE521;16.01.2024;6;1.0;693;41;681;41;12;40
TE521;16.01.2024;7;1.0;817;42;803;42;14;43
TE521;16.01.2024;8;1.0;956;45;941;45;15;43
TE521;16.01.2024;9;1.0;753;51;735;51;18;50
TE521;16.01.2024;10;1.0;631;55;603;55;28;56
TE521;16.01.2024;11;1.0;521;56;488;56;33;55
TE521;16.01.2024;12;1.0;507;56;477;56;30;54
TE521;16.01.2024;13;1.0;555;55;534;55;21;55
TE521;16.01.2024;14;1.0;681;55;665;55;16;54
TE521;16.01.2024;15;1.0;758;56;744;56;14;57
TE521;16.01.2024;16;1.0;734;54;718;54;16;53
TE521;16.01.2024;17;1.0;665;56;657;56;8;56
TE521;16.01.2024;18;1.0;613;55;604;55;9;54
TE521;16.01.2024;19;1.0;404;57;398;57;6;54
TE521;16.01.2024;20;1.0;263;60;251;60;12;58
TE521;16.01.2024;21;1.0;201;60;198;60;3;56
TE521;16.01.2024;22;1.0;154;60;151;60;3;57
TE521;16.01.2024;23;1.0;107;54;102;53;5;57
TE521;17.01.2024;0;1.0;69;49;66;49;3;52
TE521;17.01.2024;1;1.0;27;53;24;52;3;59
TE521;17.01.2024;2;1.0;25;52;22;50;3;63
TE521;17.01.2024;3;1.0;24;51;21;49;3;68
TE521;17.01.2024;4;1.0;98;55;92;55;6;48
TE521;17.01.2024;5;1.0;297;54;292;54;5;57
TE521;17.01.2024;6;1.0;628;50;613;50;15;50
TE521;17.01.2024;7;1.0;823;48;805;48;18;49
TE521;17.01.2024;8;1.0;818;49;791;49;27;49
TE521;17.01.2024;9;1.0;604;53;579;53;25;53
TE521;17.01.2024;10;1.0;485;53;457;53;28;52
TE521;17.01.2024;11;1.0;499;54;463;54;36;55
TE521;17.01.2024;12;1.0;542;54;492;54;50;55
TE521;17.01.2024;13;1.0;553;54;517;54;36;54
TE521;17.01.2024;14;1.0;890;50;846;50;44;50
TE521;17.01.2024;15;1.0;1163;41;1132;41;31;37
TE521;17.01.2024;16;1.0;831;56;822;56;9;56
TE521;17.01.2024;17;1.0;673;57;663;57;10;56
TE521;17.01.2024;18;1.0;563;56;551;56;12;57
TE521;17.01.2024;19;1.0;337;55;331;55;6;55
TE521;17.01.2024;20;1.0;259;52;252;52;7;51
TE521;17.01.2024;21;1.0;201;56;197;56;4;55
TE521;17.01.2024;22;1.0;191;55;188;55;3;54
TE521;17.01.2024;23;1.0;118;54;115;54;3;51
TE521;18.01.2024;0;1.0;54;52;50;52;4;52
TE521;18.01.2024;1;1.0;25;55;23;56;2;51
TE521;18.01.2024;2;1.0;33;58;31;57;2;62
TE521;18.01.2024;3;1.0;25;57;23;57;2;52
TE521;18.01.2024;4;1.0;79;56;73;56;6;55
TE521;18.01.2024;5;1.0;296;58;292;58;4;54
TE521;18.01.2024;6;1.0;607;57;595;57;12;58
TE521;18.01.2024;7;1.0;765;54;753;54;12;54
TE521;18.01.2024;8;1.0;805;54;784;54;21;55
TE521;18.01.2024;9;1.0;611;56;586;56;25;55
TE521;18.01.2024;10;1.0;492;56;468;56;24;55
TE521;18.01.2024;11;1.0;538;55;500;55;38;53
TE521;18.01.2024;12;1.0;521;57;494;57;27;57
TE521;18.01.2024;13;1.0;570;55;543;55;27;55
TE521;18.01.2024;14;1.0;723;51;703;51;20;51
TE521;18.01.2024;15;1.0;773;50;756;50;17;50
TE521;18.01.2024;16;1.0;744;47;728;47;16;44
TE521;18.01.2024;17;1.0;679;50;665;50;14;50
TE521;18.01.2024;18;1.0;588;50;578;50;10;52
TE521;18.01.2024;19;1.0;386;51;379;51;7;50
TE521;18.01.2024;20;1.0;278;51;272;51;6;52
TE521;18.01.2024;21;1.0;203;54;199;54;4;53
TE521;18.01.2024;22;1.0;202;52;198;52;4;52
TE521;18.01.2024;23;1.0;149;53;145;53;4;56
TE521;19.01.2024;0;1.0;61;54;54;54;7;55
TE521;19.01.2024;1;1.0;36;52;27;52;9;53
TE521;19.01.2024;2;1.0;27;52;22;51;5;54
TE521;19.01.2024;3;1.0;29;52;23;51;6;58
TE521;19.01.2024;4;1.0;73;54;66;54;7;53
TE521;19.01.2024;5;1.0;255;53;249;53;6;50
TE521;19.01.2024;6;1.0;543;53;522;53;21;53
TE521;19.01.2024;7;1.0;694;50;681;50;13;48
TE521;19.01.2024;8;1.0;708;51;689;51;19;50
TE521;19.01.2024;9;1.0;607;51;591;51;16;50
TE521;19.01.2024;10;1.0;516;50;488;50;28;50
TE521;19.01.2024;11;1.0;573;51;543;51;30;51
TE521;19.01.2024;12;1.0;586;51;566;51;20;52
TE521;19.01.2024;13;1.0;648;50;625;50;23;50
TE521;19.01.2024;14;1.0;726;51;711;51;15;51
TE521;19.01.2024;15;1.0;766;50;750;50;16;49
TE521;19.01.2024;16;1.0;745;52;727;52;18;50
TE521;19.01.2024;17;1.0;672;51;660;51;12;53
TE521;19.01.2024;18;1.0;552;55;548;55;4;56
TE521;19.01.2024;19;1.0;395;51;386;51;9;52
TE521;19.01.2024;20;1.0;299;50;293;50;6;48
TE521;19.01.2024;21;1.0;238;51;236;51;2;48
TE521;19.01.2024;22;1.0;215;53;211;53;4;54
TE521;19.01.2024;23;1.0;171;53;167;53;4;52
TE521;20.01.2024;0;1.0;110;52;107;52;3;53
TE521;20.01.2024;1;1.0;71;52;67;52;4;47
TE521;20.01.2024;2;1.0;52;51;51;52;1;48
TE521;20.01.2024;3;1.0;35;54;32;54;3;58
TE521;20.01.2024;4;1.0;51;57;47;58;4;52
TE521;20.01.2024;5;1.0;99;55;97;55;2;58
TE521;20.01.2024;6;1.0;99;52;92;52;7;53
TE521;20.01.2024;7;1.0;146;52;137;52;9;48
TE521;20.01.2024;8;1.0;237;53;219;53;18;52
TE521;20.01.2024;9;1.0;327;56;319;56;8;54
TE521;20.01.2024;10;1.0;458;56;439;56;19;55
TE521;20.01.2024;11;1.0;476;54;459;54;17;53
TE521;20.01.2024;12;1.0;607;55;590;55;17;52
TE521;20.01.2024;13;1.0;623;52;608;52;15;52
TE521;20.01.2024;14;1.0;644;54;631;54;13;53
TE521;20.01.2024;15;1.0;628;55;616;55;12;55
TE521;20.01.2024;16;1.0;558;53;548;53;10;52
TE521;20.01.2024;17;1.0;543;38;534;38;9;45
TE521;20.01.2024;18;1.0;486;51;475;51;11;51
TE521;20.01.2024;19;1.0;382;52;371;52;11;53
TE521;20.01.2024;20;1.0;268;51;259;51;9;48
TE521;20.01.2024;21;1.0;236;52;231;52;5;52
TE521;20.01.2024;22;1.0;202;52;197;52;5;52
TE521;20.01.2024;23;1.0;140;53;138;53;2;50
TE521;21.01.2024;0;1.0;115;53;111;53;4;52
TE521;21.01.2024;1;1.0;71;54;67;54;4;54
TE521;21.01.2024;2;1.0;54;55;52;55;2;52
TE521;21.01.2024;3;1.0;48;58;46;58;2;58
TE521;21.01.2024;4;1.0;46;62;44;62;2;58
TE521;21.01.2024;5;1.0;76;56;73;56;3;55
TE521;21.01.2024;6;1.0;68;59;66;59;2;54
TE521;21.01.2024;7;1.0;64;59;62;59;2;59
TE521;21.01.2024;8;1.0;90;58;86;57;4;60
TE521;21.01.2024;9;1.0;196;56;191;56;5;52
TE521;21.01.2024;10;1.0;227;56;220;56;7;56
TE521;21.01.2024;11;1.0;295;56;289;56;6;59
TE521;21.01.2024;12;1.0;335;52;328;52;7;52
TE521;21.01.2024;13;1.0;386;53;377;53;9;51
TE521;21.01.2024;14;1.0;486;54;478;54;8;51
TE521;21.01.2024;15;1.0;426;53;419;53;7;52
TE521;21.01.2024;16;1.0;413;55;405;55;8;56
TE521;21.01.2024;17;1.0;498;51;491;51;7;52
TE521;21.01.2024;18;1.0;423;54;412;54;11;53
TE521;21.01.2024;19;1.0;320;56;313;56;7;53
TE521;21.01.2024;20;1.0;263;56;253;57;10;53
TE521;21.01.2024;21;1.0;170;55;165;55;5;50
TE521;21.01.2024;22;1.0;150;54;145;54;5;54
TE521;21.01.2024;23;1.0;79;54;74;54;5;52
TE521;22.01.2024;0;1.0;70;51;62;51;8;56
TE521;22.01.2024;1;1.0;22;55;19;55;3;52
TE521;22.01.2024;2;1.0;24;52;18;50;6;59
TE521;22.01.2024;3;1.0;23;55;19;55;4;52
TE521;22.01.2024;4;1.0;69;55;65;56;4;51
TE521;22.01.2024;5;1.0;310;55;296;55;14;58
TE521;22.01.2024;6;1.0;742;51;696;51;46;49
TE521;22.01.2024;7;1.0;889;49;833;49;56;50
TE521;22.01.2024;8;1.0;954;49;881;49;73;49
TE521;22.01.2024;9;1.0;673;53;621;53;52;53
TE521;22.01.2024;10;1.0;557;53;526;53;31;52
TE521;22.01.2024;11;1.0;547;54;508;54;39;55
TE521;22.01.2024;12;1.0;575;54;537;54;38;53
TE521;22.01.2024;13;1.0;590;56;564;56;26;55
TE521;22.01.2024;14;1.0;769;52;732;52;37;50
TE521;22.01.2024;15;1.0;789;55;762;55;27;54
TE521;22.01.2024;16;1.0;750;54;735;54;15;53
TE521;22.01.2024;17;1.0;657;53;633;53;24;51
TE521;22.01.2024;18;1.0;513;54;499;54;14;55
TE521;22.01.2024;19;1.0;391;54;384;54;7;54
TE521;22.01.2024;20;1.0;262;54;252;54;10;51
TE521;22.01.2024;21;1.0;182;56;177;56;5;57
TE521;22.01.2024;22;1.0;182;54;175;54;7;55
TE521;22.01.2024;23;1.0;99;53;93;53;6;50
TE521;23.01.2024;0;1.0;57;50;52;50;5;46
TE521;23.01.2024;1;1.0;37;53;31;52;6;52
TE521;23.01.2024;2;1.0;25;52;22;52;3;52
TE521;23.01.2024;3;1.0;27;55;24;54;3;61
TE521;23.01.2024;4;1.0;69;53;57;53;12;51
TE521;23.01.2024;5;1.0;278;53;264;54;14;51
TE521;23.01.2024;6;1.0;697;50;641;50;56;49
TE521;23.01.2024;7;1.0;963;49;926;49;37;48
TE521;23.01.2024;8;1.0;1023;45;984;46;40;43
TE521;23.01.2024;9;1.0;680;52;640;52;40;52
TE521;23.01.2024;10;1.0;592;54;547;54;45;55
TE521;23.01.2024;11;1.0;579;54;537;54;42;55
TE521;23.01.2024;12;1.0;564;55;538;55;26;54
TE521;23.01.2024;13;1.0;608;54;566;54;42;52
TE521;23.01.2024;14;1.0;747;53;712;53;35;53
TE521;23.01.2024;15;1.0;755;53;723;53;32;52
TE521;23.01.2024;16;1.0;786;51;764;51;22;50
TE521;23.01.2024;17;1.0;657;52;643;52;14;53
TE521;23.01.2024;18;1.0;598;51;582;51;16;52
TE521;23.01.2024;19;1.0;433;51;418;51;15;51
TE521;23.01.2024;20;1.0;308;51;298;51;10;48
TE521;23.01.2024;21;1.0;183;53;179;53;4;50
TE521;23.01.2024;22;1.0;214;54;210;54;4;51
TE521;23.01.2024;23;1.0;107;55;102;56;5;51
TE521;24.01.2024;0;1.0;54;56;48;57;6;52
TE521;24.01.2024;1;1.0;20;62;16;62;4;62
TE521;24.01.2024;2;1.0;24;56;19;56;5;59
TE521;24.01.2024;3;1.0;18;54;15;56;3;45
TE521;24.01.2024;4;1.0;78;57;70;57;8;62
TE521;24.01.2024;5;1.0;304;56;284;56;20;55
TE521;24.01.2024;6;1.0;738;54;653;54;85;54
TE521;24.01.2024;7;1.0;1031;48;936;48;95;47
TE521;24.01.2024;8;1.0;985;48;931;47;54;50
TE521;24.01.2024;9;1.0;889;49;852;49;37;47
TE521;24.01.2024;10;1.0;555;54;541;54;14;55
TE521;24.01.2024;11;1.0;561;53;527;53;34;52
TE521;24.01.2024;12;1.0;626;54;576;54;50;53
TE521;24.01.2024;13;1.0;604;53;538;53;66;51
TE521;24.01.2024;14;1.0;704;53;673;53;31;54
TE521;24.01.2024;15;1.0;858;52;829;52;29;53
TE521;24.01.2024;16;1.0;815;52;784;52;31;52
TE521;24.01.2024;17;1.0;733;53;708;53;25;54
TE521;24.01.2024;18;1.0;647;53;636;53;11;52
TE521;24.01.2024;19;1.0;424;53;409;53;15;53
TE521;24.01.2024;20;1.0;319;54;306;54;13;56
TE521;24.01.2024;21;1.0;225;56;221;56;4;54
TE521;24.01.2024;22;1.0;183;54;179;54;4;54
TE521;24.01.2024;23;1.0;137;55;130;55;7;53
TE521;25.01.2024;0;1.0;69;55;64;55;5;51
TE521;25.01.2024;1;1.0;32;60;26;62;6;53
TE521;25.01.2024;2;1.0;21;59;18;60;3;52
TE521;25.01.2024;3;1.0;27;56;23;56;4;54
TE521;25.01.2024;4;1.0;71;54;65;54;6;50
TE521;25.01.2024;5;1.0;301;54;274;54;27;53
TE521;25.01.2024;6;1.0;671;53;639;53;32;52
TE521;25.01.2024;7;1.0;924;49;875;49;49;51
TE521;25.01.2024;8;1.0;854;51;815;51;39;52
TE521;25.01.2024;9;1.0;711;48;655;48;56;49
TE521;25.01.2024;10;1.0;553;55;507;55;46;55
TE521;25.01.2024;11;1.0;534;56;492;56;42;55
TE521;25.01.2024;12;1.0;657;55;611;55;46;54
TE521;25.01.2024;13;1.0;605;53;551;53;54;53
TE521;25.01.2024;14;1.0;803;52;768;52;35;52
TE521;25.01.2024;15;1.0;811;52;797;52;14;54
TE521;25.01.2024;16;1.0;786;51;762;51;24;51
TE521;25.01.2024;17;1.0;698;54;681;54;17;54
TE521;25.01.2024;18;1.0;638;52;622;52;16;52
TE521;25.01.2024;19;1.0;423;56;413;56;10;51
TE521;25.01.2024;20;1.0;302;56;294;57;8;54
TE521;25.01.2024;21;1.0;230;55;225;55;5;57
TE521;25.01.2024;22;1.0;210;53;204;53;6;52
TE521;25.01.2024;23;1.0;114;51;107;51;7;50
TE521;26.01.2024;0;1.0;58;54;46;54;12;52
TE521;26.01.2024;1;1.0;40;54;35;53;5;58
TE521;26.01.2024;2;1.0;25;54;21;54;4;53
TE521;26.01.2024;3;1.0;23;53;19;51;4;58
TE521;26.01.2024;4;1.0;80;55;73;55;7;52
TE521;26.01.2024;5;1.0;266;59;256;59;10;54
TE521;26.01.2024;6;1.0;552;57;526;57;26;58
TE521;26.01.2024;7;1.0;962;48;922;48;40;49
TE521;26.01.2024;8;1.0;1266;37;1206;37;60;36
TE521;26.01.2024;9;1.0;870;47;836;47;34;50
TE521;26.01.2024;10;1.0;520;57;497;57;23;55
TE521;26.01.2024;11;1.0;588;58;556;58;32;57
TE521;26.01.2024;12;1.0;627;52;595;52;32;47
TE521;26.01.2024;13;1.0;697;56;673;56;24;51
TE521;26.01.2024;14;1.0;794;56;783;56;11;57
TE521;26.01.2024;15;1.0;764;56;758;56;6;56
TE521;26.01.2024;16;1.0;700;51;691;51;9;51
TE521;26.01.2024;17;1.0;914;40;894;40;20;44
TE521;26.01.2024;18;1.0;566;54;549;54;17;53
TE521;26.01.2024;19;1.0;416;53;409;53;7;53
TE521;26.01.2024;20;1.0;287;53;278;53;9;48
TE521;26.01.2024;21;1.0;253;54;249;54;4;49
TE521;26.01.2024;22;1.0;229;52;225;52;4;48
TE521;26.01.2024;23;1.0;170;55;161;55;9;53
TE521;27.01.2024;0;1.0;116;53;110;53;6;49
TE521;27.01.2024;1;1.0;68;54;65;54;3;55
TE521;27.01.2024;2;1.0;47;57;43;57;4;51
TE521;27.01.2024;3;1.0;46;59;44;60;2;49
TE521;27.01.2024;4;1.0;70;57;65;57;5;49
TE521;27.01.2024;5;1.0;131;52;129;52;2;48
TE521;27.01.2024;6;1.0;141;56;137;56;4;56
TE521;27.01.2024;7;1.0;151;55;144;55;7;51
TE521;27.01.2024;8;1.0;271;55;258;55;13;55
TE521;27.01.2024;9;1.0;348;57;326;57;22;56
TE521;27.01.2024;10;1.0;430;58;408;58;22;56
TE521;27.01.2024;11;1.0;561;58;536;58;25;57
TE521;27.01.2024;12;1.0;568;57;546;57;22;57
TE521;27.01.2024;13;1.0;687;55;674;55;13;56
TE521;27.01.2024;14;1.0;670;50;648;50;22;50
TE521;27.01.2024;15;1.0;641;50;626;50;15;48
TE521;27.01.2024;16;1.0;581;51;573;51;8;52
TE521;27.01.2024;17;1.0;611;51;602;51;9;49
TE521;27.01.2024;18;1.0;557;49;546;49;11;51
TE521;27.01.2024;19;1.0;395;50;387;50;8;52
TE521;27.01.2024;20;1.0;294;53;286;53;8;54
TE521;27.01.2024;21;1.0;234;52;230;52;4;54
TE521;27.01.2024;22;1.0;195;52;185;52;10;55
TE521;27.01.2024;23;1.0;174;51;166;51;8;51
TE521;28.01.2024;0;1.0;137;51;129;51;8;49
TE521;28.01.2024;1;1.0;94;52;87;53;7;49
TE521;28.01.2024;2;1.0;62;51;55;51;7;51
TE521;28.01.2024;3;1.0;39;53;35;54;4;49
TE521;28.01.2024;4;1.0;73;52;60;53;13;50
TE521;28.01.2024;5;1.0;85;51;83;51;2;48
TE521;28.01.2024;6;1.0;93;50;90;50;3;48
TE521;28.01.2024;7;1.0;80;51;77;51;3;38
TE521;28.01.2024;8;1.0;97;50;92;51;5;47
TE521;28.01.2024;9;1.0;179;50;175;51;4;50
TE521;28.01.2024;10;1.0;277;52;269;52;8;52
TE521;28.01.2024;11;1.0;314;53;306;53;8;50
TE521;28.01.2024;12;1.0;429;51;419;51;10;49
TE521;28.01.2024;13;1.0;482;50;475;50;7;48
TE521;28.01.2024;14;1.0;582;48;567;48;15;47
TE521;28.01.2024;15;1.0;536;49;526;49;10;49
TE521;28.01.2024;16;1.0;476;51;468;51;8;46
TE521;28.01.2024;17;1.0;517;51;507;51;10;50
TE521;28.01.2024;18;1.0;402;51;390;51;12;48
TE521;28.01.2024;19;1.0;354;52;346;52;8;50
TE521;28.01.2024;20;1.0;247;53;239;53;8;52
TE521;28.01.2024;21;1.0;171;54;165;54;6;51
TE521;28.01.2024;22;1.0;138;51;132;51;6;48
TE521;28.01.2024;23;1.0;88;50;78;51;10;48
TE521;29.01.2024;0;1.0;63;51;59;52;4;40
TE521;29.01.2024;1;1.0;22;55;18;56;4;50
TE521;29.01.2024;2;1.0;31;49;25;49;6;49
TE521;29.01.2024;3;1.0;32;51;27;51;5;50
TE521;29.01.2024;4;1.0;79;50;73;51;6;46
TE521;29.01.2024;5;1.0;358;51;347;51;11;49
TE521;29.01.2024;6;1.0;826;47;798;47;28;46
TE521;29.01.2024;7;1.0;813;47;791;47;22;47
TE521;29.01.2024;8;1.0;881;48;845;48;36;48
TE521;29.01.2024;9;1.0;666;50;637;50;29;49
TE521;29.01.2024;10;1.0;556;51;525;51;31;49
TE521;29.01.2024;11;1.0;556;49;516;49;40;49
TE521;29.01.2024;12;1.0;554;49;525;49;29;48
TE521;29.01.2024;13;1.0;606;50;573;50;33;49
TE521;29.01.2024;14;1.0;718;50;674;50;44;49
TE521;29.01.2024;15;1.0;799;51;764;51;35;51
TE521;29.01.2024;16;1.0;783;43;757;43;26;44
TE521;29.01.2024;17;1.0;665;51;651;51;14;52
TE521;29.01.2024;18;1.0;559;50;540;50;19;51
TE521;29.01.2024;19;1.0;394;51;384;51;10;51
TE521;29.01.2024;20;1.0;236;51;227;52;9;52
TE521;29.01.2024;21;1.0;164;53;158;53;6;50
TE521;29.01.2024;22;1.0;204;52;195;52;9;50
TE521;29.01.2024;23;1.0;89;50;81;50;8;49
TE521;30.01.2024;0;1.0;43;50;37;49;6;51
TE521;30.01.2024;1;1.0;19;55;16;55;3;57
TE521;30.01.2024;2;1.0;20;54;18;53;2;54
TE521;30.01.2024;3;1.0;15;50;10;49;5;52
TE521;30.01.2024;4;1.0;71;52;66;52;5;47
TE521;30.01.2024;5;1.0;272;52;268;52;4;55
TE521;30.01.2024;6;1.0;638;50;612;50;26;49
TE521;30.01.2024;7;1.0;808;49;782;49;26;50
TE521;30.01.2024;8;1.0;758;51;726;51;32;50
TE521;30.01.2024;9;1.0;573;50;537;49;36;50
TE521;30.01.2024;10;1.0;495;51;461;51;34;50
TE521;30.01.2024;11;1.0;490;52;456;52;34;51
TE521;30.01.2024;12;1.0;579;53;540;53;39;52
TE521;30.01.2024;13;1.0;567;51;524;51;43;52
TE521;30.01.2024;14;1.0;697;50;664;50;33;49
TE521;30.01.2024;15;1.0;818;52;762;52;56;52
TE521;30.01.2024;16;1.0;802;51;762;51;40;51
TE521;30.01.2024;17;1.0;698;51;671;51;27;50
TE521;30.01.2024;18;1.0;579;52;569;52;10;54
TE521;30.01.2024;19;1.0;402;54;394;54;8;56
TE521;30.01.2024;20;1.0;258;57;248;58;10;56
TE521;30.01.2024;21;1.0;198;56;192;56;6;54
TE521;30.01.2024;22;1.0;195;55;186;55;9;55
TE521;30.01.2024;23;1.0;102;55;97;56;5;54
TE521;31.01.2024;0;1.0;52;57;48;57;4;47
TE521;31.01.2024;1;1.0;29;55;25;57;4;45
TE521;31.01.2024;2;1.0;24;59;20;60;4;59
TE521;31.01.2024;3;1.0;22;60;18;60;4;62
TE521;31.01.2024;4;1.0;69;56;63;56;6;56
TE521;31.01.2024;5;1.0;288;56;269;56;19;57
TE521;31.01.2024;6;1.0;627;54;561;54;66;53
TE521;31.01.2024;7;1.0;798;50;748;50;50;49
TE521;31.01.2024;8;1.0;857;52;814;52;43;51
TE521;31.01.2024;9;1.0;564;57;538;57;26;55
TE521;31.01.2024;10;1.0;534;56;499;56;35;55
TE521;31.01.2024;11;1.0;558;55;510;55;48;55
TE521;31.01.2024;12;1.0;533;56;494;56;39;56
TE521;31.01.2024;13;1.0;587;57;547;56;40;55
TE521;31.01.2024;14;1.0;715;55;681;55;34;54
TE521;31.01.2024;15;1.0;795;58;776;58;19;57
TE521;31.01.2024;16;1.0;719;58;696;58;23;56
TE521;31.01.2024;17;1.0;673;57;661;57;12;56
TE521;31.01.2024;18;1.0;591;58;579;58;12;58
TE521;31.01.2024;19;1.0;368;61;361;61;7;59
TE521;31.01.2024;20;1.0;281;58;272;58;9;58
TE521;31.01.2024;21;1.0;205;60;201;60;4;58
TE521;31.01.2024;22;1.0;197;57;194;57;3;55
TE521;31.01.2024;23;1.0;134;56;128;56;6;54
TE522;01.01.2024;0;1.0;38;42;32;42;6;36
TE522;01.01.2024;1;1.0;108;48;99;49;9;43
TE522;01.01.2024;2;1.0;125;49;121;49;4;45
TE522;01.01.2024;3;1.0;101;49;95;49;6;46
TE522;01.01.2024;4;1.0;50;48;47;49;3;44
TE522;01.01.2024;5;1.0;59;48;53;47;6;50
TE522;01.01.2024;6;1.0;42;49;38;49;4;50
TE522;01.01.2024;7;1.0;35;49;32;49;3;46
TE522;01.01.2024;8;1.0;28;50;23;49;5;52
TE522;01.01.2024;9;1.0;37;50;33;50;4;47
TE522;01.01.2024;10;1.0;72;44;66;43;7;42
TE522;01.01.2024;11;1.0;90;48;83;48;7;47
TE522;01.01.2024;12;1.0;135;47;127;47;8;45
TE522;01.01.2024;13;1.0;147;49;131;49;16;49
TE522;01.01.2024;14;1.0;172;47;164;47;8;42
TE522;01.01.2024;15;1.0;172;49;166;49;6;46
TE522;01.01.2024;16;1.0;192;49;184;50;8;44
TE522;01.01.2024;17;1.0;210;48;202;48;8;46
TE522;01.01.2024;18;1.0;149;53;141;53;8;50
TE522;01.01.2024;19;1.0;124;52;116;52;8;56
TE522;01.01.2024;20;1.0;110;48;102;48;8;47
TE522;01.01.2024;21;1.0;77;51;74;51;3;50
TE522;01.01.2024;22;1.0;59;49;56;49;3;43
TE522;01.01.2024;23;1.0;36;51;31;51;5;53
TE522;02.01.2024;0;1.0;35;48;31;48;4;50
TE522;02.01.2024;1;1.0;25;52;22;51;3;55
TE522;02.01.2024;2;1.0;16;45;14;45;2;48
TE522;02.01.2024;3;1.0;22;45;20;45;2;44
TE522;02.01.2024;4;1.0;66;44;63;44;3;41
TE522;02.01.2024;5;1.0;230;42;217;42;13;43
TE522;02.01.2024;6;1.0;265;48;249;48;16;46
TE522;02.01.2024;7;1.0;278;51;263;52;15;48
TE522;02.01.2024;8;1.0;250;53;234;53;16;50
TE522;02.01.2024;9;1.0;257;49;245;49;12;47
TE522;02.01.2024;10;1.0;250;52;237;52;13;51
TE522;02.01.2024;11;1.0;268;51;255;51;13;51
TE522;02.01.2024;12;1.0;330;50;315;50;15;48
TE522;02.01.2024;13;1.0;340;50;332;50;8;48
TE522;02.01.2024;14;1.0;374;50;365;50;9;50
TE522;02.01.2024;15;1.0;404;50;392;50;12;51
TE522;02.01.2024;16;1.0;373;49;356;49;17;51
TE522;02.01.2024;17;1.0;333;51;320;51;13;51
TE522;02.01.2024;18;1.0;253;52;246;52;7;50
TE522;02.01.2024;19;1.0;211;50;204;50;7;47
TE522;02.01.2024;20;1.0;147;49;140;49;7;51
TE522;02.01.2024;21;1.0;139;47;135;47;4;45
TE522;02.01.2024;22;1.0;78;49;72;49;6;40
TE522;02.01.2024;23;1.0;55;50;52;50;3;60
TE522;03.01.2024;0;1.0;34;55;31;55;3;55
TE522;03.01.2024;1;1.0;22;50;20;51;2;38
TE522;03.01.2024;2;1.0;19;45;17;44;2;54
TE522;03.01.2024;3;1.0;22;47;19;47;3;49
TE522;03.01.2024;4;1.0;54;44;49;44;5;48
TE522;03.01.2024;5;1.0;266;45;259;45;7;46
TE522;03.01.2024;6;1.0;284;49;268;49;16;48
TE522;03.01.2024;7;1.0;289;50;275;50;14;49
TE522;03.01.2024;8;1.0;326;46;300;46;26;45
TE522;03.01.2024;9;1.0;297;47;273;47;24;46
TE522;03.01.2024;10;1.0;326;46;298;46;28;47
TE522;03.01.2024;11;1.0;361;47;339;47;22;44
TE522;03.01.2024;12;1.0;386;46;361;46;25;48
TE522;03.01.2024;13;1.0;396;47;375;47;21;48
TE522;03.01.2024;14;1.0;453;46;420;46;33;45
TE522;03.01.2024;15;1.0;505;45;471;45;34;44
TE522;03.01.2024;16;1.0;428;47;411;47;17;42
TE522;03.01.2024;17;1.0;439;47;419;47;20;44
TE522;03.01.2024;18;1.0;329;47;318;47;11;46
TE522;03.01.2024;19;1.0;225;47;219;47;6;44
TE522;03.01.2024;20;1.0;136;47;129;47;7;46
TE522;03.01.2024;21;1.0;132;47;128;47;4;45
TE522;03.01.2024;22;1.0;89;48;83;48;6;42
TE522;03.01.2024;23;1.0;71;49;67;50;4;44
TE522;04.01.2024;0;1.0;40;51;36;51;4;55
TE522;04.01.2024;1;1.0;33;51;31;51;2;49
TE522;04.01.2024;2;1.0;20;47;18;47;2;48
TE522;04.01.2024;3;1.0;20;38;18;38;2;42
TE522;04.01.2024;4;1.0;46;50;42;51;4;50
TE522;04.01.2024;5;1.0;258;46;255;46;3;57
TE522;04.01.2024;6;1.0;304;50;296;50;8;46
TE522;04.01.2024;7;1.0;311;50;298;50;13;47
TE522;04.01.2024;8;1.0;309;49;297;49;12;50
TE522;04.01.2024;9;1.0;317;46;292;46;25;46
TE522;04.01.2024;10;1.0;365;47;335;47;30;45
TE522;04.01.2024;11;1.0;392;48;365;48;27;47
TE522;04.01.2024;12;1.0;385;48;366;47;19;49
TE522;04.01.2024;13;1.0;380;49;356;49;24;46
TE522;04.01.2024;14;1.0;416;48;392;48;24;50
TE522;04.01.2024;15;1.0;443;48;425;48;18;47
TE522;04.01.2024;16;1.0;418;49;408;49;10;48
TE522;04.01.2024;17;1.0;354;51;344;51;10;48
TE522;04.01.2024;18;1.0;317;51;305;51;12;49
TE522;04.01.2024;19;1.0;262;49;252;49;10;47
TE522;04.01.2024;20;1.0;159;51;150;51;9;48
TE522;04.01.2024;21;1.0;125;50;122;50;3;47
TE522;04.01.2024;22;1.0;102;53;99;53;3;49
TE522;04.01.2024;23;1.0;62;53;58;53;4;52
TE522;05.01.2024;0;1.0;41;53;37;53;4;53
TE522;05.01.2024;1;1.0;23;55;21;54;2;54
TE522;05.01.2024;2;1.0;19;50;17;51;2;47
TE522;05.01.2024;3;1.0;23;36;21;36;2;40
TE522;05.01.2024;4;1.0;71;51;67;50;4;60
TE522;05.01.2024;5;1.0;238;49;226;49;12;50
TE522;05.01.2024;6;1.0;302;52;277;52;25;52
TE522;05.01.2024;7;1.0;322;54;303;54;19;55
TE522;05.01.2024;8;1.0;311;52;296;52;15;53
TE522;05.01.2024;9;1.0;302;52;294;52;8;50
TE522;05.01.2024;10;1.0;307;51;297;51;10;51
TE522;05.01.2024;11;1.0;352;51;327;51;25;51
TE522;05.01.2024;12;1.0;399;48;362;48;37;48
TE522;05.01.2024;13;1.0;440;49;422;49;18;48
TE522;05.01.2024;14;1.0;408;50;397;49;11;47
TE522;05.01.2024;15;1.0;447;49;434;49;13;48
TE522;05.01.2024;16;1.0;399;49;384;49;15;48
TE522;05.01.2024;17;1.0;365;51;355;51;10;48
TE522;05.01.2024;18;1.0;288;52;278;52;10;52
TE522;05.01.2024;19;1.0;259;51;251;51;8;48
TE522;05.01.2024;20;1.0;183;47;175;47;8;44
TE522;05.01.2024;21;1.0;140;47;135;47;4;52
TE522;05.01.2024;22;1.0;79;49;77;48;2;60
TE522;05.01.2024;23;1.0;68;55;63;55;5;52
TE522;06.01.2024;0;1.0;53;54;51;54;2;53
TE522;06.01.2024;1;1.0;40;55;37;56;3;43
TE522;06.01.2024;2;1.0;30;53;28;53;2;49
TE522;06.01.2024;3;1.0;29;55;27;54;2;58
TE522;06.01.2024;4;1.0;49;54;46;53;3;63
TE522;06.01.2024;5;1.0;85;52;80;52;5;58
TE522;06.01.2024;6;1.0;50;49;46;49;4;47
TE522;06.01.2024;7;1.0;84;37;78;37;6;33
TE522;06.01.2024;8;1.0;132;53;125;53;7;52
TE522;06.01.2024;9;1.0;203;53;192;54;11;52
TE522;06.01.2024;10;1.0;274;52;260;51;14;57
TE522;06.01.2024;11;1.0;332;51;321;51;11;51
TE522;06.01.2024;12;1.0;391;50;380;50;11;50
TE522;06.01.2024;13;1.0;397;50;390;50;7;51
TE522;06.01.2024;14;1.0;372;46;361;45;11;47
TE522;06.01.2024;15;1.0;392;38;383;37;9;39
TE522;06.01.2024;16;1.0;345;51;337;51;8;52
TE522;06.01.2024;17;1.0;308;53;298;53;10;54
TE522;06.01.2024;18;1.0;286;51;279;51;7;50
TE522;06.01.2024;19;1.0;224;53;214;53;10;54
TE522;06.01.2024;20;1.0;162;52;153;51;9;49
TE522;06.01.2024;21;1.0;135;50;132;50;3;52
TE522;06.01.2024;22;1.0;97;50;94;50;3;48
TE522;06.01.2024;23;1.0;70;52;67;52;3;46
TE522;07.01.2024;0;1.0;72;51;68;51;4;42
TE522;07.01.2024;1;1.0;49;53;47;53;2;40
TE522;07.01.2024;2;1.0;38;57;36;57;2;40
TE522;07.01.2024;3;1.0;27;52;25;52;2;40
TE522;07.01.2024;4;1.0;32;38;28;38;4;38
TE522;07.01.2024;5;1.0;59;47;55;47;4;45
TE522;07.01.2024;6;1.0;45;38;40;39;5;32
TE522;07.01.2024;7;1.0;37;45;35;45;2;44
TE522;07.01.2024;8;1.0;55;50;52;50;3;40
TE522;07.01.2024;9;1.0;110;53;107;53;3;40
TE522;07.01.2024;10;1.0;110;54;102;54;8;56
TE522;07.01.2024;11;1.0;143;52;137;52;6;47
TE522;07.01.2024;12;1.0;177;47;169;47;8;42
TE522;07.01.2024;13;1.0;228;52;222;52;6;50
TE522;07.01.2024;14;1.0;217;51;212;51;5;51
TE522;07.01.2024;15;1.0;240;54;234;54;6;53
TE522;07.01.2024;16;1.0;199;43;194;43;5;42
TE522;07.01.2024;17;1.0;223;53;216;53;7;53
TE522;07.01.2024;18;1.0;214;54;208;54;6;52
TE522;07.01.2024;19;1.0;186;40;177;41;8;40
TE522;07.01.2024;20;1.0;149;54;143;54;6;50
TE522;07.01.2024;21;1.0;116;48;113;48;3;46
TE522;07.01.2024;22;1.0;78;48;75;49;3;48
TE522;07.01.2024;23;1.0;53;51;50;50;3;50
TE522;08.01.2024;0;1.0;31;50;28;50;3;54
TE522;08.01.2024;1;1.0;18;43;16;42;2;48
TE522;08.01.2024;2;1.0;33;35;32;35;1;48
TE522;08.01.2024;3;1.0;25;52;21;53;4;51
TE522;08.01.2024;4;1.0;97;48;92;47;5;54
TE522;08.01.2024;5;1.0;276;47;264;47;12;46
TE522;08.01.2024;6;1.0;376;46;352;46;24;46
TE522;08.01.2024;7;1.0;389;44;373;44;16;44
TE522;08.01.2024;8;1.0;385;46;364;46;21;45
TE522;08.01.2024;9;1.0;361;45;338;45;23;44
TE522;08.01.2024;10;1.0;312;47;288;47;24;46
TE522;08.01.2024;11;1.0;329;47;302;47;27;47
TE522;08.01.2024;12;1.0;376;45;353;45;23;46
TE522;08.01.2024;13;1.0;390;46;374;45;16;50
TE522;08.01.2024;14;1.0;385;38;369;38;17;37
TE522;08.01.2024;15;1.0;456;43;439;43;17;41
TE522;08.01.2024;16;1.0;479;44;467;44;12;42
TE522;08.01.2024;17;1.0;432;45;415;45;17;46
TE522;08.01.2024;18;1.0;324;45;313;45;11;44
TE522;08.01.2024;19;1.0;263;45;255;45;8;43
TE522;08.01.2024;20;1.0;152;46;146;46;6;47
TE522;08.01.2024;21;1.0;139;46;134;46;5;47
TE522;08.01.2024;22;1.0;87;47;84;47;3;45
TE522;08.01.2024;23;1.0;51;46;47;47;4;46
TE522;09.01.2024;0;1.0;28;51;26;53;2;37
TE522;09.01.2024;1;1.0;21;43;20;42;1;53
TE522;09.01.2024;2;1.0;18;48;16;47;2;51
TE522;09.01.2024;3;1.0;17;41;14;39;3;51
TE522;09.01.2024;4;1.0;77;43;74;42;3;44
TE522;09.01.2024;5;1.0;286;45;272;45;14;45
TE522;09.01.2024;6;1.0;396;45;371;45;25;43
TE522;09.01.2024;7;1.0;402;46;384;46;18;47
TE522;09.01.2024;8;1.0;408;47;391;47;17;46
TE522;09.01.2024;9;1.0;327;46;315;46;12;46
TE522;09.01.2024;10;1.0;352;48;333;48;19;47
TE522;09.01.2024;11;1.0;373;43;356;43;16;43
TE522;09.01.2024;12;1.0;391;45;369;44;22;45
TE522;09.01.2024;13;1.0;394;46;375;46;19;44
TE522;09.01.2024;14;1.0;428;44;407;44;21;43
TE522;09.01.2024;15;1.0;515;43;496;43;19;45
TE522;09.01.2024;16;1.0;494;42;485;42;9;41
TE522;09.01.2024;17;1.0;468;45;455;44;13;48
TE522;09.01.2024;18;1.0;378;47;368;46;10;46
TE522;09.01.2024;19;1.0;243;48;233;48;10;48
TE522;09.01.2024;20;1.0;169;47;162;48;7;45
TE522;09.01.2024;21;1.0;135;49;130;49;5;47
TE522;09.01.2024;22;1.0;90;47;87;47;3;43
TE522;09.01.2024;23;1.0;64;50;61;50;3;43
TE522;10.01.2024;0;1.0;30;54;28;54;2;50
TE522;10.01.2024;1;1.0;14;54;12;52;2;62
TE522;10.01.2024;2;1.0;21;51;19;49;2;66
TE522;10.01.2024;3;1.0;29;51;27;50;2;60
TE522;10.01.2024;4;1.0;75;47;72;47;3;51
TE522;10.01.2024;5;1.0;292;46;279;46;13;45
TE522;10.01.2024;6;1.0;391;47;376;47;15;46
TE522;10.01.2024;7;1.0;451;47;438;47;13;48
TE522;10.01.2024;8;1.0;373;48;357;48;16;46
TE522;10.01.2024;9;1.0;335;49;319;49;16;48
TE522;10.01.2024;10;1.0;366;48;350;48;16;48
TE522;10.01.2024;11;1.0;391;46;361;46;30;45
TE522;10.01.2024;12;1.0;386;47;366;47;20;46
TE522;10.01.2024;13;1.0;433;47;413;46;20;45
TE522;10.01.2024;14;1.0;441;44;427;44;14;41
TE522;10.01.2024;15;1.0;483;45;469;45;14;48
TE522;10.01.2024;16;1.0;526;42;514;42;12;43
TE522;10.01.2024;17;1.0;456;45;445;45;11;40
TE522;10.01.2024;18;1.0;426;44;418;44;8;43
TE522;10.01.2024;19;1.0;245;35;239;35;7;30
TE522;10.01.2024;20;1.0;178;46;172;46;6;44
TE522;10.01.2024;21;1.0;153;48;147;48;6;44
TE522;10.01.2024;22;1.0;95;48;90;48;5;44
TE522;10.01.2024;23;1.0;66;47;64;47;2;44
TE522;11.01.2024;0;1.0;28;38;24;38;4;35
TE522;11.01.2024;1;1.0;17;57;15;57;2;56
TE522;11.01.2024;2;1.0;14;45;12;42;2;60
TE522;11.01.2024;3;1.0;20;46;17;46;3;46
TE522;11.01.2024;4;1.0;76;49;73;49;3;46
TE522;11.01.2024;5;1.0;275;53;251;53;24;52
TE522;11.01.2024;6;1.0;374;54;294;53;80;55
TE522;11.01.2024;7;1.0;412;52;401;52;11;54
TE522;11.01.2024;8;1.0;338;42;310;42;29;44
TE522;11.01.2024;9;1.0;377;50;318;50;59;51
TE522;11.01.2024;10;1.0;325;47;259;46;66;48
TE522;11.01.2024;11;1.0;351;53;295;53;56;54
TE522;11.01.2024;12;1.0;391;49;357;49;34;52
TE522;11.01.2024;13;1.0;397;50;380;49;17;50
TE522;11.01.2024;14;1.0;463;50;438;50;25;50
TE522;11.01.2024;15;1.0;482;45;465;45;17;46
TE522;11.01.2024;16;1.0;476;47;465;47;11;49
TE522;11.01.2024;17;1.0;444;45;435;45;9;44
TE522;11.01.2024;18;1.0;392;47;372;47;20;46
TE522;11.01.2024;19;1.0;243;49;238;49;5;49
TE522;11.01.2024;20;1.0;208;49;196;50;12;46
TE522;11.01.2024;21;1.0;139;50;135;50;4;48
TE522;11.01.2024;22;1.0;108;49;104;49;4;47
TE522;11.01.2024;23;1.0;64;47;60;46;4;57
TE522;12.01.2024;0;1.0;38;52;27;53;11;51
TE522;12.01.2024;1;1.0;22;48;14;47;8;50
TE522;12.01.2024;2;1.0;27;50;23;51;4;46
TE522;12.01.2024;3;1.0;21;51;19;52;2;46
TE522;12.01.2024;4;1.0;64;45;62;45;2;50
TE522;12.01.2024;5;1.0;202;47;197;47;5;54
TE522;12.01.2024;7;1.0;413;49;403;49;10;51
TE522;12.01.2024;8;1.0;328;49;322;49;6;46
TE522;12.01.2024;9;1.0;348;48;335;48;13;47
TE522;12.01.2024;10;1.0;322;49;313;49;9;47
TE522;12.01.2024;11;1.0;345;49;335;49;10;46
TE522;12.01.2024;12;1.0;379;50;369;49;10;54
TE522;12.01.2024;13;1.0;442;49;432;49;10;52
TE522;12.01.2024;14;1.0;443;50;434;50;9;47
TE522;12.01.2024;15;1.0;431;48;423;48;8;48
TE522;12.01.2024;16;1.0;460;49;450;49;10;43
TE522;12.01.2024;17;1.0;355;48;348;48;7;44
TE522;12.01.2024;18;1.0;364;49;356;49;8;51
TE522;12.01.2024;19;1.0;244;50;238;50;6;51
TE522;12.01.2024;20;1.0;202;50;197;50;5;50
TE522;12.01.2024;21;1.0;134;51;130;50;4;50
TE522;12.01.2024;22;1.0;112;45;109;45;3;48
TE522;12.01.2024;23;1.0;81;48;76;48;5;48
TE522;13.01.2024;0;1.0;66;52;63;51;3;55
TE522;13.01.2024;1;1.0;38;50;36;50;2;53
TE522;13.01.2024;2;1.0;32;50;29;50;3;47
TE522;13.01.2024;3;1.0;21;50;19;50;2;42
TE522;13.01.2024;4;1.0;37;51;34;51;3;46
TE522;13.01.2024;5;1.0;55;51;51;52;4;45
TE522;13.01.2024;6;1.0;65;46;59;47;6;42
TE522;13.01.2024;7;1.0;84;47;76;48;8;43
TE522;13.01.2024;8;1.0;171;50;155;50;16;48
TE522;13.01.2024;9;1.0;225;51;211;51;14;50
TE522;13.01.2024;10;1.0;322;52;309;53;13;50
TE522;13.01.2024;11;1.0;329;51;321;51;8;50
TE522;13.01.2024;12;1.0;356;52;346;52;10;51
TE522;13.01.2024;13;1.0;420;49;414;49;6;52
TE522;13.01.2024;14;1.0;411;49;401;49;10;52
TE522;13.01.2024;15;1.0;342;50;332;51;10;48
TE522;13.01.2024;16;1.0;346;45;338;46;8;42
TE522;13.01.2024;17;1.0;302;51;292;51;10;48
TE522;13.01.2024;18;1.0;267;49;256;49;11;46
TE522;13.01.2024;19;1.0;206;52;198;52;8;48
TE522;13.01.2024;21;1.0;126;50;121;50;5;49
TE522;13.01.2024;22;1.0;143;51;138;51;5;47
TE522;13.01.2024;23;1.0;95;51;91;52;4;49
TE522;14.01.2024;0;1.0;79;52;75;52;4;46
TE522;14.01.2024;1;1.0;61;51;58;51;3;51
TE522;14.01.2024;2;1.0;45;50;42;51;3;40
TE522;14.01.2024;3;1.0;36;47;33;47;3;47
TE522;14.01.2024;4;1.0;29;50;27;49;2;62
TE522;14.01.2024;5;1.0;44;46;42;46;2;46
TE522;14.01.2024;6;1.0;44;48;39;49;5;42
TE522;14.01.2024;7;1.0;50;47;48;47;2;43
TE522;14.01.2024;8;1.0;49;50;45;51;4;42
TE522;14.01.2024;9;1.0;110;46;107;47;3;39
TE522;14.01.2024;10;1.0;166;51;156;51;10;48
TE522;14.01.2024;11;1.0;154;50;148;50;6;46
TE522;14.01.2024;12;1.0;204;51;198;51;6;45
TE522;14.01.2024;13;1.0;253;51;247;51;6;49
TE522;14.01.2024;14;1.0;246;51;240;52;6;50
TE522;14.01.2024;15;1.0;230;54;221;54;9;58
TE522;14.01.2024;16;1.0;223;49;216;48;8;51
TE522;14.01.2024;17;1.0;213;55;205;55;8;57
TE522;14.01.2024;18;1.0;194;57;188;57;6;58
TE522;14.01.2024;19;1.0;155;42;148;42;7;42
TE522;14.01.2024;20;1.0;120;55;114;55;6;59
TE522;14.01.2024;21;1.0;115;55;112;55;3;59
TE522;14.01.2024;22;1.0;83;52;80;52;3;54
TE522;14.01.2024;23;1.0;46;55;42;56;4;44
TE522;15.01.2024;0;1.0;30;54;28;54;2;47
TE522;15.01.2024;1;1.0;19;51;17;51;2;47
TE522;15.01.2024;2;1.0;23;50;20;50;3;47
TE522;15.01.2024;3;1.0;16;43;13;44;2;52
TE522;15.01.2024;4;1.0;73;49;69;49;4;47
TE522;15.01.2024;5;1.0;295;45;287;45;9;42
TE522;15.01.2024;6;1.0;369;51;337;51;32;48
TE522;15.01.2024;7;1.0;364;50;350;50;14;50
TE522;15.01.2024;8;1.0;371;47;360;48;11;38
TE522;15.01.2024;10;1.0;374;48;359;47;15;46
TE522;15.01.2024;11;1.0;337;49;319;49;18;50
TE522;15.01.2024;12;1.0;392;48;379;48;13;45
TE522;15.01.2024;13;1.0;402;49;384;49;18;48
TE522;15.01.2024;14;1.0;404;51;394;51;10;49
TE522;15.01.2024;15;1.0;477;49;468;49;9;48
TE522;15.01.2024;16;1.0;438;49;425;49;13;48
TE522;15.01.2024;17;1.0;421;49;412;49;9;48
TE522;15.01.2024;18;1.0;329;42;320;42;9;41
TE522;15.01.2024;19;1.0;236;50;229;49;7;44
TE522;15.01.2024;20;1.0;174;51;169;51;5;44
TE522;15.01.2024;21;1.0;129;48;125;48;4;44
TE522;15.01.2024;22;1.0;79;49;76;49;3;40
TE522;15.01.2024;23;1.0;52;50;49;51;3;40
TE522;16.01.2024;0;1.0;34;49;32;50;2;25
TE522;16.01.2024;1;1.0;22;42;20;43;2;42
TE522;16.01.2024;2;1.0;12;41;10;40;2;46
TE522;16.01.2024;3;1.0;15;34;13;35;2;28
TE522;16.01.2024;4;1.0;44;34;42;34;2;37
TE522;16.01.2024;5;1.0;253;31;248;31;5;34
TE522;16.01.2024;6;1.0;332;32;321;32;11;31
TE522;16.01.2024;7;1.0;372;31;363;31;9;30
TE522;16.01.2024;8;1.0;361;40;351;40;10;40
TE522;16.01.2024;9;1.0;313;47;304;47;9;45
TE522;16.01.2024;10;1.0;315;50;308;50;7;50
TE522;16.01.2024;11;1.0;337;45;322;45;15;44
TE522;16.01.2024;12;1.0;379;48;363;48;16;48
TE522;16.01.2024;13;1.0;362;48;349;48;13;48
TE522;16.01.2024;14;1.0;435;48;420;48;15;47
TE522;16.01.2024;15;1.0;458;48;445;48;13;47
TE522;16.01.2024;16;1.0;447;46;437;46;10;42
TE522;16.01.2024;17;1.0;421;50;414;51;7;41
TE522;16.01.2024;18;1.0;380;44;375;44;5;42
TE522;16.01.2024;19;1.0;251;49;242;49;9;50
TE522;16.01.2024;20;1.0;158;46;151;46;8;40
TE522;16.01.2024;21;1.0;137;52;134;52;3;46
TE522;16.01.2024;22;1.0;75;49;72;49;3;47
TE522;16.01.2024;23;1.0;55;52;51;52;4;48
TE522;17.01.2024;0;1.0;41;44;38;45;3;40
TE522;17.01.2024;1;1.0;29;50;27;51;2;44
TE522;17.01.2024;2;1.0;25;46;23;45;2;58
TE522;17.01.2024;3;1.0;21;49;19;50;2;47
TE522;17.01.2024;4;1.0;79;46;75;46;4;44
TE522;17.01.2024;5;1.0;288;44;277;44;11;43
TE522;17.01.2024;6;1.0;381;46;366;46;15;46
TE522;17.01.2024;7;1.0;422;46;407;46;15;44
TE522;17.01.2024;8;1.0;381;47;367;47;14;45
TE522;17.01.2024;9;1.0;389;48;370;48;19;46
TE522;17.01.2024;10;1.0;342;50;320;50;22;51
TE522;17.01.2024;11;1.0;317;49;296;49;21;49
TE522;17.01.2024;12;1.0;374;49;346;49;28;49
TE522;17.01.2024;13;1.0;440;49;411;49;29;49
TE522;17.01.2024;14;1.0;434;46;410;45;24;46
TE522;17.01.2024;15;1.0;457;20;451;20;6;20
TE522;17.01.2024;16;1.0;495;49;479;49;16;45
TE522;17.01.2024;17;1.0;422;48;416;48;6;52
TE522;17.01.2024;18;1.0;332;51;322;51;10;53
TE522;17.01.2024;19;1.0;243;48;236;48;7;48
TE522;17.01.2024;20;1.0;144;46;139;46;5;45
TE522;17.01.2024;21;1.0;137;46;133;47;4;44
TE522;17.01.2024;22;1.0;100;49;96;49;4;46
TE522;18.01.2024;1;1.0;18;53;15;52;3;56
TE522;18.01.2024;2;1.0;19;51;17;50;2;56
TE522;18.01.2024;3;1.0;29;47;27;47;2;43
TE522;18.01.2024;4;1.0;65;46;61;47;4;41
TE522;18.01.2024;5;1.0;244;48;241;48;3;44
TE522;18.01.2024;8;1.0;339;48;328;48;11;48
TE522;18.01.2024;9;1.0;358;49;344;49;14;48
TE522;18.01.2024;10;1.0;330;50;312;50;18;50
TE522;18.01.2024;11;1.0;346;50;328;50;18;52
TE522;18.01.2024;12;1.0;407;48;388;48;19;47
TE522;18.01.2024;13;1.0;437;47;417;47;20;46
TE522;18.01.2024;14;1.0;449;45;428;45;21;44
TE522;18.01.2024;15;1.0;670;42;651;42;19;42
TE522;18.01.2024;16;1.0;524;41;507;41;16;35
TE522;18.01.2024;17;1.0;422;45;408;45;14;43
TE522;18.01.2024;18;1.0;363;45;357;45;6;44
TE522;18.01.2024;19;1.0;264;45;255;46;9;44
TE522;18.01.2024;20;1.0;185;46;176;46;9;45
TE522;18.01.2024;21;1.0;159;46;155;46;4;44
TE522;18.01.2024;22;1.0;107;49;103;48;4;48
TE522;18.01.2024;23;1.0;55;45;52;45;3;42
TE522;19.01.2024;0;1.0;37;51;35;51;2;46
TE522;19.01.2024;1;1.0;28;50;26;51;2;38
TE522;19.01.2024;2;1.0;26;48;23;49;3;43
TE522;19.01.2024;3;1.0;23;50;21;50;2;52
TE522;19.01.2024;4;1.0;79;42;71;43;7;45
TE522;19.01.2024;5;1.0;269;45;260;45;9;45
TE522;19.01.2024;6;1.0;357;49;337;49;20;47
TE522;19.01.2024;7;1.0;422;46;411;46;11;45
TE522;19.01.2024;8;1.0;387;43;366;43;20;44
TE522;19.01.2024;9;1.0;315;44;301;44;14;44
TE522;19.01.2024;10;1.0;353;46;329;46;24;48
TE522;19.01.2024;11;1.0;400;45;381;45;19;45
TE522;19.01.2024;12;1.0;440;46;422;46;18;46
TE522;19.01.2024;13;1.0;435;46;419;46;16;46
TE522;19.01.2024;14;1.0;444;46;416;46;28;45
TE522;19.01.2024;15;1.0;450;45;422;45;28;44
TE522;19.01.2024;16;1.0;473;46;460;46;13;46
TE522;19.01.2024;17;1.0;409;46;399;46;10;46
TE522;19.01.2024;18;1.0;329;49;323;49;6;43
TE522;19.01.2024;19;1.0;269;46;261;46;8;44
TE522;19.01.2024;20;1.0;176;45;168;45;8;45
TE522;19.01.2024;21;1.0;136;46;133;45;3;51
TE522;19.01.2024;22;1.0;112;45;106;45;6;44
TE522;19.01.2024;23;1.0;76;48;72;48;4;45
TE522;20.01.2024;0;1.0;72;47;71;47;1;37
TE522;20.01.2024;1;1.0;45;49;43;49;2;46
TE522;20.01.2024;2;1.0;30;44;29;44;1;52
TE522;20.01.2024;3;1.0;37;49;35;49;2;50
TE522;20.01.2024;4;1.0;43;47;41;47;2;45
TE522;20.01.2024;5;1.0;68;45;65;45;3;44
TE522;20.01.2024;6;1.0;83;47;77;47;6;42
TE522;20.01.2024;7;1.0;97;45;92;45;5;45
TE522;20.01.2024;8;1.0;151;51;128;51;23;51
TE522;20.01.2024;9;1.0;261;52;236;52;25;54
TE522;20.01.2024;10;1.0;334;50;315;50;19;50
TE522;20.01.2024;11;1.0;355;49;339;49;16;47
TE522;20.01.2024;12;1.0;376;49;359;49;17;48
TE522;20.01.2024;13;1.0;440;46;420;46;20;46
TE522;20.01.2024;14;1.0;355;47;340;47;15;47
TE522;20.01.2024;15;1.0;369;46;362;46;7;43
TE522;20.01.2024;16;1.0;332;44;323;44;9;42
TE522;20.01.2024;17;1.0;351;45;347;45;4;43
TE522;20.01.2024;18;1.0;256;46;247;46;9;47
TE522;20.01.2024;19;1.0;264;44;257;44;7;44
TE522;20.01.2024;20;1.0;176;44;168;44;8;45
TE522;20.01.2024;21;1.0;119;46;116;47;3;44
TE522;20.01.2024;22;1.0;105;48;101;48;4;52
TE522;20.01.2024;23;1.0;102;44;98;44;4;46
TE522;21.01.2024;0;1.0;90;49;88;49;2;48
TE522;21.01.2024;1;1.0;59;46;55;46;4;42
TE522;21.01.2024;2;1.0;44;43;41;43;3;38
TE522;21.01.2024;3;1.0;36;49;34;50;2;40
TE522;21.01.2024;4;1.0;27;49;25;49;2;48
TE522;21.01.2024;5;1.0;45;43;43;43;2;39
TE522;21.01.2024;6;1.0;25;39;22;40;3;38
TE522;21.01.2024;7;1.0;41;44;38;44;3;40
TE522;21.01.2024;8;1.0;71;46;67;47;4;38
TE522;21.01.2024;9;1.0;140;46;132;46;8;46
TE522;21.01.2024;10;1.0;157;46;151;46;6;46
TE522;21.01.2024;11;1.0;186;48;177;48;9;44
TE522;21.01.2024;12;1.0;224;48;208;48;16;47
TE522;21.01.2024;13;1.0;237;48;223;48;14;49
TE522;21.01.2024;14;1.0;253;47;236;48;17;47
TE522;21.01.2024;15;1.0;234;49;221;49;13;46
TE522;21.01.2024;16;1.0;250;49;240;49;10;47
TE522;21.01.2024;17;1.0;246;48;239;47;7;46
TE522;21.01.2024;18;1.0;223;50;217;50;6;50
TE522;21.01.2024;19;1.0;190;49;183;49;7;47
TE522;21.01.2024;20;1.0;128;51;123;52;5;49
TE522;21.01.2024;21;1.0;115;48;112;49;3;46
TE522;21.01.2024;22;1.0;69;49;66;49;3;42
TE522;21.01.2024;23;1.0;53;50;47;51;6;44
TE522;22.01.2024;0;1.0;45;49;42;49;3;45
TE522;22.01.2024;1;1.0;13;48;11;50;2;41
TE522;22.01.2024;2;1.0;13;45;11;46;2;46
TE522;22.01.2024;3;1.0;23;49;19;50;4;46
TE522;22.01.2024;4;1.0;84;47;80;47;4;44
TE522;22.01.2024;5;1.0;288;47;257;47;31;46
TE522;22.01.2024;6;1.0;376;46;340;47;36;47
TE522;22.01.2024;7;1.0;403;45;371;45;32;46
TE522;22.01.2024;8;1.0;394;45;371;45;23;45
TE522;22.01.2024;9;1.0;371;46;337;46;34;46
TE522;22.01.2024;10;1.0;353;47;316;46;37;46
TE522;22.01.2024;11;1.0;386;46;359;46;27;45
TE522;22.01.2024;12;1.0;381;46;361;46;20;45
TE522;22.01.2024;13;1.0;424;47;405;47;19;49
TE522;22.01.2024;14;1.0;452;45;425;46;27;46
TE522;22.01.2024;15;1.0;522;47;499;47;23;47
TE522;22.01.2024;16;1.0;520;44;503;44;17;44
TE522;22.01.2024;17;1.0;397;48;386;48;11;49
TE522;22.01.2024;18;1.0;337;48;324;47;13;50
TE522;22.01.2024;19;1.0;231;48;220;48;11;48
TE522;22.01.2024;20;1.0;172;47;165;47;7;49
TE522;22.01.2024;21;1.0;158;49;151;49;7;47
TE522;22.01.2024;22;1.0;99;46;95;46;4;44
TE522;22.01.2024;23;1.0;45;48;41;48;4;44
TE522;23.01.2024;0;1.0;28;47;26;47;2;39
TE522;23.01.2024;1;1.0;19;49;17;50;2;39
TE522;23.01.2024;2;1.0;18;43;16;44;2;36
TE522;23.01.2024;3;1.0;26;42;23;43;3;35
TE522;23.01.2024;4;1.0;85;41;78;42;7;38
TE522;23.01.2024;5;1.0;301;44;286;44;15;43
TE522;23.01.2024;6;1.0;395;45;382;45;13;42
TE522;23.01.2024;7;1.0;409;46;391;46;18;45
TE522;23.01.2024;8;1.0;375;46;341;46;34;47
TE522;23.01.2024;9;1.0;347;48;316;48;31;48
TE522;23.01.2024;10;1.0;358;47;336;48;22;46
TE522;23.01.2024;11;1.0;391;43;360;43;31;40
TE522;23.01.2024;12;1.0;448;45;425;45;23;47
TE522;23.01.2024;13;1.0;408;47;371;47;37;46
TE522;23.01.2024;14;1.0;462;46;430;46;32;47
TE522;23.01.2024;15;1.0;496;42;461;42;36;41
TE522;23.01.2024;16;1.0;515;44;484;44;31;42
TE522;23.01.2024;17;1.0;466;45;451;45;15;42
TE522;23.01.2024;18;1.0;347;45;333;45;14;46
TE522;23.01.2024;19;1.0;266;45;255;45;11;43
TE522;23.01.2024;20;1.0;199;45;191;45;8;44
TE522;23.01.2024;21;1.0;146;46;140;46;6;45
TE522;23.01.2024;22;1.0;95;48;91;48;4;44
TE522;23.01.2024;23;1.0;61;51;58;51;3;44
TE522;24.01.2024;0;1.0;31;49;29;49;2;51
TE522;24.01.2024;1;1.0;19;47;17;48;2;38
TE522;24.01.2024;2;1.0;10;54;8;54;2;50
TE522;24.01.2024;3;1.0;23;45;20;45;3;47
TE522;24.01.2024;4;1.0;88;45;83;45;5;46
TE522;24.01.2024;5;1.0;274;42;266;42;8;42
TE522;24.01.2024;6;1.0;385;47;362;48;23;45
TE522;24.01.2024;7;1.0;459;41;436;41;24;40
TE522;24.01.2024;8;1.0;405;45;385;45;20;44
TE522;24.01.2024;9;1.0;412;41;391;41;21;41
TE522;24.01.2024;10;1.0;338;44;318;44;20;42
TE522;24.01.2024;11;1.0;379;47;344;47;35;47
TE522;24.01.2024;12;1.0;391;47;365;47;26;47
TE522;24.01.2024;13;1.0;430;47;403;47;27;48
TE522;24.01.2024;14;1.0;459;42;424;42;35;43
TE522;24.01.2024;15;1.0;512;45;475;45;37;44
TE522;24.01.2024;16;1.0;492;46;479;46;13;46
TE522;24.01.2024;17;1.0;468;45;456;45;12;42
TE522;24.01.2024;18;1.0;363;47;354;47;9;46
TE522;24.01.2024;19;1.0;292;47;277;48;15;46
TE522;24.01.2024;20;1.0;180;46;175;47;5;44
TE522;24.01.2024;21;1.0;182;48;176;48;6;50
TE522;24.01.2024;22;1.0;99;46;95;46;4;42
TE522;24.01.2024;23;1.0;63;50;60;50;3;34
TE522;25.01.2024;0;1.0;55;49;51;49;4;50
TE522;25.01.2024;1;1.0;34;49;29;49;5;47
TE522;25.01.2024;2;1.0;15;48;13;48;2;45
TE522;25.01.2024;3;1.0;27;46;22;46;5;51
TE522;25.01.2024;4;1.0;79;47;73;47;6;47
TE522;25.01.2024;5;1.0;289;47;281;47;8;48
TE522;25.01.2024;6;1.0;389;47;370;47;19;48
TE522;25.01.2024;7;1.0;453;45;426;45;27;43
TE522;25.01.2024;8;1.0;426;45;385;45;41;43
TE522;25.01.2024;9;1.0;373;43;324;43;50;42
TE522;25.01.2024;10;1.0;375;46;334;46;41;45
TE522;25.01.2024;11;1.0;404;46;378;46;26;47
TE522;25.01.2024;12;1.0;410;48;385;47;25;48
TE522;25.01.2024;13;1.0;406;48;370;48;36;48
TE522;25.01.2024;14;1.0;450;35;411;35;38;36
TE522;25.01.2024;15;1.0;508;39;474;40;34;38
TE522;25.01.2024;16;1.0;501;46;471;46;30;45
TE522;25.01.2024;17;1.0;455;44;438;44;16;42
TE522;25.01.2024;18;1.0;347;49;338;48;9;48
TE522;25.01.2024;19;1.0;271;51;262;51;9;49
TE522;25.01.2024;20;1.0;185;54;178;53;7;53
TE522;25.01.2024;21;1.0;164;54;156;54;8;52
TE522;25.01.2024;22;1.0;111;48;105;48;6;44
TE522;25.01.2024;23;1.0;59;50;55;50;4;51
TE522;26.01.2024;0;1.0;51;49;47;49;4;56
TE522;26.01.2024;1;1.0;19;47;17;47;2;46
TE522;26.01.2024;2;1.0;18;43;16;43;2;42
TE522;26.01.2024;3;1.0;26;43;23;42;3;47
TE522;26.01.2024;4;1.0;71;51;67;51;4;46
TE522;26.01.2024;5;1.0;265;49;249;49;16;45
TE522;26.01.2024;6;1.0;371;52;348;52;23;52
TE522;26.01.2024;7;1.0;425;43;408;44;17;41
TE522;26.01.2024;8;1.0;226;16;209;15;17;20
TE522;26.01.2024;9;1.0;338;36;326;37;12;29
TE522;26.01.2024;10;1.0;375;51;352;51;23;50
TE522;26.01.2024;11;1.0;393;48;374;48;19;49
TE522;26.01.2024;12;1.0;462;42;429;42;31;38
TE522;26.01.2024;13;1.0;422;46;407;46;15;43
TE522;26.01.2024;14;1.0;437;46;429;46;8;48
TE522;26.01.2024;15;1.0;465;45;454;45;11;44
TE522;26.01.2024;16;1.0;480;43;470;43;10;41
TE522;26.01.2024;17;1.0;367;24;357;24;10;24
TE522;26.01.2024;18;1.0;337;47;323;48;14;43
TE522;26.01.2024;19;1.0;251;46;240;46;11;43
TE522;26.01.2024;20;1.0;199;47;191;48;8;40
TE522;26.01.2024;21;1.0;140;48;133;48;7;44
TE522;26.01.2024;22;1.0;153;47;146;48;7;45
TE522;26.01.2024;23;1.0;80;47;77;47;3;46
TE522;27.01.2024;0;1.0;67;47;64;47;3;47
TE522;27.01.2024;1;1.0;48;45;46;45;2;54
TE522;27.01.2024;2;1.0;35;50;32;50;3;52
TE522;27.01.2024;3;1.0;24;43;20;46;3;43
TE522;27.01.2024;4;1.0;51;46;47;46;4;47
TE522;27.01.2024;5;1.0;73;43;69;43;4;44
TE522;27.01.2024;6;1.0;78;51;71;51;7;47
TE522;27.01.2024;7;1.0;109;49;102;49;7;46
TE522;27.01.2024;8;1.0;173;50;157;50;16;51
TE522;27.01.2024;9;1.0;269;48;237;49;32;48
TE522;27.01.2024;10;1.0;333;49;311;48;22;48
TE522;27.01.2024;11;1.0;380;51;350;51;30;50
TE522;27.01.2024;12;1.0;411;50;397;50;14;49
TE522;27.01.2024;13;1.0;427;50;404;50;23;51
TE522;27.01.2024;14;1.0;407;45;396;45;11;47
TE522;27.01.2024;15;1.0;395;45;377;45;18;47
TE522;27.01.2024;16;1.0;350;34;341;34;9;37
TE522;27.01.2024;17;1.0;347;40;335;40;12;38
TE522;27.01.2024;18;1.0;307;33;300;33;6;39
TE522;27.01.2024;19;1.0;253;45;246;44;7;44
TE522;27.01.2024;20;1.0;174;45;167;45;7;42
TE522;27.01.2024;21;1.0;165;46;160;46;5;45
TE522;27.01.2024;22;1.0;157;46;154;46;3;44
TE522;27.01.2024;23;1.0;89;47;86;48;3;45
TE522;28.01.2024;0;1.0;84;46;82;46;2;46
TE522;28.01.2024;1;1.0;78;48;73;48;5;47
TE522;28.01.2024;2;1.0;49;45;47;45;2;44
TE522;28.01.2024;3;1.0;39;47;36;48;3;42
TE522;28.01.2024;4;1.0;36;47;33;47;3;43
TE522;28.01.2024;5;1.0;64;46;59;46;5;46
TE522;28.01.2024;6;1.0;44;44;37;43;7;45
TE522;28.01.2024;7;1.0;58;47;53;48;5;40
TE522;28.01.2024;8;1.0;73;48;68;47;5;50
TE522;28.01.2024;9;1.0;140;47;133;47;7;45
TE522;28.01.2024;10;1.0;207;47;199;47;8;44
TE522;28.01.2024;11;1.0;217;47;209;48;8;44
TE522;28.01.2024;12;1.0;275;47;267;47;8;46
TE522;28.01.2024;13;1.0;351;46;341;46;10;45
TE522;28.01.2024;14;1.0;274;47;266;47;8;47
TE522;28.01.2024;15;1.0;257;48;248;48;9;50
TE522;28.01.2024;16;1.0;260;47;250;47;10;42
TE522;28.01.2024;17;1.0;226;47;217;47;9;44
TE522;28.01.2024;18;1.0;236;45;229;45;7;42
TE522;28.01.2024;19;1.0;211;45;205;45;6;41
TE522;28.01.2024;20;1.0;150;44;142;44;8;39
TE522;28.01.2024;21;1.0;141;43;137;43;4;38
TE522;28.01.2024;22;1.0;69;45;66;45;3;42
TE522;28.01.2024;23;1.0;56;46;53;47;3;33
TE522;29.01.2024;0;1.0;39;45;36;45;3;40
TE522;29.01.2024;1;1.0;26;51;24;52;2;48
TE522;29.01.2024;2;1.0;16;48;14;48;2;41
TE522;29.01.2024;3;1.0;29;43;27;42;2;45
TE522;29.01.2024;4;1.0;82;42;79;42;3;39
TE522;29.01.2024;5;1.0;298;42;292;42;6;43
TE522;29.01.2024;6;1.0;418;43;400;44;18;41
TE522;29.01.2024;7;1.0;430;43;415;43;15;41
TE522;29.01.2024;8;1.0;421;45;402;45;19;44
TE522;29.01.2024;9;1.0;370;43;355;44;15;39
TE522;29.01.2024;10;1.0;368;39;339;39;29;40
TE522;29.01.2024;11;1.0;433;43;400;42;33;40
TE522;29.01.2024;12;1.0;463;45;432;45;31;44
TE522;29.01.2024;13;1.0;432;45;404;45;28;45
TE522;29.01.2024;14;1.0;514;44;495;44;19;43
TE522;29.01.2024;15;1.0;477;44;459;43;18;42
TE522;29.01.2024;16;1.0;523;43;494;43;29;43
TE522;29.01.2024;17;1.0;444;43;436;43;8;42
TE522;29.01.2024;18;1.0;350;45;338;45;12;43
TE522;29.01.2024;19;1.0;255;44;248;44;7;43
TE522;29.01.2024;20;1.0;159;45;155;45;4;44
TE522;29.01.2024;21;1.0;140;44;137;44;3;42
TE522;29.01.2024;22;1.0;95;45;91;45;4;42
TE522;29.01.2024;23;1.0;52;46;49;46;3;40
TE522;30.01.2024;0;1.0;31;53;29;53;2;51
TE522;30.01.2024;1;1.0;16;46;14;46;2;48
TE522;30.01.2024;2;1.0;12;46;9;48;2;60
TE522;30.01.2024;3;1.0;28;50;26;49;2;60
TE522;30.01.2024;4;1.0;80;43;76;43;4;42
TE522;30.01.2024;5;1.0;292;43;277;43;15;42
TE522;30.01.2024;6;1.0;395;33;374;33;20;35
TE522;30.01.2024;7;1.0;435;43;416;43;19;42
TE522;30.01.2024;8;1.0;418;45;397;46;21;44
TE522;30.01.2024;9;1.0;376;45;354;45;22;47
TE522;30.01.2024;10;1.0;352;46;329;46;23;46
TE522;30.01.2024;11;1.0;404;46;386;46;18;46
TE522;30.01.2024;12;1.0;418;45;394;45;24;43
TE522;30.01.2024;13;1.0;444;41;424;41;20;40
TE522;30.01.2024;14;1.0;475;45;451;45;24;43
TE522;30.01.2024;15;1.0;530;44;508;44;22;44
TE522;30.01.2024;16;1.0;496;43;449;43;47;43
TE522;30.01.2024;17;1.0;442;42;424;42;18;42
TE522;30.01.2024;18;1.0;396;46;384;46;12;45
TE522;30.01.2024;19;1.0;305;47;294;46;11;49
TE522;30.01.2024;20;1.0;199;47;187;47;12;46
TE522;30.01.2024;21;1.0;120;47;117;47;3;45
TE522;30.01.2024;22;1.0;100;44;93;44;6;45
TE522;30.01.2024;23;1.0;51;48;46;48;5;47
TE522;31.01.2024;0;1.0;32;49;27;47;5;59
TE522;31.01.2024;1;1.0;18;44;15;44;3;46
TE522;31.01.2024;2;1.0;26;49;24;48;2;56
TE522;31.01.2024;3;1.0;23;47;21;47;2;44
TE522;31.01.2024;4;1.0;72;45;68;45;4;44
TE522;31.01.2024;5;1.0;284;45;268;45;16;44
TE522;31.01.2024;6;1.0;392;47;363;47;29;46
TE522;31.01.2024;7;1.0;399;46;373;46;26;43
TE522;31.01.2024;8;1.0;393;45;373;46;20;44
TE522;31.01.2024;9;1.0;396;45;373;45;23;44
TE522;31.01.2024;10;1.0;361;48;334;48;27;46
TE522;31.01.2024;11;1.0;406;49;385;49;21;50
TE522;31.01.2024;12;1.0;417;50;378;50;39;49
TE522;31.01.2024;13;1.0;414;49;386;48;28;51
TE522;31.01.2024;14;1.0;460;43;426;44;34;43
TE522;31.01.2024;15;1.0;488;47;459;47;29;44
TE522;31.01.2024;16;1.0;484;43;474;44;10;43
TE522;31.01.2024;17;1.0;464;50;454;50;10;45
TE522;31.01.2024;18;1.0;370;50;363;51;7;43
TE522;31.01.2024;19;1.0;244;52;236;52;8;48
TE522;31.01.2024;20;1.0;159;50;152;50;7;52
TE522;31.01.2024;21;1.0;138;52;133;52;5;46
TE522;31.01.2024;22;1.0;99;48;94;48;5;44
TE522;31.01.2024;23;1.0;56;51;51;51;5;51
TE524;01.01.2024;0;1.0;85;49;83;49;2;57
TE524;01.01.2024;1;1.0;184;43;184;43;0;-1
TE524;01.01.2024;3;1.0;120;43;119;43;1;60
TE524;01.01.2024;4;1.0;82;45;81;45;1;60
TE524;01.01.2024;5;1.0;84;48;78;49;6;44
TE524;01.01.2024;6;1.0;59;43;54;44;4;42
TE524;01.01.2024;7;1.0;78;44;72;45;5;46
TE524;01.01.2024;8;1.0;45;44;40;43;6;36
TE524;01.01.2024;9;1.0;81;43;73;44;8;44
TE524;01.01.2024;10;1.0;109;44;98;45;11;41
TE524;01.01.2024;11;1.0;152;43;148;43;4;44
TE524;01.01.2024;12;1.0;194;47;186;47;7;47
TE524;01.01.2024;13;1.0;244;53;241;53;3;51
TE524;01.01.2024;14;1.0;271;44;267;44;4;43
TE524;01.01.2024;15;1.0;288;50;284;51;4;53
TE524;01.01.2024;16;1.0;246;47;243;47;4;36
TE524;01.01.2024;17;1.0;250;42;248;42;3;38
TE524;01.01.2024;20;1.0;152;46;148;45;4;51
TE524;01.01.2024;22;1.0;121;43;118;43;4;42
TE524;01.01.2024;23;1.0;72;57;69;57;3;56
TE524;02.01.2024;0;1.0;47;52;47;52;0;-1
TE524;02.01.2024;1;1.0;33;47;33;47;0;-1
TE524;02.01.2024;2;1.0;40;48;39;48;1;60
TE524;02.01.2024;6;1.0;287;43;256;42;31;44
TE524;02.01.2024;7;1.0;415;41;403;41;12;41
TE524;02.01.2024;9;1.0;402;44;377;43;25;42
TE524;02.01.2024;10;1.0;467;50;441;50;26;51
TE524;02.01.2024;11;1.0;424;54;408;54;16;57
TE524;02.01.2024;12;1.0;530;50;501;51;30;49
TE524;02.01.2024;13;1.0;589;44;581;44;8;43
TE524;02.01.2024;14;1.0;625;49;618;49;7;52
TE524;02.01.2024;16;1.0;613;44;604;44;9;45
TE524;02.01.2024;17;1.0;553;44;541;44;12;44
TE524;02.01.2024;18;1.0;390;44;387;44;4;41
TE524;02.01.2024;19;1.0;294;54;291;54;3;62
TE524;02.01.2024;20;1.0;211;48;207;49;3;55
TE524;02.01.2024;21;1.0;168;50;163;50;4;62
TE524;02.01.2024;22;1.0;174;49;168;49;6;48
TE524;02.01.2024;23;1.0;72;53;66;53;6;54
TE524;03.01.2024;0;1.0;72;45;68;46;4;42
TE524;03.01.2024;1;1.0;48;60;47;60;1;55
TE524;03.01.2024;2;1.0;41;56;35;57;5;58
TE524;03.01.2024;3;1.0;45;44;37;44;8;44
TE524;03.01.2024;4;1.0;114;47;101;47;13;48
TE524;03.01.2024;5;1.0;223;48;188;48;35;48
TE524;03.01.2024;6;1.0;345;42;314;42;31;41
TE524;03.01.2024;8;1.0;478;46;438;46;41;46
TE524;03.01.2024;9;1.0;529;40;473;40;56;40
TE524;03.01.2024;10;1.0;522;44;456;45;66;43
TE524;03.01.2024;11;1.0;564;42;523;42;41;42
TE524;03.01.2024;13;1.0;729;46;696;46;33;45
TE524;03.01.2024;14;1.0;752;46;721;46;31;47
TE524;03.01.2024;15;1.0;692;46;667;46;25;46
TE524;03.01.2024;17;1.0;557;45;542;45;14;48
TE524;03.01.2024;18;1.0;402;41;395;41;8;40
TE524;03.01.2024;19;1.0;349;39;342;39;8;40
TE524;03.01.2024;20;1.0;235;40;221;40;14;34
TE524;03.01.2024;22;1.0;205;48;194;48;11;47
TE524;04.01.2024;0;1.0;70;50;66;49;5;47
TE524;04.01.2024;2;1.0;43;47;40;47;2;63
TE524;04.01.2024;3;1.0;43;42;38;42;5;46
TE524;04.01.2024;5;1.0;202;44;191;44;11;42
TE524;04.01.2024;6;1.0;339;44;327;44;12;42
TE524;04.01.2024;8;1.0;473;43;444;43;29;44
TE524;04.01.2024;9;1.0;525;42;465;42;60;41
TE524;04.01.2024;10;1.0;505;46;420;46;85;45
TE524;04.01.2024;11;1.0;570;46;512;46;57;47
TE524;04.01.2024;12;1.0;598;48;564;48;34;48
TE524;04.01.2024;13;1.0;721;39;696;40;25;42
TE524;04.01.2024;14;1.0;698;52;667;52;30;52
TE524;04.01.2024;15;1.0;744;42;714;42;30;44
TE524;04.01.2024;16;1.0;750;45;726;45;24;46
TE524;04.01.2024;17;1.0;553;43;536;43;18;41
TE524;04.01.2024;18;1.0;471;49;457;49;14;49
TE524;04.01.2024;20;1.0;254;44;245;45;8;44
TE524;04.01.2024;21;1.0;240;44;225;45;14;45
TE524;04.01.2024;22;1.0;198;46;187;46;11;44
TE524;05.01.2024;0;1.0;48;45;44;45;4;39
TE524;05.01.2024;1;1.0;45;43;45;43;0;-1
TE524;05.01.2024;2;1.0;45;51;39;53;4;54
TE524;05.01.2024;4;1.0;106;50;89;51;17;49
TE524;05.01.2024;5;1.0;214;49;170;49;44;47
TE524;05.01.2024;6;1.0;347;49;301;49;45;48
TE524;05.01.2024;7;1.0;435;46;377;46;59;46
TE524;05.01.2024;8;1.0;448;52;413;52;36;53
TE524;05.01.2024;9;1.0;471;44;440;44;30;45
TE524;05.01.2024;13;1.0;784;44;748;44;36;44
TE524;05.01.2024;14;1.0;824;43;781;43;43;43
TE524;05.01.2024;15;1.0;706;48;678;48;28;49
TE524;05.01.2024;16;1.0;585;53;573;53;12;50
TE524;05.01.2024;17;1.0;532;44;516;44;16;45
TE524;05.01.2024;18;1.0;451;50;438;50;14;47
TE524;05.01.2024;19;1.0;334;54;326;54;7;58
TE524;05.01.2024;20;1.0;285;46;280;46;5;47
TE524;05.01.2024;22;1.0;196;55;190;56;4;59
TE524;05.01.2024;23;1.0;140;46;133;46;6;45
TE524;06.01.2024;0;1.0;95;52;93;52;1;61
TE524;06.01.2024;1;1.0;46;51;45;51;1;59
TE524;06.01.2024;2;1.0;64;51;59;51;5;49
TE524;06.01.2024;3;1.0;52;54;49;54;2;59
TE524;06.01.2024;4;1.0;52;59;49;59;3;54
TE524;06.01.2024;5;1.0;118;51;95;51;24;48
TE524;06.01.2024;6;1.0;114;52;106;52;9;46
TE524;06.01.2024;7;1.0;131;45;118;45;12;45
TE524;06.01.2024;9;1.0;303;45;281;45;22;42
TE524;06.01.2024;10;1.0;355;48;325;48;30;48
TE524;06.01.2024;11;1.0;456;48;437;48;19;48
TE524;06.01.2024;12;1.0;580;44;564;44;16;44
TE524;06.01.2024;16;1.0;427;54;417;54;10;52
TE524;06.01.2024;17;1.0;420;49;414;49;6;47
TE524;06.01.2024;18;1.0;368;43;361;43;7;41
TE524;06.01.2024;19;1.0;297;50;293;50;5;47
TE524;06.01.2024;20;1.0;201;45;200;45;1;59
TE524;06.01.2024;21;1.0;219;51;210;51;8;54
TE524;06.01.2024;22;1.0;154;56;148;55;6;57
TE524;06.01.2024;23;1.0;115;55;109;55;6;61
TE524;07.01.2024;0;1.0;87;50;87;50;0;-1
TE524;07.01.2024;2;1.0;27;50;27;50;0;-1
TE524;07.01.2024;3;1.0;48;52;47;52;1;59
TE524;07.01.2024;4;1.0;56;41;56;41;0;-1
TE524;07.01.2024;5;1.0;62;44;56;44;5;46
TE524;07.01.2024;6;1.0;53;41;45;41;8;42
TE524;07.01.2024;7;1.0;68;46;63;47;3;49
TE524;07.01.2024;8;1.0;90;54;83;53;6;58
TE524;07.01.2024;9;1.0;134;50;129;50;5;45
TE524;07.01.2024;10;1.0;192;58;185;58;7;60
TE524;07.01.2024;11;1.0;271;50;267;50;5;48
TE524;07.01.2024;12;1.0;307;55;301;55;6;59
TE524;07.01.2024;13;1.0;337;56;333;56;4;61
TE524;07.01.2024;14;1.0;402;49;396;49;6;51
TE524;07.01.2024;15;1.0;369;61;366;61;3;60
TE524;07.01.2024;16;1.0;306;54;302;54;3;58
TE524;07.01.2024;17;1.0;289;55;285;55;4;56
TE524;07.01.2024;18;1.0;278;57;272;57;6;58
TE524;07.01.2024;19;1.0;249;50;245;50;5;49
TE524;07.01.2024;20;1.0;206;59;197;59;9;57
TE524;07.01.2024;21;1.0;148;47;144;47;4;48
TE524;07.01.2024;22;1.0;130;47;128;47;2;46
TE524;07.01.2024;23;1.0;73;50;67;50;5;55
TE524;08.01.2024;0;1.0;49;53;44;53;5;49
TE524;08.01.2024;1;1.0;50;51;49;51;1;59
TE524;08.01.2024;2;1.0;35;50;30;49;5;56
TE524;08.01.2024;3;1.0;43;53;35;53;8;54
TE524;08.01.2024;4;1.0;111;52;94;51;17;54
TE524;08.01.2024;5;1.0;291;42;263;41;29;42
TE524;08.01.2024;6;1.0;430;46;380;46;49;48
TE524;08.01.2024;7;1.0;501;51;462;51;39;52
TE524;08.01.2024;8;1.0;545;48;500;48;45;48
TE524;08.01.2024;9;1.0;466;48;429;48;36;48
TE524;08.01.2024;10;1.0;477;51;442;51;35;52
TE524;08.01.2024;11;1.0;498;51;460;51;38;52
TE524;08.01.2024;12;1.0;524;47;494;47;31;48
TE524;08.01.2024;13;1.0;691;50;657;50;34;50
TE524;08.01.2024;14;1.0;765;51;732;51;33;54
TE524;08.01.2024;15;1.0;759;50;735;50;24;50
TE524;08.01.2024;16;1.0;715;45;700;45;17;43
TE524;08.01.2024;17;1.0;655;48;641;48;14;47
TE524;08.01.2024;18;1.0;451;51;441;51;10;49
TE524;08.01.2024;21;1.0;190;48;185;48;4;54
TE524;08.01.2024;22;1.0;189;52;184;52;5;56
TE524;08.01.2024;23;1.0;90;53;82;53;8;52
TE524;09.01.2024;0;1.0;50;54;47;55;3;49
TE524;09.01.2024;1;1.0;37;54;35;55;2;54
TE524;09.01.2024;2;1.0;44;52;39;53;4;60
TE524;09.01.2024;3;1.0;43;56;38;56;5;57
TE524;09.01.2024;4;1.0;108;55;96;55;12;56
TE524;09.01.2024;5;1.0;291;55;261;55;30;57
TE524;09.01.2024;6;1.0;399;55;357;55;42;56
TE524;09.01.2024;7;1.0;508;54;467;54;41;56
TE524;09.01.2024;8;1.0;563;54;513;54;50;54
TE524;09.01.2024;9;1.0;563;55;527;55;36;55
TE524;09.01.2024;10;1.0;534;54;498;54;36;53
TE524;09.01.2024;11;1.0;588;47;542;47;46;46
TE524;09.01.2024;12;1.0;648;52;615;52;33;52
TE524;09.01.2024;13;1.0;746;52;724;52;22;52
TE524;09.01.2024;14;1.0;870;50;840;50;30;51
TE524;09.01.2024;15;1.0;874;50;855;50;19;50
TE524;09.01.2024;16;1.0;816;50;795;50;21;49
TE524;09.01.2024;17;1.0;641;51;630;51;11;51
TE524;09.01.2024;18;1.0;494;46;480;46;15;43
TE524;09.01.2024;19;1.0;527;54;514;54;13;53
TE524;09.01.2024;20;1.0;283;53;275;53;8;54
TE524;09.01.2024;21;1.0;206;53;201;53;5;51
TE524;09.01.2024;22;1.0;211;53;203;53;8;55
TE524;09.01.2024;23;1.0;85;54;79;54;6;53
TE524;10.01.2024;0;1.0;43;52;41;52;2;46
TE524;10.01.2024;1;1.0;31;51;30;50;1;81
TE524;10.01.2024;2;1.0;39;54;33;54;6;54
TE524;10.01.2024;3;1.0;46;53;40;53;6;53
TE524;10.01.2024;4;1.0;108;54;99;54;9;53
TE524;10.01.2024;5;1.0;293;54;263;53;30;53
TE524;10.01.2024;6;1.0;419;53;376;54;43;55
TE524;10.01.2024;7;1.0;581;54;551;54;30;54
TE524;10.01.2024;8;1.0;509;57;480;57;29;58
TE524;10.01.2024;9;1.0;457;56;431;56;26;55
TE524;10.01.2024;10;1.0;529;54;479;54;50;54
TE524;10.01.2024;11;1.0;593;48;543;48;50;45
TE524;10.01.2024;12;1.0;613;51;577;51;36;51
TE524;10.01.2024;13;1.0;689;47;651;47;38;43
TE524;10.01.2024;14;1.0;862;50;828;50;34;50
TE524;10.01.2024;15;1.0;849;51;825;51;24;51
TE524;10.01.2024;16;1.0;811;51;792;51;19;50
TE524;10.01.2024;17;1.0;737;50;715;50;22;49
TE524;10.01.2024;18;1.0;501;52;486;52;15;52
TE524;10.01.2024;19;1.0;416;53;407;52;9;52
TE524;10.01.2024;20;1.0;302;52;295;52;7;53
TE524;10.01.2024;21;1.0;233;54;226;54;7;51
TE524;10.01.2024;22;1.0;245;54;236;54;9;54
TE524;10.01.2024;23;1.0;94;56;89;56;5;58
TE524;11.01.2024;0;1.0;53;55;49;56;4;46
TE524;11.01.2024;1;1.0;31;58;31;58;0;-1
TE524;11.01.2024;2;1.0;42;62;40;62;2;59
TE524;11.01.2024;3;1.0;52;61;46;61;6;57
TE524;11.01.2024;4;1.0;100;61;92;61;8;58
TE524;11.01.2024;5;1.0;259;64;250;64;9;63
TE524;11.01.2024;6;1.0;396;61;375;61;21;63
TE524;11.01.2024;7;1.0;489;57;463;57;26;58
TE524;11.01.2024;8;1.0;545;52;519;52;27;52
TE524;11.01.2024;9;1.0;543;58;524;58;19;57
TE524;11.01.2024;10;1.0;547;59;531;59;16;58
TE524;11.01.2024;11;1.0;525;49;513;50;12;34
TE524;11.01.2024;12;1.0;542;59;527;59;15;59
TE524;11.01.2024;13;1.0;711;59;695;59;16;59
TE524;11.01.2024;14;1.0;833;57;820;57;13;57
TE524;11.01.2024;15;1.0;798;57;790;57;8;57
TE524;11.01.2024;16;1.0;800;54;792;54;8;53
TE524;11.01.2024;17;1.0;630;55;617;55;13;55
TE524;11.01.2024;18;1.0;535;55;526;55;9;57
TE524;11.01.2024;19;1.0;437;56;426;56;11;57
TE524;11.01.2024;20;1.0;341;53;337;53;4;50
TE524;11.01.2024;21;1.0;234;58;227;58;7;54
TE524;11.01.2024;22;1.0;251;55;245;55;6;56
TE524;11.01.2024;23;1.0;112;53;107;53;5;54
TE524;12.01.2024;0;1.0;63;54;61;54;2;50
TE524;12.01.2024;1;1.0;38;58;38;58;0;-1
TE524;12.01.2024;2;1.0;51;61;49;62;2;53
TE524;12.01.2024;3;1.0;62;57;60;57;2;57
TE524;12.01.2024;4;1.0;109;57;94;57;15;54
TE524;12.01.2024;5;1.0;289;60;273;60;16;57
TE524;12.01.2024;6;1.0;380;59;365;59;15;59
TE524;12.01.2024;7;1.0;496;56;474;56;22;56
TE524;12.01.2024;8;1.0;513;57;496;57;17;56
TE524;12.01.2024;9;1.0;487;58;470;58;17;57
TE524;12.01.2024;10;1.0;536;58;517;58;19;58
TE524;12.01.2024;11;1.0;665;59;646;59;19;57
TE524;12.01.2024;12;1.0;726;60;703;60;23;58
TE524;12.01.2024;13;1.0;777;59;756;59;21;57
TE524;12.01.2024;14;1.0;851;58;836;57;15;59
TE524;12.01.2024;15;1.0;763;58;756;58;7;57
TE524;12.01.2024;16;1.0;581;58;576;58;5;57
TE524;12.01.2024;17;1.0;527;58;521;58;6;60
TE524;12.01.2024;18;1.0;467;57;463;57;4;56
TE524;12.01.2024;19;1.0;385;59;379;59;6;58
TE524;12.01.2024;20;1.0;325;58;319;58;6;58
TE524;12.01.2024;21;1.0;232;58;225;58;7;59
TE524;12.01.2024;22;1.0;219;60;214;60;5;57
TE524;12.01.2024;23;1.0;132;58;128;59;4;59
TE524;13.01.2024;0;1.0;89;61;85;62;4;56
TE524;13.01.2024;1;1.0;58;61;56;61;2;54
TE524;13.01.2024;2;1.0;45;62;43;63;2;53
TE524;13.01.2024;3;1.0;42;64;38;65;4;53
TE524;13.01.2024;4;1.0;72;62;67;63;5;55
TE524;13.01.2024;5;1.0;111;61;94;61;17;57
TE524;13.01.2024;6;1.0;116;64;109;64;7;66
TE524;13.01.2024;7;1.0;113;63;110;63;3;62
TE524;13.01.2024;8;1.0;232;62;220;61;12;60
TE524;13.01.2024;9;1.0;309;62;296;62;13;61
TE524;13.01.2024;10;1.0;369;62;356;62;13;63
TE524;13.01.2024;11;1.0;467;59;460;59;7;61
TE524;13.01.2024;12;1.0;525;59;517;59;8;60
TE524;13.01.2024;13;1.0;525;61;510;61;15;60
TE524;13.01.2024;14;1.0;533;60;520;60;13;59
TE524;13.01.2024;15;1.0;489;62;480;62;9;62
TE524;13.01.2024;16;1.0;445;61;442;61;3;57
TE524;13.01.2024;17;1.0;413;59;409;59;4;56
TE524;13.01.2024;18;1.0;383;58;379;58;4;58
TE524;13.01.2024;19;1.0;304;59;301;58;3;59
TE524;13.01.2024;20;1.0;213;61;210;61;3;54
TE524;13.01.2024;21;1.0;169;50;166;50;3;55
TE524;13.01.2024;22;1.0;149;59;147;59;2;56
TE524;13.01.2024;23;1.0;143;60;138;60;5;64
TE524;14.01.2024;0;1.0;111;61;110;61;1;62
TE524;14.01.2024;1;1.0;76;59;76;59;0;-1
TE524;14.01.2024;2;1.0;44;64;44;64;0;-1
TE524;14.01.2024;3;1.0;46;66;43;66;3;64
TE524;14.01.2024;4;1.0;52;61;49;61;3;61
TE524;14.01.2024;5;1.0;66;55;65;55;1;47
TE524;14.01.2024;6;1.0;69;62;66;62;3;53
TE524;14.01.2024;7;1.0;54;56;50;56;4;53
TE524;14.01.2024;8;1.0;103;58;100;58;3;56
TE524;14.01.2024;9;1.0;172;57;167;58;5;56
TE524;14.01.2024;10;1.0;203;59;200;59;3;57
TE524;14.01.2024;11;1.0;274;59;270;59;4;56
TE524;14.01.2024;12;1.0;327;60;324;60;3;51
TE524;14.01.2024;13;1.0;374;60;370;60;4;54
TE524;14.01.2024;14;1.0;406;60;399;60;7;59
TE524;14.01.2024;15;1.0;395;58;390;58;5;58
TE524;14.01.2024;16;1.0;346;58;343;58;3;59
TE524;14.01.2024;17;1.0;284;59;280;59;4;60
TE524;14.01.2024;18;1.0;289;59;286;59;3;60
TE524;14.01.2024;19;1.0;236;60;233;60;3;58
TE524;14.01.2024;20;1.0;176;61;173;61;3;60
TE524;14.01.2024;21;1.0;135;59;132;59;3;60
TE524;14.01.2024;22;1.0;129;58;125;57;4;67
TE524;14.01.2024;23;1.0;79;63;77;63;2;61
TE524;15.01.2024;0;1.0;47;63;46;63;1;64
TE524;15.01.2024;1;1.0;41;60;39;60;2;50
TE524;15.01.2024;2;1.0;35;66;33;66;2;67
TE524;15.01.2024;3;1.0;47;61;43;61;4;60
TE524;15.01.2024;4;1.0;111;61;95;62;16;56
TE524;15.01.2024;5;1.0;280;60;246;61;34;60
TE524;15.01.2024;6;1.0;424;58;393;58;31;56
TE524;15.01.2024;7;1.0;579;56;553;56;26;56
TE524;15.01.2024;8;1.0;568;54;548;54;20;52
TE524;15.01.2024;9;1.0;502;56;473;56;29;55
TE524;15.01.2024;10;1.0;574;55;535;56;39;54
TE524;15.01.2024;11;1.0;562;57;522;58;40;57
TE524;15.01.2024;12;1.0;623;58;590;58;33;56
TE524;15.01.2024;13;1.0;718;60;691;60;27;59
TE524;15.01.2024;14;1.0;791;55;758;55;33;55
TE524;15.01.2024;15;1.0;795;58;772;58;23;58
TE524;15.01.2024;16;1.0;712;58;703;58;9;58
TE524;15.01.2024;17;1.0;636;47;625;47;11;47
TE524;15.01.2024;18;1.0;491;56;481;56;10;56
TE524;15.01.2024;19;1.0;312;60;302;60;10;60
TE524;15.01.2024;20;1.0;240;59;232;59;8;59
TE524;15.01.2024;21;1.0;214;58;207;58;7;57
TE524;15.01.2024;22;1.0;201;59;195;59;6;56
TE524;15.01.2024;23;1.0;85;59;80;59;5;54
TE524;16.01.2024;0;1.0;56;61;51;61;5;56
TE524;16.01.2024;1;1.0;36;66;34;66;2;64
TE524;16.01.2024;2;1.0;26;50;25;50;1;39
TE524;16.01.2024;3;1.0;42;42;36;41;6;46
TE524;16.01.2024;4;1.0;93;38;84;38;9;43
TE524;16.01.2024;5;1.0;267;43;260;43;7;41
TE524;16.01.2024;6;1.0;419;44;383;43;36;45
TE524;16.01.2024;7;1.0;464;43;443;43;21;45
TE524;16.01.2024;8;1.0;563;52;554;52;9;49
TE524;16.01.2024;9;1.0;461;38;440;38;21;44
TE524;16.01.2024;10;1.0;526;55;506;55;20;55
TE524;16.01.2024;11;1.0;627;53;580;53;47;52
TE524;16.01.2024;12;1.0;597;58;549;58;48;59
TE524;16.01.2024;13;1.0;758;59;719;59;39;58
TE524;16.01.2024;14;1.0;808;58;774;58;34;58
TE524;16.01.2024;15;1.0;805;58;773;58;32;59
TE524;16.01.2024;16;1.0;774;55;759;55;15;55
TE524;16.01.2024;17;1.0;679;56;670;56;9;57
TE524;16.01.2024;18;1.0;512;56;505;56;7;56
TE524;16.01.2024;19;1.0;350;58;337;58;13;55
TE524;16.01.2024;20;1.0;253;58;247;58;6;60
TE524;16.01.2024;21;1.0;202;59;197;59;5;60
TE524;16.01.2024;22;1.0;217;59;214;59;3;58
TE524;16.01.2024;23;1.0;84;56;77;56;7;57
TE524;17.01.2024;0;1.0;70;54;66;54;4;50
TE524;17.01.2024;1;1.0;51;59;51;59;0;-1
TE524;17.01.2024;2;1.0;48;58;46;58;2;58
TE524;17.01.2024;3;1.0;58;56;52;57;6;49
TE524;17.01.2024;4;1.0;111;57;96;58;15;56
TE524;17.01.2024;5;1.0;284;56;257;56;27;56
TE524;17.01.2024;6;1.0;440;57;397;57;43;55
TE524;17.01.2024;7;1.0;538;55;503;55;35;54
TE524;17.01.2024;8;1.0;599;56;565;56;34;56
TE524;17.01.2024;9;1.0;550;55;501;55;49;55
TE524;17.01.2024;10;1.0;527;55;479;56;48;55
TE524;17.01.2024;11;1.0;604;56;556;57;48;56
TE524;17.01.2024;12;1.0;587;55;537;56;50;57
TE524;17.01.2024;13;1.0;710;56;666;56;44;57
TE524;17.01.2024;14;1.0;779;57;740;57;39;58
TE524;17.01.2024;15;1.0;535;43;519;42;16;49
TE524;17.01.2024;16;1.0;606;45;589;44;17;44
TE524;17.01.2024;17;1.0;612;56;601;56;11;56
TE524;17.01.2024;18;1.0;481;57;475;57;6;58
TE524;17.01.2024;19;1.0;319;58;311;58;8;60
TE524;17.01.2024;20;1.0;267;55;261;55;6;51
TE524;17.01.2024;21;1.0;178;59;172;59;6;55
TE524;17.01.2024;22;1.0;215;59;212;59;3;60
TE524;17.01.2024;23;1.0;100;60;96;60;4;59
TE524;18.01.2024;0;1.0;65;58;64;58;1;57
TE524;18.01.2024;1;1.0;83;44;83;44;0;-1
TE524;18.01.2024;2;1.0;61;60;59;60;2;59
TE524;18.01.2024;3;1.0;64;58;59;58;5;61
TE524;18.01.2024;4;1.0;130;59;120;59;10;60
TE524;18.01.2024;5;1.0;269;61;253;60;16;60
TE524;18.01.2024;6;1.0;411;60;389;60;22;59
TE524;18.01.2024;7;1.0;522;56;503;55;19;56
TE524;18.01.2024;8;1.0;630;57;600;57;30;55
TE524;18.01.2024;9;1.0;597;54;562;54;35;53
TE524;18.01.2024;10;1.0;522;58;467;59;55;57
TE524;18.01.2024;11;1.0;576;57;531;57;45;59
TE524;18.01.2024;12;1.0;634;58;575;58;59;57
TE524;18.01.2024;13;1.0;740;54;691;54;49;56
TE524;18.01.2024;14;1.0;846;53;808;53;38;54
TE524;18.01.2024;15;1.0;811;52;784;52;27;52
TE524;18.01.2024;16;1.0;774;48;741;48;34;46
TE524;18.01.2024;17;1.0;651;51;636;51;15;53
TE524;18.01.2024;18;1.0;489;52;474;52;15;52
TE524;18.01.2024;19;1.0;364;54;350;54;14;53
TE524;18.01.2024;20;1.0;273;54;267;53;6;53
TE524;18.01.2024;21;1.0;219;53;215;53;4;54
TE524;18.01.2024;22;1.0;204;56;199;56;5;58
TE524;18.01.2024;23;1.0;113;56;108;56;5;58
TE524;19.01.2024;0;1.0;56;57;54;57;2;56
TE524;19.01.2024;1;1.0;46;59;45;59;1;57
TE524;19.01.2024;2;1.0;46;59;46;59;0;-1
TE524;19.01.2024;3;1.0;57;61;53;61;4;55
TE524;19.01.2024;4;1.0;115;57;101;57;14;51
TE524;19.01.2024;5;1.0;276;55;244;56;32;53
TE524;19.01.2024;6;1.0;397;54;352;54;45;53
TE524;19.01.2024;7;1.0;525;53;485;53;40;52
TE524;19.01.2024;8;1.0;564;53;521;53;43;52
TE524;19.01.2024;9;1.0;564;53;507;53;57;53
TE524;19.01.2024;10;1.0;556;53;512;53;44;54
TE524;19.01.2024;11;1.0;668;53;618;53;50;53
TE524;19.01.2024;12;1.0;760;54;718;54;42;54
TE524;19.01.2024;13;1.0;913;54;867;54;46;54
TE524;19.01.2024;14;1.0;887;52;848;52;39;53
TE524;19.01.2024;15;1.0;808;53;786;53;22;52
TE524;19.01.2024;16;1.0;664;55;641;55;23;55
TE524;19.01.2024;17;1.0;593;54;582;54;11;56
TE524;19.01.2024;18;1.0;484;55;477;55;7;55
TE524;19.01.2024;19;1.0;403;53;390;53;13;55
TE524;19.01.2024;20;1.0;324;54;317;54;7;56
TE524;19.01.2024;21;1.0;291;54;285;54;6;55
TE524;19.01.2024;22;1.0;236;54;228;54;8;55
TE524;19.01.2024;23;1.0;156;55;151;55;5;58
TE524;20.01.2024;0;1.0;100;56;97;56;3;57
TE524;20.01.2024;1;1.0;66;58;66;58;0;-1
TE524;20.01.2024;2;1.0;53;56;52;56;1;55
TE524;20.01.2024;3;1.0;54;59;51;59;3;53
TE524;20.01.2024;4;1.0;64;62;60;62;4;62
TE524;20.01.2024;5;1.0;109;56;95;57;14;53
TE524;20.01.2024;6;1.0;116;57;105;58;11;59
TE524;20.01.2024;7;1.0;144;55;123;55;21;55
TE524;20.01.2024;8;1.0;232;58;213;58;19;56
TE524;20.01.2024;9;1.0;346;56;322;56;24;56
TE524;20.01.2024;10;1.0;461;58;441;58;20;57
TE524;20.01.2024;11;1.0;490;55;478;55;12;54
TE524;20.01.2024;12;1.0;537;56;524;56;13;54
TE524;20.01.2024;13;1.0;565;54;553;54;12;53
TE524;20.01.2024;14;1.0;582;55;565;55;17;53
TE524;20.01.2024;15;1.0;501;57;491;57;10;59
TE524;20.01.2024;16;1.0;504;54;498;54;6;56
TE524;20.01.2024;17;1.0;459;52;454;52;5;54
TE524;20.01.2024;18;1.0;435;54;429;54;6;54
TE524;20.01.2024;19;1.0;347;54;341;54;6;58
TE524;20.01.2024;20;1.0;251;54;245;54;6;56
TE524;20.01.2024;21;1.0;214;55;208;55;6;55
TE524;20.01.2024;22;1.0;210;52;207;52;3;53
TE524;20.01.2024;23;1.0;158;55;154;55;4;50
TE524;21.01.2024;0;1.0;124;53;121;53;3;52
TE524;21.01.2024;1;1.0;73;55;73;55;0;-1
TE524;21.01.2024;2;1.0;51;58;50;58;1;61
TE524;21.01.2024;3;1.0;57;61;54;61;3;57
TE524;21.01.2024;4;1.0;40;59;37;60;3;49
TE524;21.01.2024;5;1.0;67;61;62;62;5;49
TE524;21.01.2024;6;1.0;58;62;51;63;7;59
TE524;21.01.2024;7;1.0;60;54;53;54;7;52
TE524;21.01.2024;8;1.0;102;59;98;58;4;61
TE524;21.01.2024;9;1.0;167;59;161;59;6;59
TE524;21.01.2024;10;1.0;233;56;223;56;10;55
TE524;21.01.2024;11;1.0;284;57;278;57;6;56
TE524;21.01.2024;12;1.0;395;55;386;54;9;55
TE524;21.01.2024;13;1.0;378;56;370;56;8;55
TE524;21.01.2024;14;1.0;396;57;389;57;7;57
TE524;21.01.2024;15;1.0;351;55;346;55;5;55
TE524;21.01.2024;16;1.0;338;47;334;46;4;53
TE524;21.01.2024;17;1.0;348;55;342;55;6;55
TE524;21.01.2024;18;1.0;301;57;297;57;4;54
TE524;21.01.2024;19;1.0;244;57;240;57;4;52
TE524;21.01.2024;20;1.0;211;56;206;56;5;52
TE524;21.01.2024;21;1.0;178;57;176;57;2;59
TE524;21.01.2024;22;1.0;99;59;94;59;5;51
TE524;21.01.2024;23;1.0;72;56;68;56;4;50
TE524;22.01.2024;0;1.0;50;56;47;56;3;52
TE524;22.01.2024;1;1.0;39;61;36;61;3;64
TE524;22.01.2024;2;1.0;32;64;27;66;5;58
TE524;22.01.2024;3;1.0;37;55;31;55;6;54
TE524;22.01.2024;4;1.0;114;59;87;59;27;59
TE524;22.01.2024;5;1.0;275;60;237;60;38;58
TE524;22.01.2024;6;1.0;397;57;349;57;48;56
TE524;22.01.2024;7;1.0;598;54;529;55;69;52
TE524;22.01.2024;8;1.0;656;53;581;52;75;54
TE524;22.01.2024;9;1.0;501;45;450;45;51;45
TE524;22.01.2024;10;1.0;541;53;471;54;70;53
TE524;22.01.2024;11;1.0;590;56;524;56;66;54
TE524;22.01.2024;12;1.0;640;55;590;55;50;56
TE524;22.01.2024;13;1.0;755;56;702;56;53;55
TE524;22.01.2024;14;1.0;863;56;808;56;55;55
TE524;22.01.2024;15;1.0;863;55;831;55;32;54
TE524;22.01.2024;16;1.0;771;54;737;54;34;54
TE524;22.01.2024;17;1.0;667;54;655;54;12;53
TE524;22.01.2024;18;1.0;482;56;466;56;16;54
TE524;22.01.2024;19;1.0;338;57;323;57;15;54
TE524;22.01.2024;20;1.0;302;56;288;56;14;55
TE524;22.01.2024;21;1.0;200;59;193;59;7;55
TE524;22.01.2024;22;1.0;204;56;196;56;8;53
TE524;22.01.2024;23;1.0;101;55;95;55;6;52
TE524;23.01.2024;0;1.0;49;55;44;55;5;53
TE524;23.01.2024;1;1.0;37;60;36;60;1;62
TE524;23.01.2024;2;1.0;42;56;40;55;2;60
TE524;23.01.2024;3;1.0;47;55;43;56;4;46
TE524;23.01.2024;4;1.0;109;61;97;61;12;57
TE524;23.01.2024;5;1.0;297;54;276;54;21;53
TE524;23.01.2024;6;1.0;439;55;396;56;43;55
TE524;23.01.2024;7;1.0;556;53;521;53;35;51
TE524;23.01.2024;8;1.0;624;55;584;55;40;55
TE524;23.01.2024;9;1.0;616;54;559;54;57;55
TE524;23.01.2024;10;1.0;622;54;556;54;66;54
TE524;23.01.2024;11;1.0;622;54;562;54;60;53
TE524;23.01.2024;12;1.0;693;54;627;54;66;55
TE524;23.01.2024;13;1.0;805;56;759;56;46;55
TE524;23.01.2024;14;1.0;854;51;803;51;51;49
TE524;23.01.2024;15;1.0;870;54;840;54;30;54
TE524;23.01.2024;16;1.0;840;52;807;52;33;53
TE524;23.01.2024;17;1.0;689;50;664;50;25;51
TE524;23.01.2024;18;1.0;557;53;537;53;20;52
TE524;23.01.2024;19;1.0;372;53;363;53;9;55
TE524;23.01.2024;20;1.0;296;54;286;54;10;56
TE524;23.01.2024;21;1.0;238;55;229;55;9;51
TE524;23.01.2024;22;1.0;226;56;218;56;8;54
TE524;23.01.2024;23;1.0;106;59;99;59;7;54
TE524;24.01.2024;0;1.0;33;60;31;60;2;58
TE524;24.01.2024;1;1.0;46;59;44;59;2;54
TE524;24.01.2024;2;1.0;40;62;39;62;1;46
TE524;24.01.2024;3;1.0;49;60;38;60;11;61
TE524;24.01.2024;4;1.0;113;59;95;59;18;57
TE524;24.01.2024;5;1.0;293;59;251;59;42;59
TE524;24.01.2024;6;1.0;470;56;409;56;61;55
TE524;24.01.2024;7;1.0;615;56;560;56;55;55
TE524;24.01.2024;8;1.0;591;54;544;54;47;54
TE524;24.01.2024;9;1.0;577;51;523;50;54;52
TE524;24.01.2024;10;1.0;469;46;436;47;33;40
TE524;24.01.2024;11;1.0;625;54;565;54;60;54
TE524;24.01.2024;12;1.0;708;55;639;55;69;54
TE524;24.01.2024;13;1.0;916;55;856;55;60;56
TE524;24.01.2024;14;1.0;866;51;812;51;54;47
TE524;24.01.2024;15;1.0;881;51;833;51;48;48
TE524;24.01.2024;16;1.0;777;54;742;54;35;53
TE524;24.01.2024;17;1.0;662;53;635;53;27;54
TE524;24.01.2024;18;1.0;499;55;483;55;16;54
TE524;24.01.2024;19;1.0;412;55;398;55;14;56
TE524;24.01.2024;20;1.0;340;54;334;54;6;51
TE524;24.01.2024;21;1.0;232;58;225;58;7;56
TE524;24.01.2024;22;1.0;255;56;248;56;7;53
TE524;24.01.2024;23;1.0;113;57;105;58;8;51
TE524;25.01.2024;0;1.0;61;58;58;58;3;54
TE524;25.01.2024;1;1.0;33;59;32;60;1;57
TE524;25.01.2024;2;1.0;44;62;41;62;3;64
TE524;25.01.2024;3;1.0;44;61;42;61;2;64
TE524;25.01.2024;4;1.0;106;58;91;58;15;55
TE524;25.01.2024;5;1.0;297;55;261;55;36;54
TE524;25.01.2024;6;1.0;463;55;427;55;36;55
TE524;25.01.2024;7;1.0;584;53;542;53;42;52
TE524;25.01.2024;8;1.0;637;52;592;52;45;52
TE524;25.01.2024;9;1.0;558;53;502;54;56;52
TE524;25.01.2024;10;1.0;608;54;558;54;50;53
TE524;25.01.2024;11;1.0;613;53;564;53;49;53
TE524;25.01.2024;12;1.0;498;44;461;45;37;39
TE524;25.01.2024;13;1.0;716;56;675;56;41;55
TE524;25.01.2024;14;1.0;839;54;778;54;61;54
TE524;25.01.2024;15;1.0;872;54;841;54;31;54
TE524;25.01.2024;16;1.0;854;53;827;53;27;51
TE524;25.01.2024;17;1.0;742;53;734;53;8;51
TE524;25.01.2024;18;1.0;519;55;511;55;8;54
TE524;25.01.2024;19;1.0;434;54;427;54;7;56
TE524;25.01.2024;20;1.0;274;56;265;56;9;52
TE524;25.01.2024;21;1.0;256;58;249;58;7;54
TE524;25.01.2024;22;1.0;241;53;235;53;6;53
TE524;25.01.2024;23;1.0;105;55;100;55;5;51
TE524;26.01.2024;0;1.0;63;56;60;56;3;56
TE524;26.01.2024;1;1.0;42;59;42;59;0;-1
TE524;26.01.2024;2;1.0;40;54;39;54;1;53
TE524;26.01.2024;3;1.0;50;55;44;55;6;56
TE524;26.01.2024;4;1.0;111;55;99;55;12;54
TE524;26.01.2024;5;1.0;320;57;274;56;46;59
TE524;26.01.2024;6;1.0;445;57;400;57;45;57
TE524;26.01.2024;7;1.0;553;49;515;49;38;49
TE524;26.01.2024;8;1.0;529;46;503;46;26;44
TE524;26.01.2024;9;1.0;291;30;284;30;6;28
TE524;26.01.2024;10;1.0;538;52;503;52;35;54
TE524;26.01.2024;11;1.0;679;58;627;58;52;58
TE524;26.01.2024;12;1.0;724;50;677;51;47;45
TE524;26.01.2024;13;1.0;883;56;856;56;27;55
TE524;26.01.2024;14;1.0;883;56;872;56;11;56
TE524;26.01.2024;15;1.0;778;55;765;55;13;54
TE524;26.01.2024;16;1.0;706;54;689;54;17;53
TE524;26.01.2024;17;1.0;539;53;521;53;18;53
TE524;26.01.2024;18;1.0;495;56;486;56;9;53
TE524;26.01.2024;19;1.0;389;57;383;57;6;56
TE524;26.01.2024;20;1.0;325;55;314;55;11;55
TE524;26.01.2024;21;1.0;232;55;229;55;3;55
TE524;26.01.2024;22;1.0;260;55;254;55;6;54
TE524;26.01.2024;23;1.0;135;58;131;58;4;63
TE524;27.01.2024;0;1.0;120;57;115;57;5;53
TE524;27.01.2024;1;1.0;63;53;62;53;1;44
TE524;27.01.2024;2;1.0;52;62;52;62;0;-1
TE524;27.01.2024;3;1.0;52;57;49;57;3;55
TE524;27.01.2024;4;1.0;57;57;52;57;5;53
TE524;27.01.2024;5;1.0;105;54;96;55;9;48
TE524;27.01.2024;6;1.0;139;57;133;57;6;52
TE524;27.01.2024;7;1.0;162;56;151;57;11;56
TE524;27.01.2024;8;1.0;251;58;235;58;16;56
TE524;27.01.2024;9;1.0;375;57;352;57;23;55
TE524;27.01.2024;10;1.0;472;56;458;56;14;57
TE524;27.01.2024;11;1.0;523;57;515;57;8;58
TE524;27.01.2024;12;1.0;548;58;531;58;17;58
TE524;27.01.2024;13;1.0;603;60;587;60;16;60
TE524;27.01.2024;14;1.0;529;52;518;52;11;53
TE524;27.01.2024;15;1.0;532;53;521;52;11;52
TE524;27.01.2024;16;1.0;467;54;457;54;10;52
TE524;27.01.2024;17;1.0;466;53;449;53;17;52
TE524;27.01.2024;18;1.0;427;51;416;51;11;51
TE524;27.01.2024;19;1.0;366;53;355;53;11;50
TE524;27.01.2024;20;1.0;310;54;305;54;5;50
TE524;27.01.2024;21;1.0;235;53;230;53;5;54
TE524;27.01.2024;22;1.0;220;53;217;53;3;54
TE524;27.01.2024;23;1.0;147;54;142;54;5;52
TE524;28.01.2024;0;1.0;107;56;102;56;5;53
TE524;28.01.2024;1;1.0;84;55;80;56;4;49
TE524;28.01.2024;2;1.0;45;57;45;57;0;-1
TE524;28.01.2024;3;1.0;52;56;51;56;1;59
TE524;28.01.2024;4;1.0;43;55;42;55;1;59
TE524;28.01.2024;5;1.0;78;54;74;54;4;55
TE524;28.01.2024;6;1.0;83;52;78;52;5;45
TE524;28.01.2024;7;1.0;81;54;77;55;4;56
TE524;28.01.2024;8;1.0;119;52;114;52;5;52
TE524;28.01.2024;9;1.0;214;52;206;52;8;54
TE524;28.01.2024;10;1.0;336;53;326;53;10;52
TE524;28.01.2024;11;1.0;364;51;358;51;6;49
TE524;28.01.2024;12;1.0;455;51;449;51;6;49
TE524;28.01.2024;13;1.0;470;51;466;51;4;50
TE524;28.01.2024;14;1.0;466;50;462;50;4;50
TE524;28.01.2024;15;1.0;391;53;384;53;7;53
TE524;28.01.2024;16;1.0;466;53;451;53;15;49
TE524;28.01.2024;17;1.0;367;53;355;53;12;52
TE524;28.01.2024;18;1.0;339;54;334;53;5;51
TE524;28.01.2024;19;1.0;291;54;286;54;5;50
TE524;28.01.2024;20;1.0;215;53;209;53;6;55
TE524;28.01.2024;21;1.0;188;54;185;54;3;52
TE524;28.01.2024;22;1.0;138;54;131;54;7;52
TE524;28.01.2024;23;1.0;78;53;72;54;6;51
TE524;29.01.2024;0;1.0;54;53;52;53;2;54
TE524;29.01.2024;1;1.0;36;54;35;55;1;48
TE524;29.01.2024;2;1.0;36;56;32;57;4;47
TE524;29.01.2024;3;1.0;39;55;35;56;4;51
TE524;29.01.2024;4;1.0;112;55;96;55;16;52
TE524;29.01.2024;5;1.0;295;55;264;55;31;54
TE524;29.01.2024;6;1.0;487;54;440;54;47;53
TE524;29.01.2024;7;1.0;586;53;545;53;41;51
TE524;29.01.2024;8;1.0;655;51;598;51;57;51
TE524;29.01.2024;9;1.0;538;44;476;44;62;43
TE524;29.01.2024;10;1.0;321;23;292;25;29;18
TE524;29.01.2024;11;1.0;593;52;522;52;71;50
TE524;29.01.2024;12;1.0;606;52;545;52;61;51
TE524;29.01.2024;13;1.0;717;52;669;52;48;52
TE524;29.01.2024;14;1.0;830;52;781;52;49;51
TE524;29.01.2024;15;1.0;803;52;770;52;33;51
TE524;29.01.2024;16;1.0;724;47;689;46;35;47
TE524;29.01.2024;17;1.0;568;41;543;42;25;23
TE524;29.01.2024;18;1.0;488;51;473;51;15;51
TE524;29.01.2024;19;1.0;331;53;324;53;7;52
TE524;29.01.2024;20;1.0;295;53;283;53;12;51
TE524;29.01.2024;21;1.0;195;54;189;54;6;49
TE524;29.01.2024;22;1.0;197;54;190;54;7;55
TE524;29.01.2024;23;1.0;71;57;65;57;6;54
TE524;30.01.2024;0;1.0;51;56;47;56;4;56
TE524;30.01.2024;1;1.0;34;51;34;51;0;-1
TE524;30.01.2024;2;1.0;40;55;37;56;3;45
TE524;30.01.2024;3;1.0;51;57;48;57;3;57
TE524;30.01.2024;4;1.0;105;52;96;53;9;55
TE524;30.01.2024;5;1.0;281;54;252;54;29;52
TE524;30.01.2024;6;1.0;460;53;425;53;35;54
TE524;30.01.2024;7;1.0;565;51;527;51;38;49
TE524;30.01.2024;8;1.0;630;54;588;54;42;53
TE524;30.01.2024;9;1.0;525;45;480;45;45;45
TE524;30.01.2024;10;1.0;561;52;492;53;69;52
TE524;30.01.2024;11;1.0;623;52;566;52;57;52
TE524;30.01.2024;12;1.0;701;52;635;52;66;51
TE524;30.01.2024;13;1.0;739;53;670;53;69;52
TE524;30.01.2024;14;1.0;832;53;796;53;36;53
TE524;30.01.2024;15;1.0;872;53;829;53;43;52
TE524;30.01.2024;16;1.0;819;52;791;52;28;50
TE524;30.01.2024;17;1.0;664;52;642;52;22;52
TE524;30.01.2024;18;1.0;530;54;517;54;13;55
TE524;30.01.2024;19;1.0;369;56;362;56;7;55
TE524;30.01.2024;20;1.0;277;59;266;59;11;58
TE524;30.01.2024;21;1.0;226;56;219;56;7;53
TE524;30.01.2024;22;1.0;217;56;212;56;5;52
TE524;30.01.2024;23;1.0;82;56;74;56;8;59
TE524;31.01.2024;0;1.0;63;58;60;58;3;56
TE524;31.01.2024;1;1.0;40;62;39;62;1;58
TE524;31.01.2024;2;1.0;36;63;31;61;5;67
TE524;31.01.2024;3;1.0;48;60;39;61;9;55
TE524;31.01.2024;4;1.0;98;60;77;60;21;62
TE524;31.01.2024;5;1.0;279;57;234;57;45;56
TE524;31.01.2024;6;1.0;413;57;372;57;41;57
TE524;31.01.2024;7;1.0;589;54;542;54;47;53
TE524;31.01.2024;8;1.0;576;57;540;57;36;56
TE524;31.01.2024;9;1.0;495;51;475;50;20;56
TE524;31.01.2024;10;1.0;627;55;577;55;50;53
TE524;31.01.2024;11;1.0;650;57;583;56;67;57
TE524;31.01.2024;12;1.0;682;56;617;56;65;55
TE524;31.01.2024;13;1.0;728;58;684;58;44;57
TE524;31.01.2024;14;1.0;812;50;776;50;36;50
TE524;31.01.2024;15;1.0;837;55;808;55;29;55
TE524;31.01.2024;16;1.0;822;58;787;59;35;56
TE524;31.01.2024;17;1.0;698;57;682;57;16;57
TE524;31.01.2024;18;1.0;483;59;475;59;8;57
TE524;31.01.2024;19;1.0;378;59;368;59;10;56
TE524;31.01.2024;20;1.0;344;59;340;59;4;58
TE524;31.01.2024;21;1.0;192;61;189;61;3;54
TE524;31.01.2024;22;1.0;220;58;212;58;8;58
TE524;31.01.2024;23;1.0;108;59;102;59;6;52
TE525;01.01.2024;0;1.0;6;47;5;43;1;68
TE525;01.01.2024;1;1.0;21;53;21;53;0;-1
TE525;01.01.2024;2;1.0;27;52;27;52;0;-1
TE525;01.01.2024;3;1.0;20;59;20;59;0;-1
TE525;01.01.2024;4;1.0;29;55;29;55;0;-1
TE525;01.01.2024;5;1.0;25;54;25;54;0;-1
TE525;01.01.2024;6;1.0;27;52;27;52;0;-1
TE525;01.01.2024;7;1.0;22;51;22;51;0;-1
TE525;01.01.2024;8;1.0;19;51;19;51;0;-1
TE525;01.01.2024;9;1.0;23;51;23;51;0;-1
TE525;01.01.2024;10;1.0;52;43;52;43;0;-1
TE525;01.01.2024;11;1.0;40;48;40;48;0;-1
TE525;01.01.2024;12;1.0;56;50;56;50;0;-1
TE525;01.01.2024;13;1.0;86;48;85;48;1;46
TE525;01.01.2024;14;1.0;80;49;80;49;0;-1
TE525;01.01.2024;15;1.0;58;51;58;51;0;-1
TE525;01.01.2024;16;1.0;49;53;49;53;0;-1
TE525;01.01.2024;17;1.0;54;49;53;49;1;52
TE525;01.01.2024;18;1.0;54;52;54;52;0;-1
TE525;01.01.2024;19;1.0;35;53;35;53;0;-1
TE525;01.01.2024;20;1.0;28;56;28;56;0;-1
TE525;01.01.2024;21;1.0;19;54;19;54;0;-1
TE525;01.01.2024;22;1.0;18;55;18;55;0;-1
TE525;01.01.2024;23;1.0;9;58;9;58;0;-1
TE525;02.01.2024;0;1.0;4;56;4;56;0;-1
TE525;02.01.2024;1;1.0;7;53;7;53;0;-1
TE525;02.01.2024;2;1.0;7;49;7;49;0;-1
TE525;02.01.2024;3;1.0;14;57;14;57;0;-1
TE525;02.01.2024;4;1.0;16;46;15;45;1;64
TE525;02.01.2024;5;1.0;61;47;60;46;1;64
TE525;02.01.2024;6;1.0;94;49;94;49;0;-1
TE525;02.01.2024;7;1.0;119;47;116;47;3;43
TE525;02.01.2024;8;1.0;94;49;94;49;0;-1
TE525;02.01.2024;9;1.0;84;51;83;51;1;43
TE525;02.01.2024;10;1.0;82;51;81;51;1;49
TE525;02.01.2024;11;1.0;97;50;97;50;0;-1
TE525;02.01.2024;12;1.0;110;51;110;51;0;-1
TE525;02.01.2024;13;1.0;107;51;107;51;0;-1
TE525;02.01.2024;14;1.0;150;49;150;49;0;-1
TE525;02.01.2024;15;1.0;135;50;135;50;0;-1
TE525;02.01.2024;16;1.0;121;52;121;52;0;-1
TE525;02.01.2024;17;1.0;85;53;85;53;0;-1
TE525;02.01.2024;18;1.0;75;56;75;56;0;-1
TE525;02.01.2024;19;1.0;50;53;50;53;0;-1
TE525;02.01.2024;20;1.0;50;56;48;55;2;60
TE525;02.01.2024;21;1.0;35;53;34;53;1;54
TE525;02.01.2024;22;1.0;29;54;28;54;1;52
TE525;02.01.2024;23;1.0;22;55;22;55;0;-1
TE525;03.01.2024;0;1.0;10;58;10;58;0;-1
TE525;03.01.2024;1;1.0;6;60;6;60;0;-1
TE525;03.01.2024;2;1.0;6;52;6;52;0;-1
TE525;03.01.2024;3;1.0;15;52;13;53;2;48
TE525;03.01.2024;4;1.0;23;52;20;53;3;47
TE525;03.01.2024;5;1.0;67;47;65;47;2;48
TE525;03.01.2024;6;1.0;85;52;83;53;2;48
TE525;03.01.2024;7;1.0;142;50;137;50;5;46
TE525;03.01.2024;8;1.0;108;46;104;46;4;46
TE525;03.01.2024;9;1.0;113;50;106;50;7;53
TE525;03.01.2024;10;1.0;122;50;117;50;5;50
TE525;03.01.2024;11;1.0;125;50;122;50;3;49
TE525;03.01.2024;12;1.0;134;49;126;50;8;47
TE525;03.01.2024;13;1.0;123;50;115;50;8;50
TE525;03.01.2024;14;1.0;136;51;132;50;4;54
TE525;03.01.2024;15;1.0;176;49;172;49;4;47
TE525;03.01.2024;16;1.0;153;48;150;48;3;49
TE525;03.01.2024;17;1.0;99;47;97;47;2;42
TE525;03.01.2024;18;1.0;96;49;94;49;2;54
TE525;03.01.2024;19;1.0;59;48;58;48;1;49
TE525;03.01.2024;20;1.0;47;49;46;50;1;43
TE525;03.01.2024;21;1.0;27;54;26;54;1;48
TE525;03.01.2024;22;1.0;24;55;24;55;0;-1
TE525;03.01.2024;23;1.0;23;56;23;56;0;-1
TE525;04.01.2024;0;1.0;9;56;7;55;2;56
TE525;04.01.2024;1;1.0;2;62;2;62;0;-1
TE525;04.01.2024;2;1.0;8;51;8;51;0;-1
TE525;04.01.2024;3;1.0;17;46;16;46;1;54
TE525;04.01.2024;4;1.0;23;58;23;58;0;-1
TE525;04.01.2024;5;1.0;66;49;66;49;0;-1
TE525;04.01.2024;6;1.0;79;53;79;53;0;-1
TE525;04.01.2024;7;1.0;138;51;137;51;1;43
TE525;04.01.2024;8;1.0;132;50;128;50;4;50
TE525;04.01.2024;9;1.0;151;45;149;45;2;48
TE525;04.01.2024;10;1.0;115;50;110;50;5;49
TE525;04.01.2024;11;1.0;118;49;117;49;1;49
TE525;04.01.2024;12;1.0;131;50;129;50;2;49
TE525;04.01.2024;13;1.0;130;50;129;50;1;47
TE525;04.01.2024;14;1.0;160;49;156;49;4;51
TE525;04.01.2024;15;1.0;162;50;159;50;3;48
TE525;04.01.2024;16;1.0;150;49;145;49;5;47
TE525;04.01.2024;17;1.0;113;53;112;54;1;43
TE525;04.01.2024;18;1.0;89;52;89;52;0;-1
TE525;04.01.2024;19;1.0;56;52;56;52;0;-1
TE525;04.01.2024;20;1.0;56;54;56;54;0;-1
TE525;04.01.2024;21;1.0;40;55;40;55;0;-1
TE525;04.01.2024;22;1.0;35;60;35;60;0;-1
TE525;04.01.2024;23;1.0;10;57;10;57;0;-1
TE525;05.01.2024;0;1.0;10;53;10;53;0;-1
TE525;05.01.2024;1;1.0;3;66;3;66;0;-1
TE525;05.01.2024;2;1.0;10;65;10;65;0;-1
TE525;05.01.2024;3;1.0;25;48;24;48;1;42
TE525;05.01.2024;4;1.0;27;57;26;57;1;61
TE525;05.01.2024;5;1.0;63;52;60;52;3;55
TE525;05.01.2024;6;1.0;107;55;103;55;4;52
TE525;05.01.2024;7;1.0;126;54;122;54;4;46
TE525;05.01.2024;8;1.0;98;52;98;52;0;-1
TE525;05.01.2024;9;1.0;85;51;85;51;0;-1
TE525;05.01.2024;10;1.0;114;49;113;49;1;59
TE525;05.01.2024;11;1.0;118;52;115;52;3;52
TE525;05.01.2024;12;1.0;138;50;126;50;12;52
TE525;05.01.2024;13;1.0;155;50;154;50;1;48
TE525;05.01.2024;14;1.0;161;50;158;50;3;52
TE525;05.01.2024;15;1.0;142;49;140;49;2;47
TE525;05.01.2024;16;1.0;150;49;148;50;2;48
TE525;05.01.2024;17;1.0;115;55;115;55;0;-1
TE525;05.01.2024;18;1.0;83;54;81;54;2;48
TE525;05.01.2024;19;1.0;66;56;66;56;0;-1
TE525;05.01.2024;20;1.0;51;52;51;52;0;-1
TE525;05.01.2024;21;1.0;37;49;37;49;0;-1
TE525;05.01.2024;22;1.0;40;52;40;52;0;-1
TE525;05.01.2024;23;1.0;22;61;22;61;0;-1
TE525;06.01.2024;0;1.0;14;60;14;60;0;-1
TE525;06.01.2024;1;1.0;9;59;9;59;0;-1
TE525;06.01.2024;2;1.0;4;65;4;65;0;-1
TE525;06.01.2024;3;1.0;13;59;12;59;1;62
TE525;06.01.2024;4;1.0;16;59;16;59;0;-1
TE525;06.01.2024;5;1.0;22;53;22;53;0;-1
TE525;06.01.2024;6;1.0;35;57;35;57;0;-1
TE525;06.01.2024;7;1.0;35;36;35;36;0;-1
TE525;06.01.2024;8;1.0;49;52;49;52;0;-1
TE525;06.01.2024;9;1.0;109;54;106;54;3;62
TE525;06.01.2024;10;1.0;141;47;139;47;2;55
TE525;06.01.2024;11;1.0;159;51;158;51;1;56
TE525;06.01.2024;12;1.0;123;50;123;50;0;-1
TE525;06.01.2024;13;1.0;111;51;111;51;0;-1
TE525;06.01.2024;14;1.0;127;48;125;49;1;56
TE525;06.01.2024;15;1.0;124;37;121;37;3;35
TE525;06.01.2024;16;1.0;83;53;82;53;1;50
TE525;06.01.2024;17;1.0;97;55;97;55;0;-1
TE525;06.01.2024;18;1.0;89;53;88;53;1;60
TE525;06.01.2024;19;1.0;43;57;42;57;1;56
TE525;06.01.2024;20;1.0;26;55;26;55;0;-1
TE525;06.01.2024;21;1.0;35;49;35;49;0;-1
TE525;06.01.2024;22;1.0;24;57;24;57;0;-1
TE525;06.01.2024;23;1.0;29;57;29;57;0;-1
TE525;07.01.2024;0;1.0;7;58;7;58;0;-1
TE525;07.01.2024;1;1.0;5;65;5;65;0;-1
TE525;07.01.2024;2;1.0;9;53;9;53;0;-1
TE525;07.01.2024;3;1.0;7;60;7;60;0;-1
TE525;07.01.2024;4;1.0;17;47;17;47;0;-1
TE525;07.01.2024;5;1.0;26;53;26;53;0;-1
TE525;07.01.2024;6;1.0;20;38;20;38;0;-1
TE525;07.01.2024;7;1.0;23;51;23;51;0;-1
TE525;07.01.2024;8;1.0;36;51;36;51;0;-1
TE525;07.01.2024;9;1.0;52;51;52;51;0;-1
TE525;07.01.2024;10;1.0;65;54;65;54;0;-1
TE525;07.01.2024;11;1.0;93;54;92;54;1;53
TE525;07.01.2024;12;1.0;88;46;87;46;1;47
TE525;07.01.2024;13;1.0;101;52;101;52;0;-1
TE525;07.01.2024;14;1.0;91;51;90;51;1;47
TE525;07.01.2024;15;1.0;80;54;79;54;1;55
TE525;07.01.2024;16;1.0;78;44;78;44;0;-1
TE525;07.01.2024;17;1.0;76;56;76;56;0;-1
TE525;07.01.2024;18;1.0;69;57;69;57;0;-1
TE525;07.01.2024;19;1.0;53;42;53;42;0;-1
TE525;07.01.2024;20;1.0;26;57;26;57;0;-1
TE525;07.01.2024;21;1.0;31;53;31;53;0;-1
TE525;07.01.2024;22;1.0;14;63;14;63;0;-1
TE525;07.01.2024;23;1.0;15;57;15;57;0;-1
TE525;08.01.2024;0;1.0;9;62;9;62;0;-1
TE525;08.01.2024;1;1.0;4;63;3;63;1;61
TE525;08.01.2024;2;1.0;9;38;9;38;0;-1
TE525;08.01.2024;3;1.0;15;55;13;56;2;48
TE525;08.01.2024;4;1.0;31;54;30;54;1;54
TE525;08.01.2024;5;1.0;67;53;63;54;4;48
TE525;08.01.2024;6;1.0;112;52;109;52;3;53
TE525;08.01.2024;7;1.0;148;49;144;49;4;53
TE525;08.01.2024;8;1.0;122;48;119;48;3;48
TE525;08.01.2024;9;1.0;102;52;100;51;2;54
TE525;08.01.2024;10;1.0;98;52;95;52;3;51
TE525;08.01.2024;11;1.0;79;49;75;49;4;48
TE525;08.01.2024;12;1.0;97;51;92;51;5;46
TE525;08.01.2024;13;1.0;81;51;78;51;3;48
TE525;08.01.2024;14;1.0;113;41;109;41;4;37
TE525;08.01.2024;15;1.0;151;48;149;48;2;49
TE525;08.01.2024;16;1.0;146;48;143;47;3;53
TE525;08.01.2024;17;1.0;107;48;107;48;0;-1
TE525;08.01.2024;18;1.0;87;50;86;50;1;54
TE525;08.01.2024;19;1.0;56;50;56;50;0;-1
TE525;08.01.2024;20;1.0;39;48;39;48;0;-1
TE525;08.01.2024;21;1.0;31;49;31;49;0;-1
TE525;08.01.2024;22;1.0;21;53;21;53;0;-1
TE525;08.01.2024;23;1.0;9;57;9;57;0;-1
TE525;09.01.2024;0;1.0;9;54;9;54;0;-1
TE525;09.01.2024;1;1.0;3;53;3;53;0;-1
TE525;09.01.2024;2;1.0;5;49;5;49;0;-1
TE525;09.01.2024;3;1.0;15;52;14;52;1;55
TE525;09.01.2024;4;1.0;26;49;23;49;3;49
TE525;09.01.2024;5;1.0;83;51;79;51;4;51
TE525;09.01.2024;6;1.0;108;52;107;52;1;53
TE525;09.01.2024;7;1.0;166;48;159;48;7;47
TE525;09.01.2024;8;1.0;143;48;141;48;2;53
TE525;09.01.2024;9;1.0;107;49;104;48;3;49
TE525;09.01.2024;10;1.0;85;46;81;46;4;41
TE525;09.01.2024;11;1.0;99;47;93;47;7;40
TE525;09.01.2024;12;1.0;92;51;85;51;7;50
TE525;09.01.2024;13;1.0;128;51;116;52;12;47
TE525;09.01.2024;14;1.0;136;48;130;48;6;46
TE525;09.01.2024;15;1.0;190;43;182;43;8;42
TE525;09.01.2024;16;1.0;184;45;180;45;4;43
TE525;09.01.2024;17;1.0;123;48;122;48;1;50
TE525;09.01.2024;18;1.0;107;51;107;51;0;-1
TE525;09.01.2024;19;1.0;64;48;63;48;1;57
TE525;09.01.2024;20;1.0;45;52;45;52;0;-1
TE525;09.01.2024;21;1.0;56;50;56;50;0;-1
TE525;09.01.2024;22;1.0;30;51;29;51;1;51
TE525;09.01.2024;23;1.0;9;55;9;55;0;-1
TE525;10.01.2024;0;1.0;7;63;7;63;0;-1
TE525;10.01.2024;1;1.0;4;78;3;72;1;94
TE525;10.01.2024;2;1.0;6;56;6;56;0;-1
TE525;10.01.2024;3;1.0;17;55;16;53;1;94
TE525;10.01.2024;4;1.0;26;55;26;55;0;-1
TE525;10.01.2024;5;1.0;79;50;75;50;4;60
TE525;10.01.2024;6;1.0;111;52;111;52;0;-1
TE525;10.01.2024;7;1.0;183;47;180;47;3;52
TE525;10.01.2024;8;1.0;142;51;141;51;1;48
TE525;10.01.2024;9;1.0;111;49;111;49;0;-1
TE525;10.01.2024;10;1.0;128;50;123;50;5;48
TE525;10.01.2024;11;1.0;92;49;86;50;6;46
TE525;10.01.2024;12;1.0;116;49;111;49;5;50
TE525;10.01.2024;13;1.0;101;51;95;51;6;45
TE525;10.01.2024;14;1.0;165;49;162;49;3;50
TE525;10.01.2024;15;1.0;161;47;157;47;4;50
TE525;10.01.2024;16;1.0;167;45;167;45;0;-1
TE525;10.01.2024;17;1.0;122;49;122;49;0;-1
TE525;10.01.2024;18;1.0;109;48;109;48;0;-1
TE525;10.01.2024;19;1.0;76;36;75;35;1;40
TE525;10.01.2024;20;1.0;61;51;61;51;0;-1
TE525;10.01.2024;21;1.0;54;54;54;54;0;-1
TE525;10.01.2024;22;1.0;26;59;26;59;0;-1
TE525;10.01.2024;23;1.0;17;53;17;53;0;-1
TE525;11.01.2024;0;1.0;12;47;12;47;0;-1
TE525;11.01.2024;1;1.0;5;57;5;57;0;-1
TE525;11.01.2024;2;1.0;10;41;10;41;0;-1
TE525;11.01.2024;3;1.0;17;53;17;53;0;-1
TE525;11.01.2024;4;1.0;24;55;24;55;0;-1
TE525;11.01.2024;5;1.0;76;52;75;52;1;61
TE525;11.01.2024;6;1.0;97;52;96;53;1;49
TE525;11.01.2024;7;1.0;172;49;171;49;1;48
TE525;11.01.2024;8;1.0;127;41;126;41;1;48
TE525;11.01.2024;9;1.0;121;50;118;51;3;50
TE525;11.01.2024;10;1.0;107;46;105;46;2;52
TE525;11.01.2024;11;1.0;107;50;106;50;1;56
TE525;11.01.2024;12;1.0;103;52;103;52;0;-1
TE525;11.01.2024;13;1.0;131;48;128;48;3;51
TE525;11.01.2024;14;1.0;155;50;154;50;1;51
TE525;11.01.2024;15;1.0;173;45;173;45;0;-1
TE525;11.01.2024;16;1.0;155;48;155;48;0;-1
TE525;11.01.2024;17;1.0;131;50;130;50;1;51
TE525;11.01.2024;18;1.0;112;48;110;48;2;48
TE525;11.01.2024;19;1.0;77;51;76;51;1;46
TE525;11.01.2024;20;1.0;65;53;63;53;2;48
TE525;11.01.2024;21;1.0;34;55;34;55;0;-1
TE525;11.01.2024;22;1.0;27;58;27;58;0;-1
TE525;11.01.2024;23;1.0;16;56;16;56;0;-1
TE525;12.01.2024;0;1.0;8;57;6;55;2;64
TE525;12.01.2024;1;1.0;5;56;5;56;0;-1
TE525;12.01.2024;2;1.0;7;59;7;59;0;-1
TE525;12.01.2024;3;1.0;15;60;15;60;0;-1
TE525;12.01.2024;4;1.0;28;55;28;55;0;-1
TE525;12.01.2024;5;1.0;81;47;81;47;0;-1
TE525;12.01.2024;7;1.0;159;49;159;49;0;-1
TE525;12.01.2024;8;1.0;113;50;110;50;3;54
TE525;12.01.2024;9;1.0;122;50;121;50;1;51
TE525;12.01.2024;10;1.0;106;51;105;51;1;46
TE525;12.01.2024;11;1.0;103;52;101;52;2;55
TE525;12.01.2024;12;1.0;123;53;123;53;0;-1
TE525;12.01.2024;13;1.0;162;51;162;51;0;-1
TE525;12.01.2024;14;1.0;174;48;174;48;0;-1
TE525;12.01.2024;15;1.0;173;49;172;49;1;46
TE525;12.01.2024;16;1.0;154;48;154;48;0;-1
TE525;12.01.2024;17;1.0;134;50;134;50;0;-1
TE525;12.01.2024;18;1.0;104;52;103;52;1;46
TE525;12.01.2024;19;1.0;68;54;68;54;0;-1
TE525;12.01.2024;20;1.0;65;54;65;54;0;-1
TE525;12.01.2024;21;1.0;43;53;43;53;0;-1
TE525;12.01.2024;22;1.0;35;53;35;53;0;-1
TE525;12.01.2024;23;1.0;33;59;33;59;0;-1
TE525;13.01.2024;0;1.0;16;54;16;54;0;-1
TE525;13.01.2024;1;1.0;12;56;12;56;0;-1
TE525;13.01.2024;2;1.0;4;51;4;51;0;-1
TE525;13.01.2024;3;1.0;12;59;12;59;0;-1
TE525;13.01.2024;4;1.0;20;58;18;58;2;58
TE525;13.01.2024;5;1.0;19;53;19;53;0;-1
TE525;13.01.2024;6;1.0;28;53;26;53;2;49
TE525;13.01.2024;7;1.0;46;50;46;50;0;-1
TE525;13.01.2024;8;1.0;60;50;59;50;1;45
TE525;13.01.2024;9;1.0;79;52;78;52;1;50
TE525;13.01.2024;10;1.0;135;50;135;50;0;-1
TE525;13.01.2024;11;1.0;110;53;109;53;1;50
TE525;13.01.2024;12;1.0;126;50;126;50;0;-1
TE525;13.01.2024;13;1.0;134;50;134;50;0;-1
TE525;13.01.2024;14;1.0;133;51;133;51;0;-1
TE525;13.01.2024;15;1.0;114;52;112;52;2;49
TE525;13.01.2024;16;1.0;85;48;85;48;0;-1
TE525;13.01.2024;17;1.0;104;54;103;54;1;55
TE525;13.01.2024;18;1.0;72;52;69;52;3;56
TE525;13.01.2024;19;1.0;46;51;45;51;1;51
TE525;13.01.2024;21;1.0;28;51;27;51;1;47
TE525;13.01.2024;22;1.0;35;57;35;57;0;-1
TE525;13.01.2024;23;1.0;37;52;37;52;0;-1
TE525;14.01.2024;0;1.0;26;52;24;52;2;47
TE525;14.01.2024;1;1.0;10;51;10;51;0;-1
TE525;14.01.2024;2;1.0;6;59;6;59;0;-1
TE525;14.01.2024;3;1.0;8;51;8;51;0;-1
TE525;14.01.2024;4;1.0;12;59;12;59;0;-1
TE525;14.01.2024;5;1.0;16;56;16;56;0;-1
TE525;14.01.2024;6;1.0;17;55;17;55;0;-1
TE525;14.01.2024;7;1.0;13;55;13;55;0;-1
TE525;14.01.2024;8;1.0;32;52;32;52;0;-1
TE525;14.01.2024;9;1.0;47;49;46;49;1;51
TE525;14.01.2024;10;1.0;75;54;75;54;0;-1
TE525;14.01.2024;11;1.0;95;53;95;53;0;-1
TE525;14.01.2024;12;1.0;116;54;115;54;1;59
TE525;14.01.2024;13;1.0;112;51;112;51;0;-1
TE525;14.01.2024;14;1.0;86;53;86;53;0;-1
TE525;14.01.2024;15;1.0;100;53;99;53;1;53
TE525;14.01.2024;16;1.0;89;48;89;48;0;-1
TE525;14.01.2024;17;1.0;63;57;63;57;0;-1
TE525;14.01.2024;18;1.0;72;57;72;57;0;-1
TE525;14.01.2024;19;1.0;33;43;32;42;1;61
TE525;14.01.2024;20;1.0;26;57;26;57;0;-1
TE525;14.01.2024;21;1.0;24;60;24;60;0;-1
TE525;14.01.2024;22;1.0;16;61;16;61;0;-1
TE525;14.01.2024;23;1.0;13;57;13;57;0;-1
TE525;15.01.2024;0;1.0;6;52;6;52;0;-1
TE525;15.01.2024;1;1.0;2;66;2;66;0;-1
TE525;15.01.2024;2;1.0;7;63;7;63;0;-1
TE525;15.01.2024;3;1.0;13;46;13;46;0;-1
TE525;15.01.2024;4;1.0;34;48;33;48;1;61
TE525;15.01.2024;5;1.0;84;48;84;48;0;-1
TE525;15.01.2024;6;1.0;116;52;113;52;3;53
TE525;15.01.2024;7;1.0;187;46;185;46;2;34
TE525;15.01.2024;8;1.0;144;45;143;45;1;47
TE525;15.01.2024;10;1.0;102;49;100;49;2;46
TE525;15.01.2024;11;1.0;81;52;79;53;2;49
TE525;15.01.2024;12;1.0;107;52;102;52;5;51
TE525;15.01.2024;13;1.0;102;50;100;50;2;51
TE525;15.01.2024;14;1.0;155;50;150;50;5;48
TE525;15.01.2024;15;1.0;162;49;159;49;3;41
TE525;15.01.2024;16;1.0;156;52;154;52;2;50
TE525;15.01.2024;17;1.0;128;52;126;52;2;50
TE525;15.01.2024;18;1.0;79;46;79;46;0;-1
TE525;15.01.2024;19;1.0;78;52;78;52;0;-1
TE525;15.01.2024;20;1.0;50;54;49;55;1;44
TE525;15.01.2024;21;1.0;32;54;32;54;0;-1
TE525;15.01.2024;22;1.0;17;59;17;59;0;-1
TE525;15.01.2024;23;1.0;16;57;16;57;0;-1
TE525;16.01.2024;0;1.0;6;55;6;55;0;-1
TE525;16.01.2024;1;1.0;4;53;4;53;0;-1
TE525;16.01.2024;2;1.0;3;47;3;47;0;-1
TE525;16.01.2024;3;1.0;13;40;12;40;1;41
TE525;16.01.2024;4;1.0;33;45;32;45;1;41
TE525;16.01.2024;5;1.0;90;37;89;37;1;35
TE525;16.01.2024;6;1.0;104;37;104;37;0;-1
TE525;16.01.2024;7;1.0;179;33;177;33;2;30
TE525;16.01.2024;8;1.0;122;40;121;40;1;41
TE525;16.01.2024;9;1.0;85;46;85;46;0;-1
TE525;16.01.2024;10;1.0;91;50;91;50;0;-1
TE525;16.01.2024;11;1.0;72;48;70;48;2;49
TE525;16.01.2024;12;1.0;108;51;107;51;1;51
TE525;16.01.2024;13;1.0;136;52;135;52;1;51
TE525;16.01.2024;14;1.0;142;51;142;51;0;-1
TE525;16.01.2024;15;1.0;162;49;161;49;1;38
TE525;16.01.2024;16;1.0;161;52;161;52;0;-1
TE525;16.01.2024;17;1.0;128;51;128;51;0;-1
TE525;16.01.2024;18;1.0;75;45;75;45;0;-1
TE525;16.01.2024;19;1.0;50;51;49;50;1;57
TE525;16.01.2024;20;1.0;46;47;46;47;0;-1
TE525;16.01.2024;21;1.0;34;53;34;53;0;-1
TE525;16.01.2024;22;1.0;32;53;32;53;0;-1
TE525;16.01.2024;23;1.0;12;55;12;55;0;-1
TE525;17.01.2024;0;1.0;9;49;9;49;0;-1
TE525;17.01.2024;1;1.0;2;54;2;54;0;-1
TE525;17.01.2024;2;1.0;5;50;5;50;0;-1
TE525;17.01.2024;3;1.0;12;57;12;57;0;-1
TE525;17.01.2024;4;1.0;26;49;26;49;0;-1
TE525;17.01.2024;5;1.0;75;48;72;48;3;47
TE525;17.01.2024;6;1.0;119;49;119;49;0;-1
TE525;17.01.2024;7;1.0;178;45;176;45;2;48
TE525;17.01.2024;8;1.0;152;47;149;47;3;45
TE525;17.01.2024;9;1.0;110;47;104;47;6;41
TE525;17.01.2024;10;1.0;93;48;92;48;1;46
TE525;17.01.2024;11;1.0;106;50;100;50;6;48
TE525;17.01.2024;12;1.0;98;49;93;49;5;49
TE525;17.01.2024;13;1.0;126;52;121;52;5;54
TE525;17.01.2024;14;1.0;136;51;131;51;5;50
TE525;17.01.2024;15;1.0;109;37;108;37;1;57
TE525;17.01.2024;16;1.0;170;49;169;49;1;53
TE525;17.01.2024;17;1.0;120;50;118;50;2;51
TE525;17.01.2024;18;1.0;111;52;110;52;1;46
TE525;17.01.2024;19;1.0;54;52;54;52;0;-1
TE525;17.01.2024;20;1.0;57;46;57;46;0;-1
TE525;17.01.2024;21;1.0;32;49;31;49;1;46
TE525;17.01.2024;22;1.0;27;55;27;55;0;-1
TE525;18.01.2024;1;1.0;3;55;3;55;0;-1
TE525;18.01.2024;2;1.0;7;56;7;56;0;-1
TE525;18.01.2024;3;1.0;10;56;10;56;0;-1
TE525;18.01.2024;4;1.0;24;49;24;49;0;-1
TE525;18.01.2024;5;1.0;78;47;77;47;1;56
TE525;18.01.2024;8;1.0;162;47;159;47;3;51
TE525;18.01.2024;9;1.0;101;50;99;50;2;46
TE525;18.01.2024;10;1.0;90;51;86;50;4;52
TE525;18.01.2024;11;1.0;85;54;83;54;2;56
TE525;18.01.2024;12;1.0;106;54;104;54;2;53
TE525;18.01.2024;13;1.0;115;51;110;51;5;54
TE525;18.01.2024;14;1.0;147;47;143;47;4;47
TE525;18.01.2024;15;1.0;188;45;185;45;3;45
TE525;18.01.2024;16;1.0;181;40;180;40;1;52
TE525;18.01.2024;17;1.0;143;46;143;46;0;-1
TE525;18.01.2024;18;1.0;103;49;102;49;1;41
TE525;18.01.2024;19;1.0;75;50;75;50;0;-1
TE525;18.01.2024;20;1.0;47;50;47;50;0;-1
TE525;18.01.2024;21;1.0;34;50;34;50;0;-1
TE525;18.01.2024;22;1.0;29;55;29;55;0;-1
TE525;18.01.2024;23;1.0;24;60;22;57;2;93
TE525;19.01.2024;0;1.0;9;63;9;63;0;-1
TE525;19.01.2024;1;1.0;3;60;3;60;0;-1
TE525;19.01.2024;2;1.0;4;58;4;58;0;-1
TE525;19.01.2024;3;1.0;14;56;14;56;0;-1
TE525;19.01.2024;4;1.0;21;44;21;44;0;-1
TE525;19.01.2024;5;1.0;86;44;81;44;5;46
TE525;19.01.2024;6;1.0;107;46;106;46;1;46
TE525;19.01.2024;7;1.0;188;42;185;42;3;40
TE525;19.01.2024;8;1.0;132;40;132;40;0;-1
TE525;19.01.2024;9;1.0;128;44;127;44;1;46
TE525;19.01.2024;10;1.0;123;47;116;47;7;46
TE525;19.01.2024;11;1.0;118;50;116;50;2;48
TE525;19.01.2024;12;1.0;158;50;147;50;11;51
TE525;19.01.2024;13;1.0;172;49;170;49;2;54
TE525;19.01.2024;14;1.0;189;49;187;49;2;43
TE525;19.01.2024;15;1.0;180;47;178;47;2;48
TE525;19.01.2024;16;1.0;176;49;173;49;3;50
TE525;19.01.2024;17;1.0;136;46;136;46;0;-1
TE525;19.01.2024;18;1.0;73;50;73;50;0;-1
TE525;19.01.2024;19;1.0;87;46;86;46;1;52
TE525;19.01.2024;20;1.0;65;48;65;48;0;-1
TE525;19.01.2024;21;1.0;39;47;39;47;0;-1
TE525;19.01.2024;22;1.0;35;49;34;49;1;55
TE525;19.01.2024;23;1.0;25;50;25;50;0;-1
TE525;20.01.2024;0;1.0;17;49;17;49;0;-1
TE525;20.01.2024;1;1.0;8;47;8;47;0;-1
TE525;20.01.2024;2;1.0;12;45;12;45;0;-1
TE525;20.01.2024;3;1.0;8;50;8;50;0;-1
TE525;20.01.2024;4;1.0;13;55;12;55;1;55
TE525;20.01.2024;5;1.0;23;47;23;47;0;-1
TE525;20.01.2024;6;1.0;35;50;34;49;1;54
TE525;20.01.2024;7;1.0;48;48;46;48;2;46
TE525;20.01.2024;8;1.0;56;51;55;51;1;48
TE525;20.01.2024;9;1.0;108;50;108;50;0;-1
TE525;20.01.2024;10;1.0;137;51;135;51;2;52
TE525;20.01.2024;11;1.0;133;49;132;49;1;51
TE525;20.01.2024;12;1.0;127;50;127;50;0;-1
TE525;20.01.2024;13;1.0;137;50;137;50;0;-1
TE525;20.01.2024;14;1.0;153;49;151;49;2;51
TE525;20.01.2024;15;1.0;117;50;117;50;0;-1
TE525;20.01.2024;16;1.0;111;47;110;47;1;45
TE525;20.01.2024;17;1.0;96;51;95;51;1;45
TE525;20.01.2024;18;1.0;78;49;77;49;1;49
TE525;20.01.2024;19;1.0;64;47;64;47;0;-1
TE525;20.01.2024;20;1.0;46;49;45;49;1;49
TE525;20.01.2024;21;1.0;29;49;28;48;1;54
TE525;20.01.2024;22;1.0;33;53;33;53;0;-1
TE525;20.01.2024;23;1.0;18;54;18;54;0;-1
TE525;21.01.2024;0;1.0;18;55;18;55;0;-1
TE525;21.01.2024;1;1.0;4;56;4;56;0;-1
TE525;21.01.2024;2;1.0;7;55;7;55;0;-1
TE525;21.01.2024;3;1.0;6;57;6;57;0;-1
TE525;21.01.2024;4;1.0;7;52;7;52;0;-1
TE525;21.01.2024;5;1.0;23;49;23;49;0;-1
TE525;21.01.2024;6;1.0;23;51;23;51;0;-1
TE525;21.01.2024;7;1.0;17;50;17;50;0;-1
TE525;21.01.2024;8;1.0;27;50;27;50;0;-1
TE525;21.01.2024;9;1.0;58;52;58;52;0;-1
TE525;21.01.2024;10;1.0;78;47;77;47;1;49
TE525;21.01.2024;11;1.0;96;49;94;49;2;47
TE525;21.01.2024;12;1.0;99;48;99;48;0;-1
TE525;21.01.2024;13;1.0;118;50;116;50;2;47
TE525;21.01.2024;14;1.0;112;50;111;50;1;47
TE525;21.01.2024;15;1.0;91;52;91;52;0;-1
TE525;21.01.2024;16;1.0;74;51;74;51;0;-1
TE525;21.01.2024;17;1.0;103;48;102;48;1;47
TE525;21.01.2024;18;1.0;76;52;74;52;2;51
TE525;21.01.2024;19;1.0;54;54;54;54;0;-1
TE525;21.01.2024;20;1.0;40;54;40;54;0;-1
TE525;21.01.2024;21;1.0;28;52;27;52;1;56
TE525;21.01.2024;22;1.0;15;56;15;56;0;-1
TE525;21.01.2024;23;1.0;15;54;14;55;1;44
TE525;22.01.2024;0;1.0;2;58;2;58;0;-1
TE525;22.01.2024;1;1.0;4;50;4;50;0;-1
TE525;22.01.2024;2;1.0;4;55;4;55;0;-1
TE525;22.01.2024;3;1.0;10;50;9;51;1;42
TE525;22.01.2024;4;1.0;15;53;14;53;1;49
TE525;22.01.2024;5;1.0;88;50;79;50;9;51
TE525;22.01.2024;6;1.0;125;48;120;48;5;43
TE525;22.01.2024;7;1.0;181;47;170;47;11;45
TE525;22.01.2024;8;1.0;147;47;135;47;12;48
TE525;22.01.2024;9;1.0;129;48;118;48;11;47
TE525;22.01.2024;10;1.0;111;49;98;49;13;50
TE525;22.01.2024;11;1.0;101;51;93;51;8;50
TE525;22.01.2024;12;1.0;121;50;104;51;17;47
TE525;22.01.2024;13;1.0;116;50;104;50;12;50
TE525;22.01.2024;14;1.0;158;47;152;47;6;46
TE525;22.01.2024;15;1.0;199;48;188;48;11;49
TE525;22.01.2024;16;1.0;181;45;175;46;6;42
TE525;22.01.2024;17;1.0;137;50;132;50;5;49
TE525;22.01.2024;18;1.0;84;52;76;51;8;56
TE525;22.01.2024;19;1.0;68;48;68;48;0;-1
TE525;22.01.2024;20;1.0;43;52;43;52;0;-1
TE525;22.01.2024;21;1.0;22;51;22;51;0;-1
TE525;22.01.2024;22;1.0;17;51;17;51;0;-1
TE525;22.01.2024;23;1.0;14;55;13;54;1;61
TE525;23.01.2024;0;1.0;8;55;7;54;1;61
TE525;23.01.2024;1;1.0;2;70;1;69;1;70
TE525;23.01.2024;2;1.0;8;53;8;53;0;-1
TE525;23.01.2024;3;1.0;12;50;11;50;1;45
TE525;23.01.2024;4;1.0;27;48;25;48;2;45
TE525;23.01.2024;5;1.0;81;48;74;48;7;48
TE525;23.01.2024;6;1.0;127;47;126;47;1;47
TE525;23.01.2024;7;1.0;191;44;187;44;4;41
TE525;23.01.2024;8;1.0;158;45;150;45;8;45
TE525;23.01.2024;9;1.0;135;47;128;47;7;46
TE525;23.01.2024;10;1.0;136;49;124;49;12;48
TE525;23.01.2024;11;1.0;105;44;96;45;9;39
TE525;23.01.2024;12;1.0;120;46;108;46;12;46
TE525;23.01.2024;13;1.0;118;49;110;50;8;41
TE525;23.01.2024;14;1.0;166;48;159;48;7;46
TE525;23.01.2024;15;1.0;170;44;164;44;7;40
TE525;23.01.2024;16;1.0;156;49;149;49;7;46
TE525;23.01.2024;17;1.0;124;49;122;49;2;48
TE525;23.01.2024;18;1.0;111;49;107;49;4;46
TE525;23.01.2024;19;1.0;75;48;75;48;0;-1
TE525;23.01.2024;20;1.0;50;46;50;46;0;-1
TE525;23.01.2024;21;1.0;37;52;37;52;0;-1
TE525;23.01.2024;22;1.0;26;53;26;53;0;-1
TE525;23.01.2024;23;1.0;9;50;9;50;0;-1
TE525;24.01.2024;0;1.0;3;64;3;64;0;-1
TE525;24.01.2024;1;1.0;7;56;7;56;0;-1
TE525;24.01.2024;2;1.0;7;55;7;55;0;-1
TE525;24.01.2024;3;1.0;22;53;21;53;1;51
TE525;24.01.2024;4;1.0;35;54;34;54;1;61
TE525;24.01.2024;5;1.0;79;45;73;46;5;46
TE525;24.01.2024;6;1.0;109;51;106;51;3;47
TE525;24.01.2024;7;1.0;192;43;185;43;7;40
TE525;24.01.2024;8;1.0;148;48;140;48;8;48
TE525;24.01.2024;9;1.0;123;48;119;48;4;46
TE525;24.01.2024;10;1.0;120;47;113;47;7;45
TE525;24.01.2024;11;1.0;108;47;97;47;11;48
TE525;24.01.2024;12;1.0;111;50;97;50;14;46
TE525;24.01.2024;13;1.0;129;49;114;49;15;49
TE525;24.01.2024;14;1.0;152;45;144;45;8;42
TE525;24.01.2024;15;1.0;188;47;178;47;10;46
TE525;24.01.2024;16;1.0;190;47;188;47;2;49
TE525;24.01.2024;17;1.0;129;49;129;49;0;-1
TE525;24.01.2024;18;1.0;107;51;107;51;0;-1
TE525;24.01.2024;19;1.0;90;49;87;49;3;47
TE525;24.01.2024;20;1.0;70;51;69;51;1;51
TE525;24.01.2024;21;1.0;50;53;49;53;1;51
TE525;24.01.2024;22;1.0;27;54;27;54;0;-1
TE525;24.01.2024;23;1.0;19;62;19;62;0;-1
TE525;25.01.2024;0;1.0;6;49;4;46;2;54
TE525;25.01.2024;1;1.0;4;62;4;62;0;-1
TE525;25.01.2024;2;1.0;5;58;5;58;0;-1
TE525;25.01.2024;3;1.0;20;54;19;53;1;62
TE525;25.01.2024;4;1.0;27;52;26;52;1;52
TE525;25.01.2024;5;1.0;79;49;73;49;6;52
TE525;25.01.2024;6;1.0;133;48;127;48;6;46
TE525;25.01.2024;7;1.0;217;45;209;45;8;46
TE525;25.01.2024;8;1.0;161;46;156;46;5;45
TE525;25.01.2024;9;1.0;161;43;147;43;14;40
TE525;25.01.2024;10;1.0;129;47;118;48;11;42
TE525;25.01.2024;11;1.0;121;48;117;48;4;47
TE525;25.01.2024;12;1.0;127;49;120;49;7;47
TE525;25.01.2024;13;1.0;135;49;131;49;4;48
TE525;25.01.2024;14;1.0;174;37;168;37;6;38
TE525;25.01.2024;15;1.0;205;39;203;39;2;44
TE525;25.01.2024;16;1.0;197;45;192;45;5;44
TE525;25.01.2024;17;1.0;141;47;136;47;4;52
TE525;25.01.2024;18;1.0;107;50;106;50;1;56
TE525;25.01.2024;19;1.0;75;52;73;52;2;56
TE525;25.01.2024;20;1.0;59;52;59;52;0;-1
TE525;25.01.2024;21;1.0;49;51;49;51;0;-1
TE525;25.01.2024;22;1.0;38;51;38;51;0;-1
TE525;25.01.2024;23;1.0;18;53;18;53;0;-1
TE525;26.01.2024;0;1.0;9;49;9;49;0;-1
TE525;26.01.2024;1;1.0;3;50;3;50;0;-1
TE525;26.01.2024;2;1.0;7;46;7;46;0;-1
TE525;26.01.2024;3;1.0;16;45;16;45;0;-1
TE525;26.01.2024;4;1.0;24;54;24;54;0;-1
TE525;26.01.2024;5;1.0;96;49;96;49;0;-1
TE525;26.01.2024;6;1.0;107;49;103;49;4;48
TE525;26.01.2024;7;1.0;191;41;187;41;4;35
TE525;26.01.2024;8;1.0;102;26;97;25;5;35
TE525;26.01.2024;9;1.0;108;45;108;45;0;-1
TE525;26.01.2024;10;1.0;155;46;154;46;1;43
TE525;26.01.2024;11;1.0;131;51;124;51;7;47
TE525;26.01.2024;12;1.0;164;45;156;45;8;42
TE525;26.01.2024;13;1.0;172;48;165;48;7;48
TE525;26.01.2024;14;1.0;180;48;177;48;3;45
TE525;26.01.2024;15;1.0;188;46;186;46;2;46
TE525;26.01.2024;16;1.0;179;46;177;46;2;44
TE525;26.01.2024;17;1.0;97;41;96;41;1;30
TE525;26.01.2024;18;1.0;94;52;94;52;0;-1
TE525;26.01.2024;19;1.0;83;52;82;52;1;57
TE525;26.01.2024;20;1.0;71;53;71;53;0;-1
TE525;26.01.2024;21;1.0;47;49;47;49;0;-1
TE525;26.01.2024;22;1.0;42;53;41;53;1;52
TE525;26.01.2024;23;1.0;31;52;31;52;0;-1
TE525;27.01.2024;0;1.0;12;49;11;49;1;52
TE525;27.01.2024;1;1.0;11;48;11;48;0;-1
TE525;27.01.2024;2;1.0;10;52;10;52;0;-1
TE525;27.01.2024;3;1.0;15;48;14;48;1;52
TE525;27.01.2024;4;1.0;37;58;35;57;2;64
TE525;27.01.2024;5;1.0;58;46;58;46;0;-1
TE525;27.01.2024;6;1.0;76;48;74;48;2;54
TE525;27.01.2024;7;1.0;66;50;64;51;2;45
TE525;27.01.2024;8;1.0;110;52;109;52;1;51
TE525;27.01.2024;9;1.0;158;48;157;48;1;48
TE525;27.01.2024;10;1.0;198;47;191;47;7;45
TE525;27.01.2024;11;1.0;179;49;177;49;2;52
TE525;27.01.2024;12;1.0;174;49;173;49;1;58
TE525;27.01.2024;13;1.0;163;50;161;50;2;52
TE525;27.01.2024;14;1.0;162;48;160;48;2;48
TE525;27.01.2024;15;1.0;158;49;156;49;2;46
TE525;27.01.2024;16;1.0;132;35;129;35;3;33
TE525;27.01.2024;17;1.0;154;40;148;40;5;49
TE525;27.01.2024;18;1.0;151;35;151;35;0;-1
TE525;27.01.2024;19;1.0;82;48;82;48;0;-1
TE525;27.01.2024;20;1.0;59;49;58;49;1;43
TE525;27.01.2024;21;1.0;61;51;60;51;1;59
TE525;27.01.2024;22;1.0;78;50;78;50;0;-1
TE525;27.01.2024;23;1.0;35;52;35;52;0;-1
TE525;28.01.2024;0;1.0;31;49;31;49;0;-1
TE525;28.01.2024;1;1.0;24;52;24;52;0;-1
TE525;28.01.2024;2;1.0;19;54;19;54;0;-1
TE525;28.01.2024;3;1.0;27;54;27;54;0;-1
TE525;28.01.2024;4;1.0;24;50;24;50;0;-1
TE525;28.01.2024;5;1.0;43;52;43;52;0;-1
TE525;28.01.2024;6;1.0;41;50;41;50;0;-1
TE525;28.01.2024;7;1.0;29;47;29;47;0;-1
TE525;28.01.2024;8;1.0;47;49;47;49;0;-1
TE525;28.01.2024;9;1.0;86;47;84;47;2;50
TE525;28.01.2024;10;1.0;143;46;141;46;2;48
TE525;28.01.2024;11;1.0;167;47;164;47;3;48
TE525;28.01.2024;12;1.0;118;49;117;49;1;46
TE525;28.01.2024;13;1.0;138;49;136;49;2;49
TE525;28.01.2024;14;1.0;171;49;168;49;3;48
TE525;28.01.2024;15;1.0;113;51;112;51;1;46
TE525;28.01.2024;16;1.0;101;51;101;51;0;-1
TE525;28.01.2024;17;1.0;137;49;135;49;2;50
TE525;28.01.2024;18;1.0;101;47;101;47;0;-1
TE525;28.01.2024;19;1.0;91;51;91;51;0;-1
TE525;28.01.2024;20;1.0;42;53;42;53;0;-1
TE525;28.01.2024;21;1.0;31;48;31;48;0;-1
TE525;28.01.2024;22;1.0;22;55;22;55;0;-1
TE525;28.01.2024;23;1.0;22;60;22;60;0;-1
TE525;29.01.2024;0;1.0;11;61;11;61;0;-1
TE525;29.01.2024;1;1.0;7;61;7;61;0;-1
TE525;29.01.2024;2;1.0;9;56;7;55;2;62
TE525;29.01.2024;3;1.0;20;52;19;51;1;62
TE525;29.01.2024;4;1.0;33;54;30;53;3;69
TE525;29.01.2024;5;1.0;84;46;79;46;5;46
TE525;29.01.2024;6;1.0;135;48;130;48;5;48
TE525;29.01.2024;7;1.0;179;46;177;46;2;48
TE525;29.01.2024;8;1.0;166;47;157;47;9;46
TE525;29.01.2024;9;1.0;141;31;126;32;15;20
TE525;29.01.2024;10;1.0;103;39;97;40;6;17
TE525;29.01.2024;11;1.0;106;47;99;47;7;41
TE525;29.01.2024;12;1.0;136;47;122;47;14;46
TE525;29.01.2024;13;1.0;134;49;128;49;6;50
TE525;29.01.2024;14;1.0;151;47;140;47;11;45
TE525;29.01.2024;15;1.0;168;48;159;48;9;47
TE525;29.01.2024;16;1.0;194;44;177;45;17;42
TE525;29.01.2024;17;1.0;144;45;140;46;4;41
TE525;29.01.2024;18;1.0;108;48;105;48;3;50
TE525;29.01.2024;19;1.0;89;49;88;49;1;44
TE525;29.01.2024;20;1.0;37;49;37;49;0;-1
TE525;29.01.2024;21;1.0;32;45;32;45;0;-1
TE525;29.01.2024;22;1.0;21;49;21;49;0;-1
TE525;29.01.2024;23;1.0;11;48;11;48;0;-1
TE525;30.01.2024;0;1.0;5;46;4;43;1;61
TE525;30.01.2024;1;1.0;4;52;4;52;0;-1
TE525;30.01.2024;2;1.0;8;52;8;52;0;-1
TE525;30.01.2024;3;1.0;16;52;16;52;0;-1
TE525;30.01.2024;4;1.0;27;52;25;51;2;61
TE525;30.01.2024;5;1.0;92;43;91;43;1;46
TE525;30.01.2024;6;1.0;119;35;116;36;3;26
TE525;30.01.2024;7;1.0;197;44;195;44;2;44
TE525;30.01.2024;8;1.0;180;45;177;45;3;42
TE525;30.01.2024;9;1.0;158;49;148;49;10;48
TE525;30.01.2024;10;1.0;116;48;110;48;6;49
TE525;30.01.2024;11;1.0;100;48;93;48;7;48
TE525;30.01.2024;12;1.0;114;50;96;50;18;50
TE525;30.01.2024;13;1.0;117;44;105;44;12;44
TE525;30.01.2024;14;1.0;149;46;140;46;9;46
TE525;30.01.2024;15;1.0;163;47;155;47;8;48
TE525;30.01.2024;16;1.0;170;47;163;47;7;50
TE525;30.01.2024;17;1.0;128;46;119;46;9;46
TE525;30.01.2024;18;1.0;123;50;117;50;6;48
TE525;30.01.2024;19;1.0;52;50;50;50;2;48
TE525;30.01.2024;20;1.0;41;50;41;50;0;-1
TE525;30.01.2024;21;1.0;35;51;31;51;4;50
TE525;30.01.2024;22;1.0;36;46;34;46;2;47
TE525;30.01.2024;23;1.0;18;55;18;55;0;-1
TE525;31.01.2024;0;1.0;5;54;4;53;1;61
TE525;31.01.2024;1;1.0;4;61;3;60;1;64
TE525;31.01.2024;2;1.0;9;58;8;57;1;64
TE525;31.01.2024;3;1.0;8;52;7;51;1;56
TE525;31.01.2024;4;1.0;20;54;19;55;1;36
TE525;31.01.2024;5;1.0;92;48;81;48;11;48
TE525;31.01.2024;6;1.0;118;49;111;49;7;48
TE525;31.01.2024;7;1.0;196;47;194;47;2;48
TE525;31.01.2024;8;1.0;128;48;123;48;5;49
TE525;31.01.2024;9;1.0;123;48;122;47;1;49
TE525;31.01.2024;10;1.0;127;49;124;49;3;47
TE525;31.01.2024;11;1.0;92;49;84;49;8;46
TE525;31.01.2024;12;1.0;102;50;97;50;5;51
TE525;31.01.2024;13;1.0;138;50;129;50;9;47
TE525;31.01.2024;14;1.0;144;46;143;46;1;44
TE525;31.01.2024;15;1.0;178;49;178;49;0;-1
TE525;31.01.2024;16;1.0;190;44;187;44;3;47
TE525;31.01.2024;17;1.0;124;52;122;52;2;50
TE525;31.01.2024;18;1.0;91;51;90;51;1;52
TE525;31.01.2024;19;1.0;68;53;68;53;0;-1
TE525;31.01.2024;20;1.0;56;48;56;48;0;-1
TE525;31.01.2024;21;1.0;33;54;32;54;1;52
TE525;31.01.2024;22;1.0;22;54;22;54;0;-1
TE525;31.01.2024;23;1.0;15;59;14;58;1;69
TE527;01.01.2024;0;1.0;621;48;603;48;19;46
TE527;01.01.2024;1;1.0;1095;45;1071;45;23;46
TE527;01.01.2024;2;1.0;863;47;841;47;22;50
TE527;10.01.2024;0;1.0;952;33;893;33;59;34
TE527;10.01.2024;1;1.0;1013;44;949;44;64;46
TE527;10.01.2024;2;1.0;1054;44;941;44;113;44
TE527;10.01.2024;3;1.0;1151;44;1054;44;97;44
TE527;10.01.2024;4;1.0;1206;44;1077;44;129;44
TE527;10.01.2024;5;1.0;1145;43;1033;43;112;44
TE527;10.01.2024;6;1.0;1178;43;1045;43;133;46
TE527;11.01.2024;0;1.0;994;35;901;35;94;33
TE527;11.01.2024;1;1.0;1058;44;972;44;86;43
TE527;11.01.2024;2;1.0;1116;43;1019;43;97;42
TE527;11.01.2024;3;1.0;1237;44;1144;44;93;44
TE527;29.01.2024;7;1.0;1019;45;949;45;70;44
TE527;29.01.2024;8;1.0;1126;45;1074;45;52;45
TE527;29.01.2024;9;1.0;1041;43;973;44;68;44
TE527;29.01.2024;10;1.0;1060;42;987;42;73;41
TE527;29.01.2024;11;1.0;1090;44;1036;44;54;46
TE527;29.01.2024;12;1.0;1057;43;1020;43;37;43
TE527;29.01.2024;13;1.0;920;46;885;46;35;45
TE527;29.01.2024;14;1.0;784;42;765;42;20;40
TE527;29.01.2024;15;1.0;623;44;607;44;16;44
TE527;29.01.2024;16;1.0;626;36;610;36;15;35
TE527;29.01.2024;17;1.0;532;49;514;49;18;49
TE527;29.01.2024;18;1.0;363;51;358;51;5;48
TE527;29.01.2024;19;1.0;257;50;249;50;8;50
TE527;29.01.2024;20;1.0;195;50;189;50;6;47
TE527;29.01.2024;21;1.0;164;50;160;50;4;49
TE527;29.01.2024;22;1.0;116;50;111;50;5;50
TE527;29.01.2024;23;1.0;281;52;264;52;17;50
TE527;30.01.2024;0;1.0;599;49;577;50;22;49
TE527;30.01.2024;1;1.0;829;48;792;48;37;46
TE527;30.01.2024;2;1.0;972;42;920;42;52;43
TE527;30.01.2024;3;1.0;988;40;938;40;50;40
TE527;30.01.2024;4;1.0;994;44;913;44;81;44
TE527;30.01.2024;5;1.0;983;44;893;44;90;45
TE527;30.01.2024;6;1.0;992;44;882;44;110;43
TE527;30.01.2024;7;1.0;1059;44;933;45;126;43
TE527;30.01.2024;8;1.0;1071;44;951;44;120;44
TE527;30.01.2024;9;1.0;1230;48;1088;48;142;49
TE527;30.01.2024;10;1.0;1187;46;1080;46;107;48
TE527;30.01.2024;11;1.0;1152;38;1074;37;79;38
TE527;30.01.2024;12;1.0;1147;44;1080;44;67;46
TE527;30.01.2024;13;1.0;1013;44;984;44;29;45
TE527;30.01.2024;14;1.0;735;45;697;45;38;45
TE527;30.01.2024;15;1.0;687;46;652;46;35;45
TE527;30.01.2024;16;1.0;623;48;597;48;26;52
TE527;30.01.2024;17;1.0;527;49;510;49;17;48
TE527;30.01.2024;18;1.0;331;51;324;51;7;50
TE527;30.01.2024;19;1.0;236;52;228;52;8;51
TE527;30.01.2024;20;1.0;165;53;161;53;4;49
TE527;30.01.2024;21;1.0;112;54;108;53;4;54
TE527;30.01.2024;22;1.0;127;52;117;52;10;51
TE527;30.01.2024;23;1.0;295;53;276;53;19;53
TE527;31.01.2024;0;1.0;559;52;544;52;15;52
TE527;31.01.2024;1;1.0;844;48;809;48;35;48
TE527;31.01.2024;2;1.0;982;44;934;44;48;44
TE527;31.01.2024;3;1.0;1082;46;1003;46;79;45
TE527;31.01.2024;4;1.0;1088;46;1008;46;80;44
TE527;31.01.2024;5;1.0;1055;43;953;43;102;45
TE527;31.01.2024;6;1.0;1026;48;954;48;72;48
TE527;31.01.2024;7;1.0;1115;46;959;46;156;47
TE527;31.01.2024;8;1.0;1106;44;982;44;124;45
TE527;31.01.2024;9;1.0;1168;45;1073;45;95;46
TE527;31.01.2024;10;1.0;1295;47;1197;47;98;48
TE527;31.01.2024;11;1.0;1215;45;1138;45;77;46
TE527;31.01.2024;12;1.0;1188;46;1118;46;70;46
TE527;31.01.2024;13;1.0;1052;45;1011;45;41;44
TE527;31.01.2024;14;1.0;883;40;834;40;49;40
TE527;31.01.2024;15;1.0;774;47;732;47;42;48
TE527;31.01.2024;16;1.0;720;48;677;47;43;50
TE527;31.01.2024;17;1.0;654;49;626;49;28;50
TE527;31.01.2024;18;1.0;379;52;373;52;6;49
TE527;31.01.2024;19;1.0;266;54;260;54;6;52
TE527;31.01.2024;20;1.0;197;53;189;53;8;50
TE527;31.01.2024;21;1.0;143;54;137;54;6;55
TE527;31.01.2024;22;1.0;133;53;119;52;14;52
TE527;31.01.2024;23;1.0;294;55;270;55;24;54
TE545;01.01.2024;0;1.0;12;34;0;-1;12;34
TE545;01.01.2024;1;1.0;43;32;0;-1;43;32
TE545;01.01.2024;2;1.0;48;30;0;-1;48;30
TE545;01.01.2024;3;1.0;30;28;2;15;28;29
TE545;01.01.2024;4;1.0;19;34;1;24;18;35
TE545;01.01.2024;5;1.0;20;27;2;18;18;28
TE545;01.01.2024;6;1.0;12;31;1;16;11;33
TE545;01.01.2024;7;1.0;14;32;0;-1;14;32
TE545;01.01.2024;8;1.0;14;26;3;23;11;27
TE545;01.01.2024;9;1.0;21;28;1;20;20;28
TE545;01.01.2024;10;1.0;13;23;4;16;9;26
TE545;01.01.2024;11;1.0;25;28;5;19;20;31
TE545;01.01.2024;12;1.0;13;19;4;15;9;21
TE545;01.01.2024;13;1.0;47;28;11;21;36;31
TE545;01.01.2024;14;1.0;41;22;9;17;32;24
TE545;01.01.2024;16;1.0;38;25;5;18;34;25
TE545;01.01.2024;20;1.0;34;29;1;35;32;30
TE545;01.01.2024;21;1.0;16;21;3;13;13;23
TE545;01.01.2024;22;1.0;22;25;2;18;19;27
TE545;01.01.2024;23;1.0;10;28;0;-1;10;28
TE545;02.01.2024;0;1.0;1;34;0;-1;1;34
TE545;02.01.2024;1;1.0;8;26;0;-1;8;26
TE545;02.01.2024;2;1.0;3;19;1;21;1;36
TE545;02.01.2024;3;1.0;10;29;1;70;8;28
TE545;02.01.2024;5;1.0;24;31;5;21;19;34
TE545;02.01.2024;6;1.0;45;21;19;16;27;24
TE545;02.01.2024;7;1.0;60;25;28;19;32;30
TE545;02.01.2024;8;1.0;107;17;52;16;55;19
TE545;02.01.2024;12;1.0;60;23;9;18;51;24
TE545;02.01.2024;14;1.0;70;22;17;17;53;23
TE545;02.01.2024;15;1.0;63;21;16;18;47;22
TE545;02.01.2024;17;1.0;60;20;16;15;44;23
TE545;02.01.2024;18;1.0;66;29;16;22;50;32
TE545;02.01.2024;19;1.0;39;30;13;24;26;33
TE545;02.01.2024;20;1.0;36;28;9;22;27;31
TE545;02.01.2024;21;1.0;27;32;4;20;23;34
TE545;02.01.2024;22;1.0;19;34;2;24;17;35
TE545;02.01.2024;23;1.0;17;35;1;51;16;34
TE545;03.01.2024;0;1.0;5;31;1;36;4;30
TE545;03.01.2024;1;1.0;5;33;0;-1;5;33
TE545;03.01.2024;2;1.0;5;28;1;21;4;30
TE545;03.01.2024;3;1.0;1;40;0;-1;1;40
TE545;03.01.2024;5;1.0;20;28;4;21;15;33
TE545;03.01.2024;6;1.0;43;21;16;17;28;23
TE545;03.01.2024;8;1.0;166;19;80;16;85;22
TE545;03.01.2024;9;1.0;162;18;96;16;66;22
TE545;03.01.2024;12;1.0;52;18;19;13;33;21
TE545;03.01.2024;13;1.0;80;19;25;16;55;22
TE545;03.01.2024;14;1.0;60;20;19;17;41;22
TE545;03.01.2024;15;1.0;76;28;11;20;65;29
TE545;03.01.2024;17;1.0;51;20;11;13;40;23
TE545;03.01.2024;18;1.0;65;22;17;18;48;24
TE545;03.01.2024;19;1.0;53;20;14;19;38;21
TE545;03.01.2024;20;1.0;42;24;10;17;32;27
TE545;03.01.2024;21;1.0;25;26;7;19;19;28
TE545;03.01.2024;23;1.0;18;29;4;24;14;30
TE545;04.01.2024;0;1.0;9;29;0;-1;9;29
TE545;04.01.2024;1;1.0;0;-1;0;-1;0;-1
TE545;04.01.2024;2;1.0;4;15;1;19;2;21
TE545;04.01.2024;3;1.0;0;-1;0;-1;0;-1
TE545;04.01.2024;4;1.0;7;28;1;24;6;28
TE545;04.01.2024;5;1.0;25;22;12;17;13;26
TE545;04.01.2024;6;1.0;42;20;25;19;17;22
TE545;04.01.2024;7;1.0;96;17;59;15;37;20
TE545;04.01.2024;8;1.0;123;20;76;18;47;24
TE545;04.01.2024;9;1.0;156;19;83;18;73;22
TE545;04.01.2024;10;1.0;83;21;34;18;49;23
TE545;04.01.2024;11;1.0;104;20;22;16;82;21
TE545;04.01.2024;12;1.0;64;24;17;19;47;26
TE545;04.01.2024;13;1.0;64;21;18;16;46;23
TE545;04.01.2024;14;1.0;43;26;9;20;34;28
TE545;04.01.2024;15;1.0;67;25;17;24;49;27
TE545;04.01.2024;16;1.0;65;21;28;19;37;24
TE545;04.01.2024;17;1.0;60;22;19;18;41;24
TE545;04.01.2024;18;1.0;49;24;16;18;34;26
TE545;04.01.2024;19;1.0;50;24;8;16;42;26
TE545;04.01.2024;20;1.0;44;27;4;34;39;28
TE545;04.01.2024;21;1.0;41;28;10;24;32;28
TE545;04.01.2024;22;1.0;20;28;4;22;15;32
TE545;04.01.2024;23;1.0;8;29;1;34;7;28
TE545;05.01.2024;0;1.0;8;26;2;20;6;28
TE545;05.01.2024;1;1.0;4;16;3;11;1;32
TE545;05.01.2024;2;1.0;6;34;1;26;5;35
TE545;05.01.2024;3;1.0;2;30;1;20;1;40
TE545;05.01.2024;4;1.0;2;23;1;14;1;32
TE545;05.01.2024;5;1.0;16;20;10;16;6;26
TE545;05.01.2024;6;1.0;24;20;11;16;13;23
TE545;05.01.2024;7;1.0;57;22;28;19;28;25
TE545;05.01.2024;8;1.0;105;17;64;14;41;22
TE545;05.01.2024;10;1.0;57;20;13;16;44;21
TE545;05.01.2024;11;1.0;46;21;14;21;31;22
TE545;05.01.2024;12;1.0;54;22;13;17;41;24
TE545;05.01.2024;13;1.0;40;22;11;14;29;25
TE545;05.01.2024;15;1.0;41;24;8;25;32;25
TE545;05.01.2024;16;1.0;41;23;17;20;24;25
TE545;05.01.2024;17;1.0;70;27;19;18;51;30
TE545;05.01.2024;18;1.0;62;25;17;24;45;26
TE545;05.01.2024;19;1.0;59;25;14;22;45;27
TE545;05.01.2024;20;1.0;40;27;10;23;31;28
TE545;05.01.2024;21;1.0;24;27;8;22;16;30
TE545;05.01.2024;22;1.0;33;30;5;24;28;32
TE545;05.01.2024;23;1.0;26;33;4;21;22;35
TE545;06.01.2024;0;1.0;9;28;2;29;7;28
TE545;06.01.2024;1;1.0;8;27;3;21;5;31
TE545;06.01.2024;2;1.0;4;20;1;7;2;38
TE545;06.01.2024;4;1.0;5;25;0;-1;5;25
TE545;06.01.2024;5;1.0;15;34;3;26;12;36
TE545;06.01.2024;6;1.0;16;25;6;21;10;28
TE545;06.01.2024;7;1.0;14;26;6;18;8;34
TE545;06.01.2024;8;1.0;24;31;5;30;19;32
TE545;06.01.2024;9;1.0;27;27;11;22;16;31
TE545;06.01.2024;10;1.0;51;25;14;20;37;27
TE545;06.01.2024;11;1.0;46;23;11;15;35;25
TE545;06.01.2024;12;1.0;63;28;15;24;48;30
TE545;06.01.2024;13;1.0;75;26;19;23;56;28
TE545;06.01.2024;14;1.0;74;25;21;23;53;26
TE545;06.01.2024;15;1.0;70;26;14;21;56;28
TE545;06.01.2024;16;1.0;65;26;13;24;52;27
TE545;06.01.2024;17;1.0;60;25;16;21;44;27
TE545;06.01.2024;18;1.0;84;26;20;21;64;28
TE545;06.01.2024;19;1.0;60;27;12;20;48;30
TE545;06.01.2024;20;1.0;34;26;8;23;25;29
TE545;06.01.2024;21;1.0;37;29;6;25;31;30
TE545;06.01.2024;22;1.0;48;30;7;27;41;31
TE545;06.01.2024;23;1.0;24;28;2;20;22;29
TE545;07.01.2024;0;1.0;19;32;3;28;15;34
TE545;07.01.2024;1;1.0;15;34;0;-1;15;34
TE545;07.01.2024;2;1.0;8;29;1;28;7;30
TE545;07.01.2024;3;1.0;10;32;0;-1;10;32
TE545;07.01.2024;4;1.0;6;32;0;-1;6;32
TE545;07.01.2024;5;1.0;11;24;2;18;9;25
TE545;07.01.2024;6;1.0;8;27;4;18;5;28
TE545;07.01.2024;7;1.0;12;34;1;26;11;35
TE545;07.01.2024;8;1.0;14;31;3;18;11;34
TE545;07.01.2024;9;1.0;23;25;10;25;13;25
TE545;07.01.2024;10;1.0;38;31;9;22;29;34
TE545;07.01.2024;11;1.0;53;28;12;23;41;29
TE545;07.01.2024;12;1.0;84;28;8;22;76;29
TE545;07.01.2024;13;1.0;94;26;26;22;68;28
TE545;07.01.2024;14;1.0;111;26;22;22;89;28
TE545;07.01.2024;15;1.0;57;26;11;22;46;27
TE545;07.01.2024;16;1.0;44;19;9;16;35;20
TE545;07.01.2024;17;1.0;50;25;2;28;48;25
TE545;07.01.2024;18;1.0;67;29;10;23;57;31
TE545;07.01.2024;19;1.0;48;30;10;27;38;31
TE545;07.01.2024;20;1.0;24;29;7;24;17;32
TE545;07.01.2024;21;1.0;12;31;2;18;10;33
TE545;07.01.2024;22;1.0;19;29;2;20;17;31
TE545;07.01.2024;23;1.0;12;32;3;25;9;34
TE545;08.01.2024;0;1.0;3;36;0;-1;3;36
TE545;08.01.2024;3;1.0;2;32;0;-1;2;32
TE545;08.01.2024;4;1.0;4;17;0;-1;4;17
TE545;08.01.2024;5;1.0;29;23;7;15;22;25
TE545;08.01.2024;7;1.0;100;17;36;14;64;20
TE545;08.01.2024;12;1.0;84;18;25;15;59;19
TE545;08.01.2024;14;1.0;46;21;13;16;32;25
TE545;08.01.2024;15;1.0;47;22;10;14;37;25
TE545;08.01.2024;16;1.0;84;18;29;14;55;20
TE545;08.01.2024;17;1.0;83;23;19;19;64;24
TE545;08.01.2024;18;1.0;60;23;19;18;41;26
TE545;08.01.2024;20;1.0;36;20;8;16;28;22
TE545;08.01.2024;21;1.0;20;20;9;16;11;23
TE545;08.01.2024;22;1.0;20;27;5;24;14;30
TE545;09.01.2024;1;1.0;0;-1;0;-1;0;-1
TE545;09.01.2024;2;1.0;4;24;1;21;2;36
TE545;09.01.2024;3;1.0;2;28;0;-1;2;28
TE545;09.01.2024;4;1.0;11;27;3;18;8;30
TE545;09.01.2024;5;1.0;34;21;16;16;18;26
TE545;09.01.2024;6;1.0;43;19;20;15;23;23
TE545;09.01.2024;7;1.0;103;17;44;15;59;19
TE545;09.01.2024;10;1.0;95;17;27;14;68;19
TE545;09.01.2024;11;1.0;105;18;20;13;85;19
TE545;09.01.2024;16;1.0;72;25;14;20;58;26
TE545;09.01.2024;17;1.0;64;24;20;20;45;26
TE545;09.01.2024;19;1.0;41;22;13;17;28;25
TE545;09.01.2024;20;1.0;37;23;14;22;23;23
TE545;09.01.2024;21;1.0;34;22;6;16;28;24
TE545;09.01.2024;22;1.0;16;28;2;31;13;30
TE545;09.01.2024;23;1.0;16;27;8;21;9;30
TE545;10.01.2024;0;1.0;7;29;1;36;6;28
TE545;10.01.2024;2;1.0;3;24;0;-1;3;24
TE545;10.01.2024;4;1.0;5;26;2;16;3;33
TE545;10.01.2024;5;1.0;16;21;5;16;11;23
TE545;10.01.2024;6;1.0;37;21;18;19;19;23
TE545;10.01.2024;7;1.0;53;16;25;16;28;17
TE545;10.01.2024;9;1.0;227;18;88;16;139;19
TE545;10.01.2024;10;1.0;108;17;32;14;76;19
TE545;10.01.2024;12;1.0;98;21;32;16;66;23
TE545;10.01.2024;13;1.0;50;21;10;17;40;22
TE545;10.01.2024;15;1.0;101;24;20;20;82;25
TE545;10.01.2024;16;1.0;89;18;24;14;65;20
TE545;10.01.2024;17;1.0;72;24;17;20;55;25
TE545;10.01.2024;20;1.0;47;23;14;19;32;27
TE545;10.01.2024;21;1.0;36;23;11;18;25;25
TE545;10.01.2024;23;1.0;9;22;1;19;8;23
TE545;11.01.2024;0;1.0;5;23;0;-1;5;23
TE545;11.01.2024;1;1.0;1;43;0;-1;1;43
TE545;11.01.2024;2;1.0;2;20;1;20;1;21
TE545;11.01.2024;3;1.0;1;37;0;-1;1;37
TE545;11.01.2024;4;1.0;1;25;0;-1;1;25
TE545;11.01.2024;5;1.0;22;19;7;18;14;22
TE545;11.01.2024;6;1.0;27;22;13;19;14;26
TE545;11.01.2024;7;1.0;39;15;20;14;19;16
TE545;11.01.2024;9;1.0;200;15;105;13;95;17
TE545;11.01.2024;10;1.0;104;16;51;14;53;19
TE545;11.01.2024;11;1.0;77;19;25;16;52;21
TE545;11.01.2024;12;1.0;65;22;18;18;47;24
TE545;11.01.2024;13;1.0;87;22;20;17;68;23
TE545;11.01.2024;14;1.0;66;22;19;19;47;23
TE545;11.01.2024;15;1.0;89;22;11;16;78;23
TE545;11.01.2024;17;1.0;49;19;12;15;37;20
TE545;11.01.2024;18;1.0;42;24;5;23;37;24
TE545;11.01.2024;19;1.0;45;22;5;16;40;23
TE545;11.01.2024;20;1.0;39;21;5;18;33;22
TE545;11.01.2024;21;1.0;24;23;4;18;20;24
TE545;11.01.2024;22;1.0;31;23;10;14;22;27
TE545;11.01.2024;23;1.0;12;28;0;-1;12;28
TE545;12.01.2024;0;1.0;12;31;0;-1;12;31
TE545;12.01.2024;1;1.0;12;31;0;-1;12;31
TE545;12.01.2024;2;1.0;7;29;1;19;5;37
TE545;12.01.2024;3;1.0;2;31;0;-1;2;31
TE545;12.01.2024;4;1.0;8;26;3;31;4;29
TE545;12.01.2024;5;1.0;43;23;7;19;36;25
TE545;12.01.2024;6;1.0;35;20;9;16;25;22
TE545;12.01.2024;7;1.0;48;19;18;16;30;21
TE545;12.01.2024;8;1.0;123;21;58;18;65;25
TE545;12.01.2024;9;1.0;159;17;53;14;105;19
TE545;12.01.2024;11;1.0;98;24;24;20;74;26
TE545;12.01.2024;12;1.0;59;24;11;20;48;25
TE545;12.01.2024;13;1.0;62;26;17;21;45;29
TE545;12.01.2024;14;1.0;53;22;12;17;41;25
TE545;12.01.2024;15;1.0;68;27;20;22;48;29
TE545;12.01.2024;16;1.0;63;20;15;15;48;22
TE545;12.01.2024;17;1.0;58;22;12;14;46;24
TE545;12.01.2024;18;1.0;59;24;24;19;35;27
TE545;12.01.2024;19;1.0;67;26;12;17;55;28
TE545;12.01.2024;20;1.0;54;28;8;19;46;30
TE545;12.01.2024;21;1.0;31;25;5;16;26;27
TE545;12.01.2024;22;1.0;23;28;1;20;22;28
TE545;12.01.2024;23;1.0;16;22;4;13;12;25
TE545;13.01.2024;0;1.0;9;34;0;-1;9;34
TE545;13.01.2024;1;1.0;20;28;1;17;19;28
TE545;13.01.2024;2;1.0;1;30;0;-1;1;30
TE545;13.01.2024;3;1.0;2;33;0;-1;2;33
TE545;13.01.2024;4;1.0;4;36;1;39;3;35
TE545;13.01.2024;5;1.0;8;32;1;20;7;34
TE545;13.01.2024;6;1.0;12;24;4;15;8;29
TE545;13.01.2024;7;1.0;8;30;3;29;5;30
TE545;13.01.2024;8;1.0;27;27;8;18;20;29
TE545;13.01.2024;9;1.0;37;23;11;19;26;25
TE545;13.01.2024;10;1.0;61;25;15;20;46;27
TE545;13.01.2024;11;1.0;35;21;8;20;26;22
TE545;13.01.2024;12;1.0;63;23;19;18;45;25
TE545;13.01.2024;14;1.0;67;29;14;21;53;31
TE545;13.01.2024;15;1.0;64;29;15;23;49;32
TE545;13.01.2024;16;1.0;51;25;12;20;39;27
TE545;13.01.2024;19;1.0;67;24;8;20;59;25
TE545;13.01.2024;20;1.0;49;22;8;16;41;23
TE545;13.01.2024;21;1.0;30;23;8;17;22;26
TE545;13.01.2024;22;1.0;34;25;2;17;31;26
TE545;13.01.2024;23;1.0;19;31;2;28;16;34
TE545;14.01.2024;0;1.0;12;29;0;-1;12;29
TE545;14.01.2024;1;1.0;8;20;3;13;5;24
TE545;14.01.2024;2;1.0;20;24;2;24;18;24
TE545;14.01.2024;5;1.0;3;18;1;21;1;32
TE545;14.01.2024;6;1.0;5;36;0;-1;5;36
TE545;14.01.2024;7;1.0;4;19;1;17;2;29
TE545;14.01.2024;9;1.0;12;22;3;18;9;24
TE545;14.01.2024;12;1.0;47;23;13;15;34;27
TE545;14.01.2024;13;1.0;62;23;16;14;47;26
TE545;14.01.2024;14;1.0;108;18;32;15;76;19
TE545;14.01.2024;15;1.0;55;19;4;14;51;20
TE545;14.01.2024;16;1.0;57;20;4;15;53;20
TE545;14.01.2024;17;1.0;68;23;11;21;58;24
TE545;14.01.2024;18;1.0;50;21;11;15;40;22
TE545;14.01.2024;19;1.0;49;21;8;15;41;22
TE545;14.01.2024;20;1.0;20;23;5;13;16;25
TE545;14.01.2024;21;1.0;26;26;4;21;22;26
TE545;14.01.2024;22;1.0;22;28;2;34;20;28
TE545;14.01.2024;23;1.0;12;31;3;25;9;33
TE545;15.01.2024;0;1.0;6;29;1;26;5;30
TE545;15.01.2024;1;1.0;3;38;0;-1;3;38
TE545;15.01.2024;2;1.0;3;32;0;-1;3;32
TE545;15.01.2024;3;1.0;4;25;0;-1;4;25
TE545;15.01.2024;4;1.0;8;26;2;18;6;28
TE545;15.01.2024;5;1.0;29;21;9;16;20;23
TE545;15.01.2024;13;1.0;31;18;11;16;20;20
TE545;15.01.2024;14;1.0;52;20;16;16;36;22
TE545;15.01.2024;17;1.0;61;25;13;19;48;26
TE545;15.01.2024;18;1.0;74;23;22;18;53;24
TE545;15.01.2024;19;1.0;41;29;12;24;29;31
TE545;15.01.2024;20;1.0;21;22;7;18;14;25
TE545;15.01.2024;21;1.0;19;24;4;21;14;27
TE545;15.01.2024;22;1.0;9;26;1;19;8;27
TE545;15.01.2024;23;1.0;4;24;0;-1;4;24
TE545;16.01.2024;0;1.0;5;23;1;18;4;24
TE545;16.01.2024;1;1.0;0;-1;0;-1;0;-1
TE545;16.01.2024;3;1.0;0;-1;0;-1;0;-1
TE545;16.01.2024;4;1.0;1;10;1;10;0;-1
TE545;16.01.2024;5;1.0;7;15;1;13;5;18
TE545;16.01.2024;6;1.0;20;16;10;13;10;19
TE545;16.01.2024;7;1.0;59;12;25;11;33;13
TE545;16.01.2024;10;1.0;91;17;29;16;61;19
TE545;16.01.2024;12;1.0;51;26;8;21;43;27
TE545;16.01.2024;13;1.0;63;28;8;23;55;29
TE545;16.01.2024;14;1.0;51;25;12;20;39;26
TE545;16.01.2024;15;1.0;43;23;16;20;26;26
TE545;16.01.2024;18;1.0;55;19;8;14;47;20
TE545;16.01.2024;20;1.0;60;23;9;21;51;23
TE545;16.01.2024;21;1.0;28;21;5;16;23;22
TE545;16.01.2024;22;1.0;24;24;7;19;17;27
TE545;16.01.2024;23;1.0;10;26;0;-1;10;26
TE545;17.01.2024;0;1.0;5;26;0;-1;5;26
TE545;17.01.2024;1;1.0;8;27;0;-1;8;27
TE545;17.01.2024;2;1.0;2;37;0;-1;2;37
TE545;17.01.2024;3;1.0;1;18;0;-1;1;18
TE545;17.01.2024;4;1.0;4;20;1;14;2;33
TE545;17.01.2024;5;1.0;14;25;3;21;11;26
TE545;17.01.2024;6;1.0;38;23;15;17;23;27
TE545;17.01.2024;8;1.0;204;20;98;17;106;23
TE545;17.01.2024;10;1.0;119;19;38;16;80;21
TE545;17.01.2024;11;1.0;59;17;19;15;40;17
TE545;17.01.2024;13;1.0;73;23;14;21;59;24
TE545;17.01.2024;14;1.0;58;23;14;21;43;24
TE545;17.01.2024;15;1.0;83;22;18;18;65;23
TE545;17.01.2024;17;1.0;79;19;12;16;67;20
TE545;17.01.2024;20;1.0;38;24;11;18;28;26
TE545;17.01.2024;21;1.0;47;24;12;18;35;26
TE545;17.01.2024;22;1.0;16;23;5;16;11;26
TE545;17.01.2024;23;1.0;13;26;3;10;11;28
TE545;18.01.2024;1;1.0;0;-1;0;-1;0;-1
TE545;18.01.2024;2;1.0;0;-1;0;-1;0;-1
TE545;18.01.2024;3;1.0;2;36;0;-1;2;36
TE545;18.01.2024;4;1.0;7;24;1;14;6;26
TE545;18.01.2024;5;1.0;13;24;5;20;8;27
TE545;18.01.2024;6;1.0;27;19;7;13;20;22
TE545;18.01.2024;7;1.0;76;17;28;15;48;19
TE545;18.01.2024;8;1.0;169;16;68;15;101;18
TE545;18.01.2024;11;1.0;63;17;19;15;44;18
TE545;18.01.2024;12;1.0;55;21;13;20;42;22
TE545;18.01.2024;13;1.0;53;22;16;22;37;23
TE545;18.01.2024;14;1.0;47;19;12;14;35;21
TE545;18.01.2024;15;1.0;57;25;12;18;45;27
TE545;18.01.2024;18;1.0;60;20;16;16;44;22
TE545;18.01.2024;19;1.0;50;28;8;21;42;29
TE545;18.01.2024;21;1.0;33;26;12;24;21;28
TE545;18.01.2024;22;1.0;23;24;4;21;19;25
TE545;18.01.2024;23;1.0;17;31;1;21;16;32
TE545;19.01.2024;0;1.0;5;29;0;-1;5;29
TE545;19.01.2024;1;1.0;1;29;0;-1;1;29
TE545;19.01.2024;2;1.0;4;24;0;-1;4;24
TE545;19.01.2024;3;1.0;4;29;0;-1;4;29
TE545;19.01.2024;4;1.0;8;25;3;17;5;30
TE545;19.01.2024;5;1.0;11;19;4;15;7;22
TE545;19.01.2024;7;1.0;93;17;28;14;65;19
TE545;19.01.2024;8;1.0;133;19;61;17;72;21
TE545;19.01.2024;9;1.0;98;20;40;15;59;23
TE545;19.01.2024;10;1.0;82;21;30;17;52;24
TE545;19.01.2024;12;1.0;72;19;16;14;56;20
TE545;19.01.2024;14;1.0;14;17;2;20;12;17
TE545;19.01.2024;15;1.0;53;28;12;20;41;30
TE545;19.01.2024;17;1.0;58;22;8;16;49;23
TE545;19.01.2024;18;1.0;75;27;14;23;61;29
TE545;19.01.2024;19;1.0;71;24;15;20;56;25
TE545;19.01.2024;20;1.0;53;27;8;17;46;29
TE545;19.01.2024;21;1.0;48;28;5;23;43;29
TE545;19.01.2024;22;1.0;32;30;5;24;27;31
TE545;19.01.2024;23;1.0;16;28;1;17;14;31
TE545;20.01.2024;0;1.0;20;26;2;26;18;27
TE545;20.01.2024;1;1.0;8;29;0;-1;8;29
TE545;20.01.2024;2;1.0;7;26;0;-1;7;26
TE545;20.01.2024;3;1.0;8;20;0;-1;8;20
TE545;20.01.2024;4;1.0;7;29;0;-1;7;29
TE545;20.01.2024;5;1.0;10;26;0;-1;10;26
TE545;20.01.2024;6;1.0;17;23;4;15;13;26
TE545;20.01.2024;7;1.0;13;25;5;19;8;28
TE545;20.01.2024;8;1.0;24;20;8;16;16;22
TE545;20.01.2024;9;1.0;47;20;11;14;36;22
TE545;20.01.2024;10;1.0;49;21;8;16;41;22
TE545;20.01.2024;11;1.0;61;20;12;15;49;22
TE545;20.01.2024;12;1.0;67;21;10;17;58;21
TE545;20.01.2024;13;1.0;98;28;19;18;79;30
TE545;20.01.2024;14;1.0;91;23;22;19;70;24
TE545;20.01.2024;15;1.0;47;24;11;20;36;26
TE545;20.01.2024;16;1.0;70;26;7;22;63;27
TE545;20.01.2024;17;1.0;55;21;11;15;44;22
TE545;20.01.2024;18;1.0;58;28;2;12;56;29
TE545;20.01.2024;19;1.0;82;23;14;23;68;23
TE545;20.01.2024;20;1.0;41;26;8;18;34;28
TE545;20.01.2024;21;1.0;22;29;1;41;21;29
TE545;20.01.2024;22;1.0;25;33;1;20;24;33
TE545;20.01.2024;23;1.0;24;32;0;-1;24;32
TE545;21.01.2024;0;1.0;12;23;0;-1;12;23
TE545;21.01.2024;3;1.0;6;34;0;-1;6;34
TE545;21.01.2024;6;1.0;9;17;7;14;3;19
TE545;21.01.2024;9;1.0;19;21;9;23;9;22
TE545;21.01.2024;10;1.0;25;27;4;22;21;28
TE545;21.01.2024;11;1.0;45;27;12;22;33;29
TE545;21.01.2024;12;1.0;60;24;14;18;46;26
TE545;21.01.2024;13;1.0;74;27;18;21;56;29
TE545;21.01.2024;14;1.0;74;22;17;17;57;25
TE545;21.01.2024;15;1.0;147;19;73;16;74;23
TE545;21.01.2024;16;1.0;184;17;78;15;106;18
TE545;21.01.2024;17;1.0;67;22;12;17;55;24
TE545;21.01.2024;18;1.0;51;26;7;18;45;27
TE545;21.01.2024;19;1.0;26;23;4;17;23;23
TE545;21.01.2024;20;1.0;38;24;8;23;30;25
TE545;21.01.2024;21;1.0;29;24;2;17;26;26
TE545;21.01.2024;22;1.0;19;24;1;16;17;26
TE545;21.01.2024;23;1.0;17;30;2;25;15;31
TE545;22.01.2024;0;1.0;7;25;0;-1;7;25
TE545;22.01.2024;1;1.0;2;34;0;-1;2;34
TE545;22.01.2024;2;1.0;2;33;0;-1;2;33
TE545;22.01.2024;3;1.0;2;28;0;-1;2;28
TE545;22.01.2024;4;1.0;3;20;0;-1;3;20
TE545;22.01.2024;5;1.0;26;26;8;18;19;29
TE545;22.01.2024;6;1.0;28;21;14;19;14;23
TE545;22.01.2024;7;1.0;57;16;36;14;21;21
TE545;22.01.2024;13;1.0;76;18;20;13;56;20
TE545;22.01.2024;16;1.0;48;20;16;15;32;23
TE545;22.01.2024;17;1.0;67;24;25;18;42;28
TE545;22.01.2024;18;1.0;53;22;17;17;36;25
TE545;22.01.2024;19;1.0;48;21;17;18;31;24
TE545;22.01.2024;20;1.0;35;23;11;17;24;25
TE545;22.01.2024;21;1.0;21;25;4;18;16;29
TE545;22.01.2024;23;1.0;11;29;1;17;10;30
TE545;23.01.2024;0;1.0;1;43;0;-1;1;43
TE545;23.01.2024;1;1.0;3;29;0;-1;3;29
TE545;23.01.2024;3;1.0;2;28;0;-1;2;28
TE545;23.01.2024;4;1.0;7;22;1;17;5;28
TE545;23.01.2024;5;1.0;23;23;7;18;16;25
TE545;23.01.2024;6;1.0;30;20;8;15;22;22
TE545;23.01.2024;7;1.0;122;16;53;15;70;18
TE545;23.01.2024;14;1.0;64;22;16;18;48;24
TE545;23.01.2024;15;1.0;51;24;12;20;39;26
TE545;23.01.2024;17;1.0;79;23;32;17;47;27
TE545;23.01.2024;18;1.0;52;18;15;16;37;20
TE545;23.01.2024;19;1.0;35;23;10;15;25;27
TE545;23.01.2024;20;1.0;58;24;16;19;42;26
TE545;23.01.2024;21;1.0;20;20;7;15;13;23
TE545;23.01.2024;22;1.0;26;27;7;24;19;29
TE545;23.01.2024;23;1.0;10;22;1;14;8;26
TE545;24.01.2024;0;1.0;4;37;1;32;3;39
TE545;24.01.2024;1;1.0;4;30;2;34;2;25
TE545;24.01.2024;2;1.0;1;23;0;-1;1;23
TE545;24.01.2024;3;1.0;2;40;0;-1;2;40
TE545;24.01.2024;4;1.0;2;38;0;-1;2;38
TE545;24.01.2024;5;1.0;19;19;11;14;8;26
TE545;24.01.2024;7;1.0;63;19;39;16;24;23
TE545;24.01.2024;13;1.0;115;22;19;17;96;23
TE545;24.01.2024;15;1.0;85;21;16;16;70;22
TE545;24.01.2024;17;1.0;89;20;24;16;65;22
TE545;24.01.2024;18;1.0;110;25;34;19;76;28
TE545;24.01.2024;19;1.0;72;23;11;21;61;24
TE545;24.01.2024;20;1.0;59;24;12;20;47;25
TE545;24.01.2024;21;1.0;45;25;7;20;38;26
TE545;24.01.2024;22;1.0;61;24;5;18;56;24
TE545;24.01.2024;23;1.0;15;24;1;22;14;24
TE545;25.01.2024;0;1.0;5;26;0;-1;5;26
TE545;25.01.2024;1;1.0;4;25;1;35;3;22
TE545;25.01.2024;2;1.0;2;34;0;-1;2;34
TE545;25.01.2024;3;1.0;2;38;0;-1;2;38
TE545;25.01.2024;4;1.0;5;36;0;-1;5;36
TE545;25.01.2024;5;1.0;29;26;7;18;23;28
TE545;25.01.2024;6;1.0;35;15;15;14;20;17
TE545;25.01.2024;7;1.0;73;18;41;17;32;20
TE545;25.01.2024;10;1.0;125;20;34;17;91;22
TE545;25.01.2024;11;1.0;132;21;40;17;92;23
TE545;25.01.2024;12;1.0;92;24;25;19;67;26
TE545;25.01.2024;13;1.0;84;22;28;19;56;25
TE545;25.01.2024;14;1.0;79;23;20;19;59;25
TE545;25.01.2024;15;1.0;115;22;28;18;86;24
TE545;25.01.2024;16;1.0;89;19;27;17;63;21
TE545;25.01.2024;20;1.0;16;18;5;18;11;18
TE545;25.01.2024;23;1.0;13;28;3;24;10;30
TE545;26.01.2024;0;1.0;10;29;0;-1;10;29
TE545;26.01.2024;1;1.0;6;38;0;-1;6;38
TE545;26.01.2024;2;1.0;3;32;1;22;2;37
TE545;26.01.2024;3;1.0;3;29;1;11;2;38
TE545;26.01.2024;4;1.0;2;22;1;14;1;30
TE545;26.01.2024;5;1.0;20;30;6;22;14;33
TE545;26.01.2024;6;1.0;33;24;18;24;15;25
TE545;26.01.2024;8;1.0;164;16;64;14;100;17
TE545;26.01.2024;9;1.0;88;16;35;14;53;18
TE545;26.01.2024;13;1.0;129;25;30;20;99;27
TE545;26.01.2024;14;1.0;64;24;11;16;53;26
TE545;26.01.2024;15;1.0;96;23;20;16;76;25
TE545;26.01.2024;16;1.0;79;22;10;17;70;23
TE545;26.01.2024;17;1.0;86;21;28;16;59;23
TE545;26.01.2024;18;1.0;85;24;17;22;68;25
TE545;26.01.2024;19;1.0;73;24;13;20;60;25
TE545;26.01.2024;20;1.0;33;27;4;20;29;28
TE545;26.01.2024;21;1.0;51;26;4;18;47;26
TE545;26.01.2024;22;1.0;20;24;1;21;19;24
TE545;26.01.2024;23;1.0;24;25;2;18;22;26
TE545;27.01.2024;0;1.0;9;26;0;-1;9;26
TE545;27.01.2024;1;1.0;7;24;0;-1;7;24
TE545;27.01.2024;2;1.0;8;31;0;-1;8;31
TE545;27.01.2024;3;1.0;4;20;1;13;3;22
TE545;27.01.2024;4;1.0;3;24;0;-1;3;24
TE545;27.01.2024;5;1.0;7;28;0;-1;7;28
TE545;27.01.2024;7;1.0;16;22;2;20;13;24
TE545;27.01.2024;8;1.0;24;25;10;21;14;28
TE545;27.01.2024;9;1.0;40;25;19;19;22;30
TE545;27.01.2024;10;1.0;49;19;16;16;33;21
TE545;27.01.2024;11;1.0;60;24;11;21;49;25
TE545;27.01.2024;12;1.0;61;27;12;22;49;28
TE545;27.01.2024;13;1.0;95;24;32;19;63;27
TE545;27.01.2024;14;1.0;79;25;14;20;64;27
TE545;27.01.2024;15;1.0;73;26;20;20;53;28
TE545;27.01.2024;17;1.0;100;20;19;19;80;22
TE545;27.01.2024;19;1.0;81;17;9;16;72;18
TE545;27.01.2024;20;1.0;47;21;7;22;40;21
TE545;27.01.2024;21;1.0;44;26;9;18;35;28
TE545;27.01.2024;22;1.0;41;25;7;16;35;27
TE545;27.01.2024;23;1.0;14;25;2;19;12;26
TE545;28.01.2024;0;1.0;20;23;4;20;17;22
TE545;28.01.2024;2;1.0;8;31;1;45;7;29
TE545;28.01.2024;3;1.0;5;26;1;35;4;24
TE545;28.01.2024;4;1.0;3;27;0;-1;3;27
TE545;28.01.2024;5;1.0;1;33;0;-1;1;33
TE545;28.01.2024;6;1.0;8;30;0;-1;8;30
TE545;28.01.2024;7;1.0;8;30;0;-1;8;30
TE545;28.01.2024;8;1.0;8;25;3;18;5;29
TE545;28.01.2024;11;1.0;66;23;11;16;55;25
TE545;28.01.2024;12;1.0;70;21;24;18;46;24
TE545;28.01.2024;13;1.0;86;20;28;17;59;21
TE545;28.01.2024;14;1.0;112;19;29;17;83;20
TE545;28.01.2024;15;1.0;69;25;21;22;48;27
TE545;28.01.2024;18;1.0;79;26;10;21;69;27
TE545;28.01.2024;19;1.0;47;25;12;21;35;27
TE545;28.01.2024;20;1.0;29;22;4;15;25;23
TE545;28.01.2024;21;1.0;28;28;8;20;21;30
TE545;28.01.2024;22;1.0;11;24;2;20;8;28
TE545;28.01.2024;23;1.0;9;28;2;31;7;28
TE545;29.01.2024;0;1.0;0;-1;0;-1;0;-1
TE545;29.01.2024;1;1.0;2;36;0;-1;2;36
TE545;29.01.2024;3;1.0;4;36;0;-1;4;36
TE545;29.01.2024;4;1.0;2;25;1;17;1;33
TE545;29.01.2024;5;1.0;31;28;7;28;24;28
TE545;29.01.2024;7;1.0;1;22;1;22;0;-1
TE545;29.01.2024;8;1.0;16;15;3;12;13;15
TE545;29.01.2024;10;1.0;10;18;5;14;5;22
TE545;29.01.2024;11;1.0;1;24;0;-1;1;24
TE545;29.01.2024;12;1.0;4;17;0;-1;4;17
TE545;29.01.2024;13;1.0;1;24;0;-1;1;24
TE545;29.01.2024;14;1.0;11;22;4;25;7;21
TE545;29.01.2024;15;1.0;17;20;2;18;15;20
TE545;29.01.2024;16;1.0;10;17;1;21;8;19
TE545;29.01.2024;17;1.0;9;17;5;18;4;17
TE545;29.01.2024;18;1.0;7;14;3;8;4;18
TE545;29.01.2024;19;1.0;6;28;1;20;5;30
TE545;29.01.2024;20;1.0;1;33;0;-1;1;33
TE545;29.01.2024;21;1.0;0;-1;0;-1;0;-1
TE545;29.01.2024;22;1.0;2;34;1;52;1;15
TE545;29.01.2024;23;1.0;0;-1;0;-1;0;-1
TE545;30.01.2024;0;1.0;0;-1;0;-1;0;-1
TE545;30.01.2024;1;1.0;1;22;0;-1;1;22
TE545;30.01.2024;2;1.0;0;-1;0;-1;0;-1
TE545;30.01.2024;3;1.0;0;-1;0;-1;0;-1
TE545;30.01.2024;4;1.0;0;-1;0;-1;0;-1
TE545;30.01.2024;5;1.0;1;22;0;-1;1;22
TE545;30.01.2024;6;1.0;6;22;1;23;5;22
TE545;30.01.2024;7;1.0;22;16;5;15;17;16
TE545;30.01.2024;8;1.0;56;12;21;10;35;14
TE545;30.01.2024;10;1.0;15;19;5;17;10;20
TE545;30.01.2024;11;1.0;19;21;1;21;18;21
TE545;30.01.2024;12;1.0;27;17;7;13;20;18
TE545;30.01.2024;13;1.0;22;27;8;26;14;28
TE545;30.01.2024;14;1.0;15;23;2;26;13;23
TE545;30.01.2024;15;1.0;14;22;3;24;11;21
TE545;30.01.2024;16;1.0;18;24;1;18;17;24
TE545;30.01.2024;17;1.0;14;22;5;19;9;24
TE545;30.01.2024;18;1.0;9;25;2;24;7;25
TE545;30.01.2024;19;1.0;9;32;1;20;8;34
TE545;30.01.2024;20;1.0;4;23;2;21;2;26
TE545;30.01.2024;21;1.0;7;25;2;38;4;24
TE545;30.01.2024;22;1.0;5;28;1;23;4;29
TE545;30.01.2024;23;1.0;0;-1;0;-1;0;-1
TE545;31.01.2024;0;1.0;0;-1;0;-1;0;-1
TE545;31.01.2024;1;1.0;0;-1;0;-1;0;-1
TE545;31.01.2024;2;1.0;0;-1;0;-1;0;-1
TE545;31.01.2024;3;1.0;0;-1;0;-1;0;-1
TE545;31.01.2024;6;1.0;16;16;3;13;13;17
TE545;31.01.2024;9;1.0;77;14;36;14;41;15
TE545;31.01.2024;14;1.0;17;15;8;17;9;14
TE545;31.01.2024;16;1.0;35;25;14;22;21;27
TE545;31.01.2024;17;1.0;19;25;6;21;13;28
TE545;31.01.2024;18;1.0;48;19;17;16;31;21
TE545;31.01.2024;19;1.0;23;18;7;17;16;19
TE545;31.01.2024;20;1.0;20;25;6;24;14;25
TE545;31.01.2024;21;1.0;14;23;2;29;12;22
TE545;31.01.2024;22;1.0;8;30;4;27;4;34
TE545;31.01.2024;23;1.0;4;34;0;-1;4;34
TE546;01.01.2024;0;1.0;74;39;72;39;2;49
TE546;01.01.2024;1;1.0;140;40;138;39;2;52
TE546;01.01.2024;2;1.0;148;30;146;31;1;35
TE546;01.01.2024;3;1.0;108;34;108;34;0;-1
TE546;01.01.2024;5;1.0;82;34;82;34;0;-1
TE546;01.01.2024;6;1.0;63;34;63;34;0;-1
TE546;01.01.2024;7;1.0;58;38;56;39;2;40
TE546;01.01.2024;8;1.0;36;40;33;41;2;38
TE546;01.01.2024;10;1.0;61;35;61;35;0;-1
TE546;01.01.2024;11;1.0;88;38;85;38;2;36
TE546;01.01.2024;12;1.0;125;33;125;33;0;-1
TE546;01.01.2024;13;1.0;123;35;121;35;2;34
TE546;01.01.2024;14;1.0;127;39;125;39;2;52
TE546;01.01.2024;15;1.0;149;39;148;39;1;38
TE546;01.01.2024;16;1.0;161;38;161;38;0;-1
TE546;01.01.2024;17;1.0;155;38;153;38;2;46
TE546;01.01.2024;18;1.0;143;38;142;38;1;43
TE546;01.01.2024;19;1.0;135;35;134;35;1;38
TE546;01.01.2024;20;1.0;101;39;100;39;1;39
TE546;01.01.2024;21;1.0;81;40;80;40;1;35
TE546;01.01.2024;22;1.0;81;38;80;38;1;41
TE546;01.01.2024;23;1.0;29;43;29;43;0;-1
TE546;02.01.2024;0;1.0;25;43;25;43;0;-1
TE546;02.01.2024;1;1.0;17;37;16;37;1;32
TE546;02.01.2024;2;1.0;4;46;4;46;0;-1
TE546;02.01.2024;3;1.0;19;34;19;34;0;-1
TE546;02.01.2024;4;1.0;32;34;30;33;2;46
TE546;02.01.2024;5;1.0;82;43;81;43;1;39
TE546;02.01.2024;6;1.0;190;37;180;37;10;36
TE546;02.01.2024;7;1.0;194;33;186;34;6;39
TE546;02.01.2024;8;1.0;215;36;208;35;6;45
TE546;02.01.2024;9;1.0;192;40;190;40;2;48
TE546;02.01.2024;13;1.0;186;33;182;33;3;41
TE546;02.01.2024;14;1.0;171;37;171;37;0;-1
TE546;02.01.2024;15;1.0;158;34;157;34;1;42
TE546;02.01.2024;16;1.0;207;33;206;33;1;41
TE546;02.01.2024;17;1.0;168;36;168;36;0;-1
TE546;02.01.2024;18;1.0;172;32;172;32;0;-1
TE546;02.01.2024;19;1.0;123;35;123;35;0;-1
TE546;02.01.2024;20;1.0;102;34;102;34;0;-1
TE546;02.01.2024;21;1.0;83;39;83;39;0;-1
TE546;02.01.2024;22;1.0;70;41;70;41;0;-1
TE546;02.01.2024;23;1.0;69;39;69;39;0;-1
TE546;03.01.2024;0;1.0;36;40;35;40;1;35
TE546;03.01.2024;1;1.0;26;40;25;40;1;36
TE546;03.01.2024;2;1.0;23;30;21;32;1;33
TE546;03.01.2024;3;1.0;15;33;15;33;0;-1
TE546;03.01.2024;4;1.0;34;36;33;36;1;47
TE546;03.01.2024;5;1.0;95;36;94;36;1;65
TE546;03.01.2024;6;1.0;165;33;154;33;11;31
TE546;03.01.2024;7;1.0;241;30;235;30;6;30
TE546;03.01.2024;8;1.0;283;32;281;32;2;30
TE546;03.01.2024;9;1.0;227;37;224;37;3;47
TE546;03.01.2024;11;1.0;220;32;209;32;13;29
TE546;03.01.2024;13;1.0;166;36;159;36;6;42
TE546;03.01.2024;14;1.0;226;38;224;38;2;40
TE546;03.01.2024;15;1.0;194;35;187;35;5;35
TE546;03.01.2024;16;1.0;189;34;188;34;1;47
TE546;03.01.2024;17;1.0;201;34;198;34;3;31
TE546;03.01.2024;18;1.0;182;31;181;31;1;45
TE546;03.01.2024;19;1.0;151;38;150;38;1;35
TE546;03.01.2024;20;1.0;110;36;110;36;0;-1
TE546;03.01.2024;21;1.0;119;37;119;37;0;-1
TE546;03.01.2024;22;1.0;79;34;78;34;1;33
TE546;03.01.2024;23;1.0;59;36;59;36;0;-1
TE546;04.01.2024;0;1.0;37;39;36;39;1;31
TE546;04.01.2024;1;1.0;31;39;30;39;1;35
TE546;04.01.2024;2;1.0;22;39;22;39;0;-1
TE546;04.01.2024;3;1.0;12;33;11;32;1;38
TE546;04.01.2024;4;1.0;33;37;32;37;1;42
TE546;04.01.2024;5;1.0;88;42;85;42;3;39
TE546;04.01.2024;6;1.0;161;34;156;34;5;38
TE546;04.01.2024;7;1.0;256;36;251;36;5;36
TE546;04.01.2024;8;1.0;303;33;297;33;6;36
TE546;04.01.2024;9;1.0;230;34;221;34;9;34
TE546;04.01.2024;10;1.0;216;41;209;41;7;47
TE546;04.01.2024;11;1.0;234;36;230;36;4;38
TE546;04.01.2024;12;1.0;189;39;188;39;1;48
TE546;04.01.2024;13;1.0;196;36;192;36;3;45
TE546;04.01.2024;14;1.0;204;38;199;39;5;47
TE546;04.01.2024;15;1.0;172;40;172;40;0;-1
TE546;04.01.2024;16;1.0;228;39;224;39;4;36
TE546;04.01.2024;17;1.0;183;39;181;39;2;43
TE546;04.01.2024;18;1.0;161;35;160;35;1;33
TE546;04.01.2024;19;1.0;147;35;146;35;1;28
TE546;04.01.2024;20;1.0;127;32;127;32;0;-1
TE546;04.01.2024;21;1.0;96;37;96;37;0;-1
TE547;01.01.2024;0;1.0;81;31;79;31;2;30
TE547;01.01.2024;1;1.0;126;30;126;30;0;-1
TE547;01.01.2024;2;1.0;121;25;120;26;1;9
TE547;01.01.2024;3;1.0;121;29;121;29;0;-1
TE547;01.01.2024;4;1.0;63;27;63;27;0;-1
TE547;01.01.2024;5;1.0;67;29;67;29;0;-1
TE547;01.01.2024;6;1.0;59;31;58;31;1;33
TE547;01.01.2024;7;1.0;44;27;40;28;3;26
TE547;01.01.2024;8;1.0;33;29;29;29;3;32
TE547;01.01.2024;10;1.0;44;29;40;29;4;23
TE547;01.01.2024;11;1.0;78;30;71;30;6;26
TE547;01.01.2024;12;1.0;102;27;99;27;4;23
TE547;01.01.2024;13;1.0;135;33;132;33;3;32
TE547;01.01.2024;14;1.0;139;32;134;32;5;31
TE547;01.01.2024;15;1.0;161;32;156;33;5;31
TE547;01.01.2024;16;1.0;151;30;148;30;3;25
TE547;01.01.2024;17;1.0;170;32;163;32;7;29
TE547;01.01.2024;18;1.0;165;31;160;31;5;26
TE547;01.01.2024;19;1.0;170;27;167;27;3;35
TE547;01.01.2024;20;1.0;111;32;108;32;3;26
TE547;01.01.2024;21;1.0;89;30;87;31;2;31
TE547;01.01.2024;22;1.0;101;35;97;35;4;30
TE547;01.01.2024;23;1.0;58;34;55;34;3;32
TE547;02.01.2024;0;1.0;34;38;32;39;2;33
TE547;02.01.2024;1;1.0;24;40;24;40;0;-1
TE547;02.01.2024;2;1.0;13;35;12;34;1;40
TE547;02.01.2024;3;1.0;16;32;16;32;0;-1
TE547;02.01.2024;4;1.0;14;29;13;29;1;40
TE547;02.01.2024;5;1.0;34;32;29;31;5;35
TE547;02.01.2024;6;1.0;51;30;47;30;4;29
TE547;02.01.2024;7;1.0;87;25;76;25;11;23
TE547;02.01.2024;8;1.0;117;30;104;30;13;31
TE547;02.01.2024;9;1.0;118;31;112;31;6;30
TE547;02.01.2024;11;1.0;176;24;172;24;4;28
TE547;02.01.2024;12;1.0;170;30;165;30;5;33
TE547;02.01.2024;13;1.0;186;26;181;26;5;23
TE547;02.01.2024;14;1.0;230;28;224;29;4;29
TE547;02.01.2024;15;1.0;309;27;306;27;3;31
TE547;02.01.2024;16;1.0;298;27;292;27;6;27
TE547;02.01.2024;17;1.0;275;30;269;30;6;35
TE547;02.01.2024;18;1.0;249;27;248;27;1;32
TE547;02.01.2024;19;1.0;164;32;157;32;6;32
TE547;02.01.2024;20;1.0;140;27;138;27;2;26
TE547;02.01.2024;21;1.0;117;30;113;31;4;24
TE547;02.01.2024;22;1.0;93;32;88;32;5;29
TE547;02.01.2024;23;1.0;61;32;58;32;3;29
TE547;03.01.2024;0;1.0;46;38;44;39;2;32
TE547;03.01.2024;1;1.0;30;38;30;38;0;-1
TE547;03.01.2024;2;1.0;17;29;17;29;0;-1
TE547;03.01.2024;3;1.0;16;38;16;38;0;-1
TE547;03.01.2024;4;1.0;17;33;17;33;0;-1
TE547;03.01.2024;5;1.0;32;30;28;31;3;33
TE547;03.01.2024;6;1.0;61;29;54;28;7;33
TE547;03.01.2024;7;1.0;93;30;84;29;9;34
TE547;03.01.2024;8;1.0;135;27;124;26;12;28
TE547;03.01.2024;9;1.0;163;28;156;28;7;30
TE547;03.01.2024;11;1.0;187;29;175;29;10;30
TE547;03.01.2024;12;1.0;200;26;194;26;6;24
TE547;03.01.2024;13;1.0;213;31;205;31;8;32
TE547;03.01.2024;14;1.0;248;31;241;31;7;31
TE547;03.01.2024;15;1.0;300;29;293;30;6;27
TE547;03.01.2024;16;1.0;339;30;333;30;6;29
TE547;03.01.2024;17;1.0;282;27;275;27;8;30
TE547;03.01.2024;18;1.0;251;27;246;27;5;26
TE547;03.01.2024;19;1.0;190;31;183;32;7;28
TE547;03.01.2024;20;1.0;149;29;142;29;6;28
TE547;03.01.2024;21;1.0;116;29;113;29;3;32
TE547;03.01.2024;22;1.0;110;28;106;27;5;26
TE547;03.01.2024;23;1.0;78;34;75;34;3;32
TE547;04.01.2024;0;1.0;50;34;48;35;2;28
TE547;04.01.2024;1;1.0;35;35;34;35;1;28
TE547;04.01.2024;2;1.0;10;33;9;33;1;31
TE547;04.01.2024;3;1.0;18;32;18;32;0;-1
TE547;04.01.2024;4;1.0;16;36;16;36;0;-1
TE547;04.01.2024;5;1.0;37;36;34;35;3;35
TE547;04.01.2024;6;1.0;51;29;44;29;7;29
TE547;04.01.2024;7;1.0;104;29;101;29;3;32
TE547;04.01.2024;8;1.0;132;28;129;28;3;30
TE547;04.01.2024;9;1.0;169;32;162;32;7;30
TE547;04.01.2024;10;1.0;159;32;150;32;9;33
TE547;04.01.2024;11;1.0;205;32;194;32;11;37
TE547;04.01.2024;12;1.0;219;33;214;33;5;34
TE547;04.01.2024;13;1.0;222;28;214;28;6;40
TE547;04.01.2024;14;1.0;260;31;251;31;9;34
TE547;04.01.2024;15;1.0;314;31;307;31;8;28
TE547;04.01.2024;16;1.0;335;31;331;31;4;30
TE547;04.01.2024;17;1.0;314;31;308;31;6;33
TE547;04.01.2024;18;1.0;275;30;273;30;2;32
TE547;04.01.2024;19;1.0;206;29;204;29;2;26
TE547;04.01.2024;20;1.0;169;27;163;27;6;30
TE547;04.01.2024;21;1.0;144;27;142;27;2;34
TE548;01.01.2024;0;1.0;1;38;0;-1;1;38
TE548;01.01.2024;1;1.0;2;18;2;18;0;-1
TE548;01.01.2024;2;1.0;1;25;1;25;0;-1
TE548;01.01.2024;3;1.0;2;17;2;17;0;-1
TE548;01.01.2024;4;1.0;1;19;1;19;0;-1
TE548;01.01.2024;6;1.0;2;24;2;24;0;-1
TE548;01.01.2024;7;1.0;0;-1;0;-1;0;-1
TE548;01.01.2024;8;1.0;0;-1;0;-1;0;-1
TE548;01.01.2024;9;1.0;1;16;1;16;0;-1
TE548;01.01.2024;11;1.0;1;20;1;20;0;-1
TE548;01.01.2024;12;1.0;4;17;4;17;0;-1
TE548;01.01.2024;13;1.0;7;16;7;16;0;-1
TE548;01.01.2024;15;1.0;1;18;1;18;0;-1
TE548;01.01.2024;16;1.0;3;12;3;12;0;-1
TE548;01.01.2024;17;1.0;4;15;4;15;0;-1
TE548;01.01.2024;18;1.0;4;14;4;14;0;-1
TE548;01.01.2024;19;1.0;1;6;1;6;0;-1
TE548;01.01.2024;21;1.0;2;28;2;28;0;-1
TE548;01.01.2024;22;1.0;1;21;1;21;0;-1
TE548;01.01.2024;23;1.0;1;24;1;24;0;-1
TE548;02.01.2024;0;1.0;0;-1;0;-1;0;-1
TE548;02.01.2024;1;1.0;3;22;3;22;0;-1
TE548;02.01.2024;2;1.0;0;-1;0;-1;0;-1
TE548;02.01.2024;3;1.0;0;-1;0;-1;0;-1
TE548;02.01.2024;4;1.0;4;16;4;16;0;-1
TE548;02.01.2024;5;1.0;4;15;4;15;0;-1
TE548;02.01.2024;8;1.0;1;25;1;25;0;-1
TE548;02.01.2024;10;1.0;4;18;4;18;0;-1
TE548;02.01.2024;12;1.0;5;15;5;15;0;-1
TE548;02.01.2024;14;1.0;6;13;6;13;0;-1
TE548;02.01.2024;16;1.0;6;15;6;15;0;-1
TE548;02.01.2024;18;1.0;8;16;8;16;0;-1
TE548;02.01.2024;19;1.0;4;19;4;19;0;-1
TE548;02.01.2024;20;1.0;8;18;8;18;0;-1
TE548;02.01.2024;22;1.0;2;20;2;20;0;-1
TE548;02.01.2024;23;1.0;1;19;1;19;0;-1
TE548;03.01.2024;0;1.0;0;-1;0;-1;0;-1
TE548;03.01.2024;1;1.0;0;-1;0;-1;0;-1
TE548;03.01.2024;2;1.0;0;-1;0;-1;0;-1
TE548;03.01.2024;5;1.0;2;20;2;20;0;-1
TE548;03.01.2024;6;1.0;3;18;3;18;0;-1
TE548;03.01.2024;7;1.0;5;15;5;15;0;-1
TE548;03.01.2024;9;1.0;6;17;6;17;0;-1
TE548;03.01.2024;10;1.0;4;13;4;13;0;-1
TE548;03.01.2024;12;1.0;8;15;8;15;0;-1
TE548;03.01.2024;13;1.0;1;18;1;18;0;-1
TE548;03.01.2024;14;1.0;11;18;11;18;0;-1
TE548;03.01.2024;15;1.0;5;15;5;15;0;-1
TE548;03.01.2024;16;1.0;7;14;7;14;0;-1
TE548;03.01.2024;17;1.0;3;15;3;15;0;-1
TE548;03.01.2024;18;1.0;13;19;13;19;0;-1
TE548;03.01.2024;19;1.0;15;19;15;19;0;-1
TE548;03.01.2024;20;1.0;4;18;4;18;0;-1
TE548;03.01.2024;21;1.0;5;13;5;13;0;-1
TE548;03.01.2024;22;1.0;4;16;4;16;0;-1
TE548;03.01.2024;23;1.0;3;13;3;13;0;-1
TE548;04.01.2024;2;1.0;0;-1;0;-1;0;-1
TE548;04.01.2024;3;1.0;0;-1;0;-1;0;-1
TE548;04.01.2024;4;1.0;1;19;1;19;0;-1
TE548;04.01.2024;6;1.0;7;12;7;12;0;-1
TE548;04.01.2024;7;1.0;3;12;3;12;0;-1
TE548;04.01.2024;8;1.0;25;16;25;16;0;-1
TE548;04.01.2024;9;1.0;8;15;8;15;0;-1
TE548;04.01.2024;10;1.0;5;16;5;16;0;-1
TE548;04.01.2024;11;1.0;4;16;4;16;0;-1
TE548;04.01.2024;12;1.0;5;17;5;17;0;-1
TE548;04.01.2024;15;1.0;13;12;13;12;0;-1
TE548;04.01.2024;17;1.0;6;13;6;13;0;-1
TE548;04.01.2024;18;1.0;13;18;13;18;0;-1
TE548;04.01.2024;20;1.0;8;13;8;13;0;-1
TE548;04.01.2024;21;1.0;6;16;6;16;0;-1
TE548;04.01.2024;22;1.0;4;18;4;18;0;-1
TE548;04.01.2024;23;1.0;1;20;1;20;0;-1
TE548;05.01.2024;0;1.0;3;9;3;9;0;-1
TE548;05.01.2024;2;1.0;0;-1;0;-1;0;-1
TE548;05.01.2024;3;1.0;0;-1;0;-1;0;-1
TE548;05.01.2024;4;1.0;1;19;1;19;0;-1
TE548;05.01.2024;5;1.0;1;24;1;24;0;-1
TE548;05.01.2024;6;1.0;2;15;2;15;0;-1
TE548;05.01.2024;8;1.0;4;11;4;11;0;-1
TE548;05.01.2024;9;1.0;15;12;15;12;0;-1
TE548;05.01.2024;10;1.0;9;12;9;12;0;-1
TE548;05.01.2024;11;1.0;5;12;5;12;0;-1
TE548;05.01.2024;12;1.0;12;13;12;13;0;-1
TE548;05.01.2024;13;1.0;8;13;8;13;0;-1
TE548;05.01.2024;14;1.0;9;15;9;15;0;-1
TE548;05.01.2024;15;1.0;7;10;7;10;0;-1
TE548;05.01.2024;16;1.0;6;21;6;21;0;-1
TE548;05.01.2024;17;1.0;8;18;8;18;0;-1
TE548;05.01.2024;18;1.0;6;16;6;16;0;-1
TE548;05.01.2024;19;1.0;10;17;10;17;0;-1
TE548;05.01.2024;20;1.0;3;23;3;23;0;-1
TE548;05.01.2024;22;1.0;4;14;4;14;0;-1
TE548;05.01.2024;23;1.0;3;14;3;14;0;-1
TE548;06.01.2024;0;1.0;2;18;2;18;0;-1
TE548;06.01.2024;1;1.0;0;-1;0;-1;0;-1
TE548;06.01.2024;2;1.0;0;-1;0;-1;0;-1
TE548;06.01.2024;4;1.0;4;25;3;19;1;43
TE548;06.01.2024;5;1.0;1;21;1;21;0;-1
TE548;06.01.2024;6;1.0;1;19;1;19;0;-1
TE548;06.01.2024;7;1.0;0;-1;0;-1;0;-1
TE548;06.01.2024;8;1.0;2;18;2;18;0;-1
TE548;06.01.2024;9;1.0;3;22;3;22;0;-1
TE548;06.01.2024;10;1.0;3;18;3;18;0;-1
TE548;06.01.2024;11;1.0;4;20;4;20;0;-1
TE548;06.01.2024;12;1.0;6;18;6;18;0;-1
TE548;06.01.2024;13;1.0;7;17;7;17;0;-1
TE548;06.01.2024;14;1.0;11;15;11;15;0;-1
TE548;06.01.2024;15;1.0;9;17;9;17;0;-1
TE548;06.01.2024;16;1.0;5;15;5;15;0;-1
TE548;06.01.2024;17;1.0;10;15;10;15;0;-1
TE548;06.01.2024;18;1.0;7;17;7;17;0;-1
TE548;06.01.2024;19;1.0;5;20;5;20;0;-1
TE548;06.01.2024;20;1.0;4;18;4;18;0;-1
TE548;06.01.2024;21;1.0;3;23;3;23;0;-1
TE548;06.01.2024;22;1.0;4;14;4;14;0;-1
TE548;06.01.2024;23;1.0;5;23;5;23;0;-1
TE548;07.01.2024;0;1.0;2;18;2;18;0;-1
TE548;07.01.2024;1;1.0;1;35;1;35;0;-1
TE548;07.01.2024;2;1.0;0;-1;0;-1;0;-1
TE548;07.01.2024;3;1.0;1;22;1;22;0;-1
TE548;07.01.2024;4;1.0;0;-1;0;-1;0;-1
TE548;07.01.2024;5;1.0;0;-1;0;-1;0;-1
TE548;07.01.2024;6;1.0;0;-1;0;-1;0;-1
TE548;07.01.2024;7;1.0;0;-1;0;-1;0;-1
TE548;07.01.2024;8;1.0;3;16;3;16;0;-1
TE548;07.01.2024;9;1.0;1;15;1;15;0;-1
TE548;07.01.2024;10;1.0;2;20;2;20;0;-1
TE548;07.01.2024;11;1.0;4;13;4;13;0;-1
TE548;07.01.2024;13;1.0;10;15;10;15;0;-1
TE548;07.01.2024;14;1.0;5;16;5;16;0;-1
TE548;07.01.2024;15;1.0;8;16;8;16;0;-1
TE548;07.01.2024;16;1.0;6;15;6;15;0;-1
TE548;07.01.2024;17;1.0;5;16;5;16;0;-1
TE548;07.01.2024;18;1.0;1;15;1;15;0;-1
TE548;07.01.2024;19;1.0;10;16;10;16;0;-1
TE548;07.01.2024;20;1.0;2;24;2;24;0;-1
TE548;07.01.2024;21;1.0;1;13;1;13;0;-1
TE548;07.01.2024;23;1.0;0;-1;0;-1;0;-1
TE548;08.01.2024;0;1.0;0;-1;0;-1;0;-1
TE548;08.01.2024;1;1.0;0;-1;0;-1;0;-1
TE548;08.01.2024;2;1.0;0;-1;0;-1;0;-1
TE548;08.01.2024;3;1.0;0;-1;0;-1;0;-1
TE548;08.01.2024;4;1.0;0;-1;0;-1;0;-1
TE548;08.01.2024;5;1.0;3;22;3;22;0;-1
TE548;08.01.2024;6;1.0;2;19;2;19;0;-1
TE548;08.01.2024;7;1.0;10;11;10;11;0;-1
TE548;08.01.2024;8;1.0;11;13;11;13;0;-1
TE548;08.01.2024;9;1.0;10;16;10;16;0;-1
TE548;08.01.2024;10;1.0;10;15;10;15;0;-1
TE548;08.01.2024;11;1.0;4;20;4;20;0;-1
TE548;08.01.2024;12;1.0;5;15;5;15;0;-1
TE548;08.01.2024;13;1.0;8;15;8;15;0;-1
TE548;08.01.2024;15;1.0;10;17;10;17;0;-1
TE548;08.01.2024;17;1.0;9;16;9;16;0;-1
TE548;08.01.2024;18;1.0;12;14;12;14;0;-1
TE548;08.01.2024;19;1.0;8;17;8;17;0;-1
TE548;08.01.2024;20;1.0;4;17;4;17;0;-1
TE548;08.01.2024;21;1.0;4;16;4;16;0;-1
TE548;08.01.2024;22;1.0;7;18;7;18;0;-1
TE548;08.01.2024;23;1.0;2;22;2;22;0;-1
TE548;09.01.2024;0;1.0;0;-1;0;-1;0;-1
TE548;09.01.2024;1;1.0;2;19;2;19;0;-1
TE548;09.01.2024;2;1.0;0;-1;0;-1;0;-1
TE548;09.01.2024;3;1.0;0;-1;0;-1;0;-1
TE548;09.01.2024;4;1.0;3;19;3;19;0;-1
TE548;09.01.2024;5;1.0;2;23;2;23;0;-1
TE548;09.01.2024;6;1.0;2;18;2;18;0;-1
TE548;09.01.2024;7;1.0;4;22;4;22;0;-1
TE548;09.01.2024;8;1.0;0;-1;0;-1;0;-1
TE548;09.01.2024;9;1.0;10;16;10;16;0;-1
TE548;09.01.2024;10;1.0;1;18;1;18;0;-1
TE548;09.01.2024;11;1.0;3;11;3;11;0;-1
TE548;09.01.2024;12;1.0;7;15;7;15;0;-1
TE548;09.01.2024;15;1.0;11;13;11;13;0;-1
TE548;09.01.2024;17;1.0;11;15;11;15;0;-1
TE548;09.01.2024;19;1.0;16;13;16;13;0;-1
TE548;09.01.2024;22;1.0;6;13;6;13;0;-1
TE548;09.01.2024;23;1.0;4;18;4;18;0;-1
TE548;10.01.2024;0;1.0;0;-1;0;-1;0;-1
TE548;10.01.2024;1;1.0;1;21;1;21;0;-1
TE548;10.01.2024;2;1.0;0;-1;0;-1;0;-1
TE548;10.01.2024;3;1.0;0;-1;0;-1;0;-1
TE548;10.01.2024;4;1.0;0;-1;0;-1;0;-1
TE548;10.01.2024;6;1.0;3;11;3;11;0;-1
TE548;10.01.2024;7;1.0;1;20;1;20;0;-1
TE548;10.01.2024;8;1.0;16;14;16;14;0;-1
TE548;10.01.2024;9;1.0;8;18;8;18;0;-1
TE548;10.01.2024;12;1.0;8;15;8;15;0;-1
TE548;10.01.2024;13;1.0;11;14;11;14;0;-1
TE548;10.01.2024;14;1.0;7;18;7;18;0;-1
TE548;10.01.2024;15;1.0;16;13;16;13;0;-1
TE548;10.01.2024;16;1.0;4;11;4;11;0;-1
TE548;10.01.2024;17;1.0;7;16;7;16;0;-1
TE548;10.01.2024;20;1.0;5;15;5;15;0;-1
TE548;10.01.2024;21;1.0;7;23;7;23;0;-1
TE548;10.01.2024;22;1.0;4;15;4;15;0;-1
TE548;10.01.2024;23;1.0;1;21;1;21;0;-1
TE548;11.01.2024;0;1.0;1;32;1;32;0;-1
TE548;11.01.2024;1;1.0;1;24;1;24;0;-1
TE548;11.01.2024;3;1.0;0;-1;0;-1;0;-1
TE548;11.01.2024;4;1.0;4;15;4;15;0;-1
TE548;11.01.2024;6;1.0;5;16;5;16;0;-1
TE548;11.01.2024;7;1.0;2;22;1;19;1;25
TE548;11.01.2024;8;1.0;1;17;1;17;0;-1
TE548;11.01.2024;9;1.0;10;17;10;17;0;-1
TE548;11.01.2024;10;1.0;11;16;11;16;0;-1
TE548;11.01.2024;11;1.0;2;21;2;21;0;-1
TE548;11.01.2024;12;1.0;6;16;6;16;0;-1
TE548;11.01.2024;13;1.0;14;15;14;15;0;-1
TE548;11.01.2024;14;1.0;7;17;7;17;0;-1
TE548;11.01.2024;15;1.0;9;16;9;16;0;-1
TE548;11.01.2024;16;1.0;7;16;7;16;0;-1
TE548;11.01.2024;17;1.0;9;12;9;12;0;-1
TE548;11.01.2024;18;1.0;8;13;8;13;0;-1
TE548;11.01.2024;19;1.0;11;12;11;12;0;-1
TE548;11.01.2024;20;1.0;4;14;4;14;0;-1
TE548;11.01.2024;21;1.0;9;22;8;20;1;42
TE548;11.01.2024;22;1.0;5;14;5;14;0;-1
TE548;11.01.2024;23;1.0;1;28;1;28;0;-1
TE548;12.01.2024;0;1.0;0;-1;0;-1;0;-1
TE548;12.01.2024;1;1.0;3;20;3;20;0;-1
TE548;12.01.2024;2;1.0;0;-1;0;-1;0;-1
TE548;12.01.2024;3;1.0;0;-1;0;-1;0;-1
TE548;12.01.2024;4;1.0;2;18;2;18;0;-1
TE548;12.01.2024;5;1.0;1;18;1;18;0;-1
TE548;12.01.2024;6;1.0;4;17;4;17;0;-1
TE548;12.01.2024;7;1.0;7;17;7;17;0;-1
TE548;12.01.2024;8;1.0;7;13;7;13;0;-1
TE548;12.01.2024;10;1.0;3;11;3;11;0;-1
TE548;12.01.2024;12;1.0;12;15;12;15;0;-1
TE548;12.01.2024;13;1.0;13;16;13;16;0;-1
TE548;12.01.2024;14;1.0;5;13;5;13;0;-1
TE548;12.01.2024;16;1.0;10;20;10;20;0;-1
TE548;12.01.2024;18;1.0;14;14;14;14;0;-1
TE548;12.01.2024;20;1.0;7;18;7;18;0;-1
TE548;12.01.2024;23;1.0;3;10;3;10;0;-1
TE548;13.01.2024;1;1.0;0;-1;0;-1;0;-1
TE548;13.01.2024;4;1.0;0;-1;0;-1;0;-1
TE548;13.01.2024;5;1.0;0;-1;0;-1;0;-1
TE548;13.01.2024;6;1.0;0;-1;0;-1;0;-1
TE548;13.01.2024;7;1.0;2;18;2;18;0;-1
TE548;13.01.2024;8;1.0;0;-1;0;-1;0;-1
TE548;13.01.2024;9;1.0;3;21;3;21;0;-1
TE548;13.01.2024;10;1.0;4;14;4;14;0;-1
TE548;13.01.2024;11;1.0;1;18;1;18;0;-1
TE548;13.01.2024;12;1.0;9;19;9;19;0;-1
TE548;13.01.2024;13;1.0;17;18;16;15;1;65
TE548;13.01.2024;14;1.0;10;17;10;17;0;-1
TE548;13.01.2024;15;1.0;3;20;3;20;0;-1
TE548;13.01.2024;16;1.0;7;17;7;17;0;-1
TE548;13.01.2024;18;1.0;4;20;4;20;0;-1
TE548;13.01.2024;19;1.0;5;19;5;19;0;-1
TE548;13.01.2024;20;1.0;7;13;7;13;0;-1
TE548;13.01.2024;21;1.0;1;19;1;19;0;-1
TE548;13.01.2024;22;1.0;3;11;3;11;0;-1
TE548;13.01.2024;23;1.0;4;14;4;14;0;-1
TE548;14.01.2024;0;1.0;0;-1;0;-1;0;-1
TE548;14.01.2024;1;1.0;0;-1;0;-1;0;-1
TE548;14.01.2024;2;1.0;1;22;1;22;0;-1
TE548;14.01.2024;3;1.0;0;-1;0;-1;0;-1
TE548;14.01.2024;4;1.0;0;-1;0;-1;0;-1
TE548;14.01.2024;6;1.0;0;-1;0;-1;0;-1
TE548;14.01.2024;7;1.0;0;-1;0;-1;0;-1
TE548;14.01.2024;8;1.0;0;-1;0;-1;0;-1
TE548;14.01.2024;9;1.0;1;16;1;16;0;-1
TE548;14.01.2024;10;1.0;3;18;3;18;0;-1
TE548;14.01.2024;11;1.0;10;14;10;14;0;-1
TE548;14.01.2024;12;1.0;7;16;7;16;0;-1
TE548;14.01.2024;13;1.0;8;12;8;12;0;-1
TE548;15.01.2024;10;1.0;5;14;5;14;0;-1
TE548;15.01.2024;11;1.0;5;15;5;15;0;-1
TE548;15.01.2024;12;1.0;4;18;4;18;0;-1
TE548;15.01.2024;13;1.0;8;11;8;11;0;-1
TE548;15.01.2024;14;1.0;10;13;10;13;0;-1
TE548;15.01.2024;15;1.0;8;16;8;16;0;-1
TE548;15.01.2024;16;1.0;6;16;6;16;0;-1
TE548;15.01.2024;17;1.0;8;16;8;16;0;-1
TE548;15.01.2024;18;1.0;17;14;17;14;0;-1
TE548;15.01.2024;19;1.0;8;16;8;16;0;-1
TE548;15.01.2024;20;1.0;7;18;7;18;0;-1
TE548;15.01.2024;21;1.0;7;15;7;15;0;-1
TE548;15.01.2024;23;1.0;4;13;4;13;0;-1
TE548;16.01.2024;0;1.0;1;19;1;19;0;-1
TE548;16.01.2024;1;1.0;0;-1;0;-1;0;-1
TE548;16.01.2024;3;1.0;0;-1;0;-1;0;-1
TE548;16.01.2024;5;1.0;1;15;1;15;0;-1
TE548;16.01.2024;8;1.0;5;9;5;9;0;-1
TE548;16.01.2024;9;1.0;2;13;2;13;0;-1
TE548;16.01.2024;10;1.0;4;11;4;11;0;-1
TE548;16.01.2024;12;1.0;6;12;6;12;0;-1
TE548;16.01.2024;13;1.0;9;12;9;12;0;-1
TE548;16.01.2024;15;1.0;11;17;10;17;1;15
TE548;16.01.2024;16;1.0;12;18;12;18;0;-1
TE548;16.01.2024;17;1.0;13;15;13;15;0;-1
TE548;16.01.2024;18;1.0;6;14;5;14;1;12
TE548;16.01.2024;19;1.0;8;17;8;17;0;-1
TE548;16.01.2024;20;1.0;3;19;3;19;0;-1
TE548;16.01.2024;21;1.0;3;12;3;12;0;-1
TE548;16.01.2024;22;1.0;8;13;8;13;0;-1
TE548;16.01.2024;23;1.0;0;-1;0;-1;0;-1
TE548;17.01.2024;0;1.0;0;-1;0;-1;0;-1
TE548;17.01.2024;1;1.0;1;19;1;19;0;-1
TE548;17.01.2024;2;1.0;0;-1;0;-1;0;-1
TE548;17.01.2024;3;1.0;0;-1;0;-1;0;-1
TE548;17.01.2024;5;1.0;3;19;3;19;0;-1
TE548;17.01.2024;6;1.0;7;11;7;11;0;-1
TE548;17.01.2024;8;1.0;12;14;12;14;0;-1
TE548;17.01.2024;13;1.0;12;15;12;15;0;-1
TE548;17.01.2024;14;1.0;8;18;8;18;0;-1
TE548;17.01.2024;16;1.0;7;12;7;12;0;-1
TE548;17.01.2024;18;1.0;12;11;12;11;0;-1
TE548;17.01.2024;19;1.0;8;17;8;17;0;-1
TE548;17.01.2024;20;1.0;12;16;12;16;0;-1
TE548;17.01.2024;21;1.0;1;20;1;20;0;-1
TE548;17.01.2024;22;1.0;4;16;4;16;0;-1
TE548;17.01.2024;23;1.0;2;20;2;20;0;-1
TE548;18.01.2024;0;1.0;1;24;1;24;0;-1
TE548;18.01.2024;1;1.0;0;-1;0;-1;0;-1
TE548;18.01.2024;2;1.0;0;-1;0;-1;0;-1
TE548;18.01.2024;3;1.0;2;48;1;20;1;76
TE548;18.01.2024;4;1.0;0;-1;0;-1;0;-1
TE548;18.01.2024;5;1.0;2;25;2;25;0;-1
TE548;18.01.2024;7;1.0;2;21;2;21;0;-1
TE548;18.01.2024;9;1.0;4;13;4;13;0;-1
TE548;18.01.2024;11;1.0;19;14;19;14;0;-1
TE548;18.01.2024;12;1.0;7;10;7;10;0;-1
TE548;18.01.2024;14;1.0;6;20;6;20;0;-1
TE548;18.01.2024;15;1.0;4;18;4;18;0;-1
TE548;18.01.2024;16;1.0;13;14;13;14;0;-1
TE548;18.01.2024;17;1.0;10;20;10;20;0;-1
TE548;18.01.2024;18;1.0;12;13;12;13;0;-1
TE548;18.01.2024;19;1.0;10;18;9;19;1;13
TE548;18.01.2024;20;1.0;5;18;5;18;0;-1
TE548;18.01.2024;21;1.0;4;12;4;12;0;-1
TE548;18.01.2024;22;1.0;8;19;8;19;0;-1
TE548;18.01.2024;23;1.0;4;17;4;17;0;-1
TE548;19.01.2024;0;1.0;2;16;2;16;0;-1
TE548;19.01.2024;1;1.0;0;-1;0;-1;0;-1
TE548;19.01.2024;2;1.0;0;-1;0;-1;0;-1
TE548;19.01.2024;3;1.0;0;-1;0;-1;0;-1
TE548;19.01.2024;4;1.0;1;19;1;19;0;-1
TE548;19.01.2024;5;1.0;4;15;4;15;0;-1
TE548;19.01.2024;6;1.0;7;14;7;14;0;-1
TE548;19.01.2024;7;1.0;7;23;7;23;0;-1
TE548;19.01.2024;8;1.0;8;16;8;16;0;-1
TE548;19.01.2024;9;1.0;7;14;7;14;0;-1
TE548;19.01.2024;10;1.0;5;11;5;11;0;-1
TE548;19.01.2024;11;1.0;7;14;7;14;0;-1
TE548;19.01.2024;12;1.0;3;18;3;18;0;-1
TE548;19.01.2024;13;1.0;9;13;9;13;0;-1
TE548;19.01.2024;15;1.0;10;15;10;15;0;-1
TE548;19.01.2024;16;1.0;9;13;9;13;0;-1
TE548;19.01.2024;17;1.0;8;15;8;15;0;-1
TE548;19.01.2024;18;1.0;16;18;16;18;0;-1
TE548;19.01.2024;19;1.0;9;15;9;15;0;-1
TE548;19.01.2024;20;1.0;8;17;8;17;0;-1
TE548;19.01.2024;21;1.0;4;14;4;14;0;-1
TE548;19.01.2024;23;1.0;5;12;5;12;0;-1
TE548;20.01.2024;0;1.0;3;23;3;23;0;-1
TE548;20.01.2024;1;1.0;0;-1;0;-1;0;-1
TE548;20.01.2024;2;1.0;0;-1;0;-1;0;-1
TE548;20.01.2024;3;1.0;1;14;1;14;0;-1
TE548;20.01.2024;4;1.0;4;14;4;14;0;-1
TE548;20.01.2024;8;1.0;1;17;1;17;0;-1
TE548;20.01.2024;9;1.0;3;14;3;14;0;-1
TE548;20.01.2024;11;1.0;7;16;7;16;0;-1
TE548;20.01.2024;12;1.0;7;15;7;15;0;-1
TE548;20.01.2024;13;1.0;8;17;8;17;0;-1
TE548;20.01.2024;14;1.0;5;15;5;15;0;-1
TE548;20.01.2024;15;1.0;5;13;5;13;0;-1
TE548;20.01.2024;17;1.0;9;15;9;15;0;-1
TE548;20.01.2024;18;1.0;7;15;5;20;1;9
TE548;20.01.2024;19;1.0;5;16;5;16;0;-1
TE548;20.01.2024;20;1.0;7;17;7;17;0;-1
TE548;20.01.2024;21;1.0;4;17;3;11;1;35
TE548;20.01.2024;22;1.0;1;21;1;21;0;-1
TE548;20.01.2024;23;1.0;1;22;1;22;0;-1
TE548;21.01.2024;0;1.0;4;19;4;19;0;-1
TE548;21.01.2024;1;1.0;3;9;3;9;0;-1
TE548;21.01.2024;2;1.0;0;-1;0;-1;0;-1
TE548;21.01.2024;4;1.0;0;-1;0;-1;0;-1
TE548;21.01.2024;6;1.0;0;-1;0;-1;0;-1
TE548;21.01.2024;8;1.0;1;17;1;17;0;-1
TE548;21.01.2024;9;1.0;1;19;1;19;0;-1
TE548;21.01.2024;10;1.0;1;16;1;16;0;-1
TE548;21.01.2024;11;1.0;3;11;3;11;0;-1
TE548;21.01.2024;12;1.0;6;17;6;17;0;-1
TE548;21.01.2024;13;1.0;2;14;2;14;0;-1
TE548;21.01.2024;14;1.0;7;14;7;14;0;-1
TE548;21.01.2024;15;1.0;23;19;22;18;1;26
TE548;21.01.2024;16;1.0;16;14;16;14;0;-1
TE548;21.01.2024;17;1.0;10;14;10;14;0;-1
TE548;21.01.2024;18;1.0;4;16;4;16;0;-1
TE548;21.01.2024;19;1.0;4;16;4;16;0;-1
TE548;21.01.2024;20;1.0;3;21;3;21;0;-1
TE548;21.01.2024;21;1.0;2;18;2;18;0;-1
TE548;21.01.2024;23;1.0;0;-1;0;-1;0;-1
TE548;22.01.2024;1;1.0;0;-1;0;-1;0;-1
TE548;22.01.2024;2;1.0;0;-1;0;-1;0;-1
TE548;22.01.2024;3;1.0;0;-1;0;-1;0;-1
TE548;22.01.2024;4;1.0;0;-1;0;-1;0;-1
TE548;22.01.2024;5;1.0;2;18;2;18;0;-1
TE548;22.01.2024;6;1.0;8;13;7;13;1;17
TE548;22.01.2024;7;1.0;1;13;1;13;0;-1
TE548;22.01.2024;8;1.0;12;16;12;16;0;-1
TE548;22.01.2024;10;1.0;8;13;8;13;0;-1
TE548;22.01.2024;11;1.0;3;13;3;13;0;-1
TE548;22.01.2024;12;1.0;10;13;10;13;0;-1
TE548;22.01.2024;13;1.0;5;16;5;16;0;-1
TE548;22.01.2024;15;1.0;5;15;5;15;0;-1
TE548;22.01.2024;16;1.0;9;19;9;19;0;-1
TE548;22.01.2024;17;1.0;9;15;9;15;0;-1
TE548;22.01.2024;18;1.0;7;14;7;14;0;-1
TE548;22.01.2024;19;1.0;5;14;5;14;0;-1
TE548;22.01.2024;20;1.0;8;14;8;14;0;-1
TE548;22.01.2024;21;1.0;8;20;8;20;0;-1
TE548;22.01.2024;23;1.0;1;16;1;16;0;-1
TE548;23.01.2024;0;1.0;3;22;3;22;0;-1
TE548;23.01.2024;1;1.0;0;-1;0;-1;0;-1
TE548;23.01.2024;2;1.0;0;-1;0;-1;0;-1
TE548;23.01.2024;3;1.0;0;-1;0;-1;0;-1
TE548;23.01.2024;4;1.0;0;-1;0;-1;0;-1
TE548;23.01.2024;5;1.0;1;20;1;20;0;-1
TE548;23.01.2024;7;1.0;5;14;5;14;0;-1
TE548;23.01.2024;9;1.0;16;14;16;14;0;-1
TE548;23.01.2024;10;1.0;5;12;5;12;0;-1
TE548;23.01.2024;11;1.0;10;16;10;16;0;-1
TE548;23.01.2024;12;1.0;10;15;10;15;0;-1
TE548;23.01.2024;13;1.0;11;14;11;14;0;-1
TE548;23.01.2024;14;1.0;7;11;7;11;0;-1
TE548;23.01.2024;15;1.0;12;11;12;11;0;-1
TE548;23.01.2024;16;1.0;11;17;11;17;0;-1
TE548;23.01.2024;17;1.0;8;12;8;12;0;-1
TE548;23.01.2024;18;1.0;13;15;13;15;0;-1
TE548;23.01.2024;19;1.0;12;13;12;13;0;-1
TE548;23.01.2024;20;1.0;11;18;11;18;0;-1
TE548;23.01.2024;21;1.0;12;20;12;20;0;-1
TE548;23.01.2024;22;1.0;13;15;13;15;0;-1
TE548;23.01.2024;23;1.0;4;14;4;14;0;-1
TE548;24.01.2024;0;1.0;0;-1;0;-1;0;-1
TE548;24.01.2024;1;1.0;0;-1;0;-1;0;-1
TE548;24.01.2024;2;1.0;0;-1;0;-1;0;-1
TE548;24.01.2024;3;1.0;0;-1;0;-1;0;-1
TE548;24.01.2024;4;1.0;1;21;1;21;0;-1
TE548;24.01.2024;5;1.0;0;-1;0;-1;0;-1
TE548;24.01.2024;6;1.0;8;12;7;12;1;14
TE548;24.01.2024;7;1.0;6;14;6;14;0;-1
TE548;24.01.2024;8;1.0;1;17;1;17;0;-1
TE548;24.01.2024;9;1.0;8;16;8;16;0;-1
TE548;24.01.2024;10;1.0;4;15;4;15;0;-1
TE548;24.01.2024;11;1.0;0;-1;0;-1;0;-1
TE548;24.01.2024;12;1.0;6;17;6;17;0;-1
TE548;24.01.2024;13;1.0;9;14;9;14;0;-1
TE548;24.01.2024;15;1.0;12;12;12;12;0;-1
TE548;24.01.2024;16;1.0;4;10;4;10;0;-1
TE548;24.01.2024;17;1.0;9;12;9;12;0;-1
TE548;24.01.2024;18;1.0;11;15;11;15;0;-1
TE548;24.01.2024;20;1.0;14;16;14;16;0;-1
TE548;24.01.2024;22;1.0;6;14;6;14;0;-1
TE548;24.01.2024;23;1.0;1;20;1;20;0;-1
TE548;25.01.2024;0;1.0;0;-1;0;-1;0;-1
TE548;25.01.2024;1;1.0;1;19;1;19;0;-1
TE548;25.01.2024;2;1.0;0;-1;0;-1;0;-1
TE548;25.01.2024;3;1.0;0;-1;0;-1;0;-1
TE548;25.01.2024;4;1.0;1;16;1;16;0;-1
TE548;25.01.2024;9;1.0;0;-1;0;-1;0;-1
TE548;25.01.2024;13;1.0;12;15;12;15;0;-1
TE548;25.01.2024;14;1.0;14;16;14;16;0;-1
TE548;25.01.2024;15;1.0;7;16;7;16;0;-1
TE548;25.01.2024;16;1.0;14;18;14;18;0;-1
TE548;25.01.2024;17;1.0;24;21;24;21;0;-1
TE548;25.01.2024;18;1.0;21;14;21;14;0;-1
TE548;25.01.2024;19;1.0;15;18;15;18;0;-1
TE548;25.01.2024;20;1.0;12;19;12;19;0;-1
TE548;25.01.2024;22;1.0;5;19;5;19;0;-1
TE548;25.01.2024;23;1.0;2;24;2;24;0;-1
TE548;26.01.2024;0;1.0;0;-1;0;-1;0;-1
TE548;26.01.2024;1;1.0;2;18;2;18;0;-1
TE548;26.01.2024;2;1.0;0;-1;0;-1;0;-1
TE548;26.01.2024;3;1.0;0;-1;0;-1;0;-1
TE548;26.01.2024;4;1.0;1;19;1;19;0;-1
TE548;26.01.2024;5;1.0;0;-1;0;-1;0;-1
TE548;26.01.2024;6;1.0;6;16;6;16;0;-1
TE548;26.01.2024;7;1.0;11;10;11;10;0;-1
TE548;26.01.2024;8;1.0;9;16;9;16;0;-1
TE548;26.01.2024;9;1.0;10;16;10;16;0;-1
TE548;26.01.2024;10;1.0;7;15;7;15;0;-1
TE548;26.01.2024;11;1.0;12;19;12;19;0;-1
TE548;26.01.2024;12;1.0;20;17;20;17;0;-1
TE548;26.01.2024;13;1.0;10;15;10;15;0;-1
TE548;26.01.2024;14;1.0;11;12;11;12;0;-1
TE548;26.01.2024;15;1.0;10;17;10;17;0;-1
TE548;26.01.2024;16;1.0;9;17;9;17;0;-1
TE548;26.01.2024;17;1.0;7;18;7;18;0;-1
TE548;26.01.2024;18;1.0;14;18;14;18;0;-1
TE548;26.01.2024;19;1.0;13;20;13;20;0;-1
TE548;26.01.2024;20;1.0;8;16;8;16;0;-1
TE548;26.01.2024;21;1.0;9;19;9;19;0;-1
TE548;26.01.2024;22;1.0;6;15;6;15;0;-1
TE548;26.01.2024;23;1.0;11;20;11;20;0;-1
TE548;27.01.2024;0;1.0;2;21;2;21;0;-1
TE548;27.01.2024;1;1.0;0;-1;0;-1;0;-1
TE548;27.01.2024;2;1.0;1;15;1;15;0;-1
TE548;27.01.2024;3;1.0;2;24;2;24;0;-1
TE548;27.01.2024;4;1.0;0;-1;0;-1;0;-1
TE548;27.01.2024;5;1.0;0;-1;0;-1;0;-1
TE548;27.01.2024;6;1.0;0;-1;0;-1;0;-1
TE548;27.01.2024;7;1.0;1;20;1;20;0;-1
TE548;27.01.2024;8;1.0;1;22;1;22;0;-1
TE548;27.01.2024;9;1.0;5;17;5;17;0;-1
TE548;27.01.2024;10;1.0;8;18;8;18;0;-1
TE548;27.01.2024;11;1.0;7;13;7;13;0;-1
TE548;27.01.2024;12;1.0;9;16;9;16;0;-1
TE548;27.01.2024;14;1.0;16;20;16;20;0;-1
TE548;27.01.2024;15;1.0;12;16;12;16;0;-1
TE548;27.01.2024;16;1.0;15;18;15;18;0;-1
TE548;27.01.2024;17;1.0;11;15;11;15;0;-1
TE548;27.01.2024;18;1.0;10;16;10;16;0;-1
TE548;27.01.2024;19;1.0;24;16;23;16;1;34
TE548;27.01.2024;20;1.0;9;16;9;16;0;-1
TE548;27.01.2024;21;1.0;9;20;9;20;0;-1
TE548;27.01.2024;22;1.0;5;17;5;17;0;-1
TE548;27.01.2024;23;1.0;2;22;2;22;0;-1
TE548;28.01.2024;0;1.0;4;13;4;13;0;-1
TE548;28.01.2024;1;1.0;0;-1;0;-1;0;-1
TE548;28.01.2024;2;1.0;4;37;4;37;0;-1
TE548;28.01.2024;3;1.0;1;20;1;20;0;-1
TE548;28.01.2024;4;1.0;0;-1;0;-1;0;-1
TE548;28.01.2024;6;1.0;0;-1;0;-1;0;-1
TE548;28.01.2024;7;1.0;2;18;2;18;0;-1
TE548;28.01.2024;8;1.0;0;-1;0;-1;0;-1
TE548;28.01.2024;10;1.0;7;18;7;18;0;-1
TE548;28.01.2024;11;1.0;4;14;4;14;0;-1
TE548;28.01.2024;12;1.0;10;17;10;17;0;-1
TE548;28.01.2024;13;1.0;11;16;11;16;0;-1
TE548;28.01.2024;14;1.0;3;18;3;18;0;-1
TE548;28.01.2024;15;1.0;14;18;14;18;0;-1
TE548;28.01.2024;16;1.0;17;17;17;17;0;-1
TE548;28.01.2024;17;1.0;14;19;14;19;0;-1
TE548;28.01.2024;18;1.0;12;17;12;17;0;-1
TE548;28.01.2024;19;1.0;4;19;4;19;0;-1
TE548;28.01.2024;20;1.0;7;18;7;18;0;-1
TE548;28.01.2024;21;1.0;10;21;10;21;0;-1
TE548;28.01.2024;22;1.0;4;18;4;18;0;-1
TE548;28.01.2024;23;1.0;5;18;5;18;0;-1
TE548;29.01.2024;0;1.0;1;15;1;15;0;-1
TE548;29.01.2024;1;1.0;0;-1;0;-1;0;-1
TE548;29.01.2024;2;1.0;2;19;2;19;0;-1
TE548;29.01.2024;3;1.0;0;-1;0;-1;0;-1
TE548;29.01.2024;4;1.0;0;-1;0;-1;0;-1
TE548;29.01.2024;5;1.0;2;18;2;18;0;-1
TE548;29.01.2024;6;1.0;7;13;7;13;0;-1
TE548;29.01.2024;7;1.0;11;15;11;15;0;-1
TE548;29.01.2024;8;1.0;17;19;17;19;0;-1
TE548;29.01.2024;9;1.0;7;16;7;16;0;-1
TE548;29.01.2024;10;1.0;7;15;7;15;0;-1
TE548;29.01.2024;11;1.0;4;16;4;16;0;-1
TE548;29.01.2024;12;1.0;8;18;7;19;1;15
TE548;29.01.2024;13;1.0;12;15;12;15;0;-1
TE548;29.01.2024;14;1.0;15;15;15;15;0;-1
TE548;29.01.2024;15;1.0;12;18;12;18;0;-1
TE548;29.01.2024;16;1.0;13;15;13;15;0;-1
TE548;29.01.2024;17;1.0;14;17;14;17;0;-1
TE548;29.01.2024;18;1.0;14;16;14;16;0;-1
TE548;29.01.2024;19;1.0;20;15;20;15;0;-1
TE548;29.01.2024;20;1.0;8;18;8;18;0;-1
TE548;29.01.2024;21;1.0;9;18;9;18;0;-1
TE548;29.01.2024;22;1.0;7;20;7;20;0;-1
TE548;29.01.2024;23;1.0;0;-1;0;-1;0;-1
TE548;30.01.2024;0;1.0;1;12;1;12;0;-1
TE548;30.01.2024;1;1.0;0;-1;0;-1;0;-1
TE548;30.01.2024;2;1.0;1;20;1;20;0;-1
TE548;30.01.2024;3;1.0;0;-1;0;-1;0;-1
TE548;30.01.2024;4;1.0;1;18;1;18;0;-1
TE548;30.01.2024;5;1.0;1;18;1;18;0;-1
TE548;30.01.2024;6;1.0;7;12;7;12;0;-1
TE548;30.01.2024;7;1.0;8;19;8;19;0;-1
TE548;30.01.2024;9;1.0;14;16;14;16;0;-1
TE548;30.01.2024;10;1.0;11;11;11;11;0;-1
TE548;30.01.2024;11;1.0;8;16;8;16;0;-1
TE548;30.01.2024;12;1.0;7;15;7;15;0;-1
TE548;30.01.2024;14;1.0;10;16;10;16;0;-1
TE548;30.01.2024;15;1.0;17;18;17;18;0;-1
TE548;30.01.2024;16;1.0;10;16;9;15;1;29
TE548;30.01.2024;17;1.0;18;16;18;16;0;-1
TE548;30.01.2024;18;1.0;13;17;13;17;0;-1
TE548;30.01.2024;19;1.0;16;18;16;18;0;-1
TE548;30.01.2024;20;1.0;13;18;13;18;0;-1
TE548;30.01.2024;21;1.0;8;12;8;12;0;-1
TE548;30.01.2024;22;1.0;8;16;8;16;0;-1
TE548;30.01.2024;23;1.0;7;10;7;10;0;-1
TE548;31.01.2024;1;1.0;0;-1;0;-1;0;-1
TE548;31.01.2024;2;1.0;0;-1;0;-1;0;-1
TE548;31.01.2024;3;1.0;0;-1;0;-1;0;-1
TE548;31.01.2024;4;1.0;1;25;1;25;0;-1
TE548;31.01.2024;5;1.0;0;-1;0;-1;0;-1
TE548;31.01.2024;7;1.0;5;13;5;13;0;-1
TE548;31.01.2024;8;1.0;16;17;16;17;0;-1
TE548;31.01.2024;9;1.0;12;17;12;17;0;-1
TE548;31.01.2024;10;1.0;9;15;9;15;0;-1
TE548;31.01.2024;12;1.0;10;14;10;14;0;-1
TE548;31.01.2024;13;1.0;7;16;7;16;0;-1
TE548;31.01.2024;14;1.0;8;14;8;14;0;-1
TE548;31.01.2024;15;1.0;14;16;14;16;0;-1
TE548;31.01.2024;16;1.0;11;14;11;14;0;-1
TE548;31.01.2024;17;1.0;8;11;8;11;0;-1
TE548;31.01.2024;18;1.0;19;15;16;14;3;19
TE548;31.01.2024;20;1.0;11;18;11;18;0;-1
TE548;31.01.2024;21;1.0;16;14;16;14;0;-1
TE548;31.01.2024;22;1.0;12;17;12;17;0;-1
TE548;31.01.2024;23;1.0;4;20;4;20;0;-1
TE552;01.01.2024;0;1.0;179;30;178;30;1;26
TE552;01.01.2024;1;1.0;296;31;296;31;0;-1
TE552;01.01.2024;2;1.0;228;29;228;29;0;-1
TE552;01.01.2024;3;1.0;166;30;165;30;1;35
TE552;01.01.2024;4;1.0;170;28;170;28;0;-1
TE552;01.01.2024;5;1.0;155;30;155;30;0;-1
TE552;01.01.2024;6;1.0;119;30;117;31;2;29
TE552;01.01.2024;7;1.0;85;32;85;32;0;-1
TE552;01.01.2024;8;1.0;79;33;78;33;1;22
TE552;01.01.2024;9;1.0;85;32;84;32;1;29
TE552;01.01.2024;10;1.0;95;25;92;25;3;20
TE552;01.01.2024;11;1.0;143;27;142;26;1;83
TE552;01.01.2024;12;1.0;172;23;171;23;1;43
TE552;01.01.2024;13;1.0;183;30;180;30;3;30
TE552;01.01.2024;14;1.0;181;27;180;27;1;20
TE552;01.01.2024;15;1.0;200;29;198;29;2;29
TE552;01.01.2024;16;1.0;204;30;203;30;1;28
TE552;01.01.2024;17;1.0;207;27;207;27;0;-1
TE552;01.01.2024;19;1.0;164;27;163;27;1;49
TE552;01.01.2024;20;1.0;140;26;140;26;0;-1
TE552;01.01.2024;22;1.0;109;25;109;25;0;-1
TE552;02.01.2024;1;1.0;37;30;36;30;1;34
TE552;02.01.2024;2;1.0;28;32;27;32;1;32
TE552;02.01.2024;3;1.0;44;26;42;26;2;32
TE552;02.01.2024;4;1.0;49;25;47;25;3;18
TE552;02.01.2024;5;1.0;176;25;172;25;5;24
TE552;02.01.2024;6;1.0;190;25;185;25;4;22
TE552;02.01.2024;7;1.0;217;23;212;23;5;25
TE552;02.01.2024;8;1.0;230;28;225;28;5;29
TE552;02.01.2024;9;1.0;222;29;220;29;2;32
TE552;02.01.2024;10;1.0;265;22;256;23;9;24
TE552;02.01.2024;11;1.0;247;23;241;24;5;29
TE552;02.01.2024;12;1.0;265;25;259;25;6;28
TE552;02.01.2024;13;1.0;248;22;243;22;5;24
TE552;02.01.2024;14;1.0;239;24;238;24;1;46
TE552;02.01.2024;15;1.0;284;24;284;24;0;-1
TE552;02.01.2024;16;1.0;276;26;276;26;0;-1
TE552;02.01.2024;17;1.0;254;28;252;28;2;38
TE552;02.01.2024;18;1.0;229;26;229;26;0;-1
TE552;02.01.2024;19;1.0;177;29;175;29;2;32
TE552;02.01.2024;20;1.0;150;27;149;28;1;30
TE552;02.01.2024;21;1.0;122;29;121;29;1;28
TE552;02.01.2024;22;1.0;136;30;136;30;0;-1
TE552;02.01.2024;23;1.0;97;33;97;33;0;-1
TE552;03.01.2024;0;1.0;63;32;62;32;1;44
TE552;03.01.2024;1;1.0;26;36;26;36;0;-1
TE552;03.01.2024;2;1.0;32;31;29;32;2;35
TE552;03.01.2024;3;1.0;34;28;32;28;1;30
TE552;03.01.2024;4;1.0;53;29;50;29;3;35
TE552;03.01.2024;5;1.0;168;31;162;31;6;29
TE552;03.01.2024;6;1.0;174;30;166;30;8;28
TE552;03.01.2024;7;1.0;200;30;189;30;11;32
TE552;03.01.2024;8;1.0;227;25;218;25;8;27
TE552;03.01.2024;9;1.0;223;23;218;23;5;20
TE552;03.01.2024;10;1.0;274;27;263;27;11;27
TE552;03.01.2024;12;1.0;211;26;199;26;12;26
TE552;03.01.2024;13;1.0;248;27;243;27;5;27
TE552;03.01.2024;14;1.0;243;27;237;27;6;26
TE552;03.01.2024;15;1.0;252;25;245;25;7;20
TE552;03.01.2024;16;1.0;259;25;252;25;7;23
TE552;03.01.2024;17;1.0;243;27;242;27;1;30
TE552;03.01.2024;18;1.0;260;24;260;24;0;-1
TE552;03.01.2024;19;1.0;205;22;204;21;1;32
TE552;03.01.2024;20;1.0;185;23;184;23;1;17
TE552;03.01.2024;21;1.0;132;24;131;24;1;32
TE552;03.01.2024;23;1.0;82;26;82;26;0;-1
TE552;04.01.2024;0;1.0;83;28;80;28;2;32
TE552;04.01.2024;1;1.0;37;29;37;29;0;-1
TE552;04.01.2024;2;1.0;32;24;32;24;0;-1
TE552;04.01.2024;4;1.0;47;25;47;25;0;-1
TE552;04.01.2024;5;1.0;142;27;140;27;1;25
TE552;04.01.2024;6;1.0;199;26;193;27;6;24
TE552;04.01.2024;7;1.0;204;26;200;26;4;28
TE552;04.01.2024;8;1.0;268;24;266;24;1;35
TE552;04.01.2024;9;1.0;289;27;283;28;6;26
TE552;04.01.2024;10;1.0;240;24;233;24;7;26
TE552;04.01.2024;12;1.0;234;24;228;24;6;23
TE552;04.01.2024;15;1.0;252;23;250;23;2;27
TE552;04.01.2024;17;1.0;238;24;235;24;2;34
TE552;04.01.2024;18;1.0;223;24;221;24;2;34
TE552;04.01.2024;19;1.0;180;22;179;22;1;24
TE552;04.01.2024;20;1.0;172;23;172;23;0;-1
TE552;04.01.2024;21;1.0;137;27;137;27;0;-1
TE552;04.01.2024;22;1.0;109;31;109;31;0;-1
TE552;04.01.2024;23;1.0;82;30;82;30;0;-1
TE552;05.01.2024;0;1.0;64;30;63;30;1;20
TE552;05.01.2024;1;1.0;43;29;41;30;1;39
TE552;05.01.2024;2;1.0;38;34;37;35;1;28
TE552;05.01.2024;3;1.0;36;27;33;27;3;23
TE552;05.01.2024;4;1.0;50;30;49;30;1;30
TE552;05.01.2024;5;1.0;147;30;145;30;2;28
TE552;05.01.2024;6;1.0;181;28;173;29;8;29
TE552;05.01.2024;7;1.0;199;27;191;27;8;27
TE552;05.01.2024;8;1.0;211;28;206;28;4;33
TE552;05.01.2024;9;1.0;245;30;238;30;7;36
TE552;05.01.2024;10;1.0;217;26;217;26;0;-1
TE552;05.01.2024;12;1.0;235;24;232;24;4;20
TE552;05.01.2024;13;1.0;285;26;280;26;4;33
TE552;05.01.2024;14;1.0;227;22;225;22;1;35
TE552;05.01.2024;16;1.0;243;30;242;30;1;30
TE552;05.01.2024;17;1.0;257;23;253;23;4;24
TE552;05.01.2024;18;1.0;217;23;217;23;0;-1
TE552;05.01.2024;19;1.0;211;30;211;30;0;-1
TE552;05.01.2024;20;1.0;173;26;172;26;1;30
TE552;05.01.2024;21;1.0;164;30;164;30;0;-1
TE552;05.01.2024;22;1.0;175;24;175;24;0;-1
TE552;05.01.2024;23;1.0;101;35;101;35;0;-1
TE552;06.01.2024;0;1.0;74;31;74;31;0;-1
TE552;06.01.2024;1;1.0;83;36;83;36;0;-1
TE552;06.01.2024;2;1.0;63;27;61;27;1;35
TE552;06.01.2024;4;1.0;65;26;65;26;0;-1
TE552;06.01.2024;6;1.0;77;28;76;28;1;42
TE552;06.01.2024;7;1.0;80;24;80;24;0;-1
TE552;06.01.2024;8;1.0;107;27;104;28;2;29
TE552;06.01.2024;9;1.0;131;26;128;27;2;30
TE552;06.01.2024;11;1.0;196;25;194;25;1;35
TE552;06.01.2024;12;1.0;198;25;197;25;1;36
TE552;06.01.2024;13;1.0;231;22;231;22;0;-1
TE552;06.01.2024;14;1.0;214;25;214;25;0;-1
TE552;06.01.2024;16;1.0;251;27;250;27;1;47
TE552;06.01.2024;18;1.0;249;23;249;23;0;-1
TE552;06.01.2024;19;1.0;215;29;211;29;4;34
TE552;06.01.2024;20;1.0;199;24;199;24;0;-1
TE552;06.01.2024;21;1.0;151;24;149;24;1;30
TE552;06.01.2024;22;1.0;155;30;155;30;0;-1
TE552;06.01.2024;23;1.0;127;31;127;31;0;-1
TE552;07.01.2024;0;1.0;116;30;116;30;0;-1
TE552;07.01.2024;1;1.0;91;36;91;36;0;-1
TE552;07.01.2024;2;1.0;53;32;53;32;0;-1
TE552;07.01.2024;3;1.0;63;31;63;31;0;-1
TE552;07.01.2024;4;1.0;62;25;62;25;0;-1
TE552;07.01.2024;5;1.0;67;26;67;26;0;-1
TE552;07.01.2024;6;1.0;61;29;61;29;0;-1
TE552;07.01.2024;7;1.0;77;31;77;31;0;-1
TE552;07.01.2024;8;1.0;73;33;73;33;0;-1
TE552;07.01.2024;9;1.0;110;26;110;26;0;-1
TE552;07.01.2024;10;1.0;132;29;131;29;1;43
TE552;07.01.2024;11;1.0;160;22;160;22;0;-1
TE552;07.01.2024;12;1.0;186;24;185;24;1;32
TE552;07.01.2024;13;1.0;268;23;268;23;0;-1
TE552;07.01.2024;15;1.0;237;27;232;27;4;28
TE552;07.01.2024;16;1.0;231;25;230;25;1;26
TE552;07.01.2024;17;1.0;240;21;237;21;3;28
TE552;07.01.2024;18;1.0;244;28;244;28;0;-1
TE552;07.01.2024;19;1.0;163;29;161;29;1;27
TE552;07.01.2024;20;1.0;154;29;154;29;0;-1
TE552;07.01.2024;21;1.0;137;27;137;27;0;-1
TE552;07.01.2024;22;1.0;119;30;117;30;2;26
TE552;07.01.2024;23;1.0;91;32;91;32;0;-1
TE552;08.01.2024;0;1.0;100;29;100;29;0;-1
TE552;08.01.2024;1;1.0;60;28;60;28;0;-1
TE552;08.01.2024;4;1.0;52;22;51;22;1;31
TE552;08.01.2024;5;1.0;182;24;179;24;4;22
TE552;08.01.2024;7;1.0;300;20;296;20;4;20
TE552;08.01.2024;8;1.0;316;19;313;19;3;17
TE552;08.01.2024;11;1.0;204;20;197;20;7;18
TE552;08.01.2024;12;1.0;242;22;240;22;2;35
TE552;08.01.2024;13;1.0;188;25;185;25;2;31
TE552;08.01.2024;14;1.0;247;19;244;19;3;18
TE552;08.01.2024;15;1.0;273;24;272;24;1;22
TE552;08.01.2024;16;1.0;287;20;281;21;6;21
TE552;08.01.2024;17;1.0;296;25;296;25;0;-1
TE552;08.01.2024;18;1.0;282;25;280;25;2;28
TE552;08.01.2024;19;1.0;216;26;213;26;3;27
TE552;08.01.2024;20;1.0;178;25;177;25;1;30
TE552;08.01.2024;21;1.0;167;26;167;26;0;-1
TE552;08.01.2024;22;1.0;106;24;106;24;0;-1
TE552;08.01.2024;23;1.0;80;29;80;29;0;-1
TE552;09.01.2024;0;1.0;65;29;64;29;1;25
TE552;09.01.2024;1;1.0;29;30;29;30;0;-1
TE552;09.01.2024;5;1.0;164;24;163;24;1;27
TE552;09.01.2024;6;1.0;272;20;268;20;4;22
TE552;09.01.2024;8;1.0;356;20;344;21;12;21
TE552;09.01.2024;10;1.0;263;21;257;21;6;20
TE552;09.01.2024;11;1.0;276;19;260;20;16;19
TE552;09.01.2024;12;1.0;274;23;266;23;8;23
TE552;09.01.2024;13;1.0;280;19;272;19;8;20
TE552;09.01.2024;14;1.0;283;24;276;24;7;22
TE552;09.01.2024;15;1.0;283;22;278;22;5;18
TE552;09.01.2024;16;1.0;326;24;320;24;7;19
TE552;09.01.2024;17;1.0;313;25;312;25;1;20
TE552;09.01.2024;18;1.0;305;19;305;19;0;-1
TE552;09.01.2024;19;1.0;250;23;250;23;0;-1
TE552;09.01.2024;20;1.0;216;21;216;21;0;-1
TE552;09.01.2024;21;1.0;181;25;181;25;0;-1
TE552;09.01.2024;22;1.0;167;31;167;31;0;-1
TE552;09.01.2024;23;1.0;107;22;107;22;0;-1
TE552;10.01.2024;0;1.0;56;27;56;27;0;-1
TE552;10.01.2024;1;1.0;40;25;39;25;1;26
TE552;10.01.2024;2;1.0;47;26;47;26;0;-1
TE552;10.01.2024;3;1.0;41;28;40;28;1;31
TE552;10.01.2024;4;1.0;71;25;70;25;1;28
TE552;10.01.2024;5;1.0;194;24;191;24;4;21
TE552;10.01.2024;6;1.0;231;29;226;29;5;29
TE552;10.01.2024;7;1.0;296;24;287;24;9;25
TE552;10.01.2024;8;1.0;407;20;401;20;6;21
TE552;10.01.2024;9;1.0;295;20;288;20;7;22
TE552;10.01.2024;11;1.0;293;23;284;23;10;24
TE552;10.01.2024;12;1.0;264;19;257;19;7;19
TE552;10.01.2024;14;1.0;286;21;274;22;12;24
TE552;10.01.2024;15;1.0;271;19;267;19;4;20
TE552;10.01.2024;16;1.0;317;23;312;24;5;22
TE552;10.01.2024;17;1.0;333;23;331;23;2;23
TE552;10.01.2024;19;1.0;219;21;219;21;0;-1
TE552;10.01.2024;20;1.0;172;22;172;22;0;-1
TE552;10.01.2024;21;1.0;185;21;185;21;0;-1
TE552;10.01.2024;22;1.0;157;24;157;24;0;-1
TE552;10.01.2024;23;1.0;112;22;112;22;0;-1
TE552;11.01.2024;0;1.0;76;28;76;28;0;-1
TE552;11.01.2024;1;1.0;47;31;47;31;0;-1
TE552;11.01.2024;2;1.0;29;28;28;28;1;35
TE552;11.01.2024;3;1.0;43;24;43;24;0;-1
TE552;11.01.2024;4;1.0;55;27;54;27;1;34
TE552;11.01.2024;5;1.0;189;23;187;23;3;21
TE552;11.01.2024;6;1.0;230;25;227;25;4;18
TE552;11.01.2024;7;1.0;271;28;265;29;6;28
TE552;11.01.2024;8;1.0;332;19;327;19;5;20
TE552;11.01.2024;9;1.0;339;19;325;20;13;19
TE552;11.01.2024;10;1.0;302;22;301;22;1;22
TE552;11.01.2024;11;1.0;255;27;250;27;5;27
TE552;11.01.2024;12;1.0;219;21;215;21;4;18
TE552;11.01.2024;13;1.0;254;23;251;23;4;22
TE552;11.01.2024;14;1.0;295;24;288;24;7;24
TE552;11.01.2024;15;1.0;291;27;288;27;3;27
TE552;11.01.2024;16;1.0;298;25;295;26;3;27
TE552;11.01.2024;17;1.0;291;19;288;20;3;14
TE552;11.01.2024;18;1.0;278;24;275;24;3;29
TE552;11.01.2024;19;1.0;229;22;229;22;0;-1
TE552;11.01.2024;20;1.0;163;30;163;30;0;-1
TE552;11.01.2024;21;1.0;138;31;137;31;1;23
TE552;11.01.2024;22;1.0;163;29;161;29;1;26
TE552;11.01.2024;23;1.0;120;30;120;30;0;-1
TE552;12.01.2024;0;1.0;82;27;82;27;0;-1
TE552;12.01.2024;1;1.0;45;35;45;35;0;-1
TE552;12.01.2024;2;1.0;43;28;42;28;1;31
TE552;12.01.2024;3;1.0;34;31;32;30;2;34
TE552;12.01.2024;4;1.0;64;24;61;24;3;24
TE552;12.01.2024;5;1.0;163;29;160;29;2;28
TE552;12.01.2024;6;1.0;250;30;246;30;4;31
TE552;12.01.2024;7;1.0;268;22;259;22;9;21
TE552;12.01.2024;8;1.0;364;24;359;25;5;23
TE552;12.01.2024;9;1.0;323;27;315;27;8;25
TE552;12.01.2024;10;1.0;280;23;276;23;4;23
TE552;12.01.2024;11;1.0;274;28;273;28;1;43
TE552;12.01.2024;12;1.0;272;27;266;27;5;29
TE552;12.01.2024;13;1.0;300;23;296;24;4;20
TE552;12.01.2024;14;1.0;274;28;272;28;2;29
TE552;12.01.2024;15;1.0;304;25;303;25;1;30
TE552;12.01.2024;16;1.0;296;25;293;25;2;21
TE552;12.01.2024;17;1.0;302;27;301;27;1;29
TE552;12.01.2024;18;1.0;253;25;253;25;0;-1
TE552;12.01.2024;19;1.0;249;26;248;26;1;33
TE552;12.01.2024;20;1.0;188;27;188;27;0;-1
TE552;12.01.2024;21;1.0;163;28;161;29;1;28
TE552;12.01.2024;22;1.0;170;30;169;30;1;36
TE552;12.01.2024;23;1.0;135;33;135;33;0;-1
TE552;13.01.2024;0;1.0;92;33;92;33;0;-1
TE552;13.01.2024;1;1.0;88;32;88;32;0;-1
TE552;13.01.2024;2;1.0;60;28;59;28;1;34
TE552;13.01.2024;3;1.0;51;27;51;27;0;-1
TE552;13.01.2024;4;1.0;66;28;66;28;0;-1
TE552;13.01.2024;5;1.0;84;31;83;31;1;40
TE552;13.01.2024;6;1.0;70;27;66;27;4;24
TE552;13.01.2024;7;1.0;108;30;104;30;4;33
TE552;13.01.2024;8;1.0;115;28;112;29;2;26
TE552;13.01.2024;9;1.0;149;26;143;26;6;26
TE552;13.01.2024;10;1.0;214;28;214;28;0;-1
TE552;13.01.2024;11;1.0;203;31;201;31;2;38
TE552;13.01.2024;13;1.0;270;25;270;25;0;-1
TE552;13.01.2024;14;1.0;284;27;281;27;2;28
TE552;13.01.2024;15;1.0;298;29;296;29;2;24
TE552;13.01.2024;16;1.0;289;26;287;26;2;32
TE552;13.01.2024;17;1.0;289;27;288;27;1;31
TE552;13.01.2024;18;1.0;268;24;266;25;1;27
TE552;13.01.2024;19;1.0;243;30;241;30;2;30
TE552;13.01.2024;20;1.0;194;26;194;26;0;-1
TE552;13.01.2024;21;1.0;185;28;185;28;0;-1
TE552;13.01.2024;22;1.0;136;29;136;29;0;-1
TE552;13.01.2024;23;1.0;143;32;143;32;0;-1
TE552;14.01.2024;0;1.0;148;33;147;33;1;29
TE552;14.01.2024;1;1.0;100;30;99;30;1;32
TE552;14.01.2024;2;1.0;72;29;72;29;0;-1
TE552;14.01.2024;6;1.0;37;28;36;28;1;29
TE552;14.01.2024;7;1.0;56;28;54;27;2;36
TE552;14.01.2024;8;1.0;83;28;82;28;1;28
TE552;14.01.2024;9;1.0;136;26;136;26;0;-1
TE552;14.01.2024;10;1.0;155;23;152;23;3;22
TE552;14.01.2024;11;1.0;203;28;203;28;0;-1
TE552;14.01.2024;12;1.0;196;24;196;24;0;-1
TE552;14.01.2024;13;1.0;229;27;228;27;1;31
TE552;14.01.2024;14;1.0;263;28;262;28;1;25
TE552;14.01.2024;15;1.0;258;28;255;28;3;29
TE552;14.01.2024;16;1.0;268;27;267;27;1;37
TE552;14.01.2024;17;1.0;257;27;255;27;2;24
TE552;14.01.2024;19;1.0;196;25;196;25;0;-1
TE552;14.01.2024;20;1.0;193;27;193;27;0;-1
TE552;14.01.2024;21;1.0;149;24;149;24;0;-1
TE552;14.01.2024;22;1.0;123;30;122;30;1;28
TE552;14.01.2024;23;1.0;99;33;99;33;0;-1
TE552;15.01.2024;0;1.0;49;34;49;34;0;-1
TE552;15.01.2024;1;1.0;41;30;41;30;0;-1
TE552;15.01.2024;2;1.0;39;27;37;27;1;39
TE552;15.01.2024;3;1.0;41;26;40;26;1;31
TE552;15.01.2024;4;1.0;65;26;64;26;1;29
TE552;15.01.2024;5;1.0;193;26;192;26;1;30
TE552;15.01.2024;6;1.0;282;25;272;25;10;26
TE552;15.01.2024;7;1.0;268;22;263;21;5;25
TE552;15.01.2024;8;1.0;355;22;345;22;10;22
TE552;15.01.2024;10;1.0;283;23;272;23;11;22
TE552;15.01.2024;13;1.0;258;23;257;23;1;36
TE552;15.01.2024;15;1.0;292;23;290;23;1;28
TE552;15.01.2024;16;1.0;292;25;288;25;4;33
TE552;15.01.2024;19;1.0;205;26;203;26;2;32
TE552;15.01.2024;20;1.0;151;22;151;22;0;-1
TE552;15.01.2024;22;1.0;121;24;121;24;0;-1
TE552;16.01.2024;0;1.0;53;24;52;24;1;28
TE552;16.01.2024;1;1.0;29;26;28;26;1;34
TE552;16.01.2024;3;1.0;14;26;14;26;0;-1
TE552;16.01.2024;4;1.0;43;22;40;22;3;20
TE552;16.01.2024;5;1.0;135;26;134;26;1;31
TE552;16.01.2024;6;1.0;232;22;229;22;2;35
TE552;16.01.2024;8;1.0;383;20;376;20;7;21
TE552;16.01.2024;9;1.0;357;17;355;17;3;17
TE552;16.01.2024;10;1.0;337;20;331;20;7;21
TE552;16.01.2024;11;1.0;269;28;262;28;7;32
TE552;16.01.2024;12;1.0;271;19;265;20;5;23
TE552;16.01.2024;13;1.0;262;24;260;24;2;30
TE552;16.01.2024;14;1.0;295;25;288;25;7;24
TE552;16.01.2024;15;1.0;298;25;296;25;2;27
TE552;16.01.2024;16;1.0;319;23;314;23;4;28
TE552;16.01.2024;17;1.0;270;27;268;27;2;30
TE552;16.01.2024;18;1.0;321;20;317;20;4;18
TE552;16.01.2024;19;1.0;241;26;240;26;1;34
TE552;16.01.2024;20;1.0;206;24;206;24;0;-1
TE552;16.01.2024;22;1.0;145;28;145;28;0;-1
TE552;16.01.2024;23;1.0;91;26;91;26;0;-1
TE552;17.01.2024;0;1.0;64;30;63;30;1;32
TE552;17.01.2024;1;1.0;46;27;46;27;0;-1
TE552;17.01.2024;2;1.0;29;35;29;35;0;-1
TE552;17.01.2024;3;1.0;37;25;36;25;1;36
TE552;17.01.2024;4;1.0;52;23;51;23;1;26
TE552;17.01.2024;6;1.0;272;25;266;25;5;28
TE552;17.01.2024;7;1.0;333;25;326;25;7;26
TE552;17.01.2024;8;1.0;420;23;417;23;3;19
TE552;17.01.2024;9;1.0;336;19;329;19;7;22
TE552;17.01.2024;10;1.0;338;24;331;24;8;23
TE552;17.01.2024;11;1.0;283;25;279;25;3;29
TE552;17.01.2024;12;1.0;297;24;293;24;3;29
TE552;17.01.2024;13;1.0;295;27;288;27;7;32
TE552;17.01.2024;14;1.0;265;26;262;26;3;34
TE552;17.01.2024;15;1.0;277;22;277;22;0;-1
TE552;17.01.2024;16;1.0;367;20;362;21;5;16
TE552;17.01.2024;17;1.0;288;24;286;24;2;35
TE552;17.01.2024;18;1.0;329;19;329;19;0;-1
TE552;17.01.2024;19;1.0;230;26;228;26;2;32
TE552;17.01.2024;20;1.0;206;26;206;26;0;-1
TE552;17.01.2024;21;1.0;197;22;197;22;0;-1
TE552;17.01.2024;22;1.0;156;25;156;25;0;-1
TE552;17.01.2024;23;1.0;104;24;104;24;0;-1
TE552;18.01.2024;0;1.0;64;24;63;24;1;28
TE552;18.01.2024;1;1.0;41;28;40;28;1;28
TE552;18.01.2024;2;1.0;38;35;37;35;1;38
TE552;18.01.2024;3;1.0;43;29;42;29;1;32
TE552;18.01.2024;4;1.0;53;25;51;25;3;21
TE552;18.01.2024;5;1.0;146;27;146;27;0;-1
TE552;18.01.2024;6;1.0;247;29;242;30;5;29
TE552;18.01.2024;7;1.0;278;25;271;25;8;37
TE552;18.01.2024;8;1.0;377;20;368;21;8;20
TE552;18.01.2024;10;1.0;260;25;257;25;2;29
TE552;18.01.2024;11;1.0;295;24;291;24;3;26
TE552;18.01.2024;12;1.0;239;22;236;22;2;36
TE552;18.01.2024;13;1.0;283;26;277;26;6;28
TE552;18.01.2024;14;1.0;295;22;288;22;7;24
TE552;18.01.2024;15;1.0;340;19;336;19;4;17
TE552;18.01.2024;16;1.0;367;20;364;20;4;21
TE552;18.01.2024;17;1.0;332;20;329;20;4;19
TE552;18.01.2024;18;1.0;302;21;299;21;4;18
TE552;18.01.2024;19;1.0;254;23;252;23;2;28
TE552;18.01.2024;20;1.0;207;21;205;21;1;33
TE552;18.01.2024;21;1.0;212;27;212;27;0;-1
TE552;18.01.2024;22;1.0;204;24;203;24;1;28
TE552;18.01.2024;23;1.0;149;25;149;25;0;-1
TE552;19.01.2024;0;1.0;90;27;90;27;0;-1
TE552;19.01.2024;1;1.0;56;24;55;24;1;30
TE552;19.01.2024;3;1.0;41;30;40;30;1;31
TE552;19.01.2024;4;1.0;76;27;73;27;2;32
TE552;19.01.2024;5;1.0;170;25;168;25;2;31
TE552;19.01.2024;6;1.0;237;26;229;26;8;26
TE552;19.01.2024;7;1.0;284;25;271;25;13;25
TE552;19.01.2024;8;1.0;385;26;373;26;12;22
TE552;19.01.2024;9;1.0;265;20;253;20;12;20
TE552;19.01.2024;10;1.0;300;22;286;22;14;23
TE552;19.01.2024;12;1.0;263;22;258;22;5;23
TE552;19.01.2024;13;1.0;305;25;296;25;10;25
TE552;19.01.2024;15;1.0;284;25;281;25;2;30
TE552;19.01.2024;16;1.0;281;22;277;22;4;20
TE552;19.01.2024;17;1.0;278;25;275;25;3;29
TE552;19.01.2024;18;1.0;310;28;308;28;2;32
TE552;19.01.2024;19;1.0;257;25;254;25;3;27
TE552;19.01.2024;20;1.0;240;28;240;28;0;-1
TE552;19.01.2024;21;1.0;206;29;205;29;1;32
TE552;19.01.2024;22;1.0;172;31;172;31;0;-1
TE552;19.01.2024;23;1.0;164;25;164;25;0;-1
TE552;20.01.2024;0;1.0;134;30;134;30;0;-1
TE552;20.01.2024;1;1.0;96;27;95;27;1;32
TE552;20.01.2024;2;1.0;64;28;64;28;0;-1
TE552;20.01.2024;3;1.0;60;25;57;25;3;23
TE552;20.01.2024;4;1.0;63;24;63;24;0;-1
TE552;20.01.2024;7;1.0;83;25;78;26;5;21
TE552;20.01.2024;8;1.0;108;25;106;25;2;30
TE552;20.01.2024;9;1.0;133;26;133;26;0;-1
TE552;20.01.2024;10;1.0;200;23;196;23;5;20
TE552;20.01.2024;11;1.0;212;21;209;22;3;23
TE552;20.01.2024;12;1.0;239;20;237;20;1;40
TE552;20.01.2024;13;1.0;295;22;287;22;8;18
TE552;20.01.2024;14;1.0;301;22;301;22;0;-1
TE552;20.01.2024;15;1.0;309;25;304;25;4;20
TE552;20.01.2024;16;1.0;281;26;279;26;2;23
TE552;20.01.2024;17;1.0;295;20;293;20;1;33
TE552;20.01.2024;19;1.0;272;21;267;22;5;23
TE552;20.01.2024;20;1.0;209;25;206;25;2;28
TE552;20.01.2024;22;1.0;183;22;183;22;0;-1
TE552;20.01.2024;23;1.0;178;25;178;25;0;-1
TE552;21.01.2024;0;1.0;175;24;175;24;0;-1
TE552;21.01.2024;1;1.0;168;26;168;26;0;-1
TE552;21.01.2024;2;1.0;106;27;106;27;0;-1
TE552;21.01.2024;3;1.0;84;28;84;28;0;-1
TE552;21.01.2024;4;1.0;75;25;75;25;0;-1
TE552;21.01.2024;5;1.0;73;29;73;29;0;-1
TE552;21.01.2024;6;1.0;62;32;61;32;1;30
TE552;21.01.2024;7;1.0;73;29;73;29;0;-1
TE552;21.01.2024;8;1.0;107;34;106;34;1;32
TE552;21.01.2024;9;1.0;143;25;143;25;0;-1
TE552;21.01.2024;10;1.0;196;27;196;27;0;-1
TE552;21.01.2024;11;1.0;204;24;204;24;0;-1
TE552;21.01.2024;12;1.0;250;26;248;26;2;31
TE552;21.01.2024;13;1.0;256;26;254;26;2;25
TE552;21.01.2024;14;1.0;233;25;233;25;0;-1
TE552;21.01.2024;15;1.0;254;24;252;25;2;20
TE552;21.01.2024;16;1.0;320;19;315;19;5;22
TE552;21.01.2024;19;1.0;233;27;231;27;2;27
TE552;21.01.2024;20;1.0;176;23;176;23;0;-1
TE552;21.01.2024;21;1.0;151;26;151;26;0;-1
TE552;21.01.2024;22;1.0;152;23;152;23;0;-1
TE552;21.01.2024;23;1.0;97;25;97;25;0;-1
TE552;22.01.2024;0;1.0;59;25;57;26;1;30
TE552;22.01.2024;1;1.0;37;27;35;26;3;22
TE552;22.01.2024;2;1.0;47;25;47;25;0;-1
TE552;22.01.2024;3;1.0;37;29;35;29;2;32
TE552;22.01.2024;4;1.0;53;27;49;27;4;26
TE552;22.01.2024;5;1.0;175;28;171;28;3;32
TE552;22.01.2024;6;1.0;251;24;241;25;10;22
TE552;22.01.2024;7;1.0;218;23;209;23;10;19
TE552;22.01.2024;10;1.0;336;20;331;20;5;23
TE552;22.01.2024;11;1.0;353;23;341;23;12;21
TE552;22.01.2024;16;1.0;310;21;305;21;5;20
TE552;22.01.2024;17;1.0;256;26;255;26;1;26
TE552;22.01.2024;18;1.0;284;21;281;21;3;6
TE552;22.01.2024;19;1.0;209;22;208;22;1;33
TE552;22.01.2024;21;1.0;155;23;155;23;0;-1
TE552;22.01.2024;22;1.0;125;26;125;26;0;-1
TE552;22.01.2024;23;1.0;84;24;84;24;0;-1
TE552;23.01.2024;0;1.0;49;31;48;31;1;34
TE552;23.01.2024;2;1.0;37;25;33;25;4;25
TE552;23.01.2024;3;1.0;44;30;40;30;3;37
TE552;23.01.2024;6;1.0;241;22;235;22;7;21
TE552;23.01.2024;9;1.0;378;22;367;22;11;19
TE552;23.01.2024;12;1.0;276;19;267;20;9;21
TE552;23.01.2024;13;1.0;262;22;251;22;11;21
TE552;23.01.2024;15;1.0;277;19;272;20;5;22
TE552;23.01.2024;16;1.0;293;23;288;23;5;24
TE552;23.01.2024;17;1.0;348;21;347;21;1;21
TE552;23.01.2024;19;1.0;231;20;225;20;5;20
TE552;23.01.2024;20;1.0;214;23;211;23;2;20
TE552;23.01.2024;21;1.0;173;24;173;24;0;-1
TE552;23.01.2024;22;1.0;145;28;144;28;1;31
TE552;23.01.2024;23;1.0;117;24;116;24;1;29
TE552;24.01.2024;0;1.0;58;29;58;29;0;-1
TE552;24.01.2024;1;1.0;34;31;34;31;0;-1
TE552;24.01.2024;2;1.0;36;30;35;30;1;34
TE552;24.01.2024;3;1.0;48;31;45;31;3;31
TE552;24.01.2024;4;1.0;62;27;60;27;2;29
TE552;24.01.2024;5;1.0;185;23;177;23;8;24
TE552;24.01.2024;6;1.0;254;26;242;26;12;26
TE552;24.01.2024;7;1.0;312;23;302;23;10;24
TE552;24.01.2024;11;1.0;309;18;288;18;21;20
TE552;24.01.2024;13;1.0;263;19;255;19;8;18
TE552;24.01.2024;14;1.0;292;22;286;23;6;23
TE552;24.01.2024;15;1.0;307;22;304;22;4;15
TE552;24.01.2024;17;1.0;265;22;259;22;6;20
TE552;24.01.2024;18;1.0;329;20;328;20;1;17
TE552;24.01.2024;19;1.0;215;23;212;23;2;23
TE552;24.01.2024;20;1.0;185;27;185;27;0;-1
TE552;24.01.2024;21;1.0;149;28;149;28;0;-1
TE552;24.01.2024;22;1.0;133;24;132;24;1;32
TE552;24.01.2024;23;1.0;90;30;89;30;1;27
TE552;25.01.2024;0;1.0;51;30;50;30;1;33
TE552;25.01.2024;1;1.0;42;34;40;34;2;34
TE552;25.01.2024;2;1.0;26;27;25;26;1;42
TE552;25.01.2024;3;1.0;48;24;45;24;3;19
TE552;25.01.2024;4;1.0;67;27;65;27;2;36
TE552;25.01.2024;5;1.0;168;22;160;22;8;22
TE552;25.01.2024;6;1.0;279;26;274;26;5;29
TE552;25.01.2024;7;1.0;332;19;319;19;13;18
TE552;25.01.2024;8;1.0;361;19;352;19;10;19
TE552;25.01.2024;9;1.0;373;18;360;18;13;20
TE552;25.01.2024;10;1.0;329;24;322;24;8;24
TE552;25.01.2024;12;1.0;281;24;277;24;4;20
TE552;25.01.2024;13;1.0;262;21;252;21;10;22
TE552;25.01.2024;14;1.0;292;23;285;23;8;23
TE552;25.01.2024;15;1.0;333;24;329;24;3;33
TE552;25.01.2024;16;1.0;341;26;338;26;3;28
TE552;25.01.2024;17;1.0;353;23;353;23;0;-1
TE552;25.01.2024;18;1.0;306;27;305;27;1;24
TE552;25.01.2024;19;1.0;249;26;244;26;4;28
TE552;25.01.2024;20;1.0;189;29;189;29;0;-1
TE552;25.01.2024;21;1.0;166;28;166;28;0;-1
TE552;25.01.2024;22;1.0;180;29;180;29;0;-1
TE552;25.01.2024;23;1.0;129;28;129;28;0;-1
TE552;26.01.2024;0;1.0;65;28;64;28;1;31
TE552;26.01.2024;1;1.0;52;29;52;29;0;-1
TE552;26.01.2024;3;1.0;46;29;46;29;0;-1
TE552;26.01.2024;4;1.0;66;30;64;30;2;30
TE552;26.01.2024;5;1.0;157;28;156;28;1;37
TE552;26.01.2024;6;1.0;249;26;245;27;3;28
TE552;26.01.2024;7;1.0;321;24;310;25;11;25
TE552;26.01.2024;8;1.0;331;22;324;22;7;24
TE552;26.01.2024;9;1.0;355;25;347;26;8;26
TE552;26.01.2024;11;1.0;0;-1;0;-1;0;-1
TE552;26.01.2024;14;1.0;301;21;299;21;3;17
TE552;26.01.2024;15;1.0;279;21;276;21;3;19
TE552;26.01.2024;16;1.0;253;23;252;23;1;19
TE552;26.01.2024;17;1.0;298;25;295;25;3;23
TE552;26.01.2024;20;1.0;205;22;203;22;3;19
TE552;26.01.2024;21;1.0;217;22;217;22;0;-1
TE552;26.01.2024;22;1.0;168;21;168;21;0;-1
TE552;26.01.2024;23;1.0;180;23;180;23;0;-1
TE552;27.01.2024;1;1.0;115;26;115;26;0;-1
TE552;27.01.2024;2;1.0;89;25;89;25;0;-1
TE552;27.01.2024;3;1.0;83;25;83;25;0;-1
TE552;27.01.2024;4;1.0;59;27;59;27;0;-1
TE552;27.01.2024;6;1.0;61;29;60;29;1;35
TE552;27.01.2024;7;1.0;96;26;91;26;5;25
TE552;27.01.2024;8;1.0;139;25;134;25;5;24
TE552;27.01.2024;9;1.0;160;31;155;31;5;33
TE552;27.01.2024;11;1.0;196;22;193;23;3;24
TE552;27.01.2024;13;1.0;301;24;299;24;2;32
TE552;27.01.2024;14;1.0;307;22;307;22;0;-1
TE552;27.01.2024;16;1.0;139;26;137;26;2;26
TE552;27.01.2024;18;1.0;319;22;318;22;1;29
TE552;27.01.2024;19;1.0;296;21;296;21;0;-1
TE552;27.01.2024;20;1.0;216;26;214;26;2;28
TE552;27.01.2024;21;1.0;208;26;208;26;0;-1
TE552;27.01.2024;22;1.0;192;27;192;27;0;-1
TE552;27.01.2024;23;1.0;179;27;179;27;0;-1
TE552;28.01.2024;0;1.0;157;27;157;27;0;-1
TE552;28.01.2024;1;1.0;127;28;127;28;0;-1
TE552;28.01.2024;2;1.0;106;26;106;26;0;-1
TE552;28.01.2024;3;1.0;85;25;85;25;0;-1
TE552;28.01.2024;4;1.0;65;26;65;26;0;-1
TE552;28.01.2024;5;1.0;66;26;65;26;1;29
TE552;28.01.2024;6;1.0;60;26;59;26;1;34
TE552;28.01.2024;7;1.0;42;26;41;26;1;27
TE552;28.01.2024;8;1.0;80;31;79;31;1;28
TE552;28.01.2024;10;1.0;178;27;176;27;2;28
TE552;28.01.2024;11;1.0;240;22;236;22;4;20
TE552;28.01.2024;12;1.0;204;24;204;24;0;-1
TE552;28.01.2024;13;1.0;287;26;283;26;4;25
TE552;28.01.2024;14;1.0;278;26;276;26;2;26
TE552;28.01.2024;15;1.0;266;27;265;27;1;27
TE552;28.01.2024;16;1.0;312;24;310;24;2;24
TE552;28.01.2024;17;1.0;282;26;280;26;2;28
TE552;28.01.2024;18;1.0;252;22;247;23;5;20
TE552;28.01.2024;19;1.0;187;21;187;21;0;-1
TE552;28.01.2024;21;1.0;146;26;146;26;0;-1
TE552;28.01.2024;22;1.0;115;21;115;21;0;-1
TE552;28.01.2024;23;1.0;84;26;84;26;0;-1
TE552;29.01.2024;0;1.0;61;28;60;28;1;26
TE552;29.01.2024;1;1.0;50;28;50;28;0;-1
TE552;29.01.2024;2;1.0;37;24;35;23;3;19
TE552;29.01.2024;3;1.0;41;25;40;25;1;27
TE552;29.01.2024;4;1.0;74;27;74;27;0;-1
TE552;29.01.2024;6;1.0;263;19;256;20;7;16
TE552;29.01.2024;9;1.0;325;18;313;19;12;17
TE552;29.01.2024;10;1.0;317;20;301;21;16;19
TE552;29.01.2024;12;1.0;281;22;264;22;17;21
TE552;29.01.2024;13;1.0;289;19;281;19;8;18
TE552;29.01.2024;14;1.0;260;21;252;21;8;24
TE552;29.01.2024;15;1.0;336;24;331;24;5;26
TE552;29.01.2024;16;1.0;302;23;296;24;7;19
TE552;29.01.2024;17;1.0;269;21;264;22;5;19
TE552;29.01.2024;18;1.0;252;19;251;19;1;29
TE552;29.01.2024;19;1.0;193;22;191;22;2;28
TE552;29.01.2024;20;1.0;186;28;184;28;2;24
TE552;29.01.2024;21;1.0;137;26;137;26;0;-1
TE552;29.01.2024;22;1.0;155;28;155;28;0;-1
TE552;29.01.2024;23;1.0;83;27;82;27;1;15
TE552;30.01.2024;0;1.0;53;23;52;23;1;33
TE552;30.01.2024;1;1.0;29;31;28;31;1;30
TE552;30.01.2024;2;1.0;32;22;31;22;1;31
TE552;30.01.2024;4;1.0;74;25;71;25;4;22
TE552;30.01.2024;5;1.0;200;27;191;27;9;26
TE552;30.01.2024;6;1.0;259;22;245;22;14;24
TE552;30.01.2024;7;1.0;289;24;271;24;19;24
TE552;30.01.2024;8;1.0;402;20;390;21;12;20
TE552;30.01.2024;9;1.0;359;18;351;18;8;16
TE552;30.01.2024;12;1.0;299;24;296;24;3;26
TE552;30.01.2024;17;1.0;319;19;313;19;5;21
TE552;30.01.2024;18;1.0;247;25;245;25;1;28
TE552;30.01.2024;19;1.0;240;24;239;24;1;39
TE552;30.01.2024;20;1.0;192;25;188;25;4;28
TE552;30.01.2024;21;1.0;180;25;180;25;0;-1
TE552;30.01.2024;23;1.0;104;28;104;28;0;-1
TE552;31.01.2024;0;1.0;90;24;90;24;0;-1
TE552;31.01.2024;2;1.0;46;29;43;29;3;31
TE552;31.01.2024;5;1.0;144;22;137;22;7;20
TE552;31.01.2024;6;1.0;228;26;221;26;7;27
TE552;31.01.2024;7;1.0;254;23;251;23;4;19
TE552;31.01.2024;8;1.0;369;23;362;23;7;24
TE552;31.01.2024;9;1.0;337;21;329;22;8;21
TE552;31.01.2024;10;1.0;275;21;272;21;3;24
TE552;31.01.2024;11;1.0;247;21;243;21;4;18
TE552;31.01.2024;14;1.0;268;21;265;21;3;17
TE552;31.01.2024;15;1.0;317;22;316;22;1;39
TE552;31.01.2024;16;1.0;311;24;310;24;1;26
TE552;31.01.2024;17;1.0;303;20;299;21;4;20
TE552;31.01.2024;19;1.0;220;24;220;24;0;-1
TE552;31.01.2024;20;1.0;187;28;185;28;1;36
TE552;31.01.2024;21;1.0;183;28;182;28;1;30
TE552;31.01.2024;22;1.0;138;31;138;31;0;-1
TE552;31.01.2024;23;1.0;109;32;109;32;0;-1
TE556;01.01.2024;1;1.0;308;34;304;34;3;42
TE556;02.01.2024;1;1.0;49;37;47;37;2;36
TE556;02.01.2024;2;1.0;17;41;16;41;1;37
TE556;03.01.2024;1;1.0;55;39;53;39;2;42
TE556;03.01.2024;2;1.0;64;33;63;32;1;44
TE556;04.01.2024;1;1.0;45;34;43;34;1;39
TE556;05.01.2024;1;1.0;56;36;55;36;1;28
TE556;05.01.2024;2;1.0;55;36;52;36;2;28
TE556;06.01.2024;3;1.0;75;36;72;36;4;27
TE556;09.01.2024;2;1.0;45;35;42;36;3;36
TE556;10.01.2024;1;1.0;63;34;62;34;1;40
TE556;11.01.2024;2;1.0;48;35;44;35;3;35
TE556;12.01.2024;2;1.0;53;35;52;35;1;39
TE556;15.01.2024;1;1.0;61;35;61;35;0;-1
TE556;15.01.2024;3;1.0;40;31;40;31;0;-1
TE556;16.01.2024;3;1.0;35;26;35;26;0;-1
TE556;17.01.2024;1;1.0;50;37;49;37;1;42
TE556;17.01.2024;2;1.0;69;32;67;32;1;52
TE556;18.01.2024;1;1.0;61;38;60;38;1;37
TE556;18.01.2024;2;1.0;44;34;42;34;1;38
TE556;19.01.2024;1;1.0;89;36;88;36;1;39
TE556;19.01.2024;3;1.0;42;32;39;30;4;43
TE556;23.01.2024;2;1.0;43;32;42;32;1;36
TE556;23.01.2024;3;1.0;50;30;50;30;0;-1
TE556;24.01.2024;1;1.0;62;39;61;39;1;38
TE556;25.01.2024;1;1.0;74;38;72;38;2;38
TE556;26.01.2024;1;1.0;80;39;78;39;2;37
TE556;27.01.2024;2;1.0;106;35;106;35;0;-1
TE556;29.01.2024;1;1.0;51;32;50;32;1;45
TE556;30.01.2024;1;1.0;55;35;55;35;0;-1
TE556;31.01.2024;1;1.0;64;37;62;37;1;37
TE557;01.01.2024;5;1.0;133;36;128;36;5;31
TE557;02.01.2024;2;1.0;33;42;33;42;0;-1
TE557;02.01.2024;3;1.0;20;36;19;36;1;39
TE557;03.01.2024;1;1.0;55;36;49;36;7;28
TE557;03.01.2024;2;1.0;39;37;37;37;2;34
TE557;03.01.2024;3;1.0;30;35;27;36;3;23
TE557;09.01.2024;2;1.0;21;37;19;38;1;35
TE557;09.01.2024;3;1.0;14;39;14;39;0;-1
TE557;10.01.2024;2;1.0;19;33;19;33;0;-1
TE557;11.01.2024;2;1.0;29;36;29;36;0;-1
TE557;12.01.2024;2;1.0;36;36;35;36;1;37
TE557;12.01.2024;3;1.0;33;42;33;42;0;-1
TE557;15.01.2024;2;1.0;39;37;39;37;0;-1
TE557;16.01.2024;2;1.0;33;27;33;27;0;-1
TE557;17.01.2024;2;1.0;55;36;53;37;1;43
TE557;17.01.2024;3;1.0;31;35;31;35;0;-1
TE557;18.01.2024;2;1.0;47;41;46;41;1;26
TE557;18.01.2024;4;1.0;52;36;50;36;2;34
TE557;19.01.2024;2;1.0;49;33;48;33;1;47
TE557;19.01.2024;3;1.0;39;40;38;40;1;43
TE557;22.01.2024;2;1.0;37;36;37;36;0;-1
TE557;23.01.2024;2;1.0;42;35;42;35;0;-1
TE557;25.01.2024;2;1.0;42;32;41;32;1;46
TE557;26.01.2024;2;1.0;50;39;48;40;1;42
TE557;26.01.2024;3;1.0;43;36;43;36;0;-1
TE557;26.01.2024;4;1.0;31;37;29;37;2;37
TE557;29.01.2024;3;1.0;29;41;29;41;0;-1
TE557;30.01.2024;2;1.0;21;40;21;40;0;-1
TE557;30.01.2024;3;1.0;25;40;23;40;2;44
TE557;31.01.2024;2;1.0;34;38;34;38;0;-1
TE557;31.01.2024;3;1.0;35;37;33;37;2;39
TE558;01.01.2024;0;1.0;76;26;72;26;4;25
TE558;01.01.2024;1;1.0;167;30;164;30;3;26
TE558;01.01.2024;2;1.0;130;32;129;32;1;38
TE558;01.01.2024;3;1.0;100;32;99;33;1;31
TE558;01.01.2024;4;1.0;98;33;97;33;1;41
TE558;01.01.2024;5;1.0;83;32;83;32;0;-1
TE558;01.01.2024;6;1.0;55;35;55;35;0;-1
TE558;01.01.2024;7;1.0;39;26;37;27;1;31
TE558;01.01.2024;8;1.0;31;31;30;30;1;42
TE558;01.01.2024;9;1.0;37;32;36;32;1;24
TE558;01.01.2024;11;1.0;71;26;68;26;3;19
TE558;01.01.2024;13;1.0;100;30;98;30;2;36
TE558;01.01.2024;14;1.0;112;25;112;25;0;-1
TE558;01.01.2024;15;1.0;129;22;128;22;1;26
TE558;01.01.2024;16;1.0;95;25;91;25;4;26
TE558;01.01.2024;17;1.0;97;22;96;22;1;34
TE558;01.01.2024;18;1.0;80;23;79;22;1;35
TE558;01.01.2024;19;1.0;93;23;91;22;3;22
TE558;01.01.2024;20;1.0;69;24;67;24;3;22
TE558;01.01.2024;21;1.0;59;25;59;25;0;-1
TE558;01.01.2024;22;1.0;58;30;55;30;2;32
TE558;01.01.2024;23;1.0;39;31;36;31;3;34
TE558;02.01.2024;0;1.0;20;28;18;28;2;30
TE558;02.01.2024;1;1.0;21;35;21;35;0;-1
TE558;02.01.2024;2;1.0;8;36;8;36;0;-1
TE558;02.01.2024;3;1.0;16;24;16;24;0;-1
TE558;02.01.2024;4;1.0;21;25;21;25;0;-1
TE558;02.01.2024;5;1.0;47;24;44;24;3;22
TE558;02.01.2024;7;1.0;98;27;88;26;10;36
TE558;02.01.2024;8;1.0;141;20;135;20;7;22
TE558;02.01.2024;9;1.0;124;26;110;26;13;26
TE558;02.01.2024;10;1.0;112;23;107;23;5;27
TE558;02.01.2024;12;1.0;136;24;128;24;7;31
TE558;02.01.2024;13;1.0;125;21;120;21;5;25
TE558;02.01.2024;14;1.0;122;29;117;29;5;34
TE558;02.01.2024;15;1.0;128;28;122;28;6;33
TE558;02.01.2024;16;1.0;128;22;127;22;1;29
TE558;02.01.2024;17;1.0;107;23;106;23;1;40
TE558;02.01.2024;18;1.0;96;23;95;23;1;28
TE558;02.01.2024;19;1.0;95;26;94;26;1;23
TE558;02.01.2024;20;1.0;79;28;75;28;3;28
TE558;02.01.2024;21;1.0;72;24;69;24;3;24
TE558;02.01.2024;22;1.0;55;26;53;26;2;36
TE558;02.01.2024;23;1.0;43;26;39;27;3;23
TE558;03.01.2024;0;1.0;20;29;18;29;2;26
TE558;03.01.2024;1;1.0;23;29;23;29;0;-1
TE558;03.01.2024;2;1.0;21;28;21;28;0;-1
TE558;03.01.2024;3;1.0;23;26;23;26;0;-1
TE558;03.01.2024;4;1.0;23;24;23;24;0;-1
TE558;03.01.2024;6;1.0;83;23;76;23;7;21
TE558;03.01.2024;9;1.0;135;22;125;22;9;23
TE558;03.01.2024;13;1.0;143;25;134;25;9;24
TE558;03.01.2024;14;1.0;121;22;117;22;4;18
TE558;03.01.2024;15;1.0;131;22;127;22;4;23
TE558;03.01.2024;17;1.0;117;24;115;24;2;26
TE558;03.01.2024;18;1.0;132;23;130;23;2;32
TE558;03.01.2024;19;1.0;112;22;109;23;2;22
TE558;03.01.2024;20;1.0;92;21;91;21;1;25
TE558;03.01.2024;21;1.0;77;27;74;27;3;31
TE558;03.01.2024;22;1.0;60;23;57;24;3;19
TE558;03.01.2024;23;1.0;58;28;53;29;4;30
TE558;04.01.2024;1;1.0;17;33;17;33;0;-1
TE558;04.01.2024;2;1.0;15;33;14;33;1;32
TE558;04.01.2024;3;1.0;22;32;22;32;0;-1
TE558;04.01.2024;4;1.0;16;29;15;29;1;30
TE558;04.01.2024;5;1.0;50;27;48;26;2;45
TE558;04.01.2024;6;1.0;62;29;59;29;3;28
TE558;04.01.2024;7;1.0;119;28;112;28;7;32
TE558;04.01.2024;8;1.0;119;24;116;24;3;31
TE558;04.01.2024;9;1.0;136;25;134;25;2;40
TE558;04.01.2024;10;1.0;134;23;128;23;6;28
TE558;04.01.2024;11;1.0;163;22;158;22;5;26
TE558;04.01.2024;12;1.0;135;29;129;28;6;36
TE558;04.01.2024;13;1.0;144;21;140;21;4;19
TE558;04.01.2024;14;1.0;144;23;139;23;5;25
TE558;04.01.2024;15;1.0;146;22;144;22;2;32
TE558;04.01.2024;16;1.0;106;26;103;26;3;29
TE558;04.01.2024;17;1.0;141;23;139;23;2;28
TE558;04.01.2024;18;1.0;111;21;109;21;1;32
TE558;04.01.2024;19;1.0;125;22;121;22;4;20
TE558;04.01.2024;20;1.0;101;22;100;22;1;40
TE558;04.01.2024;21;1.0;70;25;70;25;0;-1
TE558;04.01.2024;22;1.0;81;29;79;29;2;33
TE558;04.01.2024;23;1.0;58;25;56;25;1;27
TE558;05.01.2024;0;1.0;44;34;41;34;3;35
TE558;05.01.2024;1;1.0;31;33;31;33;0;-1
TE558;05.01.2024;2;1.0;20;28;20;28;0;-1
TE558;05.01.2024;3;1.0;27;29;25;28;2;33
TE558;05.01.2024;4;1.0;22;31;22;31;0;-1
TE558;05.01.2024;5;1.0;46;28;43;28;2;30
TE558;05.01.2024;6;1.0;77;25;74;25;2;28
TE558;05.01.2024;7;1.0;106;24;101;25;4;29
TE558;05.01.2024;8;1.0;128;24;125;24;2;30
TE558;05.01.2024;9;1.0;133;29;126;29;7;46
TE558;05.01.2024;10;1.0;145;23;140;23;5;23
TE558;05.01.2024;11;1.0;150;22;145;22;5;21
TE558;05.01.2024;12;1.0;115;27;111;27;3;30
TE558;05.01.2024;13;1.0;135;25;129;25;7;29
TE558;05.01.2024;14;1.0;131;22;125;22;6;24
TE558;05.01.2024;15;1.0;129;20;128;21;1;25
TE558;05.01.2024;16;1.0;111;20;109;20;1;24
TE558;05.01.2024;18;1.0;114;25;112;25;2;35
TE558;05.01.2024;19;1.0;130;27;127;27;3;30
TE558;05.01.2024;20;1.0;109;24;108;25;1;23
TE558;05.01.2024;21;1.0;76;25;72;25;4;21
TE558;05.01.2024;22;1.0;107;28;105;28;2;26
TE558;05.01.2024;23;1.0;76;30;73;30;3;31
TE558;06.01.2024;1;1.0;62;33;62;33;0;-1
TE558;06.01.2024;2;1.0;52;34;52;34;0;-1
TE558;06.01.2024;3;1.0;38;35;38;35;0;-1
TE558;06.01.2024;4;1.0;33;33;33;33;0;-1
TE558;06.01.2024;5;1.0;24;30;23;30;1;33
TE558;06.01.2024;6;1.0;30;36;27;36;3;36
TE558;06.01.2024;7;1.0;31;27;26;28;5;24
TE558;06.01.2024;8;1.0;50;28;44;28;6;28
TE558;06.01.2024;9;1.0;99;24;97;24;1;30
TE558;06.01.2024;11;1.0;108;23;104;22;4;34
TE558;06.01.2024;13;1.0;127;23;123;22;4;28
TE558;06.01.2024;16;1.0;145;22;143;22;2;38
TE558;06.01.2024;17;1.0;132;19;128;19;4;26
TE558;06.01.2024;19;1.0;124;25;122;26;1;28
TE558;06.01.2024;20;1.0;103;26;101;26;2;32
TE558;06.01.2024;21;1.0;87;23;87;23;0;-1
TE558;06.01.2024;23;1.0;106;27;103;27;2;32
TE558;07.01.2024;0;1.0;64;24;61;24;2;30
TE558;07.01.2024;1;1.0;68;30;67;30;1;36
TE558;07.01.2024;2;1.0;63;27;63;27;0;-1
TE558;07.01.2024;3;1.0;37;26;37;26;0;-1
TE558;07.01.2024;4;1.0;23;28;23;28;0;-1
TE558;07.01.2024;6;1.0;17;29;17;29;0;-1
TE558;07.01.2024;9;1.0;81;26;81;26;0;-1
TE558;07.01.2024;12;1.0;139;23;136;23;3;44
TE558;07.01.2024;14;1.0;169;23;168;23;1;25
TE558;07.01.2024;15;1.0;138;29;135;29;3;32
TE558;07.01.2024;16;1.0;105;26;103;26;2;36
TE558;07.01.2024;18;1.0;137;23;133;24;4;24
TE558;07.01.2024;19;1.0;125;26;121;26;4;26
TE558;07.01.2024;20;1.0;95;21;93;21;1;33
TE558;07.01.2024;21;1.0;88;23;87;23;1;25
TE558;07.01.2024;22;1.0;70;26;65;26;4;33
TE558;07.01.2024;23;1.0;36;27;34;27;2;27
TE558;08.01.2024;0;1.0;36;28;34;28;2;25
TE558;08.01.2024;1;1.0;30;29;30;29;0;-1
TE558;08.01.2024;3;1.0;19;29;19;29;0;-1
TE558;08.01.2024;4;1.0;22;28;22;28;0;-1
TE558;08.01.2024;5;1.0;61;24;61;24;0;-1
TE558;08.01.2024;9;1.0;181;21;176;21;5;26
TE558;08.01.2024;10;1.0;127;21;119;21;8;22
TE558;08.01.2024;11;1.0;130;26;118;26;12;32
TE558;08.01.2024;13;1.0;131;22;127;22;4;26
TE558;08.01.2024;14;1.0;121;28;118;28;3;31
TE558;08.01.2024;15;1.0;143;22;138;22;5;24
TE558;08.01.2024;16;1.0;120;22;119;22;1;29
TE558;08.01.2024;17;1.0;124;24;121;24;3;27
TE558;08.01.2024;18;1.0;127;24;126;24;1;31
TE558;08.01.2024;19;1.0;118;27;117;27;1;32
TE558;08.01.2024;20;1.0;49;22;48;22;1;39
TE558;08.01.2024;21;1.0;71;22;68;22;3;25
TE558;08.01.2024;22;1.0;56;26;55;26;1;34
TE558;08.01.2024;23;1.0;49;28;47;27;2;32
TE558;09.01.2024;0;1.0;29;26;25;26;4;24
TE558;09.01.2024;1;1.0;24;33;23;33;1;34
TE558;09.01.2024;2;1.0;19;25;19;25;0;-1
TE558;09.01.2024;3;1.0;17;24;16;24;1;38
TE558;09.01.2024;4;1.0;27;24;25;25;1;25
TE558;09.01.2024;5;1.0;50;26;44;26;6;30
TE558;09.01.2024;6;1.0;108;22;101;22;7;23
TE558;09.01.2024;7;1.0;159;21;149;21;9;23
TE558;09.01.2024;10;1.0;127;24;115;24;12;26
TE558;09.01.2024;11;1.0;164;27;154;27;10;28
TE558;09.01.2024;12;1.0;135;21;125;22;9;20
TE558;09.01.2024;13;1.0;142;23;133;23;8;28
TE558;09.01.2024;14;1.0;128;22;126;23;2;24
TE558;09.01.2024;16;1.0;153;24;147;24;5;32
TE558;09.01.2024;17;1.0;143;21;139;21;4;24
TE558;09.01.2024;18;1.0;192;18;187;18;5;26
TE558;10.01.2024;1;1.0;32;25;32;25;0;-1
TE558;10.01.2024;2;1.0;22;27;22;27;0;-1
TE558;10.01.2024;4;1.0;25;25;25;25;0;-1
TE558;10.01.2024;6;1.0;123;21;117;21;5;22
TE558;10.01.2024;9;1.0;241;18;232;18;9;18
TE558;10.01.2024;11;1.0;149;21;136;21;13;20
TE558;10.01.2024;12;1.0;138;24;133;24;5;26
TE558;10.01.2024;14;1.0;164;21;155;21;10;22
TE558;10.01.2024;15;1.0;170;24;165;24;5;29
TE558;10.01.2024;16;1.0;140;21;135;21;5;22
TE558;10.01.2024;19;1.0;135;24;127;24;9;17
TE558;10.01.2024;21;1.0;111;23;111;23;0;-1
TE558;10.01.2024;22;1.0;107;26;106;26;1;30
TE558;10.01.2024;23;1.0;49;24;48;24;1;28
TE558;11.01.2024;0;1.0;43;23;39;23;4;23
TE558;11.01.2024;1;1.0;36;30;36;30;0;-1
TE558;11.01.2024;3;1.0;21;25;21;25;0;-1
TE558;11.01.2024;4;1.0;15;23;15;23;0;-1
TE558;11.01.2024;5;1.0;63;23;61;23;1;29
TE558;11.01.2024;6;1.0;65;22;63;21;3;22
TE558;11.01.2024;7;1.0;127;21;120;21;7;27
TE558;11.01.2024;8;1.0;158;18;155;17;4;30
TE558;11.01.2024;9;1.0;168;20;159;20;9;25
TE558;11.01.2024;11;1.0;148;27;143;27;5;32
TE558;11.01.2024;12;1.0;155;24;152;24;2;31
TE558;11.01.2024;13;1.0;159;26;152;26;8;27
TE558;11.01.2024;14;1.0;133;22;132;22;1;24
TE558;11.01.2024;15;1.0;156;21;152;21;4;34
TE558;11.01.2024;16;1.0;137;24;131;24;7;28
TE558;11.01.2024;18;1.0;167;19;164;19;3;24
TE558;11.01.2024;20;1.0;116;22;112;22;4;26
TE558;11.01.2024;22;1.0;100;22;97;23;3;18
TE558;11.01.2024;23;1.0;68;22;65;22;3;23
TE558;12.01.2024;1;1.0;32;31;32;31;0;-1
TE558;12.01.2024;2;1.0;24;29;24;29;0;-1
TE558;12.01.2024;3;1.0;24;27;24;27;0;-1
TE558;12.01.2024;4;1.0;32;26;31;27;1;20
TE558;12.01.2024;5;1.0;52;27;50;27;1;34
TE558;12.01.2024;7;1.0;142;25;137;25;5;28
TE558;12.01.2024;8;1.0;240;17;228;17;12;21
TE558;12.01.2024;9;1.0;193;21;185;21;8;32
TE558;12.01.2024;11;1.0;166;25;156;25;10;29
TE558;12.01.2024;12;1.0;140;21;137;21;3;22
TE558;12.01.2024;13;1.0;151;23;148;23;4;25
TE558;12.01.2024;14;1.0;145;23;140;23;5;29
TE558;12.01.2024;15;1.0;170;25;165;24;5;40
TE558;12.01.2024;16;1.0;157;22;154;22;4;21
TE558;12.01.2024;17;1.0;133;23;130;23;4;16
TE558;12.01.2024;18;1.0;144;21;140;21;4;24
TE558;12.01.2024;19;1.0;170;22;164;22;6;28
TE558;12.01.2024;20;1.0;103;26;103;26;0;-1
TE558;12.01.2024;22;1.0;107;26;105;26;2;36
TE558;12.01.2024;23;1.0;112;22;109;22;3;19
TE558;13.01.2024;0;1.0;91;25;89;25;2;34
TE558;13.01.2024;1;1.0;70;26;68;27;1;34
TE558;13.01.2024;2;1.0;60;28;59;28;1;43
TE558;13.01.2024;4;1.0;47;25;47;25;0;-1
TE558;13.01.2024;5;1.0;52;27;52;27;0;-1
TE558;13.01.2024;6;1.0;36;27;35;27;1;34
TE558;13.01.2024;7;1.0;43;24;40;24;3;18
TE558;13.01.2024;10;1.0;119;26;115;26;4;24
TE558;13.01.2024;11;1.0;116;31;113;31;3;36
TE558;13.01.2024;12;1.0;137;25;132;25;5;28
TE558;13.01.2024;14;1.0;160;29;158;29;2;39
TE558;13.01.2024;15;1.0;135;31;133;31;2;33
TE558;13.01.2024;16;1.0;124;26;121;26;3;33
TE558;13.01.2024;17;1.0;127;25;123;25;3;29
TE558;13.01.2024;18;1.0;157;25;153;25;4;30
TE558;13.01.2024;19;1.0;140;28;136;28;4;38
TE558;13.01.2024;20;1.0;111;22;108;22;3;19
TE558;13.01.2024;21;1.0;107;25;106;25;1;32
TE558;13.01.2024;22;1.0;97;29;95;29;2;34
TE558;13.01.2024;23;1.0;89;23;86;24;2;35
TE558;14.01.2024;0;1.0;106;28;103;28;3;33
TE558;14.01.2024;1;1.0;74;30;74;30;0;-1
TE558;14.01.2024;2;1.0;84;30;84;30;0;-1
TE558;14.01.2024;5;1.0;25;24;25;24;0;-1
TE558;14.01.2024;6;1.0;20;34;19;34;1;37
TE558;14.01.2024;7;1.0;20;28;18;27;2;36
TE558;14.01.2024;9;1.0;89;26;84;26;5;30
TE558;14.01.2024;11;1.0;128;24;125;23;3;27
TE558;14.01.2024;12;1.0;131;22;128;22;3;22
TE558;14.01.2024;13;1.0;164;27;161;27;2;35
TE558;14.01.2024;14;1.0;175;21;173;21;1;27
TE558;14.01.2024;15;1.0;197;25;192;25;5;35
TE558;14.01.2024;16;1.0;143;22;140;23;2;32
TE558;14.01.2024;17;1.0;133;21;132;21;1;37
TE558;14.01.2024;18;1.0;143;24;142;24;1;34
TE558;14.01.2024;19;1.0;113;22;113;22;0;-1
TE558;14.01.2024;21;1.0;71;29;70;29;1;22
TE558;14.01.2024;22;1.0;72;29;70;28;2;35
TE558;14.01.2024;23;1.0;46;28;46;28;0;-1
TE558;15.01.2024;0;1.0;43;29;41;29;2;26
TE558;15.01.2024;1;1.0;24;34;24;34;0;-1
TE558;15.01.2024;2;1.0;14;37;14;37;0;-1
TE558;15.01.2024;3;1.0;15;31;15;31;0;-1
TE558;15.01.2024;4;1.0;23;31;22;31;1;24
TE558;15.01.2024;5;1.0;57;29;55;29;2;26
TE558;15.01.2024;6;1.0;136;24;127;24;8;29
TE558;15.01.2024;7;1.0;131;18;125;18;5;21
TE558;15.01.2024;8;1.0;202;24;195;25;7;28
TE558;15.01.2024;9;1.0;178;23;167;22;11;29
TE558;15.01.2024;10;1.0;144;25;134;26;10;27
TE558;15.01.2024;11;1.0;149;29;144;28;5;40
TE558;15.01.2024;12;1.0;112;28;107;27;5;53
TE558;15.01.2024;13;1.0;95;26;94;26;1;34
TE558;15.01.2024;14;1.0;105;31;99;31;7;32
TE558;15.01.2024;15;1.0;104;27;99;27;4;34
TE558;15.01.2024;16;1.0;106;28;101;28;5;31
TE558;15.01.2024;17;1.0;112;24;109;25;2;27
TE558;15.01.2024;18;1.0;104;24;102;24;2;28
TE558;15.01.2024;19;1.0;131;25;129;25;2;20
TE558;15.01.2024;20;1.0;90;30;86;30;4;31
TE558;15.01.2024;21;1.0;97;29;95;29;2;32
TE558;15.01.2024;22;1.0;74;30;68;29;7;31
TE558;15.01.2024;23;1.0;56;26;54;26;2;42
TE558;16.01.2024;0;1.0;47;23;44;23;3;18
TE558;16.01.2024;1;1.0;19;37;19;37;0;-1
TE558;16.01.2024;2;1.0;8;23;8;23;0;-1
TE558;16.01.2024;3;1.0;12;21;11;19;1;39
TE558;16.01.2024;4;1.0;16;23;14;25;1;19
TE558;16.01.2024;9;1.0;181;17;173;17;8;21
TE558;16.01.2024;11;1.0;137;23;128;23;9;31
TE558;16.01.2024;12;1.0;155;20;147;20;8;23
TE558;16.01.2024;13;1.0;120;27;115;26;5;34
TE558;16.01.2024;14;1.0;128;24;124;24;5;24
TE558;16.01.2024;15;1.0;109;24;106;24;4;22
TE558;16.01.2024;16;1.0;133;24;127;23;6;33
TE558;16.01.2024;17;1.0;125;27;119;27;6;30
TE558;16.01.2024;18;1.0;136;22;133;22;2;28
TE558;16.01.2024;19;1.0;120;23;113;23;7;26
TE558;16.01.2024;21;1.0;84;23;81;23;3;25
TE558;17.01.2024;1;1.0;23;33;23;33;0;-1
TE558;17.01.2024;2;1.0;36;34;36;34;0;-1
TE558;17.01.2024;3;1.0;16;27;16;27;0;-1
TE558;17.01.2024;4;1.0;33;23;33;23;0;-1
TE558;17.01.2024;5;1.0;67;25;61;26;6;24
TE558;17.01.2024;6;1.0;115;22;110;23;5;20
TE558;17.01.2024;7;1.0;179;20;173;20;6;27
TE558;17.01.2024;10;1.0;168;22;158;23;10;20
TE558;17.01.2024;12;1.0;143;26;135;26;8;25
TE558;17.01.2024;13;1.0;133;25;130;25;3;27
TE558;17.01.2024;14;1.0;119;27;113;27;5;35
TE558;17.01.2024;15;1.0;113;25;111;25;2;34
TE558;17.01.2024;16;1.0;132;25;129;24;3;45
TE558;17.01.2024;17;1.0;112;20;111;20;1;26
TE558;17.01.2024;18;1.0;139;23;137;23;1;32
TE558;17.01.2024;19;1.0;120;23;116;23;4;24
TE558;17.01.2024;20;1.0;128;20;125;21;4;16
TE558;17.01.2024;21;1.0;97;23;94;23;4;20
TE558;17.01.2024;22;1.0;88;30;83;30;5;32
TE558;17.01.2024;23;1.0;74;26;72;26;2;27
TE558;18.01.2024;0;1.0;50;35;47;35;3;30
TE558;18.01.2024;1;1.0;32;36;32;36;0;-1
TE558;18.01.2024;2;1.0;21;30;20;29;1;44
TE558;18.01.2024;3;1.0;20;30;20;30;0;-1
TE558;18.01.2024;4;1.0;24;31;22;32;2;26
TE558;18.01.2024;5;1.0;61;30;58;30;3;33
TE558;18.01.2024;6;1.0;101;28;97;27;4;32
TE558;18.01.2024;7;1.0;164;22;156;22;8;24
TE558;18.01.2024;8;1.0;274;19;259;20;14;20
TE558;18.01.2024;9;1.0;235;22;226;22;10;30
TE558;18.01.2024;10;1.0;202;26;192;26;10;32
TE558;18.01.2024;11;1.0;154;25;149;25;4;32
TE558;18.01.2024;12;1.0;199;23;193;23;6;31
TE558;18.01.2024;13;1.0;168;26;164;26;4;28
TE558;18.01.2024;14;1.0;148;22;140;22;8;25
TE558;18.01.2024;15;1.0;156;26;151;26;5;27
TE558;18.01.2024;16;1.0;142;23;133;23;8;22
TE558;18.01.2024;17;1.0;156;19;152;19;4;19
TE558;18.01.2024;21;1.0;85;22;84;22;1;34
TE558;18.01.2024;22;1.0;129;25;125;25;3;32
TE558;18.01.2024;23;1.0;75;23;73;23;1;30
TE558;19.01.2024;0;1.0;48;23;47;23;1;26
TE558;19.01.2024;1;1.0;52;25;52;25;0;-1
TE558;19.01.2024;3;1.0;16;29;16;29;0;-1
TE558;19.01.2024;4;1.0;29;28;27;28;2;28
TE558;19.01.2024;6;1.0;98;25;90;25;8;28
TE558;19.01.2024;8;1.0;224;19;213;19;11;19
TE558;19.01.2024;13;1.0;140;23;130;23;11;25
TE558;19.01.2024;14;1.0;139;24;134;24;5;24
TE558;19.01.2024;15;1.0;155;20;148;20;7;20
TE558;19.01.2024;16;1.0;138;22;133;22;5;23
TE558;19.01.2024;17;1.0;135;21;132;21;3;19
TE558;19.01.2024;19;1.0;164;25;160;25;3;19
TE558;19.01.2024;20;1.0;128;26;127;26;1;36
TE558;19.01.2024;21;1.0;108;20;105;20;3;22
TE558;19.01.2024;22;1.0;133;25;131;25;2;32
TE558;20.01.2024;1;1.0;74;30;74;30;0;-1
TE558;20.01.2024;2;1.0;67;31;67;31;0;-1
TE558;20.01.2024;3;1.0;54;28;54;28;0;-1
TE558;20.01.2024;4;1.0;34;33;34;33;0;-1
TE558;20.01.2024;5;1.0;51;31;49;31;2;32
TE558;20.01.2024;6;1.0;51;31;46;31;5;29
TE558;20.01.2024;7;1.0;45;23;41;24;4;22
TE558;20.01.2024;8;1.0;78;26;76;26;2;39
TE558;20.01.2024;9;1.0;126;24;121;25;5;22
TE558;20.01.2024;10;1.0;165;22;157;22;8;24
TE558;20.01.2024;12;1.0;161;25;154;25;7;32
TE558;20.01.2024;13;1.0;164;24;162;23;2;46
TE558;20.01.2024;15;1.0;152;20;148;20;4;20
TE558;20.01.2024;17;1.0;132;19;129;19;3;22
TE558;20.01.2024;18;1.0;0;-1;0;-1;0;-1
TE558;20.01.2024;19;1.0;99;20;97;20;1;32
TE558;20.01.2024;20;1.0;0;-1;0;-1;0;-1
TE558;20.01.2024;21;1.0;0;-1;0;-1;0;-1
TE558;20.01.2024;22;1.0;0;-1;0;-1;0;-1
TE558;20.01.2024;23;1.0;0;-1;0;-1;0;-1
TE558;21.01.2024;0;1.0;0;-1;0;-1;0;-1
TE558;21.01.2024;1;1.0;0;-1;0;-1;0;-1
TE558;21.01.2024;2;1.0;0;-1;0;-1;0;-1
TE558;21.01.2024;3;1.0;0;-1;0;-1;0;-1
TE558;21.01.2024;4;1.0;0;-1;0;-1;0;-1
TE558;21.01.2024;5;1.0;0;-1;0;-1;0;-1
TE558;21.01.2024;6;1.0;0;-1;0;-1;0;-1
TE558;21.01.2024;7;1.0;0;-1;0;-1;0;-1
TE558;21.01.2024;8;1.0;0;-1;0;-1;0;-1
TE558;21.01.2024;9;1.0;0;-1;0;-1;0;-1
TE558;21.01.2024;10;1.0;48;30;48;30;0;-1
TE558;21.01.2024;12;1.0;169;24;164;23;5;36
TE558;21.01.2024;13;1.0;168;24;166;24;2;34
TE558;21.01.2024;14;1.0;187;22;186;22;1;38
TE558;21.01.2024;15;1.0;188;23;185;24;2;26
TE558;21.01.2024;16;1.0;151;20;149;20;2;26
TE558;21.01.2024;17;1.0;157;22;154;22;4;16
TE558;21.01.2024;20;1.0;100;22;99;22;1;44
TE558;21.01.2024;21;1.0;81;24;80;24;1;22
TE558;21.01.2024;22;1.0;72;23;65;24;7;21
TE558;21.01.2024;23;1.0;45;24;43;24;3;24
TE558;22.01.2024;1;1.0;23;33;23;33;0;-1
TE558;22.01.2024;2;1.0;1;21;1;21;0;-1
TE558;22.01.2024;3;1.0;38;31;38;31;0;-1
TE558;22.01.2024;4;1.0;3;34;3;34;0;-1
TE558;22.01.2024;5;1.0;0;-1;0;-1;0;-1
TE558;22.01.2024;6;1.0;0;-1;0;-1;0;-1
TE558;22.01.2024;7;1.0;0;-1;0;-1;0;-1
TE558;22.01.2024;8;1.0;0;-1;0;-1;0;-1
TE558;22.01.2024;9;1.0;49;25;48;25;1;28
TE558;22.01.2024;10;1.0;199;23;189;23;10;39
TE558;22.01.2024;12;1.0;159;21;151;22;8;21
TE558;22.01.2024;15;1.0;137;26;132;26;5;30
TE558;22.01.2024;16;1.0;108;22;104;22;4;22
TE558;22.01.2024;17;1.0;108;23;104;24;4;24
TE558;22.01.2024;18;1.0;131;25;127;25;4;30
TE558;22.01.2024;19;1.0;147;26;142;26;5;28
TE558;22.01.2024;20;1.0;93;32;89;31;4;36
TE558;22.01.2024;21;1.0;80;23;80;23;0;-1
TE558;22.01.2024;22;1.0;95;22;93;22;1;29
TE558;22.01.2024;23;1.0;48;24;48;24;0;-1
TE558;23.01.2024;0;1.0;32;27;30;27;2;32
TE558;23.01.2024;1;1.0;25;29;25;29;0;-1
TE558;23.01.2024;2;1.0;15;24;15;24;0;-1
TE558;23.01.2024;3;1.0;13;29;13;29;0;-1
TE558;23.01.2024;5;1.0;60;26;54;27;6;24
TE558;23.01.2024;6;1.0;115;20;108;21;7;19
TE558;23.01.2024;7;1.0;215;18;208;18;7;20
TE558;23.01.2024;8;1.0;263;18;254;19;8;24
TE558;23.01.2024;11;1.0;176;19;165;19;11;23
TE558;23.01.2024;12;1.0;150;24;143;24;7;26
TE558;23.01.2024;13;1.0;143;22;138;23;5;21
TE558;23.01.2024;15;1.0;162;21;155;21;7;23
TE558;23.01.2024;22;1.0;121;23;121;23;0;-1
TE558;24.01.2024;0;1.0;44;25;41;26;3;15
TE558;24.01.2024;1;1.0;30;29;30;29;0;-1
TE558;24.01.2024;3;1.0;13;32;13;32;0;-1
TE558;24.01.2024;4;1.0;26;26;26;26;0;-1
TE558;24.01.2024;5;1.0;60;28;58;28;2;36
TE558;24.01.2024;6;1.0;116;21;111;21;5;25
TE558;24.01.2024;7;1.0;169;20;162;20;7;25
TE558;24.01.2024;8;1.0;281;15;277;15;4;16
TE558;24.01.2024;11;1.0;167;23;158;23;8;26
TE558;24.01.2024;17;1.0;141;19;139;19;3;15
TE558;24.01.2024;19;1.0;143;25;141;25;2;28
TE558;24.01.2024;20;1.0;121;27;120;27;1;34
TE558;24.01.2024;21;1.0;125;24;122;24;2;26
TE558;24.01.2024;22;1.0;97;24;96;24;1;36
TE558;24.01.2024;23;1.0;79;28;78;28;1;33
TE558;25.01.2024;0;1.0;56;24;55;24;1;36
TE558;25.01.2024;1;1.0;32;35;32;35;0;-1
TE558;25.01.2024;2;1.0;19;29;19;29;0;-1
TE558;25.01.2024;3;1.0;19;30;19;30;0;-1
TE558;25.01.2024;4;1.0;22;28;22;28;0;-1
TE558;25.01.2024;5;1.0;55;27;54;26;1;40
TE558;25.01.2024;6;1.0;129;26;121;27;8;25
TE558;25.01.2024;7;1.0;217;19;211;19;7;21
TE558;25.01.2024;9;1.0;232;21;225;21;7;23
TE558;25.01.2024;10;1.0;221;20;211;20;10;22
TE558;25.01.2024;12;1.0;173;27;168;26;5;26
TE558;25.01.2024;13;1.0;140;22;135;22;5;22
TE558;25.01.2024;15;1.0;184;22;179;23;5;20
TE558;25.01.2024;16;1.0;150;22;145;22;5;17
TE558;25.01.2024;17;1.0;147;24;145;24;2;30
TE558;25.01.2024;19;1.0;158;22;155;22;4;22
TE558;25.01.2024;20;1.0;124;25;122;25;2;16
TE558;25.01.2024;22;1.0;118;24;116;24;1;26
TE558;25.01.2024;23;1.0;84;25;84;25;0;-1
TE558;26.01.2024;1;1.0;38;35;38;35;0;-1
TE558;26.01.2024;2;1.0;31;31;31;31;0;-1
TE558;26.01.2024;3;1.0;26;31;26;31;0;-1
TE558;26.01.2024;4;1.0;34;27;34;27;0;-1
TE558;26.01.2024;5;1.0;61;26;59;26;2;30
TE558;26.01.2024;6;1.0;95;27;88;28;7;25
TE558;26.01.2024;9;1.0;217;22;209;23;8;27
TE558;26.01.2024;14;1.0;142;24;137;24;5;28
TE558;26.01.2024;15;1.0;157;22;155;22;2;24
TE558;26.01.2024;18;1.0;190;21;187;21;2;29
TE558;26.01.2024;21;1.0;135;23;132;23;3;27
TE558;26.01.2024;23;1.0;109;22;108;22;1;28
TE558;27.01.2024;1;1.0;75;22;75;22;0;-1
TE558;27.01.2024;2;1.0;47;25;47;25;0;-1
TE558;27.01.2024;3;1.0;49;29;49;29;0;-1
TE558;27.01.2024;5;1.0;34;34;33;34;1;38
TE558;27.01.2024;6;1.0;33;26;31;25;3;27
TE558;27.01.2024;7;1.0;55;23;49;23;5;25
TE558;27.01.2024;8;1.0;95;23;91;23;4;27
TE558;27.01.2024;9;1.0;121;22;117;22;4;27
TE558;27.01.2024;10;1.0;127;20;121;20;5;20
TE558;27.01.2024;11;1.0;133;22;132;22;1;28
TE558;27.01.2024;12;1.0;159;23;155;22;4;32
TE558;27.01.2024;13;1.0;191;19;187;19;4;16
TE558;27.01.2024;14;1.0;170;24;164;23;6;32
TE558;27.01.2024;15;1.0;172;19;165;20;7;16
TE558;27.01.2024;19;1.0;161;24;159;24;2;27
TE558;27.01.2024;20;1.0;141;21;139;21;3;23
TE558;27.01.2024;21;1.0;112;23;110;23;1;28
TE558;27.01.2024;22;1.0;121;21;115;20;7;28
TE558;27.01.2024;23;1.0;127;26;124;26;2;26
TE558;28.01.2024;0;1.0;114;25;110;25;4;23
TE558;28.01.2024;1;1.0;104;28;103;29;1;15
TE558;28.01.2024;2;1.0;69;32;69;32;0;-1
TE558;28.01.2024;3;1.0;65;32;64;32;1;12
TE558;28.01.2024;4;1.0;39;35;39;35;0;-1
TE558;28.01.2024;5;1.0;33;34;32;34;1;44
TE558;28.01.2024;6;1.0;32;30;32;30;0;-1
TE558;28.01.2024;7;1.0;47;27;46;27;1;26
TE558;28.01.2024;8;1.0;70;33;65;33;5;30
TE558;28.01.2024;9;1.0;91;25;89;25;1;44
TE558;28.01.2024;13;1.0;193;20;185;20;8;28
TE558;28.01.2024;17;1.0;172;21;168;22;4;16
TE558;28.01.2024;19;1.0;0;-1;0;-1;0;-1
TE558;28.01.2024;20;1.0;0;-1;0;-1;0;-1
TE558;28.01.2024;21;1.0;5;32;5;32;0;-1
TE558;28.01.2024;22;1.0;0;-1;0;-1;0;-1
TE558;28.01.2024;23;1.0;0;-1;0;-1;0;-1
TE558;29.01.2024;0;1.0;0;-1;0;-1;0;-1
TE558;29.01.2024;1;1.0;0;-1;0;-1;0;-1
TE558;29.01.2024;3;1.0;0;-1;0;-1;0;-1
TE558;29.01.2024;4;1.0;23;24;23;24;0;-1
TE558;29.01.2024;6;1.0;117;21;111;21;7;23
TE558;29.01.2024;7;1.0;213;17;205;17;8;18
TE558;29.01.2024;11;1.0;148;21;132;22;16;21
TE558;29.01.2024;13;1.0;163;22;155;22;8;21
TE558;29.01.2024;16;1.0;131;22;127;22;4;17
TE558;29.01.2024;18;1.0;120;21;113;21;7;18
TE558;29.01.2024;20;1.0;95;26;93;26;2;30
TE558;29.01.2024;22;1.0;80;26;77;26;4;18
TE558;30.01.2024;1;1.0;27;35;27;35;0;-1
TE558;30.01.2024;2;1.0;16;31;16;31;0;-1
TE558;30.01.2024;3;1.0;8;32;8;32;0;-1
TE558;30.01.2024;4;1.0;0;-1;0;-1;0;-1
TE558;30.01.2024;5;1.0;0;-1;0;-1;0;-1
TE558;30.01.2024;6;1.0;0;-1;0;-1;0;-1
TE558;30.01.2024;7;1.0;0;-1;0;-1;0;-1
TE558;30.01.2024;8;1.0;0;-1;0;-1;0;-1
TE558;30.01.2024;9;1.0;0;-1;0;-1;0;-1
TE558;30.01.2024;10;1.0;0;-1;0;-1;0;-1
TE558;30.01.2024;11;1.0;71;29;63;30;8;26
TE558;30.01.2024;12;1.0;155;22;148;22;7;27
TE558;30.01.2024;14;1.0;156;30;150;31;6;27
TE558;30.01.2024;16;1.0;166;26;160;26;6;27
TE558;30.01.2024;17;1.0;156;21;154;21;2;27
TE558;30.01.2024;18;1.0;128;22;124;21;5;24
TE558;30.01.2024;19;1.0;104;26;101;26;2;34
TE558;30.01.2024;20;1.0;71;20;69;20;1;33
TE558;30.01.2024;22;1.0;112;26;108;26;4;27
TE558;30.01.2024;23;1.0;59;27;56;27;2;28
TE558;31.01.2024;0;1.0;43;26;40;26;4;22
TE558;31.01.2024;1;1.0;35;32;35;32;0;-1
TE558;31.01.2024;2;1.0;25;32;25;32;0;-1
TE558;31.01.2024;3;1.0;18;28;18;28;0;-1
TE558;31.01.2024;4;1.0;32;28;32;28;0;-1
TE558;31.01.2024;5;1.0;56;28;52;29;3;33
TE558;31.01.2024;6;1.0;100;26;95;26;5;30
TE558;31.01.2024;7;1.0;166;21;159;21;7;26
TE558;31.01.2024;10;1.0;175;23;168;23;7;29
TE558;31.01.2024;13;1.0;157;23;155;22;2;34
TE558;31.01.2024;14;1.0;139;24;137;24;2;32
TE558;31.01.2024;15;1.0;151;26;144;26;7;22
TE558;31.01.2024;16;1.0;145;23;142;23;4;24
TE558;31.01.2024;17;1.0;155;24;151;24;4;32
TE558;31.01.2024;20;1.0;101;22;101;22;0;-1
TE558;31.01.2024;22;1.0;130;24;126;24;4;24
TE558;31.01.2024;23;1.0;78;27;77;27;1;28
